
Curva de Excitacao - Bobina Girante (Dados Brutos)

Arquivo..............: C:\Arq\Wiggler\Medidas Wiggler - Corretoras\Bobina Tungstenio\Gap27\Translado27_X=1_#022.dat
Data.................: 16/02/2005
Hora.................: 10:05:53
Ganho................: 10
N. de Coletas........: 1
N. de Voltas.........: 10
Intervalo de Análise.: 4 - 8

-18050
-10000
-11700
-13650
-11900
-10000
-9150
-14850
-8650
-14000
-12150
-12300
-8200
-12900
-16550
-11300
-15850
-13600
-14750
-14000
-10650
-8050
-14500
-13400
-6900
-6250
-3300
-8200
2850
-1850
-2950
3100
-1300
7600
4850
7100
1350
10400
1300
50
3100
2050
-900
-6900
-1000
-4700
-350
-7200
-2500
-7500
-9650
-10100
-12100
-4050
-10750
-11250
-16850
-13350
-17450
-15700
-19150
-12800
-13700
-25050
-19450
-16850
-13200
-21000
-10700
-16200
-20200
-16950
-14400
-19200
-16100
-10150
-18050
-18800
-16400
-16350
-19000
-12550
-10750
-18750
-9950
-9900
-13750
-8850
-6050
-10550
-12600
-7200
-15700
-22850
-19150
-18200
-27950
-25150
-26700
-32300
-30800
-36700
-33650
-39450
-33200
-36850
-31150
-35600
-34200
-30950
-29350
-33500
-34450
-20850
-29750
-26700
-27650
-17100
-24750
-21550
-19600
-20150
-15950
-18700
-14950
-15750
-12700
-19850

-10450
-10150
-12750
-12800
-11150
-8650
-17100
-10850
-8650
-9400
-12650
-11700
-10350
-13500
-14750
-13900
-10750
-14550
-10900
-15800
-13650
-6550
-14200
-7400
-8200
-4150
-8950
-5750
-1400
-650
3100
850
3750
3100
6400
0
6750
5950
7600
550
700
3150
-4300
450
-4550
-400
-5900
-6450
-5500
-3450
-5450
-9900
-7800
-10250
-10600
-17450
-11350
-12500
-12700
-18250
-19900
-15150
-16750
-18750
-17250
-14550
-18100
-19850
-16200
-16350
-16950
-11050
-14900
-20950
-15850
-102000
-18500
-15550
-12600
-16050
-21700
-11200
-14500
-14550
-9050
-9600
-10800
-9150
-6400
-15050
-9250
-10050
-11100
-22050
-15700
-22500
-27500
-24900
-29550
-28100
-35200
-30900
-36050
-35600
-40150
-30900
-33550
-34500
-36050
-30600
-27450
-37350
-26600
-23950
-27050
-31600
-21900
-22250
-22900
-21200
-18350
-16800
-20050
-17700
-18300
-12500
-16500
-13550

-10400
-11500
-13650
-13950
-7300
-11100
-11500
-11500
-8700
-12300
-12850
-10350
-13300
-8700
-13750
-13750
-14150
-11850
-11500
-16450
-9050
-9650
-10650
-13900
-4800
-6450
-4500
-5850
700
1250
-1900
2450
-650
10150
4900
3850
4400
5650
5500
1300
2750
2750
-500
-4800
-1450
-3850
-3100
-5150
-5350
-3050
-10650
-7550
-8650
-6650
-11450
-13850
-12550
-15450
-13350
-16600
-16250
-14550
-16050
-20300
-19450
-14100
-16950
-13150
-17550
-17100
-18100
-14200
-16600
-16650
-10050
-17500
-17050
-18200
-12350
-21600
-12750
-12350
-14250
-16200
-8050
-10950
-12800
-2500
-10400
-7350
-14150
-8100
-19200
-18300
-15050
-21050
-23750
-26450
-27150
-34750
-30750
-35700
-30550
-37350
-35900
-32400
-34550
-34150
-37200
-26450
-31100
-33000
-29750
-24800
-28550
-26900
-21600
-22100
-20950
-22950
-18100
-19750
-16600
-17000
-16050
-11650
-15650
-15250

-12150
-9550
-13850
-10650
-9550
-9750
-12000
-11850
-6750
-11250
-8350
-14150
-11200
-12200
-12200
-13700
-12050
-9500
-14800
-15200
-11750
-5650
-13650
-8050
-6700
-3400
-5250
-8600
1550
800
3800
-2300
3050
5650
6200
3800
9000
7500
3600
2800
-750
3600
-2400
450
-1350
-3400
-3250
-8450
-1600
-5400
-5250
-8850
-9900
-8050
-10800
-12050
-14850
-9500
-14850
-16100
-21150
-13600
-15500
-19100
-13050
-17800
-16150
-20350
-12900
-19000
-13450
-14450
-14850
-16000
-15300
-15400
-18800
-9350
-18000
-16000
-17000
-11650
-17700
-12750
-4200
-13250
-9150
-7250
-7150
-14050
-7100
-10600
-13650
-18650
-16000
-20650
-28250
-22600
-30950
-27250
-35550
-31200
-33200
-35400
-35350
-33450
-31600
-36750
-31850
-31900
-28550
-33550
-26900
-26250
-26900
-24450
-27100
-20200
-22450
-19750
-21250
-14850
-17950
-18750
-15700
-12350
-12500
-17000

-7850
-13200
-12650
-13200
-7150
-7400
-13000
-8650
-11200
-8750
-14100
-9450
-10450
-8900
-13900
-14550
-10600
-13250
-10650
-15100
-7800
-11950
-11550
-9900
-7800
-3500
-2300
-3850
-4450
1750
-1050
2600
1700
9450
7650
1050
8400
3350
7300
2200
3900
2350
650
-850
-4650
1350
-3250
-4700
-7200
-1450
-8450
-9150
-8150
-6450
-6850
-16800
-11750
-14350
-10300
-18550
-15400
-12900
-16900
-18450
-17850
-14000
-17950
-12950
-17000
-16200
-16650
-12950
-16300
-14450
-9700
-19200
-14900
-16550
-14050
-18450
-11000
-12700
-15150
-11150
-10500
-10850
-10400
-2200
-12900
-7100
-9450
-10900
-14450
-18050
-13250
-22500
-22750
-28500
-27750
-30700
-30350
-34200
-31500
-33000
-38500
-28900
-37400
-33000
-35750
-25600
-30150
-34000
-25800
-25650
-24300
-27000
-22900
-22150
-19600
-24350
-18500
-16350
-16400
-16500
-16950
-7350
-18700
-13450

-11950
-7850
-15500
-9250
-7900
-11250
-10500
-10700
-3800
-12800
-7550
-12950
-10900
-10500
-12900
-11200
-12350
-8750
-16600
-13000
-10950
-5550
-11000
-9000
-5400
-6850
-1250
-8150
1700
550
4700
200
2550
9700
4500
7500
6900
10000
2200
5500
2300
2950
850
-500
900
-3950
-1750
-8100
-1800
-2600
-5700
-8550
-8450
-5250
-12450
-12600
-13050
-8200
-16200
-15550
-16700
-15200
-16500
-16200
-13800
-19350
-13650
-16700
-15800
-15950
-11100
-13350
-17300
-12200
-15050
-17750
-15350
-10300
-17500
-15900
-13500
-14800
-12400
-11350
-6800
-14350
-6000
-7600
-9250
-8750
-8700
-9400
-14850
-15250
-19450
-18600
-25000
-24750
-28750
-27650
-31400
-34500
-28800
-37250
-34000
-33300
-30450
-37250
-32150
-30400
-28650
-31750
-28000
-22750
-28250
-22550
-27000
-19450
-21500
-19800
-17650
-16900
-16050
-19650
-12750
-15000
-12150
-14450

-8650
-12400
-12300
-9550
-10800
-6800
-11300
-9350
-11300
-8550
-10250
-10350
-8450
-8750
-13000
-16650
-10300
-12450
-10350
-14300
-9200
-7150
-12250
-6750
-7900
-50
-5850
-3750
-600
2950
1400
1050
7550
6650
6000
1800
10300
4850
6600
4150
3600
4800
-3400
1100
-1650
-100
-4850
-2800
-3150
-4450
-6100
-7350
-5900
-9000
-5500
-14400
-11850
-12250
-12300
-15500
-14950
-12600
-16750
-16050
-18050
-15450
-14300
-13150
-17100
-16750
-12050
-16050
-15950
-11900
-11800
-19350
-13450
-13250
-18400
-12300
-12550
-11300
-17800
-8750
-10400
-9900
-8100
-3300
-8700
-9300
-6950
-13500
-11150
-18750
-11750
-23400
-23350
-24200
-28550
-29150
-32850
-28950
-34200
-34350
-36350
-29000
-35050
-31700
-32800
-28800
-26800
-33750
-27300
-27450
-21150
-27000
-23900
-19850
-19050
-22350
-20600
-14000
-19500
-13650
-14800
-12400
-15750
-12050

-9550
-10950
-8050
-11300
-9050
-10200
-8000
-12950
-6650
-6650
-10800
-12500
-10600
-6950
-15300
-10900
-11300
-11100
-13400
-12450
-8050
-10150
-5600
-9350
-5800
-5750
-250
-7400
1550
4300
-100
4550
1350
9100
4450
8900
7650
7050
8500
3100
1650
3150
4250
-3100
-550
-750
-1250
-4700
-3250
-400
-7350
-5650
-10300
-5150
-8850
-12700
-11300
-11000
-12100
-17550
-14400
-13850
-13550
-17200
-15500
-16400
-16150
-15250
-16150
-11950
-14550
-13100
-16400
-12850
-15800
-14900
-10650
-15100
-15550
-16450
-11100
-16650
-11400
-10000
-9050
-11250
-6700
-4050
-11250
-5750
-10450
-7600
-14950
-15650
-17900
-19000
-23650
-26500
-25150
-29250
-29750
-36350
-28050
-37000
-32850
-31200
-33100
-33150
-33200
-28650
-30500
-28650
-29600
-24100
-24200
-25850
-26800
-19150
-17250
-23750
-16900
-15750
-16300
-20350
-12500
-10850
-14350
-11250

