
Curva de Excitacao - Bobina Girante (Dados Brutos)

Arquivo..............: C:\Arq\Wiggler\Medidas Wiggler - Corretoras\Bobina Tungstenio\Gap27\Translado27_X=6_#027.dat
Data.................: 16/02/2005
Hora.................: 10:18:13
Ganho................: 10
N. de Coletas........: 1
N. de Voltas.........: 10
Intervalo de Análise.: 4 - 8

-16650
-13550
-14950
-17100
-16250
-11200
-16500
-12600
-14050
-13650
-14250
-10500
-10500
-12450
-10550
-11550
-9000
-11100
-1100
-11850
-1950
-250
-950
-2100
-2850
4200
3450
6300
5450
8800
3650
2400
-6100
-2700
4350
750
-1300
-1550
500
-5100
-700
2400
-350
3500
-100
2850
2600
-3800
-3300
-7350
-7900
-15800
-13850
-17200
-14700
-23100
-24200
-26950
-30500
-24050
-30650
-19050
-27450
-29050
-33950
-21950
-21850
-20900
-14700
-21000
-16200
-17450
-9350
-21300
2000
-1050
-7900
-14700
-1200
-7300
-18400
-5450
-17200
-19500
-23950
-16250
-32950
-19750
-20750
-24250
-23300
-13300
-8100
-17150
1150
-6950
-6400
-10050
-4800
-13150
-13400
-14100
-21850
-22600
-25800
-20900
-28450
-23650
-31750
-26600
-26150
-34050
-30800
-29650
-22550
-30250
-26550
-23750
-25250
-25200
-23750
-21350
-20800
-17500
-23350
-16500
-18000
-17150

-17550
-15550
-12100
-17350
-13700
-13900
-12550
-16100
-10500
-15200
-10600
-11600
-14700
-8400
-10950
-9200
-13300
-4800
-7150
-8950
-3750
-500
-750
-3050
3000
2700
5850
1000
5050
4750
6250
6800
-3300
5050
-2950
-2050
-3300
-650
1950
-2150
850
550
2850
650
3800
0
3250
-3600
-4050
-3300
-12150
-5600
-17200
-14900
-22900
-19600
-26250
-24650
-20250
-27750
-31000
-31600
-20000
-30950
-21900
-25450
-20250
-25850
-19950
-17750
-15600
-4600
-16500
-13050
-10450
-300
-13850
-1150
-3850
-11100
-12800
-10400
-17200
-23650
-10050
-24900
-29450
-24450
-20600
-23950
-19100
-9150
-14600
-11200
-6050
-3600
-8800
-2000
-10250
-12000
-13100
-16300
-15400
-25000
-22100
-26450
-24700
-26550
-32100
-26900
-26700
-29200
-32900
-26350
-27100
-26300
-28850
-24500
-20650
-24450
-22400
-23650
-17350
-22550
-20450
-18400
-13950
-19600

-16450
-13350
-15450
-14050
-16750
-9900
-15950
-13800
-13750
-12450
-10500
-13850
-10750
-10200
-7650
-13100
-8600
-7200
-4950
-8650
-5050
1350
-3750
3200
-2450
3650
4950
4850
5450
4150
9600
100
-250
1200
4100
-4650
-1600
-3350
-200
2000
-2700
4100
-950
6000
-2450
2300
1850
-550
-1800
-6900
-7800
-14900
-13100
-19400
-11200
-23300
-26050
-27600
-23550
-25850
-29000
-21550
-27050
-28250
-30550
-20950
-23900
-16800
-19250
-19500
-17000
-11900
-11550
-11050
-2350
-8200
-8150
-6300
-5200
-10750
-6850
-9300
-21700
-20500
-17450
-25200
-25200
-17100
-24550
-27250
-17900
-13600
-10950
-10600
-1200
-7800
-8700
-3950
-12400
-8000
-12550
-16700
-19400
-18700
-24750
-24950
-23500
-25850
-30400
-31250
-21150
-32200
-29050
-31050
-23350
-24900
-29600
-24200
-22650
-21000
-27000
-18850
-20200
-19200
-23350
-14500
-15950
-19800

-14500
-13900
-13350
-19550
-12000
-12850
-13600
-14950
-11950
-10600
-12350
-12950
-14550
-6350
-10100
-10700
-9500
-5250
-3750
-9200
-1200
-3900
1150
-500
500
2150
8350
5400
1000
6500
7000
7300
-4100
3950
-250
-1050
-3800
-3050
3750
-2150
150
-2450
5900
3000
2500
800
2500
-2300
-6150
-4250
-6400
-9150
-17950
-15350
-19400
-22800
-23000
-20200
-23750
-29350
-30700
-26200
-27100
-25250
-21000
-25350
-26250
-19600
-18750
-20200
-10600
-9900
-14000
-12500
-2900
-9450
-5100
-4100
-6200
-12450
-7500
-13150
-17250
-12500
-19150
-25100
-27900
-17450
-29200
-22400
-14050
-13850
-15850
-10300
300
-8000
-2450
-6800
-8650
-12950
-10550
-21350
-14800
-19200
-25350
-24550
-24050
-22750
-35000
-24850
-26250
-29500
-32200
-25000
-23500
-28750
-27850
-24650
-19550
-26300
-23600
-21250
-18750
-21900
-19100
-15850
-17850
-16500

-16200
-14250
-17650
-12850
-15200
-11300
-13200
-14050
-10400
-13500
-8200
-14750
-10750
-10600
-7600
-9750
-9800
-5150
-6700
-4500
-6850
900
-1650
2700
-2050
5050
7950
2650
6900
4850
7300
-500
100
3350
3350
-1100
-3550
-200
100
1750
-2100
3450
3200
3100
600
300
4500
-450
500
-6600
-9050
-11300
-13900
-13950
-16350
-19500
-27850
-24250
-25950
-24500
-26550
-25350
-25450
-28100
-23350
-28650
-16250
-19900
-21050
-21000
-12400
-11850
-14100
-4400
-6150
-10050
-9200
800
-10550
-7300
-6650
-10500
-19850
-17100
-16150
-28400
-18350
-22750
-24800
-24900
-15650
-15800
-8250
-5400
-6700
-4100
-7150
-3300
-15050
-4450
-13150
-17500
-18400
-19700
-23550
-24100
-23150
-29850
-28000
-28450
-23650
-32200
-30300
-26900
-25050
-22850
-31150
-22350
-21600
-22250
-25250
-19700
-18500
-18050
-18200
-18400
-14750
-18100

-13600
-17750
-11400
-14250
-15300
-11100
-12150
-12800
-15950
-8600
-11650
-12300
-13700
-6200
-10200
-9750
-7150
-7400
-2450
-7650
-2100
-4000
2600
550
-50
7200
5850
3550
3050
8400
7400
5500
850
550
200
-1550
1450
-4800
5150
-400
-950
750
3450
7400
1150
2100
-250
-1600
-4400
-3600
-6650
-8100
-13850
-19800
-16300
-22600
-19050
-24500
-22200
-29050
-29500
-26000
-24350
-19900
-28350
-23400
-23800
-17100
-24650
-12350
-9050
-13800
-14100
-8900
-3800
-10500
2000
-6700
-8900
-9250
-5250
-14650
-15600
-11400
-20350
-23500
-26450
-20350
-25700
-14000
-18500
-15500
-9050
-10200
-4650
-6450
600
-10650
-9900
-8200
-9750
-17600
-16100
-17750
-26550
-20300
-26800
-23650
-31400
-27500
-27250
-27750
-27350
-29950
-20900
-28050
-26100
-26600
-17850
-25550
-23700
-19050
-18950
-17800
-21150
-14200
-16050
-15250

-17650
-13400
-12550
-15650
-13600
-12800
-9100
-16350
-10500
-10950
-8550
-14650
-11350
-6150
-11150
-7850
-9450
-5200
-7900
-2150
-4250
-100
400
100
600
3000
11400
2300
7150
5250
6650
3200
250
5300
150
2750
-5000
-950
150
4100
500
1350
5350
1500
3900
-200
6000
-3150
-2200
-5400
-6900
-10450
-14550
-10150
-17300
-22400
-26850
-21400
-25600
-22250
-24250
-27000
-26500
-27250
-23300
-25050
-15400
-21400
-18700
-18950
-13050
-12400
-9200
-4000
-12050
-7050
-2950
-4150
-9350
-800
-7600
-16350
-13800
-14800
-19600
-24400
-17350
-23800
-25050
-19100
-18200
-11150
-8750
-6250
-8250
-1750
-5600
-6550
-9150
-5650
-13000
-19300
-10850
-20900
-22450
-24850
-21200
-27550
-29750
-26700
-24100
-28000
-31650
-24300
-24350
-24050
-29300
-20200
-22050
-24350
-22250
-19100
-18200
-20650
-17050
-16650
-14600
-18250

-13300
-13350
-13800
-14150
-14650
-8450
-13950
-12600
-12000
-9150
-11700
-10350
-9050
-10300
-6900
-10800
-6650
-7900
-1000
-5400
-5850
-350
2750
4550
-1450
8750
4550
5000
3950
7500
7900
7250
3500
-1350
4200
-450
550
-5250
4950
1150
-500
5550
2000
6100
550
4200
150
400
-2500
-1800
-3900
-12200
-14900
-17950
-15200
-20950
-18550
-23100
-24900
-25400
-27300
-26500
-24050
-21300
-26850
-25650
-21000
-18450
-18350
-13850
-9900
-15250
-10850
-8200
-8200
-5000
-950
-5350
-7150
-2550
-11200
-11000
-14400
-14600
-23450
-21250
-22150
-23150
-21400
-17500
-15700
-18000
-5700
-10400
-3850
-3400
-1600
-6800
-9950
-4450
-13950
-14550
-17050
-19300
-26200
-20550
-24900
-23850
-29500
-28200
-21750
-30900
-27200
-28600
-20500
-28000
-25400
-23450
-21150
-20950
-23150
-17950
-19650
-15400
-21300
-16200
-16200
-13450

