
Curva de Excitacao - Bobina Girante (Dados Brutos)

Arquivo..............: C:\Arq\Wiggler\Medidas Wiggler - Corretoras\Bobina Tungstenio\Gap27\Translado27_X=11_#032.dat
Data.................: 16/02/2005
Hora.................: 10:27:44
Ganho................: 10
N. de Coletas........: 1
N. de Voltas.........: 10
Intervalo de Análise.: 4 - 8

-15700
-14200
-16550
-14000
-14400
-11150
-17850
-13400
-11800
-8350
-11700
-8100
-7100
-6350
-6950
-8050
-5150
-3050
1150
-4200
2800
1250
-1200
-2600
-8200
-500
-250
-400
-850
2000
900
600
2000
3750
12100
14400
18550
18650
18950
16650
18200
20100
10500
11400
4250
-250
-4300
-20550
-22750
-36700
-37400
-47250
-41850
-40100
-40450
-48600
-52200
-47200
-48200
-39300
-45950
-32600
-47500
-46600
-50100
-36700
-33650
-34650
-34800
-42500
-31550
-35950
-24600
-27700
-2300
-4900
-6350
-1600
15550
20450
15550
29000
19500
29550
21900
24700
3650
8350
-3950
-17650
-16500
-22950
-27450
-40000
-26600
-39600
-39350
-33000
-24400
-24500
-18200
-12650
-20700
-14600
-12450
-5800
-14800
-11250
-17750
-17650
-17650
-24150
-23150
-20300
-14250
-26700
-24550
-19100
-21000
-24850
-23350
-20500
-21550
-19950
-20350
-15550
-20150
-18200

-15950
-17500
-13500
-16700
-14250
-13350
-12150
-14250
-10800
-10700
-8400
-10050
-9550
-2450
-7650
-4900
-5750
-650
-2250
-5750
-50
400
1500
-3000
-250
350
-2500
-6950
-2450
2150
2850
4600
1800
13650
8050
11950
13500
16150
22450
19100
21200
16200
16750
11900
7550
-4450
-11400
-20300
-26000
-25750
-37300
-33500
-49250
-44800
-52150
-43550
-42300
-43050
-40350
-51550
-45200
-45900
-35600
-40750
-35550
-45150
-41100
-44150
-36000
-31450
-28900
-23600
-34000
-21600
-17300
-5550
-4850
10800
11800
13550
19550
27700
26800
23750
28450
11050
9350
7400
-700
-14450
-15950
-22000
-36200
-35250
-29700
-38200
-35100
-26400
-29700
-29150
-18650
-13500
-9100
-14250
-12100
-12300
-14350
-13850
-18000
-12550
-15250
-22100
-24750
-19150
-20750
-22800
-24400
-20150
-19850
-25050
-20950
-21150
-19400
-21050
-20650
-18400
-17150
-17350

-16050
-14600
-15950
-13700
-18000
-10400
-11700
-14100
-10850
-10000
-7100
-14050
-7200
-4450
-4950
-6250
-3100
-1000
-4350
-1300
-1350
3750
-2950
50
-3850
550
1000
-5050
-450
-950
4000
-250
5250
9400
15250
11200
14500
15250
17650
23150
17450
22600
13900
14500
750
-1650
-7450
-14500
-23400
-34600
-38200
-42600
-40250
-42400
-40500
-49550
-49250
-49050
-40700
-40100
-42300
-40350
-44950
-43550
-43800
-36750
-35350
-35350
-40700
-37500
-35550
-27400
-23400
-14750
-13200
-14000
-6100
6250
12800
20200
27950
22850
24250
26200
24950
12100
15650
8350
-7550
-14800
-13400
-22600
-30300
-32150
-33450
-37400
-38450
-28500
-31600
-18950
-17050
-18650
-14350
-13550
-9400
-11850
-6750
-17800
-17600
-19100
-11450
-24050
-20250
-18450
-19550
-23100
-28300
-15750
-21300
-20550
-25250
-18750
-20000
-19550
-19400
-15650
-14750
-20300

-14300
-16150
-13850
-17650
-12200
-10450
-13900
-13000
-11200
-6750
-11800
-7400
-7400
-3250
-8500
-5850
-2600
-1600
2400
-5000
1500
-1950
2450
-1000
-2100
2450
1350
-3400
-6100
4500
1250
5300
1650
11800
13450
12700
16200
16500
23700
18150
19550
16150
18800
14650
6350
-2600
-9850
-19700
-25200
-26700
-31900
-39850
-45700
-45300
-46100
-47150
-41050
-42600
-45350
-47200
-45650
-39900
-40800
-35100
-42900
-42250
-42600
-37300
-37450
-30700
-28700
-32900
-27300
-24300
-9050
-10550
6950
2550
8350
14200
23650
25150
26450
35500
18100
17400
9550
11000
-10250
-7850
-15950
-25500
-30950
-33050
-31100
-38050
-29050
-33800
-28150
-25400
-17150
-18000
-9100
-8750
-17350
-9000
-12250
-10500
-21750
-11950
-14750
-23800
-24050
-17450
-17900
-24550
-21400
-22000
-18200
-25800
-18400
-20650
-19800
-19500
-19650
-16450
-20600
-15750

-16750
-12050
-17000
-14900
-12850
-11500
-11900
-14750
-7850
-11700
-7000
-10550
-6450
-5800
-4650
-2550
-6000
-800
-600
-1050
-2300
4200
1750
-950
-3150
-500
3450
-5550
1200
-400
4000
3200
2500
11500
13500
14550
11700
17750
20650
21650
19100
21950
17900
8250
6200
-1550
-3450
-19800
-23450
-32900
-38150
-38350
-41850
-37900
-47150
-46800
-50600
-43350
-42750
-40000
-41000
-43250
-42700
-44500
-37750
-38950
-29850
-40150
-38700
-38800
-31300
-27150
-22550
-14450
-18700
-9750
-4600
9250
10200
25000
22850
22100
28700
27550
24650
13150
18450
2000
-2700
-11950
-12800
-24400
-27350
-32900
-37100
-35300
-36300
-28750
-29950
-16500
-19150
-18000
-9900
-11550
-12050
-11500
-7900
-17350
-18150
-16450
-11500
-23100
-19450
-16400
-23500
-22200
-24800
-18450
-21650
-21300
-20400
-22000
-18100
-19850
-17450
-18850
-15850
-19850

-15050
-15550
-13500
-15150
-14450
-8050
-13400
-12000
-11550
-6750
-8950
-9850
-7750
-3500
-4550
-6500
-2000
-600
1250
-5200
300
3150
1000
900
-3700
4800
-2250
-4800
-1600
2200
3250
4050
5000
9100
15150
11050
17650
14000
23750
20400
19000
21100
16800
17250
3000
-1100
-13900
-15250
-22600
-26400
-35600
-38700
-43100
-49800
-41450
-44600
-41200
-47150
-43000
-46200
-44500
-38400
-36900
-37650
-45700
-38800
-41350
-36350
-37200
-26800
-31100
-31650
-26550
-18550
-14050
-7200
3250
1100
10900
18800
25200
23800
30850
29900
18550
17950
13100
6600
-5150
-7950
-17650
-25650
-26150
-36800
-31000
-34650
-32100
-35300
-27600
-20050
-19600
-14200
-9850
-11450
-15700
-8950
-11850
-13650
-16300
-14300
-15600
-23350
-17200
-20550
-18250
-22600
-22200
-21050
-19750
-21200
-21850
-18300
-19650
-18300
-21900
-15000
-16800
-17750

-16300
-13150
-12800
-17450
-11800
-11000
-9950
-16150
-8800
-8150
-7850
-9000
-7950
-1250
-7700
-2500
-4900
-850
-600
-850
1500
1700
2050
-2550
600
-750
3300
-4450
-350
2450
3350
6250
1700
12500
11650
14550
13750
17650
22750
22700
21150
17750
18400
12450
8100
-3000
-5150
-17750
-26000
-31350
-34850
-35600
-42050
-40600
-46400
-46150
-48400
-43050
-38050
-41750
-43000
-43750
-40000
-41800
-39200
-34500
-35150
-41400
-39000
-34200
-32900
-26000
-19800
-17800
-18000
-9000
1850
4250
15600
20650
22500
23100
31000
27400
21750
20750
13300
5250
-5800
-7650
-20500
-19600
-28050
-34400
-36100
-33750
-32450
-32200
-24000
-20450
-19000
-19350
-7650
-14650
-9250
-8450
-10850
-15800
-17550
-11850
-15550
-18950
-22200
-17050
-19950
-21150
-25200
-17850
-17350
-22800
-20850
-20700
-15450
-21250
-18050
-16450
-15550
-18500

-15100
-12550
-16400
-12700
-14700
-8750
-13750
-11500
-9200
-7500
-7100
-9700
-5600
-6150
-3850
-4800
-850
-1300
1500
-1000
-800
4050
750
2550
-4950
2550
-150
-950
-950
1650
7150
2400
5650
9000
17000
11250
15950
17750
22150
21000
18250
23000
16600
15200
4700
-2750
-8500
-16850
-20200
-29000
-33650
-43100
-42600
-44050
-41700
-43500
-43450
-44050
-45900
-42800
-43300
-37850
-38350
-38900
-43700
-42200
-35300
-37300
-31600
-34100
-31150
-30400
-25000
-20250
-12000
-3000
-2750
4200
10350
24600
19900
30600
30300
27050
19400
20200
15950
4650
800
-12600
-15100
-25100
-26200
-36900
-30100
-31600
-36250
-31550
-28400
-17350
-22250
-12050
-10100
-11800
-16500
-7350
-10450
-11150
-14000
-17800
-11000
-24350
-18000
-20100
-18900
-22300
-22200
-18850
-21750
-20150
-21750
-17850
-20500
-16700
-20900
-15100
-15600
-17100

