
Curva de Excitacao - Bobina Girante (Dados Brutos)

Arquivo..............: C:\Arq\Wiggler\Medidas Wiggler - Corretoras\Bobina Tungstenio\Gap27\Translado27_X=18_#039.dat
Data.................: 16/02/2005
Hora.................: 10:43:13
Ganho................: 10
N. de Coletas........: 1
N. de Voltas.........: 10
Intervalo de Análise.: 4 - 8

-13100
-11250
-10150
-7300
-13250
-3350
-8950
-4600
-7200
-4400
-4650
-5900
-2100
300
4400
-1750
3900
1100
7750
4050
11750
17500
16100
21550
20050
35250
38650
46550
54100
63450
66700
67850
60150
55150
37500
10200
-9350
-39700
-53150
-66150
-82850
-99500
-105350
-108100
-109600
-106450
-91700
-86500
-75250
-66900
-56900
-48250
-38600
-26750
-25050
-12600
-12750
-7350
-7900
-2750
-7550
-6350
-13150
-13450
-22350
-29800
-26150
-41200
-44850
-61750
-58850
-70600
-74150
-83250
-89800
-100900
-97100
-94150
-96700
-78150
-76650
-64150
-66150
-33450
-17050
5350
34450
56350
75150
80850
111350
105650
116800
102550
104750
77450
67650
44000
19800
17550
-3700
-9550
-23850
-14900
-33150
-26150
-29150
-23900
-31850
-26900
-18050
-27300
-18050
-21900
-15150
-23150
-18000
-16900
-13650
-13050
-16650
-16250
-17100
-11100
-18950
-9600
-10750
-12450

-12950
-10500
-8350
-12450
-7250
-8850
-6250
-9450
-1750
-4050
-2900
-2950
-3750
1050
-3050
1900
1900
7000
6950
8050
9600
12550
17100
20250
26350
32150
41900
44350
53650
64700
68300
71450
57500
51200
33000
13650
-4550
-32400
-49500
-76400
-90400
-101350
-101150
-103050
-106700
-101750
-98200
-87950
-80700
-61200
-59350
-41350
-39450
-28300
-24450
-15250
-8100
-12250
-1000
-9950
-5050
-12600
-4600
-16400
-17650
-27050
-32350
-39850
-50850
-49950
-65950
-65650
-81900
-81700
-94000
-90150
-89600
-97450
-98100
-90250
-74800
-69650
-45150
-32000
-15400
-1400
31450
52750
72550
93350
104450
112200
108800
114050
92100
86250
62550
45100
21500
14800
200
-18050
-13250
-20700
-28300
-30700
-23250
-27250
-29900
-24550
-21350
-25100
-21700
-16750
-18850
-17100
-17750
-16300
-15500
-16750
-14850
-16150
-11850
-14550
-15050
-11900
-13350
-11450

-11750
-8750
-9800
-9450
-11250
-5450
-6450
-7150
-2750
-6500
-850
-5200
-250
-150
450
2350
850
5100
5100
11000
10650
17450
15450
20650
22900
32900
44500
45200
57650
59300
70500
65250
62400
53950
37300
15050
-13750
-33350
-51550
-64550
-90400
-96700
-110200
-106250
-106450
-98950
-92200
-90400
-73250
-70750
-56150
-47900
-30400
-29350
-20950
-15900
-9950
-11000
-4650
-1500
-7150
-7250
-11700
-13550
-22400
-22450
-28900
-39250
-48650
-54750
-64250
-70050
-74550
-81350
-92300
-95050
-92400
-96150
-89550
-85250
-83300
-74400
-50900
-32450
-12350
10850
33850
48700
68500
91450
102400
118100
115250
109450
90850
89900
63250
41150
24500
18300
-5000
-16850
-11600
-24050
-26300
-28750
-23050
-30550
-25400
-25850
-21450
-23750
-19850
-19900
-20150
-14150
-19850
-14200
-16350
-13200
-17750
-15850
-13250
-12400
-12700
-13650
-8700
-15800

-9100
-13900
-5400
-9550
-8650
-6800
-7300
-4200
-8500
-1500
-2450
-1450
-5200
2250
50
950
3400
4550
10000
3800
12800
13850
20550
19800
24350
33950
40150
46200
54100
66700
69850
70750
54800
52550
37000
17900
-4950
-34700
-51450
-75350
-87250
-96800
-101650
-104200
-106300
-104500
-95050
-85850
-72250
-68600
-55800
-44900
-36800
-29900
-19150
-11750
-10850
-12000
-3300
-3700
-10150
-2750
-9500
-11350
-26250
-24500
-30700
-37650
-43700
-52100
-63950
-72700
-74650
-88100
-85850
-91750
-89100
-101050
-93700
-89500
-78000
-61450
-51500
-33600
-20900
11400
27600
56400
75100
91450
100100
113250
120350
103500
102050
81800
67500
36500
33250
11350
-2000
-10650
-14800
-21600
-31650
-21600
-31050
-23850
-29350
-21150
-25350
-22050
-18500
-21700
-14350
-16950
-15000
-20650
-10850
-17400
-15050
-14800
-12350
-11700
-15400
-9400
-13000
-10900

-13400
-8550
-9350
-8650
-7000
-5450
-4400
-8350
-3350
-6350
-1050
-2000
-650
4150
-900
1750
1900
7700
5050
9250
11200
16750
17600
20900
27250
32650
42950
44200
56350
63300
71550
72150
60150
53500
31950
15350
-9900
-29250
-47800
-67750
-88600
-100800
-105000
-106000
-100500
-103700
-93100
-87450
-74400
-67350
-56300
-41150
-38850
-26500
-23450
-12450
-12450
-4300
-4750
-4950
-4950
-8600
-8200
-15700
-15050
-27150
-30050
-42250
-43950
-53000
-60200
-65700
-78650
-85550
-94400
-90000
-94350
-89250
-89600
-88200
-83500
-70650
-50650
-31650
-8350
5750
29650
50500
78000
88700
106000
115150
114250
107850
99050
87350
60050
47300
26700
12800
-3200
-11350
-13000
-22600
-26300
-28950
-27050
-25650
-27450
-26250
-19450
-21000
-22650
-19600
-17200
-12600
-19900
-14200
-14450
-16200
-15000
-14000
-11350
-12150
-13350
-12250
-10550
-14400

-9950
-8300
-8450
-7700
-10000
-4400
-7950
-4400
-4150
-4700
-1450
-4050
600
-1150
4350
1300
4300
2850
9250
8400
12250
18950
16350
23700
21550
35650
39800
48100
58500
64650
68400
66100
61450
52300
43750
16200
-10000
-37950
-50300
-68400
-84950
-93500
-107100
-103550
-109950
-99900
-93550
-82650
-75450
-67800
-55850
-47100
-35350
-24950
-17850
-17200
-8400
-8700
-5350
-2800
-2400
-5850
-10950
-14500
-20400
-25150
-28850
-34100
-44700
-57100
-64550
-69800
-75400
-79750
-83550
-94500
-98850
-97900
-90650
-83450
-75150
-62900
-56000
-34400
-15000
10150
34150
55950
73600
84100
107000
115800
116050
107050
99650
84200
61750
47300
25600
16900
-2350
-10000
-19900
-18900
-24450
-26200
-27800
-25250
-25850
-28300
-17800
-25600
-17500
-18800
-14950
-20250
-17950
-11750
-15500
-12650
-16450
-12250
-17050
-9850
-14200
-11400
-10100
-10550

-8450
-14000
-6800
-9050
-6100
-6700
-4800
-7550
-4450
-1100
-2350
0
-2950
3800
-1550
3150
2500
8400
9800
5600
13200
13550
20000
20200
28350
34700
43600
43150
54950
65700
70650
75800
59200
51900
31550
16500
-3500
-28800
-48950
-72400
-89550
-99150
-101100
-101700
-104400
-103150
-93700
-87200
-75600
-60200
-54800
-45250
-36950
-28350
-22500
-12500
-6200
-8550
-3200
-5400
-6000
-8750
-6800
-9300
-20300
-23500
-32350
-37350
-48350
-47900
-58550
-68400
-80700
-84600
-86200
-93850
-88050
-96250
-88600
-92650
-76300
-67600
-47500
-29800
-13650
4500
24950
61950
75050
95250
99950
117000
111150
110900
100250
85250
67050
39750
28850
10900
4450
-15750
-14250
-19350
-24900
-26750
-29500
-21950
-29850
-21800
-22200
-22850
-21600
-16150
-16300
-16350
-14950
-18150
-12250
-17850
-10150
-16500
-10550
-11850
-14650
-11650
-11250
-9300

-11700
-7650
-8700
-7250
-11750
-2800
-4500
-5700
-2050
-3950
-250
-5600
-800
1700
3150
2650
3700
7600
6200
8950
11300
19250
15200
21000
25250
34800
45400
45750
60500
60500
68550
67000
63900
56200
39650
16750
-12550
-33950
-51850
-61400
-87050
-96400
-108300
-105800
-102200
-102850
-89900
-87450
-74100
-69500
-53200
-45000
-32750
-26450
-21900
-13800
-13650
-5300
-4000
550
-7000
-6050
-9550
-14850
-18200
-22900
-25300
-41300
-46350
-56050
-60750
-68500
-71000
-81600
-91800
-95000
-95700
-94000
-89550
-78150
-79150
-71950
-55400
-31900
-9550
10900
33500
48800
74050
90150
109200
113850
117000
107450
96150
87400
65800
46200
25000
16800
-4850
-10650
-14300
-19800
-26500
-25450
-24250
-27850
-25200
-25450
-19150
-22200
-20200
-18800
-17350
-15100
-17950
-12350
-16150
-13000
-15500
-15050
-12800
-12350
-10550
-12700
-8850
-13400

