
Curva de Excitacao - Bobina Girante (Dados Brutos)

Arquivo..............: C:\Arq\Wiggler\Medidas Wiggler - Corretoras\Bobina Tungstenio\Gap27\Translado27_X=-3_#018.dat
Data.................: 16/02/2005
Hora.................: 09:58:12
Ganho................: 10
N. de Coletas........: 1
N. de Voltas.........: 10
Intervalo de Análise.: 4 - 8

-4700
-9300
-5200
-8350
-5350
-7750
-6850
-5200
-3900
-4600
-6650
-1950
-7450
-2500
-10150
-3650
-9300
-10000
-13450
-15650
-12650
-18300
-15500
-18000
-12700
-16850
-11800
-16950
-7200
-4400
-10400
-5000
-4000
800
-5950
-350
2650
2650
4250
-1700
4800
2700
2250
0
5950
2850
-3000
-4450
-2450
1750
-8800
-3350
-5300
-5000
-12600
-11000
-6050
-10000
-7500
-14300
-10800
-15350
-12050
-14350
-13300
-13200
-13400
-15600
-17700
-10800
-17000
-9700
-15600
-11850
-17100
-13500
-10900
-13900
-11100
-13150
-11100
-14000
-11400
-15150
-10300
-14500
-15850
-14500
-21550
-19450
-27900
-23100
-29200
-32350
-30200
-32200
-37350
-36050
-32750
-38550
-35400
-37200
-33450
-40600
-37850
-30700
-33650
-28550
-32250
-22750
-29850
-27350
-25300
-20500
-22050
-24550
-19850
-21600
-17300
-23850
-9950
-16100
-15100
-16850
-11500
-11450
-11950
-6400

-9800
-5850
-11800
-3800
-9050
-3650
-6000
-6250
-3250
-7350
-3550
-8700
1150
-5800
-6300
-10650
-5250
-9750
-13850
-13100
-13750
-13250
-22200
-15450
-16800
-11850
-14550
-13550
-6550
-7800
-7850
-7500
-950
-2150
500
-1300
2150
2550
600
6650
1400
7350
-1250
550
1350
2700
850
-4000
3150
-4550
-5750
-7800
-4300
-5850
-6500
-8450
-9400
-8550
-14200
-8450
-14900
-6800
-13600
-13750
-14100
-14350
-10850
-15900
-12100
-14350
-13700
-17950
-9900
-14450
-12700
-13200
-10950
-11450
-14700
-9750
-13550
-9800
-12600
-11700
-11900
-16500
-15000
-17250
-16500
-24150
-21550
-24900
-27300
-35700
-29300
-29700
-38600
-30550
-37750
-35200
-39500
-33450
-36550
-36750
-32600
-33350
-32300
-34200
-25800
-30650
-20200
-28050
-24800
-23650
-22100
-22400
-22750
-13600
-22450
-16500
-19200
-13100
-18000
-12050
-8300
-11700
-9850
-12300

-4150
-10150
-5200
-9250
-3400
-5800
-7100
-6450
-3450
-950
-7750
-2050
-5900
-2250
-10500
-4000
-5250
-11150
-10450
-16250
-12900
-17350
-15900
-16850
-14500
-13150
-15650
-12200
-8150
-4450
-11300
-1250
-4500
-700
-2250
-1450
4450
50
6850
-1400
5700
2900
2750
1250
3300
4650
-3100
-3800
-2650
3550
-6900
-3800
-5900
-4650
-9000
-12800
-6650
-8000
-7900
-15050
-12200
-12600
-11250
-13750
-12000
-11200
-15600
-13700
-14500
-12900
-16550
-10100
-13000
-16600
-11950
-13250
-10500
-14800
-9000
-12400
-11650
-12700
-11550
-12050
-11450
-13200
-18350
-11350
-21200
-21100
-25450
-22000
-27050
-34350
-24300
-34550
-35400
-37150
-31600
-38500
-34900
-34500
-34800
-37050
-37750
-28900
-35500
-26100
-33350
-25300
-27750
-26600
-24300
-18250
-19050
-27250
-19300
-19300
-16850
-22850
-9600
-13900
-16550
-14000
-11450
-9300
-13100
-5200

-7000
-7800
-11800
-3550
-6200
-4350
-5800
-6300
-500
-6850
-3850
-6750
-1050
-3400
-6550
-5600
-7700
-8750
-11850
-11900
-16600
-12550
-17450
-16650
-15250
-11400
-10650
-17250
-5050
-7800
-7300
-5400
-1300
1000
-2000
1300
200
5000
750
3800
3150
8150
2600
-400
3950
2900
2600
-5700
2650
-2250
-6550
-5550
-4650
-2700
-7250
-8350
-9400
-7600
-12000
-10000
-11500
-9500
-11200
-15000
-11450
-14500
-12100
-14000
-10800
-13900
-15100
-11750
-13600
-13400
-13300
-10200
-13650
-11100
-12350
-10250
-11550
-10350
-8700
-14800
-8400
-15850
-14700
-16700
-17400
-21900
-22200
-21250
-28450
-32400
-31400
-30000
-39100
-30300
-36350
-34450
-35750
-35850
-33800
-37950
-31450
-33550
-29350
-35000
-26750
-26250
-21300
-28850
-24300
-18350
-24250
-21150
-21200
-12850
-23050
-17750
-15100
-13650
-14600
-11350
-8000
-12800
-9800
-9950

-4950
-8750
-6000
-3950
-5700
-4200
-8400
-3900
-2600
-2000
-5600
-3950
-4200
-3700
-5500
-7700
-2950
-10300
-10600
-16000
-11750
-13400
-17900
-13650
-16050
-11150
-15750
-11500
-7200
-4250
-7800
-3250
-1000
-3750
150
-2150
7300
550
4000
2150
4500
5650
-200
6850
3050
3650
-4400
550
250
-150
-4050
-5850
-2650
-6400
-6150
-11250
-5700
-7300
-8500
-10700
-12200
-8850
-13150
-10500
-13050
-11600
-13950
-14300
-13050
-12550
-12200
-13600
-11100
-14600
-12250
-14800
-8800
-10650
-12900
-10400
-10450
-7850
-14300
-9250
-11600
-13250
-16950
-11650
-19550
-21800
-19900
-25400
-25200
-34850
-22750
-34700
-35750
-35100
-32850
-34700
-35500
-34600
-35600
-32600
-36350
-29950
-31150
-29350
-31450
-25400
-21850
-29400
-22250
-19400
-20650
-25400
-17650
-17500
-16550
-18100
-13650
-12200
-16550
-11300
-11400
-7800
-9250
-9100

-5950
-5600
-7050
-8800
-1600
-4250
-4750
-7000
850
-3150
-5700
-2400
-800
-2250
-9950
-3650
-7100
-7000
-13150
-11150
-11350
-13550
-16750
-17100
-10150
-14450
-11200
-13900
-5100
-6400
-8200
-1400
-3950
3100
-2200
1800
500
5000
5100
2900
7350
5000
2150
700
6900
450
1000
1250
1350
-900
-6650
-2550
-6350
-2350
-6100
-9950
-7700
-6600
-9050
-14100
-7600
-8900
-11600
-16600
-10050
-12500
-12850
-11600
-12600
-10900
-15400
-10750
-14100
-11200
-14000
-10150
-10600
-11400
-11550
-13050
-7450
-10850
-9300
-11550
-8050
-16350
-15400
-11050
-20350
-20200
-21600
-19000
-31400
-31000
-27750
-30650
-34500
-31800
-34800
-38150
-31500
-37050
-32250
-35250
-30500
-33900
-30450
-29350
-31150
-23200
-23250
-25400
-27400
-17500
-21250
-22500
-18550
-14050
-17200
-20550
-13450
-15000
-14300
-13150
-6750
-9350
-10350
-7650

-6350
-4750
-8700
-4350
-6250
-2900
-8050
-3350
-700
-2650
-3750
-4250
400
-7400
-4900
-5900
-4450
-7550
-10150
-12550
-15400
-10150
-16900
-13400
-15950
-9650
-13450
-14450
-4450
-5800
-3350
-6600
-850
-1400
1100
-750
5600
5400
4350
3400
2250
10000
500
4700
5400
4000
-750
-3500
4050
-850
-2800
-5600
-2850
-6350
-5150
-8100
-7500
-4750
-10350
-8750
-14250
-6750
-12900
-11250
-11450
-11900
-12850
-13350
-9600
-14550
-11000
-11800
-11350
-14650
-9850
-12500
-13650
-7450
-12050
-7300
-12600
-6800
-13150
-9800
-8400
-14100
-11450
-14900
-17150
-24200
-19800
-23850
-24950
-31350
-26800
-33700
-36300
-29650
-35400
-34150
-36050
-31800
-35050
-35200
-34400
-30050
-27050
-30500
-29450
-28150
-21200
-28300
-20650
-19050
-19700
-22600
-20700
-13500
-20400
-15000
-15400
-10000
-17100
-11500
-9300
-8700
-8550
-9250

-1600
-8300
-5700
-7900
-2750
-4050
-2950
-3150
-3000
-2250
-6700
150
-2950
-850
-6600
-5250
-7050
-9400
-8000
-13650
-9200
-14350
-15100
-18750
-10750
-10450
-12450
-11950
-6800
-3400
-10150
-2100
-3250
3750
1150
-250
4200
4650
6350
0
8550
5150
3700
1000
4900
3850
1200
600
-2400
2050
-7100
-2600
-4950
-3100
-4400
-9750
-6300
-8850
-6750
-11100
-9400
-10650
-10900
-12600
-13050
-9500
-13850
-10000
-15000
-10950
-14000
-10550
-12900
-10350
-10500
-14150
-7900
-12250
-10050
-14650
-5850
-9150
-11450
-10450
-8600
-13600
-16950
-10950
-19300
-18300
-23600
-21000
-28450
-29450
-24600
-33650
-30600
-34850
-32400
-38950
-31750
-34950
-30800
-34650
-36350
-28950
-31900
-26850
-32150
-21400
-25100
-27500
-23650
-19550
-20050
-22600
-15150
-18550
-16950
-19250
-12700
-14750
-12300
-10350
-10350
-8450
-11450
-6100

