
Curva de Excitacao - Bobina Girante (Dados Brutos)

Arquivo..............: C:\Arq\Wiggler\Medidas Wiggler - Corretoras\Bobina Tungstenio\Gap27\Translado27_X=20_#041.dat
Data.................: 16/02/2005
Hora.................: 10:46:18
Ganho................: 10
N. de Coletas........: 1
N. de Voltas.........: 10
Intervalo de Análise.: 4 - 8

-5950
-12450
-5700
-6950
-3000
-9450
-11000
-10000
550
3600
350
-550
550
9050
-1900
4850
4100
19350
18700
19750
24400
31100
40850
37400
46550
48650
73700
71500
76450
61950
50750
30950
-6250
-20350
-43050
-49400
-85450
-103550
-129550
-134450
-134250
-127650
-137450
-121700
-99250
-97200
-70750
-72500
-52600
-46650
-22200
-25550
-7500
10350
20550
16800
13850
21100
14800
24150
17600
20500
12050
11100
-10100
-6050
-13350
-23700
-32300
-40450
-102000
-76100
-86550
-101000
-91500
-93450
-107750
-137200
-127400
-133900
-129300
-126500
-116950
-99900
-87500
-63400
-53100
-10700
12350
32750
44550
88950
110750
123350
132800
125850
118700
103650
105400
68800
62850
36150
24200
100
2550
-8300
-18000
-12050
-20950
-21550
-26100
-18650
-28350
-16350
-17350
-15950
-23200
-16550
-12100
-23200
-11400
-17850
-10650
-16500
-9550
-13700
-9850
-10450

-10400
-9450
-13300
-4200
-10050
-600
-7550
-1650
-5350
-2040
-500
1000
5400
3900
7050
3950
9700
9950
19400
18800
25900
32550
34050
44650
47350
64350
66350
67300
62650
57650
52650
40750
10050
-15650
-47150
-74300
-87750
-105300
-114200
-125450
-134100
-140800
-130050
-115350
-106550
-99050
-76850
-70300
-51550
-37000
-20300
-18300
-9400
8000
4500
17600
21200
26500
18800
26300
14700
17250
9300
11850
1000
-9500
-10450
-33550
-31950
-49500
-48700
-63550
-74800
-98500
-103200
-112700
-117100
-112800
-122250
-125950
-140100
-123250
-124250
-97100
-80250
-67300
-50900
-21700
13600
30300
71050
84300
105500
105300
135500
129150
127400
115700
89350
77250
53850
43800
13600
16600
-3900
-9600
-19350
-14500
-21550
-23150
-13600
-26200
-21550
-24450
-13850
-23800
-15700
-14100
-14500
-16900
-15750
-15750
-15350
-7100
-15500
-11050
-11850
-9050

-9700
-8250
-6050
-8550
-8300
-7950
-3450
-3650
950
-1300
150
-750
-1300
6000
7000
10050
9100
14550
16500
15700
24500
31900
39750
43250
49150
58550
66500
69800
68700
65150
47000
28150
1800
-11150
-33600
-63350
-88350
-118100
-120300
-129200
-124650
-134650
-126700
-117700
-113100
-95550
-81450
-62350
-56200
-33050
-30650
-12300
-5750
9500
6950
16350
22600
14750
27500
19950
24250
13100
18200
2500
100
-7650
-12950
-22150
-35250
-43500
-63100
-63500
-82700
-79300
-95750
-109500
-120500
-128400
-129800
-128100
-116700
-122650
-118950
-108500
-87350
-72150
-38450
-9150
4950
26800
60050
90600
106800
126650
124300
126450
120750
115900
90950
80650
62200
32600
20200
12800
-650
-12700
-10400
-15800
-25300
-24400
-17750
-24650
-20150
-17200
-18200
-20350
-18100
-17950
-15350
-12650
-12950
-18500
-12900
-9700
-15100
-10450
-8900
-8050

-13300
-9200
-6500
-9200
-7100
-1000
-3350
-7300
-650
-3650
4250
-1000
4400
4050
3750
7450
8850
18100
16650
22800
20750
30750
33450
46450
51000
62200
68050
62100
69000
58550
58000
35600
7800
-21350
-45700
-62150
-85600
-106400
-120450
-125500
-142800
-131950
-127300
-110400
-109600
-96100
-81550
-71250
-47250
-39550
-25450
-14600
1900
-2700
10800
18300
21200
18800
26250
23150
15250
17550
14150
8850
400
-4650
-17950
-25400
-37150
-41800
-53100
-66700
-81450
-87900
-101150
-108550
-110700
-120950
-130950
-135550
-128300
-126500
-108350
-93500
-85800
-79650
-49250
-17050
10950
43450
64400
85100
97800
123450
122850
138200
124850
112400
88000
80700
59100
30450
29050
11050
-1100
-14550
-8800
-21150
-19350
-21200
-19450
-24200
-20650
-17950
-23050
-13250
-19050
-14300
-18100
-13700
-16000
-15150
-9150
-11650
-13300
-15050
-6600
-14050

-4950
-10050
-2900
-9300
-8300
-3350
-5600
-150
-4850
1300
-2450
1350
1150
7800
5750
8550
13000
10350
18750
17100
27850
31300
39700
42450
46600
60700
70700
71100
68000
61800
45800
31850
8050
-7950
-38600
-66200
-93700
-115700
-115300
-120600
-133100
-134350
-129650
-118050
-108950
-93450
-78300
-69300
-47800
-41500
-24850
-13900
1050
1150
12500
17150
20250
18650
25000
24950
18300
22300
7250
10700
-3750
-2750
-12800
-22300
-35300
-47800
-58900
-66300
-70550
-88200
-96200
-116700
-113850
-129600
-122100
-122000
-125950
-125800
-121700
-101650
-91750
-56850
-41950
-18150
-1200
37600
62150
90950
115300
115250
124900
125550
131850
104300
102100
78000
56150
34050
27600
10900
-7500
-2200
-16150
-17950
-24150
-16100
-22800
-21500
-16500
-21650
-18950
-19500
-16650
-19300
-9650
-16200
-14600
-15250
-12100
-12250
-13400
-8150
-12100
-10500

-9950
-8350
-7800
-4850
-4700
-6400
-3800
-4450
-1550
-1800
4600
850
-100
5750
5400
9700
10100
16450
16700
19300
22650
31850
39500
44100
53700
58400
68100
64550
71000
67250
53900
35250
1900
-17450
-42650
-57300
-87000
-108850
-122250
-132650
-133250
-129800
-122350
-121150
-104300
-98750
-84050
-67400
-43600
-39900
-26900
-9950
-6400
4900
7900
21500
18550
24550
21900
21950
21450
16600
15600
8500
2400
-10750
-12800
-26550
-31250
-41350
-53550
-68500
-81250
-88300
-99650
-100200
-114100
-124400
-131800
-129050
-128850
-119500
-105750
-102200
-95050
-73750
-45850
-14850
21650
38350
56750
81400
109150
119650
128250
137600
121700
107850
96500
80900
54700
40000
27600
5400
-3250
-5250
-13950
-17750
-17850
-20600
-23000
-20600
-21800
-19050
-17500
-14100
-20250
-18750
-12250
-15450
-14150
-13150
-10000
-13600
-13150
-12200
-8800
-9150

-7850
-6450
-8400
-5850
-9500
-1650
-3000
-1750
-3300
-1700
2900
-650
5250
5650
10100
5050
11250
12950
20650
19750
26450
34400
32900
44500
48750
65500
69200
72550
67900
56400
49500
36450
15550
-14350
-38650
-71550
-91150
-109300
-112300
-123750
-133100
-132800
-134850
-112600
-106550
-92850
-83050
-62750
-52000
-42500
-21400
-10800
-4000
5500
12150
13100
21550
22700
27100
22950
22500
14650
11700
9000
950
-3650
-10650
-25600
-36500
-47000
-55000
-62100
-72600
-88800
-102300
-109750
-116200
-119900
-121150
-125600
-131800
-126350
-119700
-99250
-78550
-61500
-46350
-24450
9850
32200
69000
94450
109300
113000
125700
134050
121950
116150
95650
80000
53100
43300
21850
10000
1000
-6200
-16300
-17650
-17150
-25150
-14600
-21950
-17750
-24000
-15500
-17600
-20450
-11800
-14100
-12350
-17300
-12650
-15200
-5900
-13050
-9500
-11000
-10700

-7900
-10550
-1750
-7950
-4900
-4900
-4150
-6150
1450
3550
2150
900
-600
7900
4800
12700
10850
15200
18450
16750
26250
31900
43300
44850
51650
56250
67900
68300
72750
67600
52500
33000
-1200
-13250
-35200
-58550
-85750
-111150
-122250
-129450
-130650
-128650
-126550
-115400
-108500
-97650
-78100
-62900
-50750
-35700
-25500
-13950
-4500
6350
12700
18150
25750
17700
24500
22300
21900
20150
17050
6900
-2300
-5150
-15350
-20000
-32050
-40000
-61800
-65550
-79100
-88000
-91600
-103450
-114100
-129850
-126250
-132950
-119800
-117550
-110300
-108450
-89250
-69150
-46250
-4200
13050
34850
53950
92750
103950
124350
131900
131600
121300
111600
99450
75300
63550
35250
23700
9750
1400
-9450
-14350
-9150
-22050
-21700
-20150
-19100
-22750
-16750
-16050
-17150
-18200
-17700
-12550
-15950
-10150
-14650
-11150
-14100
-11200
-9450
-8050
-7100

