
Curva de Excitacao - Bobina Girante (Dados Brutos)

Arquivo..............: C:\Arq\Wiggler\Medidas Wiggler - Corretoras\Bobina Tungstenio\Gap27\Translado27_X=13_#034.dat
Data.................: 16/02/2005
Hora.................: 10:32:19
Ganho................: 10
N. de Coletas........: 1
N. de Voltas.........: 10
Intervalo de Análise.: 4 - 8

-15700
-17400
-12250
-14500
-12300
-10700
-10950
-12350
-9400
-9200
-7600
-7450
-7450
-2000
-6150
-3800
-3500
-950
450
-5350
-800
-850
-50
-3200
1350
2550
1500
750
4700
9700
11600
18050
13250
22250
21550
25100
31050
32200
40150
29000
26800
14450
8550
-2150
-12050
-28050
-37900
-44450
-50150
-47100
-57300
-52550
-62200
-54100
-56800
-49500
-45000
-46100
-43050
-48500
-43700
-45950
-34050
-42500
-41100
-47250
-43350
-50250
-44750
-42250
-41200
-39350
-46750
-39250
-34450
-22350
-21900
-6600
1850
7950
17550
34700
37850
42250
53000
46300
43350
43550
36950
14950
12850
4000
-13300
-22150
-15450
-31550
-36000
-32500
-35350
-40650
-32550
-25550
-26250
-23550
-18250
-17600
-20150
-9800
-17550
-13250
-12650
-18700
-21150
-16500
-13950
-22150
-19950
-16750
-17450
-23800
-17800
-19950
-18600
-16400
-19700
-16100
-16600
-13700

-17500
-13850
-12800
-14600
-15300
-8700
-10750
-13150
-6550
-9500
-5200
-12550
-5050
-2900
-3600
-4550
-2700
200
-3600
-1950
-3100
1650
-2900
1000
-2300
2750
4600
-600
7750
6100
15600
12050
17200
21700
26650
25500
28900
31450
35300
35950
25600
20600
4700
-1450
-18050
-25550
-31650
-40950
-48950
-54650
-55900
-58150
-54850
-52300
-51850
-53950
-48750
-49150
-40600
-42950
-42350
-42500
-41250
-43450
-42550
-42750
-40050
-44900
-47800
-45200
-47900
-37500
-40950
-33700
-34350
-29000
-22100
-7600
3050
10450
25250
28250
36300
43000
53850
41450
50150
45350
29850
16400
16300
4200
-15850
-14450
-20350
-30000
-39150
-28600
-41150
-32900
-30750
-30450
-24750
-22600
-15500
-21900
-10050
-15650
-18100
-17450
-6950
-19350
-19350
-14450
-16650
-18600
-24100
-12650
-20400
-18750
-20900
-16500
-17550
-19600
-17250
-15800
-14050
-21050

-12950
-13850
-12700
-16000
-12450
-8650
-12850
-10400
-9550
-5050
-9750
-5650
-7050
-3000
-4200
-3800
-600
-2800
1950
-5800
150
-1800
750
400
-2600
4650
3700
3300
1600
13150
12400
15750
13550
22950
27400
25600
31750
32250
37850
31750
27150
17700
9700
850
-16500
-28050
-36050
-44000
-47850
-50650
-52800
-58800
-55100
-55850
-51400
-51750
-45500
-46850
-45500
-43600
-44350
-38100
-42000
-36500
-45500
-41900
-48100
-41450
-45450
-42800
-41950
-46550
-40000
-38550
-25050
-31900
-14850
-11400
350
6600
23050
31850
36900
53250
42400
48250
45900
49900
24700
23200
16350
-350
-11800
-16200
-16700
-34100
-29100
-36900
-35850
-35050
-30800
-32500
-23850
-19200
-25400
-15600
-14600
-9900
-20600
-11300
-11350
-19550
-17650
-14900
-14900
-21650
-18100
-19100
-16400
-21600
-15450
-19250
-17750
-16650
-20900
-13500
-17400
-15750

-15700
-11800
-14000
-14600
-11500
-9650
-11000
-12350
-6050
-9350
-6150
-7900
-6200
-650
-3950
-2850
-4800
100
-950
-2300
-1550
2150
1200
-4150
0
1950
6600
-900
7450
9600
13150
13650
12500
26900
24300
29250
27450
35400
37750
33350
26650
17750
10350
-5450
-12900
-26400
-29750
-46000
-49250
-53700
-57300
-52500
-56500
-48650
-57250
-49400
-52850
-44700
-41450
-39800
-42250
-43850
-40500
-43400
-39100
-43800
-38650
-47100
-46050
-46000
-43200
-42000
-39550
-32500
-34500
-28350
-20050
-5050
250
13250
20550
26750
38800
49700
49900
43800
52800
41150
29000
21850
16700
-500
-8650
-15400
-24550
-29200
-32750
-34800
-38400
-29950
-31950
-34950
-21200
-21100
-20850
-17600
-11400
-16800
-18200
-9750
-11700
-19250
-16400
-11750
-20500
-19300
-19300
-16600
-18800
-18700
-17350
-21600
-15100
-16700
-17500
-16900
-14000
-16950

-14900
-12350
-13900
-11600
-14250
-7900
-12700
-9700
-9850
-5200
-5900
-8900
-5000
-3200
-1750
-6100
-700
-150
850
-4000
-1400
4250
-2950
350
-3600
4450
1600
2600
6650
10800
15450
12950
18200
17350
27550
28000
35000
30350
38500
32650
24550
22650
7700
500
-17600
-24650
-38750
-41950
-45850
-51450
-55050
-56050
-57400
-56950
-48200
-49650
-46250
-49800
-41250
-44650
-43300
-38300
-38100
-40700
-46900
-42300
-42400
-43900
-45900
-40650
-43750
-45550
-43750
-32300
-30650
-25400
-16050
-10500
-1500
14850
20700
28150
40650
49400
46650
47900
50650
39600
32250
23900
13050
-3250
-3600
-18400
-23150
-28550
-31300
-36450
-38600
-28600
-35550
-30300
-23100
-22500
-23450
-13000
-13100
-16250
-13500
-13350
-11500
-22150
-12650
-18450
-15800
-17650
-19000
-17950
-18550
-17050
-21050
-15400
-18700
-16500
-21100
-12750
-15950
-17750

-11650
-15000
-11300
-16950
-10000
-9400
-10550
-12600
-7250
-5600
-6950
-6900
-7350
1600
-6400
-1400
-3550
250
150
-2500
1200
550
-100
-3000
550
1050
6150
1300
7650
12250
9550
16600
13850
25450
23650
29550
31450
32950
39750
32250
27250
18350
8300
-3400
-13300
-22700
-33550
-45050
-50200
-51400
-55950
-53150
-55700
-53050
-51800
-51800
-48100
-45750
-39800
-43250
-43250
-41050
-40000
-41000
-42050
-40400
-42450
-44300
-48800
-41600
-44250
-40100
-39150
-37450
-34250
-26150
-12750
-11950
4500
10500
21450
25850
45750
47050
46700
53900
46850
43800
29000
28500
6550
3450
-7550
-17150
-23650
-26150
-33100
-38100
-30950
-34400
-34300
-32850
-17200
-25650
-20450
-12400
-14950
-14400
-16250
-9450
-15100
-16250
-17200
-15300
-16550
-17700
-20250
-18050
-13100
-23350
-17050
-17950
-15200
-20200
-16250
-12550
-16600
-15700

-14450
-11700
-15150
-11450
-12250
-8500
-10900
-11550
-6750
-7800
-4000
-9350
-3700
-4350
-3250
-3600
-1350
1800
-2100
150
-1700
2900
-1050
1400
-2900
3600
5250
2150
8600
8450
17050
13300
15800
21000
26750
29800
29950
34800
36150
34150
24000
22850
8800
-700
-14350
-27100
-30900
-45250
-42850
-52950
-53650
-59050
-54550
-52400
-51600
-48400
-49900
-44150
-46450
-41050
-42800
-39100
-40600
-39700
-44250
-43300
-38000
-45900
-42950
-46300
-41550
-44050
-39050
-35900
-30050
-21800
-20150
-10000
1200
16450
17750
32650
41250
46650
47450
50450
49650
39400
36350
20350
11950
1450
-3800
-20300
-21800
-24400
-37450
-35250
-34200
-29550
-38400
-27550
-22500
-23350
-20000
-12400
-13150
-15900
-12150
-15300
-11400
-18000
-14350
-17050
-15750
-16550
-20550
-16100
-17850
-18500
-18500
-16200
-17950
-16500
-16900
-15350
-14100
-17500

-10350
-15550
-11750
-14150
-11350
-8550
-9500
-9150
-9200
-5500
-7700
-4500
-8200
-400
-3650
-4100
-1550
200
2150
-4150
2050
550
-100
-2250
900
5250
3250
3500
4650
12450
12000
17900
13050
24100
27300
26650
32750
32100
40150
30350
29150
17850
8450
-350
-12800
-24200
-36300
-41450
-50400
-51900
-54950
-52750
-57100
-54550
-49700
-52000
-46100
-46250
-39600
-44300
-41600
-42400
-39200
-38750
-42950
-40500
-42400
-45050
-47150
-40850
-43800
-40200
-41050
-37000
-31250
-23800
-17950
-9200
5000
9400
18650
31800
42400
47650
48750
51700
45000
43850
33000
21150
11900
4650
-7650
-22200
-16000
-27900
-32600
-37000
-31150
-35100
-34800
-27650
-23850
-20100
-20900
-12850
-16600
-10800
-17050
-13200
-11800
-16000
-16700
-17400
-11650
-19950
-18950
-17400
-15550
-20650
-18100
-17100
-17200
-16350
-19750
-13350
-15250
-15050

