
Curva de Excitacao - Bobina Girante (Dados Brutos)

Arquivo..............: C:\Arq\Wiggler\Medidas Wiggler - Corretoras\Bobina Tungstenio\Gap27\Translado27_X=17_#038.dat
Data.................: 16/02/2005
Hora.................: 10:38:41
Ganho................: 10
N. de Coletas........: 1
N. de Voltas.........: 10
Intervalo de Análise.: 4 - 8

-10150
-10750
-12350
-9300
-12400
-8950
-14700
-9750
-4400
-2600
-5550
-8400
-3250
-1740100
-6700
-1850
3150
-500
5000
-2050
8650
5950
11550
12150
17750
19850
22700
29300
35850
51600
54150
67050
54850
60050
50000
42350
29600
7300
-9250
-46700
-61950
-75000
-75400
-86350
-90200
-97800
-96850
-92600
-78850
-69100
-66800
-57250
-56250
-42050
-39000
-24550
-23000
-20200
-19850
-23150
-21600
-17850
-18450
-22550
-30400
-38300
-38850
-51400
-45800
-52400
-61050
-72050
-79800
-85550
-82200
-75550
-72700
-79900
-77500
-68000
-63750
-35350
-15550
2150
7250
30500
50700
71800
90650
99000
102150
96500
97800
72300
71400
47100
33200
6600
450
-9350
-20750
-22950
-27750
-30250
-35800
-24250
-36550
-27450
-27900
-17250
-25150
-26750
-20250
-20000
-15150
-19600
-15600
-19050
-15200
-20900
-15350
-16200
-13650
-14500
-18900
-11000
-18750
-10150

-12900
-8350
-14700
-9750
-10750
-8450
-6400
-9200
-2500
-10200
-3250
-8900
-200
-700
-700
-1100
-2500
2250
350
4700
4700
13800
7950
10300
15300
22650
28700
27850
41550
45050
53200
58350
65350
66700
57700
38400
17100
-1150
-10850
-28350
-51350
-71950
-89550
-94450
-94950
-91000
-86450
-85750
-83850
-78250
-71150
-53900
-48800
-35000
-38450
-31800
-27300
-22750
-16400
-14650
-15700
-24050
-22550
-32250
-24750
-33500
-30200
-47700
-54150
-62000
-68250
-60650
-69000
-73300
-88000
-85350
-91650
-75700
-64750
-54150
-56050
-46650
-26450
-13000
23300
37700
62100
66100
85650
88250
103600
109100
95150
81700
60350
56150
19750
20400
-1600
-6500
-22100
-22950
-25900
-34050
-27300
-29100
-27600
-33800
-25000
-26900
-18550
-23200
-16050
-17350
-21000
-19550
-21800
-11050
-15950
-15350
-17250
-17300
-17700
-14350
-12650
-13800
-12800
-15950

-10300
-15000
-9300
-9700
-10200
-8400
-10900
-7650
-7000
-2850
-3450
-5600
-5600
-1550
-750
-2700
2500
2700
3600
-1300
5800
8900
10650
14300
15300
24950
24700
29300
36550
49550
55750
60850
60450
60700
55250
41850
33900
2800
-20400
-43600
-57450
-65250
-78750
-80600
-98000
-100350
-101050
-85100
-77400
-69350
-63450
-61150
-50450
-46500
-31450
-30500
-20000
-26100
-18600
-21200
-19950
-16150
-18350
-22550
-35900
-32950
-43300
-42450
-49950
-50500
-64550
-73550
-78750
-78850
-73250
-78550
-78000
-86800
-75450
-72650
-47850
-31000
-15850
-5400
5850
29350
50950
84950
90700
97600
96150
103450
88100
81500
70000
48900
27500
12300
2850
-13800
-16200
-22800
-26600
-31750
-31600
-27550
-33050
-24950
-25300
-22650
-23150
-24550
-19400
-18000
-15300
-18950
-17250
-17500
-15850
-16300
-15350
-14050
-15950
-12950
-18900
-13500
-13700
-12250

-10750
-11150
-9950
-14550
-8650
-7150
-5450
-10800
-5350
-6000
-5500
-5850
-2800
4200
-5550
250
-2500
3800
1950
3700
6850
8250
10250
10200
19450
19800
30150
26600
41700
45050
54400
62850
62050
69000
49950
39950
18650
6050
-10850
-30250
-58300
-76250
-84650
-89850
-87200
-94400
-85550
-95050
-82200
-77700
-62500
-54800
-47150
-39200
-40350
-28950
-26200
-17650
-17550
-14500
-21450
-20350
-25800
-23050
-26350
-30650
-36750
-49150
-52850
-58250
-60050
-63850
-74250
-79750
-84200
-87350
-79150
-73450
-64800
-65800
-57050
-46150
-26400
1900
23100
35300
50150
69900
79450
100050
108400
106900
90000
79450
67300
45900
29500
14850
2750
-12600
-14000
-29400
-23950
-31400
-28400
-29350
-30100
-29200
-30000
-18200
-20800
-19900
-21150
-15050
-20250
-17050
-18000
-13900
-14400
-18900
-14750
-18150
-11150
-15350
-13600
-14350
-13000
-14750

-11250
-9500
-11900
-8050
-11550
-4200
-12700
-5800
-5750
-4400
-3900
-5550
-1850
-2850
100
-1650
2600
50
4600
2900
5750
11900
8600
15000
12750
23550
26850
32450
40600
48550
56450
56900
60550
62000
62700
44650
27900
-1200
-18600
-37450
-54650
-62950
-81100
-89050
-100750
-95500
-90450
-84650
-75100
-73250
-68300
-60750
-48000
-39100
-32450
-28600
-24800
-22650
-21950
-15650
-16550
-14700
-23600
-25600
-30300
-36650
-35350
-40750
-48250
-59350
-64350
-75200
-72700
-72050
-72750
-82550
-85600
-81200
-77400
-56050
-50950
-34500
-27150
-4250
6150
35650
64350
75850
87700
90000
106500
95350
99950
81000
69200
43900
30250
14750
-900
-6450
-20950
-22900
-26950
-27550
-36450
-25550
-28250
-27250
-25400
-25500
-18950
-26800
-14400
-16950
-17900
-19700
-16300
-14800
-16650
-14900
-15400
-12300
-19900
-11800
-16000
-10600
-14500
-12950

-11900
-12700
-9300
-11150
-7300
-7600
-7400
-8550
-5200
-5750
-3550
-3450
-3300
900
-5200
600
600
3900
4550
1350
7850
8800
12300
10950
18350
24350
27750
26150
38950
52250
55700
65100
60950
62850
50450
40650
27800
7050
-7100
-38200
-59150
-77750
-81250
-84250
-88500
-94700
-94950
-88750
-83350
-68850
-65650
-52800
-52000
-41050
-37550
-28250
-20400
-20450
-15600
-20450
-17650
-24350
-15700
-21850
-27650
-34200
-38750
-45950
-52850
-50200
-60850
-67350
-78050
-78800
-84300
-77750
-73250
-76600
-70900
-69850
-56000
-43850
-14600
2250
16550
31000
52600
70650
87000
104450
103950
104200
90650
81000
64350
51650
30700
13300
950
-11050
-16200
-25500
-22100
-31700
-30050
-28300
-29250
-30150
-27150
-18000
-21400
-22750
-20200
-16750
-17500
-15350
-16450
-15850
-15800
-18200
-14350
-16600
-13000
-12350
-14900
-12300
-15050
-10450

-12300
-9350
-11450
-9900
-11650
-4650
-6400
-8900
-3500
-4600
-2050
-8300
-1400
-650
-700
-2000
1600
4200
2000
4600
6200
13750
7500
14500
15950
24700
29700
27450
42800
46800
58100
57300
63700
66850
59300
40700
23000
2450
-17900
-29000
-54300
-65300
-86350
-89800
-96700
-94250
-85250
-86100
-77900
-77900
-65250
-57750
-45550
-40400
-33800
-27250
-26000
-22600
-16950
-12700
-20250
-15500
-22200
-26200
-32950
-27950
-32950
-46350
-51350
-57150
-66350
-67150
-65850
-74600
-81700
-84050
-82500
-82800
-68450
-57150
-50100
-40050
-24950
-8250
15300
39250
60650
74350
85700
93350
100600
105700
98200
81900
65650
51150
26250
14800
650
-6350
-19950
-23150
-26650
-29700
-30200
-27400
-26050
-31400
-25350
-24650
-19850
-22300
-16850
-17250
-17900
-15550
-20350
-14250
-14550
-13700
-16950
-15200
-14350
-14850
-14000
-11750
-9250
-17100

-10000
-12650
-8100
-11700
-6500
-5650
-10200
-7100
-6900
-700
-5550
-2400
-4350
150
-3200
500
3450
1750
5950
650
8000
6400
13450
12900
17150
22150
27800
31900
37300
52200
55100
62750
59050
65350
54950
41600
31450
5350
-14700
-40350
-56850
-70950
-79200
-83100
-90350
-96650
-96950
-88850
-79800
-70400
-64000
-56300
-49650
-42700
-33000
-28450
-20350
-21300
-17250
-20550
-19650
-15600
-19450
-22000
-29700
-29650
-42950
-44800
-48000
-52750
-62750
-67800
-74550
-84250
-75750
-78000
-76150
-80750
-69700
-68850
-56300
-36050
-15400
300
10700
35800
48000
77100
89800
101550
102700
103600
95100
76300
72750
46800
31500
12100
4100
-11200
-17000
-22550
-24150
-28400
-33600
-24900
-33900
-25200
-26700
-19350
-23350
-23450
-18400
-16650
-15850
-18750
-12850
-16050
-14400
-20100
-13650
-14400
-13900
-12750
-14950
-10550
-14900
-11100

