
Curva de Excitacao - Bobina Girante (Dados Brutos)

Arquivo..............: C:\Arq\Wiggler\Medidas Wiggler - Corretoras\Bobina Tungstenio\Gap27\Translado27_X=-17_#004.dat
Data.................: 16/02/2005
Hora.................: 09:29:14
Ganho................: 10
N. de Coletas........: 1
N. de Voltas.........: 10
Intervalo de Análise.: 4 - 8

56850
61750
61700
50450
47400
40250
30550
21500
18650
1400
5300
-15200
-33700
-35550
-51500
-67350
-80600
-75950
-88200
-87650
-88000
-87300
-85400
-68100
-60800
-49800
-25600
-13800
10450
14250
36450
34650
39850
37350
31250
28400
30150
16750
8400
850
-7200
-9450
-15900
-14850
-13200
-17950
-16650
-18550
-14050
-15900
-22200
-10650
-14450
-13100
-14150
-11000
-14150
-16800
-12500
-15250
-14850
-13450
-14650
-16150
-12150
-16700
-19900
-16500
-20700
-21050
-23850
-11950
-26100
-23650
-18150
-27200
-32100
-26150
-23700
-34550
-25800
-24500
-25300
-34100
-18150
-30000
-29700
-7700
-24050
-19650
-18550
-7350
-43250
-35500
-37150
-62150
-78000
-63800
-84600
-114250
-78550
-91050
-97850
-87750
-57200
-77250
-65900
-41800
-40200
-34450
-12600
-3150
-8550
22100
19450
15300
32600
47700
36650
47000
66650
55400
56650
67000
68050
55150
69600
69200

60500
58500
59300
55400
44750
41950
31700
31050
12850
1150
-100
-16050
-31600
-41850
-46750
-64150
-71000
-80650
-86100
-95400
-85800
-90700
-83600
-65700
-59450
-47250
-29450
-6800
2850
18650
27250
40350
37900
41050
35050
29400
26900
11800
7550
3800
-4100
-9000
-15800
-13450
-15000
-18450
-17700
-16750
-11250
-17300
-19200
-10650
-12700
-18350
-12150
-11450
-13850
-13250
-13250
-10850
-18850
-11400
-16250
-16250
-13950
-17800
-17050
-17350
-13550
-24450
-19850
-19150
-22750
-27800
-17750
-22450
-31200
-21550
-28600
-26650
-33700
-19750
-31550
-28900
-18750
-28250
-24650
-16450
-12550
-30400
-9600
-22550
-30250
-42550
-28350
-63500
-79700
-61600
-92750
-98400
-92750
-77300
-108100
-83800
-65350
-67700
-64750
-41100
-35200
-37850
-12350
-10000
-200
11100
24800
17150
35250
48200
38650
47850
61650
57900
53400
70750
66950
62400
65450
67900

62500
58300
62300
50250
48800
37850
35050
28550
16650
2450
-2050
-12900
-33900
-37750
-51650
-61450
-74950
-78500
-87200
-91550
-84650
-89400
-84550
-70900
-58600
-47650
-23950
-7850
6800
15200
30250
38600
39050
41200
35900
31200
26450
11900
9850
3350
-4500
-10750
-13300
-12500
-15250
-17250
-17100
-15850
-14700
-15200
-18800
-9800
-13050
-16050
-11000
-14000
-11750
-16600
-9700
-13950
-15050
-12050
-13650
-17750
-13800
-13600
-21150
-14550
-18150
-19950
-24950
-14050
-21900
-27100
-17500
-25600
-26600
-27650
-19900
-31200
-28350
-26050
-26300
-31000
-21050
-20800
-29250
-7600
-24900
-18650
-22350
-10000
-35750
-38050
-32850
-64200
-74350
-72150
-75700
-109700
-83850
-88300
-95750
-91100
-63450
-67400
-70200
-38800
-36350
-29900
-17300
-5350
-4550
14800
23400
19550
34800
46350
43150
43300
63600
59000
56850
65600
69350
62500
65050
71150

60350
60950
57000
56050
46100
41550
32400
30300
16500
350
700
-13450
-29650
-43500
-48050
-61600
-74550
-76500
-86200
-90650
-89350
-87000
-83900
-66400
-59550
-46200
-26700
-8150
7200
19350
29950
39150
39150
42850
34950
31950
24800
15900
7550
3250
-4400
-9150
-12400
-13650
-13300
-18450
-15050
-17900
-11600
-16000
-18950
-11550
-11800
-14850
-14900
-9050
-14050
-14400
-13400
-11950
-15850
-12750
-12500
-17300
-11550
-18650
-15650
-18500
-14000
-21950
-21550
-16300
-21650
-25050
-22950
-19000
-30950
-23400
-24800
-25450
-33300
-21400
-25050
-31950
-18850
-26750
-21300
-19200
-12150
-25350
-14900
-18000
-32100
-40700
-36750
-51950
-81550
-65800
-88350
-96950
-94850
-79000
-97400
-90150
-64100
-69350
-65400
-46000
-28050
-35450
-15350
-4950
650
11950
19800
23600
33000
48150
40300
47150
61350
59850
56000
65200
71400
61650
67750
67550

63050
56950
61350
55600
46450
40350
32800
30800
14000
4050
-3250
-11000
-31950
-40200
-47500
-62800
-73550
-79050
-84300
-91850
-85900
-87750
-82550
-71250
-58450
-43850
-27750
-7800
6300
17750
29550
38900
43000
38850
37450
28700
28150
12900
10200
2200
-3950
-7900
-15150
-9750
-16950
-13800
-19750
-14200
-12800
-16050
-16700
-11450
-9550
-17150
-11050
-11600
-9900
-17350
-10450
-10600
-16950
-11150
-15100
-12800
-17300
-13500
-18050
-15300
-18200
-19650
-19100
-17300
-20650
-26650
-16350
-25950
-25450
-28400
-21250
-27450
-30200
-21200
-28100
-26700
-24300
-20000
-27500
-12050
-18950
-19750
-18900
-16500
-28350
-43200
-31500
-61950
-72900
-74500
-76050
-104100
-90750
-83150
-94600
-87800
-67950
-60500
-69100
-43700
-33250
-30100
-17200
-2600
1900
7650
22000
23550
35850
41550
47900
46850
60050
61100
56100
67350
68150
65350
64400
70000

63750
61100
59550
54650
48000
40600
36450
27850
18400
2350
-3400
-12050
-28200
-39750
-50400
-58950
-74250
-78200
-85750
-89900
-87450
-87850
-81650
-69200
-54700
-46850
-27050
-7850
7400
19800
29200
43900
37050
41350
34350
34350
25200
14350
10400
3950
-1800
-11000
-9150
-13900
-13300
-20100
-14450
-16200
-12550
-13150
-18600
-8900
-14200
-12600
-13700
-10000
-13350
-12900
-9600
-14350
-13000
-13950
-11550
-17100
-12700
-16600
-16800
-16550
-14700
-18250
-23300
-12700
-22350
-23400
-23450
-19550
-26800
-25300
-23750
-28050
-28150
-25400
-22800
-31450
-19000
-23850
-21650
-18600
-15500
-17800
-18400
-14300
-33250
-37900
-38150
-52150
-77100
-70350
-82550
-101050
-93800
-81700
-88050
-94200
-66400
-64700
-62650
-47250
-30650
-30050
-20550
-2900
-150
13350
20000
29450
31250
43250
44850
48650
61400
60750
58050
64150
71050
65150
65000
69550

64700
60900
56250
58800
45850
43000
31700
30650
17450
3100
-2200
-12100
-27100
-43000
-48050
-60900
-72250
-81450
-85150
-88650
-89450
-84500
-82450
-68600
-58400
-45400
-22700
-6750
7850
15600
33150
37800
43850
39250
37900
30300
26300
15200
10350
6900
-6600
-6550
-14200
-10050
-15250
-16050
-14300
-16200
-10700
-16100
-14000
-12900
-8800
-15300
-12250
-12850
-11450
-11100
-12900
-8350
-15950
-9550
-16150
-13900
-14950
-13900
-15800
-16350
-15350
-20950
-19100
-16300
-18250
-26700
-18650
-21950
-27350
-26900
-22700
-22900
-32400
-21450
-26200
-28450
-23250
-18900
-20400
-17850
-16200
-19350
-16000
-18150
-23550
-41350
-33100
-58700
-74600
-74000
-77400
-94500
-96900
-84150
-94000
-86250
-67900
-57100
-66400
-49200
-30150
-27950
-17500
-6600
6350
7950
21400
26950
35050
45000
44700
49500
56650
63300
57350
67700
69250
66050
64300
68450

66850
59700
59450
55450
49700
39550
37650
29450
17750
4000
-3200
-9200
-28750
-40100
-49100
-60350
-72150
-79550
-81700
-90650
-88250
-88650
-79450
-68550
-54900
-45300
-28300
-6700
6250
24000
28500
42650
37950
40500
37500
32500
29800
11950
12800
2650
-1500
-10800
-10200
-12050
-12650
-15500
-18350
-10950
-14800
-11450
-19200
-9700
-12200
-14100
-11450
-11400
-9800
-14500
-9400
-12900
-12650
-13700
-10250
-13550
-16800
-13700
-16900
-14450
-17750
-16300
-21200
-15500
-21200
-23150
-19350
-23350
-22900
-26750
-22050
-27550
-27450
-25550
-22300
-27750
-21300
-21000
-23900
-14700
-16850
-13900
-18550
-16750
-29850
-36650
-37300
-52500
-72200
-76050
-83000
-98150
-90900
-84150
-87300
-91650
-70250
-59400
-65050
-46300
-32100
-24100
-23150
-4050
5050
10250
21000
28550
35050
39750
47950
49750
58000
59650
59750
65300
68550
68450
65500
70400

