
Curva de Excitacao - Bobina Girante (Dados Brutos)

Arquivo..............: C:\Arq\Wiggler\Medidas Wiggler - Corretoras\Bobina Tungstenio\Gap27\Translado27_X=-2_#019.dat
Data.................: 16/02/2005
Hora.................: 10:01:12
Ganho................: 10
N. de Coletas........: 1
N. de Voltas.........: 10
Intervalo de Análise.: 4 - 8

-8700
-7850
-6350
-10650
-6650
-7300
-6800
-11500
-2600
-5000
-5400
-8000
-7900
-4500
-13250
-7850
-9350
-11850
-16100
-14850
-15650
-14200
-14350
-15750
-11100
-14100
-9600
-16050
-3650
-5800
-4400
-3900
-2700
1000
-3100
1800
1800
5200
5150
2000
2350
4650
3600
-1200
4000
500
-1100
-6450
-1600
1100
-7200
-5950
-9450
-4200
-9950
-11150
-10950
-7200
-10350
-15050
-13350
-14000
-10250
-17250
-13300
-14450
-12450
-17300
-16200
-12550
-16350
-9400
-16600
-11450
-18950
-12650
-12400
-13550
-13000
-12150
-10900
-12650
-8900
-13800
-7300
-14800
-11400
-14000
-15850
-18650
-23700
-19000
-25250
-28900
-29900
-28600
-37100
-34300
-36250
-34750
-34250
-37550
-32300
-39050
-35650
-33850
-32900
-29950
-34400
-27500
-27000
-27350
-29000
-20150
-20950
-23250
-25150
-16450
-17850
-24200
-13050
-14950
-14700
-19300
-9800
-11300
-12050
-12050

-8800
-6250
-12350
-6050
-9350
-3100
-8100
-6700
-5900
-6100
-6600
-7800
-2150
-7600
-7550
-13400
-8650
-13950
-11600
-15850
-14600
-12850
-17750
-13350
-16700
-6950
-9850
-11650
-7700
-3850
-4650
-5900
-1100
100
3050
-2100
3700
2800
5600
5400
1250
8450
-200
2850
-1450
3150
-1450
-4350
-50
-3750
-4900
-8900
-3750
-6650
-6900
-13450
-8400
-9200
-13000
-10050
-15250
-8750
-15350
-12300
-16950
-13950
-13050
-14250
-13850
-14950
-12300
-18850
-12350
-15250
-11000
-102000
-10600
-13500
-14000
-10250
-13050
-7750
-12800
-10150
-12000
-11250
-12950
-14100
-13650
-19400
-18900
-23650
-21600
-31750
-26700
-30900
-33550
-31700
-37050
-31900
-39050
-33700
-35200
-33800
-36600
-32450
-33250
-33350
-30150
-30200
-19850
-30850
-26600
-24900
-19850
-24900
-23100
-14350
-20300
-18100
-20800
-11900
-18600
-11650
-12300
-11000
-11400
-12500

-7400
-9650
-5650
-10900
-4450
-7050
-5250
-9600
-4200
-1850
-8400
-5150
-9100
-3650
-11950
-8450
-9900
-9900
-12650
-17600
-14000
-14450
-12250
-18550
-11100
-10450
-10450
-12950
-5300
-700
-6750
-1700
-5850
3250
1300
-200
3750
3900
7550
-1750
5400
4150
5650
0
3250
2150
-2850
-1850
-2350
400
-8100
-2850
-9450
-4450
-8650
-10250
-8300
-9750
-7500
-15200
-13350
-13750
-9000
-15450
-13450
-13000
-12600
-15150
-17450
-11050
-14500
-13800
-15900
-11750
-14000
-15150
-10350
-13850
-11300
-14550
-9350
-11250
-11800
-11850
-7650
-11550
-15350
-10250
-17350
-17000
-23650
-18200
-24100
-28900
-28400
-32250
-30800
-36500
-31250
-37500
-32900
-37200
-33050
-37800
-35350
-30850
-33550
-27500
-36150
-27050
-28450
-24600
-28250
-19100
-21850
-24400
-21800
-19200
-16300
-22150
-14150
-15900
-13650
-15900
-13150
-10750
-9850
-8800

-11550
-6750
-9650
-7850
-8800
-1950
-6800
-8950
-3800
-5050
-5600
-10350
-2700
-6050
-9150
-11150
-8600
-9300
-14350
-13200
-14900
-11300
-18050
-15300
-14800
-8200
-7700
-13400
-2100
-7200
-2950
-5600
-150
3300
1000
250
1750
5550
4250
5350
1750
8150
1400
850
1900
2550
1600
-6250
-650
-3550
-4550
-7150
-5500
-4850
-6450
-11000
-11400
-8250
-9950
-11550
-15400
-9150
-11400
-15500
-14400
-13300
-11250
-15900
-12750
-14250
-13600
-15050
-12800
-12700
-14400
-11750
-13400
-11800
-14800
-9350
-12200
-8900
-10000
-12100
-8350
-13200
-10550
-14750
-14400
-17900
-19100
-20450
-23000
-29350
-27150
-27150
-36150
-30850
-37350
-31000
-38650
-35450
-32400
-34300
-35050
-34450
-30500
-33400
-29750
-28750
-22500
-28950
-26600
-21250
-20100
-21900
-24400
-13650
-20400
-18150
-19100
-11000
-14950
-15400
-10300
-9550
-10250
-14000

-5800
-7350
-7900
-9350
-4300
-3750
-8850
-6100
-4500
-2150
-6850
-4700
-7100
-6000
-8100
-9100
-6450
-12650
-11600
-17700
-11800
-13550
-13450
-13750
-13600
-8950
-11650
-10300
-7500
-550
-4500
-3150
-2650
2300
3450
-1750
7250
2700
7550
1600
4050
5850
4200
4650
-1050
3200
-1350
-1850
-4100
1400
-3800
-7350
-6200
-4650
-5350
-12800
-7200
-7650
-9500
-14150
-12300
-11000
-11350
-12750
-14800
-11550
-13750
-14300
-14550
-12350
-12500
-13500
-12300
-15000
-11500
-16050
-9650
-13750
-10900
-11800
-11600
-8700
-11450
-8750
-11050
-8900
-13600
-12750
-16650
-15450
-19800
-20300
-21100
-31050
-23850
-33000
-30200
-36150
-32900
-33100
-33550
-35150
-34450
-32450
-36900
-29550
-32450
-29250
-34500
-25750
-24600
-28250
-22950
-21550
-18350
-25300
-20200
-17900
-16000
-18850
-14350
-13350
-15350
-12350
-13850
-7700
-11800
-8400

-7900
-7700
-7950
-6700
-3600
-6100
-4500
-7250
-3350
-6700
-5300
-5500
-5200
-2550
-9800
-7950
-11750
-8000
-11750
-14250
-14650
-10850
-13500
-16050
-11450
-8900
-5550
-13250
-4250
-4000
-2850
-2500
-2200
6000
950
2700
900
6350
7250
6200
4300
6200
4850
550
5200
1200
2500
-2550
-1750
-2550
-4550
-2650
-7100
-3550
-7500
-8950
-9850
-9100
-6400
-12250
-11500
-11800
-8700
-14500
-12350
-14200
-9350
-13300
-15300
-11800
-14100
-10400
-15350
-9150
-13550
-13100
-12700
-10350
-10550
-11850
-9300
-9250
-8900
-12450
-5450
-13400
-11600
-11350
-14250
-17300
-21350
-17650
-24400
-26900
-27700
-27350
-33350
-31400
-34200
-34150
-33850
-36200
-29050
-36900
-32150
-34200
-31900
-30300
-30250
-25750
-24400
-26650
-27750
-19800
-19800
-20100
-22300
-15050
-16350
-18750
-16100
-14150
-11800
-14950
-10250
-11400
-9400
-9550

-8450
-5100
-6850
-6550
-9100
-2150
-6600
-5800
-4350
-650
-4600
-8100
-3050
-5800
-6000
-11650
-5200
-10750
-12500
-14100
-13700
-10850
-15100
-11650
-14850
-6850
-9700
-10150
-4800
-1700
-1500
-4750
2450
850
3850
1200
6600
4450
7750
5650
3150
8950
1500
5350
1300
4350
-350
-2000
550
-1200
-1900
-6950
-4650
-7700
-3850
-9150
-9600
-6550
-7700
-10200
-16050
-7200
-10850
-11750
-15200
-10800
-12400
-15150
-11100
-12950
-10750
-15500
-11150
-14300
-11700
-13500
-10900
-9750
-12050
-8450
-13300
-5750
-12250
-7950
-8350
-9900
-11950
-11950
-13050
-19000
-17250
-19900
-19300
-30900
-23150
-30300
-31800
-31850
-33700
-31300
-38050
-31750
-34650
-34000
-35250
-29950
-31700
-29800
-29100
-30450
-21500
-27100
-23200
-23250
-16850
-21350
-24750
-14800
-16500
-15450
-18900
-11000
-15050
-12850
-12050
-7500
-10250
-11300

-4700
-7650
-5750
-9850
-2750
-4200
-5150
-7250
-2950
-650
-6200
-4600
-5700
-1450
-10850
-6850
-9450
-8900
-10650
-13700
-10900
-14250
-10200
-15200
-11300
-9750
-5650
-10050
-6200
-1950
-4550
-550
-2500
4250
1600
2850
3600
4550
10050
2650
6350
5500
6200
1200
3500
3600
1050
-1300
-3550
2700
-5700
-4150
-6650
-1750
-5850
-10600
-6350
-8450
-7600
-12700
-10100
-11700
-10150
-13650
-12600
-12050
-12300
-11500
-15050
-11550
-14450
-10300
-13400
-11750
-12700
-11900
-8700
-14350
-9750
-11900
-8450
-10200
-8650
-9900
-8800
-9550
-13650
-9350
-16950
-14350
-21750
-17500
-24050
-26800
-25950
-28650
-30000
-34700
-30500
-36200
-33000
-36600
-28150
-33500
-35850
-30300
-31650
-26100
-34400
-24950
-24550
-25350
-27000
-20350
-18350
-22150
-19700
-17250
-14900
-22000
-13550
-13950
-12450
-13400
-10350
-8550
-11950
-7200

