
Curva de Excitacao - Bobina Girante (Dados Brutos)

Arquivo..............: C:\Arq\Wiggler\Medidas Wiggler - Corretoras\Bobina Tungstenio\Gap27\Translado27_X=-10_#011.dat
Data.................: 16/02/2005
Hora.................: 09:44:27
Ganho................: 10
N. de Coletas........: 1
N. de Voltas.........: 10
Intervalo de Análise.: 4 - 8

10750
5050
3650
2040
1000
-4650
-8000
-9450
-10250
-11650
-17150
-16250
-17300
-8850
-15300
-5850
-3550
1500
3300
6300
13700
14400
15100
12800
18200
5950
4500
-9400
-5200
-14600
-18350
-23050
-26300
-20700
-27600
-22000
-20650
-13700
-15850
-12000
-11750
-6500
-7150
-9800
-4550
-4600
-2700
-9850
-3000
-600
-5750
-4750
-6550
-1650
-8550
-8650
-7150
-4750
-9450
-9600
-8850
-8250
-8800
-13850
-9600
-12150
-10050
-15200
-11700
-12900
-15550
-15250
-14350
-14100
-18200
-16600
-17550
-18100
-21550
-19500
-23000
-24450
-24400
-28850
-26600
-31250
-30200
-32200
-33050
-35400
-40900
-36150
-33500
-42900
-35500
-28300
-34900
-31850
-21700
-17950
-23450
-17050
-16000
-25550
-33250
-20150
-34050
-36100
-38050
-37600
-43150
-38800
-33550
-37000
-23750
-24900
-22400
-16550
-4600
-14000
-4150
4850
5200
-1050
7300
13400
5150
4250

9950
8100
700
4100
-1400
-950
-7350
-9900
-9100
-15000
-13950
-16400
-10750
-15250
-10850
-11700
-650
-1400
4600
9750
11450
20500
11600
17800
9200
12300
1050
-4800
-8300
-12550
-17400
-25900
-22000
-24200
-21350
-27250
-14100
-18350
-14700
-12150
-12300
-4250
-9700
-4800
-6300
-2700
-3850
-6700
-1500
-2450
-4300
-8250
-2400
-4400
-4600
-10450
-5250
-6100
-8600
-8450
-10850
-6700
-11300
-10250
-11600
-10850
-11200
-13400
-10150
-13700
-12550
-16450
-12900
-16450
-14850
-18150
-16650
-18900
-20350
-19550
-25550
-21400
-25400
-27400
-27100
-27850
-33150
-33050
-31650
-35650
-38400
-35800
-33750
-44300
-36050
-27900
-35000
-25500
-21700
-17300
-26850
-17400
-13000
-23900
-26050
-25700
-31950
-43800
-32200
-42000
-36100
-39050
-35550
-34750
-25850
-21700
-27150
-10350
-9550
-6700
-8650
7050
350
1350
9450
10750
7700
4300

12950
3150
5500
900
1250
-5350
-4950
-7600
-12150
-9400
-17800
-12600
-17950
-7550
-15700
-6650
-3850
2050
6350
6200
17300
12900
17600
10800
17300
9450
5750
-7350
-7700
-10000
-22800
-19450
-25950
-20450
-25450
-22450
-17250
-17900
-12500
-13600
-9650
-9050
-6750
-8250
-3600
-2350
-4900
-6400
-3450
1600
-8750
-3350
-3900
-3100
-6050
-8600
-3850
-8250
-5800
-11000
-10550
-9150
-6900
-12950
-11800
-9050
-12950
-12050
-14550
-10750
-15150
-13150
-15200
-14700
-15900
-17350
-14750
-20950
-17850
-22450
-21250
-22100
-24950
-27700
-27350
-26750
-35900
-28050
-34700
-33500
-41900
-33350
-34850
-43400
-32400
-31900
-32600
-33100
-16800
-22600
-19100
-17300
-14700
-25600
-29100
-18950
-37300
-31800
-41200
-35200
-42950
-34950
-36000
-33450
-22650
-26300
-20750
-15400
-3900
-14450
-1500
3500
4650
1500
8150
14050
4050
11150

6250
9000
950
4650
-2150
-550
-4400
-11150
-7700
-14350
-11150
-19600
-10550
-13150
-11250
-8550
-2150
1950
2900
10100
11950
21500
12650
16050
11800
10100
4800
-6000
-4750
-13700
-18450
-25750
-21150
-21500
-21900
-22950
-19750
-13700
-14650
-11550
-13550
-3900
-6850
-7750
-5300
-3350
-1250
-8700
0
-2500
-4350
-6100
-4200
-1250
-5600
-5900
-8000
-4900
-8150
-9350
-10400
-5750
-8700
-13650
-8100
-10550
-9800
-15150
-11450
-12550
-14150
-12450
-14150
-13750
-16200
-15550
-17400
-15500
-21250
-19650
-23050
-21850
-24450
-29050
-23200
-32300
-31100
-32750
-30500
-37350
-36650
-32550
-37600
-41250
-36400
-25950
-36900
-24650
-22700
-18850
-23150
-16350
-14000
-25900
-20150
-28650
-30050
-41800
-31750
-41800
-35300
-36700
-37400
-31650
-26700
-21200
-27850
-9050
-8850
-8450
-6200
7600
3450
-750
11800
9450
9600
3450

12950
5750
4950
1250
2800
-450
-7000
-7900
-10550
-10250
-17400
-12850
-13550
-11200
-12000
-8150
-1900
-200
7400
8800
15900
16300
17100
16300
13400
12550
2350
-4700
-7400
-10800
-20450
-21300
-22700
-22400
-21800
-24450
-15750
-17100
-10850
-12850
-10800
-4300
-7500
-4750
-6050
-500
-4900
-6000
-2600
100
-4500
-5500
-1750
-4100
-2350
-9700
-4400
-5800
-4500
-9600
-9450
-5300
-9800
-10050
-11000
-9550
-12650
-10550
-11050
-12950
-12250
-13200
-12600
-16750
-12950
-18000
-14650
-18200
-17350
-20200
-22300
-17500
-27300
-26150
-27850
-26850
-33600
-26900
-34000
-36050
-36850
-34300
-33850
-45350
-27650
-32250
-30650
-31050
-18350
-19850
-20300
-13150
-19700
-20850
-28600
-20700
-35850
-31850
-39300
-39050
-36700
-36450
-36450
-35200
-20650
-27500
-19050
-10600
-6600
-12000
-3900
7850
900
4050
9400
13700
5100
9350

8550
8650
5150
2600
2450
-2100
-3650
-11100
-7900
-12350
-13450
-13500
-13450
-10350
-12100
-6700
-2550
2350
4450
11400
16100
18200
18800
12100
15000
10200
6350
-5450
-4750
-10550
-20750
-19800
-24400
-17950
-25250
-18700
-17550
-15600
-12550
-12700
-7650
-6700
-3000
-9400
-2550
-2750
-1150
-5350
-750
300
-6550
-700
-5050
-2150
-5050
-3600
-6400
-5950
-3550
-9150
-7850
-8600
-7450
-12650
-9050
-8950
-10350
-10950
-13200
-9350
-15300
-9850
-15850
-13150
-15100
-16050
-16150
-16600
-16500
-22950
-21300
-21450
-23800
-28950
-21950
-29850
-33600
-29150
-30900
-33500
-40950
-29700
-35900
-41550
-35350
-27150
-32750
-25400
-20350
-22700
-19150
-16250
-13600
-25250
-21300
-26300
-32800
-34700
-35400
-36800
-37850
-34550
-40550
-30750
-23800
-21450
-23550
-11450
-5500
-8300
-1350
3650
4150
1850
11150
11000
8300
9350

9250
9500
3750
4000
-900
-1100
-3300
-9450
-8750
-10250
-12200
-16850
-10850
-11950
-10400
-8900
-900
4000
5150
11450
13000
18850
16000
16800
14600
12400
4800
-5450
-3900
-12150
-16350
-24650
-19650
-22150
-21350
-21950
-16600
-13000
-14300
-9750
-13200
-2550
-8200
-4350
-3900
-1300
-1750
-6250
1900
-2000
-1800
-5250
-1650
-3150
-4150
-5950
-7200
-4050
-5850
-7100
-11600
-4100
-7400
-10850
-9300
-10000
-8650
-13000
-8100
-13100
-12550
-12500
-11650
-14300
-14250
-14450
-17250
-15450
-19550
-17650
-21850
-19550
-27400
-25750
-21600
-29700
-30150
-30200
-29950
-38650
-35300
-33600
-33750
-41050
-31500
-29950
-34000
-25850
-21800
-17250
-19750
-14900
-17400
-21800
-24450
-24100
-28700
-34150
-37050
-40700
-33300
-36250
-37150
-31500
-21700
-23350
-23650
-8550
-8000
-8750
-3150
7500
2900
2650
11050
11400
10550
4900

11850
8300
6350
1150
2700
-300
-6650
-6750
-9500
-9600
-16550
-12700
-11200
-10250
-11250
-7550
700
150
8000
8450
17200
18100
19200
13850
13900
12850
2500
-550
-7900
-8150
-20000
-21300
-22900
-19350
-19900
-24650
-15300
-16050
-9650
-15100
-8100
-2800
-6500
-6100
-5750
1800
-4550
-3250
-2400
1500
-4550
-4450
-4150
-1950
-1800
-9450
-4300
-5100
-4050
-10450
-8250
-5250
-8900
-8800
-10600
-8950
-13250
-9000
-11700
-11500
-12500
-11800
-12000
-14300
-12900
-18250
-13300
-18450
-16400
-21200
-19500
-18250
-25700
-22900
-25050
-27900
-33550
-26350
-33650
-33350
-36200
-33350
-35550
-42300
-28750
-33350
-26800
-26800
-20350
-20200
-20100
-14750
-17200
-17600
-25350
-25400
-33400
-31850
-38100
-38050
-35000
-36700
-34550
-33300
-20200
-27050
-20400
-9800
-6950
-9750
-2950
8400
700
4350
8950
13700
6500
9650

