
Curva de Excitacao - Bobina Girante (Dados Brutos)

Arquivo..............: C:\Arq\Wiggler\Medidas Wiggler - Corretoras\Bobina Tungstenio\Gap27\Translado27_X=4_#025.dat
Data.................: 16/02/2005
Hora.................: 10:13:38
Ganho................: 10
N. de Coletas........: 1
N. de Voltas.........: 10
Intervalo de Análise.: 4 - 8

-17375
-14300
-16225
-12400
-16900
-11750
-14575
-14700
-13850
-14125
-14250
-12325
-10100
-14725
-12575
-14425
-8750
-11350
-9075
-13000
-4650
-4300
-8400
-6550
-6000
1450
-1875
1125
8025
6875
350
3250
2625
4000
6425
2950
4050
-200
-3150
-5625
-2400
850
-5875
-3975
-3775
0
-3050
-3900
-2425
-7325
-9300
-15700
-11400
-10300
-11700
-17275
-20475
-20850
-24675
-18625
-24725
-14250
-24775
-27450
-28575
-20450
-14225
-19875
-14300
-19000
-15025
-23025
-10825
-16975
-8050
-11450
-11825
-18300
-16725
-12250
-21950
-13825
-22550
-20350
-23975
-15475
-21200
-14325
-10625
-13525
-7325
-9825
-1325
-14850
-4400
-11600
-13475
-14350
-16525
-20450
-24925
-21825
-30325
-51000
-32450
-26300
-35550
-33300
-31275
-32775
-28900
-36750
-30500
-29825
-26475
-30025
-26600
-23075
-26375
-25000
-24025
-19800
-22550
-16900
-20625
-18150
-18075
-18225

-13900
-15625
-12325
-17800
-11875
-13525
-15225
-15800
-9100
-11925
-16550
-13350
-13825
-8800
-17450
-9450
-11050
-10525
-11450
-11400
-5650
-7300
-6225
-6275
1550
-50
-700
-1450
3650
7275
3775
8700
4475
7875
-225
-1525
2050
1475
2725
-7000
-350
-4200
-4225
-3525
-125
-1625
-5175
-6200
-5825
-975
-10575
-6125
-14350
-11525
-17300
-20550
-15875
-17700
-15950
-27200
-24225
-25225
-16775
-24950
-18675
-21050
-22600
-23150
-21050
-11425
-18075
-8425
-16975
-15050
-18275
-8440
-12225
-12900
-11500
-17600
-19050
-21525
-15825
-22225
-14975
-20075
-20925
-17000
-13100
-9025
-10875
-3200
-8800
-7275
-7975
-9025
-13725
-13375
-16275
-22650
-20075
-25600
-24025
-33000
-30275
-27600
-32150
-30825
-33975
-28875
-33600
-33075
-32025
-25450
-29600
-30850
-25125
-24800
-22175
-26975
-18500
-22575
-20200
-22300
-17700
-15675
-18900
-15800

-15300
-12400
-19525
-12400
-12450
-10625
-15475
-13600
-9975
-15100
-12025
-14150
-10250
-14150
-12575
-12250
-9725
-10425
-11100
-8025
-8800
-2500
-8975
-3025
-3575
-600
2825
325
8025
2050
5825
1500
6175
8175
6125
1100
-250
2350
-4625
-450
-2900
3675
-7225
-2175
-3025
-1975
-1125
-6125
475
-6325
-8725
-14000
-7275
-10275
-11575
-18725
-19800
-19575
-23950
-18950
-21575
-16800
-25225
-24175
-23675
-19450
-17375
-18100
-16975
-19100
-16575
-15125
-10800
-12650
-8500
-12850
-16150
-14775
-13000
-15475
-17300
-13650
-20800
-24600
-18750
-18375
-16475
-13600
-13100
-12825
-8350
-6625
-5750
-8175
-4775
-8375
-15525
-12275
-18575
-19975
-23625
-23500
-25350
-30550
-29900
-28500
-30925
-36625
-31050
-31400
-26300
-36725
-30475
-27425
-27250
-27725
-29050
-20925
-27525
-23125
-23650
-18725
-23025
-17550
-16800
-17850
-17100
-18800

-10825
-16350
-13700
-15825
-11350
-12700
-15325
-12275
-12200
-10525
-15375
-13225
-13700
-9250
-13875
-13650
-8475
-10775
-7775
-13825
-4475
-6475
-6100
-5675
-1750
3650
-1650
800
2125
8800
4650
7875
2000
8375
3775
-1175
6450
-700
3025
-6625
-1250
-2175
-3875
-325
475
-725
-5375
-4850
-4250
-1525
-9500
-6950
-11775
-13850
-14825
-18200
-15450
-15750
-19650
-24625
-26125
-21325
-20325
-21050
-20825
-20900
-21925
-22025
-17300
-14925
-12375
-14800
-14525
-15650
-9525
-13925
-11600
-11300
-13100
-19200
-19025
-15325
-20800
-17700
-18700
-18525
-21650
-14100
-13375
-10650
-5650
-4825
-7125
-11200
-900
-13775
-12925
-13200
-14075
-22800
-20775
-23025
-26825
-29525
-32600
-25350
-34150
-30625
-34825
-30025
-30225
-33300
-28150
-27900
-26600
-32125
-26075
-24250
-23050
-24825
-20275
-20500
-21100
-18825
-18425
-15475
-18950
-15125

-15400
-14225
-15450
-14150
-12000
-11875
-12950
-16650
-9500
-12925
-13050
-15850
-10150
-9275
-15150
-10475
-11425
-7250
-13000
-9100
-6325
-2800
-8075
-6575
575
-75
3625
-2300
8100
5250
5250
4150
6150
11675
3725
2350
400
1575
-1750
-1125
50
975
-4075
-4225
-1500
-2250
-750
-4200
-2300
-4775
-10000
-9450
-9625
-7875
-14300
-17925
-21175
-18775
-18675
-21000
-19675
-21525
-20850
-27975
-20350
-20450
-16725
-18600
-17975
-16900
-18875
-10525
-14950
-9425
-13550
-12550
-14675
-12775
-13150
-15675
-13825
-18475
-19100
-24150
-14850
-23525
-13900
-12800
-13500
-12250
-8425
-2250
-8300
-4800
-7250
-8150
-16000
-9975
-19200
-19125
-21125
-24325
-20450
-32875
-28725
-30725
-30575
-33450
-32550
-29225
-27625
-32725
-32275
-24750
-28500
-25800
-28975
-21450
-24375
-24875
-20775
-19325
-18875
-20650
-16650
-15875
-18275
-17950

-11975
-13225
-15700
-12900
-13325
-9800
-16075
-11425
-11200
-11150
-13925
-12350
-9375
-12625
-11675
-13200
-6700
-11500
-7550
-10525
-6275
-5100
-6650
-325
-2500
2275
75
425
4400
8425
8775
5950
5925
6275
5700
200
5050
1750
-275
-3425
-3525
2325
-4575
1375
-1900
-1350
-4350
-5525
-1425
-2925
-4425
-12525
-10350
-14100
-13900
-18150
-13625
-16000
-20450
-22775
-25925
-17900
-23100
-18075
-22900
-20950
-22850
-19150
-14850
-16500
-11125
-16050
-13075
-15350
-9175
-14650
-10350
-12000
-13925
-15200
-18375
-15300
-20150
-16075
-19800
-18900
-19900
-12250
-13900
-9275
-4400
-8075
-4075
-10225
-1875
-12775
-11200
-11575
-16450
-19325
-23825
-20725
-26025
-27125
-31800
-25550
-32075
-32100
-32300
-31125
-27075
-35800
-26975
-27375
-26150
-31275
-24475
-21875
-23875
-23975
-21000
-17425
-23875
-17625
-16700
-14725
-17575
-14900

-12025
-16425
-12400
-15350
-9325
-13500
-11550
-14525
-10025
-12900
-13275
-10800
-12525
-8425
-14525
-10325
-10525
-7475
-9200
-10450
-3550
-5200
-4250
-6775
475
1025
3975
-1150
5200
8925
3950
7975
4350
12050
2875
2450
650
1800
1675
-3075
1800
-2100
-1075
-3475
775
-1000
-1075
-2525
-4575
-2600
-9975
-6750
-11250
-7650
-15150
-17500
-18575
-18050
-17075
-22125
-18575
-22900
-21150
-24800
-19750
-20500
-15575
-16950
-20300
-16575
-15175
-10800
-15150
-8350
-11850
-14200
-13325
-10425
-12225
-16100
-12025
-19225
-20025
-20225
-15950
-21075
-15500
-8975
-16300
-9600
-7400
-3750
-8425
-3800
-4800
-10200
-13625
-10775
-14700
-21250
-20100
-25750
-22225
-30250
-29125
-29475
-30125
-29400
-34950
-27625
-31150
-31475
-32025
-23925
-28150
-27875
-25125
-22675
-22975
-25425
-16975
-21350
-19275
-19225
-15750
-17175
-16825
-14450

-14350
-10725
-15325
-13475
-15425
-8525
-13625
-14300
-9125
-10550
-11650
-15325
-8175
-11600
-11950
-12850
-7100
-7300
-9975
-8475
-7500
-1125
-7075
-1450
-2925
3350
-250
-1225
10475
6025
7550
3475
9025
6325
5375
2025
4675
3025
-2925
-1100
-2650
2675
-4300
625
-900
-725
-2350
-4450
-475
-4000
-4050
-10425
-9850
-13800
-10575
-15975
-17225
-14900
-19575
-23175
-24525
-16825
-20625
-20550
-21200
-20300
-19875
-18675
-14575
-14625
-12075
-14750
-14025
-10550
-11150
-11200
-10425
-9275
-16400
-14650
-15675
-16500
-20450
-15550
-16625
-21400
-15150
-13250
-11400
-10650
-3325
-7200
-6300
-6325
-4175
-8975
-13300
-6875
-19125
-17025
-22450
-21800
-26050
-27400
-30500
-28025
-27125
-32950
-31600
-30525
-26225
-33700
-26675
-28400
-24950
-28350
-27025
-19250
-24600
-21850
-21175
-17250
-22300
-18475
-15500
-14575
-16175
-17625

