
Curva de Excitacao - Bobina Girante (Dados Brutos)

Arquivo..............: C:\Arq\Wiggler\Medidas Wiggler - Corretoras\Bobina Tungstenio\Gap27\Translado27_X=-14_#007.dat
Data.................: 16/02/2005
Hora.................: 09:33:50
Ganho................: 10
N. de Coletas........: 1
N. de Voltas.........: 10
Intervalo de Análise.: 4 - 8

23400
38700
26800
22900
15450
14250
3650
-3550
-7400
-18700
-17150
-33700
-32700
-40050
-46750
-55650
-49100
-49450
-47250
-36000
-26650
-16950
-15800
6650
4700
21850
27050
30050
40100
32500
26450
17400
16550
1500
-800
-12050
-9100
-18750
-19250
-21650
-24900
-15500
-25550
-18150
-16350
-11700
-15800
-12450
-9000
-11550
-11500
-10050
-11900
-10450
-4500
-12000
-9900
-9750
-10350
-12100
-13750
-9050
-15200
-12900
-11400
-12750
-18200
-13800
-15300
-19850
-16700
-17300
-18900
-19250
-17000
-28700
-22550
-20200
-28950
-31000
-23450
-27450
-35650
-28850
-27500
-40750
-35900
-22750
-36550
-33650
-17150
-15550
-24800
-14350
-11950
-24550
-16300
-10600
-36950
-40700
-37050
-68450
-69900
-55250
-63150
-84500
-54750
-59300
-74100
-48250
-25300
-41900
-32200
-2100
-11200
-15400
8850
17850
3900
23750
35350
27050
31100
38750
32200
33700
41050
33500

35050
32350
30100
18050
21200
13350
2150
700
-6900
-15700
-24500
-29200
-38750
-37300
-52800
-46150
-44600
-48400
-46400
-43200
-23950
-26650
-6350
2800
15300
16450
30150
30300
33700
34800
21650
26200
10300
12000
-7450
-7050
-12900
-19850
-19150
-24050
-18650
-19450
-20200
-21150
-11150
-16850
-15350
-12450
-8750
-8100
-15300
-5050
-12200
-7700
-9400
-12150
-9400
-7050
-8350
-15050
-10300
-10150
-14000
-16950
-8600
-14300
-15600
-11800
-14800
-18050
-19600
-16050
-22000
-19650
-17800
-23700
-19450
-23000
-28550
-30200
-25000
-28250
-35750
-28450
-24800
-40650
-34250
-21850
-34800
-34600
-18550
-21750
-22950
-17400
-4850
-19700
-16450
-17150
-39500
-39400
-40900
-56450
-70800
-55550
-73100
-76850
-59300
-52200
-73050
-47350
-28200
-44050
-32650
-3450
-6200
-17800
11600
17700
9750
16900
36000
28200
31150
38700
34000
37600
37500
36050

30700
36050
25650
22200
18150
15300
4500
-150
-3000
-19200
-21150
-32000
-32950
-41600
-46550
-48600
-49150
-46250
-47750
-34400
-32200
-16800
-14650
7850
9650
23550
29450
27950
37850
32100
29650
17100
17350
5650
-1000
-10100
-11500
-17000
-21750
-20400
-23650
-15150
-23600
-17300
-14450
-14800
-14700
-14800
-7150
-10300
-10600
-10500
-8050
-9300
-6500
-11450
-11100
-6600
-10000
-10650
-11300
-8000
-14150
-13200
-10600
-15900
-13300
-13300
-13350
-19350
-15900
-15700
-19550
-20200
-17650
-24250
-22850
-19300
-27600
-26950
-26450
-26500
-35000
-31100
-25700
-37300
-32600
-23750
-33050
-33850
-21550
-15650
-22050
-12900
-12850
-16150
-20800
-12900
-35650
-38100
-37050
-63550
-65250
-62200
-66200
-81650
-56850
-55650
-64950
-49250
-28350
-42150
-33900
-4300
-8350
-10350
6800
22950
7050
20700
32300
30100
29650
37700
36550
34500
42200
32350

37050
31700
29700
21100
19050
14450
3150
2600
-8300
-13600
-24650
-27400
-38300
-37250
-47850
-49650
-44250
-49000
-43000
-43050
-23800
-23950
-7550
1650
13000
23250
29150
33300
32350
36700
22550
24550
12600
12100
-3850
-11750
-10150
-19050
-17650
-23650
-19850
-18750
-18950
-19650
-13350
-11300
-15100
-12300
-9400
-9300
-15300
-5650
-9300
-8800
-7400
-12100
-7600
-9400
-8300
-12700
-10250
-9950
-12050
-12500
-11650
-11900
-15150
-12550
-15450
-16500
-17500
-17050
-19100
-19600
-17600
-25850
-20500
-20700
-27500
-29050
-24800
-26250
-35550
-28800
-27800
-35150
-37450
-23000
-32750
-30350
-19650
-18800
-19600
-19500
-5600
-20150
-16950
-18750
-35850
-38900
-42600
-54750
-70450
-57250
-71450
-72500
-63350
-54550
-69000
-47350
-30150
-40000
-29100
-9900
-4950
-13600
11850
17500
13400
18550
34300
28750
30500
37850
35050
40550
36850
36550

30400
36000
28800
21400
19500
14700
7250
-2300
-3950
-17050
-20250
-32100
-32600
-39750
-48300
-47850
-48750
-44750
-48950
-34050
-28950
-19600
-12900
5200
14950
19700
30800
28600
40100
30900
28700
18600
14050
9900
-2400
-6550
-13150
-15500
-21250
-20200
-23150
-16250
-19650
-17100
-14350
-16350
-12250
-13700
-9450
-10650
-9250
-7300
-11750
-7750
-6950
-9350
-10950
-7100
-9750
-10850
-11100
-8050
-12800
-14600
-9500
-14350
-12300
-15500
-14050
-16250
-16600
-15650
-20050
-16100
-19850
-22600
-22550
-21000
-26600
-26450
-24000
-28400
-32300
-31950
-24250
-39700
-33250
-23500
-29350
-32450
-21900
-14900
-22850
-13950
-13400
-16050
-19300
-13700
-33400
-41000
-39250
-58950
-61500
-62850
-66350
-81250
-58850
-57750
-62200
-47850
-29950
-37600
-33900
-5950
-8500
-9150
5200
20250
11650
20800
33000
30900
32950
33350
38700
36300
42300
33050

35650
33050
28350
22000
20150
17200
2750
2750
-7700
-12600
-24050
-27700
-34850
-40700
-46000
-49450
-43200
-50800
-42000
-40150
-24450
-20750
-10350
5200
12450
23550
27650
34350
34500
35900
24700
23400
14900
9400
-700
-12200
-10150
-17800
-17250
-23000
-19350
-15800
-21450
-17950
-14700
-10800
-14500
-11350
-9300
-9050
-11400
-7250
-7450
-8800
-5700
-13350
-8000
-8000
-7700
-12950
-10250
-5550
-14150
-11100
-10900
-12150
-15900
-11800
-14750
-16700
-15850
-15250
-17900
-21100
-15150
-24450
-21100
-22100
-25300
-27050
-26500
-23800
-34700
-27100
-27300
-34400
-36150
-22550
-28550
-30750
-19950
-19050
-17200
-19600
-5200
-19400
-15750
-18700
-31700
-37850
-44700
-51000
-70350
-57200
-70400
-69300
-63800
-56100
-66300
-47050
-26950
-38450
-29850
-11400
-2300
-13150
7200
19900
14050
19900
30600
33650
27950
39300
36700
40950
36150
35650

35050
33600
28800
22100
22500
12350
8350
-2450
-2250
-18250
-21350
-28800
-32850
-39650
-47850
-46650
-47800
-44350
-47650
-36500
-28700
-16400
-7750
2850
16000
21250
31750
27900
39750
33750
26850
21200
14750
11100
-3550
-6750
-12950
-14700
-20000
-21100
-19500
-16650
-17100
-21650
-11300
-12300
-12450
-14500
-5700
-6850
-12950
-6150
-9800
-5300
-8950
-8150
-9300
-7750
-7150
-10450
-9150
-9000
-11050
-13350
-8950
-14750
-14400
-11900
-14900
-13900
-17400
-12400
-20800
-17950
-17550
-21450
-23050
-19950
-22250
-28500
-24800
-28150
-28700
-33100
-22550
-36800
-34150
-24550
-29550
-29150
-25350
-12350
-21200
-14250
-10450
-12450
-19900
-17350
-28650
-42100
-39350
-58350
-58250
-67850
-67250
-74600
-60300
-54100
-61000
-47500
-37200
-33200
-32550
-6950
-6050
-5650
5100
19300
14600
19100
32200
31250
33950
34050
40800
35450
39650
36350

34900
34850
27050
25800
18250
16050
4200
2350
-7300
-11500
-20950
-30050
-32500
-40550
-42800
-51750
-43900
-47550
-43850
-37500
-24650
-17800
-11650
4050
14050
26050
27750
34450
36100
33400
26300
22050
16300
7900
0
-9750
-9300
-17250
-16700
-18950
-22500
-15150
-19700
-15600
-15550
-10950
-14400
-10700
-7400
-7150
-8750
-8550
-6450
-9850
-5800
-11000
-8000
-7350
-7650
-10700
-12900
-6350
-11050
-12850
-11350
-10650
-13750
-15450
-11700
-16150
-14500
-17700
-15550
-20450
-17500
-23650
-20100
-20500
-26150
-24950
-26900
-22600
-35300
-28600
-26350
-34300
-34950
-25100
-26050
-33600
-19600
-17200
-14700
-20100
-6900
-15300
-18800
-15700
-31900
-32600
-48000
-53300
-68500
-58750
-66700
-67900
-62800
-58950
-62050
-49750
-28950
-35000
-26650
-15750
-2950
-8700
8250
18550
16000
22500
29700
35150
31000
37050
35600
41450
38150
35650

