
Curva de Excitacao - Bobina Girante (Dados Brutos)

Arquivo..............: C:\Arq\Wiggler\Medidas Wiggler - Corretoras\Bobina Tungstenio\Gap27\Translado27_X=-7_#014.dat
Data.................: 16/02/2005
Hora.................: 09:50:32
Ganho................: 10
N. de Coletas........: 1
N. de Voltas.........: 10
Intervalo de Análise.: 4 - 8

-9300
2650
-7600
-4850
-4150
-8550
-2400
-8950
-4700
-12050
-2250
-6050
500
-550
-2100
2400
-150
5200
-700
2750
3350
3050
-12550
-9550
-14750
-17150
-16900
-26900
-19100
-23950
-21550
-21000
-19750
-9400
-10500
-14300
-8050
-2650
-9350
-3550
-2300
-1750
-2750
-3600
-550
-1600
3100
-4150
-400
-2500
-5100
-7100
-6800
200
-5900
-9000
-9100
-6400
-10100
-9500
-10600
-9350
-11250
-14800
-10450
-13850
-11000
-15400
-11200
-13350
-14950
-12200
-12950
-12250
-16650
-14500
-15050
-14600
-19550
-17150
-16650
-18600
-15800
-23300
-23500
-29550
-25750
-29800
-30500
-29300
-33700
-30650
-37850
-39400
-44800
-30750
-39300
-40400
-37800
-33800
-36950
-40100
-19000
-32750
-24650
-25300
-17250
-33350
-23850
-19400
-28350
-26200
-28350
-22250
-34450
-17100
-30400
-18800
-19100
-13500
-17000
-8200
-5550
-16450
-4700
-2300
-1750
-13500

4700
-2950
-5150
-5700
-4100
-2350
-11750
-2600
-7750
-4900
-8200
-900
-3750
1100
-1700
-600
7600
900
6400
-1850
2500
-1700
-7250
-8250
-12200
-14800
-22000
-23900
-23350
-20700
-20200
-20550
-15350
-13100
-12100
-16300
-2900
-5150
-4150
-5100
-2350
-150
-5950
1950
-2600
300
-1900
-4000
-2250
1700
-3900
-6800
-3550
-4800
-6050
-11900
-3600
-6400
-9300
-11000
-11800
-6650
-13400
-10450
-12000
-10450
-13800
-12850
-12500
-13100
-12700
-14250
-13700
-15150
-12000
-16200
-13450
-15400
-16550
-15150
-19600
-16450
-21800
-19850
-25250
-24800
-27450
-26950
-31300
-33650
-33200
-36300
-25250
-43650
-36300
-37650
-37000
-44450
-37250
-30050
-40900
-30750
-26550
-26200
-38100
-13900
-22500
-25100
-26450
-20950
-26600
-33350
-17300
-30550
-22400
-28250
-20200
-25750
-13300
-18650
-17350
-5400
-8900
-10450
-9700
4050
-9450
-5950

-700
-500
-6300
-4250
-1600
-8650
-4050
-6750
-2550
-8750
-2900
-5800
-3550
2200
250
1650
3650
5850
1600
1000
2400
1500
-5800
-12150
-12100
-15450
-18000
-25200
-20850
-18950
-23350
-18850
-19350
-7050
-13750
-11950
-7450
-5200
-5600
-4600
850
-2650
-850
-3100
-1000
-2750
1250
-2150
-2250
2050
-5950
-4800
-5200
-350
-8400
-8200
-6550
-6950
-7900
-10850
-7750
-10100
-9650
-12850
-10050
-12750
-11500
-11200
-14100
-10750
-14250
-11600
-14200
-12400
-14000
-15000
-13150
-14700
-14700
-17650
-15650
-20600
-18500
-22950
-19400
-27000
-28150
-25850
-31500
-27100
-38050
-29900
-34300
-38400
-40800
-30900
-39500
-40850
-35750
-35050
-37600
-36600
-18950
-33650
-26750
-21550
-19150
-32050
-22000
-19450
-27300
-26700
-27000
-23950
-30600
-19150
-28050
-17950
-14450
-17700
-16600
-8050
-6800
-13850
-2950
-1000
-3200
-8350

1200
-2850
-5900
-1200
-3000
-4350
-7650
-5900
-6150
-4750
-4800
-3950
-2300
900
-1700
750
6300
6450
3150
1850
-550
1500
-7600
-8800
-12350
-14350
-19100
-25900
-18650
-20200
-19200
-23350
-14700
-12150
-13100
-13250
-3250
-2650
-7550
-3400
-4600
1050
-4700
1150
-1950
1350
-1150
-5600
450
300
-1750
-6400
-3350
-5350
-4900
-9050
-5850
-5550
-8900
-9300
-12400
-6700
-9550
-12950
-11050
-10850
-10850
-14800
-10100
-13550
-12950
-15000
-11450
-12800
-14000
-14250
-14200
-13300
-17550
-13600
-18350
-15550
-21750
-20350
-21550
-24800
-25800
-28200
-26400
-35100
-33900
-34200
-28900
-41650
-35450
-34000
-39900
-41750
-36950
-31900
-40250
-29100
-26950
-27500
-32000
-15600
-22050
-25350
-22800
-23050
-26450
-28600
-23050
-29800
-21500
-23600
-25150
-21600
-12950
-19150
-16400
-6550
-7250
-12200
-5800
1500
-6800
-4900

1750
-2200
-6500
-3950
-2350
-4900
-5400
-5250
-4000
-4350
-6950
-4800
-500
3000
650
1200
7600
2550
5550
1500
5200
-2150
-6100
-9700
-12850
-14950
-18850
-20500
-22950
-18350
-22750
-18150
-17150
-8200
-12250
-13850
-2900
-7300
-1600
-5400
-800
-1600
-250
-1900
-1750
1950
2050
-2850
-3250
2900
-4100
-4550
-5000
-150
-3950
-9550
-4550
-7850
-5750
-11450
-8150
-7500
-9700
-11750
-11900
-8950
-13250
-11100
-13400
-9300
-15250
-11550
-11750
-13000
-12850
-14800
-9750
-16600
-13850
-17050
-15400
-18500
-18950
-20000
-22100
-23650
-28550
-25450
-30650
-27000
-35750
-30200
-30750
-40250
-37250
-32850
-37300
-42900
-35550
-32900
-37550
-34200
-21950
-29650
-26850
-18100
-22300
-28150
-22750
-20700
-26200
-26200
-25100
-25600
-23150
-23650
-26450
-18300
-12550
-18050
-17100
-4950
-7850
-12450
-3550
1650
-6350
-5900

1200
-2250
-5900
-2000
0
-5500
-4800
-7650
-1450
-6500
-2200
-3800
-2550
550
-700
3850
3300
9550
2300
3850
-550
1900
-6500
-8950
-10350
-16050
-16950
-26200
-18200
-20850
-19050
-21800
-15450
-9500
-12850
-9900
-4700
-1150
-6850
-3050
-2750
0
-2500
-300
2550
-1150
1750
-5300
1250
1900
-2600
-4100
-4600
-650
-7200
-7750
-6800
-4350
-8650
-8800
-9550
-8550
-8350
-11650
-10150
-13000
-9300
-13000
-11550
-12850
-11050
-11350
-13350
-10250
-14700
-13600
-13900
-12300
-18150
-14200
-15350
-15950
-20100
-21100
-19100
-26950
-25150
-28050
-27100
-33100
-34100
-31000
-30900
-38550
-36600
-33650
-40250
-40500
-37100
-32950
-36600
-31900
-22600
-30950
-27000
-19650
-21000
-25800
-22650
-21400
-26900
-25200
-27400
-25100
-23150
-21050
-26150
-17900
-14800
-18200
-13800
-6050
-7600
-11550
-1000
-2750
-4600
-4250

750
-1650
-4150
-1500
-6000
-1750
-7300
-2350
-7000
-2050
-6950
-2900
-400
1850
3600
-100
7350
2800
5750
700
4750
1350
-6450
-9600
-12600
-10850
-19850
-22050
-21600
-17400
-23350
-17950
-14100
-11750
-9550
-12700
-1900
-6400
-1100
-5400
-450
950
-2700
-200
-1600
5250
-1800
-2100
1150
1700
-4950
-3900
-750
-4950
-2100
-10100
-4600
-7700
-5050
-8550
-11550
-5600
-10400
-10450
-13150
-9550
-11850
-11500
-12500
-10800
-10900
-13350
-12000
-12200
-10550
-16900
-11450
-13750
-15800
-16250
-15750
-13500
-21850
-19700
-21000
-22750
-29450
-23600
-28900
-31050
-33350
-31100
-30150
-41600
-32000
-35050
-39900
-39000
-34800
-34900
-39850
-27350
-27250
-26700
-26700
-16550
-24400
-24650
-21900
-24550
-21650
-25850
-25650
-29100
-18600
-24550
-26050
-16750
-12350
-16550
-18500
-3250
-12000
-7500
-4000
1500
-5600
-3400

-600
-1650
-1350
-3600
1400
-6750
-2950
-9400
-3000
-1650
-4100
-3600
-700
4650
-1950
4500
4600
8650
1600
5250
2050
-850
-2550
-9600
-9900
-15500
-15500
-25900
-19100
-19650
-19200
-17800
-17100
-9100
-11550
-7300
-5850
-2500
-2650
-2600
-3550
-100
2750
-2500
1200
100
3050
-4450
150
4200
-3650
-3700
-5400
550
-6700
-6900
-6500
-3100
-4850
-9800
-8750
-9050
-8050
-13550
-8400
-11400
-9450
-11950
-11000
-9350
-13150
-8650
-13450
-10200
-15300
-12550
-11750
-13500
-14700
-15750
-13800
-17850
-18350
-22750
-17550
-25850
-25350
-25700
-28400
-28950
-36700
-27100
-33650
-36700
-35950
-33000
-38400
-40600
-32600
-35700
-32900
-33850
-22200
-30250
-23900
-21050
-22050
-20600
-24050
-20050
-26300
-22000
-30550
-23400
-21050
-20850
-25950
-17250
-13050
-19300
-11200
-6950
-4950
-13800
-400
-1750
-3750
-2500

