
Curva de Excitacao - Bobina Girante (Dados Brutos)

Arquivo..............: C:\Arq\Wiggler\Medidas Wiggler - Corretoras\Bobina Tungstenio\Gap27\Translado27_X=-6_#015.dat
Data.................: 16/02/2005
Hora.................: 09:53:33
Ganho................: 10
N. de Coletas........: 1
N. de Voltas.........: 10
Intervalo de Análise.: 4 - 8

-8350
-1450
-6600
-8600
-6850
-6250
-1550
-4750
-7450
-6800
-3250
-5550
700
2650
-2100
-550
1150
-2900
1000
-4800
-900
-5850
-15900
-16400
-21850
-16650
-18350
-21700
-23900
-14700
-20250
-15050
-16150
-4400
-4550
-10200
-1750
-5400
1350
-4400
-2000
-2500
1500
850
-3950
4700
3950
-1950
-4550
2050
-4200
-5000
-6500
-3050
-1500
-11300
-6550
-9000
-7550
-11000
-11850
-9900
-10650
-11900
-12600
-11050
-13600
-12350
-14850
-11700
-12950
-13800
-13000
-14750
-12200
-16300
-11850
-16200
-14200
-15700
-16350
-16050
-17850
-19550
-22800
-21900
-28300
-25850
-29950
-25950
-35050
-28650
-32900
-40600
-38500
-34600
-36400
-42500
-35100
-35650
-38800
-41450
-29300
-35550
-27350
-24300
-24950
-25950
-25900
-24100
-25450
-19500
-25700
-23750
-23750
-21950
-32250
-16950
-15150
-18750
-16200
-9150
-12900
-15800
-6950
-1600
-7550
-9850

-2500
-6350
-4200
-5250
-4750
-4750
-6300
-7750
-4550
-3800
-2500
-1550
-4750
3500
-1850
1450
1900
2750
-900
-4700
-6850
-8350
-11400
-15500
-16250
-21400
-18200
-27350
-18900
-18200
-13300
-16350
-13750
-7850
-10300
-6650
-5950
-2000
-3450
-600
-4350
-350
500
-450
-500
-750
2600
-5850
-2250
1100
-3800
-4550
-6500
-1900
-7850
-7950
-9150
-6700
-7800
-10700
-11000
-10850
-9500
-14350
-11200
-14000
-10350
-13300
-14300
-13000
-13250
-12650
-15000
-10500
-15200
-14450
-15450
-12100
-15250
-12650
-17400
-16950
-15750
-21850
-17850
-24800
-25700
-27750
-25750
-31450
-34950
-30650
-29600
-40050
-38300
-32050
-38900
-40600
-38300
-34150
-41100
-34300
-29300
-33800
-32950
-24300
-27100
-24200
-22200
-23400
-24650
-24650
-25950
-27350
-18350
-22900
-24400
-21450
-14650
-23300
-16050
-7800
-8500
-14000
-8600
-7100
-8350
-6250

-3200
-2950
-5650
-3300
-10300
-3850
-4650
-4900
-5900
-3850
-3150
-7100
500
2350
4400
-5150
5200
50
-200
-5250
-3850
-4450
-13950
-13950
-21050
-15050
-21400
-21650
-22000
-15450
-17700
-16750
-11950
-7750
-6250
-10800
-2750
-5600
-1350
-1450
-2400
1850
150
-950
-4500
3300
-200
-1300
-2750
900
-3850
-5350
-3400
-5500
-4300
-9350
-6650
-8700
-6900
-8500
-12950
-7600
-11050
-10750
-14750
-11150
-11600
-12750
-12650
-12450
-10900
-16100
-10900
-14600
-11700
-17050
-11000
-13500
-15350
-14750
-16200
-13950
-20350
-17700
-20900
-21200
-27950
-24550
-26950
-30400
-32950
-32600
-29000
-40550
-34250
-34800
-39500
-38650
-37900
-33950
-40700
-34100
-32800
-31800
-30850
-23500
-26050
-24200
-21700
-28850
-19300
-24050
-23950
-27150
-20100
-23600
-29350
-15950
-13750
-17300
-21100
-6200
-13100
-10900
-9700
-2250
-5900
-9700

-3100
-6350
-1100
-6900
-2850
-6300
-2900
-9800
-4550
-700
-4350
-1050
-4400
5950
-4850
3600
850
4700
-1850
-3800
-3850
-8650
-9350
-17150
-15250
-19850
-16550
-25900
-18850
-15550
-16500
-13550
-15900
-5850
-11150
-4500
-4450
-2450
-1300
-2700
-950
-500
4600
-2100
-400
800
1850
-3400
-3200
3000
-4600
-1850
-7700
-1000
-6100
-8350
-8350
-6950
-4250
-12050
-11150
-10400
-7250
-15200
-9900
-11850
-11250
-12400
-13100
-11100
-14600
-11450
-14800
-10800
-14800
-13600
-11950
-14150
-13350
-15850
-15100
-16550
-16200
-21100
-17550
-22600
-26050
-23500
-27500
-27500
-36050
-28950
-33100
-37350
-36150
-33700
-36800
-40100
-34750
-38800
-36450
-36650
-27650
-32300
-30050
-25400
-27000
-18800
-26750
-21800
-24000
-19200
-30450
-24850
-17450
-20500
-25550
-20250
-11400
-24950
-12950
-9650
-7400
-14750
-6400
-5000
-7950
-4400

-4250
-950
-7950
-2500
-8950
-2550
-4450
-4600
-4050
-4200
-2250
-7250
2350
650
3850
-1600
3350
250
2250
-1900
-6600
-4300
-12850
-13650
-22000
-13800
-17950
-23350
-18150
-17750
-13700
-17950
-9750
-9150
-5900
-8400
-4400
-2600
-1750
350
-5650
5300
-350
350
-2600
2800
2900
-4850
1100
-450
-750
-7000
-4000
-2250
-4000
-8350
-8600
-4900
-8150
-8250
-13300
-6750
-11400
-11050
-12350
-11300
-10750
-13250
-11500
-13150
-10550
-14200
-12000
-13850
-11750
-13650
-12150
-10800
-16050
-12950
-16450
-12250
-20000
-19500
-18450
-22600
-23900
-27200
-25300
-31400
-31200
-32850
-28950
-39150
-35250
-33100
-38800
-35000
-40150
-31300
-40550
-34050
-33300
-29250
-27600
-27900
-23100
-24950
-20600
-28550
-17400
-24600
-23450
-24400
-18350
-23500
-28750
-12150
-17250
-17350
-19400
-5350
-13900
-9000
-7350
-4100
-3700
-6850

-1800
-9050
-950
-6000
-1750
-5500
-3400
-6900
-4950
-300
-3100
-1250
-4050
5350
-1850
1350
2500
4650
2900
-6200
-4000
-6350
-8850
-16600
-15900
-16450
-18450
-23750
-20500
-13150
-17500
-13000
-14650
-6950
-7850
-7100
-2700
-4500
2450
-4300
-1900
-250
3350
-300
-750
3050
150
-950
-3350
4600
-4500
-350
-6450
-2350
-3500
-7750
-5550
-8300
-3250
-11450
-9100
-10550
-6750
-10750
-11200
-9150
-10150
-10100
-15500
-9400
-11500
-10800
-13650
-10500
-10350
-15900
-8850
-14250
-12850
-16500
-13950
-14600
-17850
-18400
-19200
-20250
-27550
-20750
-29000
-28450
-34350
-27100
-31350
-38400
-31400
-35350
-33400
-40700
-34700
-39050
-34550
-36600
-29850
-31250
-28100
-23950
-27950
-17900
-26600
-21000
-23750
-20450
-28500
-24750
-16150
-22800
-22100
-19500
-13650
-22700
-12400
-10800
-7750
-11700
-7750
-4800
-7100
-1350

-7250
700
-4800
-3650
-8800
-550
-2100
-6300
-2200
-2400
-2000
-5500
1050
3800
1900
1450
1650
3800
-1500
-1250
-5300
-2700
-11150
-14800
-17700
-16300
-15050
-25600
-17400
-18100
-13300
-16550
-9800
-5700
-6900
-3550
-6450
-1700
-1500
1800
-2500
3250
650
-750
2400
400
4450
-2850
2600
-850
-3100
-2550
-3850
-3200
-4150
-7500
-8900
-3800
-6150
-9200
-12300
-5600
-7650
-12900
-10600
-12000
-9650
-13650
-10500
-10950
-10700
-11650
-14100
-9750
-13650
-11750
-13050
-11250
-16400
-12100
-14000
-13000
-17850
-20050
-15100
-24050
-23300
-25400
-24900
-31200
-31950
-27050
-31800
-37200
-34850
-30400
-40250
-32800
-39500
-34450
-37850
-34150
-30700
-31350
-24200
-26450
-21800
-22900
-22750
-27350
-17450
-21350
-27600
-23750
-17450
-21950
-28850
-11800
-14550
-16950
-17250
-7500
-12250
-12000
-5200
-3950
-1750
-6850

-3700
-4550
-1600
-5150
-4850
-1650
-4800
-6250
-5700
1350
-3100
-50
1600
2050
1050
250
5700
1250
2750
-3450
-3700
-6300
-8100
-13300
-18900
-11350
-19500
-22750
-20500
-13150
-14600
-13950
-12300
-9300
-3450
-8100
-1950
-3800
2850
-2050
-4700
4850
2300
2450
-1850
5700
900
-400
-650
1800
-1000
-4250
-2800
-4450
-2150
-8950
-5550
-6050
-5150
-8800
-10300
-5850
-9150
-9400
-13200
-10150
-11800
-10500
-12550
-12200
-10000
-11750
-10550
-13250
-9500
-14950
-10800
-12900
-13600
-13750
-14700
-11750
-19150
-18100
-18300
-20400
-27000
-22650
-25950
-29050
-31400
-30350
-28950
-39650
-30050
-36150
-34250
-37750
-36600
-35500
-36150
-33700
-32950
-26350
-28900
-24550
-25050
-17500
-25350
-23050
-17600
-22000
-26950
-25300
-14600
-22650
-23050
-16650
-14900
-18550
-14700
-6900
-9750
-9450
-7600
-5400
-5750
-4400

