
Curva de Excitacao - Bobina Girante (Dados Brutos)

Arquivo..............: C:\Arq\Wiggler\Medidas Wiggler - Corretoras\Bobina Tungstenio\Gap27\Translado27_X=-5_#016.dat
Data.................: 16/02/2005
Hora.................: 09:55:05
Ganho................: 10
N. de Coletas........: 1
N. de Voltas.........: 10
Intervalo de Análise.: 4 - 8

-10000
-750
-9700
-7100
-6600
-7150
-800
-6450
-2900
-9350
-1850
-4500
1700
-2750
-2750
-950
-4550
-1850
-10450
-5500
-8000
-9600
-23950
-17350
-17800
-20850
-18350
-22300
-12350
-17100
-12750
-12700
-10150
-3800
-7250
-7900
-1900
2200
-6550
800
1650
-550
100
100
1100
-2350
3200
-2650
-400
-5250
-2800
-6950
-8200
-800
-8250
-8050
-9450
-7150
-13100
-11150
-12250
-9500
-11800
-14900
-9700
-16700
-11900
-14850
-11100
-13400
-14500
-13100
-14550
-13650
-15000
-13050
-13000
-12200
-18000
-11300
-14100
-16900
-13350
-16850
-17300
-25800
-18800
-23300
-28750
-26350
-29800
-28600
-34000
-36600
-42050
-31900
-36550
-38250
-37200
-34100
-38750
-43650
-27650
-41050
-33650
-27800
-23100
-36750
-26200
-18200
-27100
-24700
-22550
-19300
-31800
-18150
-26450
-16900
-19000
-15800
-19900
-12550
-9850
-19650
-7600
-6250
-7950
-14800

-400
-6000
-8650
-4550
-4750
-3500
-13500
-850
-5750
-1800
-4200
-900
-3450
-2050
-2750
-2850
2400
-5600
-5250
-11650
-7550
-11350
-19150
-14100
-16850
-20400
-22500
-20000
-16450
-12750
-11400
-14250
-8700
-6150
-6550
-10800
3200
-1700
-3500
-1650
2650
2250
-6050
4250
250
1600
-1500
-3100
-500
500
-5300
-7800
-2450
-4800
-7150
-14250
-4250
-8150
-11300
-10000
-11150
-9150
-14800
-12250
-13250
-10800
-14150
-13100
-14050
-13800
-13600
-13900
-13450
-12900
-13000
-15500
-10850
-12350
-15800
-11400
-15650
-12850
-17850
-13650
-19900
-21700
-20950
-21900
-27050
-29200
-28350
-34450
-27550
-40600
-33200
-35150
-36050
-39300
-38600
-32100
-44000
-35100
-33050
-35100
-43550
-22000
-28650
-30850
-24650
-19850
-25100
-31850
-16800
-26800
-19950
-22500
-18950
-23900
-17150
-19750
-17600
-8600
-13100
-13650
-12800
-3400
-11950
-7150

-2100
-4800
-9500
-5600
-3050
-8650
-3250
-5100
-1250
-8300
-3950
-2650
-2050
800
-2700
-3550
-1800
-1950
-6500
-9650
-5450
-12600
-16800
-19300
-17350
-19450
-17400
-19100
-17550
-12100
-15350
-10950
-12250
-50
-6850
-6750
-100
-1200
-650
-2450
3300
900
1000
-1250
2700
-250
-450
-3200
-1100
1800
-6200
-5650
-5250
-3400
-8800
-8700
-6950
-8150
-10250
-11300
-10550
-10600
-12000
-11600
-12000
-13150
-13600
-12250
-13650
-11950
-14250
-13000
-13400
-12700
-11800
-15100
-9950
-13850
-13000
-15900
-12600
-15400
-14850
-17650
-16700
-19250
-22650
-20450
-28450
-25400
-32050
-28450
-32400
-37800
-34150
-32650
-37650
-40200
-33800
-37800
-39000
-39900
-29800
-39300
-33350
-24350
-28900
-32600
-25200
-19600
-26600
-23750
-22050
-23100
-26250
-20000
-23950
-18650
-15850
-18150
-17200
-12600
-13000
-14900
-6600
-5150
-9350
-9400

-4200
-5650
-7500
-2950
-4000
-4900
-6550
-5650
-3100
-3750
-1450
-2800
-1950
600
-4200
-1600
350
550
-9250
-7900
-9700
-11150
-17550
-16700
-17250
-20000
-17550
-22350
-12300
-13800
-11150
-14950
-8000
-3100
-7300
-4950
-350
450
-4100
400
-300
3850
150
2150
1050
1050
1350
-6300
100
550
-3800
-6350
-4350
-2400
-8350
-10050
-9200
-5100
-9700
-11250
-12550
-9050
-11200
-14550
-10550
-12850
-11000
-15150
-12700
-12850
-13700
-12650
-12950
-11450
-14900
-12900
-12900
-11800
-15500
-11550
-14250
-14550
-16350
-16850
-15750
-22450
-20200
-22500
-23550
-30400
-30300
-28500
-30150
-38800
-35150
-29700
-41100
-38650
-36400
-34050
-43050
-35350
-29750
-37250
-34350
-26750
-28650
-29450
-21800
-22300
-25300
-26200
-23100
-23050
-21200
-20050
-24350
-20000
-15700
-20850
-17750
-8200
-10850
-15950
-7100
-7600
-10000
-8500

-1000
-5700
-10600
-3000
-4000
-3150
-6250
-2300
-4350
-2850
-5250
-3150
1750
1050
-1300
-3900
3500
-5700
-4800
-8400
-6350
-12400
-17650
-15050
-20400
-15900
-20500
-17600
-16500
-11500
-15850
-10350
-5900
-3850
-6100
-9150
2200
-2700
-300
-400
3200
2250
350
2000
550
2700
350
-2550
-950
1250
-4800
-5300
-2000
-4900
-4600
-10900
-5250
-8050
-9100
-10350
-10700
-7050
-13350
-10450
-11950
-10600
-14650
-11650
-12400
-12800
-12700
-12800
-10750
-14450
-10050
-14200
-9400
-13900
-12300
-12200
-13950
-12450
-16450
-14700
-17750
-18750
-23500
-18850
-26000
-26150
-29850
-29250
-28450
-40100
-31600
-34800
-37200
-37600
-33800
-34300
-41800
-34100
-32600
-36500
-35100
-23250
-29300
-29700
-24350
-21250
-22050
-26050
-18550
-24750
-20750
-24150
-22600
-16900
-15900
-17350
-17800
-8350
-15950
-12200
-6650
-4200
-13100
-7250

-1450
-7450
-6600
-3500
-50
-8750
-3900
-5300
-1150
-3300
-1700
-1050
-3200
3100
-3750
1950
-1400
-400
-7200
-6700
-7050
-11600
-13550
-18450
-15550
-20350
-15750
-22250
-12200
-11550
-13800
-10100
-9650
-2400
-9250
-3250
700
-400
-1250
1450
4000
-150
2200
650
4300
1150
-50
-1850
1100
2400
-6850
-3050
-3900
-1950
-8600
-7850
-6000
-7600
-8000
-9950
-8250
-11950
-9800
-13400
-10150
-13600
-9850
-11800
-13300
-11700
-14100
-10700
-13650
-9900
-13550
-12800
-10650
-12000
-12250
-13200
-10600
-14650
-14600
-17550
-14250
-20400
-20850
-21050
-25350
-24750
-32400
-25800
-33750
-35700
-33200
-31800
-37700
-36800
-33250
-39150
-35650
-37350
-28250
-39200
-32500
-25100
-28850
-26350
-24250
-19550
-26700
-21400
-24100
-20300
-20450
-20700
-22250
-19500
-14150
-21800
-12250
-10950
-9650
-15400
-5850
-6450
-8900
-4650

-3000
-4350
-9750
-2000
-6300
-1550
-5050
-3050
-3200
-1200
-2500
-4150
2700
0
-150
-3300
3100
-2750
-5600
-4450
-8900
-8600
-18750
-14700
-19450
-14300
-18100
-19600
-13400
-12950
-11450
-12950
-4100
-4750
-4350
-6000
2050
-400
-700
2600
-100
6150
-650
2500
1700
4500
1050
-2250
3850
-900
-2500
-6100
-2000
-4250
-4150
-8650
-7000
-4600
-8400
-10000
-12300
-4750
-11500
-11200
-11400
-9650
-10550
-12550
-9850
-13000
-11800
-13550
-10300
-11800
-11700
-12750
-9900
-10100
-15100
-10400
-12850
-10650
-17650
-14300
-13050
-20550
-20350
-20900
-22150
-31100
-26700
-28050
-30450
-39500
-29800
-30300
-39400
-33400
-36350
-33200
-41850
-32250
-34350
-34600
-30950
-26900
-26850
-29250
-21050
-25950
-17450
-24700
-21250
-23650
-18200
-21700
-25100
-11750
-16500
-16250
-18800
-6650
-15350
-10950
-5200
-4250
-8400
-8500

-2150
-6550
-3350
-6050
-900
-4550
-4200
-4750
-2700
2500
-5300
-600
500
2450
-4200
1450
4450
-3350
-4550
-7850
-5850
-12450
-13000
-16950
-17300
-15950
-18700
-20150
-14900
-8300
-14900
-10200
-7300
-4050
-5450
-3850
3750
-3250
2600
-600
3050
2350
4300
1250
3150
5150
-1150
-400
1200
3300
-6950
-2450
-2850
-3200
-4500
-8050
-5350
-7550
-5300
-10700
-9450
-8050
-10550
-11200
-11350
-8850
-13350
-10100
-11200
-10950
-13650
-10650
-11200
-12150
-10300
-13900
-9300
-13250
-10500
-12500
-12000
-12800
-14050
-15650
-15700
-16450
-23800
-18200
-25950
-25500
-30700
-25200
-30200
-38600
-26950
-34500
-36350
-38550
-30400
-39900
-36100
-33300
-31250
-35200
-32450
-24000
-31000
-22450
-25950
-21400
-24200
-21700
-23850
-20800
-16300
-22650
-22250
-17200
-14800
-22400
-11950
-7750
-12900
-13900
-5600
-4300
-11500
-2950

