
Curva de Excitacao - Bobina Girante (Dados Brutos)

Arquivo..............: C:\Arq\Wiggler\Medidas Wiggler - Corretoras\Bobina Tungstenio\Gap27\Translado27_X=9_#030.dat
Data.................: 16/02/2005
Hora.................: 10:23:32
Ganho................: 10
N. de Coletas........: 1
N. de Voltas.........: 10
Intervalo de Análise.: 4 - 8

-19250
-12800
-17750
-15500
-16350
-11200
-16450
-14400
-8800
-13900
-10150
-10800
-7200
-10150
-5200
-7550
-10950
-2350
-1150
-4150
450
7200
-1400
-2550
-3100
1450
7150
1800
2450
-4550
-700
-5350
-6500
-450
2600
6750
4050
11250
7500
9450
10600
11550
4850
6750
10550
5150
10050
-7300
-7800
-21900
-21950
-28950
-24050
-24150
-32050
-37200
-45400
-36800
-41950
-29100
-40300
-31000
-40800
-42950
-41850
-27150
-26300
-30950
-22900
-34300
-23700
-18900
-12550
-21950
5800
4850
-9850
1900
16650
8400
2250
19550
-600
-2450
6250
-1700
-23700
-11450
-17850
-39150
-32150
-24000
-33350
-33450
-17450
-24650
-29050
-10500
-8550
-10900
-6550
-3450
-16600
-14250
-10050
-15000
-15750
-16200
-20750
-23450
-18700
-28850
-29000
-20250
-21600
-26250
-27450
-19050
-25450
-23900
-22100
-23750
-20250
-18650
-19300
-19550
-15150
-21450

-15500
-18100
-13450
-17000
-15500
-10250
-16150
-12400
-13350
-10050
-10350
-9050
-12050
-6550
-5350
-9400
-2450
-2750
50
-9150
600
2300
1550
2900
1800
4700
-1900
-600
-4900
750
1900
-750
-7250
1400
3250
250
8050
4550
13150
7650
11800
9800
11250
13850
6500
2000
-3950
-4000
-9000
-9500
-19850
-19450
-34750
-34950
-34200
-32800
-32600
-37050
-33800
-45900
-41900
-35650
-31500
-36550
-30900
-36500
-36100
-33950
-23100
-26050
-19150
-13150
-22250
-15450
-400
500
-5550
13450
9800
1500
7950
18150
-1450
5000
8100
-14000
-20900
-7450
-20650
-35850
-23750
-29050
-38450
-36150
-16000
-28350
-19550
-8400
-15700
-12650
-6850
-4950
-13500
-7300
-13250
-14800
-18650
-15800
-25350
-20450
-17000
-28450
-25750
-23800
-20200
-29100
-24900
-23150
-21150
-24100
-24100
-20650
-20500
-19200
-25050
-15600
-17100
-18500

-18150
-12400
-15500
-18400
-12600
-12500
-11750
-15100
-10050
-13000
-8800
-12800
-9350
-2900
-8650
-5800
-8100
-950
-5850
-1150
2050
2300
1400
250
3250
950
8200
-2050
-1050
-2200
-600
-2750
-3050
5250
-350
1750
4550
8450
10300
13550
12000
8250
8950
9500
7250
4950
4900
-2400
-12700
-17850
-19950
-20700
-26900
-28350
-31500
-40650
-40850
-39300
-29150
-38550
-35000
-36500
-40300
-40300
-32000
-29700
-30750
-25400
-32850
-29200
-24100
-9250
-20900
-5950
-2150
-7550
-1150
8950
10850
5850
22050
4400
1900
5500
4800
-16150
-8500
-7050
-31550
-29750
-25500
-26050
-38600
-24900
-26050
-29750
-19450
-8900
-14150
-6850
-1550
-16300
-6700
-11900
-11950
-19000
-11000
-18250
-25300
-20050
-19450
-26250
-27800
-18700
-23750
-24450
-29000
-20350
-20600
-24900
-21150
-22700
-16950
-23000
-19350
-15600
-17600
-20400

-14650
-13050
-17700
-13650
-15500
-10450
-16450
-11000
-11000
-10050
-8000
-12950
-9250
-8000
-4900
-8150
-3650
-3400
-300
-2550
-1300
2900
3150
5900
-4250
3700
4050
-600
-1000
1850
2750
-5100
-3150
350
5300
4650
9250
6050
8250
12350
9200
15550
12250
12700
3900
800
2300
-4100
-4350
-14700
-15450
-28300
-30000
-32200
-29000
-34100
-35100
-35250
-41100
-37200
-42200
-30000
-38500
-28700
-37150
-39500
-32050
-27200
-25550
-27850
-12900
-23150
-19350
-12150
-200
-7600
6900
13100
-450
9500
12300
10400
450
14550
-3550
-12700
-9300
-13000
-26950
-25300
-22350
-40100
-32100
-28700
-26250
-25700
-14100
-11150
-17850
-5750
-8050
-9950
-6700
-7300
-17850
-13750
-11550
-21000
-23450
-19600
-15250
-29900
-24150
-22400
-23950
-23700
-23450
-22450
-23750
-21650
-23100
-20100
-20800
-18050
-21300
-17650
-16850
-17600

-14450
-17050
-13900
-15900
-13100
-11450
-11300
-13400
-13550
-7850
-10200
-9200
-10650
-3150
-8350
-6300
-4750
-3650
3150
-3550
1550
-300
3950
650
850
6550
5450
750
-3800
2100
-3250
1150
-4500
2850
4000
2750
6350
6500
16800
8900
8800
10150
13050
9600
8350
8750
2650
-5200
-12400
-14150
-22550
-17500
-28200
-26650
-34750
-38300
-37350
-36450
-33150
-36350
-35150
-41700
-36850
-36150
-32900
-33550
-25650
-25950
-35300
-27000
-19100
-16900
-15550
-3700
-7200
-7900
6200
8000
5200
15300
15950
2550
5650
8950
-3100
-8450
-6150
-15250
-29400
-23000
-27050
-34400
-27200
-29700
-28650
-25600
-14650
-16900
-10350
-3100
-6400
-11950
-5100
-9000
-17950
-9800
-13450
-18000
-26100
-17750
-19450
-24950
-23150
-21700
-22450
-25100
-25250
-25100
-17700
-23850
-22200
-22800
-17900
-18550
-20700
-14550
-18650
-15350

-18250
-13500
-13900
-16350
-14500
-10450
-11700
-15950
-9250
-9350
-8300
-15050
-7150
-3400
-8150
-3250
-5200
-100
-3700
-1000
-1800
6400
4300
4000
2650
3500
4500
-4100
3400
-1400
1400
-2800
-1650
1050
3950
10150
3350
6250
10450
14900
7850
13950
13850
12600
7400
1300
3800
-3500
-4050
-14250
-19300
-24250
-31200
-30000
-30150
-30450
-35650
-38300
-38650
-39050
-36300
-35200
-30300
-33900
-37150
-36350
-29700
-28450
-26800
-17700
-22350
-22300
-17750
-4100
-9300
3400
8200
1900
4950
15500
9950
2300
17100
5100
-5650
-8450
-6150
-20600
-21800
-20100
-32500
-33350
-27800
-28200
-29600
-14800
-18450
-16050
-13300
-3500
-9450
-9300
300
-12200
-13550
-13950
-12200
-22300
-18950
-19650
-19250
-25300
-25400
-20600
-22400
-22350
-29000
-20750
-18700
-23400
-25150
-17950
-16900
-22050
-19100
-17600
-14050
-20500

-12500
-15650
-15200
-14950
-13200
-9400
-13450
-13250
-11700
-8100
-10500
-8450
-7900
-5300
-6400
-6900
-3250
-4650
3000
-2500
1050
3350
2950
4100
-550
8750
4750
50
-1700
1100
500
50
-2400
750
7050
2150
7450
7050
17000
10700
7850
12950
12100
14200
7350
7050
3050
-5750
-10850
-13050
-13950
-23950
-24650
-31150
-32200
-39700
-34950
-33650
-34150
-33500
-41700
-36850
-38350
-29000
-35600
-27450
-28800
-31750
-30500
-24600
-19000
-19250
-5850
-12250
-6550
-3400
7800
1300
12400
16850
4300
10850
10200
7000
-7850
1350
-12150
-19650
-20600
-22800
-30950
-30500
-22200
-37800
-24900
-20650
-15650
-18100
-5100
-3100
-13950
-7150
-4850
-7250
-15550
-7950
-18250
-17000
-19800
-19950
-17700
-24700
-21600
-25050
-18650
-26250
-24400
-21000
-19500
-23200
-22550
-16900
-20650
-18000
-20950
-12950
-18200
-16250

-13300
-14450
-12350
-17050
-10450
-13750
-9350
-14300
-8950
-10500
-9000
-8450
-10700
-2650
-6250
-2900
-7050
-350
-900
-750
300
3700
8200
650
4350
4150
5650
-500
3400
1700
-1700
550
-4900
5100
3700
7500
5500
6850
12500
11250
16700
11700
13450
11200
8750
1450
4000
100
-6450
-12150
-20650
-22900
-29900
-25550
-31550
-32500
-35900
-38050
-36700
-37200
-33550
-36400
-30100
-36500
-35550
-35250
-27250
-28650
-24750
-20500
-24200
-18450
-15150
-6350
-4500
3650
1700
3450
13150
11700
8550
12250
13250
-850
-400
-1200
-12850
-16750
-17900
-23200
-34800
-25650
-31150
-30900
-22750
-19300
-20300
-16150
-5300
-7750
-8050
-7150
-100
-15200
-12350
-11700
-15650
-14100
-20350
-19600
-20750
-21750
-25650
-20350
-21100
-23500
-24550
-23000
-19300
-23550
-18650
-22950
-16900
-19200
-18600
-17550
-16150
-14700

