
Curva de Excitacao - Bobina Girante (Dados Brutos)

Arquivo..............: C:\Arq\Wiggler\Medidas Wiggler - Corretoras\Bobina Tungstenio\Gap27\Translado27_X=-8_#013.dat
Data.................: 16/02/2005
Hora.................: 09:49:00
Ganho................: 10
N. de Coletas........: 1
N. de Voltas.........: 10
Intervalo de Análise.: 4 - 8

-4650
5750
-6250
-3900
-5200
-4350
-5550
-4900
-7250
-13450
-5250
-8700
-600
-3950
-1100
-2150
1500
3000
9350
7900
8850
11400
-5950
1300
-12600
-7950
-13350
-20900
-20950
-20450
-24050
-25300
-22300
-17100
-10000
-20000
-9650
-6600
-6400
-7650
-5300
-1000
-6500
-850
-5950
900
1100
-2800
-4750
-1250
-3500
-7900
-4500
-2750
-1950
-12100
-5300
-6650
-10250
-7850
-12750
-7950
-10900
-10950
-11950
-11900
-13050
-12650
-12650
-14950
-12000
-14800
-11350
-16200
-12750
-18350
-14100
-15750
-19750
-15300
-20100
-17550
-22100
-21000
-28150
-27950
-28150
-30650
-30550
-30650
-33250
-35250
-32800
-42700
-44250
-35550
-36150
-40250
-34950
-23600
-33650
-34000
-18150
-25100
-25850
-18450
-14950
-33950
-29950
-24150
-31550
-29950
-24750
-26850
-34600
-20900
-29350
-19850
-16400
-7100
-16150
-5650
-3900
-10150
-4250
3550
-150
-7000

6650
-3150
-1250
-5050
50
-7100
-9200
-5750
-8200
-4900
-8450
-1800
-11750
1950
-4700
3150
4750
7200
9250
1550
9100
4500
4900
-5600
-2550
-12150
-13750
-22500
-21800
-19550
-23400
-21450
-25250
-13000
-17900
-16200
-8050
-7950
-6300
-9000
-750
-3750
-2750
-2900
-3250
-3350
-950
-1750
-4200
4000
-5750
-3300
-6000
-2400
-7050
-8500
-5100
-6850
-8000
-11200
-8600
-10850
-8000
-11850
-12650
-10350
-10350
-11100
-15350
-10850
-13250
-12750
-16250
-12700
-12800
-17550
-12300
-16500
-17700
-20200
-18200
-20850
-19850
-22850
-24900
-27250
-30000
-27600
-33400
-28700
-37700
-33700
-31550
-43000
-38650
-35950
-33750
-45900
-34100
-29100
-32150
-29900
-17550
-20700
-32150
-14000
-24800
-24200
-27450
-19700
-34100
-34650
-24300
-33050
-23500
-23300
-19950
-29700
-9600
-19200
-12200
-5300
-950
-8250
-7750
6850
-3000
-2350

-1850
5850
-5500
-1550
-5650
-3000
-3450
-9000
-3800
-11050
-5000
-12050
-700
-1250
-350
-1300
5250
8550
3950
8350
5600
11350
-3200
-350
-5900
-7300
-14350
-22450
-18450
-23800
-20650
-25250
-19450
-15200
-14100
-15800
-10950
-6700
-7700
-2600
-7150
-450
-3100
-350
-2750
-4100
3200
-5600
-1650
-800
-1250
-6350
-4300
-800
-6400
-8350
-8500
-3150
-8750
-9400
-12350
-6300
-9250
-12850
-9600
-11800
-9750
-15200
-9750
-12250
-12750
-14750
-13100
-12600
-14600
-14100
-15250
-15550
-19400
-15250
-19150
-19550
-20800
-23950
-22100
-28400
-28050
-31000
-28850
-31150
-35950
-32250
-31350
-38350
-42900
-30950
-42650
-38100
-36100
-26100
-33800
-30350
-15850
-26800
-23550
-20600
-15200
-33000
-22100
-28100
-28600
-29500
-26500
-27350
-30950
-18350
-30650
-15450
-14150
-11600
-18400
-2600
-3250
-11000
-1200
3650
2200
-10000

4850
-1250
-300
-3150
-900
-4450
-8300
-6350
-9450
-3150
-10900
-2750
-6950
-200
-2500
1400
8050
5750
9700
4100
9050
5650
4750
-2150
-5150
-8150
-14400
-21100
-22250
-17700
-24100
-23200
-21700
-15150
-12800
-16600
-6500
-9450
-5150
-6200
-4400
-1650
-3250
700
-4050
1650
-1150
-3400
-2400
1050
-4200
-5600
-1450
-4450
-3450
-10000
-3600
-7050
-5850
-10000
-9950
-6900
-9450
-10500
-12200
-8600
-12950
-10300
-11750
-11300
-12750
-12300
-12650
-15400
-12050
-16000
-12150
-17250
-15150
-17250
-20100
-16400
-23700
-21200
-25700
-24250
-32050
-27950
-30000
-30150
-34300
-36600
-26300
-43750
-37100
-37400
-35050
-44250
-31600
-29700
-33800
-25250
-19550
-18950
-31000
-13100
-26350
-24500
-27750
-20950
-29400
-31200
-26700
-33700
-20250
-25050
-22350
-23500
-9400
-17800
-12700
-2850
-3650
-7200
-3800
4900
-5950
-100

3000
2300
-5100
-1950
-1100
-5600
-3150
-7900
-4200
-9900
-4650
-8050
-3600
1200
-100
1650
2800
7900
7700
7950
7900
8300
3700
-3800
-4900
-9550
-11150
-22000
-20100
-20000
-22650
-23300
-21900
-10650
-17550
-15650
-9900
-6600
-6050
-6150
-3050
-1900
-550
-4000
-350
-800
3250
-6150
-1250
1850
-4200
-3150
-6100
1200
-6150
-6150
-6900
-5300
-5800
-9500
-8150
-9900
-5950
-12600
-10550
-11050
-9050
-11150
-12900
-8850
-14300
-11350
-14700
-10650
-14750
-14650
-13350
-14800
-15700
-18800
-14950
-20500
-20300
-26200
-20450
-26350
-27250
-29250
-29800
-28950
-38150
-30050
-32950
-39100
-41200
-30100
-40500
-39950
-32600
-27550
-31250
-30550
-17850
-26450
-20400
-19650
-18350
-29800
-24100
-25800
-31050
-24900
-27750
-27950
-29100
-21350
-28750
-16300
-10900
-13700
-14100
-5750
-2750
-9750
1800
2900
50
-3350

4050
400
-2550
-700
-2400
-3500
-6250
-6900
-7400
-4600
-4100
-7200
-4650
-750
-700
50
6800
9300
6600
6950
7850
10250
450
150
-6500
-7450
-14550
-20750
-17800
-20650
-19650
-25450
-18300
-16250
-12250
-15850
-7200
-6100
-8150
-3050
-6000
700
-3600
750
-3250
-300
1400
-3600
450
-200
-750
-5900
-3050
-2850
-2500
-7650
-6450
-5400
-5850
-8000
-11050
-5650
-9350
-10650
-11650
-9800
-7150
-12950
-10750
-12350
-10850
-13650
-10500
-12800
-14050
-14550
-13250
-13050
-19350
-14850
-19400
-15750
-22900
-21500
-22300
-25850
-27800
-29150
-26600
-33400
-32950
-34200
-30050
-42800
-35300
-33800
-37250
-38500
-36400
-27350
-33650
-23600
-20100
-19950
-25650
-17700
-23500
-23700
-22250
-26050
-27750
-29750
-29250
-32550
-19000
-21300
-25050
-18550
-13400
-15450
-14750
-1850
-3200
-6200
-2400
4100
-350
-2350

3100
2150
-850
-3950
-2550
-1800
-4850
-5600
-6150
-4050
-10650
-3550
-3050
1300
-250
1850
6550
5350
11500
7400
11050
6750
4600
-2950
-5050
-6800
-12600
-19150
-22400
-18300
-24900
-20450
-21150
-13100
-14100
-14400
-7400
-9400
-1300
-7650
-2150
-3750
-150
-2850
-1000
2350
0
-1850
-1950
2400
-4550
-600
-4850
-2300
-2750
-8200
-4100
-6600
-3550
-9900
-9800
-7100
-7200
-10300
-10350
-8550
-12050
-10300
-13250
-9450
-12550
-8900
-13850
-11750
-10600
-16700
-11250
-15500
-13700
-18250
-15950
-15850
-21050
-22500
-22550
-23250
-31050
-24000
-30800
-30200
-38900
-29450
-30750
-41150
-34800
-34150
-36650
-38900
-32350
-29850
-29850
-26500
-20550
-24100
-20100
-14600
-21800
-23700
-26400
-26550
-27450
-25150
-29250
-29200
-21700
-24500
-26700
-16050
-7750
-15050
-14300
-3300
-4650
-6200
-100
5650
-2200
500

1450
2150
-2100
800
-100
-5500
-2750
-9750
-4000
-5050
-3800
-7300
-2950
-950
-350
4500
5350
10550
6350
10000
5950
10150
5450
-1750
-4950
-7600
-9500
-24750
-17150
-20400
-20400
-23600
-20500
-13400
-14350
-11150
-10400
-4650
-6250
-3450
-7700
1050
850
-2350
-150
0
3300
-5400
3050
1250
-2900
-3550
-3050
550
-4800
-4800
-7300
-3550
-6500
-6000
-8550
-7050
-5400
-10900
-9100
-11550
-7150
-12250
-10200
-12300
-11600
-9000
-13850
-10600
-14650
-13050
-15700
-12600
-15850
-17050
-17350
-16300
-18950
-25900
-19450
-26100
-27950
-30050
-25900
-30850
-36900
-29200
-32100
-41650
-37600
-31500
-38350
-38700
-31200
-29450
-31050
-26700
-15900
-23700
-20800
-18750
-22750
-22300
-21550
-24600
-29150
-26100
-31400
-28450
-21400
-20250
-26900
-15700
-12300
-14900
-12100
-2350
-550
-9700
2300
-200
1200
0

