
Curva de Excitacao - Bobina Girante (Dados Brutos)

Arquivo..............: C:\Arq\Wiggler\Medidas Wiggler - Corretoras\Bobina Tungstenio\Gap27\Translado27_X=-20_#001.dat
Data.................: 16/02/2005
Hora.................: 09:22:55
Ganho................: 10
N. de Coletas........: 1
N. de Voltas.........: 10
Intervalo de Análise.: 4 - 8

91050
92350
90850
102000
79450
78700
65150
45150
58900
48650
35350
21050
9750
-11500
-27450
-36200
-68900
-73900
-77950
-101400
-115250
-119950
-131650
-139050
-134900
-132100
-122350
-109500
-82250
-77850
-52100
-30000
-11750
3050
19250
24000
38250
37400
34750
30350
22600
19850
8050
8100
2350
-750
-3500
-7800
-13450
-9300
-17950
-14150
-15550
-11800
-16100
-16550
-10800
-17700
-17650
-17550
-16200
-19950
-15950
-17600
-17450
-18550
-20750
-21150
-24900
-13950
-30300
-20850
-19700
-22000
-27650
-24800
-22250
-36950
-21300
-22900
-24350
-32500
-11750
-29800
-30700
-26800
-33800
-34350
-46000
-41200
-80200
-65350
-85200
-99600
-106250
-92100
-107450
-118950
-91700
-98100
-100450
-82200
-52150
-67950
-47800
-29550
-28550
-28050
1200
13700
6950
30900
37850
36300
47850
58200
53850
66850
78650
69150
80050
91100
90850
78850
94850
92900
89150
93750

95450
89000
86250
87150
77800
78750
66200
64850
55250
39350
28250
20050
12400
-15650
-23500
-30800
-57200
-78900
-80250
-102900
-117400
-121450
-134350
-132350
-133950
-124350
-126600
-108850
-89400
-74250
-52700
-25600
-13350
5800
18150
28250
36100
35700
35200
28950
25100
22050
12400
7500
3350
-4500
-3850
-12000
-7950
-10400
-15700
-14600
-13350
-13250
-18650
-16450
-11700
-15200
-20450
-11650
-17800
-17150
-18200
-17650
-18100
-22500
-13950
-24050
-17850
-21150
-21900
-25900
-21050
-26200
-27450
-21100
-23350
-25900
-31050
-15750
-34700
-25050
-21600
-25450
-26050
-27950
-26050
-47850
-36150
-54900
-64250
-80000
-71250
-107100
-103050
-95300
-111900
-114200
-99100
-81500
-102700
-75600
-65550
-68400
-55300
-22950
-23900
-25400
4150
9000
7300
21750
44350
37750
46400
59500
58350
65150
73950
76900
77400
92350
83800
84250
93650
99650
88000
92000

97400
86900
89500
84250
83100
75200
68300
61400
56050
43900
27600
22050
7700
-10850
-28250
-29600
-56250
-75150
-83150
-104750
-112850
-121200
-129100
-139400
-134000
-128700
-122800
-105950
-85250
-74100
-56550
-30450
-9400
8300
19650
28850
34900
34450
35850
30350
24700
21900
9950
9600
3150
-300
-6800
-8600
-9950
-9650
-15500
-13300
-12200
-15300
-13000
-18300
-11150
-19100
-15000
-15000
-16850
-17450
-16900
-16150
-22800
-15750
-20100
-18700
-24150
-16000
-26100
-24550
-19200
-25500
-25050
-27650
-17150
-33000
-23850
-23200
-24800
-28250
-20750
-24400
-32250
-20450
-32700
-32650
-50800
-44950
-73800
-70400
-77050
-102400
-102150
-104250
-100550
-119050
-88800
-94650
-97000
-82750
-56850
-64500
-55500
-23700
-26450
-24200
-2400
18200
9300
24650
40400
37000
42850
60150
66100
63100
76500
72050
77750
87550
90650
84400
90850
98850
89500
92200

92900
93800
87200
87200
79300
77050
68800
61950
57500
41150
29700
18850
14300
-13300
-26650
-33350
-56900
-73150
-84850
-97200
-116150
-124600
-133750
-133800
-132000
-125200
-123000
-110350
-87250
-74350
-52700
-26600
-9450
4250
16150
30300
37000
35200
35100
27950
24950
20100
14150
7950
6350
-4600
-2900
-9900
-8500
-11450
-12650
-12950
-14900
-10300
-17050
-15400
-14300
-14000
-16950
-16400
-16300
-17000
-15950
-18650
-16550
-22100
-15600
-24350
-19950
-19450
-23650
-22100
-22250
-21600
-30800
-20500
-23750
-26200
-29800
-17650
-27700
-29200
-17150
-26350
-22400
-34350
-23900
-43200
-40050
-51400
-63600
-75950
-80400
-97800
-108300
-93500
-107950
-110800
-103500
-85500
-96050
-80800
-59150
-63400
-54150
-31150
-18150
-25750
50
11500
10950
20600
40550
44350
43150
60450
59250
65200
73500
78300
77650
90100
88350
82400
93200
96700
94550
88800

96100
89750
87050
86350
82350
77850
66150
63950
53750
44300
27650
22550
10900
-11400
-26150
-33200
-53050
-78450
-83500
-101850
-113700
-122550
-127850
-134350
-137300
-127950
-123400
-105200
-86200
-72000
-54750
-29400
-9400
7150
20850
29550
33150
35100
34700
31200
26300
24100
10500
10000
2350
200
-6150
-8400
-7900
-9500
-14700
-15100
-10800
-14000
-14250
-18500
-10200
-16400
-17650
-14200
-15400
-15350
-21100
-14250
-19100
-18700
-18300
-18100
-21300
-21450
-20700
-26200
-18100
-26600
-21900
-26700
-19050
-31150
-25600
-19150
-27000
-24200
-24800
-19150
-31800
-24000
-30650
-34100
-47300
-48350
-64300
-78500
-75950
-100800
-99600
-105600
-98900
-116200
-97100
-88050
-96350
-80700
-62550
-56900
-55950
-25300
-23050
-24850
-4750
17300
14600
19300
44450
40350
45400
55700
66550
64150
75700
75450
78850
90450
87600
87450
92000
97500
88400
92200

98000
91150
86950
87450
82150
72950
72950
63100
54050
41800
30000
19700
10550
-6250
-28100
-31700
-56950
-73100
-86800
-97450
-113250
-122950
-130750
-136000
-131950
-125750
-120100
-111600
-86300
-71650
-54450
-25550
-9350
6850
15400
29400
38300
37350
35750
28350
28550
21250
13950
7000
7800
-3350
-4800
-8450
-6300
-9150
-16150
-9600
-15450
-11350
-16800
-15200
-13200
-14700
-15100
-15650
-14650
-18900
-14300
-17200
-16000
-21500
-15200
-19200
-23600
-16250
-24600
-20250
-25100
-18400
-28100
-25100
-20400
-26000
-26300
-23450
-23650
-29650
-16800
-25200
-21950
-33000
-26800
-37750
-45800
-44300
-67050
-70150
-87300
-94000
-106900
-95300
-104200
-110750
-100050
-90050
-93100
-82750
-58000
-62450
-53050
-30350
-18900
-23150
-3350
17650
9450
23000
39050
46700
43550
59800
61450
63750
74450
79150
81450
86150
91150
84150
92600
96200
95000
91850

93850
92550
85900
88900
80850
78050
69700
63250
53900
43100
33200
18950
12900
-10850
-24350
-37050
-48550
-75200
-85550
-100500
-113950
-121700
-129550
-131500
-134800
-127750
-123400
-105850
-83700
-71600
-53550
-31450
-7250
5500
20850
29800
36550
36050
33950
33750
24450
24550
10700
10150
3400
-1050
-2050
-8600
-6450
-12000
-11800
-13200
-14350
-13550
-11700
-16200
-14200
-13200
-18150
-12700
-17750
-12900
-19050
-15550
-18400
-18350
-16850
-20900
-19300
-20500
-21150
-25250
-17950
-23300
-23800
-25950
-19600
-24400
-31100
-18100
-25750
-23250
-24900
-20150
-27350
-29650
-24850
-34900
-44300
-52550
-61350
-78750
-76600
-99450
-98300
-103200
-104400
-109550
-101450
-86100
-94600
-79000
-63850
-57950
-55300
-28500
-19000
-22600
-2800
13350
18650
19200
41050
41250
45000
56900
65950
69250
72350
79300
77800
88750
88600
87650
92350
99050
92650
89450

97400
92800
89150
85950
84000
74400
70600
62450
56300
44850
28800
23150
9000
-7450
-25900
-33800
-51900
-75150
-84400
-97700
-111900
-126700
-129300
-134700
-131350
-125800
-120500
-106100
-90000
-69450
-54200
-25300
-9300
6350
18600
29100
39050
35800
39200
28600
27200
19900
14700
7700
4600
1200
-6400
-5400
-10500
-6250
-15200
-11100
-13600
-11450
-14050
-17750
-10350
-14200
-14150
-18200
-12800
-14900
-17800
-15750
-15900
-17700
-20600
-16400
-22050
-17150
-23700
-19600
-21050
-22850
-23300
-26100
-19300
-28950
-24200
-22700
-21950
-27600
-21000
-20900
-24950
-28500
-30700
-30950
-49150
-46400
-65100
-71350
-83950
-94900
-100150
-102700
-100750
-113150
-99300
-91400
-87650
-83250
-60050
-58400
-55100
-30450
-21350
-15950
-4350
17750
12350
20200
38250
48250
44550
53950
68450
65950
75050
74400
82850
85650
90200
86650
91900
99400
92050
93250

