
Curva de Excitacao - Bobina Girante (Dados Brutos)

Arquivo..............: C:\Arq\Wiggler\Medidas Wiggler - Corretoras\Bobina Tungstenio\Gap27\Translado27_X=-13_#008.dat
Data.................: 16/02/2005
Hora.................: 09:38:22
Ganho................: 10
N. de Coletas........: 1
N. de Voltas.........: 10
Intervalo de Análise.: 4 - 8

17500
26850
23900
10900
10850
4850
-250
-8250
-8300
-21200
-20850
-30200
-35100
-33600
-43050
-38350
-40650
-36050
-33300
-18000
-7650
-4250
2700
14050
15050
23450
30750
27150
31350
20300
10500
7500
-3550
-7950
-16800
-20200
-17050
-26650
-20550
-23850
-21200
-19950
-20100
-20050
-11100
-11400
-14000
-9300
-9250
-10650
-14850
-5300
-12200
-7500
-6500
-10350
-9950
-9900
-10100
-14750
-11350
-10100
-13300
-13950
-8850
-14700
-19350
-11200
-17900
-17550
-20600
-11100
-20700
-19650
-16750
-25350
-23600
-24550
-24050
-30850
-21450
-29850
-31950
-33400
-27850
-43450
-39350
-21300
-43100
-36200
-26600
-22050
-40150
-17650
-14400
-24200
-17500
-8500
-21800
-35650
-15100
-50050
-52700
-50950
-53150
-73800
-53750
-56250
-75750
-49600
-36500
-43000
-42250
-6000
-24300
-27150
2950
8050
-3200
12500
30550
13700
20100
28000
28600
21300
31400
29700

22800
24700
18250
15450
12400
7200
-4550
-1750
-10550
-21200
-22900
-28250
-32400
-38650
-40950
-38300
-33750
-35250
-28000
-23200
-12850
-6950
4400
18650
21300
22850
29250
23300
26750
21350
12650
7950
-250
-8300
-17050
-20000
-20000
-22050
-25450
-22450
-24300
-15900
-21150
-18100
-9800
-13400
-15350
-13750
-2450
-11500
-11700
-7300
-7100
-10650
-10100
-9200
-9150
-5800
-13950
-10650
-12950
-8050
-15200
-12500
-8800
-18050
-13850
-13200
-12950
-21900
-14850
-15000
-20050
-21850
-17350
-20250
-25700
-18400
-29550
-26750
-28400
-24150
-35600
-29600
-25250
-41950
-35650
-30750
-36600
-42200
-19700
-30050
-30250
-24100
-8700
-22850
-21500
-1050
-30550
-28500
-31600
-34550
-57850
-44000
-58350
-71250
-59000
-54850
-65250
-53650
-32550
-55850
-34650
-14350
-16100
-23700
3000
11500
-7400
11550
26650
19150
14700
34650
27550
24700
29600
26950

25250
21000
23000
14050
12700
6000
-900
-3400
-9500
-19400
-24850
-28000
-35450
-34000
-39000
-36950
-36500
-36800
-32200
-20400
-9000
-4300
4050
14250
19250
27550
28250
29050
26600
21300
10350
8950
-100
-7600
-15000
-19550
-15500
-30350
-21800
-23450
-21150
-17150
-20050
-15700
-12200
-12300
-16250
-7350
-7100
-8800
-14000
-5250
-8100
-10800
-4750
-11650
-9250
-11800
-5800
-13100
-11000
-8550
-12600
-13550
-11600
-12450
-17750
-10100
-14950
-16250
-18400
-14900
-17650
-21800
-15400
-24800
-20850
-23400
-23450
-29400
-23050
-26800
-33850
-30650
-28950
-37550
-39650
-22100
-41350
-36200
-28400
-23900
-32200
-21850
-7150
-23200
-18850
-10750
-18700
-33550
-19200
-41950
-52550
-54450
-56100
-67300
-58450
-51500
-68600
-52000
-39150
-44250
-37750
-12650
-18250
-25100
2950
8700
650
9700
28400
17250
19750
30100
27300
25900
29150
29300

22950
24400
20500
15950
12400
8550
-1850
-4300
-10500
-19950
-22700
-27950
-29500
-35400
-44250
-37750
-35600
-31600
-29250
-20400
-10500
-9100
4750
17400
24900
22700
31450
24500
29950
20850
11100
9250
-1400
-4600
-18500
-15950
-21800
-22750
-24300
-22000
-21600
-18700
-19000
-18050
-8800
-14700
-12550
-13150
-4900
-10000
-11700
-4200
-8950
-7550
-9850
-8300
-9800
-7250
-9850
-10900
-10300
-9050
-10300
-15850
-9100
-14450
-12000
-15600
-12600
-17400
-17850
-13250
-19050
-20350
-21400
-19300
-22900
-20750
-27050
-25100
-26550
-28000
-32300
-30750
-25400
-41200
-35850
-30050
-36350
-40150
-25000
-24800
-31550
-22250
-14200
-17250
-21950
-3400
-24850
-29750
-30700
-38900
-51350
-48100
-53500
-68700
-60300
-59900
-62800
-50150
-35000
-48350
-37300
-15450
-18250
-19400
800
11050
-2200
11200
26800
19450
19450
28900
29250
25050
30250
26300

26050
24650
19850
15600
11950
8200
-3750
-750
-9950
-18300
-23200
-27650
-33300
-37150
-37350
-36400
-34550
-37200
-31250
-20700
-7600
-2050
3850
18200
17350
27150
29450
30250
28000
22600
12350
4900
3000
-7650
-13100
-22800
-17000
-25500
-21650
-23200
-21750
-13200
-22100
-14050
-14100
-9000
-15450
-10050
-6450
-9200
-12150
-7750
-5700
-9800
-6350
-11600
-7150
-8800
-9950
-11650
-10650
-7100
-15300
-11950
-11300
-13300
-17000
-11550
-13800
-18750
-16050
-15050
-17800
-23100
-15000
-22800
-21250
-22500
-24400
-24300
-26250
-25000
-35850
-30500
-29700
-36100
-37300
-24000
-36300
-37000
-28300
-28500
-29100
-23900
-7050
-19300
-18800
-12700
-20500
-29200
-23000
-36250
-52900
-52850
-61000
-63150
-59500
-53750
-63100
-52350
-39100
-44900
-36150
-16350
-17000
-21300
1850
11600
1750
10150
23650
21250
16950
31700
30250
28250
28800
28200

26300
22350
21050
15550
14600
5750
650
-3350
-10000
-19850
-22250
-23700
-32050
-34950
-42600
-38700
-37150
-32100
-26050
-20200
-8950
-8350
6600
14200
26200
25000
29300
25750
30950
25050
9950
10550
-2500
-2450
-18250
-15350
-18350
-22550
-22400
-23650
-19300
-18250
-17050
-18050
-8700
-12450
-13550
-9750
-5400
-7350
-13300
-2750
-9000
-8300
-8650
-8250
-7350
-8750
-7600
-12950
-8250
-10450
-11450
-14250
-8950
-14500
-13850
-11750
-14550
-15650
-18150
-12950
-20750
-18650
-18250
-21550
-20900
-20050
-22550
-29500
-24500
-27500
-31500
-31350
-25150
-38050
-36350
-27150
-37750
-35650
-27050
-20800
-32100
-23050
-12950
-18200
-19600
-5700
-19300
-31150
-30900
-38800
-46950
-49450
-52800
-66350
-61400
-58200
-61900
-48350
-39300
-43500
-37650
-16550
-14800
-16400
1150
8900
1600
9800
27400
20050
21650
29850
29000
26750
29550
30400

24750
26550
19450
17550
11550
7550
300
-2700
-7150
-18000
-21450
-30150
-32200
-35600
-36100
-35350
-33900
-35100
-32350
-18000
-10500
-650
3550
18700
20950
25100
31350
28450
30950
18500
14750
7100
5050
-7500
-13150
-17900
-18850
-23350
-23850
-18600
-22000
-14750
-19850
-14750
-12700
-10000
-10850
-11100
-2350
-10100
-10200
-7000
-5750
-9700
-4550
-8150
-8700
-7200
-9900
-8200
-12650
-7450
-12700
-12450
-10100
-11550
-13650
-13500
-11250
-17100
-15750
-16000
-14400
-20400
-16850
-18900
-22800
-21900
-25350
-23700
-26550
-23850
-32150
-30250
-26800
-37100
-35500
-28300
-31750
-38800
-28050
-24850
-25650
-23500
-8050
-16050
-21300
-11900
-19150
-26450
-26400
-35600
-51500
-56000
-56550
-60600
-58050
-56150
-59650
-53450
-41450
-43600
-33050
-15150
-14900
-16600
-3750
9800
3500
13900
22450
23250
20200
28300
31450
28050
30200
28050

29250
23300
21550
14850
15350
8950
200
-2100
-10150
-16450
-24550
-24400
-30050
-34150
-40950
-39900
-33750
-34600
-23650
-20500
-7750
-9150
6850
16100
26400
28400
28150
31150
25000
25200
10450
12200
-550
-4600
-14700
-16850
-16350
-25300
-19550
-23200
-19000
-19650
-16800
-14000
-10400
-8800
-14750
-9350
-6950
-4900
-11450
-3850
-6300
-8350
-8150
-9350
-5700
-7400
-6850
-12150
-8900
-9100
-12600
-11100
-10100
-12000
-15550
-11550
-13000
-14200
-18700
-12800
-16150
-20650
-16650
-21100
-19450
-23200
-21650
-26300
-25950
-27500
-28900
-27350
-29050
-35100
-36850
-28400
-37600
-35050
-26050
-21800
-26850
-24650
-10700
-18000
-15050
-8250
-16100
-29250
-33200
-38900
-45850
-46850
-55150
-61150
-64600
-57850
-61100
-47350
-40100
-43500
-33800
-18650
-13600
-18350
1550
7450
5250
8700
24650
25000
20400
28350
29200
31850
26900
29700

