
Curva de Excitacao - Bobina Girante (Dados Brutos)

Arquivo..............: C:\Arq\Wiggler\Medidas Wiggler - Corretoras\Bobina Tungstenio\Gap27\Translado27_X=-1_#020.dat
Data.................: 16/02/2005
Hora.................: 10:02:45
Ganho................: 10
N. de Coletas........: 1
N. de Voltas.........: 10
Intervalo de Análise.: 4 - 8

-8050
-10100
-5500
-14600
-7400
-7050
-9150
-9450
-6150
-5100
-10800
-5950
-13650
-8000
-11800
-10050
-13600
-14050
-10300
-18400
-13600
-13950
-10500
-14850
-10400
-11150
-8450
-7650
-6500
-4200
-2150
1850
-6500
3550
2900
1900
3950
3150
9700
250
5150
2300
2500
2550
700
-1600
-1500
-2250
-7900
-950
-7100
-3950
-10800
-7600
-7850
-12700
-8550
-12600
-7650
-16900
-15100
-14650
-10650
-16100
-16600
-11850
-16150
-14650
-16700
-14750
-17500
-8400
-16350
-18200
-15500
-12350
-16150
-15450
-9050
-16650
-13400
-10750
-9900
-13150
-7100
-10050
-16500
-8900
-14100
-13700
-20550
-15500
-21300
-26250
-24700
-30300
-28800
-34600
-34300
-34100
-31500
-40300
-32400
-34700
-40250
-32750
-32450
-27350
-38700
-27300
-29150
-29900
-27700
-23100
-22200
-25550
-20250
-25600
-15450
-20400
-15900
-19900
-12400
-16550
-17500
-9000
-10650
-12300

-14550
-4850
-13050
-7950
-9600
-5350
-7350
-9600
-6450
-10750
-4300
-9400
-7350
-10150
-6600
-13600
-14800
-9650
-12950
-15000
-16600
-10650
-15450
-11800
-11350
-9750
-4300
-8700
-6250
-7750
3350
-2150
-5350
3500
7100
4300
-1200
7650
4050
6800
1000
5650
1550
3250
650
-3700
1400
-4850
-1050
-6800
-4100
-7400
-6950
-7500
-7900
-9450
-13200
-11000
-11650
-10400
-16650
-11850
-13200
-14400
-16000
-16750
-12250
-13850
-12750
-18600
-13500
-13200
-16150
-16950
-11150
-102000
-17200
-13400
-11250
-14450
-12650
-6000
-13150
-14150
-6400
-12900
-11600
-10050
-11050
-15950
-16700
-17000
-20550
-25700
-27400
-25550
-33300
-27800
-37750
-29850
-36850
-35500
-32550
-34900
-35100
-35850
-28400
-37300
-30950
-29850
-23500
-31000
-24500
-25100
-25600
-20600
-23750
-19650
-20700
-16150
-23200
-15250
-11950
-13950
-15600
-13000
-9550
-14950

-8100
-9300
-6950
-10750
-8550
-7000
-8000
-6100
-9500
-5350
-7450
-8850
-11800
-6350
-7500
-14100
-12250
-11350
-11850
-19250
-12700
-12150
-13200
-12650
-13050
-6150
-8350
-5200
-8250
-2750
-600
-1200
-4200
3250
7650
100
6450
2250
9400
3500
3650
3250
3600
5950
-2450
-750
-2250
-1200
-6300
-3100
-4300
-4100
-9650
-9900
-5350
-10950
-11050
-10900
-7550
-13650
-17300
-12850
-11900
-13200
-15150
-13900
-14950
-14700
-14900
-16050
-11700
-11950
-14600
-18450
-10950
-16650
-13850
-12200
-12500
-14900
-12500
-6350
-15150
-8600
-8800
-9850
-14800
-7300
-13750
-16250
-16350
-19300
-16650
-27450
-22200
-29900
-29150
-34950
-33650
-32350
-34900
-35750
-35300
-32800
-38250
-31650
-34050
-28800
-34050
-30900
-28850
-26650
-25150
-25750
-21100
-21550
-24550
-23150
-14850
-18300
-20050
-15250
-12500
-15950
-17700
-8300
-10600
-11900

-12450
-7650
-8250
-9750
-7600
-6150
-5400
-10250
-8200
-7650
-6550
-8850
-8050
-5700
-12050
-11150
-12500
-10500
-14500
-14400
-13650
-12850
-11350
-12300
-9900
-10550
-4700
-10350
-4000
-5050
600
-800
-2600
6250
1000
5750
3850
4150
3850
8300
4250
1550
3650
900
800
-2800
2000
-3650
-2650
-2900
-5650
-4550
-9200
-4950
-6600
-10300
-13900
-10300
-8350
-13500
-13350
-12750
-11300
-17300
-13700
-15200
-13800
-13200
-14200
-15300
-15150
-9900
-18300
-12000
-13100
-13500
-16250
-11850
-12500
-13850
-9350
-10900
-10750
-13450
-5250
-13250
-9500
-8700
-13250
-13350
-18550
-15800
-22450
-23350
-26900
-26250
-32350
-30400
-35150
-32150
-33800
-37650
-29250
-35600
-34400
-34800
-31700
-31650
-32550
-27700
-26800
-24950
-27800
-24800
-23050
-18850
-23900
-19550
-16100
-20000
-19750
-14000
-11300
-17300
-12200
-11000
-12750
-13400

-9000
-6800
-10750
-6450
-9200
-5750
-8400
-4850
-7600
-6950
-4950
-10950
-8250
-8450
-6200
-12800
-9250
-13900
-10500
-14600
-13300
-10650
-14200
-7650
-15700
-7500
-5350
-5000
-7000
-3200
2700
-1850
-1750
2300
4850
2750
5500
2350
8650
8900
1400
5350
3000
5600
-2750
900
100
-3000
-3000
-2300
-1900
-7850
-6200
-7500
-6450
-11900
-9450
-9750
-11950
-10200
-15900
-11300
-14850
-10150
-15250
-16400
-12600
-12900
-14550
-17600
-8300
-14750
-14450
-15750
-10250
-17950
-11700
-11250
-14400
-11950
-12900
-6650
-13950
-5300
-9400
-9700
-11700
-10500
-12800
-14650
-13750
-21850
-17100
-25900
-23250
-29150
-28650
-30500
-35650
-29400
-37100
-34650
-34000
-30600
-36400
-31500
-31850
-31550
-30250
-32300
-24300
-28800
-23400
-26050
-19450
-21150
-24500
-18800
-16500
-16450
-21750
-12100
-14950
-14100
-16050
-9650
-9400
-10300

-8150
-12450
-6000
-9100
-6450
-8250
-3850
-8550
-7950
-4050
-6650
-5500
-11100
-4000
-10200
-10150
-13600
-9250
-10150
-14250
-13200
-13350
-9550
-13950
-10500
-8200
-2650
-8300
-5500
-150
-950
1750
-4900
5350
3600
4500
4200
3500
9750
5150
6200
3000
5350
-50
900
950
1600
-750
-4400
-1750
-5750
-2200
-9150
-5250
-6000
-9400
-11050
-11700
-6350
-15250
-11250
-14000
-10450
-14550
-13650
-14850
-11450
-11000
-17500
-13550
-13600
-11250
-18000
-9400
-12150
-16800
-11950
-11750
-13050
-14500
-6600
-11350
-11550
-10100
-4750
-11600
-11300
-7000
-14900
-12650
-17700
-15400
-22000
-23350
-23450
-27300
-28850
-33050
-32250
-33750
-30500
-38600
-29950
-34200
-32400
-34450
-34800
-27600
-32250
-28500
-27800
-23300
-29050
-24300
-19450
-19200
-23350
-20400
-13900
-21450
-15800
-15200
-11200
-15400
-13200
-9800
-10550
-9250

-13100
-5850
-7100
-7100
-11950
-2950
-4750
-8400
-5350
-4200
-5250
-11650
-4800
-8700
-8650
-11400
-8700
-11050
-12500
-11850
-15650
-9700
-12100
-10650
-13400
-5700
-4150
-8750
-2600
-4200
2350
-2000
1750
1350
5100
7450
3300
5100
7350
9850
-550
5950
4400
4900
650
0
1300
-4050
-100
-4400
-3050
-4700
-6000
-7700
-5250
-7000
-12200
-8900
-9400
-10550
-16550
-11050
-11700
-11550
-13750
-14900
-11600
-14450
-13400
-14050
-10350
-15350
-14000
-13000
-12400
-14100
-12900
-11250
-14450
-11150
-12150
-8850
-11800
-7350
-6000
-12700
-6650
-10700
-10700
-15450
-14100
-17800
-17200
-24450
-24500
-26700
-30750
-28100
-34850
-27800
-36450
-33400
-34450
-32550
-33150
-33550
-30100
-30200
-29350
-35450
-23000
-25100
-26400
-25850
-18300
-19900
-27100
-14900
-17400
-16250
-21050
-11150
-15050
-14400
-12700
-10650
-8150
-12750

-8750
-9900
-3950
-10000
-6500
-4600
-4900
-7600
-8550
-2200
-6900
-5600
-9050
-5900
-9750
-10100
-9750
-12450
-9900
-14200
-11500
-13700
-8300
-10800
-12450
-5450
-4650
-6450
-8000
-200
-50
1900
-2050
4650
7300
3700
4550
1350
11550
5700
3800
2450
6500
3400
-1950
2200
0
150
-4950
-3150
-5150
-2900
-6100
-5450
-5950
-10400
-7200
-12300
-8350
-11200
-11300
-13150
-12200
-10500
-16050
-13750
-11950
-10900
-17100
-13850
-11150
-12200
-12800
-14050
-11800
-15950
-10650
-14800
-12150
-11350
-9650
-9500
-10950
-7700
-9250
-8550
-10750
-8750
-15750
-10600
-17400
-19150
-17500
-24500
-23350
-30400
-24950
-32900
-32750
-34450
-31850
-36100
-32200
-32500
-35000
-30350
-33150
-26950
-35050
-26500
-25500
-26100
-28250
-24450
-17500
-22450
-20550
-18900
-15200
-19750
-15300
-16250
-13900
-13750
-13500
-9850
-10950
-8900

