
Curva de Excitacao - Bobina Girante (Dados Brutos)

Arquivo..............: C:\Arq\Wiggler\Medidas Wiggler - Corretoras\Bobina Tungstenio\Gap27\Translado27_X=5_#026.dat
Data.................: 16/02/2005
Hora.................: 10:15:13
Ganho................: 10
N. de Coletas........: 1
N. de Voltas.........: 10
Intervalo de Análise.: 4 - 8

-14750
-16850
-14800
-15100
-15050
-11350
-19150
-13600
-14750
-11150
-12700
-13400
-14750
-10150
-10500
-15050
-7550
-9350
-8150
-12850
-5600
-2700
-6900
850
-1650
4300
-1800
3400
1400
7000
9250
4050
2800
3100
2350
-7200
3500
-4100
1200
-5100
-400
900
-4550
2950
-2350
500
-4200
-3000
-3950
-2200
-9150
-10100
-13800
-16700
-16050
-21900
-20800
-22000
-16450
-28600
-30000
-21400
-22100
-27800
-21900
-20350
-25150
-23300
-17700
-18550
-15550
-6000
-16900
-16850
-7900
-9800
-15600
-5500
-9200
-18900
-16750
-9850
-25550
-23350
-12400
-24050
-29450
-17050
-15550
-23850
-8250
-5500
-8900
-13100
1300
-9950
-12250
-6350
-13650
-15300
-19800
-17450
-26700
-23200
-28800
-28000
-30900
-26850
-32950
-30950
-25150
-34550
-29300
-30550
-26050
-30250
-28650
-24500
-22500
-23550
-24900
-18650
-22150
-20250
-23450
-14250
-18150
-19400

-15250
-14900
-15500
-18500
-11300
-13800
-11850
-17100
-12500
-12750
-13000
-13600
-14150
-7000
-13850
-11650
-10800
-5550
-9550
-10100
-3700
-5050
-3700
-4550
-100
-1150
7250
1900
4600
6500
7250
5500
-1550
9850
1300
1150
-3350
-1750
-2150
-2050
-300
-2450
200
-1400
-350
-2050
1400
-2400
-3550
-4750
-9450
-10050
-13700
-12600
-13200
-21900
-22200
-23400
-20700
-28450
-23500
-20400
-26350
-29050
-23350
-20250
-23900
-14000
-19750
-20150
-18400
-10150
-15800
-11600
-3050
-13450
-11500
-8900
-9000
-21450
-6950
-15800
-24100
-22800
-14900
-27950
-24200
-9400
-23350
-18250
-13000
-4150
-15850
-4050
100
-10900
-9600
-9200
-13200
-20350
-11750
-24450
-21000
-26450
-26500
-29900
-28900
-26650
-36700
-27300
-26950
-32250
-34800
-25550
-25700
-29750
-29200
-23450
-21950
-29000
-22300
-20200
-20100
-22600
-18000
-14900
-19650
-18100

-14150
-13400
-18700
-14900
-13800
-11800
-15600
-14900
-10100
-13000
-11800
-15650
-10100
-12750
-10300
-12600
-8950
-8100
-9150
-7500
-8050
-2350
-5200
650
-3700
5050
5700
-700
4600
6200
10350
800
2850
5950
2300
-2100
-1100
550
-1650
-2350
-4900
1200
-500
1150
800
-3150
0
-5450
-2300
-6750
-5200
-10750
-14300
-13800
-17250
-17900
-23800
-15650
-24950
-24950
-29200
-22050
-25800
-23100
-18650
-27050
-21800
-20850
-16400
-23450
-7000
-11350
-17900
-12250
-7150
-12500
-12700
300
-16350
-16900
-13600
-13150
-26000
-16800
-14450
-29400
-21750
-17600
-19100
-20650
-3650
-9600
-11650
-4400
-4050
-9700
-10300
-1350
-19900
-13400
-16950
-19450
-24250
-23950
-26800
-30400
-24950
-30850
-32100
-32050
-23600
-33900
-30500
-26900
-27400
-27100
-31850
-19500
-26350
-22900
-23300
-19850
-22050
-20900
-17350
-18150
-16650
-19500

-12800
-18200
-13100
-15950
-15050
-10750
-14100
-13250
-15600
-9350
-13650
-13500
-13100
-7300
-12850
-12300
-7200
-10100
-5250
-10450
-3750
-3650
-2550
-2450
-2850
6750
3400
2200
2700
10350
3800
5150
3900
6900
3650
-4100
2300
-6100
2050
-3050
-450
-1200
-350
2300
-1650
1700
-2850
50
-4850
-4800
-11450
-8350
-11000
-13850
-12000
-22850
-20300
-24400
-18150
-25600
-22650
-22650
-25150
-24350
-24700
-21900
-19450
-14900
-22750
-17750
-12800
-13500
-14700
-6650
-6550
-19800
-6600
-6800
-14450
-17050
-5500
-16200
-25400
-16400
-19550
-27100
-20850
-11150
-25300
-16450
-8950
-9900
-6550
-3750
-1800
-12000
-5100
-9200
-14750
-13550
-15000
-21850
-22850
-21050
-31900
-26500
-29000
-26900
-36150
-27350
-26300
-32600
-28650
-28850
-24300
-28900
-26350
-25150
-20950
-25700
-22700
-17900
-20700
-17450
-20950
-12550
-20100
-15450

-16350
-11500
-14550
-16250
-12600
-12650
-11250
-17100
-10250
-12200
-10850
-15200
-11950
-6850
-13550
-10000
-9400
-6250
-10600
-6200
-4650
-3500
-1350
-3250
400
1100
8500
-2500
6300
8100
8900
5850
1850
8850
-100
3200
-2050
-350
-600
300
-2700
-550
3250
600
2800
-3200
2600
-5250
-2700
-2200
-5050
-10600
-15600
-10400
-15850
-18500
-20850
-16950
-21750
-26500
-23200
-24000
-22300
-22500
-23650
-25000
-19450
-18500
-20500
-14300
-10700
-14700
-15000
-6500
-9900
-13650
-4600
-8400
-15450
-12400
-7650
-21600
-18900
-13650
-21400
-29100
-17200
-17700
-24300
-8500
-10150
-10300
-9550
-1250
-8450
-8050
-3750
-8450
-14250
-13200
-14600
-26250
-17350
-24800
-29000
-28500
-23900
-28600
-33300
-26350
-28400
-30250
-31500
-25350
-27350
-26650
-27850
-21650
-21650
-25750
-19400
-21400
-16850
-22900
-17850
-15750
-15350
-18150

-14950
-13050
-15700
-14200
-13400
-8750
-15300
-12450
-11650
-12600
-10800
-14000
-10350
-11700
-9750
-12250
-7350
-8500
-5550
-6450
-7000
750
-3850
100
-3450
7700
4350
3000
6250
8150
9000
3700
6750
4300
6900
-1700
-600
-550
2100
-750
-3750
2900
-1050
700
-2100
3900
2150
-4950
-2400
-5450
-4750
-11250
-11400
-11000
-13100
-21300
-20700
-17750
-22550
-21650
-23500
-23550
-26250
-21600
-22850
-24900
-13000
-18950
-19250
-19150
-9450
-15450
-11650
-5000
-9850
-13600
-6850
-5300
-16300
-6450
-13750
-17200
-19800
-16050
-22650
-23150
-13700
-19350
-20150
-14300
-8000
-12200
-1400
-4700
-4050
-6200
-7050
-6350
-16600
-8450
-19300
-20050
-20250
-21550
-29650
-26350
-24250
-31000
-32000
-29800
-23050
-34550
-28650
-25750
-24100
-27300
-27100
-19650
-26200
-22500
-21500
-17600
-23400
-17000
-17350
-16550
-15900
-16800

-12100
-16050
-9850
-16300
-11800
-11550
-11750
-13350
-11200
-8050
-15200
-10850
-12300
-7100
-11800
-10200
-7200
-7850
-2400
-9400
-4300
-2650
2950
-4550
-750
7100
3300
3750
5650
12800
4850
9050
2800
5400
4850
1750
2400
-4400
4100
-3400
-350
500
2150
1500
-700
3100
-1900
550
-4050
-450
-6850
-8100
-12950
-13150
-11500
-20450
-16350
-21850
-18750
-26150
-24300
-24250
-19450
-19850
-24400
-21750
-21000
-17150
-20800
-10300
-14150
-14500
-11850
-7600
-8400
-12900
-2050
-11250
-10550
-12900
-12300
-16550
-16100
-15400
-23900
-19650
-22150
-16600
-21300
-8550
-12850
-8400
-4050
-6550
-1550
-6700
-2200
-12650
-11250
-14000
-15450
-21500
-18550
-22100
-29450
-23550
-29000
-26000
-34250
-25750
-27200
-30850
-29200
-26600
-22450
-29450
-24600
-23800
-21050
-24750
-19400
-19650
-19600
-16450
-20150
-14550
-18550
-13150

-16450
-13400
-13550
-13200
-12400
-10800
-10900
-17900
-8350
-11200
-9900
-15000
-8500
-7300
-12750
-8450
-10000
-3200
-7900
-5550
-6900
-400
-1050
-2050
1650
3550
9250
-50
7950
6250
8450
7200
5200
8800
1200
4050
-2600
750
-300
2750
-2900
1500
2200
0
1300
-500
4150
-3450
-1300
-4800
-5850
-7400
-11700
-9150
-15700
-17850
-22400
-19000
-20900
-20750
-24150
-24150
-20800
-24700
-22900
-20600
-15350
-22600
-17650
-14150
-14650
-12850
-9550
-6050
-14450
-7450
-6100
-8300
-12900
-5600
-14600
-19000
-14250
-19900
-20400
-21150
-15300
-22500
-19100
-11350
-12550
-6800
-4300
-3050
-8250
-1700
-8600
-8250
-11300
-10550
-18400
-22700
-15200
-26050
-27300
-27050
-22250
-31150
-30850
-27550
-25650
-30550
-31750
-23200
-26750
-25400
-28300
-21300
-21650
-24400
-20950
-20200
-15750
-21500
-16750
-16700
-14850
-18900

