
Curva de Excitacao - Bobina Girante (Dados Brutos)

Arquivo..............: C:\Arq\Wiggler\Medidas Wiggler - Corretoras\Bobina Tungstenio\Gap27\Translado27_X=12_#033.dat
Data.................: 16/02/2005
Hora.................: 10:30:47
Ganho................: 10
N. de Coletas........: 1
N. de Voltas.........: 10
Intervalo de Análise.: 4 - 8

-16650
-17400
-13400
-14350
-11750
-12850
-12200
-14300
-9150
-12300
-6800
-8950
-9300
-3450
-6900
-2750
-4800
-800
-1350
-5400
-2300
-450
-600
-2450
-1450
-2200
-1450
-3600
850
4150
10100
11350
6600
16650
12950
19350
20450
22150
29900
25750
24350
19800
17500
8150
-750
-17400
-22850
-32100
-33650
-36550
-48300
-46550
-59400
-50150
-53500
-43400
-45800
-46250
-45100
-50750
-43150
-42750
-36500
-44050
-39100
-52400
-40800
-43850
-37700
-39150
-34150
-33150
-44150
-26150
-21800
-13950
-14100
6750
3200
14850
25950
33250
30950
36900
44000
22500
29000
24800
12700
-4100
-1700
-13750
-26950
-26550
-29550
-37500
-38350
-31750
-40950
-31750
-24050
-23500
-18450
-16150
-15300
-17950
-11250
-10350
-16650
-13950
-12900
-20850
-22550
-16300
-19750
-20250
-23100
-19300
-21100
-21650
-19900
-22550
-17800
-19700
-20850
-19400
-14550
-16250

-17050
-14700
-13850
-13750
-17900
-9700
-10450
-11950
-13300
-8100
-6050
-12450
-6500
-4100
-3050
-7900
-4150
-3050
-200
-850
-1700
50
-3650
-650
-4900
2200
-400
-1400
500
1400
8500
5800
13200
13350
19600
15700
21700
20750
30000
31400
21850
22900
10300
9300
-5150
-7550
-20500
-28000
-39600
-44850
-44650
-47800
-45600
-52500
-48250
-54250
-47750
-47600
-39100
-43050
-44950
-44700
-44550
-40400
-43150
-39050
-40000
-39800
-48700
-41850
-35050
-31850
-32600
-24450
-22900
-23700
-5850
4000
8550
16100
28550
26300
31650
43150
36850
27700
30900
24600
6000
1250
50
-16700
-22500
-26000
-31600
-39100
-34250
-33950
-37650
-26250
-26900
-26700
-19050
-13250
-16250
-13500
-11000
-14650
-17350
-15600
-7700
-22700
-18250
-18650
-18200
-21800
-22700
-17350
-18200
-20150
-23450
-18650
-19700
-15850
-21950
-15600
-16750
-19150

-15300
-16050
-9650
-17200
-12850
-11950
-11550
-15100
-8750
-6800
-8200
-8450
-10700
-1800
-8200
-1700
-3450
-600
-250
-4450
850
-2400
2250
-2800
-2500
-2050
1650
-2450
850
7700
5600
11550
4700
16250
15800
22100
21050
23100
28400
25750
25750
20050
20350
8500
-2950
-19250
-19350
-29000
-32500
-39250
-47500
-50400
-54150
-49100
-48200
-46700
-47500
-47700
-47300
-45650
-43600
-40050
-39900
-39550
-46300
-44800
-40650
-37500
-42000
-36500
-38950
-40950
-31450
-25650
-20200
-18400
-2000
-4150
5050
17600
29800
26350
34400
42250
30100
31950
31600
24300
3650
9300
-7250
-17200
-22050
-23450
-33700
-33850
-32200
-41100
-34500
-28500
-24100
-29850
-10850
-17200
-19550
-13850
-9750
-9900
-19750
-11900
-15500
-17400
-22550
-16400
-18200
-18700
-22750
-21950
-17250
-22200
-17300
-23150
-15800
-20150
-20350
-16450
-16850
-16350

-17200
-12350
-16450
-13900
-16000
-8600
-12900
-10750
-9700
-9900
-6350
-9750
-5300
-6200
-2650
-5250
-3800
-3400
2100
-100
-2600
900
-1950
550
-5900
4250
1750
-1850
1100
3050
10550
9200
11000
13150
19350
17800
21100
24000
29750
30000
23600
20700
12550
9850
50
-9650
-18000
-32800
-35400
-44400
-43900
-46600
-48700
-47350
-53800
-50200
-48600
-41100
-44800
-41650
-45200
-43350
-43950
-40000
-37750
-41550
-37550
-48200
-40500
-40650
-33700
-34900
-28700
-28300
-27500
-16150
-5650
3550
6350
24450
19050
30050
36150
42050
34000
32350
36000
16050
13350
2250
-1000
-18600
-15250
-31800
-31500
-31700
-34650
-36100
-37050
-22600
-32500
-23850
-16650
-13150
-18750
-11300
-9900
-15700
-15450
-14100
-8700
-22400
-16200
-20850
-18200
-19300
-21450
-17900
-18750
-18100
-22750
-19050
-19550
-14550
-19850
-16650
-15750
-17850

-14250
-16250
-11250
-14950
-12800
-12300
-10450
-11100
-9800
-6600
-7500
-7500
-11550
-750
-3800
-1650
-4300
-800
3250
-4750
-550
850
2400
-3050
-1800
0
1550
-1400
2250
5950
5850
11050
8000
16400
19200
21100
24600
20350
30000
25550
28400
23300
17850
7300
-3100
-12450
-22150
-23850
-34200
-39000
-50000
-46700
-52800
-47900
-44600
-48400
-46350
-51850
-41200
-45850
-39550
-41900
-36150
-42750
-46650
-40350
-40400
-38250
-44300
-32750
-42500
-35850
-33400
-22850
-20550
-13100
-5400
-5300
11250
18550
26950
27550
42050
36000
35350
36050
28600
21400
10900
7650
-10900
-11200
-18850
-29700
-30100
-32050
-35750
-41500
-29750
-27950
-27500
-25000
-13400
-19000
-14450
-9850
-12800
-10850
-15500
-13300
-16700
-16750
-18200
-18600
-17350
-18000
-20400
-21950
-17300
-21000
-18100
-20950
-15150
-17550
-20400
-15400
-14750
-15100

-17700
-13550
-13050
-13600
-14650
-7700
-10050
-13150
-8800
-8950
-3950
-11000
-5550
-2650
-4450
-4600
-3800
1350
1100
-1050
-2350
3850
-1600
600
-2550
1050
2350
-3250
6000
1750
10050
9100
11150
14050
18600
21150
22050
26400
28150
30500
21500
22900
14900
12050
650
-10950
-17750
-32650
-34250
-44000
-39800
-46800
-49150
-50200
-49100
-46800
-48450
-43650
-42200
-41100
-48350
-40250
-40000
-38850
-41750
-40150
-37500
-45100
-39850
-37700
-36100
-35200
-28450
-27950
-24250
-13150
-5950
600
9650
18550
22150
33000
38650
39150
38250
35650
27350
20250
15850
2400
-6600
-10450
-17200
-30750
-30650
-28900
-38100
-34600
-33150
-27550
-30750
-20600
-13950
-17450
-11050
-12050
-12000
-14700
-12750
-17400
-9600
-16750
-17150
-18400
-15350
-17550
-23500
-17900
-19600
-18350
-22100
-17450
-16600
-18150
-18000
-16650
-12950
-18750

-13550
-14500
-11400
-16000
-12850
-7700
-11250
-10000
-10650
-4200
-8400
-7250
-8100
-2100
-2650
-3500
-2150
-2000
3350
-2350
700
-200
4250
-750
-3200
1700
1150
4050
0
6450
5950
13500
8250
15800
22150
19900
24300
21050
30550
27250
29400
22200
16800
9950
-2750
-10900
-19100
-26250
-35700
-40450
-45900
-48150
-48200
-46850
-46500
-49150
-46950
-46300
-42800
-42350
-42050
-39950
-39600
-40000
-44800
-37400
-38900
-40050
-39800
-39500
-38250
-30700
-28700
-28550
-17700
-14750
-8300
-3100
14600
19100
23550
35350
36800
38850
35300
38450
25200
24250
13350
4000
-7250
-10550
-18750
-30200
-24450
-36350
-36550
-37250
-28950
-29450
-25900
-20950
-17300
-12950
-15400
-9250
-14800
-6800
-18800
-13500
-11650
-17300
-16600
-18700
-14200
-22200
-18900
-20800
-15800
-22750
-16600
-19000
-17750
-17100
-19250
-12050
-17950
-14250

-16100
-12850
-14250
-12400
-11350
-11450
-9650
-12050
-5650
-11150
-4950
-6550
-6350
-2700
-3750
-50
-5150
2500
200
-150
-2100
3050
600
-650
-700
-700
4750
-2100
3800
3400
9950
11050
8500
16200
18450
23450
20700
27250
28400
29350
24300
22050
17850
11150
1600
-14950
-18700
-30450
-32650
-40950
-43150
-45200
-51200
-49700
-50050
-46800
-47050
-45200
-43800
-43400
-43650
-42550
-38300
-40450
-38850
-43100
-39400
-40900
-37950
-38300
-38250
-29000
-34700
-26750
-22750
-10650
-10700
4050
11550
15450
25500
32900
38900
35400
43600
31150
30150
21500
16050
-450
-4100
-8350
-23250
-25950
-29900
-30800
-39600
-31250
-35300
-28750
-26200
-22000
-13500
-16700
-13450
-14700
-8750
-13150
-15600
-15750
-9950
-17150
-20950
-16200
-17000
-19000
-23600
-15850
-19550
-19300
-19250
-20150
-15650
-18200
-16100
-19800
-11850
-17650

