
Curva de Excitacao - Bobina Girante (Dados Brutos)

Arquivo..............: C:\Arq\Wiggler\Medidas Wiggler - Corretoras\Bobina Tungstenio\Gap27\Translado27_X=-16_#005.dat
Data.................: 16/02/2005
Hora.................: 09:30:46
Ganho................: 10
N. de Coletas........: 1
N. de Voltas.........: 10
Intervalo de Análise.: 4 - 8

44250
55050
45800
41500
34200
29850
18350
10250
8850
-7850
-7550
-27600
-35400
-43400
-54350
-68250
-71850
-72000
-80650
-71300
-69600
-64400
-62350
-38500
-35900
-19150
2150
9450
30500
29400
41800
34250
38250
27750
23900
14200
15000
2700
-5300
-8050
-18650
-14150
-21800
-19900
-17200
-17100
-19300
-18300
-12200
-17700
-19600
-12600
-14450
-13100
-11850
-11300
-13050
-12700
-15150
-13750
-15500
-11650
-17750
-15250
-9750
-17600
-20000
-16100
-17600
-23700
-20850
-14600
-24650
-24600
-17250
-28100
-31250
-23800
-26700
-33200
-25650
-27700
-32050
-30850
-21900
-39400
-29400
-12150
-25700
-26350
-9700
-6550
-32050
-18550
-22350
-44650
-54800
-42150
-73300
-92550
-70700
-88950
-94200
-79000
-67900
-90200
-59550
-52750
-56600
-40150
-15150
-24300
-17600
17700
8100
1350
25850
39750
20150
38850
58200
46350
45650
57450
56600
46600
59350
54100

52950
45300
47800
40250
36850
29600
18800
21600
2400
-8450
-12700
-23300
-38400
-42650
-55850
-64650
-64400
-75150
-75250
-82050
-65800
-71450
-58450
-40350
-29100
-17400
-2500
15600
21550
36850
30250
43350
35400
36800
21400
15250
13200
-2700
-3100
-10100
-12000
-16350
-20750
-17950
-17400
-18750
-20500
-15850
-13050
-14300
-20000
-8700
-12500
-15650
-10650
-14800
-11650
-11900
-11750
-13950
-13800
-10250
-16550
-15800
-13400
-14700
-20000
-15450
-17100
-21150
-19900
-18850
-23050
-26600
-16600
-26950
-25000
-24100
-28150
-30500
-29500
-25450
-36550
-26100
-22450
-32750
-30600
-13600
-22350
-28900
-7250
-15300
-22450
-28800
-11150
-47150
-52250
-46200
-73400
-83100
-78750
-78100
-102650
-77900
-75250
-74300
-67200
-45800
-55950
-39700
-16400
-25950
-11450
8350
14700
-950
29750
37400
27550
34550
54450
47350
43650
61200
54450
55200
54550
56350

48850
51350
47200
38950
37950
27950
23000
14950
9000
-9200
-11700
-25250
-36250
-42200
-55600
-60150
-71950
-71150
-82300
-72050
-68800
-65650
-61350
-41350
-29150
-19200
2700
11800
27700
29550
39150
37700
37350
33000
21800
17950
12900
1350
-5550
-8600
-15150
-14450
-19150
-19350
-16150
-19100
-18850
-19100
-10850
-13700
-18750
-9150
-12150
-13550
-12600
-11950
-13600
-11500
-10600
-14850
-14000
-12000
-14600
-18750
-10950
-16350
-18050
-15350
-15450
-20000
-22500
-14400
-22950
-24350
-20650
-24750
-26400
-24600
-24600
-31050
-25850
-30200
-30800
-31950
-20700
-33950
-28650
-12850
-24700
-23550
-15300
-5150
-28650
-20550
-19700
-41550
-56300
-47000
-64200
-89600
-71900
-88700
-87550
-87050
-68100
-81400
-66000
-50150
-50650
-35600
-20800
-19650
-18800
11900
11150
8750
23050
41250
27650
34500
55500
47400
48700
53550
59250
51350
55300
54950

53750
51000
45100
44050
35700
31350
17450
20550
4050
-7450
-12100
-21000
-34200
-46750
-53700
-64050
-64800
-74500
-75750
-77900
-68350
-69300
-58300
-38150
-31800
-16750
-3050
15500
25350
34750
35950
38950
37100
34350
24850
14900
14800
-200
-5050
-7300
-13600
-14800
-20000
-18000
-17800
-16450
-19100
-17750
-10700
-13850
-16500
-12900
-10550
-13750
-11700
-13000
-11300
-11950
-12800
-12050
-15200
-9450
-17350
-15150
-12050
-16250
-18300
-16450
-13700
-22400
-18850
-18050
-19000
-27100
-18800
-23650
-27000
-22600
-28050
-27800
-31850
-23250
-32750
-28000
-23950
-31550
-28600
-16150
-18000
-26950
-6900
-15400
-22050
-29350
-14300
-39150
-55150
-46550
-71350
-80850
-83600
-73250
-97800
-81650
-77500
-72400
-65500
-52150
-49300
-41550
-16400
-23250
-9050
4550
13550
3550
26750
40250
29850
37950
51700
51200
42200
56700
56800
55750
54150
55800

54350
47750
49000
41000
40000
26100
22500
17500
7300
-7800
-13800
-21000
-36800
-41600
-54050
-59850
-71700
-72300
-77750
-74650
-65900
-67250
-58350
-44400
-27450
-16600
1250
12900
26600
33250
36950
42750
37450
32700
21950
18300
14400
1750
-2750
-9300
-11000
-16750
-19300
-17600
-15300
-16500
-20400
-15750
-13850
-11650
-18850
-8450
-12450
-12750
-11500
-11750
-9750
-13550
-10450
-14500
-12050
-12600
-14100
-14200
-12600
-14700
-17550
-12450
-18600
-18200
-21250
-14900
-23550
-22050
-19300
-27250
-23350
-26000
-22150
-32600
-25650
-27950
-30900
-30350
-22750
-28100
-29850
-11850
-24150
-21800
-17450
-4750
-24000
-22850
-18900
-43050
-51300
-51200
-58500
-89700
-77350
-84850
-86800
-86700
-71600
-74050
-69100
-48950
-49500
-33700
-23750
-16300
-16800
6200
10850
11500
28450
34400
33650
32850
53900
49100
48950
53900
59000
52600
55150
57800

52000
51900
44450
45950
34700
31850
20950
17650
7050
-8000
-9850
-22950
-33250
-46150
-53850
-62300
-65650
-70150
-77200
-76200
-71900
-64750
-58400
-38100
-30300
-17950
-350
14700
29900
33100
36600
38650
37050
34700
26900
19550
11250
2400
-5350
-7100
-13700
-13400
-18650
-17300
-15800
-19850
-15700
-18100
-10750
-15400
-15800
-10650
-11550
-11750
-11800
-10900
-13500
-10450
-12150
-11950
-15100
-8400
-13350
-16950
-11100
-15250
-15550
-17800
-13050
-21350
-18950
-16700
-20800
-22850
-20850
-20050
-26150
-23100
-28900
-26250
-30850
-24900
-30950
-29900
-20600
-31900
-24750
-19100
-16500
-25900
-10400
-10950
-21750
-25650
-17800
-33750
-57400
-46350
-69850
-78350
-84550
-74450
-92550
-87400
-73100
-72300
-61150
-52100
-44700
-42550
-21200
-18450
-9000
6350
12600
12000
21500
39050
31700
40600
48550
54700
45400
55800
60200
56100
56250
53750

55700
50300
47300
42600
38050
29950
21100
19750
7150
-5250
-15250
-19550
-35050
-42850
-52000
-61450
-66100
-75700
-75200
-74950
-66750
-65700
-57650
-42600
-27500
-13650
1850
14650
24800
33500
37750
42850
40900
31800
25050
15000
15950
1750
-1200
-8550
-12800
-14600
-19700
-16300
-16750
-13050
-20350
-15750
-12450
-10800
-15900
-10800
-8650
-12950
-10200
-13750
-8100
-11300
-10250
-12900
-12850
-9900
-16700
-13500
-12500
-11850
-20550
-14100
-15850
-17500
-20900
-15750
-17350
-26150
-16850
-23700
-23600
-28850
-22200
-27300
-27500
-25000
-29950
-28150
-26500
-25750
-30200
-13300
-21700
-21250
-14550
-8200
-18500
-28250
-14650
-40550
-50700
-55350
-55900
-84350
-83400
-82350
-85500
-83400
-74950
-68850
-70750
-50450
-47550
-34350
-24050
-15100
-9400
1300
12800
10900
27850
36200
34850
34150
51200
54700
46600
56200
58150
58850
52100
56350

55500
50600
44700
44350
41200
28750
24050
16650
8750
-8450
-10150
-19700
-33300
-45050
-53000
-58900
-68750
-69200
-76750
-74400
-70800
-66050
-54250
-41100
-24950
-19050
-550
14550
30650
36300
35150
41850
35650
36750
24550
21000
11750
2500
-4050
-6900
-10650
-14200
-17000
-19350
-12700
-19050
-16300
-15050
-9900
-12050
-18650
-8100
-11100
-10450
-13800
-8600
-10750
-11100
-11400
-12250
-10150
-12100
-11750
-15600
-10600
-16850
-14700
-16300
-14550
-17450
-19200
-14900
-20700
-21600
-21550
-21950
-27050
-22500
-24100
-29500
-26500
-27150
-25300
-31500
-21400
-31350
-25850
-18500
-17400
-20600
-14000
-9100
-23400
-23450
-20950
-30100
-56450
-49800
-66950
-80900
-81250
-77050
-85300
-90300
-75450
-71600
-62650
-52500
-42200
-37550
-26300
-15400
-9650
6400
10100
14500
23150
37250
35800
36700
51800
51800
48600
50900
61500
55850
57000
55450

