
Curva de Excitacao - Bobina Girante (Dados Brutos)

Arquivo..............: C:\Arq\Wiggler\Medidas Wiggler - Corretoras\Bobina Tungstenio\Gap23\Translado23_X=-11_#010.dat
Data.................: 14/02/2005
Hora.................: 08:37:50
Ganho................: 5
N. de Coletas........: 1
N. de Voltas.........: 10
Intervalo de Análise.: 4 - 8

-3500
10000
-2900
-12700
-5600
-13700
-14400
-26400
-24700
-36600
-30500
-29900
-24200
-19800
-22500
-7400
-5600
19600
30000
50000
56200
70500
67800
68000
62700
56400
49300
23800
19000
-3400
-26400
-35300
-46900
-43800
-47600
-50000
-44300
-31400
-25400
-25500
-12500
-9500
-15400
-11600
-2500
-6900
-6200
-5100
-5100
-7000
-7500
-3700
-13800
-1900
-5300
-12600
-7600
-6900
-10300
-13900
-9200
-12200
-10200
-14200
-9200
-16900
-13800
-12400
-19800
-14500
-16300
-15200
-20400
-16200
-21100
-26300
-20500
-20100
-26100
-28500
-18400
-30800
-28100
-26800
-28400
-40400
-30900
-27200
-50600
-39300
-46100
-46200
-55300
-38700
-45700
-27600
-4300
1800
10100
22900
31900
-2600
20200
7900
-10500
-38000
-28000
-67300
-88200
-53200
-61800
-69800
-62100
-38300
-66600
-42800
-26200
-23900
-24600
-2800
-2700
-11300
9200
2200
2900
7100
15100
-800

3300
9500
-4000
-4600
-10600
-9900
-27900
-20500
-25600
-25000
-29300
-32200
-31500
-25400
-17900
-7500
9900
15200
32400
39700
56500
66600
70200
71000
69300
62600
45100
23700
12500
-6200
-21200
-35400
-39700
-48000
-48700
-49700
-39900
-32000
-28400
-24800
-17200
-5200
-14900
-7000
-4800
-8500
-3800
-4600
-3400
-6700
-1700
-8300
-8000
-4900
-2400
-13200
-9500
-1600
-11000
-10200
-11900
-7000
-14900
-12700
-11300
-12600
-13800
-16300
-13600
-15500
-14900
-20400
-18100
-16900
-19200
-22900
-19100
-19700
-33300
-22600
-26000
-24500
-32800
-23000
-27900
-38400
-28800
-33200
-43300
-49300
-42200
-59000
-44100
-43100
-36300
-28000
-9500
500
-1800
34400
24000
20600
12600
14600
-36300
-33500
-29700
-54900
-71800
-204000
-61500
-91800
-54800
-48000
-47000
-44100
-22400
-29100
-24700
-4100
-9900
-800
5400
7400
-3600
13900
10300
1200

6000
7900
-2000
-13700
-4300
-13700
-17400
-23400
-22900
-33000
-33400
-31000
-26400
-18500
-19500
-7900
2300
17400
30800
43900
58200
67600
71200
70000
67500
58600
44300
27800
12900
-1100
-26400
-33000
-46700
-42900
-46600
-50500
-39400
-32400
-24100
-27200
-10200
-11100
-13100
-9900
-2400
-5900
-7500
-3000
-8300
-2100
-6800
-6300
-10100
-1400
-5100
-13600
-5700
-6300
-8800
-14000
-7100
-11300
-13100
-12100
-12600
-14100
-15400
-10700
-17700
-14100
-17000
-16600
-18800
-17200
-19200
-25400
-15300
-22200
-25300
-26100
-19900
-31800
-27800
-24400
-26800
-35400
-31000
-28200
-50900
-40800
-49000
-49200
-49400
-37400
-38900
-26100
-4300
-1500
14200
23100
32500
2500
24500
9000
-13800
-29200
-31500
-59900
-83900
-52400
-64300
-71000
-62000
-41600
-59100
-43400
-24100
-24000
-20100
-9100
-5000
-7800
8200
2400
5300
12000
11400
600

3200
7400
-2600
-4500
-7200
-12800
-24100
-23700
-22600
-27300
-29900
-31000
-29900
-26200
-17900
-6100
7200
19300
30600
44500
57400
70300
69400
69300
70500
62800
47000
22700
14900
-8500
-23700
-33300
-41400
-46900
-47900
-45600
-41600
-26900
-28500
-24300
-16800
-4400
-14300
-8100
-1400
-8200
-6100
-7400
-2300
-5600
-5000
-8300
-7700
-2000
-7000
-10300
-9500
-1700
-13000
-11900
-9500
-8400
-13000
-12000
-9800
-16700
-11400
-15400
-14300
-17400
-13800
-19100
-18200
-16500
-20100
-22300
-20600
-19200
-29900
-22000
-23600
-26300
-30800
-26300
-26900
-38800
-25500
-33700
-40900
-47600
-43400
-55500
-45900
-40600
-37900
-22800
-10600
500
1800
33400
23900
19600
18300
8500
-31600
-33200
-29600
-57200
-68700
-59400
-61800
-84800
-59200
-48200
-49100
-40300
-25800
-24600
-22400
-6800
-9800
-500
5200
6000
1700
11000
12100
1200

8200
5900
-2400
-10000
-7900
-10500
-17500
-20900
-27400
-30600
-33300
-31100
-25900
-18800
-15800
-11700
4700
15400
32700
44700
61300
69800
69300
70300
66100
64400
43100
27700
13800
-1700
-25800
-33200
-42300
-46100
-45300
-51500
-36000
-35100
-22800
-25400
-11700
-10000
-13100
-5800
-4500
-3800
-8500
-2200
-7300
-2500
-5300
-6000
-6800
-3900
-2600
-14600
-4100
-8300
-6900
-13400
-7900
-6600
-12400
-11500
-14900
-10500
-14500
-13600
-17700
-12100
-15600
-18800
-16100
-16600
-18200
-26200
-15100
-22200
-25500
-24400
-21800
-30100
-32300
-22400
-27600
-30300
-33300
-28800
-47400
-41600
-48900
-51200
-42400
-43100
-36200
-26300
-5000
-3400
11800
24600
25300
10700
19500
9900
-20200
-25300
-37300
-60500
-77700
-58200
-65800
-69300
-57700
-48600
-53900
-43800
-25100
-23100
-15600
-9000
-9900
-3300
6200
4500
4900
14800
11000
1300

2900
8000
-1700
-4000
-6200
-13700
-20400
-25600
-23100
-27200
-28200
-31000
-29000
-22700
-19900
-6400
9100
22200
28800
44600
56700
67100
72300
68900
74000
59000
50000
24700
13800
-7400
-20200
-33800
-43300
-41600
-49400
-45900
-41400
-27000
-28300
-23000
-16000
-7400
-9100
-7500
-2200
-8200
-2900
-7500
-5200
-1800
-4000
-6600
-8200
1000
-8300
-10100
-9100
-2500
-11400
-11200
-8000
-9300
-10900
-13900
-9300
-14900
-10000
-15800
-14000
-14500
-15600
-17200
-18300
-14500
-21600
-20200
-18300
-20400
-28000
-22100
-22600
-28500
-26800
-27300
-25800
-36700
-26300
-33100
-42000
-43200
-47500
-50400
-45600
-39900
-38300
-21500
-10900
-700
6900
30100
26000
17300
23300
5200
-26500
-35300
-31900
-56400
-65800
-60200
-64200
-77400
-61000
-50400
-46900
-36700
-27100
-26300
-22200
-7600
-6200
1100
8400
2800
5700
11000
11100
1800

7400
9100
-3000
-7800
-7100
-10800
-18700
-19600
-25500
-30700
-33800
-29600
-23400
-21700
-13200
-9300
4600
15700
32300
46400
60600
71400
68200
73700
65200
64100
43000
28600
12700
-800
-22300
-34400
-41600
-46700
-42400
-52200
-38000
-32700
-23800
-21100
-12800
-6500
-15000
-5200
-6600
-3500
-6600
-4600
-5100
-2700
-3300
-9000
-4500
-4300
-2200
-13900
-4000
-7300
-8400
-10700
-8900
-7600
-13700
-9500
-12800
-13100
-13700
-12200
-15400
-15300
-13800
-18500
-16700
-17100
-17300
-24000
-17700
-21500
-25200
-21500
-24300
-25100
-30500
-23200
-29300
-32300
-32100
-31600
-41900
-42800
-45500
-52400
-39000
-45900
-35700
-25300
-5000
-500
11100
27300
22700
16800
18500
8000
-20900
-25200
-34900
-60600
-73800
-64000
-64700
-69000
-52800
-51000
-50900
-43100
-29000
-22700
-17300
-6300
-7700
300
4000
6100
5100
16000
8300
3600

4700
5500
400
-6700
-3700
-13100
-19200
-24700
-23400
-26700
-27600
-27200
-30400
-21900
-20800
-3500
6400
24700
31200
43700
55800
66500
75700
68800
74200
59500
48400
23800
14600
-4200
-21700
-32800
-43900
-41300
-50000
-47000
-41900
-27900
-26100
-24300
-11900
-8900
-8700
-9200
-1800
-6700
-3300
-6000
-3000
-1800
-6100
-3900
-7300
-2200
-7600
-8400
-6700
-4200
-8400
-10700
-7900
-11000
-9500
-12300
-11600
-13300
-10400
-13400
-15200
-12700
-16600
-14700
-19100
-14100
-20500
-20900
-18400
-20000
-24200
-23100
-21000
-27700
-26100
-27700
-26500
-34000
-29400
-33200
-40400
-39200
-50400
-45700
-44700
-42100
-40000
-21200
-9400
-3600
12200
27000
28400
16800
24400
1200
-22300
-30700
-36800
-56400
-65400
-56100
-69700
-72100
-62100
-48700
-46600
-36100
-29400
-25800
-15500
-11200
-6700
1800
10800
1400
5100
10800
10200
5300

