
Curva de Excitacao - Bobina Girante (Dados Brutos)

Arquivo..............: C:\Arq\Wiggler\Medidas Wiggler - Corretoras\Bobina Tungstenio\Gap23\Translado23_X=6_#027.dat
Data.................: 14/02/2005
Hora.................: 09:20:40
Ganho................: 5
N. de Coletas........: 1
N. de Voltas.........: 10
Intervalo de Análise.: 4 - 8

-17300
-15700
-13300
-15100
-18300
-8900
-15500
-10600
-14400
-15200
-9900
-11500
-12400
-10600
-7200
-11500
-10000
-10700
-3900
-9500
-2400
500
-4500
-1200
-2600
4500
6500
13300
8700
7700
10600
3200
-9400
-14500
-14400
-17300
-20100
-24600
-15800
-14200
-12200
-6400
-9000
7200
5600
6100
10700
6500
6300
0
3400
-1600
2300
-6600
-4600
-10800
-16000
-18300
-18400
-15000
-24700
-10600
-23900
-20400
-23000
-9600
-13600
-8500
-400
-10200
-2900
-4700
1400
-9400
10900
2400
-3300
-3900
-8900
-20200
-28900
-23500
-48200
-50100
-50600
-56700
-68400
-57100
-51200
-52300
-32600
-18200
-3500
-4600
16600
2400
2900
0
-8000
-9900
-14200
-15500
-27900
-20700
-28200
-26100
-30400
-24300
-31400
-32700
-24100
-34500
-30500
-33000
-24000
-25900
-29500
-25300
-22200
-21300
-26000
-23000
-20300
-16600
-23600
-15900
-16000
-19600

-15400
-17500
-11500
-16400
-11700
-13400
-10500
-16100
-12200
-13400
-11400
-7900
-17200
-7400
-11500
-7700
-11000
-5500
-5000
-8400
-2300
-6900
600
1700
3600
1600
9300
9800
7300
8700
6900
10600
-10700
-7100
-19300
-19100
-22300
-27600
-13700
-13600
-8500
-9800
1400
3200
4900
2400
6900
9200
5600
9200
1000
6600
-8200
-3900
-7500
-10600
-13600
-17400
-13700
-23300
-20600
-22000
-15600
-21800
-10300
-18300
-15500
-10000
-5200
-8400
-3700
8400
-3900
0
3700
500
-7800
-400
-8800
-23800
-21500
-27200
-44600
-49500
-47700
-62700
-67300
-54900
-56200
-48000
-34100
-14000
-9300
3500
10300
4500
3700
-1600
-8600
-12900
-8900
-21000
-19800
-21200
-25000
-30100
-31500
-25300
-35000
-27640
-28600
-28000
-33000
-28500
-26500
-26900
-26300
-27900
-19900
-24500
-20900
-25200
-16000
-19800
-20100
-15900
-16200
-15100

-19500
-12800
-15900
-12200
-17200
-12600
-10500
-13200
-11700
-15400
-6100
-13500
-12800
-11200
-7700
-8500
-11900
-6600
-6300
-2100
-7900
-600
-5700
5800
-1600
3400
13900
7500
12100
2900
13800
1500
-2100
-11800
-13600
-16800
-24600
-23000
-21700
-8800
-13000
-3900
-3500
7200
6900
4800
8700
6000
9400
3000
3900
1300
1200
-5600
-5900
-10500
-15100
-18300
-17000
-16800
-19800
-18200
-21800
-18100
-15600
-14800
-13800
-4900
-8400
-10000
200
2100
-1600
3900
5900
-1700
-5400
-800
-12100
-18400
-21500
-29000
-43900
-47900
-47200
-64700
-59000
-57400
-56500
-48100
-32800
-18500
-6100
10200
6700
9800
300
2700
-14600
-6000
-12500
-21400
-17100
-22800
-23100
-31600
-25600
-29100
-28500
-32800
-27600
-31300
-28400
-26900
-28000
-23100
-30200
-23900
-25100
-21400
-23100
-21700
-18200
-18900
-20100
-19200
-15000
-16500

-15200
-17400
-12700
-11900
-15200
-13300
-12700
-9700
-16100
-9700
-9100
-11900
-14200
-8100
-6800
-10900
-6400
-9000
-2000
-8900
-2200
-5700
1600
4500
-100
6000
6500
12200
6400
11500
7200
6700
-4900
-11700
-14700
-18500
-17800
-27900
-17100
-11200
-9500
-6700
-900
9200
2600
4800
5900
10300
8500
6000
5900
900
-200
-7900
-5000
-10400
-12500
-16100
-16900
-17800
-21600
-17400
-21000
-12700
-19600
-15500
-12700
-7300
-9500
-6800
3800
-2600
1000
800
7100
-5000
2500
-3700
-15300
-17000
-20700
-31000
-45400
-39700
-55900
-60200
-65200
-55400
-59600
-41000
-28900
-24400
-400
400
11700
1000
11300
-4200
-7700
-6700
-12000
-22300
-22100
-14800
-30000
-24900
-30100
-23600
-33500
-31400
-24200
-29500
-27600
-32000
-24200
-26000
-25200
-28100
-20300
-20400
-24500
-21800
-20000
-15100
-23500
-15200
-15600
-15100

-16500
-16000
-10400
-14500
-14000
-13400
-8400
-15300
-10700
-13200
-8200
-11600
-12300
-5500
-11000
-6400
-11800
-6000
-5800
-1700
-4500
-4700
2200
200
4500
1900
11600
7100
10700
7100
8800
7800
-7000
-8700
-18100
-12500
-23700
-25400
-16900
-10200
-7700
-9200
500
3400
7800
3500
9600
9400
6300
4600
2900
8200
-4400
-700
-7900
-11300
-15500
-14600
-15900
-19000
-15800
-22200
-18100
-20300
-13000
-17600
-9000
-7500
-9200
-4100
-2500
1300
-1700
8900
-1500
1200
400
-4100
-14100
-15200
-17900
-38400
-36700
-45800
-50300
-62600
-56900
-60200
-59600
-42400
-33500
-17100
-5300
9100
4700
10700
6000
-1000
-9900
-7900
-9800
-22700
-17000
-25000
-22400
-28500
-23600
-27300
-31500
-30100
-28700
-27400
-31500
-26100
-25500
-23400
-30700
-23900
-19000
-23600
-21400
-25000
-14200
-20600
-17500
-19100
-14900
-14100

-16700
-14300
-14200
-8500
-18000
-9500
-12300
-11600
-12800
-10500
-7700
-12900
-10000
-11500
-6200
-7800
-7700
-8800
-3500
-2400
-7500
800
-800
4600
-3700
7200
8500
10100
12700
6800
12800
3000
-200
-14600
-12900
-16900
-20400
-24900
-16800
-7800
-13300
-2200
-2400
7300
3700
6600
6800
8000
11700
4100
7400
-100
1000
-5600
-4700
-9500
-11200
-15700
-19100
-14500
-21300
-17500
-18700
-11500
-19000
-15900
-9800
-5600
-9700
-4700
1400
-2400
3000
2600
3200
1000
2100
-6200
-14100
-11500
-24900
-31400
-39000
-44300
-56200
-58900
-58200
-60700
-49500
-44300
-32300
-22300
1000
2200
8700
10300
5100
1300
-9500
-3200
-18200
-16800
-20100
-19200
-26200
-25200
-27900
-27700
-26700
-34500
-26200
-27700
-28700
-32300
-24200
-22600
-29200
-22900
-22400
-19600
-25800
-17600
-19500
-16900
-19600
-17000
-15000
-14600

-14500
-17400
-10300
-13600
-16000
-13100
-7000
-11700
-15500
-9000
-10000
-7900
-13500
-6300
-9500
-7200
-7800
-7800
-400
-6500
-700
-6200
4900
200
1900
7700
10900
11100
8400
12100
6000
10300
-5500
-7700
-17400
-17200
-20100
-25900
-13500
-12600
-6400
-7200
-500
5500
7900
5600
6200
10900
7000
7700
2200
6200
100
-1800
-7700
-11400
-10300
-17200
-14500
-15900
-18200
-21800
-17400
-14800
-17400
-11500
-9600
-8400
-11200
-2100
-400
-200
5400
4700
3800
-1600
3800
-7400
-8800
-13700
-22000
-32600
-38900
-45800
-53200
-54300
-61700
-59200
-56900
-39800
-38300
-15400
400
4600
9800
6500
9400
-5900
-3600
-10400
-11400
-20200
-18300
-22000
-25800
-22100
-30600
-23700
-32300
-27300
-30500
-25500
-29100
-29400
-23400
-23800
-25200
-27900
-18500
-21800
-18800
-23500
-16300
-16700
-18500
-16400
-15800
-11000

-19300
-13600
-12100
-11100
-17000
-10200
-7000
-13900
-10500
-12800
-5100
-13500
-9500
-9300
-7900
-4700
-9300
-4600
-5800
-2200
-6900
100
100
5500
2700
3100
12000
8200
17000
5500
12900
5400
-3900
-10800
-13400
-12600
-24500
-21800
-20300
-8600
-9900
-4100
-200
6900
8500
3500
10400
8400
11000
6000
5300
3200
-2200
-2000
-6900
-6100
-13600
-13400
-18900
-15600
-20400
-19100
-14500
-14800
-15000
-17700
-7300
-10400
-5400
-3800
-1100
-100
3300
5100
100
5800
100
-4200
-12800
-12100
-23100
-29400
-35700
-49700
-51200
-60800
-57000
-61000
-48100
-43900
-33000
-19100
-3600
6900
6400
16400
2200
2700
-13000
-6100
-14300
-14500
-16800
-23600
-22200
-29500
-24600
-28600
-26700
-32500
-24100
-27300
-32700
-27300
-24900
-21600
-30200
-21200
-22300
-19600
-21100
-22000
-16500
-15300
-17200
-20900
-11400
-16300

