
Curva de Excitacao - Bobina Girante (Dados Brutos)

Arquivo..............: C:\Arq\Wiggler\Medidas Wiggler - Corretoras\Bobina Tungstenio\Gap23\Translado23_X=19_#040.dat
Data.................: 14/02/2005
Hora.................: 09:44:33
Ganho................: 5
N. de Coletas........: 1
N. de Voltas.........: 10
Intervalo de Análise.: 4 - 8

-7200
-20300
-10700
-17800
-11700
-18100
-16500
-12900
-12000
-7800
-12600
-9100
-14500
-2800
-15100
-11300
-13300
-1400
1900
-3300
5100
4400
13000
8500
27300
49100
93500
131300
174100
193900
193500
188400
152200
125800
68000
14500
-56600
-103700
-133400
-152700
-174700
-188700
-204800
-196500
-176300
-162100
-141100
-137500
-109400
-102800
-77500
-61800
-36900
-25900
-8900
-6200
-11700
-3000
4500
8100
1900
4500
-8700
-9700
-29000
-18500
-28000
-41400
-60400
-71500
-84200
-100700
-103600
-115000
-119000
-133300
-132800
-155100
-131800
-127700
-126300
-120700
-98900
-54600
-19000
39400
61100
109800
136000
186900
205100
258500
281700
272100
264800
244600
209200
112600
74400
-3200
-31600
-65500
-60700
-82300
-80500
-71300
-79000
-69100
-71300
-61500
-67900
-51100
-50600
-44800
-39500
-34100
-36300
-32700
-20000
-31300
-24000
-28300
-18000
-23200
-16800
-16900
-18200
-18100

-21300
-16400
-16800
-8100
-17100
-9000
-13900
-14700
-13500
-12700
-7800
-14900
-8700
-10100
-8600
-9900
-5200
-4000
-4500
-2900
-1100
7700
8200
20100
28100
56100
86900
120900
163400
196800
214100
199000
154100
104200
56900
11100
-36200
-87400
-134000
-166700
-187600
-191900
-186200
-184900
-175700
-177800
-149900
-134400
-105300
-93500
-69300
-58100
-50000
-24600
-23500
-900
-4200
8700
-1400
6100
-2700
2500
-700
-6500
-19000
-33400
-29500
-56500
-48900
-65500
-76800
-97200
-103200
-123000
-130900
-125000
-132300
-139900
-149800
-131800
-133800
-97000
-82500
-55000
-31400
11400
60800
107200
168400
182800
221300
239500
278200
262600
275600
247700
189200
131900
67300
17700
-46000
-54400
-78200
-73200
-78700
-74100
-79600
-70900
-64200
-69300
-56400
-57800
-47400
-52300
-34500
-34900
-36900
-29900
-25900
-26300
-27100
-21300
-21800
-18400
-23000
-18600
-18600
-16400

-15000
-17000
-15000
-16600
-14900
-11600
-12800
-12300
-12100
-10800
-12500
-12900
-9700
-7900
-10400
-9600
-4100
-6000
100
-4300
3000
2400
8000
19200
29900
58400
87300
128300
159300
192900
199900
202200
165800
121200
62900
-4400
-50400
-102600
-117300
-155800
-173700
-198400
-198100
-185200
-180100
-164000
-151200
-128400
-120700
-89200
-76800
-51600
-43700
-23400
-21200
-13500
2400
-2300
10100
3900
5600
-6600
-2400
-10500
-14000
-23100
-34400
-48800
-64400
-65600
-84400
-79400
-101900
-115900
-132300
-137000
-143000
-139200
-127600
-130900
-129400
-118000
-86700
-57900
-13200
20000
60000
105300
153800
180000
223200
256900
268700
271800
270900
253100
188100
130900
58500
9600
-32700
-56500
-71400
-75700
-79100
-75900
-78200
-66400
-71300
-66000
-55000
-57200
-49500
-44900
-36800
-39300
-32600
-28200
-25000
-27700
-24200
-24900
-23200
-17000
-22300
-14500
-20400
-16200

-18500
-15300
-13600
-13700
-14300
-14400
-11300
-14900
-6600
-15400
-7400
-12600
-11600
-8500
-7700
-3000
-10300
-1100
-6200
-1100
-800
9000
8200
17400
33300
55900
93200
120400
170400
190500
209500
190800
156300
115100
69300
15300
-47000
-99200
-140000
-159100
-180700
-180400
-193300
-182900
-184600
-172900
-151100
-129800
-107200
-91400
-72500
-59300
-39200
-31200
-16000
-8800
600
-2800
6700
5000
4300
500
-800
-10400
-20900
-24900
-37300
-42400
-58600
-66600
-82300
-89700
-107500
-112800
-122500
-131200
-142700
-147400
-138500
-136000
-110500
-106100
-84400
-67100
-24500
9100
66200
120100
159500
185500
213200
255600
257900
284200
266400
249600
192000
136200
62300
4200
-29100
-67100
-67100
-76800
-70900
-84400
-70800
-71800
-70100
-65500
-55500
-55100
-53100
-37800
-42200
-33900
-38400
-25800
-29500
-22100
-23500
-25200
-20800
-19900
-20600
-21400
-11000
-18500

-16800
-18000
-12600
-14300
-16600
-8300
-13400
-11400
-14700
-9700
-11600
-8800
-11900
-7900
-8900
-9200
-5600
-4600
1600
-5100
2300
5100
10900
18100
32200
59100
86900
123800
164400
196100
205600
202900
165200
114000
56300
-2500
-43400
-90300
-124100
-155500
-183800
-194200
-199300
-182400
-176900
-164700
-150500
-134000
-109200
-94000
-70500
-56800
-36400
-32900
-17600
-7700
-400
2000
7500
6800
-2500
5500
-8100
-2500
-19900
-22500
-38300
-47900
-57200
-69800
-72000
-90300
-101900
-124100
-124800
-140100
-126300
-137100
-136400
-137100
-127400
-109800
-93200
-43800
-21900
23500
55000
115100
143400
189000
225600
249700
273800
273700
276600
233600
201500
123700
67400
11000
-29300
-61900
-72700
-70600
-83100
-74000
-75400
-64600
-74500
-63000
-55200
-57100
-47300
-47000
-38400
-35500
-30800
-30700
-25100
-25600
-24500
-24700
-20000
-16300
-22400
-16200
-19400
-15200

-17100
-12600
-12700
-16600
-14700
-11700
-10700
-13500
-9900
-10600
-9600
-13200
-9800
-5900
-9200
-5100
-8000
-4000
-4100
-500
6100
6600
13000
14700
32700
54900
92200
125500
169200
195000
198300
194600
158500
129500
64800
11700
-53200
-104200
-131600
-154000
-173300
-191100
-188700
-192600
-177800
-171600
-143500
-131900
-105400
-92700
-78100
-51200
-44500
-22200
-22200
-2800
-5500
4700
4400
8900
5200
1800
-3900
-13700
-14300
-28100
-25100
-48400
-54600
-71400
-82900
-91200
-98600
-110500
-126600
-135600
-143100
-141600
-139800
-124000
-119500
-108400
-90100
-61000
-26300
18400
74000
108800
151900
185100
222400
247300
270300
277500
268400
250700
200200
128700
60300
11800
-36900
-62500
-64500
-74100
-79400
-76400
-71900
-71900
-68800
-62300
-59200
-54500
-47200
-42500
-40900
-34300
-34300
-29100
-24400
-25000
-24100
-24600
-17400
-21700
-20600
-16000
-15400
-18800

-15900
-13600
-16900
-10200
-14600
-9900
-14500
-11400
-11800
-11300
-5700
-11900
-8700
-10500
-5800
-9400
-3300
-5100
1000
-1700
-900
9300
9400
22500
27100
59800
85600
125800
164500
199500
214600
197800
158000
105900
63300
7700
-37400
-94900
-127100
-159100
-185200
-190700
-193200
-180800
-179700
-164900
-153000
-128600
-110700
-92000
-72600
-54300
-39600
-29700
-15000
-7000
200
2100
6800
4300
4200
800
-100
-6200
-18600
-25300
-36200
-45900
-53000
-64200
-78000
-94900
-106000
-117600
-124900
-123600
-132800
-141700
-143100
-135300
-129200
-106200
-79600
-51200
-22100
16400
63600
103400
157500
183000
226200
250300
279000
275400
262700
247900
192700
133100
65000
19800
-41800
-59200
-72000
-71900
-79800
-72400
-74100
-73000
-63000
-64900
-56500
-59200
-43800
-46600
-36100
-34800
-32000
-29000
-25700
-22500
-27100
-20100
-20800
-17000
-22400
-16500
-17600
-16800

-12800
-16300
-10600
-16300
-11400
-13900
-7900
-13200
-10400
-11600
-9000
-9700
-12000
-2700
-10900
-5200
-11100
-1000
-900
-1300
4400
6100
11500
14300
33700
58400
95800
124600
168900
192400
201000
198500
163500
126700
61500
6100
-51700
-98100
-125800
-155600
-176300
-189700
-194900
-188400
-179100
-166500
-148300
-126500
-109000
-94500
-74200
-51300
-39800
-28300
-13500
-8600
1600
-3000
12400
5100
7000
0
-4800
-7300
-17200
-20500
-32400
-41300
-63400
-67500
-84700
-82500
-101500
-111100
-127200
-137000
-134900
-142700
-131300
-133800
-118800
-112100
-87000
-62100
-17200
23200
63400
113300
150700
191400
211600
257300
264700
282100
271000
255500
193200
123500
67500
5500
-28800
-63700
-61300
-80600
-74000
-75500
-74500
-67500
-69000
-62500
-61800
-51500
-49700
-42300
-40000
-31600
-34500
-30500
-21900
-26500
-21300
-26900
-17200
-19700
-17700
-18500
-16000
-15800

