
Curva de Excitacao - Bobina Girante (Dados Brutos)

Arquivo..............: C:\Arq\Wiggler\Medidas Wiggler - Corretoras\Bobina Tungstenio\Gap23\Translado23_X=7_#028.dat
Data.................: 14/02/2005
Hora.................: 09:23:43
Ganho................: 5
N. de Coletas........: 1
N. de Voltas.........: 10
Intervalo de Análise.: 4 - 8

-18700
-15500
-14300
-17000
-17900
-10700
-15900
-12000
-15300
-14100
-11700
-11500
-11500
-9500
-7900
-11900
-9900
-9600
-1800
-9300
500
500
-700
900
-1100
5700
8700
11200
4800
2500
-2300
-11500
-21000
-27000
-24100
-23600
-20100
-21300
-8000
-7400
-2300
1000
-1900
11900
11900
11900
14500
8500
8000
2300
2800
-1700
-200
-10600
-7600
-17900
-22800
-23600
-24300
-20700
-31200
-18200
-30200
-23600
-27900
-15200
-14400
-11100
-5600
-11100
300
-3300
5000
-2600
19400
9300
7900
6500
800
-6700
-16500
-16700
-37100
-36800
-45500
-54200
-70100
-67400
-71600
-74200
-57700
-50900
-30900
-25000
2200
-900
12600
7700
2400
-2200
-7000
-10600
-24600
-16400
-25400
-22200
-26400
-21400
-32300
-30700
-25600
-204000
-28900
-33300
-23300
-26700
-28700
-27800
-23400
-22900
-26400
-23600
-20500
-15800
-26300
-17100
-17500
-19000

-16900
-18300
-12700
-17700
-14300
-14700
-11700
-17300
-12000
-13200
-11000
-10900
-15300
-1853200
-7300
-9600
-9900
-7400
-4200
-1100
-7600
1400
-900
7700
-800
5800
12400
6600
7300
-3300
2900
-12300
-15500
-24700
-22300
-25000
-23500
-19600
-15000
-800
-3800
4400
3200
11500
9500
8900
14000
9900
11500
4600
5500
-100
-2600
-10100
-10500
-15800
-20300
-23700
-22500
-23400
-26300
-23700
-25100
-21900
-21500
-18500
-15600
-8900
-11600
-8300
0
3700
3200
8700
11500
6300
7700
8600
-1600
-4300
-10300
-20100
-31400
-39100
-43700
-60700
-64000
-69100
-73900
-69100
-58600
-49500
-34200
-15400
-4300
8400
7600
9600
-4100
2900
-8200
-14400
-14800
-18400
-21200
-26300
-22000
-28400
-28700
-31200
-23800
-33000
-30500
-28300
-26200
-25400
-31300
-23600
-24300
-22400
-26600
-21800
-20600
-18700
-21300
-20300
-14200
-18200

-16400
-19600
-12500
-15500
-16400
-13200
-12900
-11900
-15700
-8900
-11400
-10600
-16400
-7300
-7800
-10400
-7600
-7800
-900
-9100
-1700
-3600
3800
3900
1400
7300
10100
9600
2100
3200
-3900
-6100
-21700
-23000
-22300
-25500
-21500
-23500
-9500
-5200
200
1700
5900
11400
8800
8700
10800
14500
10000
7700
3700
300
-3600
-10800
-9000
-16900
-18100
-23200
-23300
-23500
-26400
-23700
-24900
-18800
-25100
-17700
-15700
-10100
-11700
-5000
3200
-1400
6500
7200
13300
3600
12100
5900
-900
-4400
-8500
-20800
-32400
-32600
-52300
-55700
-68200
-64400
-76100
-64700
-59600
-53600
-30300
-20500
200
500
17500
5500
3000
-2900
-8500
-14900
-13200
-14500
-27600
-20000
-27700
-21500
-34100
-27600
-27300
-29600
-27700
-31700
-23700
-27300
-25800
-29300
-20000
-23000
-24400
-23500
-18900
-16800
-24500
-16500
-16800
-16100

-18700
-14900
-13500
-15900
-14600
-12700
-10300
-16800
-10400
-13200
-8100
-13300
-11400
-6100
-10200
-7900
-11400
-5600
-5300
-3000
-4700
-400
2300
3000
5000
4600
12200
6200
7600
-900
-1000
-7100
-20000
-20900
-26900
-19600
-24000
-20700
-10600
-2500
100
0
7100
10100
12100
6200
13900
11800
10900
6700
3100
6300
-6200
-5100
-14900
-14100
-21200
-21200
-22500
-22900
-23000
-28100
-21900
-24200
-16500
-22300
-11400
-12200
-9500
-4900
-1700
4300
2100
13200
4300
11500
8700
8500
-2500
-2700
-10000
-24400
-25600
-39900
-44500
-59900
-60300
-71200
-72000
-66700
-60700
-45100
-33900
-14200
-7900
9900
9300
10600
-800
600
-5900
-17200
-11600
-21300
-19600
-25700
-21400
-24700
-30500
-28200
-25700
-27800
-33300
-25000
-26500
-23500
-31300
-24800
-21000
-23000
-23100
-24600
-16200
-20200
-19500
-20600
-15800
-17300

-16200
-15200
-14700
-11800
-17500
-9500
-15000
-12100
-12800
-11200
-9400
-13100
-10400
-10100
-5900
-9300
-7700
-8500
-700
-3400
-6300
1700
2000
8200
-1200
9500
8400
9600
6100
-600
3200
-9600
-16700
-27300
-20400
-23200
-22200
-22200
-8800
-800
-4000
7100
4200
13200
6900
11300
11000
13600
13700
5700
6900
-800
-2900
-10300
-7800
-16800
-17300
-22500
-23900
-23200
-26500
-22700
-23800
-18700
-23300
-18300
-14600
-10500
-9000
-4400
1000
1500
6400
4700
12800
10500
11100
5200
300
-800
-12100
-17900
-30000
-36400
-48600
-54000
-64400
-69500
-68400
-67200
-60400
-51300
-28800
-20800
-1400
8700
12900
8700
300
4200
-9400
-11000
-17300
-14700
-23200
-22400
-24000
-23900
-28200
-32300
-22700
-30800
-28200
-30800
-23100
-24500
-29400
-22800
-23400
-21500
-24800
-19700
-21000
-16900
-21300
-16300
-15800
-14800

-15600
-17700
-11700
-14900
-14300
-13700
-8400
-12500
-13600
-10100
-9600
-8800
-13700
-6200
-10600
-5800
-8800
-6400
300
-5000
-1000
-2500
5400
1800
4800
7300
12300
7100
4700
4900
-3200
-3600
-21500
-18500
-27100
-20300
-22300
-21500
-7100
-3900
500
-500
9600
10900
12400
9500
13100
12000
9500
10700
4000
3200
-4800
-7300
-12200
-15500
-17200
-23600
-19900
-21600
-25800
-27700
-21300
-19800
-21200
-16500
-13600
-11000
-10100
-2200
-800
3100
8000
8600
9900
9200
12600
4300
5400
-3600
-11700
-19800
-26300
-36900
-47900
-53900
-65800
-66800
-73400
-62300
-63400
-44700
-31200
-19200
-1200
6500
14600
5200
8000
-1800
-6000
-15300
-10300
-17900
-22300
-20000
-25400
-20900
-32100
-26100
-28400
-25500
-29400
-29500
-24900
-24300
-25800
-27700
-19400
-23200
-20100
-23900
-17700
-18200
-21300
-16600
-16700
-15500

-18600
-13000
-13000
-12700
-16100
-11200
-10400
-14600
-10400
-12700
-6400
-13500
-9800
-8200
-6000
-7000
-8600
-2600
-4400
-1800
-5500
2600
1300
6400
4300
6600
12400
8000
10200
-800
1900
-9900
-17500
-23900
-23100
-18800
-22900
-19700
-12100
500
-700
3700
5800
13200
12400
7100
15300
13400
12800
6900
5600
3100
-4200
-4300
-11200
-12200
-21700
-21000
-23300
-21600
-24700
-24100
-18900
-22400
-18900
-20700
-11000
-12300
-6800
-4900
-200
3100
6600
11900
7100
14400
7200
8000
400
-1400
-10000
-20000
-27200
-40100
-44400
-58900
-60400
-71200
-66700
-68500
-59200
-47400
-30800
-14600
-5800
13800
7400
14300
-2200
1400
-6000
-10600
-12200
-19500
-19400
-25900
-21400
-26600
-26100
-30200
-22300
-27800
-31300
-26700
-25300
-21100
-30900
-23400
-22300
-20200
-24100
-21400
-17000
-18000
-18700
-20400
-13200
-18300

-14400
-15400
-11300
-14200
-15200
-8000
-13600
-11400
-13500
-8600
-11300
-8800
-11500
-8200
-6200
-7500
-5700
-7400
700
-5700
-3000
400
3900
6500
2100
11000
8800
9900
5100
3000
-100
-4600
-16200
-24500
-18800
-24500
-18800
-23900
-8100
-2000
700
4300
4600
16800
9400
11900
9200
15300
9400
10100
8200
2200
-2400
-10600
-7300
-17700
-15000
-21400
-19100
-23700
-25600
-23400
-23600
-17200
-21100
-16300
-16700
-8800
-8300
-3600
900
3300
9400
3700
12200
8700
12600
5300
5400
-2300
-13100
-14800
-31300
-35300
-46500
-52600
-68800
-66600
-68300
-65400
-60300
-46400
-28700
-22700
1000
4800
15100
7900
4300
400
-6500
-9600
-16900
-14700
-24000
-19800
-27400
-21500
-28600
-29400
-24000
-28500
-27500
-30500
-21600
-28700
-25600
-24900
-20000
-21500
-23500
-20000
-20700
-13800
-23100
-15000
-17100
-13300

