
Curva de Excitacao - Bobina Girante (Dados Brutos)

Arquivo..............: C:\Arq\Wiggler\Medidas Wiggler - Corretoras\Bobina Tungstenio\Gap23\Translado23_X=14_#035.dat
Data.................: 14/02/2005
Hora.................: 09:35:16
Ganho................: 5
N. de Coletas........: 1
N. de Voltas.........: 10
Intervalo de Análise.: 4 - 8

-13500
-19600
-10600
-15500
-14300
-15800
-15700
-14900
-8200
-10200
-9200
-10100
-12400
-4900
-14600
-9300
-15300
-9600
-13100
-15500
-16900
-19300
-18300
-24400
-20700
-19100
-800
200
4300
2800
4800
4000
-7500
8700
18100
59500
84900
109100
116400
112100
100200
75300
44700
12900
-11200
-44100
-50700
-72500
-75100
-92000
-95500
-98500
-87100
-77300
-71700
-69000
-72200
-65800
-66200
-53300
-51800
-44000
-53100
-55100
-60100
-51600
-50600
-44700
-50900
-56700
-57300
-58800
-53000
-44300
-15200
-11700
-6200
5300
34300
45300
76200
96800
108000
139200
153300
147200
120100
125100
76200
38900
3700
-13500
-54400
-60100
-60500
-71500
-76800
-79200
-89700
-101300
-88300
-91300
-80300
-72200
-51000
-46600
-32500
-17300
-25600
-19900
-18500
-14800
-24600
-14000
-16400
-16500
-23500
-20300
-18200
-22100
-15800
-27300
-17100
-18800
-16800
-21600
-15800
-15800

-17600
-18900
-18400
-11900
-17300
-8800
-14800
-11800
-13600
-12000
-10300
-10200
-7100
-10800
-8400
-12100
-9900
-14800
-10300
-16600
-19100
-17500
-21700
-15400
-21700
-12300
-8100
-2300
800
1900
7100
3000
1200
7900
29800
51300
81900
100800
120900
119400
97000
72800
43500
19200
-6800
-38300
-59900
-82100
-81600
-85500
-85400
-87700
-89400
-83200
-85100
-71500
-65800
-54400
-61200
-54300
-59600
-53500
-52000
-44900
-46700
-57900
-53000
-62600
-52500
-56500
-39400
-48000
-48300
-46800
-32600
-22700
-7500
26700
29100
55300
69600
101300
103200
142500
144200
138200
139400
122200
82800
28800
17800
-32000
-45800
-60800
-54000
-76700
-73800
-77100
-100500
-92900
-94500
-88000
-84000
-58400
-54600
-46400
-36800
-22000
-23800
-20800
-8000
-21600
-16900
-21800
-13800
-20300
-17400
-18800
-23100
-17500
-20500
-21300
-22200
-12000
-21000
-19400
-18900
-15400

-16000
-17700
-12500
-16400
-15200
-15300
-11200
-12100
-10900
-11800
-9600
-9200
-13800
-7000
-9800
-7000
-12000
-13200
-12700
-16300
-16000
-20700
-18800
-21400
-17800
-13600
-4300
-1500
1400
4000
2000
3500
-1000
13200
27200
52900
82300
100100
120200
115900
108200
75600
46000
11900
-16400
-38200
-56200
-63300
-81300
-89000
-100500
-87700
-86300
-76000
-77100
-72600
-67600
-71100
-55300
-56600
-44800
-56200
-48300
-56500
-52600
-53800
-45600
-47900
-61400
-54900
-58000
-48600
-48700
-26400
-29700
-22300
-7300
10800
28200
55400
86600
88500
116900
136900
147500
132600
142800
116100
74100
49400
9400
-29700
-50100
-51200
-68500
-69600
-68100
-82800
-96200
-93200
-88800
-97800
-78000
-65000
-55400
-42900
-29600
-22200
-27700
-18500
-15100
-18200
-15500
-14600
-20100
-18000
-19700
-23900
-17700
-17400
-15800
-26900
-18100
-15700
-20700
-20100
-15300
-14800

-19300
-17000
-14500
-13000
-17700
-11000
-12200
-13800
-10800
-12300
-6000
-12000
-8000
-10000
-9500
-9800
-9300
-10900
-13600
-13300
-19600
-18100
-22500
-15900
-19300
-13200
-4600
-2600
5800
-500
7100
-400
2000
9900
29000
57900
79300
103600
115800
119400
95900
77100
45400
26000
-10800
-41900
-62200
-79400
-76300
-87500
-84900
-90500
-85100
-89200
-78300
-70200
-62300
-62800
-59700
-56300
-58000
-50600
-48500
-44000
-54500
-52800
-54500
-54800
-56100
-46400
-49300
-54600
-47800
-40900
-33700
-16000
5300
11100
27900
53600
74700
88800
121700
142600
140200
144200
143800
110100
74300
48700
5400
-30300
-39900
-52500
-72600
-63800
-72600
-83000
-98600
-86800
-97000
-91800
-75000
-63200
-56900
-46200
-29000
-30100
-19200
-16600
-15000
-20800
-16700
-18000
-19700
-12600
-20400
-20200
-21600
-15400
-22800
-21800
-16300
-16600
-19700
-20400
-14200
-19300

-13400
-18800
-12500
-15800
-14300
-12800
-13500
-8200
-13600
-8700
-12000
-7300
-12500
-5700
-8500
-8800
-10200
-13900
-8500
-18700
-14000
-22200
-17700
-19900
-19000
-10400
-5100
800
-1700
4500
3400
7800
-3300
12000
28400
55300
82000
100100
123200
119100
104600
73300
41700
13500
-11500
-34000
-52500
-70800
-81700
-92600
-93800
-87000
-81100
-78900
-76900
-75000
-69500
-64300
-56900
-50500
-51400
-51800
-55600
-50100
-52500
-47000
-49900
-53200
-56400
-57000
-54500
-50100
-36200
-38600
-29800
-21800
-2500
6100
36600
61600
70500
96300
119100
139200
132200
154600
135400
113400
80200
53600
100
-30400
-36700
-62600
-63800
-65500
-67200
-90700
-88700
-92500
-95800
-93000
-73700
-65100
-58100
-34700
-35600
-24400
-25000
-15500
-19500
-13400
-14300
-19300
-17300
-17500
-18200
-23200
-14400
-18400
-19200
-23100
-16600
-16900
-20400
-14400
-19100
-15100

-17600
-15200
-15600
-11700
-12800
-14100
-12300
-13100
-9100
-12900
-5900
-10600
-9700
-9400
-7600
-6500
-11600
-10000
-12300
-14300
-20600
-16500
-18500
-18200
-17300
-13500
-1700
-2800
4700
300
6600
3100
100
14400
29200
57900
78500
103400
115500
117400
102800
79400
51600
16700
-9800
-46200
-60000
-73000
-72100
-84300
-92200
-88000
-91600
-80400
-79200
-63100
-68000
-61800
-61600
-56600
-52500
-49800
-44200
-51700
-49900
-59300
-49100
-56800
-47000
-52600
-50900
-50500
-48900
-39300
-32900
-7200
-6000
14400
28800
56500
68600
100300
122700
130900
147800
147800
137100
104200
90900
39300
2100
-20900
-40000
-62800
-67600
-59200
-80100
-82400
-90300
-90300
-98800
-86100
-71200
-71400
-53000
-44400
-31300
-26100
-15200
-21100
-15700
-15600
-16100
-18800
-16200
-12900
-22300
-20700
-20600
-17300
-19700
-18900
-17600
-17300
-17300
-20400
-16100
-16400

-13700
-18500
-13800
-12600
-15200
-10500
-12300
-7900
-13600
-9900
-9800
-7300
-9700
-7400
-5900
-10100
-9100
-13400
-8400
-16400
-15400
-17700
-20300
-17400
-18600
-9100
-8400
1600
900
4600
5600
5200
1600
6900
32900
53000
85700
100700
123600
118500
102300
73800
40500
22200
-10200
-32500
-58700
-70100
-83300
-92800
-89600
-82900
-82500
-83300
-75700
-76100
-64500
-65300
-51500
-54200
-52500
-52300
-52900
-48000
-50900
-45700
-53500
-51900
-57000
-54200
-54000
-43500
-42500
-40400
-28300
-20200
-5200
11800
40900
52900
75600
98500
116900
132100
149300
147700
131000
119400
87500
39700
900
-20700
-43300
-64100
-57400
-65800
-73700
-82800
-88500
-95100
-94900
-85200
-81700
-62800
-51300
-37600
-39200
-21500
-21900
-19600
-13500
-14200
-13400
-22600
-13400
-16700
-19500
-21200
-15500
-17700
-19300
-20500
-19500
-12800
-20700
-16700
-18100
-13900

-16200
-16600
-10400
-14000
-12400
-15100
-9600
-13000
-9300
-10100
-7000
-8400
-11500
-3600
-11100
-3900
-10800
-10000
-12700
-14100
-15500
-18400
-16700
-19900
-14500
-14500
-1200
-2000
5700
2500
4300
5500
-1400
15600
28000
58200
79000
104900
118000
119100
103800
80500
49800
16600
-13700
-45100
-54200
-69200
-74200
-86900
-90400
-91000
-86600
-80300
-74100
-68100
-66900
-63300
-59900
-54700
-50600
-49200
-47600
-50200
-52300
-53600
-51800
-47100
-51900
-54200
-54200
-47600
-47100
-37400
-25300
-15200
-3900
10900
34300
49600
81600
97800
118700
135400
149900
142400
132100
118700
81900
43200
7100
-18200
-49600
-55300
-62900
-66000
-74500
-78500
-90900
-95600
-88500
-90000
-77200
-68300
-49800
-43600
-32400
-20200
-22100
-17900
-15200
-11900
-20200
-14200
-17500
-13100
-23300
-18300
-17500
-19100
-16200
-20800
-17000
-18400
-15700
-19800
-15700
-14300

