
Curva de Excitacao - Bobina Girante (Dados Brutos)

Arquivo..............: C:\Arq\Wiggler\Medidas Wiggler - Corretoras\Bobina Tungstenio\Gap23\Translado23_X=-19_#002.dat
Data.................: 14/02/2005
Hora.................: 08:19:30
Ganho................: 5
N. de Coletas........: 1
N. de Voltas.........: 10
Intervalo de Análise.: 4 - 8

83800
102100
90500
80100
77800
64900
52300
41200
31500
21600
18100
-24100
-36600
-41000
-77400
-112500
-123200
-140400
-162100
-167600
-177200
-194900
-209300
-191400
-182400
-153200
-120300
-102900
-60200
-19300
37800
74200
116200
124600
129400
128200
135400
111700
91000
69000
47200
37500
21800
9200
-3000
-7900
-11400
-19700
-17200
-20000
-22000
-15500
-24900
-18700
-13800
-19700
-20800
-16800
-15800
-22700
-19500
-16100
-18800
-21200
-11900
-20900
-24000
-19000
-24700
-24900
-24800
-15000
-27400
-18000
-19800
-32000
-30100
-16500
-20100
-24900
-5000
-11600
-8300
-3900
21400
-2200
12400
24300
-7100
-12200
-18100
-33400
-110800
-103600
-152600
-176600
-169700
-154400
-186300
-154800
-118900
-122800
-108100
-74800
-71000
-90700
-38600
-16300
-26000
-5100
30300
16100
22800
60800
56500
52800
69700
80600
65100
85000
101100
90900
99600
100100
91500
92500
108800
95200

96900
92700
87200
79900
75700
68600
56500
52300
28300
16300
6400
-17900
-38100
-46700
-78500
-105800
-107000
-136800
-164500
-184600
-185100
-201300
-191600
-180000
-179200
-160700
-141400
-98900
-58500
-1000
32100
77100
100300
135500
134200
132300
123800
103800
94500
73900
54500
39200
19800
5300
-2700
-7700
-11500
-19900
-19200
-16900
-20400
-19600
-21100
-19700
-14800
-21800
-20500
-14300
-16800
-19600
-18900
-11400
-23700
-20800
-15500
-20700
-22700
-16500
-18900
-27100
-19800
-23100
-24800
-26400
-15200
-29000
-24000
-13400
-27800
-24200
-14900
800
-15000
6300
12600
2700
3600
26500
10600
-18100
-6800
-64900
-89400
-123400
-126600
-192700
-171300
-159200
-167200
-142700
-122800
-123100
-130200
-78200
-69400
-65900
-41200
-17900
-35200
-7500
32300
23100
28000
56500
57400
41800
73200
86100
76500
82800
95300
88500
92900
104900
96600
103000
101600
94300

89100
98200
90900
80100
77800
62700
60400
48400
33500
15600
8800
-19300
-39400
-42900
-74200
-101500
-123000
-137600
-165800
-170600
-177200
-195700
-204500
-196200
-181900
-153300
-120100
-98700
-58400
-21600
36400
76200
114000
132100
130900
128200
128600
112100
91400
69800
50400
39100
23200
8900
0
-9500
-14900
-20600
-15500
-18200
-22200
-17100
-21400
-19500
-17200
-19600
-19000
-16300
-12200
-21700
-19200
-15800
-16600
-21900
-14800
-19900
-22200
-18800
-23100
-22200
-20700
-14800
-28800
-24000
-19400
-28900
-27500
-14200
-14800
-27200
-6700
-11500
-13000
-6200
24800
10700
10400
23500
-5300
-13500
-22900
-29100
-102200
-114700
-151500
-178400
-169100
-154900
-169000
-160100
-117600
-121800
-108000
-84100
-73500
-82900
-41300
-14600
-16500
-3600
24800
20400
17400
54300
60400
58100
71500
80700
70900
82900
98300
91000
99700
99200
94000
95700
108900
96000

91700
95800
87400
81900
75700
69400
54000
52900
28600
18400
11000
-15200
-36100
-52800
-76100
-106800
-108600
-131400
-163000
-185200
-187100
-195800
-194900
-175700
-179500
-162400
-142500
-98000
-51700
400
34200
71000
102000
131700
139400
134600
126100
103300
92900
73600
54300
40100
19000
8800
-4100
-5400
-11900
-18300
-16300
-19800
-19900
-19300
-20600
-18700
-13900
-18900
-20800
-17300
-14000
-18700
-20600
-11500
-19200
-20500
-17100
-20300
-21700
-19900
-16100
-23900
-18900
-22500
-26200
-25700
-16400
-25600
-25000
-14800
-23800
-23300
-15000
2700
-12500
1100
10600
5300
7700
25000
16700
-17600
-17000
-60500
-89400
-119500
-133400
-184600
-178900
-160300
-165800
-142100
-125900
-117300
-125200
-82900
-73200
-65000
-39800
-18600
-25700
-10200
29600
26300
29800
48000
55900
51100
74900
82000
78100
84700
93500
91000
92500
103100
96400
101100
104700
93600

92500
98400
91400
78800
78300
65200
58700
47400
36400
16500
6500
-16000
-38300
-44400
-74500
-101300
-122300
-138200
-163900
-172300
-175200
-195300
-203900
-196300
-179700
-156100
-120700
-97300
-57300
-18800
34700
79000
109300
132500
132400
133600
126900
112800
92400
71500
51500
37400
24400
10500
-900
-9100
-11200
-18200
-18700
-16100
-22100
-15400
-21500
-16600
-16600
-21300
-19200
-15800
-13000
-20200
-18000
-13600
-17100
-22900
-14500
-18300
-21200
-17800
-20400
-20900
-24600
-15700
-25100
-24100
-20100
-26700
-23900
-19300
-14200
-21800
-10100
-9100
-12700
-5900
19500
13800
11100
24100
-1000
-11300
-26300
-35700
-93700
-117700
-145800
-176700
-171900
-162300
-161700
-155000
-120800
-117900
-109200
-88800
-71400
-75700
-42600
-12500
-18000
-2300
21200
26000
19400
53800
62300
57600
71600
82500
76200
78800
97400
94500
97200
96800
99200
97000
106600
97200

92300
98500
88600
83400
74300
70200
55400
49800
34400
16700
9900
-14100
-34700
-53600
-73800
-103300
-112700
-134000
-161200
-180100
-186500
-191900
-198800
-182100
-177700
-157800
-135400
-98900
-55500
-6800
37400
74200
107600
131600
138000
130300
127500
110300
94000
74400
51000
42000
19500
8800
-1600
-5000
-10900
-19800
-15800
-17700
-18700
-19100
-18200
-19300
-15400
-17400
-17700
-16100
-16000
-15300
-20900
-12800
-18300
-18200
-16000
-19100
-19300
-20600
-17100
-23100
-18800
-20400
-22500
-26100
-16700
-23800
-25600
-15800
-20600
-20600
-18600
1100
-7800
-900
15400
10100
10200
16600
15400
-14900
-17600
-50400
-85400
-126100
-137800
-176900
-174700
-157000
-163900
-145600
-133200
-114600
-117300
-83600
-70000
-65700
-44600
-17400
-18000
-12100
27300
30400
26700
46800
62700
56600
67800
85200
78000
83900
93100
97800
92500
101500
98600
101400
102600
98100

93800
95100
92700
79800
78100
67000
59400
50300
34800
16500
4800
-11900
-35800
-47000
-73500
-102200
-119600
-135800
-159600
-178500
-177800
-194900
-195600
-193600
-174900
-157900
-129100
-97300
-55200
-8400
33600
75800
107300
134400
135100
134700
127700
108300
94800
70400
56700
37900
23100
9300
-500
-7800
-11300
-15000
-17900
-14200
-22200
-16700
-20600
-18600
-15200
-17300
-16900
-18800
-11600
-19100
-17500
-14900
-14900
-19100
-18000
-15800
-20300
-17000
-22200
-18900
-23400
-19100
-23800
-21300
-18200
-26200
-21700
-21600
-14400
-24600
-10200
-4600
-5800
-3300
14700
13700
5500
23500
7100
-3900
-31300
-43600
-90700
-119700
-136800
-171400
-172300
-169800
-159800
-152000
-121500
-116000
-108700
-89400
-71500
-66600
-45800
-16400
-18200
-4600
19200
30200
26200
49100
60700
59700
68000
79500
83400
82300
95100
92800
99200
99000
98000
102000
104300
100000

90200
99700
89500
83000
75100
70100
57300
48900
37600
16200
10100
-15200
-32300
-53700
-71100
-101500
-117700
-133200
-159400
-176100
-184800
-191400
-199200
-187300
-176600
-153200
-132000
-97700
-55800
-12800
40000
77800
109900
130700
136700
132600
126400
113800
93400
74200
51000
43300
21300
10300
-1000
-6000
-8900
-18900
-15100
-20400
-16600
-18700
-19800
-17800
-14400
-16700
-20800
-14900
-13900
-16700
-21700
-12300
-17200
-19200
-15100
-17400
-17800
-23400
-14700
-23000
-18900
-20200
-21100
-23200
-20400
-23200
-26500
-15100
-19700
-18200
-16900
-900
-7000
-3200
16000
10700
14200
13500
16300
-13300
-21600
-44900
-84900
-123900
-143400
-169100
-178000
-160800
-162500
-142800
-133600
-113300
-113700
-86700
-70500
-65400
-41700
-22100
-13100
-9800
23000
29800
30700
44400
60600
61500
65500
82600
82700
85600
90100
96500
97400
97300
99800
101600
106400
95300

