
Curva de Excitacao - Bobina Girante (Dados Brutos)

Arquivo..............: C:\Arq\Wiggler\Medidas Wiggler - Corretoras\Bobina Tungstenio\Gap23\Translado23_X=-14_#007.dat
Data.................: 14/02/2005
Hora.................: 08:31:28
Ganho................: 5
N. de Coletas........: 1
N. de Voltas.........: 10
Intervalo de Análise.: 4 - 8

22900
36100
21900
13100
6700
1300
-7300
-22200
-24000
-46400
-47200
-63400
-63600
-70400
-79600
-79300
-82200
-69200
-63800
-29200
-16000
11700
25600
57700
69400
91700
109000
105300
119400
91900
82700
56900
41300
14300
-1800
-13600
-25400
-37900
-45400
-40700
-45200
-32500
-38800
-31100
-20000
-22400
-19100
-15800
-10900
-18100
-13400
-11000
-14200
-8600
-7800
-12300
-15200
-7800
-15000
-16200
-11300
-9300
-17200
-15200
-8500
-21300
-16800
-15900
-18800
-22000
-17000
-17700
-22600
-18800
-22400
-30600
-26900
-19600
-34600
-29900
-21600
-35400
-37600
-33500
-33800
-55000
-33800
-28400
-42600
-29100
-300
-900
2200
32100
28300
29400
36400
42000
3200
-13500
-21100
-95100
-94500
-93500
-111900
-135100
-92000
-110700
-115800
-73300
-55000
-70100
-44900
-9000
-32200
-19800
8100
11700
-1700
33100
36100
24200
37000
38900
34700
34700
45300
31300

32900
29700
21900
15200
10300
2500
-17400
-14300
-31800
-36600
-52500
-56900
-69100
-76500
-83700
-78700
-65300
-72100
-55400
-47100
-16500
-3300
36500
62700
80400
94900
102100
107500
101400
98700
75500
68000
42800
21400
-4100
-21800
-25800
-42000
-37600
-45100
-39400
-35900
-35500
-28500
-20400
-21500
-22800
-13000
-12200
-12700
-14300
-9300
-10800
-11900
-6600
-17200
-8500
-7800
-14000
-15300
-10200
-10200
-20300
-12100
-11400
-17700
-19600
-13100
-18400
-20700
-16800
-19600
-22800
-21600
-18300
-29100
-21700
-23600
-34100
-29200
-26600
-30300
-40100
-26600
-39100
-47400
-38700
-28200
-41600
-27600
-3300
-8700
6700
24500
45600
33000
43600
30400
-9600
-13500
-30700
-65200
-95600
-83400
-136300
-126600
-102800
-100600
-113000
-68500
-54700
-77300
-39900
-17500
-25500
-23900
16400
10200
4600
25100
34400
26100
31200
46300
34300
42800
37500
34400

30000
32700
21100
12600
12600
-1900
-8800
-19400
-24400
-46000
-49200
-62000
-64500
-70600
-80200
-77000
-81200
-70500
-61600
-32800
-17000
7700
26700
55800
80500
93300
108000
101300
113100
96000
79800
61400
39200
20500
-4900
-14300
-27600
-35700
-44500
-41500
-40200
-35300
-35500
-30300
-16600
-23900
-19700
-15200
-9400
-15000
-14400
-8400
-11800
-8200
-10400
-12800
-11900
-6400
-13900
-14400
-8700
-11400
-15700
-16000
-9400
-20100
-14700
-12600
-18600
-20800
-17600
-15200
-24900
-18800
-21400
-28400
-23600
-20500
-30100
-30500
-23000
-35800
-39100
-34000
-29700
-51100
-34800
-27100
-43200
-28900
-8700
1400
3000
34500
32600
31900
33600
37300
7600
-12600
-25000
-89600
-90100
-101500
-114600
-129200
-96500
-105900
-111600
-70300
-58700
-69500
-49200
-9700
-29000
-16500
10000
13700
1300
24500
37600
25300
36000
38400
38600
35000
44800
31200

31800
29000
22300
17400
9600
2400
-15200
-16100
-29400
-37600
-50300
-57500
-66600
-78600
-81300
-78700
-66300
-70500
-56900
-45900
-17100
3500
34200
61500
77300
98100
103300
109900
105900
97400
75000
63100
48200
19700
-2800
-20100
-24900
-41100
-39300
-44000
-40500
-32200
-39200
-28100
-20100
-20500
-23700
-14500
-9800
-13600
-13700
-8800
-9600
-12400
-8200
-13400
-10100
-8600
-11800
-14500
-11500
-7400
-17800
-11800
-13700
-16100
-18800
-14200
-14900
-20100
-16200
-20300
-21400
-23000
-19000
-28700
-20200
-22700
-33300
-28100
-27300
-29300
-42200
-28600
-35900
-47100
-39400
-27700
-37300
-30200
-2100
-8700
6800
23600
44300
35500
41700
34500
-8700
-15200
-34600
-61300
-94700
-88700
-132100
-126000
-105800
-101000
-107000
-72900
-55000
-74200
-43000
-21700
-20200
-21800
11600
10700
6900
25700
32800
29500
31100
44700
35300
41300
39100
32800

32800
31600
23200
12600
12800
-2200
-6700
-18300
-24500
-43500
-51700
-60200
-65700
-67600
-80200
-76100
-78800
-70400
-62400
-31900
-12500
5100
29600
54800
80600
93900
109000
105100
111700
96300
78400
65700
38100
22200
-4100
-15500
-27300
-36800
-40100
-44100
-37000
-36100
-32800
-31500
-18200
-20600
-20200
-14500
-10000
-10900
-15400
-9100
-12100
-5400
-10300
-14800
-9800
-7500
-11600
-16000
-7900
-11500
-16500
-14900
-10800
-17500
-16100
-13100
-19100
-18100
-19600
-15900
-24000
-18700
-22300
-26100
-23400
-24400
-28800
-29500
-21000
-37400
-36800
-32200
-32200
-48500
-38500
-26400
-41400
-22600
-11600
2300
4700
33800
32700
32400
35300
32800
12400
-10800
-25100
-84700
-93500
-101900
-112500
-123400
-102200
-103500
-111100
-69200
-62900
-63600
-47200
-12900
-25000
-16800
4600
14400
8900
21600
36700
28600
38100
36800
39900
37200
42700
33500

32900
33300
19100
20000
8700
4300
-15000
-15000
-28900
-38800
-47600
-58500
-63600
-79100
-80000
-81400
-66200
-67200
-56000
-42700
-19400
5400
31500
62200
80300
97700
103800
108600
108400
95800
78400
61100
46300
21500
-500
-21900
-25100
-36300
-40700
-40600
-41400
-30400
-39600
-26600
-21100
-18500
-20500
-16000
-8200
-14300
-11600
-10600
-9100
-10300
-8800
-14100
-9400
-4600
-14200
-13100
-11400
-8200
-18500
-12400
-10700
-16800
-15600
-14200
-14900
-20900
-14100
-19400
-21000
-22100
-17900
-26300
-23300
-21200
-32900
-27200
-28400
-29000
-37800
-30000
-34900
-49200
-35000
-28500
-33800
-30500
-2400
-5600
9500
21200
42000
40700
41500
35400
-6300
-16400
-38900
-60500
-89800
-90700
-126900
-126400
-106600
-103400
-100600
-76200
-55700
-70900
-40700
-22200
-20100
-22000
9500
14400
7300
26300
31900
31500
31000
41700
38500
39800
40200
33200

34900
29800
24400
13900
12100
-900
-7800
-15400
-27600
-40300
-53500
-58000
-66400
-68700
-78900
-76700
-77600
-71100
-58600
-35300
-11300
6500
31700
55400
80100
96000
106500
107900
108700
101100
77900
66300
39400
20400
-4400
-15600
-21700
-38300
-38900
-44500
-36800
-34700
-35100
-29700
-18000
-17900
-22000
-12900
-10800
-9600
-16100
-6600
-10800
-8500
-8500
-14500
-8100
-10800
-10200
-13800
-8400
-12300
-14400
-14500
-11700
-14500
-14900
-12800
-18900
-17000
-18600
-16400
-22200
-18600
-19000
-27600
-19900
-24700
-25900
-30600
-23100
-33200
-35400
-34000
-32800
-42800
-40100
-23800
-40300
-25400
-14500
4100
8200
28100
39600
32500
38000
29500
14100
-12700
-26700
-79500
-89700
-105800
-115300
-116500
-104600
-101800
-108200
-71700
-64600
-60500
-45200
-18100
-21100
-16000
6900
11300
11800
20500
34100
29900
38000
40000
39000
40500
38800
38400

30900
31800
20700
18700
8500
4300
-10500
-17700
-27800
-39600
-45900
-58800
-63800
-77400
-79300
-79000
-68800
-63300
-58200
-38200
-21300
6500
30900
62600
82000
95500
104900
107200
111800
93700
79900
62300
45200
22100
0
-16400
-27700
-36600
-42900
-38600
-41600
-31200
-35000
-25800
-19700
-20800
-17200
-17400
-6700
-13300
-11300
-11900
-7900
-8500
-10300
-11400
-11200
-4900
-13500
-11600
-12100
-7900
-14500
-15200
-9800
-16600
-15000
-16100
-12700
-19500
-17600
-17700
-19500
-20300
-22500
-22700
-23000
-20100
-32500
-24800
-28800
-29500
-35600
-30600
-33200
-47800
-36100
-31300
-32100
-30000
-6200
-1800
10200
21200
38100
45800
37300
38800
-2400
-14100
-41400
-60100
-87400
-96600
-120000
-125300
-107700
-106800
-95800
-77000
-58000
-65500
-41400
-22200
-20500
-15200
3000
16400
10100
24900
29700
34700
33400
39200
40900
40000
41300
33200

