
Curva de Excitacao - Bobina Girante (Dados Brutos)

Arquivo..............: C:\Arq\Wiggler\Medidas Wiggler - Corretoras\Bobina Tungstenio\Gap23\Translado23_X=15_#036.dat
Data.................: 14/02/2005
Hora.................: 09:38:19
Ganho................: 5
N. de Coletas........: 1
N. de Voltas.........: 10
Intervalo de Análise.: 4 - 8

-11700
-17800
-12600
-17100
-11900
-17000
-15100
-17000
-10200
-8200
-11900
-11400
-10600
-7100
-17400
-12500
-18700
-11100
-12500
-18900
-14500
-17700
-15300
-18100
-11400
-6800
5900
2400
1900
800
-900
11900
11600
48100
74900
125500
143400
153200
134500
102300
70900
33300
-7000
-37900
-57800
-80100
-80300
-106600
-107800
-116200
-105700
-102100
-90100
-76800
-73100
-74100
-71600
-60100
-55700
-45800
-49000
-44400
-55900
-52700
-56700
-47800
-50200
-55200
-62500
-69900
-68400
-69600
-61600
-64600
-42700
-44600
-33400
-26200
8500
23700
42600
69900
93600
131300
151700
176700
164400
190900
157100
125400
79400
47200
-9900
-47800
-47400
-68000
-74400
-76300
-69900
-91500
-88100
-92100
-88600
-85400
-70500
-61400
-53400
-37400
-40100
-28700
-25500
-19400
-28400
-17200
-14300
-22500
-24600
-16900
-14100
-27200
-18100
-23600
-16900
-19800
-16600
-18000
-19000
-17000

-19800
-15100
-16900
-12800
-16900
-9200
-17600
-15000
-10100
-12900
-8900
-15100
-8000
-11600
-9700
-14500
-12400
-13800
-16000
-17700
-19700
-11900
-18300
-12100
-14200
-1100
-100
-2800
600
-2000
5300
3700
20000
53400
86200
113700
137000
145000
135400
107300
69700
36800
600
-28500
-58600
-89200
-93800
-106000
-102500
-102600
-101900
-101200
-98700
-84200
-82200
-63100
-63900
-56600
-59800
-51500
-52700
-47200
-44300
-48100
-50800
-62000
-52900
-66200
-53900
-63200
-59100
-67600
-70300
-63300
-53700
-39700
-36500
-10000
-4900
26100
40000
81800
94800
129700
152500
158500
181300
178800
168500
109200
99600
36100
-5600
-43500
-48500
-72100
-78600
-64000
-84600
-79700
-90700
-89300
-92600
-77800
-73700
-67200
-48700
-39700
-36600
-2040
-16100
-29000
-22600
-19700
-13600
-21500
-22700
-16900
-22000
-20300
-19200
-19000
-21100
-15000
-21300
-19800
-15000
-17400

-15600
-17400
-13000
-18200
-16000
-10200
-12100
-13200
-12300
-11200
-11300
-11100
-11600
-6400
-12300
-13700
-12600
-15400
-11500
-19800
-15800
-17300
-15300
-12200
-9900
-100
1300
1200
-4100
2800
700
7700
18100
52200
90300
113400
143400
139300
141300
106500
74600
32300
-6900
-32100
-60700
-71400
-95500
-101000
-115800
-106000
-108000
-93500
-89300
-84400
-77500
-76800
-62500
-63600
-46100
-52700
-48400
-54400
-47300
-50700
-49800
-50500
-53600
-56900
-71800
-61900
-67300
-58200
-63900
-56600
-57400
-50600
-31800
-13600
4300
21100
52300
65000
100300
128800
154800
159700
184100
179600
155700
126100
91200
36100
-10300
-33100
-54800
-69800
-70200
-74100
-82000
-81700
-85200
-95200
-88500
-77100
-76700
-59300
-50700
-40200
-42600
-26700
-17600
-25500
-21600
-18500
-19500
-21800
-20100
-19600
-16900
-19700
-20800
-21100
-18400
-15400
-22200
-14100
-18300
-18100

-18900
-13900
-13800
-17900
-13300
-12800
-11200
-16200
-9800
-11200
-7800
-13100
-12200
-7100
-13000
-8200
-15100
-9700
-18700
-18300
-17800
-14700
-14600
-14600
-6200
-3000
4300
-4300
3400
-2200
3900
7200
19200
55400
84000
118400
135900
146900
133200
106100
71600
37900
5100
-30400
-65000
-86900
-93300
-101900
-99600
-105800
-104800
-101900
-91700
-84900
-75000
-67300
-62500
-63100
-55200
-52700
-48500
-45800
-45300
-48400
-55600
-54400
-56800
-54600
-60900
-59300
-68800
-68400
-65000
-56000
-52400
-44500
-28500
-23700
300
21400
54700
68800
107400
127900
144400
163800
185800
180000
150000
135900
86100
41100
-9900
-33200
-63500
-65700
-70100
-76200
-78900
-77900
-87400
-101500
-80300
-81300
-76500
-65100
-44800
-42700
-37800
-25200
-23700
-24800
-24000
-12100
-21800
-17600
-23400
-18200
-19600
-19700
-19300
-21400
-14200
-21200
-19600
-17100
-14200
-21100

-15000
-14300
-17300
-14000
-15000
-8600
-15900
-10600
-12500
-10000
-10400
-11600
-9800
-9100
-10300
-14700
-11900
-14900
-11500
-18100
-18100
-12300
-15800
-11600
-13300
900
1100
300
-400
1300
4500
4900
20100
51500
89200
117200
140100
144100
138800
110900
68400
32900
-6000
-27300
-55600
-76200
-93100
-109000
-105900
-108400
-101200
-96100
-89700
-88200
-79300
-69900
-63500
-54600
-53500
-47600
-55700
-46400
-50500
-43700
-50300
-51700
-54200
-64300
-59800
-65900
-56400
-68000
-59200
-65800
-55600
-44900
-28800
-13800
1800
29400
37200
73200
99000
138900
141600
171500
181200
177400
162400
127000
85400
29300
7400
-42900
-56300
-65200
-68500
-79100
-79000
-73500
-95800
-92700
-85700
-78200
-79800
-55900
-49600
-44500
-34400
-25600
-19800
-27600
-17700
-23300
-17500
-18100
-19000
-19200
-17500
-17700
-23700
-17300
-18600
-16300
-21800
-14700
-19100
-17900

-12600
-15500
-14200
-16100
-12100
-13900
-12100
-13200
-10400
-10000
-9700
-10000
-12900
-7000
-10200
-11100
-13600
-12500
-11400
-20400
-15800
-17000
-13700
-14400
-7200
-2300
300
1400
-1600
2300
-200
12600
18000
54900
85200
117300
140800
141500
140300
103300
78300
37000
3500
-37900
-63500
-82400
-91000
-94500
-107000
-106500
-111700
-93200
-95600
-80700
-73100
-69100
-67200
-62100
-50300
-51800
-45400
-47800
-45100
-54000
-52000
-54500
-49700
-54700
-62200
-64900
-68400
-63300
-62900
-56900
-51400
-43500
-35700
-22500
3900
27800
50100
73200
102000
122900
150100
171900
178800
173500
166500
131200
83400
41900
-3400
-45000
-54700
-60500
-71700
-78900
-70500
-83500
-90800
-92200
-82600
-83600
-73500
-56200
-52700
-39700
-35600
-28600
-24900
-20400
-18500
-20300
-15000
-18100
-22600
-21500
-12900
-22100
-19200
-20100
-17200
-19000
-20100
-13200
-17500
-14700

-19100
-14700
-15300
-12400
-15100
-10300
-11000
-15200
-8800
-11300
-5600
-13900
-9000
-9500
-10100
-10800
-13900
-9300
-15700
-16300
-19700
-11100
-17300
-10100
-7800
-700
4100
-4300
3600
-1600
5700
5100
21900
53700
90400
118100
137200
148100
138000
107800
66100
35300
800
-25000
-57100
-82500
-95100
-106400
-104700
-105000
-97400
-96400
-95300
-86200
-76200
-68200
-61700
-55900
-51900
-54900
-50800
-46300
-44900
-46000
-48500
-54700
-59200
-61300
-58100
-58300
-63300
-61200
-67500
-61900
-55300
-38200
-32500
-14100
2600
19100
44600
76000
106600
124400
156400
163600
182200
179700
164300
120000
83900
49400
-5700
-38900
-54000
-58500
-81100
-70300
-74600
-80100
-91800
-89900
-84800
-82500
-68200
-64400
-50800
-40600
-30100
-29600
-20500
-23100
-23800
-18000
-16300
-15200
-25100
-13200
-18300
-20600
-21100
-15200
-16700
-20200
-16800
-19500
-14500
-18900

-12500
-15700
-12200
-15800
-14400
-8600
-13700
-10700
-12300
-6400
-12200
-10400
-9400
-6900
-8200
-12900
-9600
-15900
-11200
-19200
-14100
-15500
-12700
-10500
-10500
1500
1200
900
-1500
3500
3000
8000
22400
52600
89500
114800
141900
142000
140100
111100
76100
38300
-6600
-32800
-63600
-75200
-88100
-99600
-107300
-109700
-103500
-98500
-86000
-82000
-73300
-74300
-62700
-61200
-49500
-48000
-47000
-45500
-53300
-46900
-52300
-48100
-54200
-53500
-64600
-68600
-64800
-61000
-57000
-58600
-49900
-52400
-32400
-18000
9300
25000
49500
75300
95000
131700
148900
170600
173500
187400
160900
128900
89500
39600
-7100
-43000
-48100
-71200
-69200
-72400
-75300
-82700
-88100
-88700
-89900
-78200
-74500
-57900
-51900
-38300
-38900
-29300
-17100
-21900
-18200
-19200
-14200
-22200
-20700
-18000
-15600
-18700
-19700
-17900
-19900
-16100
-18700
-14800
-18500
-14700

