
Curva de Excitacao - Bobina Girante (Dados Brutos)

Arquivo..............: C:\Arq\Wiggler\Medidas Wiggler - Corretoras\Bobina Tungstenio\Gap23\Translado23_X=4_#025.dat
Data.................: 14/02/2005
Hora.................: 09:17:33
Ganho................: 5
N. de Coletas........: 1
N. de Voltas.........: 10
Intervalo de Análise.: 4 - 8

-10800
-15700
-10000
-17700
-9900
-11100
-11400
-15200
-10700
-9600
-12500
-10400
-15600
-6300
-14000
-10000
-10000
-7800
-6400
-12500
-5200
-7800
-2500
-5500
-200
-2100
1200
1700
1100
9500
10300
13800
5100
14000
2700
2400
-2100
-12200
-6700
-20400
-13900
-17300
-12800
-10400
-7500
-5900
-1900
400
-2600
5900
-4400
2900
-8600
-2300
-3700
-7400
-9100
-9100
-7300
-18400
-13900
-14200
-8400
-17800
-8500
-14800
-13500
-9800
-8600
-8900
-7500
-3300
-15400
-11300
-9800
-14900
-19600
-20100
-25800
-36700
-34300
-40100
-45300
-43800
-35500
-43800
-34900
-17400
-15800
-5500
200
8400
-4200
-1500
-2700
-13300
-12400
-15600
-17200
-23800
-19200
-30100
-28900
-31700
-33100
-31100
-32400
-29700
-37600
-29000
-30700
-31600
-34000
-24900
-25500
-28200
-27400
-22400
-17000
-27600
-21000
-21300
-15900
-22000
-17600
-14000
-17300
-15400

-14200
-9900
-17300
-11100
-15900
-8000
-12800
-14400
-8800
-12700
-8400
-15500
-11400
-10900
-9200
-12700
-9600
-7600
-7700
-6600
-9800
-2000
-7200
-1400
-6700
900
6200
-2800
6200
3900
13400
6300
13400
12600
7400
-100
-5200
-9400
-14100
-10800
-20300
-11500
-15300
-6900
-9500
-4300
1900
-3500
500
100
500
-3200
800
-3500
-1800
-8500
-8800
-8800
-11700
-11500
-14200
-11900
-16900
-12800
-13600
-10800
-10100
-7900
-12300
-11200
-4700
-7300
-11500
-9400
-9300
-18300
-18900
-17700
-28800
-30700
-35700
-41400
-46000
-43700
-38900
-41600
-28700
-22100
-15600
-6500
4200
2300
-1100
-700
-5200
-6200
-15000
-12100
-23500
-16500
-24500
-27200
-26600
-30900
-32700
-33200
-29100
-34600
-31900
-31100
-24400
-37700
-30000
-25000
-24200
-27800
-29300
-20900
-23600
-21600
-23600
-17500
-18200
-18600
-17500
-15400
-15000
-17000

-12300
-14500
-11200
-14600
-11500
-11000
-12900
-12500
-12300
-7700
-12500
-12200
-14400
-8000
-9900
-11500
-9100
-7900
-3800
-13900
-4100
-7000
-1800
-5100
-3800
800
1200
2600
1500
14000
9100
11000
4900
12500
8000
300
-300
-11800
-10500
-18100
-17100
-14600
-10800
-6900
-7700
-5800
-2600
200
-100
1700
300
-800
-4500
-3200
-800
-8900
-7100
-9600
-9700
-14200
-15100
-11000
-13800
-10800
-15000
-12900
-9800
-7400
-12100
-9900
-2800
-9400
-10800
-8600
-8300
-19900
-13700
-21500
-29500
-33300
-32200
-38100
-47600
-38200
-45000
-38900
-34100
-15900
-19100
-2700
4200
-1000
3100
-4800
-100
-16100
-5700
-17000
-18900
-21500
-22100
-28100
-28600
-26500
-35600
-28100
-34400
-28900
-39800
-28800
-26900
-32100
-29800
-27400
-23900
-29400
-25200
-23500
-20600
-23000
-20500
-20200
-19300
-17400
-19400
-14700
-15500
-14300

-15600
-12100
-12100
-15000
-11900
-9400
-9900
-16700
-7400
-11400
-10400
-14500
-8000
-7700
-12800
-8800
-12900
-4500
-7900
-6000
-9400
-4500
-4000
-5500
0
1400
5400
-2400
8100
5300
12600
12700
9900
12200
6100
7000
-8500
-9300
-9800
-13900
-18900
-13800
-9600
-9800
-5900
-6800
1400
-1400
-300
-500
300
4400
-4400
-100
-4900
-7600
-11700
-7200
-8800
-12500
-11900
-14900
-11400
-14600
-10600
-15100
-6400
-9600
-11800
-10000
-7600
-3600
-11800
-4000
-15000
-15200
-17000
-18900
-30800
-29200
-31200
-43800
-42600
-43500
-36700
-45300
-24100
-21500
-12800
-6300
2800
5500
-1400
1700
-7200
-4900
-15100
-11500
-25300
-17200
-19100
-29700
-24100
-32700
-29800
-34200
-28100
-33400
-35500
-31300
-23800
-32800
-34200
-23100
-25500
-24100
-31400
-19800
-21500
-24200
-18400
-21000
-15700
-20500
-15800
-17200
-13400
-16700

-13600
-11200
-11500
-12100
-15200
-5300
-13400
-12600
-10400
-7000
-11300
-13500
-9800
-9800
-8600
-10000
-7700
-11700
-3300
-9200
-7600
-2900
-1900
-1600
-9200
6400
2300
1800
4700
11600
11200
7600
11200
6900
13500
1200
-2400
-12000
-9100
-14200
-19600
-10800
-13200
-4100
-11500
-700
-2900
0
1700
1200
2300
-3100
800
-4700
1700
-9300
-4900
-11400
-9400
-10600
-15900
-11200
-13800
-9000
-17200
-9700
-10400
-6900
-10300
-6200
-5500
-11900
-5200
-11200
-8700
-15700
-13700
-24600
-28300
-26200
-36700
-38900
-43900
-38900
-46100
-36600
-30500
-19100
-15700
-2400
5600
200
6200
-6400
-4100
-11400
-8000
-16700
-18000
-15300
-25300
-27200
-28000
-25200
-36800
-28200
-31800
-31100
-36000
-30000
-23700
-34900
-28200
-28500
-23200
-29000
-23100
-22200
-20200
-21700
-23200
-14800
-21200
-15200
-20600
-10600
-17300
-13000

-13300
-12000
-11100
-15100
-10300
-10600
-7600
-14500
-10000
-11000
-9400
-10300
-11300
-6800
-12900
-9500
-10800
-5500
-4400
-9800
-4800
-4100
-1100
-6100
200
600
6500
-1700
4200
9600
11800
15200
8000
16000
4700
4600
-5800
-6700
-8300
-14900
-14000
-16000
-9000
-11100
-3500
-5900
2000
-2400
1200
5000
1500
1300
-3800
1000
-7300
-4600
-6500
-7400
-8200
-9700
-14500
-16700
-8100
-11100
-13400
-14700
-4400
-10300
-11800
-5000
-5600
-7700
-8400
-5400
-15100
-14200
-14000
-19600
-26300
-30400
-33700
-44300
-38500
-43000
-40500
-39700
-28200
-19000
-16500
500
-2600
3900
1700
1700
-5900
-5100
-11000
-15800
-16000
-17400
-19200
-32400
-21600
-31700
-34100
-31200
-25700
-32200
-36600
-25300
-29900
-31000
-29800
-24000
-27900
-24300
-24100
-23200
-21100
-21800
-17300
-23000
-14600
-18800
-17900
-15800
-11200
-15600

-14800
-7100
-12700
-12100
-13200
-6800
-12600
-10400
-9000
-11000
-8400
-12700
-8700
-9800
-4200
-12300
-8400
-4900
-5600
-9600
-5600
1800
-7900
300
-4400
3000
1800
5900
10800
5700
13300
9800
11000
8200
15200
2400
-4300
-9100
-9900
-10600
-19600
-10600
-13400
-5600
-8600
-4000
900
1700
1000
500
4000
-1200
-2600
-1700
1800
-7400
-8500
-8300
-9700
-9100
-13900
-9500
-11400
-11700
-15300
-11300
-5400
-8700
-9500
-7300
-5100
-10600
-5400
-7100
-10500
-12900
-16100
-19000
-29400
-26600
-34000
-39900
-43200
-40000
-42000
-39000
-25200
-23700
-11300
-4800
5600
-600
5900
-4100
-5400
-5000
-9800
-10200
-23500
-13500
-26800
-24200
-26000
-26900
-33100
-29500
-28100
-33400
-33100
-30800
-22500
-32700
-28200
-28200
-23200
-25000
-26000
-19600
-21900
-18000
-23500
-17000
-18100
-13600
-18400
-15300
-11200
-16000

-11900
-13000
-8400
-15500
-8800
-7100
-10100
-14000
-10000
-6700
-11100
-9700
-13200
-6000
-10700
-6700
-9400
-5900
-1600
-10200
-5700
-5300
500
-4100
-900
2300
3100
2700
4500
12300
10500
16500
7000
12100
9700
4500
-1500
-11000
-5400
-15900
-15200
-14900
-9200
-8600
-5100
-1500
-3100
1400
-1200
5200
300
3500
-3900
-1700
-600
-7600
-4600
-9600
-6400
-14300
-12500
-12100
-10200
-10700
-11000
-9900
-11300
-6900
-10200
-5100
-7900
-4300
-5800
-11400
-8000
-14500
-14900
-23700
-23000
-31800
-35200
-38500
-40500
-41800
-41500
-34500
-33400
-18300
-14700
100
-4500
9100
3600
-3200
-700
-7200
-9800
-20400
-11900
-20100
-20500
-29600
-21700
-32400
-32200
-26700
-32800
-27500
-36500
-27500
-29300
-28000
-31400
-24600
-20900
-28300
-25500
-21800
-16100
-24200
-19500
-19000
-17000
-16600
-17300
-11100
-16100
-11100

