
Curva de Excitacao - Bobina Girante (Dados Brutos)

Arquivo..............: C:\Arq\Wiggler\Medidas Wiggler - Corretoras\Bobina Tungstenio\Gap23\Translado23_X=20_#041.dat
Data.................: 14/02/2005
Hora.................: 09:47:33
Ganho................: 5
N. de Coletas........: 1
N. de Voltas.........: 10
Intervalo de Análise.: 4 - 8

-9700
-19400
-11400
-13100
-13300
-14600
-20300
-12300
-12200
-3500
-9400
-10200
-8100
-3400
-7700
-8600
-6200
2400
9500
4900
19800
24700
37000
52500
69900
112100
160100
197000
211500
189800
158600
122800
70800
25500
-26700
-77200
-130200
-168400
-192800
-210100
-211200
-206900
-220100
-188300
-173600
-155500
-128400
-113000
-89100
-77900
-38800
-43000
-17500
3100
21300
12400
15800
19000
19200
27900
17500
24100
6200
6400
-17900
-7000
-21000
-33600
-44100
-65800
-78600
-97200
-105300
-129000
-120600
-135500
-150300
-170100
-158900
-169000
-169900
-153400
-152000
-115100
-86100
-42200
-23100
42700
85600
125600
169300
226200
251600
256300
292700
280400
269800
235400
196300
103000
65800
15200
-30600
-55200
-58200
-67400
-81400
-58500
-67900
-70100
-59900
-56800
-58800
-50000
-37400
-43800
-41300
-30400
-27600
-36100
-24500
-25000
-25800
-20200
-20200
-18900
-21500
-16600

-18900
-19000
-12100
-14500
-13700
-9000
-11500
-15400
-11600
-10800
-9300
-10600
-8700
-1500
-8700
-1700
-2500
2000
2900
5500
17700
22500
38400
56200
87400
115500
152000
174300
198500
200600
175800
140300
68500
19100
-40100
-85700
-126500
-163200
-187900
-204300
-211700
-223300
-204300
-191500
-173200
-167700
-124900
-109900
-91000
-64900
-45200
-31900
-21200
3700
-2000
20700
21400
25700
19900
24400
18300
16800
12300
5900
-2500
-20100
-22000
-41200
-41400
-63600
-71900
-86100
-110500
-126900
-129700
-144000
-204000
-154000
-166200
-172800
-165300
-147800
-145700
-117400
-88000
-61200
-16700
45200
87800
128300
183100
219900
239300
262800
289000
274700
273500
243300
188000
115700
71900
6300
-40300
-44800
-60400
-72800
-73000
-61200
-75200
-63900
-56600
-59800
-59700
-43100
-43500
-46800
-36000
-32000
-28900
-33400
-21300
-29200
-21500
-20900
-22200
-20900
-17500
-14800

-18800
-13100
-18400
-12100
-17000
-8300
-13200
-12000
-8700
-11700
-7700
-13000
-4900
-7900
-2200
-8200
1600
600
6500
7000
12500
27700
31600
58500
79400
124900
154800
185300
197400
190700
168600
128600
84100
23900
-27000
-90100
-131300
-173500
-187600
-198700
-210700
-217800
-204800
-189400
-184000
-154800
-132600
-113600
-88700
-61900
-51200
-30400
-11400
600
-500
18500
21300
21400
24800
26700
20400
13500
12000
2500
-400
-14800
-19500
-38200
-49700
-66500
-73200
-87500
-103500
-112600
-132900
-149100
-157700
-152700
-168700
-161200
-159300
-158500
-147400
-118200
-89000
-57900
-1100
35800
86100
123400
189000
209600
249700
270800
278600
282700
272700
244100
168200
134900
60000
6200
-33200
-38700
-73500
-70000
-65200
-70700
-70900
-64000
-52200
-70300
-47400
-47800
-46000
-43700
-33100
-32100
-33700
-24400
-28800
-25400
-26900
-15800
-25100
-16500
-19000
-18400

-15400
-17100
-12500
-17000
-9800
-14500
-11300
-12600
-8700
-10300
-8700
-7200
-12100
-2900
-7200
-1300
-3700
4600
5000
5300
15800
24900
39400
53400
82900
117600
153400
180400
203500
200300
170300
130300
69500
21400
-33000
-79400
-123600
-172000
-185700
-207000
-216400
-213200
-203800
-190000
-179400
-153200
-138300
-111100
-86000
-61700
-55400
-25600
-13500
-5700
7600
18700
22800
15200
31000
19900
22800
15300
16600
3800
-6400
-14200
-24200
-32100
-52000
-55200
-77800
-90400
-110600
-112800
-133200
-141600
-144900
-167300
-166600
-169400
-155900
-159100
-134900
-117600
-94600
-61000
-9600
38000
89200
143200
173500
217400
241700
272800
268600
293300
275800
233400
183100
130600
59900
-4500
-17300
-51700
-67100
-67400
-64800
-74100
-67800
-59300
-64000
-61400
-50000
-46900
-47900
-36100
-37400
-37300
-29000
-27300
-27000
-26300
-19500
-21700
-23800
-16300
-17600
-16300

-16900
-13400
-17000
-13500
-15000
-9900
-10800
-11300
-8300
-13100
-6400
-9800
-6500
-5600
-6200
-3700
-800
4400
3600
9500
12000
27900
33200
57700
85400
121600
158800
176700
200700
189700
174200
131700
81400
22700
-30500
-86900
-135800
-166500
-186200
-195100
-220200
-208900
-211600
-192100
-176000
-153700
-135000
-111400
-80700
-74300
-46900
-27500
-10800
-7400
11100
16400
18100
23600
28300
22900
16600
21900
9300
6800
-5000
-8800
-22800
-40100
-48500
-60900
-76600
-87600
-96800
-121300
-136900
-143400
-146300
-163100
-161900
-162700
-166300
-158700
-139300
-118700
-87500
-46800
-10400
31000
83700
134400
178600
224000
251600
264400
274900
292200
267400
233000
191600
128500
55800
7800
-20100
-58700
-62900
-63200
-69100
-74600
-60800
-65500
-62300
-58300
-49000
-52300
-45200
-34700
-42500
-31200
-29200
-25700
-30200
-22000
-22100
-21000
-20100
-18300
-18800
-20100

-13000
-16800
-11900
-15200
-12400
-11100
-12600
-10000
-11700
-4700
-10700
-8600
-9300
-2300
-6200
-2300
1500
900
7500
4600
18700
21900
39500
53200
84700
121400
157100
188200
198600
198300
163800
131400
74100
28900
-27400
-80000
-128500
-172000
-188300
-207200
-208500
-211200
-204700
-190600
-173400
-160800
-136100
-110500
-85100
-68000
-43200
-26300
-18500
-300
9300
14000
20100
25000
26500
23700
21800
21300
8500
6300
-4800
-10000
-22900
-35300
-47800
-63200
-77900
-87300
-98900
-119900
-124200
-146000
-154700
-167800
-159300
-165200
-160000
-148300
-139900
-122200
-98100
-51600
-14800
47300
90500
133700
174000
220900
245700
259300
291800
287600
274300
231000
193500
114200
60700
11600
-25100
-50900
-63800
-63600
-78800
-62000
-68000
-63700
-62000
-55100
-54300
-48300
-37700
-42100
-38700
-33500
-24600
-34200
-23000
-23900
-21100
-22600
-20900
-15300
-19600
-13900

-18800
-13400
-15700
-11500
-13900
-10200
-9700
-13400
-6700
-11300
-5400
-10900
-4400
-6400
-4500
-500
-1800
5200
3800
8900
12000
28400
36900
58700
86300
120100
156600
175500
203900
195600
176900
133600
77000
21900
-35300
-82300
-128900
-162200
-188500
-201300
-214300
-213200
-207500
-189900
-170100
-162000
-130100
-111200
-85700
-69800
-44000
-26100
-16000
1800
3200
18600
20800
27400
22600
25800
20700
18500
13800
5800
-600
-16000
-22700
-39200
-43000
-64000
-71300
-86400
-105600
-120400
-132600
-139200
-153000
-153400
-165600
-171100
-166300
-146700
-141100
-117600
-84800
-59200
-12900
35200
92200
127700
188500
221300
243300
267900
282600
283700
263800
247400
183500
124200
62500
11400
-33700
-50200
-56100
-70600
-69600
-65700
-66800
-68300
-55600
-60300
-52200
-45800
-42800
-40500
-38300
-28200
-32300
-28500
-24500
-25100
-22800
-17700
-20600
-20700
-16200
-16200

-15400
-16000
-11300
-12900
-14500
-9300
-11700
-9900
-9900
-8100
-9000
-8200
-6600
-2300
-4100
-4100
-200
1600
8700
6600
16700
25700
37200
55800
83700
125700
156500
186900
197500
194500
167000
132500
79400
27300
-26100
-88200
-128300
-175400
-183600
-201100
-210300
-213900
-206000
-187300
-180100
-154300
-134000
-107200
-87600
-62600
-49700
-28200
-10500
-1400
8600
13400
25600
19800
28700
23000
23700
18100
9100
8900
-3400
-10900
-22800
-31700
-53200
-60300
-73700
-86600
-103100
-114200
-128200
-151600
-151200
-156900
-161700
-165400
-159000
-154200
-146000
-113500
-90500
-53700
-9000
45300
82200
130800
184100
219700
247100
269400
283400
282500
276200
236900
180300
124800
66900
6400
-28400
-41900
-65900
-67500
-69800
-65300
-71500
-62300
-56300
-61800
-50000
-47100
-42800
-43500
-34200
-34800
-27200
-27900
-25700
-26800
-22200
-16100
-23600
-16000
-17900
-16400

