
Curva de Excitacao - Bobina Girante (Dados Brutos)

Arquivo..............: C:\Arq\Wiggler\Medidas Wiggler - Corretoras\Bobina Tungstenio\Gap23\Translado23_X=8_#029.dat
Data.................: 14/02/2005
Hora.................: 09:25:37
Ganho................: 5
N. de Coletas........: 1
N. de Voltas.........: 10
Intervalo de Análise.: 4 - 8

-17400
-17400
-14300
-19600
-14200
-11700
-16000
-16300
-11900
-10300
-13900
-12200
-13100
-7300
-10000
-7700
-7200
-8000
-1200
-8800
1400
1800
3100
2000
4400
7600
2400
2200
-6400
-7100
-16900
-21300
-32800
-25200
-23500
-24900
-15200
-11400
6200
1200
7600
9900
13700
12000
11200
17200
15200
17700
10200
12600
-1500
-1000
-14400
-11600
-16400
-22900
-28900
-34300
-27300
-34100
-31700
-30900
-25600
-34500
-27100
-24300
-20200
-17300
-10300
-8200
-6400
7100
5900
9800
17000
20200
13500
19500
20300
8900
1000
900
-16900
-27800
-32600
-43100
-62400
-63300
-74200
-82000
-83300
-71000
-64000
-53600
-24200
-21700
-6700
5900
9000
6500
4000
-2700
-11100
-14100
-18200
-18800
-24200
-19000
-30600
-26500
-24500
-29400
-31000
-26000
-23400
-30600
-27800
-26100
-21900
-28000
-23000
-23600
-20500
-19900
-23400
-16100
-18500
-18100

-20000
-14800
-17100
-15900
-14700
-13600
-12600
-16800
-11000
-14300
-8600
-13500
-11800
-9700
-9400
-6700
-10400
-1200
-5300
-3800
-5200
4900
500
6200
5400
4000
9300
-4400
-1800
-14800
-10500
-22700
-30200
-25500
-24700
-20100
-17900
-6400
-2200
6600
4000
11700
12400
14700
15600
13800
18800
12100
14400
8300
5400
-1300
-9500
-16000
-20200
-23600
-26500
-29400
-27700
-31800
-36200
-32100
-27100
-28100
-23700
-23800
-21500
-17200
-13200
-8300
-2300
7200
3800
10000
17900
17700
16000
22000
17900
4100
6400
-3900
-12700
-27800
-28000
-50500
-59800
-64200
-75900
-80900
-77300
-68200
-71600
-51100
-35700
-12200
-4600
12700
5100
6900
1300
-7900
-4700
-13800
-12900
-24100
-19300
-24400
-28800
-26700
-22600
-28500
-32500
-24800
-27300
-25100
-32100
-22300
-24600
-23500
-24000
-24000
-19900
-21900
-21000
-18600
-15200
-21400

-16600
-16700
-13800
-16500
-17100
-10100
-15000
-13300
-15100
-8700
-11300
-13300
-13600
-6200
-5000
-12300
-6600
-5100
-900
-8600
600
2800
2700
5000
700
7600
6400
2500
-5800
-9700
-15200
-21800
-27200
-29000
-21800
-23200
-13800
-10400
2700
6300
4700
10500
10400
17800
12300
16700
16000
17200
12300
7000
5100
-5200
-7300
-14300
-14700
-25300
-28500
-30400
-29000
-28600
-34300
-28400
-32400
-27400
-29300
-22800
-18700
-14000
-11400
-13000
1400
-1400
10400
10100
22400
12700
20300
22300
13300
9400
5500
-600
-22000
-17800
-35700
-46900
-59600
-60500
-78700
-83100
-73700
-77000
-61500
-53200
-26700
-24500
-1800
6600
10100
10900
1600
-4500
-11900
-7400
-21900
-14800
-22300
-22700
-29600
-26000
-22500
-32300
-27100
-27600
-24600
-28900
-27600
-26500
-22100
-22500
-25800
-21200
-21000
-17800
-25000
-16300
-17100
-18900

-17500
-14800
-13500
-18400
-13700
-13100
-11700
-16700
-10000
-11300
-10900
-12900
-12000
-4600
-10900
-7800
-8800
-2600
-3200
-5100
400
1300
4900
2100
5700
5300
9200
-2100
-4000
-8200
-13400
-19500
-32700
-24900
-24300
-19900
-16500
-7800
4000
4300
8600
7800
14600
13700
16300
14900
18400
14600
11500
13200
2100
1200
-13200
-11300
-19900
-22700
-27200
-25900
-29200
-35700
-29400
-32900
-26000
-29500
-20500
-27900
-18900
-14800
-13300
-6200
-1800
6900
800
15200
15600
19300
18400
22600
13200
10500
8500
-8600
-12700
-22500
-31400
-50600
-53500
-63800
-79400
-74600
-77100
-73800
-69500
-49200
-34100
-14500
600
8200
6600
7500
5200
-9500
-3900
-13200
-15200
-21300
-17700
-22200
-28100
-23000
-24500
-27600
-32400
-23700
-25800
-24800
-30400
-24900
-21000
-25700
-22900
-24100
-17300
-22800
-20000
-17800
-17300
-17300

-16500
-13200
-16800
-14200
-15800
-9700
-15000
-14200
-12200
-10400
-9100
-13400
-9400
-8200
-7200
-9900
-6700
-4800
-2100
-300
-2800
4400
2100
7600
300
8700
7500
900
-1700
-11600
-12400
-24300
-25900
-29600
-20800
-20000
-15400
-7800
2200
8300
2300
13300
11200
16300
11800
17100
18900
15900
15200
6700
4100
-2900
-6000
-14100
-16000
-24800
-27400
-29100
-28200
-27800
-32500
-27800
-30900
-26800
-27200
-22400
-15700
-13100
-16100
-9600
1700
1900
7000
13500
17900
16500
21100
19900
14200
13100
5800
-5000
-14800
-21500
-35300
-45400
-52800
-67200
-76000
-78600
-77300
-76300
-58400
-50600
-33300
-17300
-2200
9500
8000
14500
-1700
-4200
-7900
-10600
-18500
-17400
-17800
-25200
-24700
-28000
-21000
-30500
-27700
-27300
-23800
-25900
-29000
-22100
-23300
-22200
-26500
-18700
-21500
-18400
-21300
-17000
-17000
-18900

-13900
-18000
-12900
-16200
-12900
-12600
-12600
-13200
-13800
-7300
-11400
-9500
-14200
-4300
-8800
-6600
-6100
-5100
300
-5400
900
-900
8000
3700
5600
6300
7300
2100
-4500
-5000
-15700
-18400
-31600
-23600
-24400
-18900
-12500
-9800
4900
4700
9400
7500
14600
16100
15500
16400
18300
18500
11500
10500
3900
-200
-12200
-13000
-15000
-22500
-24800
-28800
-28800
-32500
-31900
-29700
-25500
-24800
-28400
-22800
-19000
-13700
-12700
-3400
100
600
7900
13100
16300
17900
27800
16200
15900
13500
4800
-6600
-11200
-20900
-37500
-42300
-56500
-63700
-78000
-74100
-82000
-72600
-62400
-53100
-30500
-15300
6400
600
11300
7300
5200
-7100
-3100
-12000
-19900
-13300
-22000
-17700
-30600
-20900
-25600
-26800
-31000
-26000
-21600
-26700
-26700
-26300
-19700
-25000
-22000
-22200
-18100
-19400
-22400
-14600
-18000
-16300

-18900
-12500
-14800
-14100
-15800
-10600
-10100
-15900
-10800
-10500
-6600
-14500
-10000
-5400
-7000
-7000
-7000
-2600
-1700
-1500
-3300
5700
4200
5700
3600
8200
9700
0
-1100
-11900
-11700
-23000
-26800
-24800
-24200
-17300
-15600
-4300
-400
7900
8200
11500
12300
17000
17700
14700
20800
16500
14200
8000
5900
-300
-9200
-9500
-17700
-21000
-30800
-25800
-28900
-28100
-32400
-31700
-26300
-28500
-23800
-23600
-12600
-17600
-12700
-7300
-500
3100
9600
17500
12000
21400
21000
21300
13000
16200
4900
-7000
-9700
-23700
-30700
-47600
-50400
-69200
-73200
-79600
-77500
-72400
-60700
-48700
-36800
-11500
-4500
11800
8300
13600
-800
-4600
-2700
-13500
-14800
-18900
-16200
-24300
-24500
-27400
-20700
-27200
-28700
-25500
-24700
-22900
-31500
-21000
-22000
-22500
-24700
-19100
-17800
-21300
-18100
-18700
-13200
-20200

-15000
-14800
-12500
-16000
-14400
-8400
-14200
-13200
-12200
-7900
-12300
-9000
-9600
-7400
-6800
-6600
-5400
-5600
2600
-5500
-200
3300
6700
6900
3100
11000
4900
3800
-4300
-6100
-12200
-21000
-26900
-28600
-17800
-22800
-12800
-10000
6300
5600
7000
12100
12200
19200
13900
19600
14100
19900
13500
11100
4900
-1500
-6600
-15600
-13100
-23100
-24000
-31100
-27400
-31000
-31700
-27600
-28100
-23200
-28500
-21800
-19900
-11500
-10800
-3900
-1300
1400
11800
10500
19500
18800
24300
15800
20000
12600
3400
-1800
-12200
-23100
-34900
-40600
-60100
-63400
-72900
-76300
-80600
-74400
-59500
-54700
-26200
-15100
-200
3800
13800
9600
1200
-700
-7800
-11100
-18500
-14800
-24300
-19200
-26300
-25200
-22100
-27500
-26400
-28000
-19400
-29500
-27500
-23800
-19900
-25200
-24500
-17900
-21100
-16900
-21700
-16100
-19000
-15400

