
Curva de Excitacao - Bobina Girante (Dados Brutos)

Arquivo..............: C:\Arq\Wiggler\Medidas Wiggler - Corretoras\Bobina Tungstenio\Gap23\Translado23_X=13_#034.dat
Data.................: 14/02/2005
Hora.................: 09:33:40
Ganho................: 5
N. de Coletas........: 1
N. de Voltas.........: 10
Intervalo de Análise.: 4 - 8

-12400
-20400
-11700
-18100
-13600
-13000
-15200
-13600
-11900
-6600
-11700
-8700
-11200
-3600
-10900
-6300
-10600
-8200
-3500
-15000
-9400
-17200
-18100
-26100
-25700
-22000
-15500
-7800
-6900
2400
4200
11200
-4000
2200
5000
21400
35000
52900
77700
82500
92100
80500
66800
53400
31100
4800
-13400
-40300
-53500
-69100
-72000
-76200
-74000
-71200
-66500
-72800
-69300
-67200
-61900
-54600
-56400
-48400
-56200
-52900
-58300
-41900
-48500
-45300
-44800
-45700
-48000
-40700
-26800
-32100
1100
10000
17800
20600
63000
63500
77100
106100
111400
115000
115000
113800
54900
59000
22100
-12800
-39100
-29800
-54600
-73800
-57200
-76500
-97900
-99600
-88100
-102200
-83200
-69900
-59100
-48500
-29100
-19400
-21700
-5300
-16800
-13500
-15000
-10900
-23700
-16900
-11900
-20300
-24100
-20100
-14100
-28000
-17300
-23000
-18200
-18400
-17400
-17600
-20100
-15200

-19200
-16300
-17100
-10700
-16900
-10500
-13900
-13300
-9400
-13400
-6600
-11300
-7600
-9100
-4900
-7800
-8400
-6900
-7800
-11000
-15100
-14100
-19600
-19400
-25600
-20900
-15600
-14300
-4500
-2000
11600
7800
1400
4800
9100
18500
27500
48200
72900
91500
91800
85500
73300
52500
27500
-4000
-15600
-41000
-48400
-62900
-69700
-72500
-80700
-71200
-77600
-65000
-69500
-59100
-63000
-55600
-60200
-53000
-49300
-51700
-45300
-55900
-48500
-54500
-38100
-50500
-34700
-33100
-33500
-27100
-9000
6500
6400
46100
52100
68400
77900
113900
101600
115500
122000
93100
73100
56000
26700
-26600
-20800
-39800
-58200
-63600
-58500
-79300
-98200
-89000
-104100
-94000
-83400
-65600
-59900
-41500
-27900
-28800
-16800
-10700
-14000
-16600
-5400
-18600
-18300
-17400
-15300
-19600
-23100
-16900
-22000
-19500
-20800
-21200
-19500
-16800
-19600
-21000
-14500
-17600

-15500
-18600
-13400
-15000
-15300
-10800
-12600
-10400
-12400
-10200
-9500
-8900
-11000
-5900
-4600
-8700
-6200
-8800
-5700
-13800
-11800
-15900
-19500
-20400
-24800
-17600
-18400
-11600
-9100
2100
5100
9900
2500
5000
11000
13000
33600
45100
79700
87500
92800
84800
72300
53800
24700
6500
-22900
-34000
-56400
-60200
-74000
-69900
-75700
-74900
-72000
-72600
-64600
-68600
-53400
-60300
-53300
-55800
-50500
-52100
-47800
-49200
-49500
-44900
-51400
-44900
-40300
-28500
-35400
-17200
-7000
-2100
12500
39500
51500
63000
96900
101200
106100
119000
118700
86800
77400
62500
12300
-13200
-21000
-45600
-57000
-58200
-59800
-87000
-86200
-93900
-103500
-93900
-78700
-74700
-61200
-35100
-34100
-23500
-16500
-7700
-18100
-13100
-6800
-18100
-15200
-16800
-15900
-21800
-19300
-22100
-18900
-19900
-20100
-22000
-21000
-13900
-23800
-16300
-17100
-15200

-19500
-16300
-11400
-15400
-13800
-13900
-9100
-14500
-10700
-11300
-6100
-11000
-9800
-3100
-9100
-3400
-9800
-5100
-10700
-9300
-13800
-15400
-17300
-22200
-19300
-24300
-12400
-16200
-2600
-1200
7300
7800
2900
8300
6700
22100
27200
50100
69500
91800
92300
90600
74000
52700
24500
-2200
-15900
-38700
-46800
-62900
-69500
-73800
-76000
-75400
-71200
-68900
-66700
-64900
-58700
-57100
-55800
-52000
-50200
-50100
-51100
-51000
-51000
-43900
-50900
-42200
-38400
-33400
-33800
-17800
-10600
-2700
21900
34500
49800
67000
96600
91100
112700
124500
115400
90000
82700
54000
9400
-1700
-26900
-46400
-57400
-50700
-74500
-78100
-87500
-95700
-106100
-87100
-77500
-79300
-51300
-43000
-32300
-26500
-10900
-15100
-17100
-9700
-9500
-14500
-21100
-12200
-21500
-13600
-24100
-18700
-19300
-19200
-20200
-23200
-15300
-20300
-18900
-19900
-13600
-18300

-15500
-16100
-15000
-13600
-16700
-9300
-14200
-10400
-13000
-8900
-8600
-9100
-8700
-6300
-4100
-8800
-5800
-9800
-3200
-13700
-12600
-15500
-18800
-16800
-27200
-18400
-16400
-11800
-8500
2300
9300
9300
4400
2500
12200
15200
33400
47800
78900
89600
89400
87500
70600
58000
28500
2400
-19800
-38800
-51000
-63600
-67200
-72900
-74000
-75800
-71300
-70900
-66200
-61100
-60200
-54700
-56800
-51400
-54100
-46400
-52300
-49300
-47600
-47000
-47400
-45500
-34800
-41800
-23200
-19900
-9200
-2500
22100
33500
47100
78800
86100
100200
107700
127700
101300
103300
83100
50100
14000
-3800
-25100
-53400
-44000
-63100
-67300
-80300
-81500
-101300
-99700
-84100
-87800
-72200
-55000
-36800
-40000
-17300
-17000
-13000
-13200
-10000
-10400
-17300
-11600
-20800
-15900
-18500
-20400
-21300
-16200
-17600
-23200
-18600
-19300
-15900
-22500
-16000
-18300
-15600

-15400
-16600
-11500
-15600
-13100
-14600
-9300
-13100
-9300
-10700
-7100
-9000
-10800
-3200
-6700
-5500
-9100
-5500
-6100
-11600
-12500
-16400
-13600
-23100
-23500
-20600
-14100
-12800
-3700
2200
6800
11300
500
8600
7000
21000
29200
47700
78300
89300
98200
83900
74900
49100
29000
1000
-16800
-35600
-51800
-58700
-75900
-68700
-79000
-69000
-76300
-66200
-66400
-64000
-57300
-58800
-50800
-57400
-45900
-52100
-48700
-54500
-41200
-49500
-47300
-41200
-39600
-35700
-32500
-15100
-14400
7000
19000
34000
50500
74200
86900
97400
119900
117400
110200
98800
82500
45300
20700
-1800
-34700
-41100
-48500
-61500
-72300
-73200
-88500
-101500
-95800
-88300
-83800
-75100
-48700
-45800
-31300
-21600
-15400
-10600
-12700
-9500
-13300
-13100
-16600
-16800
-16500
-16700
-22600
-20900
-15500
-20400
-19200
-22400
-16500
-17200
-19700
-18800
-14200
-14500

-19100
-13700
-14600
-12800
-16400
-8200
-11100
-12000
-11400
-8600
-5100
-10100
-7000
-7500
-4000
-7100
-5700
-7100
-4900
-9900
-15600
-12500
-19300
-19100
-25800
-18700
-16600
-12400
-3200
1000
10400
8000
6000
1300
12700
18700
34000
50400
73600
92100
89400
90600
70800
59100
26600
1500
-20000
-36100
-47300
-64900
-69300
-72100
-72500
-76600
-69700
-69700
-64900
-64000
-57700
-54200
-56600
-53000
-50100
-47600
-52400
-45500
-47100
-49400
-46200
-41000
-42600
-33900
-22600
-21200
-14200
6200
18900
33800
55800
74700
82600
100400
116000
114000
114800
103800
80200
45200
25300
-8700
-31200
-42800
-48700
-65200
-64400
-72700
-90700
-96800
-99700
-88100
-87400
-65300
-57300
-41600
-30900
-21100
-15900
-11500
-9200
-15900
-7100
-15600
-15200
-19600
-14900
-15800
-21900
-17200
-19200
-16700
-22200
-19300
-19400
-14600
-20900
-17400
-13400
-17700

-14300
-17300
-8800
-15300
-11400
-12000
-10100
-11100
-10100
-6500
-10200
-5200
-10200
-2600
-8900
-2500
-7100
-7500
-4900
-12200
-10600
-17000
-13500
-22800
-22600
-20700
-13700
-8800
-7400
2300
7700
12200
900
9900
10900
18600
29900
48700
80900
91100
93000
85200
73700
54100
27000
4000
-16700
-34800
-51600
-61100
-72200
-71500
-73300
-73200
-69800
-69600
-64200
-65800
-56900
-56000
-54200
-51900
-49300
-49400
-50500
-46000
-50500
-43800
-45500
-41900
-44700
-32900
-24800
-23300
-6600
4200
20300
29100
57500
68400
87300
104600
115000
116700
111900
104800
71900
58900
19200
-8000
-33100
-37900
-51700
-63200
-63700
-76800
-86400
-100800
-92600
-94300
-80300
-75200
-52300
-42000
-32300
-18800
-18200
-6700
-16900
-10000
-11900
-11900
-18900
-14900
-14100
-16900
-20100
-21800
-15000
-20600
-17600
-22000
-16400
-16300
-20000
-15300
-16600
-13300

