
Curva de Excitacao - Bobina Girante (Dados Brutos)

Arquivo..............: C:\Arq\Wiggler\Medidas Wiggler - Corretoras\Bobina Tungstenio\Gap23\Translado23_X=-13_#008.dat
Data.................: 14/02/2005
Hora.................: 08:34:31
Ganho................: 5
N. de Coletas........: 1
N. de Voltas.........: 10
Intervalo de Análise.: 4 - 8

22000
21500
10600
2700
-1400
-2300
-20800
-19200
-34300
-37400
-54600
-52400
-56700
-55300
-61400
-59000
-43900
-43100
-16400
-3400
25800
36500
63800
75500
90400
97400
95100
89100
77800
67000
42000
24700
-1200
-13800
-28000
-42200
-41300
-48800
-40000
-45300
-37000
-27900
-27500
-22100
-17400
-13800
-11400
-11900
-12100
-6900
-9700
-11000
-9900
-8000
-6700
-16800
-8700
-6300
-12600
-13400
-11400
-8600
-18300
-12100
-14900
-14100
-16100
-14400
-18600
-17100
-18000
-20800
-19900
-21100
-20800
-28100
-19900
-24400
-31200
-26300
-27700
-28000
-37700
-28400
-37000
-41200
-43000
-40800
-50100
-38100
-28600
-33400
-7500
-3300
15500
20500
37100
35500
24900
34200
-1900
-32600
-52300
-45100
-98700
-89500
-88700
-100900
-113500
-80800
-65100
-82400
-46200
-38200
-31500
-30200
-3600
-8600
-900
13300
13800
18500
24000
29300
18100
34500
27100
20300

17800
22500
10900
2600
4000
-10300
-15300
-29900
-27800
-41800
-42900
-56200
-58200
-60200
-63100
-50800
-48000
-31700
-26000
-800
16700
43800
62300
77600
91000
96200
99900
84000
83700
62000
42200
22700
700
-9400
-31000
-41000
-45700
-43600
-43800
-43300
-36800
-27200
-25800
-24500
-13700
-15500
-11900
-14100
-10000
-6200
-10000
-8600
-13300
-4000
-8800
-13100
-9700
-8100
-9500
-13100
-11100
-11900
-12200
-14900
-13400
-18200
-15000
-14600
-18200
-15600
-18700
-18500
-23300
-17900
-22400
-26900
-20300
-22600
-28900
-28800
-22700
-33100
-31400
-34500
-32600
-46200
-40300
-38500
-48400
-38100
-35600
-24300
-16100
3900
8600
31500
35400
34800
23500
20900
12200
-35200
-29100
-64100
-92700
-108000
-83100
-98200
-105400
-75100
-75400
-73400
-60400
-29800
-40800
-20600
-7500
-5300
-1000
11700
16800
14100
30500
21100
25500
27300
32000
17400

20200
21800
10500
5300
-2300
-3200
-18600
-21600
-33800
-39500
-50100
-54500
-54200
-58200
-58800
-60900
-46500
-38900
-15800
-1200
24500
40700
58000
76300
89700
100500
95100
89200
82000
64600
41100
21400
3500
-16100
-28300
-39700
-40600
-46000
-44300
-40900
-37500
-24800
-30100
-20300
-16900
-12300
-12500
-11800
-9000
-9700
-8200
-10300
-8800
-8100
-5300
-14200
-11400
-5100
-11700
-12900
-12600
-8300
-16100
-12200
-14200
-14900
-13400
-17000
-14700
-18800
-15900
-21800
-18800
-20600
-21500
-27000
-21400
-22600
-32300
-23700
-27800
-28000
-39200
-28400
-34500
-44000
-40500
-39900
-42900
-43800
-28100
-30000
-8900
-4500
13600
24200
36500
40400
23900
33300
-5200
-26800
-49900
-47600
-93600
-93100
-89900
-102800
-106200
-83800
-64400
-77900
-49600
-40200
-30900
-28500
-8700
-4300
300
15000
11500
21000
24700
27100
19500
32000
28400
18700

22500
20900
14200
1000
4000
-8100
-15900
-26700
-29100
-37900
-47400
-53900
-59700
-57600
-63100
-52700
-45100
-33200
-24500
-1800
20500
42400
62800
76700
91200
97900
99900
85200
79900
66300
41900
23600
600
-10900
-29100
-39000
-42500
-45900
-39000
-44300
-35700
-29700
-24600
-22500
-14200
-13700
-12800
-9700
-12100
-5400
-10200
-8300
-11600
-4400
-6100
-14800
-7800
-8200
-8500
-17000
-10000
-9700
-12000
-15300
-13100
-13500
-16000
-14400
-18000
-14000
-20400
-17900
-21700
-18100
-21600
-25500
-19300
-26100
-26600
-28300
-23800
-32200
-32400
-31000
-35400
-42400
-43700
-35200
-48000
-35300
-38300
-23000
-14100
1600
11700
28400
40700
31700
27900
18400
10700
-31500
-34300
-62300
-92200
-101200
-90100
-93300
-106400
-76500
-75800
-67600
-58400
-34200
-33700
-24600
-9700
-3700
4700
9400
14300
17000
29800
21600
24300
30700
29300
19300

20700
22300
9300
6100
0
-4900
-16200
-24300
-30200
-42900
-47400
-54800
-53000
-58600
-57900
-59000
-46100
-34900
-18400
0
20100
41700
60800
78300
91100
97900
98500
86400
84600
64400
46300
20000
2100
-12500
-26200
-38300
-44400
-41100
-44300
-40400
-39500
-23400
-28000
-21900
-15800
-14500
-9900
-13700
-7500
-9200
-8000
-10900
-9400
-5700
-8100
-11900
-10200
-4800
-13500
-9900
-11900
-9000
-14100
-13500
-10900
-16500
-12400
-17200
-15400
-18400
-14600
-20100
-20100
-18800
-20800
-24500
-24000
-20300
-30300
-24000
-28300
-28500
-34600
-32600
-31300
-45800
-38200
-43100
-41700
-42500
-29600
-27300
-10600
-600
11900
26800
34400
42300
26600
29100
-3600
-27400
-44500
-53900
-87800
-96500
-87800
-104500
-102000
-84000
-63500
-73100
-50800
-40900
-32100
-25000
-9100
-1500
300
14800
12400
20500
24200
25900
24500
30100
30600
18800

22000
19900
14200
4800
1200
-7300
-16000
-22600
-32700
-36800
-48100
-51900
-58400
-59200
-59700
-53700
-43600
-33600
-20200
-4000
21100
43700
63500
78300
89800
102100
95600
90600
79400
66100
41300
24000
3400
-14200
-25100
-42000
-39500
-47000
-40000
-43200
-35100
-26200
-26500
-18900
-16500
-11700
-14900
-8600
-9800
-7400
-8900
-7600
-8800
-8600
-3900
-13600
-6600
-10100
-7000
-13200
-11400
-9100
-13300
-11900
-13500
-11900
-16000
-14000
-17300
-15400
-17000
-18900
-19200
-19800
-18000
-27200
-19000
-23900
-25200
-28600
-24600
-28800
-33300
-29900
-36000
-40700
-46800
-33900
-45000
-36300
-36100
-25200
-9400
-3300
16600
24700
42400
33000
30400
19700
8100
-26400
-35900
-58500
-91700
-96800
-96200
-95400
-102400
-77100
-73500
-68100
-54400
-38800
-31700
-23600
-8600
-3500
4100
9700
13700
18900
28200
25900
23600
31900
27500
24300

18800
22500
12400
4700
100
-4800
-13800
-24500
-31000
-39000
-47600
-54200
-54200
-56000
-60400
-54000
-48700
-33100
-20800
1200
24000
42100
64500
75400
93600
95000
98300
87100
85900
66600
44100
21300
-600
-7700
-29800
-35500
-46200
-40700
-43000
-42200
-35600
-26300
-22500
-24000
-12700
-15400
-8600
-13300
-8000
-7500
-8000
-7300
-10900
-4200
-8600
-10100
-10000
-5300
-9900
-12500
-10400
-10200
-10500
-16100
-11600
-14000
-12400
-16300
-15200
-16000
-18400
-15700
-20700
-16500
-22900
-22500
-22000
-22000
-28100
-24800
-25200
-29800
-32400
-34100
-31500
-44400
-39500
-41000
-41900
-39900
-33600
-21700
-12900
400
9600
31100
35000
40900
30500
27400
600
-28900
-41000
-58900
-85000
-96700
-88600
-101700
-100100
-83400
-68600
-68600
-53600
-36900
-30800
-22600
-13800
-2700
4400
11500
13800
21500
28200
22600
25000
31600
29700
19300

21600
22400
12100
6100
400
-3600
-16900
-23700
-30000
-36900
-45800
-54600
-54400
-61200
-58400
-55900
-43100
-33400
-20100
-700
20200
44300
60400
80400
90200
102000
96500
86700
81900
64700
47600
20300
6500
-13400
-24700
-43400
-40400
-43800
-41500
-42300
-37300
-21700
-27900
-19300
-19100
-9400
-11400
-13000
-8200
-7600
-6600
-11100
-8600
-7700
-4500
-12000
-8000
-7300
-9400
-10400
-13200
-7600
-13900
-11200
-14000
-11600
-15100
-15200
-15300
-17000
-16300
-20200
-17900
-20800
-17800
-25700
-20300
-24400
-26800
-24600
-28100
-26400
-35100
-30300
-35400
-38100
-42000
-40500
-40400
-40400
-32400
-27800
-8300
-2200
17400
28300
37800
34800
27400
24100
2000
-23500
-39800
-58700
-89200
-97100
-94700
-98300
-98500
-80900
-69900
-68600
-54700
-40400
-29300
-23800
-10000
-1800
3000
11400
12700
22100
25100
26100
25400
30800
28000
21800

