
Curva de Excitacao - Bobina Girante (Dados Brutos)

Arquivo..............: C:\Arq\Wiggler\Medidas Wiggler - Corretoras\Bobina Tungstenio\Gap23\Translado23_X=2_#023.dat
Data.................: 14/02/2005
Hora.................: 09:14:27
Ganho................: 5
N. de Coletas........: 1
N. de Voltas.........: 10
Intervalo de Análise.: 4 - 8

-15300
-9400
-12700
-12900
-7800
-7100
-11000
-9300
-10700
-11200
-12500
-8300
-9800
-11600
-13800
-12700
-8700
-12000
-8000
-14600
-1900
-5800
-9200
-6600
-6000
-600
-4300
-1200
0
3200
-1900
8100
-1200
11600
14300
5700
11700
8500
4500
-7400
0
-7500
-11100
-9200
-12900
-5800
-8800
-6700
-6300
-6300
-6500
-6900
-4900
-1200
-2000
-8700
-7900
-9500
-8500
-10500
-12300
-2600
-15100
-15200
-15500
-8000
-13000
-9400
-7000
-18100
-13700
-15600
-15700
-23400
-9600
-22900
-27800
-29000
-26600
-30500
-32100
-21800
-32900
-22900
-19800
-9300
-13900
1800
-6400
-8200
-3500
-7800
-10800
-22000
-7400
-25100
-21000
-22800
-23700
-31900
-30200
-32500
-38500
-33600
-38500
-30100
-34200
-33100
-35400
-26500
-27100
-35600
-27300
-26300
-24500
-27700
-22100
-21100
-22700
-22800
-20200
-15700
-17000
-16400
-17000
-11200
-17700
-16300

-8600
-10900
-8700
-13900
-6500
-10900
-10400
-10900
-5500
-11300
-10500
-10700
-13800
-7200
-14600
-8400
-13200
-8300
-12000
-12100
-6600
-4600
-7000
-8300
100
-4700
-1100
-7300
1800
3900
3600
5000
5100
13400
4300
7100
10100
9800
6800
-4400
-900
-7100
-9200
-11000
-8400
-9700
-7900
-9900
-5800
-100
-7900
-1800
-8400
-1900
-7700
-5600
-7800
-4400
-5000
-15000
-11200
-9900
-7200
-16400
-6300
-13400
-11700
-15000
-12300
-11500
-12800
-5400
-22800
-19800
-18400
-20900
-27200
-22900
-25500
-35900
-29300
-29200
-26700
-25100
-6600
-20900
-11900
-2800
-5800
-4300
-6000
-1900
-16800
-13300
-13800
-18200
-24800
-22500
-27100
-33000
-28800
-35600
-28600
-39800
-34600
-32900
-33600
-33500
-36300
-27100
-29400
-30800
-30800
-22200
-27000
-24700
-25900
-22100
-18500
-24200
-15800
-20200
-15800
-21300
-13800
-11200
-14200
-13300

-12300
-10400
-16900
-7400
-10700
-4000
-11200
-10900
-8500
-9800
-7500
-13900
-9000
-10800
-11100
-14800
-7700
-8900
-10700
-7700
-8600
-3900
-10700
-3100
-6900
-2300
-800
-4400
2900
1500
5500
-1500
10400
12200
11700
5900
8700
8300
1500
4200
-6100
-1600
-12400
-9300
-12800
-9000
-4400
-10700
-3200
-4500
-4000
-8500
-1500
-2800
-2000
-8500
-9100
-6600
-9800
-8500
-12600
-2700
-14400
-13300
-12300
-10400
-9300
-10700
-13200
-15800
-10700
-15100
-16000
-15600
-15000
-25300
-26600
-24300
-31200
-27900
-27100
-26500
-31200
-24000
-14100
-16500
-3000
-2600
-7700
-8200
-3100
-9200
-11000
-13700
-12800
-18200
-25200
-20700
-31500
-26200
-33000
-31900
-33800
-35400
-33600
-32700
-33100
-38000
-30000
-30200
-25300
-34300
-26300
-27000
-24100
-22800
-26100
-19700
-22300
-20800
-23300
-13300
-18000
-15400
-15500
-12700
-14200
-16000

-7700
-12000
-10500
-12700
-7000
-8500
-10000
-8900
-8600
-5600
-12100
-11200
-11800
-7200
-12600
-12900
-8900
-9900
-8500
-13400
-2700
-7900
-5700
-4800
-6100
-300
-2900
-2400
-3900
5600
2000
6200
3100
13100
11000
6300
17100
7700
6500
-4700
-3800
-6900
-7500
-6500
-10800
-8000
-9700
-8500
-8500
0
-2600
-5400
-4600
-3000
-3200
-10600
-5100
-3300
-9000
-13400
-11000
-7100
-11100
-9200
-10300
-12800
-12300
-10000
-14000
-10400
-6700
-14900
-17800
-18600
-14100
-26000
-21000
-23800
-31400
-31800
-29000
-27000
-30000
-14800
-19800
-14900
-9900
800
-11400
-2200
-500
-11600
-7500
-15800
-7500
-25000
-19200
-26300
-26800
-29400
-29800
-34200
-33100
-31000
-41000
-28900
-33900
-31400
-37900
-26000
-25300
-35400
-26700
-24300
-23900
-29100
-23400
-19700
-18800
-22800
-18500
-15700
-19900
-16100
-15100
-11000
-14900
-14000

-10100
-10600
-12100
-11500
-5300
-8800
-9900
-11800
-5000
-10400
-9200
-9200
-10100
-6900
-15200
-8600
-12300
-7900
-11400
-7900
-6300
-4100
-5600
-8200
-1200
-4200
2400
-6100
3300
3800
1900
6100
5000
15800
9700
10300
7900
6600
6100
800
-2200
-7000
-8400
-12300
-7700
-10700
-5200
-6700
-6400
-2700
-7300
-1100
-5500
-300
-3500
-8400
-9000
-5700
-6400
-11400
-6200
-11600
-9700
-13700
-8700
-13800
-6500
-7900
-16500
-11700
-11900
-9700
-19700
-10400
-20200
-25900
-22800
-22800
-29700
-29300
-22600
-34200
-26000
-23300
-13500
-16900
-2900
-1500
-8900
-2500
-6800
-5800
-13400
-8100
-17300
-17400
-22000
-22700
-27500
-31800
-27000
-36500
-26800
-39300
-34200
-32100
-31500
-32400
-33800
-24500
-28100
-31900
-30700
-21700
-24900
-25400
-24100
-20400
-18900
-23800
-14400
-18600
-15200
-18900
-11900
-14900
-14700
-12500

-9800
-7100
-12200
-8000
-11700
-4500
-9700
-10100
-7000
-8700
-8200
-14300
-7500
-9800
-10200
-11200
-7100
-10000
-9200
-7900
-9000
-600
-8200
-2700
-6500
2000
-1300
-6600
4800
3900
6200
1700
8100
8200
12500
10300
10600
9300
4900
3100
-9400
-1500
-9000
-7700
-11000
-8400
-7200
-8700
-1700
-4200
-1900
-6200
-2700
-5700
-1200
-5700
-6000
-3300
-9800
-9600
-12700
-7300
-8300
-9300
-12600
-12000
-8600
-12800
-10600
-11300
-7900
-17400
-14300
-17600
-18100
-21400
-21500
-22800
-33400
-27900
-30200
-27400
-27800
-18500
-18400
-14100
-5900
-6000
-2900
-4500
-1200
-10200
-7800
-13600
-15000
-18900
-23700
-16600
-28700
-25100
-34100
-29000
-32100
-35600
-34900
-32000
-29600
-37000
-29600
-32800
-24700
-31200
-24800
-25400
-23300
-24800
-26700
-15600
-21900
-20100
-20600
-12500
-19700
-17200
-12700
-9900
-13400
-15100

-7200
-12400
-9200
-10500
-6900
-6500
-9200
-9100
-8500
-3900
-11900
-10200
-10300
-7400
-14400
-10100
-5800
-11600
-5700
-11300
-4200
-7000
-3900
-5500
-5200
1500
-600
-2400
-2200
9800
200
5200
7700
13800
11300
6200
11200
6000
11100
-1600
-1600
-6600
-7100
-10200
-10400
-3300
-7500
-6800
-7900
300
-4000
-4000
-800
-400
-3700
-10600
-2700
-7100
-6200
-8300
-9800
-10200
-10200
-8900
-12300
-8700
-9000
-10200
-15000
-11300
-11700
-14300
-11900
-14600
-20500
-24200
-20300
-27000
-25600
-26900
-29300
-30000
-26900
-18300
-20800
-9100
-6900
-3100
-6700
-1200
-5900
-9200
-4200
-15900
-10700
-21000
-18600
-26800
-25100
-28300
-30100
-30500
-31700
-32200
-41200
-28500
-33500
-28000
-35600
-25800
-25600
-32300
-26600
-24200
-20600
-27700
-22000
-21600
-20100
-22400
-15300
-14000
-18300
-15900
-15200
-10800
-15700
-11500

-9700
-6600
-11400
-10600
-4800
-8900
-8600
-10600
-4400
-10100
-7800
-9800
-10100
-7100
-12200
-6300
-11600
-6500
-9900
-9200
-7600
-2600
-2500
-6500
-1200
-4900
500
-5900
5400
5700
3500
6700
3800
14500
9900
13100
8300
10800
3700
-1300
-2100
-2900
-6300
-12000
-6400
-10000
-5100
-7500
-3300
-1400
-3700
-2200
-6100
-200
-2800
-6100
-6000
-5700
-8300
-9300
-6900
-10200
-6400
-10300
-11500
-14100
-7000
-9600
-13100
-7100
-12200
-14200
-18100
-11800
-19700
-22400
-21400
-26000
-28700
-32000
-24700
-30800
-21000
-23300
-15100
-14600
-5400
-3700
-6000
600
-7500
-4000
-12900
-9600
-17300
-16900
-22300
-19500
-24500
-30500
-27400
-36000
-28700
-37400
-32600
-32800
-29700
-31200
-35200
-25500
-26400
-28700
-30200
-21900
-26400
-24500
-23400
-18700
-19400
-21800
-14400
-18900
-15800
-15700
-12300
-14000
-11700
-11200

