
Curva de Excitacao - Bobina Girante (Dados Brutos)

Arquivo..............: C:\Arq\Wiggler\Medidas Wiggler - Corretoras\Bobina Tungstenio\Gap23\Translado23_X=0_#021.dat
Data.................: 14/02/2005
Hora.................: 09:02:48
Ganho................: 5
N. de Coletas........: 1
N. de Voltas.........: 10
Intervalo de Análise.: 4 - 8

-12400
-5900
-5900
-12400
-7100
-4600
-7100
-10500
-900
-6400
-7600
-9500
-9600
-7900
-13700
-8400
-14200
-11100
-14400
-14400
-14500
-4600
-10000
-9300
-2100
-4900
-4800
-10700
2700
-4400
100
1000
-1100
6400
1500
3900
4100
12000
9000
3400
4100
5400
-800
-4800
-500
-5500
-5600
-12500
-6300
-4100
-7600
-5200
-10800
-3400
-8000
-8500
-8600
-5900
-4800
-13100
-13100
-9200
-4900
-16300
-8200
-12600
-11900
-18100
-13500
-12600
-17600
-10400
-21300
-21600
-24400
-17800
-25300
-20600
-19200
-23200
-20700
-15700
-10900
-17700
-2300
-13300
-9600
-11600
-10300
-15700
-16400
-9400
-23400
-23300
-25400
-24700
-36700
-28100
-36100
-34000
-33300
-39300
-32600
-38000
-33700
-34200
-28200
-31100
-33800
-27800
-25900
-29200
-29900
-19000
-25400
-24100
-24700
-18000
-18800
-19600
-14700
-19300
-15000
-18800
-13400
-12700
-10600
-14000

-9900
-5600
-14300
-7500
-7700
-200
-11200
-5700
-4000
-6600
-8400
-8600
-3900
-9600
-10700
-16400
-11500
-14400
-10700
-14600
-10900
-6500
-11000
-6800
-8700
-2100
-5600
-4200
-3700
-2800
1800
-1400
-700
3400
9700
0
6900
6400
9100
3900
5100
8800
-4100
-1500
-7700
-2100
-6300
-7600
-6100
-6000
-7200
-10800
-5300
-6200
-1500
-12700
-6800
-7100
-7300
-8500
-13300
-4100
-11800
-12200
-15800
-8400
-13200
-11500
-12500
-16600
-17600
-17800
-15600
-22400
-14500
-204000
-23700
-23400
-20000
-19000
-19800
-8500
-20400
-12000
-10800
-6900
-13600
-4200
-11100
-16300
-12200
-17800
-16600
-29100
-20100
-30100
-31500
-30600
-37000
-32400
-37100
-33000
-37000
-32000
-38300
-29400
-30500
-31300
-32400
-27300
-22000
-36400
-25600
-26200
-21500
-25700
-20300
-17600
-21200
-17700
-21200
-13300
-16700
-11600
-18300
-10800
-14500
-13100

-9700
-7400
-7100
-12300
-3500
-8500
-5100
-8900
-2300
-5200
-7500
-6900
-12700
-5100
-12700
-10800
-15000
-9900
-12800
-17000
-9500
-7400
-6400
-11400
-2900
-5800
-2200
-6900
-1800
2400
300
1900
-6700
8400
4300
4700
5100
10900
10400
2100
5700
2100
2300
-3500
-1100
-8000
-6400
-9100
-8900
-2100
-7500
-4600
-11100
-3400
-7000
-8400
-8000
-5400
-3800
-13000
-11300
-9300
-6600
-14400
-9400
-12800
-13500
-12600
-15500
-13700
-15400
-11500
-22500
-20900
-19800
-21000
-21800
-19100
-20400
-26000
-17300
-15200
-15700
-13200
-3000
-14400
-11800
-6000
-15000
-13800
-15400
-10900
-24000
-23600
-22900
-27900
-30600
-30100
-32500
-39300
-31000
-41200
-29800
-36800
-33300
-32100
-27500
-28100
-36800
-26600
-28400
-27400
-29300
-19400
-25100
-25000
-22700
-19500
-15100
-22200
-14000
-18800
-13800
-18700
-13400
-12300
-9400
-11600

-12500
-5600
-11100
-7200
-8100
-400
-8100
-7200
-4600
-5300
-6700
-8900
-5000
-9600
-11700
-15400
-10900
-11100
-11600
-12400
-12400
-2800
-12900
-7000
-7400
300
-2300
-7600
1700
-2500
2400
-4700
2600
4400
8400
1500
6400
9700
6400
8900
4000
8100
-3300
-600
-5200
-3800
-3200
-8400
-4200
-7600
-7400
-8100
-4100
-4300
-3200
-10400
-10700
-4300
-6600
-8400
-10900
-5900
-11400
-13200
-10000
-10800
-12500
-11600
-13200
-18700
-14800
-16100
-17600
-18300
-15600
-23500
-25300
-19400
-22600
-22200
-16200
-11900
-18800
-12000
-4800
-13000
-7800
-7300
-9800
-18100
-10000
-17000
-19300
-24900
-20600
-24500
-33500
-27100
-38500
-32200
-39000
-32100
-34500
-33100
-35700
-30100
-29000
-34200
-28800
-30500
-21500
-33000
-26600
-25800
-20900
-21400
-23500
-16600
-21000
-19700
-21300
-10600
-15300
-15300
-14400
-9900
-11900
-15400

-7100
-7000
-7700
-9900
-4200
-4800
-5700
-5400
-4300
-1600
-9600
-8000
-8200
-6800
-12600
-11500
-9100
-13300
-11200
-16200
-6700
-10000
-7000
-8200
-5600
-1200
-3900
-2800
-3400
2600
-2200
1800
-3700
6900
5500
3700
10300
6200
11900
2100
5300
3000
3700
-1200
-3800
-3500
-8700
-8900
-8600
-300
-6900
-6600
-6600
-4600
-4300
-9900
-4500
-6900
-5900
-12300
-10700
-7400
-8900
-9300
-11400
-9900
-14700
-13300
-14200
-13500
-14000
-15200
-19300
-20400
-16800
-23400
-17900
-20900
-21200
-23600
-18600
-13800
-15000
-8400
-8900
-8600
-12700
-3600
-15100
-11800
-14800
-15200
-19100
-23700
-21200
-30500
-24700
-33900
-31600
-36000
-33700
-38800
-31500
-32700
-37800
-24400
-31400
-29100
-34700
-25900
-27400
-28700
-25400
-21000
-22700
-25700
-21300
-18800
-15600
-19300
-16700
-15200
-16000
-17500
-13300
-7000
-13600
-11600

-9800
-7200
-11000
-7600
-3100
-4400
-4900
-8100
-1500
-7900
-4300
-7800
-7500
-7200
-11500
-13200
-13100
-7800
-11900
-11500
-12200
-5200
-10200
-7100
-4200
-4200
100
-7000
-800
-2200
2700
-1500
100
9600
5600
4300
3300
11600
6500
8700
4200
6800
1800
-3500
-3500
-4500
-1800
-9500
-6900
-5900
-6100
-6200
-7300
-1000
-5500
-7200
-9000
-3400
-8300
-9100
-8200
-9800
-9200
-12800
-7500
-13600
-7900
-10400
-14800
-16900
-13400
-15200
-21000
-14000
-18800
-23500
-22200
-18900
-22800
-18300
-14200
-17900
-14300
-12100
-4200
-15100
-3700
-7900
-11100
-13400
-11900
-15700
-21000
-19200
-26000
-24400
-31500
-27900
-36100
-30100
-34500
-38500
-30700
-34900
-34400
-33700
-26400
-31300
-30800
-26100
-23800
-30500
-28400
-20500
-24800
-19300
-21200
-16500
-21200
-18000
-15900
-15000
-12000
-16100
-12700
-12800
-10000
-13700

-7400
-6400
-6800
-7800
-7400
-1600
-8300
-3600
-4400
-1800
-7600
-7400
-7300
-7600
-7200
-14100
-10000
-14300
-9000
-15900
-9000
-3600
-8800
-6300
-6900
1000
-6400
-4400
-500
3100
1000
100
2900
4300
7700
2500
11200
7500
9700
5300
4400
8200
100
1200
-4700
-2600
-9500
-5400
-5700
-5300
-3700
-7300
-5200
-7300
-300
-10400
-4600
-4500
-5600
-11500
-11000
-5200
-10100
-7700
-12500
-10200
-12600
-11400
-12800
-14500
-9000
-19400
-19200
-18900
-16600
-25200
-16700
-18800
-22700
-19700
-17200
-13500
-18200
-5900
-9400
-9400
-11000
-2400
-12600
-12100
-10300
-18100
-15800
-25600
-19000
-31000
-26500
-28300
-33000
-31500
-36100
-32500
-36600
-30000
-38600
-28000
-30500
-27800
-32100
-30300
-21200
-29600
-24000
-25900
-18400
-26600
-22800
-17200
-14700
-18400
-17700
-11100
-18400
-14000
-15200
-7400
-12800
-12400

-7400
-8600
-5900
-9200
-3300
-4400
-3200
-9100
-3000
-2800
-7200
-5700
-7900
-3600
-14200
-9700
-12100
-10100
-12000
-10400
-8400
-8700
-4800
-11300
-1800
-3000
2200
-7800
-400
2600
-1200
3500
-1300
10700
2200
7400
5100
9100
12400
7900
6100
1000
4700
-3400
-3200
-2700
-2600
-7400
-7400
-2100
-7800
-3800
-8800
-1800
-5300
-6800
-8800
-5100
-3600
-9800
-7800
-9900
-6100
-13800
-9400
-10500
-9100
-12700
-14700
-12100
-14600
-14400
-18900
-13800
-21800
-20800
-19000
-21000
-20300
-19000
-14200
-17800
-12200
-12400
-8500
-11000
-7700
-5500
-12600
-8500
-18200
-13000
-19700
-19500
-25700
-26100
-29000
-31200
-30300
-36200
-34100
-36100
-27100
-38200
-33000
-30200
-28900
-28900
-32200
-23600
-29000
-26100
-29600
-20700
-19800
-19900
-23900
-17400
-15300
-22700
-15300
-14100
-11900
-19300
-9600
-11000
-12600
-11300

