
Curva de Excitacao - Bobina Girante (Dados Brutos)

Arquivo..............: C:\Arq\Wiggler\Medidas Wiggler - Corretoras\Bobina Tungstenio\Gap23\Translado23_X=-12_#009.dat
Data.................: 14/02/2005
Hora.................: 08:36:03
Ganho................: 5
N. de Coletas........: 1
N. de Voltas.........: 10
Intervalo de Análise.: 4 - 8

-1500
14600
1500
-6200
-8400
-12700
-18400
-30900
-30900
-44400
-32700
-48900
-41500
-46600
-42300
-30400
-24900
-5700
6000
33300
38100
69700
67800
80100
74900
79700
78700
58900
50700
22200
4400
-18400
-28200
-38600
-41500
-48300
-53900
-42600
-39200
-34100
-33600
-17600
-20500
-14200
-10200
-13100
-4700
-12100
-9500
-11200
-6100
-8100
-13100
-6200
-6100
-12600
-12200
-8600
-12500
-11600
-14800
-13100
-12400
-13800
-13000
-17900
-14100
-17300
-20100
-20200
-16700
-18300
-23100
-17700
-22400
-26900
-26900
-22700
-29100
-27000
-26500
-28900
-30500
-32600
-32000
-45600
-38500
-44400
-49500
-43000
-47800
-44800
-37800
-22000
-27300
1900
19600
27700
19000
33300
27000
-6600
1100
-26900
-45100
-75800
-60900
-91900
-94200
-74500
-74700
-72100
-61400
-44000
-58400
-27000
-27700
-17600
-15600
7900
1000
1100
17300
10300
10400
12600
22000
5100

12300
7900
4200
-3600
-12000
-10300
-23600
-21500
-37000
-34000
-46300
-43500
-48300
-39700
-38100
-33600
-17800
-11800
13700
21300
47100
56900
78200
78900
82300
82600
73600
58000
41900
27100
5700
-9800
-31800
-37100
-43000
-52200
-47300
-48100
-35500
-37600
-28400
-19000
-19100
-13100
-14200
-10600
-9000
-9300
-11000
-7100
-5700
-9600
-11500
-9600
-5200
-13900
-9600
-10700
-9300
-12300
-14500
-11600
-14200
-12200
-17900
-14500
-14400
-16200
-20300
-16100
-17000
-21900
-20300
-20800
-18900
-27600
-21600
-24100
-28300
-26600
-29700
-26300
-34100
-27700
-35500
-34400
-40800
-42700
-51500
-46000
-44400
-50700
-25900
-28000
-15300
-5200
20000
20800
22800
40000
22000
3000
-15100
-11100
-63000
-57700
-71700
-79400
-93800
-78500
-72600
-80300
-54500
-57600
-39800
-36900
-15200
-26200
-7900
2100
-2900
6700
14000
15300
4000
22700
17100
10500

5100
13200
2700
-6800
-4300
-14600
-16600
-32300
-29700
-40000
-37600
-47500
-43800
-41900
-40400
-29900
-24300
-1700
6900
31600
41800
63200
69800
78500
83200
82300
80200
56900
45200
23500
6600
-12800
-31600
-35000
-43600
-48800
-52000
-42200
-37400
-33900
-28000
-21400
-16600
-13500
-10400
-14000
-6900
-8400
-10100
-8500
-6700
-6100
-14700
-4400
-8000
-12300
-12300
-8500
-8300
-13600
-12600
-13500
-11000
-15500
-13200
-16400
-13200
-16600
-20500
-14400
-18000
-17300
-23900
-17300
-23400
-24600
-22500
-24200
-26100
-29500
-24400
-32300
-28300
-33400
-29800
-40800
-38000
-41900
-49900
-41800
-50900
-43500
-36600
-19600
-23100
3700
18300
24900
20900
29300
32400
-5200
2000
-27300
-45300
-75000
-62100
-85300
-92800
-76100
-77000
-67200
-67500
-46500
-51600
-26100
-25300
-17100
-8200
1300
-500
1100
20200
9100
11300
15500
23400
6100

9700
11800
4100
-3600
-10700
-9000
-23300
-23200
-35100
-34600
-43600
-43800
-46000
-42600
-36800
-33400
-19000
-9100
15600
23500
43700
60600
75900
81100
81100
83200
73700
59100
45500
26300
7700
-12600
-29400
-39800
-40100
-50300
-49200
-45400
-34500
-35400
-32200
-16500
-19000
-13000
-14500
-9300
-9000
-8900
-7900
-8300
-5800
-9700
-9700
-8100
-5200
-12700
-10700
-8000
-9100
-11600
-14800
-8800
-14300
-12900
-15800
-14900
-13200
-16400
-16600
-19500
-14500
-21200
-21100
-22000
-19400
-26200
-23000
-22000
-28700
-26000
-30800
-24000
-35800
-30300
-33300
-35500
-38300
-44900
-45400
-48500
-43600
-49400
-28900
-29000
-16800
-2500
18500
25300
21900
40800
18900
7000
-16000
-14800
-56300
-60800
-71100
-81300
-89300
-81800
-71100
-77800
-54500
-56200
-38100
-35700
-20200
-20700
-7800
3000
-2800
9100
13400
14500
7800
20900
16700
9900

10100
9500
5800
-4600
-6500
-13900
-16900
-28400
-32900
-36600
-39700
-43500
-47200
-40000
-39800
-30500
-21400
-3900
11200
28600
42100
62100
74700
77400
82000
84500
78300
56700
44800
27400
4000
-12300
-31200
-33800
-43700
-49400
-48600
-45400
-33800
-35300
-26500
-21600
-15500
-14200
-11900
-10900
-5800
-7400
-12700
-5000
-7300
-5000
-11700
-5800
-6400
-12300
-8700
-11100
-5600
-12200
-11800
-14100
-9400
-13000
-15700
-14500
-13800
-13500
-20900
-13300
-18400
-17700
-22600
-17000
-21100
-25400
-21300
-24200
-24800
-28300
-24500
-29900
-27600
-32600
-32000
-36600
-39600
-40500
-50500
-37800
-52800
-40900
-34600
-23100
-20500
3300
22500
22000
26700
29700
29200
-1200
1100
-25500
-47200
-68200
-68800
-81400
-91600
-72800
-79500
-66200
-63400
-49700
-46400
-27500
-23700
-20600
-5100
1800
1800
2000
19800
11200
12600
17600
20200
8500

8600
12300
3600
-1500
-9600
-10200
-17700
-26000
-31800
-37000
-38700
-46200
-44600
-41600
-35500
-32400
-17900
-5400
11600
28500
43100
63300
73500
82400
83600
83400
76300
57600
48300
24700
9000
-13300
-29100
-36900
-40600
-47400
-49500
-40800
-39700
-31500
-29800
-15900
-18600
-11500
-11400
-12600
-4900
-7700
-6600
-9800
-4500
-7100
-9500
-7900
-4500
-9200
-10900
-6800
-10700
-9000
-14400
-9000
-11700
-12300
-14100
-15200
-8600
-17700
-16400
-17900
-14400
-21700
-19800
-17900
-19300
-23800
-22700
-20200
-29100
-24100
-28700
-25700
-31900
-29500
-30700
-37900
-35600
-44900
-45500
-47600
-42100
-48300
-29200
-25600
-17800
200
18000
29000
21800
38700
22600
7400
-12300
-21000
-50900
-62600
-67500
-81500
-86400
-82300
-70700
-75400
-56400
-51800
-38700
-31600
-24400
-18400
-8300
5000
-1900
9000
15300
14200
10000
18800
20400
10700

10300
10700
5800
-4000
-6500
-10400
-18700
-25200
-33100
-34000
-42900
-41900
-45500
-40000
-39000
-31000
-19500
-4800
15300
28100
45400
60800
73800
80100
84500
86400
75300
64300
42500
27100
6000
-9600
-29800
-36600
-39700
-48900
-45800
-48500
-32200
-35000
-25900
-20100
-15700
-13500
-12500
-9000
-7600
-5200
-12200
-5400
-6000
-5500
-10900
-6500
-2300
-12400
-9200
-9900
-5000
-13700
-11000
-11500
-10600
-11700
-14500
-13100
-15000
-12000
-19500
-15400
-17900
-17300
-20400
-19300
-18800
-25800
-20100
-23300
-24600
-29700
-23900
-26000
-28700
-29500
-33800
-33700
-41700
-38000
-50100
-39800
-48600
-41500
-31100
-25900
-16900
1100
23100
22200
25700
30100
29000
2200
-4800
-19900
-47300
-63800
-72800
-78200
-91400
-76900
-74700
-66400
-60800
-51900
-41100
-30900
-22600
-18100
-4400
-200
800
8000
16800
13700
12600
19800
17700
12500

7100
12200
4400
-600
-8100
-11700
-16800
-26000
-30100
-35100
-38300
-46300
-44300
-40400
-36300
-29300
-19600
-1700
12200
27200
43600
62900
76700
82800
85900
81000
78500
57500
49600
24700
10100
-11400
-28300
-34400
-44000
-46800
-50400
-42200
-38800
-30500
-27600
-17900
-15000
-13200
-10200
-11300
-3400
-10200
-7100
-7600
-4400
-7800
-9400
-3900
-6400
-7500
-11700
-7600
-9100
-8700
-14000
-10700
-9000
-11900
-12800
-16100
-9300
-15700
-15900
-17900
-15200
-16600
-21400
-16200
-21600
-21600
-23400
-21800
-26400
-23800
-27200
-25800
-28600
-32800
-29000
-37300
-35400
-44900
-42300
-46400
-46100
-42400
-30600
-23000
-19700
3700
17000
26200
26600
36300
25700
5800
-8300
-22900
-47100
-64800
-68300
-80200
-83200
-81600
-74600
-71100
-58600
-50700
-39500
-27500
-23900
-18400
-8800
2200
1200
9200
15400
13000
14300
18100
20100
11100

