
Curva de Excitacao - Bobina Girante (Dados Brutos)

Arquivo..............: C:\Arq\Wiggler\Medidas Wiggler - Corretoras\Bobina Tungstenio\Gap23\Translado23_X=9_#030.dat
Data.................: 14/02/2005
Hora.................: 09:27:20
Ganho................: 5
N. de Coletas........: 1
N. de Voltas.........: 10
Intervalo de Análise.: 4 - 8

-15100
-19200
-15000
-19000
-14200
-14800
-15800
-13900
-15400
-11300
-12500
-8900
-14000
-5900
-11300
-8300
-9200
-3200
1200
-9800
4600
1400
3500
-2400
-300
-3300
-2800
-7900
-19700
-17100
-28400
-28000
-37500
-22200
-18500
-6900
1200
4500
13000
6200
11500
7400
16500
19300
25900
26500
26900
17400
10700
3800
-3900
-11300
-17700
-23700
-25800
-31100
-37500
-40600
-40000
-38500
-43400
-31100
-35000
-37900
-39500
-26100
-25500
-18800
-13100
-12900
-7600
-2600
4800
3700
29800
28800
29700
27300
37100
21600
17500
17700
-100
-8900
-13500
-24900
-52500
-48000
-67500
-79400
-87300
-82600
-89900
-82800
-57100
-53100
-34400
-21200
2800
-800
10000
2800
500
-7900
-14000
-9700
-19000
-12900
-27800
-20800
-25700
-27400
-31100
-25700
-22500
-27200
-27800
-27800
-22200
-26700
-23700
-26100
-18700
-20400
-24900
-17100
-19100
-19200

-20400
-14400
-17900
-16400
-16500
-11500
-14600
-16200
-10100
-14500
-8300
-14900
-9500
-7600
-8700
-8400
-6700
-2800
-4900
-2900
-500
4700
-900
4400
700
2400
-2700
-13800
-15700
-26100
-20500
-30500
-30300
-22600
-14200
-7200
-5000
4000
9200
13900
8200
16800
19400
21200
20800
20800
25600
17400
14800
4700
-2600
-6200
-20900
-20500
-28700
-32600
-40700
-35400
-35800
-40000
-42000
-38600
-35300
-39100
-23800
-31400
-23200
-26900
-15000
-17900
-1400
7100
1300
13500
19400
28000
18400
42400
29200
27000
20100
19600
-700
-9000
-10800
-36800
-42300
-51100
-62300
-85000
-80200
-86900
-89700
-79000
-62900
-53400
-38800
-7400
-7600
8800
2300
5200
-1000
-2100
-6100
-18500
-15100
-23500
-21700
-25200
-17000
-30200
-27600
-24400
-26000
-26400
-30500
-21900
-25400
-23900
-28200
-20600
-20800
-21800
-21900
-18700
-15400
-23200

-15600
-17800
-15500
-18300
-14700
-12200
-14700
-12300
-14100
-10400
-11300
-11500
-13400
-6100
-7500
-9500
-4600
-4800
-1000
-4900
1200
2100
2200
6600
-500
700
-5000
-9500
-17900
-19900
-27300
-26400
-31500
-21900
-13800
-12100
1000
900
14300
9500
10000
13400
17500
24200
20400
27400
20300
19600
10800
9400
-3100
-8000
-17400
-24800
-23600
-35500
-32900
-42800
-36300
-42900
-36400
-35000
-36200
-34800
-34500
-28600
-28300
-13700
-19200
-11800
-7600
2900
1800
14000
28500
20500
28200
30700
33100
21800
30000
12400
1600
-3700
-15700
-31900
-44800
-45800
-72600
-73600
-82200
-86600
-88700
-79300
-58100
-54700
-30500
-19800
-6100
6900
11900
3300
200
-4500
-16100
-10600
-16400
-14900
-27500
-22200
-22100
-28400
-26700
-26100
-20700
-28100
-28600
-27200
-20500
-26400
-23700
-22000
-20900
-20600
-23500
-15200
-20300
-18400

-18100
-15500
-16700
-15000
-14700
-14500
-10700
-16800
-11900
-12300
-8100
-14400
-11400
-4300
-8700
-6000
-7800
-1300
-4200
-1300
-800
2400
5500
800
3600
-2500
3300
-15400
-15400
-24700
-22600
-28100
-30500
-19900
-18200
-3800
-5000
3200
7000
16300
11100
15100
18900
20300
24400
20300
26400
18400
16500
3700
200
-9900
-16300
-22900
-30500
-31500
-37800
-34300
-38600
-36700
-41300
-39200
-35700
-31200
-30900
-31500
-21600
-23000
-19900
-12500
2700
-100
5100
16200
19900
19400
31900
36300
28400
28000
27400
10400
1800
-2100
-18100
-35400
-38000
-51400
-69800
-75500
-81600
-87800
-87200
-75000
-68100
-49500
-31500
-12500
-4700
6600
6900
-1200
8300
-4400
-10500
-16000
-13400
-21700
-25000
-20000
-21200
-26600
-27800
-23200
-29100
-22500
-29600
-23000
-23500
-23600
-24200
-23900
-17500
-22200
-20400
-20100
-14800
-20200

-16700
-16800
-15300
-15200
-18200
-10000
-14200
-14200
-15300
-8400
-9300
-14400
-10400
-5200
-5600
-11600
-3200
-4600
2300
-7000
2000
3500
3400
5900
-2800
4600
-4000
-8100
-19100
-20500
-24700
-28400
-26800
-25100
-10900
-11800
1100
1000
14600
9800
10300
16900
16600
26700
20900
25400
21000
19800
13800
8100
600
-9200
-17900
-22400
-24800
-33400
-35300
-38000
-39000
-38300
-37200
-33900
-35700
-35000
-33200
-30800
-20000
-19300
-18100
-12200
-2000
-3800
9100
18400
20800
22000
31100
32700
25400
35900
22500
13400
2700
1500
-21600
-30500
-37400
-52400
-69100
-73800
-80600
-93200
-80200
-81100
-59900
-52300
-29900
-19400
-4400
13400
6500
4100
-1800
-3200
-15800
-8500
-16400
-17500
-23900
-23100
-19800
-29400
-21800
-27200
-21500
-28000
-27800
-24900
-19700
-23600
-24900
-19100
-21600
-18600
-24300
-15600
-19500
-18100

-17400
-14500
-13300
-18700
-13700
-12300
-11400
-18500
-9600
-8700
-10600
-12300
-9600
-3400
-9900
-3900
-8400
-500
-1700
0
-200
3400
6800
800
4100
600
1700
-14600
-15400
-20400
-24000
-24300
-31500
-21200
-14900
-2100
-6300
4000
11700
14000
12500
14100
20700
21100
24000
22300
26300
21200
13600
8100
-1000
-4800
-18700
-20800
-29200
-32400
-33800
-35300
-35700
-41800
-37900
-40200
-31100
-32000
-30300
-29700
-25300
-21100
-19400
-4600
-5200
4100
5200
17000
15600
27700
34200
29300
32400
29000
27000
7600
12300
-8100
-18600
-29700
-35800
-52400
-67600
-71300
-86500
-84300
-86600
-76100
-68300
-42300
-32400
-15000
-1900
6500
7800
100
10700
-7500
-9300
-14900
-13900
-19800
-22500
-19100
-22700
-24000
-30400
-22300
-25100
-23400
-28800
-21200
-21200
-26400
-21900
-21600
-17300
-22700
-19600
-18400
-17100
-19000

-16000
-14100
-16900
-13300
-17400
-8100
-16000
-12600
-12300
-10300
-8700
-10600
-7900
-8600
-4500
-7200
-3600
-5100
500
-1600
-900
6800
3500
6600
-1500
4300
-1300
-10300
-15200
-22300
-20500
-29300
-27300
-25100
-11200
-8300
1100
4800
11900
15000
7100
17400
16900
28000
22100
23900
25000
20100
18000
6100
1000
-10100
-14700
-22700
-23800
-32200
-36400
-38600
-37900
-31800
-39500
-33400
-38200
-30700
-36100
-24600
-20800
-20300
-14500
-12900
-4100
-1700
14300
13800
22900
26300
31200
29400
33500
34900
17700
17600
6200
-3000
-21900
-24900
-40000
-54800
-61700
-76100
-83100
-89800
-76800
-83400
-61000
-49700
-32300
-16500
-500
13300
3700
7500
-1500
-4500
-12100
-6100
-14000
-19000
-22500
-23000
-18600
-28200
-23400
-26500
-20500
-27000
-26500
-22500
-21600
-21600
-25400
-20300
-21800
-17500
-21800
-15400
-17200
-17400

-15600
-15700
-12000
-16700
-11900
-13800
-9800
-14700
-12100
-9200
-8100
-9600
-13800
-1500
-8200
-5100
-6800
-700
2700
-3800
2100
2600
8300
800
4700
2100
-100
-11400
-16100
-16600
-24600
-25100
-32200
-18500
-15000
-6500
-500
4000
14700
12200
17300
12800
20200
21200
26700
23400
25500
23300
13000
9900
-1900
-3600
-18900
-20800
-28700
-28800
-34300
-37100
-34500
-39000
-37900
-39400
-29200
-32700
-30800
-29200
-22400
-21500
-17100
-5300
-4700
1900
6900
16700
20500
30100
31400
31600
33800
28700
23000
13000
10000
-7900
-14100
-27300
-41600
-50500
-66500
-72400
-86600
-81800
-84500
-80600
-61800
-43800
-30000
-17100
0
3800
10000
2200
6800
-6700
-9300
-12100
-16300
-15700
-24600
-18500
-22700
-23900
-29100
-22400
-23900
-22700
-28300
-24500
-18100
-25600
-22600
-22100
-16900
-20000
-21800
-16400
-15700
-17400

