
Curva de Excitacao - Bobina Girante (Dados Brutos)

Arquivo..............: C:\Arq\Wiggler\Medidas Wiggler - Corretoras\Bobina Tungstenio\Gap23\Translado23_X=18_#039.dat
Data.................: 14/02/2005
Hora.................: 09:43:00
Ganho................: 5
N. de Coletas........: 1
N. de Voltas.........: 10
Intervalo de Análise.: 4 - 8

-11200
-18200
-14400
-13800
-14900
-14100
-19800
-13800
-12700
-7300
-10800
-13600
-10500
-9300
-14100
-17300
-14800
-6900
-2000
-7900
-3400
600
-2000
-1800
-3600
11400
31100
55100
95300
132800
169600
189600
192500
177600
152500
107800
45800
-15300
-60700
-93200
-125600
-145300
-178400
-167100
-168800
-161900
-143900
-145400
-126400
-121300
-90300
-88900
-58100
-45800
-32500
-34600
-26400
-21600
-20500
-5400
-18200
-9100
-24300
-20500
-42100
-30200
-38400
-51800
-60200
-77700
-84600
-100700
-99400
-114600
-101000
-114600
-114200
-119700
-104400
-95600
-88500
-59300
-43900
12400
47900
94300
108000
164500
189400
209400
242800
270500
269200
226900
210000
134200
74400
7400
-29300
-71900
-72100
-77000
-88000
-78600
-77100
-80100
-79900
-64200
-69000
-66200
-49500
-50800
-45300
-38600
-28000
-34800
-30100
-24400
-23900
-26100
-24200
-23400
-20400
-14700
-19700
-18200
-18100
-18200

-18600
-18800
-12700
-14700
-14600
-10700
-13300
-16000
-11900
-11500
-13700
-11700
-13300
-7700
-14200
-10500
-12100
-9800
-8200
-9900
-300
-1800
2700
-1900
3900
10500
29700
50400
84900
134800
171600
205400
192400
181600
139800
98200
52300
-7000
-52600
-102000
-128100
-156000
-157800
-168100
-167500
-173400
-153600
-141500
-125200
-101800
-96000
-80600
-72400
-44400
-46200
-22900
-22500
-18000
-15000
-14100
-16600
-16600
-13400
-24300
-30300
-41500
-43800
-59700
-57200
-68900
-79400
-90300
-108200
-113300
-114000
-112900
-115500
-111600
-108300
-99000
-84400
-54700
-31800
9300
41400
72700
117900
168700
198800
211800
250100
260400
258200
238300
205200
129300
73200
12800
-38200
-62100
-69600
-85600
-86500
-74000
-78500
-82400
-76100
-63300
-73900
-57400
-51500
-51800
-46900
-37800
-30500
-33900
-27000
-27700
-21500
-25900
-19100
-25400
-18800
-18300
-21700
-17900
-17900
-14400

-19700
-12400
-18300
-14700
-17300
-9100
-13300
-14200
-8700
-14800
-9400
-16300
-8700
-12800
-9900
-12800
-9800
-8400
-8800
-5000
-7400
1400
-3900
4300
2300
15900
27500
48800
89000
129900
172500
195200
202600
185700
149700
92700
40500
-13300
-52100
-87300
-126600
-152100
-169300
-167900
-172300
-162200
-149900
-142800
-127600
-109900
-96800
-76200
-60800
-50700
-43500
-29600
-23500
-21400
-9500
-12200
-14700
-17100
-18400
-26700
-25500
-38400
-40600
-53900
-67500
-75300
-81200
-83400
-101900
-103700
-116100
-120200
-123000
-110200
-107900
-89200
-76500
-63900
-34900
3800
51300
74900
130800
154100
195300
210100
255400
260500
259100
247500
191700
144800
67500
17300
-52500
-49900
-76200
-84500
-79400
-74400
-82500
-82100
-66800
-75000
-69100
-62800
-44500
-57400
-40900
-34600
-35900
-30600
-30800
-22800
-26000
-19400
-25100
-22900
-21100
-15300
-20800
-18300
-14800
-21300

-13500
-18000
-10900
-16700
-12600
-13500
-13000
-12400
-12800
-10300
-11600
-10200
-15500
-8500
-12400
-10600
-9800
-9500
-5000
-9900
-2000
-2000
1200
-300
3400
16700
28400
51200
86800
132600
169400
198400
196300
182000
149700
101100
50900
-14200
-54800
-100400
-128800
-146900
-161300
-164000
-174400
-164100
-158100
-137300
-121700
-106700
-98500
-76800
-62100
-56700
-34300
-29400
-19700
-24300
-9900
-16900
-13400
-13400
-16200
-21100
-34100
-33400
-50100
-47000
-65800
-66500
-83900
-93500
-103600
-104600
-110000
-118100
-111900
-120800
-107100
-103600
-71200
-57500
-23800
8900
33000
77100
120500
169300
188700
226600
241800
265200
258800
245600
193900
135800
77800
3100
-31700
-59800
-72500
-90900
-72100
-76600
-84100
-75400
-74400
-69800
-70300
-54400
-55700
-49500
-42300
-35700
-33300
-30200
-27400
-29000
-22000
-23200
-22200
-22800
-15700
-17300
-23700
-15300
-16300
-16500

-17600
-14000
-14600
-15400
-15200
-10400
-10200
-15200
-11900
-12700
-8800
-14200
-9900
-7400
-12100
-10900
-12100
-6200
-9400
-5500
-4700
2200
-1200
500
5500
12400
32000
46900
92800
129000
173300
196900
199900
188700
143800
97800
39900
-6200
-53100
-87400
-130500
-152300
-167300
-169500
-161800
-164900
-150500
-146300
-118500
-115500
-94600
-74200
-62100
-50800
-41300
-27800
-27200
-14000
-13600
-11000
-14600
-12000
-22400
-20700
-27700
-37000
-40300
-57000
-62500
-74300
-78400
-91600
-98600
-106000
-115200
-119000
-112200
-113100
-106400
-90800
-83900
-63700
-30900
11900
43600
82400
122300
155400
190900
224400
248200
260900
265200
239400
193500
144100
72800
3700
-34200
-53800
-78500
-84500
-72900
-82100
-81000
-76100
-72700
-74100
-65200
-60500
-52600
-48000
-41400
-38200
-35200
-26000
-32200
-25200
-21000
-22800
-24000
-21500
-17100
-20800
-17900
-17400
-16700
-18700

-12900
-15400
-14300
-12000
-14400
-9800
-15300
-11200
-13700
-9000
-11300
-11200
-11100
-11000
-9300
-12600
-6000
-10600
-4800
-9800
-1100
-700
200
3900
1200
17600
26900
52700
85200
134900
171100
201000
197800
182800
150300
98200
51100
-14800
-52500
-98300
-124900
-145800
-163200
-166700
-171100
-166800
-154600
-136200
-123200
-110500
-93000
-76300
-66900
-49000
-36600
-30600
-22500
-16400
-16600
-11500
-12100
-12900
-20100
-19400
-32600
-37800
-39400
-52400
-62800
-72400
-80700
-94400
-96300
-108900
-110100
-115800
-113300
-119000
-108800
-89800
-78600
-50500
-29300
5900
33000
84900
124500
159700
198200
219800
246200
259000
270200
232000
199200
141100
71400
6000
-28600
-56800
-84000
-75400
-79400
-76300
-82200
-71400
-80000
-69300
-65700
-61200
-50500
-51700
-37500
-42900
-26900
-33400
-27100
-27200
-20500
-25200
-21600
-18300
-20400
-16800
-21200
-13800
-19400
-14000

-15000
-15400
-13600
-14200
-12500
-13400
-10700
-15400
-9100
-13900
-6800
-11700
-13200
-8100
-12200
-7400
-13600
-5100
-7000
-5400
-3900
1500
2500
-1400
6700
12400
33100
49700
91100
131000
170900
200400
198800
188900
143000
98500
43100
-6200
-50000
-92600
-129000
-154500
-162900
-166500
-164800
-166900
-152800
-140800
-125900
-109800
-92900
-73400
-65500
-47700
-41600
-28100
-21400
-18700
-12100
-11700
-12000
-18700
-12800
-22200
-29000
-37000
-44100
-53900
-63900
-67800
-83700
-86100
-100500
-107400
-118400
-111600
-115200
-110900
-103400
-101700
-81400
-58600
-22200
4100
47400
79700
120400
158900
199000
219200
242100
271100
258100
242400
196900
148400
61300
12000
-32500
-60200
-73400
-83600
-75900
-81400
-74800
-80100
-73100
-69300
-64600
-60100
-53800
-47600
-44800
-34400
-33900
-28600
-29400
-23300
-22500
-24900
-19100
-22600
-16800
-19800
-18200
-20100
-13300
-15800

-15700
-14700
-12200
-11700
-18000
-8300
-12800
-12200
-11900
-10700
-9900
-13400
-8400
-10100
-9100
-11900
-8600
-8800
-5700
-6200
-4500
3900
-2300
3900
1200
20200
28800
48300
92300
134100
174900
192500
201300
185400
153400
97800
45700
-15000
-54300
-87200
-125700
-144700
-169100
-164900
-172500
-164800
-150700
-137600
-122700
-111900
-92700
-79900
-57900
-52200
-35100
-31900
-20700
-21000
-12500
-9000
-14400
-11800
-18100
-21100
-33700
-31000
-43100
-51700
-60500
-73700
-82300
-90200
-95400
-106300
-109900
-117300
-119400
-117000
-100800
-90300
-78600
-56300
-34800
5200
42400
85100
121300
162500
197200
215900
248500
266600
263500
233100
199600
142400
70900
11900
-33300
-60600
-76000
-79000
-81600
-75400
-78800
-75500
-74800
-67900
-66400
-62900
-48900
-50600
-40100
-37800
-29900
-31800
-30000
-23200
-22300
-19000
-23400
-19900
-21500
-15300
-20400
-15200
-15700
-16500

