
Curva de Excitacao - Bobina Girante (Dados Brutos)

Arquivo..............: C:\Arq\Wiggler\Medidas Wiggler - Corretoras\Bobina Tungstenio\Gap23\Translado23_X=-15_#006.dat
Data.................: 14/02/2005
Hora.................: 08:28:25
Ganho................: 5
N. de Coletas........: 1
N. de Voltas.........: 10
Intervalo de Análise.: 4 - 8

42500
38300
33600
204000
17400
8300
-3000
-11300
-26100
-35600
-54200
-63000
-77800
-78400
-97300
-100400
-97300
-103800
-92900
-86200
-58300
-48300
-10900
11700
50400
76400
101700
106500
111700
120900
102700
102300
75000
62400
29300
9200
-2100
-19900
-26000
-39200
-36800
-37000
-38700
-38000
-26600
-28200
-25100
-22100
-19200
-17400
-18300
-12100
-18300
-11800
-12300
-17500
-13900
-11500
-13000
-17400
-13500
-15300
-16800
-17100
-14800
-17500
-18900
-15900
-23300
-20500
-204000
-23200
-25800
-21800
-20800
-32600
-24000
-26100
-35900
-34200
-25200
-34500
-43200
-31900
-33600
-39800
-31700
-14500
-23300
-5700
13200
14800
32500
42200
44700
16200
17600
-9900
-48700
-53900
-85100
-134500
-144200
-110400
-142300
-127200
-101900
-94100
-110900
-59300
-39000
-52200
-32900
-8700
-9100
-6400
25400
20700
21200
35500
43100
36100
50800
53100
41900
50600
51700
43200

38200
43700
30100
21000
16400
12200
-400
-16400
-24100
-2040
-46400
-65500
-69400
-83800
-98300
-101900
-99100
-93800
-96700
-80900
-70100
-39800
-15700
24800
45400
71100
96300
105600
127400
117800
109500
87900
75800
59100
37900
14000
-6100
-19700
-30800
-35800
-42000
-33800
-38100
-35000
-29700
-28600
-22600
-22800
-18100
-18100
-14800
-14600
-18600
-11800
-9100
-16400
-17000
-10200
-13200
-18200
-13700
-11100
-17500
-18900
-13400
-20900
-16800
-17900
-19400
-22600
-18400
-22400
-27000
-19100
-24600
-30000
-25800
-22300
-34800
-33900
-29000
-36000
-40500
-32700
-28700
-44700
-28200
-17300
-22900
-8500
15200
23800
25600
40900
29900
30100
20000
1200
-57100
-67000
-77700
-130800
-128300
-126300
-139300
-144200
-91100
-89300
-95500
-70000
-45800
-54900
-35500
-100
-8500
-1900
15100
24700
19100
38800
42100
39400
49200
47700
44700
47000
57300
39500

39300
41200
35100
21100
16800
10500
-7800
-11200
-26600
-33500
-53400
-63400
-75500
-80800
-92800
-99600
-98600
-106300
-94400
-82500
-56900
-44700
-13500
12100
46800
80900
101000
110800
110300
118100
105100
102200
77300
58700
32500
8000
-2600
-19900
-24500
-40100
-39600
-35700
-38700
-35700
-30500
-24000
-26100
-21700
-20900
-16700
-16300
-13300
-16700
-12900
-9100
-19500
-14900
-11100
-11600
-18300
-14600
-13100
-17500
-15900
-15800
-17000
-19700
-16600
-20000
-21900
-20700
-21800
-23100
-22700
-21700
-32800
-24900
-25700
-33600
-33700
-28100
-30300
-43600
-32200
-34900
-38600
-33400
-15900
-19500
-7700
11800
16300
32300
40600
44300
19000
12900
-8700
-46000
-53800
-86300
-130000
-146600
-113300
-136700
-126700
-106200
-94400
-103700
-62400
-37700
-47500
-32900
-13000
-7400
-6800
24000
24600
25200
33100
42200
39900
47100
54600
43900
51600
49700
42400

39400
42700
31200
21000
19900
8500
-300
-15800
-24100
-40800
-46300
-62500
-70700
-82300
-100000
-100100
-99400
-94300
-95600
-81800
-69700
-41700
-10900
22600
48000
68800
97100
105300
128900
120200
107800
88000
73900
64100
35300
15000
-4500
-20000
-32700
-34500
-38400
-34000
-37200
-36800
-28400
-29700
-22100
-23600
-15400
-16300
-17600
-12600
-19400
-11100
-11400
-13300
-14800
-12800
-13200
-15500
-14300
-13200
-14200
-17800
-14700
-20200
-16000
-17300
-20000
-19800
-20300
-19600
-27400
-19500
-23400
-30400
-27200
-21900
-30900
-34400
-29000
-34500
-37000
-36000
-28600
-41800
-30900
-19000
-19500
-2900
11100
25800
25500
36800
32000
30700
21800
-400
-51100
-72500
-79800
-125700
-126300
-130300
-139800
-142500
-93800
-86900
-91900
-67000
-52100
-48700
-35700
-1400
-6200
300
13600
23700
23400
37900
44600
39400
48100
48200
48000
47600
56900
41600

40700
40400
34500
25200
13800
11100
-4100
-10500
-23800
-35200
-50700
-65600
-73300
-81200
-87600
-102300
-98300
-107100
-93700
-81000
-53900
-41000
-17800
14100
47000
84900
102100
110200
110100
116500
108500
103700
80600
57100
31100
7600
1400
-17900
-23800
-37500
-40300
-33900
-40500
-31500
-31000
-24200
-24600
-20300
-19300
-16600
-14500
-13900
-14400
-13300
-9700
-18100
-12800
-10800
-10700
-15800
-16100
-10400
-17200
-16100
-15800
-15600
-17500
-17500
-20200
-19400
-18100
-23100
-21200
-22300
-19900
-32100
-24900
-26000
-33000
-28900
-28900
-29300
-43200
-34400
-31900
-37500
-30800
-16400
-16000
-7700
12000
15700
36800
39900
47000
19400
10600
-5600
-42200
-53800
-89000
-126300
-146300
-118200
-131100
-126300
-105800
-95800
-98300
-64600
-36800
-46200
-33500
-17000
-3100
-2900
20400
25500
26400
35400
39300
42700
47500
54000
45200
52700
50700
45800

39700
42700
34500
21400
19300
9800
1000
-16300
-24600
-36900
-46700
-59200
-72200
-81100
-100100
-99700
-99400
-92200
-92200
-81900
-67200
-42900
-9400
20900
50700
70500
95300
108400
126600
122200
107800
94500
71000
62000
37700
18000
-5700
-19400
-25900
-36600
-38400
-35600
-33900
-38000
-27200
-27500
-21900
-22400
-18000
-12700
-16800
-12000
-18100
-10300
-9100
-15600
-13600
-9600
-11800
-17600
-11900
-13200
-12800
-18600
-13200
-17700
-17500
-14200
-19600
-17700
-21700
-17200
-25700
-21200
-23500
-28100
-24400
-23700
-29900
-35100
-26700
-34900
-35500
-35600
-27500
-38700
-32300
-15800
-21200
-400
10400
28400
26800
36700
35400
32100
22100
-3900
-44500
-73200
-81000
-123500
-124100
-130100
-135200
-137300
-99600
-82900
-90000
-66700
-51900
-45000
-35700
-3700
-2700
2100
12000
26100
28200
34900
44600
43000
49500
46500
49000
52600
52700
44900

40300
43700
31800
25800
16000
11400
-5000
-8500
-22800
-33600
-49600
-66700
-70800
-83400
-87800
-100000
-98400
-103300
-93200
-79200
-57000
-37000
-16900
15800
45700
84100
101200
111600
115500
115500
111200
98100
82400
57200
34800
11000
-1100
-17200
-27300
-33900
-41400
-32200
-38600
-32300
-30800
-23000
-23100
-21600
-17000
-17400
-13000
-14700
-13300
-11900
-9100
-15500
-12800
-8900
-12000
-13600
-15500
-9800
-16800
-15300
-14800
-16800
-14400
-17700
-17700
-20100
-16400
-22500
-22000
-22200
-20300
-28800
-26000
-23600
-32200
-27600
-30200
-28300
-40700
-33200
-33100
-38100
-27600
-18600
-10400
-8600
11400
15800
37700
41300
45400
24500
10300
-3600
-42900
-50500
-92900
-122900
-144600
-119800
-130000
-123300
-105100
-97000
-92500
-69700
-37400
-43700
-30000
-16600
-3200
-400
17600
28500
27000
33400
37800
47900
47200
52100
49300
52500
51500
43400

43500
40100
34400
22200
21600
8600
1800
-11700
-25200
-36400
-48300
-58000
-72600
-81900
-97500
-99200
-99600
-92100
-90400
-83100
-64700
-43000
-6800
19800
52100
72100
95300
110500
127800
123400
107100
95400
72500
62800
37000
16300
-2800
-20300
-25700
-37700
-35000
-35100
-35400
-33700
-28000
-25800
-23000
-18900
-17600
-13300
-17800
-10600
-17300
-9800
-9600
-13100
-12000
-11500
-8800
-17000
-11300
-12600
-14400
-15900
-14000
-16400
-16500
-16200
-20500
-17900
-19200
-18100
-25900
-19900
-20200
-30300
-22500
-25500
-27600
-35500
-27600
-32600
-37800
-33900
-28100
-35800
-34300
-15400
-20200
500
8400
30300
29200
37000
35800
29200
24800
-5800
-41200
-73500
-85900
-119900
-123000
-130600
-136600
-133000
-101900
-84500
-89300
-65300
-53900
-41300
-33000
-8600
100
3900
12700
21500
31500
33600
41900
45000
50800
46500
47300
53200
52400
45300

