
Curva de Excitacao - Bobina Girante (Dados Brutos)

Arquivo..............: C:\Arq\Wiggler\Medidas Wiggler - Corretoras\Bobina Tungstenio\Gap23\Translado23_X=-10_#011.dat
Data.................: 14/02/2005
Hora.................: 08:44:04
Ganho................: 5
N. de Coletas........: 1
N. de Voltas.........: 10
Intervalo de Análise.: 4 - 8

-6000
-200
-11700
-11900
-11100
-12300
-14700
-20200
-26600
-28800
-19900
-18900
-7700
-1908900
-4500
14900
20100
31400
40900
44100
56900
55100
62400
45700
47300
28200
17100
-10700
-17800
-27700
-41200
-43700
-55000
-41300
-46100
-37100
-26200
-21700
-17500
-12900
-7000
-7600
-6000
-7700
-4400
-7900
-1700
-6400
-6500
-900
-7900
-6900
-8600
-3900
-9100
-9900
-8000
-8500
-6800
-13400
-12000
-14100
-8800
-14800
-16200
-12200
-13000
-16400
-18800
-10800
-18800
-17900
-19600
-17000
-20500
-22200
-19600
-24300
-24200
-25300
-26300
-27400
-26800
-30600
-29600
-29400
-31700
-30100
-34300
-33200
-50100
-46500
-46700
-58100
-53300
-39500
-32400
-33900
-10900
1700
8500
10900
21200
8100
-10800
900
-20600
-24400
-46400
-46600
-67000
-59300
-52600
-55600
-41600
-41900
-39700
-43400
-15700
-24100
-14900
-7900
600
-10600
-7000
6200
-2500
1400

-3200
500
-11500
-7000
-14900
-10900
-14700
-21800
-21300
-26500
-15900
-23600
-9900
-7800
1900
2500
22200
32900
40100
51000
53000
65600
53000
54900
37200
31300
14000
-4500
-15400
-30200
-36300
-51400
-50200
-46100
-41100
-40500
-27300
-19200
-17300
-9200
-11900
-6500
-7500
-1800
-7300
-5100
800
-8700
-5700
-4000
-4000
-10100
-7800
-2900
-7100
-10600
-9400
-5900
-10600
-9700
-13300
-9300
-11200
-14000
-14600
-14400
-11400
-18500
-14700
-16600
-15600
-19300
-15900
-18200
-21900
-20900
-20500
-21400
-26600
-21500
-28200
-26500
-25700
-30900
-24700
-33100
-26600
-36100
-30400
-37200
-42100
-47900
-46900
-56500
-55600
-34500
-37000
-24700
-16900
5900
900
11200
23400
10500
6900
-8500
-15400
-48300
-37100
-50000
-50600
-56300
-55500
-55700
-53700
-36100
-44000
-23700
-24300
-17500
-25600
-4100
-3000
-8600
500
1600
3400
-9800

3000
-4200
-1900
-11300
-8500
-15600
-20800
-18600
-20300
-16700
-25600
-16900
-19100
-5800
-2000
11600
21500
31200
42300
45400
57400
58000
58100
48900
44800
31900
13800
-5400
-19900
-26900
-41400
-45500
-52100
-46800
-39100
-40600
-24400
-23500
-13200
-14900
-9600
-3000
-6300
-3900
-8100
-2500
-4600
-5500
-7100
-1700
-4400
-7600
-7300
-5600
-4400
-11700
-7300
-8600
-7200
-11800
-12600
-8100
-12200
-12400
-15400
-12600
-14500
-13200
-16300
-16500
-15800
-17300
-16800
-19900
-16700
-23700
-18600
-25200
-22000
-24700
-26700
-23700
-29700
-28700
-31100
-27300
-34600
-26500
-32200
-33900
-45700
-50100
-44300
-59800
-46200
-44000
-30500
-31700
-9000
2100
7500
16600
15100
13100
-7800
1100
-22700
-24000
-46100
-48200
-61200
-56400
-54500
-58400
-36700
-44800
-41200
-35200
-16700
-22500
-15800
-4100
-6700
-7700
-2900
5900
-4300
2100

-1000
-2100
-8800
-8500
-10800
-12500
-14300
-23100
-21100
-23900
-19200
-19300
-12100
-5400
-1200
9500
19200
31300
42500
50600
55300
62400
58800
49400
42300
27500
16100
-5500
-14600
-27400
-41700
-46700
-51000
-43600
-45500
-36900
-27200
-20600
-14100
-12400
-7300
-8800
-1000
-6500
-6000
-4900
-900
-6800
-4500
-1500
-8200
-3500
-7800
-4100
-7600
-6500
-9200
-11200
-5000
-9700
-12700
-11700
-6200
-15600
-14100
-13100
-10100
-16900
-16700
-12100
-18600
-15400
-18200
-14900
-21000
-20400
-19800
-22700
-20900
-26400
-24400
-27200
-24500
-32200
-26100
-29900
-31900
-30400
-29100
-32000
-48400
-42500
-49000
-55100
-55500
-34300
-36800
-25200
-8600
-400
5200
11700
24500
8200
7100
-5900
-21200
-40900
-39100
-47200
-54200
-50100
-57900
-57200
-48000
-38200
-43800
-27300
-15000
-22300
-20300
-5200
-2700
-8400
2300
3200
-1000
-1900

-400
-2100
-5500
-5500
-13100
-14900
-16100
-20000
-21800
-17700
-17900
-22000
-13700
-5800
1600
8600
22000
35000
40600
50600
55100
61300
55100
54400
43100
32300
15600
-6500
-14200
-30600
-34600
-51200
-47600
-46500
-41900
-38600
-24600
-18500
-18600
-7900
-12100
-3500
-6600
-2500
-7700
-3500
1800
-9700
-3700
-1900
-2000
-9900
-5400
-4300
-6400
-8500
-7800
-7300
-8500
-8000
-16100
-8900
-8900
-10800
-15300
-12000
-9100
-18100
-13800
-13700
-16400
-19000
-15000
-18000
-19900
-18500
-19000
-22300
-24800
-20800
-28500
-23000
-28500
-29900
-27000
-28600
-29400
-32300
-27100
-37100
-43800
-47900
-44900
-56900
-48000
-38900
-36600
-25000
-12800
4400
6200
19200
17600
7200
1800
-4600
-17400
-28700
-38100
-53900
-58000
-54700
-54500
-55800
-40100
-39100
-43500
-31100
-20500
-19300
-15400
-4600
-1800
-8200
-1700
1800
1500
-1900

-100
-1000
-5300
-9900
-11000
-10000
-16100
-18400
-22500
-18700
-22800
-16400
-13600
-4900
1700
8500
22400
30800
44400
47600
58700
61000
59900
49300
40500
31200
13100
0
-18600
-25400
-40200
-44900
-50900
-44800
-39900
-39700
-25200
-22600
-9600
-12000
-8400
-4700
-2100
-5100
-7100
1400
-3500
-6400
-6100
300
-6300
-5200
-6000
-5100
-2300
-10500
-6800
-8700
-5600
-11900
-9300
-9600
-9700
-11100
-13800
-11700
-14700
-11400
-16400
-13100
-15200
-15500
-17700
-18700
-15000
-22100
-18400
-22300
-19400
-25100
-26700
-20900
-28100
-28500
-27500
-25000
-35700
-26700
-31800
-33000
-44800
-43300
-45800
-60700
-43700
-41200
-33700
-26600
-9000
-2700
6900
18500
18900
13500
3900
-3400
-25800
-28900
-42300
-53000
-51100
-51100
-54600
-58500
-39700
-43900
-41000
-27000
-18500
-22500
-17000
-2900
-6600
-3900
-200
5000
-1700
500

-2400
-3200
-3700
-7000
-8900
-14600
-14700
-22300
-17900
-20400
-17600
-19700
-15300
-5700
-1800
14900
19100
35900
41900
52200
52200
60600
63000
49900
46600
29200
18400
-8400
-12800
-27900
-38500
-43500
-51200
-42800
-42600
-31800
-30000
-20900
-11700
-10100
-11800
-4600
200
-7200
-3500
-3600
-1300
-8800
-1900
-1300
-6500
-2300
-7200
-3300
-6600
-5000
-9500
-6900
-6100
-9600
-12600
-9300
-6700
-14000
-13100
-11700
-11200
-13500
-14600
-14800
-17300
-12300
-19200
-17000
-18600
-17900
-21600
-20800
-19300
-26200
-23600
-23200
-25700
-33900
-23000
-29800
-30500
-30300
-27600
-35300
-46900
-41700
-51400
-53800
-49600
-37700
-38100
-22600
-7800
-200
11400
15100
21300
4600
5500
-6700
-19200
-28300
-40400
-50900
-57400
-47500
-61000
-52400
-43100
-39200
-41300
-28700
-20300
-24000
-9600
-5200
-3100
-9900
2300
2400
1600
800

-2000
-1000
-6300
-3800
-14900
-9600
-14000
-17800
-23600
-19300
-17800
-20800
-8900
-6500
2300
5700
23600
31500
44200
52700
57800
64400
55700
54500
38200
33200
15500
-1500
-16100
-27100
-35600
-47700
-45900
-47500
-39500
-38100
-25700
-23100
-11100
-6700
-12100
-3100
-4600
-2400
-7400
-800
-1500
-5900
-2200
-3000
-3500
-6800
-2200
-5900
-4200
-6800
-9600
-7200
-7500
-7100
-14600
-6600
-10600
-11400
-14300
-10300
-11100
-16300
-11100
-16400
-14100
-17400
-15600
-17900
-17000
-19600
-19400
-19800
-22400
-22000
-28800
-20400
-29000
-28800
-26300
-27700
-29000
-31400
-25200
-37700
-42100
-46600
-45200
-59600
-44700
-39200
-34900
-21400
-14200
2800
5200
21500
15900
14300
4300
-5300
-20800
-33200
-37500
-55500
-49300
-54300
-53400
-58900
-40900
-40800
-41100
-24500
-21700
-17800
-19500
-2900
-6400
-3600
-500
4600
2700
-3600

