
Curva de Excitacao - Bobina Girante (Dados Brutos)

Arquivo..............: C:\Arq\Wiggler\Medidas Wiggler - Corretoras\Bobina Tungstenio\Gap23\Translado23_X=-9_#012.dat
Data.................: 14/02/2005
Hora.................: 08:45:45
Ganho................: 5
N. de Coletas........: 1
N. de Voltas.........: 10
Intervalo de Análise.: 4 - 8

-18000
2400
-10400
-12500
-12700
-8800
-10400
-16800
-12700
-21600
-3900
-10200
4500
3300
14300
20700
25000
36400
43000
51200
44000
54700
33000
27100
10600
2700
-5300
-27900
-31200
-44100
-42800
-48600
-45600
-34500
-25400
-20900
-19800
-6400
-5200
-6600
-7200
-1200
-5500
-2000
-1800
-6200
4200
-4000
-4200
-8200
-800
-4900
-9000
-3400
-2800
-8500
-11100
-5300
-10300
-7900
-11700
-10900
-9400
-11800
-12400
-16300
-10000
-14700
-15300
-17700
-13500
-14700
-17800
-14500
-19000
-21000
-21200
-17800
-24800
-22700
-23300
-23800
-24700
-28300
-27500
-37300
-25900
-31600
-30500
-25900
-27300
-35600
-41400
-45400
-63900
-49100
-43800
-36900
-42900
-13300
-9300
-12300
9500
9900
10800
-5900
6300
-23100
-27300
-29600
-30800
-46000
-42300
-38500
-57600
-34100
-41000
-29000
-33700
-12300
-22000
-18400
-5600
-9900
-11200
-6500
2800
-13800

-2600
-5100
-4300
-11300
-13200
-10300
-16500
-11900
-17500
-8100
-11600
-4000
-6500
9100
14400
21500
30000
36800
47400
42000
47500
44000
42000
27000
16500
5000
-12000
-23400
-36300
-41400
-45800
-45300
-47200
-34800
-23300
-23200
-12600
-12400
-4500
-6300
-2800
-2600
-5000
1600
-6300
-4500
-2400
100
-6800
-2700
-2300
-4900
-7100
-6400
-1900
-9900
-6800
-8100
-5100
-10200
-12200
-9900
-10800
-9600
-16200
-10900
-12700
-13300
-17700
-12000
-14400
-16900
-16600
-17700
-13800
-21400
-16400
-22500
-22400
-20900
-26100
-22200
-28900
-23300
-32100
-28300
-30700
-27000
-33100
-24800
-30000
-40400
-31600
-51200
-49800
-57300
-40400
-46700
-33700
-15800
-10200
-6600
4700
14700
-5900
8800
-3700
-8100
-31600
-26800
-39200
-48700
-37900
-47900
-40200
-43700
-32000
-44400
-21800
-19000
-20900
-17100
-5400
-7500
-16600
-200
-4100
-5500

-10600
1300
-8300
-11100
-10000
-13200
-10800
-18200
-11800
-15200
-5800
-9200
-800
8300
15900
20100
28400
39000
41900
46700
46700
47800
39600
26900
15400
2100
-6200
-27300
-34000
-41500
-43700
-44500
-47500
-31700
-26200
-21200
-17200
-7500
-5700
-5000
-2400
-5800
-400
-2000
-2200
-8000
2100
-2800
-4600
-2400
-3200
-3500
-10700
-200
-6000
-8400
-8500
-6300
-6800
-9000
-8700
-11400
-7300
-12000
-14400
-14800
-10400
-13000
-16000
-14300
-14800
-13800
-17800
-15700
-18400
-18200
-17500
-19800
-20500
-22400
-22200
-27900
-22900
-30200
-25500
-32900
-25500
-31000
-30600
-21400
-33300
-33800
-40500
-45300
-61500
-48600
-42500
-40300
-36800
-17400
-8600
-9700
12600
7900
6900
-2200
3500
-17900
-23300
-26300
-37800
-42500
-45800
-43300
-49300
-33500
-40600
-33300
-27500
-16600
-23300
-17000
-2300
-12300
-9300
-3900
800
-10600

-2800
-3100
-7300
-10100
-11600
-11800
-15000
-12500
-14000
-11300
-9500
-5600
-1600
6500
14600
21000
29200
40000
45400
46800
44000
46400
37900
31800
13900
6000
-10700
-26600
-33300
-42600
-40900
-47500
-43900
-36300
-21000
-22800
-13800
-9400
-5500
-2800
-7300
-200
-5000
1300
-6300
-2300
-1300
-4100
-2100
-4700
-400
-6700
-6300
-4900
-2400
-8900
-6500
-5900
-8500
-8300
-12200
-8300
-10800
-9500
-12500
-12900
-10200
-12700
-14100
-17900
-11900
-16700
-15400
-18400
-13200
-20000
-19200
-19200
-21100
-20400
-26500
-21400
-29200
-26400
-28100
-30000
-27100
-31800
-28000
-27700
-28400
-40100
-35000
-49700
-52900
-52300
-43300
-41600
-36800
-12200
-13800
-3400
4000
12300
2000
6800
-900
-12400
-26700
-29000
-38300
-43500
-38600
-48100
-43100
-38400
-37000
-35700
-24700
-18100
-21900
-14400
-8900
-10100
-9400
-1400
-700
-6100

-4200
-4900
-6800
-10400
-10800
-11300
-11600
-14000
-16000
-11200
-9700
-4200
-2300
7900
15700
21700
29600
37000
49200
45300
49500
45000
41600
25600
15500
4800
-8600
-22300
-35600
-38400
-47000
-40200
-46100
-34400
-25000
-22000
-12200
-12800
600
-7100
-1200
-6200
-1200
-1600
-4600
-2400
-700
1800
-8000
-600
-3900
-2000
-8300
-4900
-1800
-8300
-5200
-9500
-2400
-10700
-9100
-10400
-7700
-10700
-13300
-10600
-12100
-12500
-16800
-12200
-15400
-15400
-17400
-14300
-14600
-21300
-17000
-21600
-20200
-23600
-22300
-22200
-25300
-26100
-28400
-29300
-32400
-24500
-30500
-20700
-33800
-31500
-38700
-50100
-55900
-51600
-41000
-44000
-32700
-20500
-8900
-4700
10800
9200
6500
4800
-5300
-13100
-23800
-26500
-38800
-40200
-43600
-47500
-42000
-37000
-37800
-34400
-23300
-20500
-22500
-13200
-5900
-9000
-9800
-700
-3900
-4800

-6700
-3300
-5800
-9300
-11600
-13100
-8100
-15200
-12800
-11600
-7200
-8700
-600
9300
14900
24200
28200
42900
42100
50000
44300
47200
39600
30700
16700
3200
-5600
-27600
-28800
-44100
-39200
-48100
-43800
-33500
-25300
-16700
-16500
-7700
-6900
-800
-6800
-600
-1900
1300
-3700
-5300
4000
-5200
-2400
-3900
-800
-3400
-5400
-3500
-5100
-3100
-8500
-6200
-7400
-6400
-12700
-9900
-6600
-11700
-12900
-13000
-8800
-15400
-13700
-14600
-14100
-13000
-16900
-14500
-17900
-16100
-20500
-18700
-21600
-19000
-24700
-23600
-23800
-29000
-24000
-32200
-25600
-30100
-26100
-28500
-31300
-32400
-36600
-46800
-56700
-47900
-47400
-39400
-34400
-15400
-9900
-3500
8100
4400
10200
4000
1200
-12800
-24200
-33200
-39100
-36000
-42200
-45300
-42500
-35400
-39600
-33700
-22600
-20000
-20500
-13500
-5100
-13700
-5800
-3200
-500
-8700

-4700
-2300
-7100
-8300
-11700
-8300
-13600
-10900
-18200
-8500
-7700
-4600
-1600
6800
18700
19900
34200
34400
47400
45200
51100
48500
40200
29300
11600
7300
-11300
-20000
-37500
-38500
-43400
-44100
-45000
-35400
-21700
-23400
-11200
-11300
-1700
-5200
-3300
1000
-4400
2700
-4800
-900
-600
-1500
-3800
-1900
-1900
-3700
-3200
-4500
-800
-9100
-5100
-8500
-4500
-7700
-10300
-9100
-10400
-7200
-13600
-11600
-12100
-8400
-16100
-15000
-11200
-14600
-16300
-17400
-10800
-20600
-16600
-19000
-19500
-21100
-25600
-18900
-27700
-23900
-28100
-25300
-32000
-27500
-26500
-25700
-27700
-38000
-34200
-53400
-49600
-53200
-41500
-40800
-32700
-18700
-13600
1600
8800
14500
5100
3600
-6600
-12700
-20700
-29400
-31300
-44100
-42200
-53100
-36400
-36900
-37100
-33900
-24600
-18200
-24500
-9100
-10000
-6500
-10600
-1600
-4600
-2200

-4500
-3500
-3200
-11100
-9400
-13600
-7500
-14400
-13600
-10500
-7800
-5300
-2700
11000
13000
27600
25400
43500
46600
48800
45500
46200
45700
25900
19900
2100
-7300
-28400
-29700
-40600
-43900
-42900
-45600
-29700
-27700
-16000
-15400
-8100
-2300
-4800
-3400
-3500
1800
-2800
-800
-2600
500
-2200
-2200
-900
-3200
200
-7600
-2800
-4800
-3300
-8900
-6800
-3500
-9100
-10500
-9900
-7100
-11400
-10900
-12500
-10300
-10700
-14800
-12900
-14600
-10300
-19700
-14000
-16500
-17900
-19100
-18800
-16500
-24500
-20400
-22800
-24100
-31600
-24900
-28600
-29400
-27000
-29100
-24200
-34900
-28400
-39200
-47400
-54900
-50400
-44400
-41900
-29800
-21800
-4300
-4200
8000
4000
11900
7000
-2700
-9100
-26100
-29900
-41000
-31600
-46800
-45200
-40300
-35100
-38700
-35300
-20400
-24200
-18000
-15600
-4600
-11700
-4200
-2900
-2400
-3900

