
Curva de Excitacao - Bobina Girante (Dados Brutos)

Arquivo..............: C:\Arq\Wiggler\Medidas Wiggler - Corretoras\Bobina Tungstenio\Gap23\Translado23_X=-16_#005.dat
Data.................: 14/02/2005
Hora.................: 08:26:30
Ganho................: 5
N. de Coletas........: 1
N. de Voltas.........: 10
Intervalo de Análise.: 4 - 8

49100
54500
45900
36800
27700
19800
10900
-2300
-16900
-30600
-41000
-62200
-72900
-81300
-103800
-115300
-114700
-122800
-126100
-117100
-107200
-96400
-69300
-38700
2600
33300
73900
83500
111100
123500
128800
125600
111000
97000
65600
52300
27400
11500
-6100
-12600
-30000
-27400
-35600
-36600
-28200
-33700
-25000
-29900
-21000
-22400
-17900
-15400
-21400
-13900
-13400
-16200
-20600
-7800
-15000
-17300
-18500
-12000
-19100
-19500
-12100
-21200
-16300
-20100
-18400
-24800
-17800
-23100
-28400
-21900
-22300
-31000
-29700
-18800
-38600
-32500
-28900
-30000
-39600
-26300
-17300
-31900
-13500
1000
2900
9100
37500
29300
37300
33600
17600
-18900
-25000
-43700
-114200
-117200
-137000
-164900
-164900
-113300
-124000
-125500
-86500
-76600
-84600
-53400
-20600
-35000
-19300
10200
8800
12500
32900
38900
33600
51700
54100
51600
63600
65500
55200
59900
70600
51900

52000
54600
46300
32200
30400
22700
9700
-500
-19000
-28200
-42800
-61100
-73000
-82500
-101000
-114800
-115200
-124100
-125300
-122000
-106400
-90000
-65800
-33900
-11700
31000
61700
97500
119100
134300
125800
112800
106200
92900
80300
49400
34700
5800
-2400
-19100
-28700
-27300
-32500
-31800
-35200
-26800
-29400
-23300
-24000
-18800
-19200
-15400
-20700
-15600
-7800
-21000
-15400
-13600
-11000
-21800
-14700
-11000
-18200
-18100
-17100
-18900
-20600
-14600
-22100
-22300
-20100
-20200
-26800
-24100
-19000
-34200
-26000
-24600
-29300
-37700
-25900
-29100
-39200
-27100
-22000
-25700
-19100
7400
-1200
17700
28900
36000
31800
36800
19100
-12900
-21300
-60300
-115500
-124800
-115700
-157200
-157000
-129400
-130900
-128100
-85700
-68000
-80000
-51700
-26900
-34500
-20900
9700
13900
11000
34300
36900
38900
49400
55700
51300
60800
66000
56000
62300
67100
55500

49100
55000
46800
37300
30700
19700
9000
-1700
-16100
-28300
-40500
-59900
-74100
-82500
-103000
-110700
-118200
-121700
-124900
-118000
-107400
-93200
-67400
-41800
-400
33400
75300
88600
111500
125000
127900
126600
107100
100900
66200
51400
26800
14500
-4700
-17600
-29800
-28700
-30900
-36800
-28800
-30200
-23300
-30400
-22000
-18900
-18900
-12800
-21800
-12700
-13500
-15400
-20600
-11500
-12800
-15500
-17400
-13600
-15100
-20000
-13500
-20500
-16700
-19900
-19800
-22500
-19100
-19200
-30000
-20400
-23600
-30700
-30100
-19800
-32700
-33400
-27800
-27800
-37500
-33000
-17800
-29000
-16200
400
8700
14400
30400
35800
32200
35000
16500
-11600
-28200
-46700
-109000
-119900
-136200
-157800
-161800
-123000
-121700
-121700
-89700
-79100
-79500
-52600
-21600
-27100
-18900
5600
8400
14100
31000
40700
38100
50900
57200
50400
62700
63000
60200
59600
67500
55400

52400
53900
46300
36400
27600
23700
9100
-400
-16600
-29100
-42000
-60000
-70500
-84400
-98600
-115400
-115300
-124600
-125100
-119300
-107700
-87700
-67200
-31600
-8000
31600
61500
94500
121100
131100
132400
116400
108800
88500
78600
50800
35800
7100
-2900
-17000
-28700
-26300
-33800
-28800
-35400
-27800
-29900
-23100
-20900
-19600
-17900
-15600
-18900
-17700
-8700
-16100
-15300
-13700
-11200
-16500
-18700
-9100
-15800
-15000
-18500
-15900
-20000
-16800
-20100
-20600
-18200
-22200
-24500
-24800
-19400
-31900
-26400
-25100
-29900
-33200
-29100
-27500
-38200
-27900
-22500
-21700
-18400
3600
5100
13200
30000
36400
39200
31100
19100
-11800
-25100
-54900
-106000
-127400
-128400
-153200
-153600
-127600
-128800
-121400
-92000
-68800
-73800
-52100
-29100
-29800
-18400
4900
17900
13700
31300
37200
40900
49500
55500
56500
60000
64800
57400
63600
67700
56500

51200
53400
49100
35900
31000
19600
11400
-3900
-13400
-26600
-39200
-58800
-74400
-82000
-101900
-110500
-116500
-120700
-124900
-118300
-103800
-91900
-64200
-41700
600
32100
73200
94800
113700
125100
122900
130300
108300
102500
68600
51900
28100
12600
0
-17300
-25200
-29800
-31000
-35700
-30100
-29300
-22400
-25500
-21200
-18500
-19600
-13300
-20700
-11900
-12200
-16000
-17200
-11900
-8900
-18300
-15900
-12700
-15200
-20100
-10900
-17200
-18200
-17900
-19100
-19600
-21600
-18700
-27000
-21400
-20900
-27800
-27600
-25500
-27500
-33500
-26900
-29100
-31700
-31700
-18000
-26400
-18100
2200
10100
19400
27500
37400
33800
33400
19600
-9500
-30100
-51600
-100500
-119900
-134600
-159200
-158400
-126000
-114700
-117800
-94000
-76400
-77800
-53100
-25600
-20100
-16900
3600
10600
14100
28000
42500
44500
48000
56500
54600
62900
61900
59700
63500
65300
58100

51400
56000
45800
38100
28000
23700
11700
-100
-15300
-29400
-40700
-59300
-68900
-85300
-96700
-114600
-117500
-121900
-123500
-116500
-108200
-86200
-69000
-29600
-5600
33100
63000
93200
121900
130300
135800
116400
107100
91000
78300
51800
34300
11800
-3500
-15100
-31700
-23300
-34500
-32400
-32200
-25700
-25200
-27700
-17400
-19200
-17500
-19500
-14400
-15700
-8900
-15700
-13300
-11700
-12900
-14600
-18400
-10400
-16300
-14500
-16500
-15700
-18500
-16300
-18300
-22800
-17900
-20500
-22900
-24700
-19000
-28000
-27500
-23400
-29700
-30400
-29900
-22600
-36700
-30100
-19700
-20900
-17400
700
9100
15400
33100
36600
37900
27700
24800
-7500
-29000
-54400
-103000
-126500
-133300
-145500
-151300
-132000
-128900
-122900
-92600
-68800
-67800
-56500
-29500
-25900
-19400
2700
17600
17800
27100
40900
40800
50400
53200
60000
59800
64200
59800
65600
65800
58500

54000
51800
48900
36000
31600
18900
10900
1100
-14800
-26000
-40600
-55400
-75400
-83700
-99600
-111100
-116500
-120400
-121500
-120200
-102900
-92000
-65300
-40500
-2000
34600
71100
98400
112700
128300
124100
127800
108500
101300
73000
53400
29900
10300
400
-18400
-25300
-29800
-29000
-34000
-30500
-27400
-24900
-23300
-21800
-18100
-20700
-12200
-17900
-12900
-12500
-14500
-13300
-14300
-8900
-16300
-15400
-13900
-12600
-18400
-15400
-15400
-16800
-17400
-21200
-18200
-20100
-17800
-25200
-20500
-22800
-28600
-26700
-25200
-25700
-35000
-27800
-26800
-32500
-32000
-21300
-22000
-18600
3100
7700
19000
25400
39900
35300
30400
21700
-7800
-27900
-56100
-94900
-123400
-137200
-153700
-156300
-131300
-117800
-114200
-95600
-73100
-74600
-56200
-29000
-19800
-16300
-100
15300
17500
28800
38300
47300
46400
55000
55900
62400
63200
61100
62900
65700
60700

50500
55600
46500
39000
27700
24200
13400
-1800
-13800
-30900
-37600
-60300
-69500
-84100
-98000
-113200
-118900
-117300
-124600
-114300
-110400
-86300
-67000
-32400
-3000
31300
66700
92300
124000
125600
134900
118500
108400
91800
76000
57000
30400
13500
-5400
-12400
-30600
-26100
-31900
-29200
-32700
-30300
-22700
-26600
-19400
-20300
-15200
-16000
-17000
-14100
-9700
-12400
-17200
-11600
-13600
-14700
-17900
-9300
-14600
-18300
-15000
-15600
-16600
-20300
-16300
-21300
-18700
-20800
-23800
-22300
-20600
-26000
-28600
-23300
-28900
-29700
-31100
-26000
-34700
-30600
-18000
-22900
-14500
-3100
9800
14900
29800
38300
38200
30400
20900
-1300
-31100
-55800
-103400
-126700
-136900
-141400
-151000
-135300
-122900
-121600
-93100
-73600
-64300
-55700
-31000
-24000
-18500
1200
19200
22000
25500
40600
42700
50700
51200
59900
61800
62800
62000
61600
68000
55400

