
Curva de Excitacao - Bobina Girante (Dados Brutos)

Arquivo..............: C:\Arq\Wiggler\Medidas Wiggler - Corretoras\Bobina Tungstenio\Gap23\Translado23_X=11_#032.dat
Data.................: 14/02/2005
Hora.................: 09:30:31
Ganho................: 5
N. de Coletas........: 1
N. de Voltas.........: 10
Intervalo de Análise.: 4 - 8

-16000
-21800
-14600
-11500
-15300
-12100
-13100
-10500
-14700
-9800
-10800
-7900
-9200
-6200
-6300
-5300
-3200
-6200
4200
-7000
-200
-6500
-5000
-8800
-16600
-15900
-26600
-26100
-28500
-22400
-19400
-6200
-5300
5400
9800
9300
15000
5200
18100
23600
38300
40600
46800
52600
49000
36600
20800
10600
-3200
-12100
-27200
-31600
-45500
-51400
-57000
-52200
-48600
-49200
-50700
-51900
-54600
-51800
-42100
-38400
-39000
-42100
-36700
-39900
-29100
-19100
-9200
-11500
-1400
2200
11600
28300
44400
53200
54400
71700
61200
68000
53200
47500
22000
15000
-7200
-20800
-33700
-42200
-58900
-72500
-74900
-97800
-93600
-100100
-84100
-78900
-63500
-47900
-35100
-14600
-4500
3000
-6900
-1000
-14000
-4900
-12500
-15100
-14400
-19500
-19400
-28100
-16800
-21800
-20600
-26600
-19100
-23300
-22400
-23000
-20800
-13800
-22300
-17700
-19800
-13700

-19100
-16100
-13200
-15200
-14500
-14900
-8200
-14700
-9100
-12900
-8800
-8600
-8000
-5800
-6700
-100
-6400
-4500
-4700
1800
-2700
-1600
-5600
-9000
-15700
-21900
-20300
-28100
-24200
-28500
-15100
-5200
-4400
5800
7100
14700
9200
11300
16400
27100
32500
41300
49300
50300
49100
35800
29300
14900
-1900
-18900
-33600
-34600
-43000
-40800
-50700
-53700
-57900
-57200
-50100
-47300
-42200
-51100
-43500
-50600
-41300
-39600
-29200
-31700
-29000
-23600
-25200
-6600
-1800
15500
10900
31700
34600
49300
61000
66900
67400
60200
66100
37900
32200
8400
-4200
-24600
-30500
-41500
-60900
-66100
-81700
-91300
-102800
-92800
-94900
-74300
-62400
-38700
-26800
-20000
-7600
-9500
6200
-3900
-3200
-10300
-8900
-20000
-15400
-14900
-20300
-20300
-23200
-16900
-28800
-22200
-21500
-19000
-20100
-23800
-19000
-18500
-19100
-21000
-16700
-16100

-16400
-19800
-13100
-12100
-15400
-11200
-15300
-10300
-12600
-10400
-8200
-6400
-8800
-9100
-4800
-4700
-1900
-4800
2100
-3500
-2700
-4800
-6700
-5100
-17200
-17900
-24700
-23700
-26700
-24600
-17400
-9300
-1900
3000
12100
11900
12600
7100
18100
27000
33100
43700
45300
58700
45700
36800
21800
10500
500
-11300
-21800
-39300
-44000
-55300
-48900
-51800
-45700
-54100
-53000
-51900
-53300
-43600
-43500
-35200
-47600
-36800
-42300
-30700
-26300
-18100
-14700
-15300
-300
1400
23000
29600
43400
44900
63100
63700
64800
67300
56200
46000
25900
17800
-11900
-19200
-33300
-44800
-56800
-69500
-76800
-98300
-94800
-96000
-86300
-78700
-67600
-46800
-30100
-11500
-7600
600
-5100
-2400
-9700
-4700
-11500
-15700
-14100
-20200
-19500
-22700
-17200
-21500
-21500
-24300
-21900
-19600
-21200
-21000
-21400
-14400
-22000
-19900
-17700
-14700

-14100
-18100
-12400
-16900
-11800
-14300
-11400
-12200
-9800
-12500
-9200
-6200
-10600
-3100
-5900
-2000
-8600
-2400
500
-1500
800
-6000
-3800
-11700
-11800
-21400
-19700
-26300
-24800
-26000
-18600
-4700
-6000
9200
5600
15100
11300
10100
16700
26800
38500
38300
48600
50500
51200
35900
31600
11100
-3000
-18200
-31700
-30400
-38800
-45100
-56000
-54500
-57000
-52200
-48800
-44600
-49100
-51700
-46400
-43700
-37300
-37000
-32100
-33200
-29600
-26800
-17700
-4500
400
7400
16500
28700
37000
53100
60600
63400
67700
67700
55500
42400
32900
12100
-8100
-18200
-33000
-43100
-57300
-66500
-82700
-92300
-98800
-99400
-86600
-73700
-59900
-46000
-26300
-24200
-5000
-2700
3100
-2600
-5600
-5800
-15500
-13000
-16500
-13400
-22200
-20900
-23800
-17400
-21900
-24200
-19200
-19100
-17800
-28200
-16900
-16900
-18300
-20200
-15800
-14300

-18000
-14000
-14500
-10600
-15600
-10900
-15600
-9500
-10000
-11800
-5400
-10100
-6300
-9000
-1700
-4700
-1900
-2400
-500
-1000
-3500
100
-6800
-2700
-17000
-18000
-24500
-23600
-24000
-29000
-13200
-7800
-700
2200
11200
13500
12000
9100
16300
31300
33200
43200
47000
56300
47600
35500
24200
14500
5000
-15400
-28100
-38100
-44800
-49400
-47900
-46000
-52200
-54400
-54200
-52700
-47600
-42300
-42100
-44500
-41600
-41600
-34500
-31500
-19600
-24200
-16700
-12700
-5000
8300
22900
33500
35100
55900
55500
66000
65600
69700
52500
46100
33600
9100
-4700
-21300
-30600
-48100
-50800
-71800
-78000
-93400
-94700
-96200
-88500
-73000
-69900
-39500
-30100
-11800
-10400
300
-3700
-5000
-3100
-6800
-8600
-20800
-12300
-20100
-16500
-23800
-18200
-18100
-23500
-22600
-23200
-15000
-24400
-19800
-19900
-14600
-21800
-18300
-15600
-16500

-12400
-18600
-12500
-15300
-10500
-13600
-11000
-10800
-10700
-9800
-9300
-4700
-10800
-3000
-6400
-2200
-4500
-3700
2600
100
1300
-8100
-4500
-10300
-12300
-19300
-20500
-22400
-28600
-23200
-18500
-4000
-5900
7200
9600
16300
13300
8100
20900
25000
36800
40100
49200
53100
51200
42400
25400
12200
-6300
-15300
-27600
-29300
-40000
-46400
-53100
-56500
-51700
-51400
-43800
-49800
-47900
-49900
-47900
-41300
-36600
-31900
-36700
-28900
-33300
-24600
-17700
-2500
-800
7700
20100
27700
43100
49400
62000
60100
71700
62200
59800
47400
29300
12200
-8400
-14100
-38100
-38600
-57700
-65600
-83100
-90000
-97500
-99400
-83400
-76500
-58000
-45100
-27700
-24200
-5100
1500
2500
-900
-8400
-4000
-15900
-12000
-15700
-13500
-20300
-20600
-20800
-19100
-21200
-24200
-17900
-21600
-19100
-23600
-17300
-17200
-17800
-17100
-18800
-14200

-15900
-13900
-15300
-9700
-13600
-12800
-11600
-10400
-8400
-12200
-4500
-9500
-6900
-8100
-3500
-1100
-3400
-100
-1900
200
-3900
-900
-4500
-5700
-15100
-19800
-16900
-27100
-22900
-27600
-14100
-9100
1700
6500
9400
17400
10100
10300
14400
30500
33500
46800
50700
57300
47300
31400
26000
12800
8800
-15600
-27000
-39600
-42800
-45300
-48000
-45800
-52700
-55200
-57700
-46600
-45700
-41500
-42700
-41900
-42900
-44600
-29800
-28700
-25000
-26700
-14200
-13600
-700
14700
19500
27500
38400
54500
56600
70800
69300
64500
54100
48200
31200
9700
-300
-24200
-31100
-42800
-52800
-72300
-78700
-89900
-99200
-92200
-89900
-75500
-69300
-37400
-26600
-13000
-5500
-5400
-3000
-2800
-2500
-7300
-9200
-16800
-15100
-16500
-17800
-21000
-21800
-15600
-24300
-22400
-22200
-16100
-20200
-21800
-19200
-16900
-16500
-21100
-14700
-14100

-13700
-19800
-12600
-11800
-13700
-11000
-11100
-8900
-13300
-8500
-7500
-7000
-8300
-4700
-3900
-4400
-2300
-4500
4700
-2000
200
-5500
-4400
-6400
-14100
-16500
-23800
-23300
-27800
-23700
-18800
-6500
-900
4500
12800
12000
15600
7700
20200
26200
37400
41700
45300
59200
49600
41500
22600
14100
-5000
-13500
-24300
-30800
-41000
-50800
-54200
-54900
-47800
-50000
-47000
-50800
-49400
-50800
-43700
-34900
-39800
-38000
-36200
-33200
-31900
-18600
-9400
-11800
-2200
6800
16900
27800
46800
50400
59000
67100
67200
65600
57600
49400
24500
15700
-5000
-20300
-33900
-39800
-54800
-72700
-73600
-94800
-95900
-100200
-81700
-77000
-59200
-46500
-32400
-14300
-6200
2800
-2700
1000
-11000
-5700
-11600
-13200
-14900
-17000
-16300
-24400
-18800
-20100
-19600
-24700
-19300
-19500
-20400
-21200
-20300
-12100
-20700
-18500
-18500
-12200

