
Curva de Excitacao - Bobina Girante (Dados Brutos)

Arquivo..............: C:\Arq\Wiggler\Medidas Wiggler - Corretoras\Bobina Tungstenio\Gap23\Translado23_X=-3_#018.dat
Data.................: 14/02/2005
Hora.................: 08:55:07
Ganho................: 5
N. de Coletas........: 1
N. de Voltas.........: 10
Intervalo de Análise.: 4 - 8

-21400
-1700
-11100
-7400
-3800
-300
1100
-5300
5300
-5700
6100
2000
7700
-3800
-500
-2500
-10000
-6800
-15200
-18700
-20800
-12000
-27200
-20100
-11800
-11100
-8400
-11900
200
-6000
-200
-2800
-5100
1400
2600
200
-5600
9100
400
-1300
2400
8200
0
1500
3300
-800
2300
-4800
-400
-7600
-6200
-6800
-10500
-2100
-6000
-7600
-11200
-5600
-12100
-6900
-12300
-8500
-9200
-17800
-12600
-12300
-12400
-17000
-9300
-18400
-17100
-16500
-15700
-18500
-13200
-15800
-20400
-13600
-15200
-15800
-17400
-7700
-16400
-18200
-10700
-22100
-19600
-20500
-18400
-27600
-24700
-24700
-33700
-35700
-40900
-33400
-36800
-30500
-40900
-28600
-29300
-36200
-27000
-2040
-32400
-41600
-23700
-38400
-34900
-22700
-16800
-29100
-23800
-11000
-26800
-17100
-18700
-11400
-25900
-15400
-20200
-20200
-10700
-15700
-14800
-18000
-5600
-19300

-5300
-5800
-3600
-10400
-5100
1100
-6800
3500
1700
6000
-2500
5600
-100
3700
-1000
-4500
-5600
-12500
-10400
-24400
-17800
-15500
-23100
-18900
-14000
-8900
-14200
-6200
-6100
-2400
-2900
200
-1100
-400
4400
-6500
4000
1900
7000
-2300
4400
6900
-2800
3900
2400
2200
-2900
-3200
-5400
-200
-5000
-7100
-6400
-7500
-5600
-12900
-5500
-7400
-3900
-14500
-12400
-8400
-8200
-13200
-14700
-10400
-16000
-15000
-14900
-14200
-16500
-13000
-16100
-20700
-14400
-17900
-16100
-15600
-12200
-15700
-17100
-9200
-17000
-13100
-13900
-16700
-22100
-14300
-24200
-27800
-23600
-28200
-27100
-38900
-28400
-40600
-33200
-37900
-38000
-26700
-32000
-30400
-30000
-28700
-46000
-27800
-31600
-30200
-37700
-21100
-22400
-32000
-13800
-17100
-15800
-25000
-14400
-26000
-14400
-16400
-17700
-17000
-16200
-15100
-21400
-4100
-11900
-13500

-11300
-1700
-10500
-7300
-1000
-1900
-2000
-3000
5300
700
3500
2200
3200
4500
-2000
-4000
-7600
-5100
-16500
-19000
-17700
-18900
-20900
-23000
-9500
-14400
-7700
-9200
-4300
-2400
-3100
300
-8700
7200
-1100
-1000
-100
5100
1300
100
8100
3600
2400
800
4200
-3300
2400
-1600
-4400
-1400
-6300
-6600
-9400
-1600
-6300
-10500
-11500
-6600
-7200
-10700
-11100
-6900
-9200
-17100
-13500
-10900
-12300
-12900
-13900
-16200
-17800
-14400
-17200
-16100
-14600
-18100
-15400
-16200
-11700
-18200
-10500
-13800
-14900
-16300
-10900
-18800
-19400
-15600
-24000
-21600
-29300
-25000
-33500
-32300
-37000
-35300
-33200
-35700
-35200
-32300
-28800
-37000
-20600
-33400
-36300
-36600
-27900
-37100
-33400
-19600
-22000
-26200
-21200
-14500
-23600
-15000
-16900
-16100
-18600
-18300
-23000
-16500
-8900
-18000
-14700
-10300
-10400
-16500

-7200
-1900
-9500
-8800
-2000
-1900
-3600
1200
5600
1600
2300
2000
5400
1100
-100
-4700
-6900
-7100
-15900
-18300
-19400
-14800
-24900
-15700
-17200
-9100
-10000
-9100
-2600
-4200
2800
-5900
-1000
1100
5100
-5800
3000
7400
1300
-300
-100
8300
500
6000
2500
2000
1100
-6700
-2100
-2300
-2800
-7600
-7200
-5200
-6100
-9700
-8900
-4100
-8200
-10800
-13600
-7200
-11200
-11700
-10200
-14500
-11000
-16100
-12000
-18700
-12200
-14900
-18200
-17200
-14500
-17400
-17000
-8700
-18000
-16100
-16100
-9000
-17800
-15000
-10500
-18900
-16100
-19000
-18900
-28800
-23600
-30500
-28000
-35100
-33600
-33400
-37800
-33800
-39400
-27600
-33800
-31200
-28500
-32000
-38500
-30600
-28800
-36000
-31000
-25100
-22200
-26800
-17500
-16200
-20300
-18600
-20500
-17400
-17400
-14800
-18600
-17200
-15400
-19300
-12600
-8900
-9500
-13700

-5500
-7800
-8100
-5300
-800
1100
-3800
1700
400
5600
1300
4100
1400
4600
-1200
-5100
-5000
-10700
-10400
-21700
-15700
-22200
-18400
-18800
-14500
-9000
-8900
-7100
-7100
800
-4400
-400
-4400
2900
3000
-3100
4200
-400
6000
1200
6100
4300
4800
4400
700
4600
600
-200
-5100
1300
-8200
-4100
-7300
-4300
-3200
-10800
-7700
-10300
-4400
-10900
-10100
-8200
-9000
-12600
-13000
-9300
-14500
-10500
-16700
-13100
-16500
-14400
-17000
-17000
-9700
-21800
-12900
-16500
-11300
-17800
-12000
-11400
-15900
-12400
-13200
-15900
-21700
-13300
-25400
-21900
-28100
-24800
-28100
-37700
-30800
-36400
-32600
-39600
-31200
-32300
-29900
-29700
-26900
-32400
-38000
-27400
-38000
-31200
-30600
-21200
-23800
-23900
-15900
-22500
-15700
-18000
-16200
-20300
-13900
-21800
-21100
-11300
-13600
-14300
-17500
-4900
-18600
-11500

-8000
-3600
-7700
-6200
-1800
-2900
1200
-2200
4900
3400
5700
-1400
4200
5600
-2500
-900
-6500
-5000
-18200
-15500
-17700
-16000
-21300
-17700
-14200
-14000
-2600
-11600
0
-2900
1100
-4300
-2600
6700
-2000
-900
300
6300
100
3400
3300
4600
6000
2600
2200
-1000
4300
-6900
-1200
-300
-3800
-6500
-8400
-2600
-7600
-6800
-9700
-3600
-8500
-9500
-11600
-7900
-7000
-13100
-9700
-13700
-11200
-15800
-13100
-13500
-14700
-14300
-19200
-14000
-18000
-15000
-16000
-10900
-16800
-15200
-12600
-13100
-12400
-15400
-11000
-19900
-14100
-19100
-21700
-23400
-26800
-24000
-30000
-31700
-37500
-29000
-37900
-32300
-34800
-27000
-28100
-33200
-23500
-37800
-31500
-32700
-28200
-36300
-29700
-24300
-23000
-20600
-20400
-14900
-21600
-14200
-24100
-16200
-14400
-17300
-19000
-15200
-12000
-22600
-10400
-10500
-8900
-16900

-3700
-6600
-7200
-4900
-2300
2600
-3800
2300
400
6300
3600
3000
4500
3900
500
-7300
-1900
-9900
-10200
-20000
-15500
-17200
-22600
-12300
-17400
-6900
-9400
-5200
-5400
600
400
-3500
1200
200
4100
-6100
6500
400
3800
3900
3600
9800
400
5900
-800
6000
200
-1600
-2400
-700
-4200
-8800
-1900
-3700
-2600
-13200
-6000
-6800
-7800
-8400
-10000
-7600
-11600
-8600
-12100
-11000
-12300
-10000
-14400
-17100
-11200
-16200
-16100
-16500
-10800
-20400
-14000
-12400
-15700
-13400
-12300
-8900
-18100
-11300
-15000
-15700
-17900
-16500
-20600
-24800
-22400
-31600
-25400
-37500
-28600
-38800
-34300
-33900
-34700
-28600
-32300
-24300
-29400
-28800
-40000
-29100
-35000
-31200
-28200
-25100
-17800
-27300
-17600
-22000
-10300
-19500
-17200
-17300
-17700
-19500
-18900
-9300
-16100
-14100
-15700
-5800
-15500
-9400

-6300
-6100
-5900
-7100
300
-3200
1400
-200
5600
4400
4200
4700
2200
6300
-2900
-900
-7000
-7500
-12100
-18800
-15200
-18400
-16100
-21900
-13600
-10500
-4000
-10300
-3000
4000
-3400
300
-3900
5900
-1300
1800
1000
2800
5800
500
3500
2900
11000
1100
4000
1700
1700
-2900
-1900
1200
-6100
-4000
-8300
-2800
-5600
-6300
-7500
-6000
-5100
-11500
-8900
-8900
-7000
-11400
-9900
-11900
-11800
-9700
-15300
-13100
-13300
-12300
-19900
-14700
-13600
-17100
-12500
-12600
-11900
-17600
-9800
-13000
-12600
-13900
-11300
-16700
-19100
-13200
-24100
-19900
-30200
-21700
-31200
-33500
-33700
-33600
-35300
-36800
-27900
-34700
-28400
-30300
-24800
-36000
-31600
-29500
-34400
-29300
-30800
-23900
-23200
-17900
-21900
-16500
-15900
-18000
-21200
-14800
-10600
-22700
-16200
-14100
-16300
-19100
-9000
-9000
-12100
-8600

