
Curva de Excitacao - Bobina Girante (Dados Brutos)

Arquivo..............: C:\Arq\Wiggler\Medidas Wiggler - Corretoras\Bobina Tungstenio\Gap23\Translado23_X=3_#024.dat
Data.................: 14/02/2005
Hora.................: 09:16:01
Ganho................: 5
N. de Coletas........: 1
N. de Voltas.........: 10
Intervalo de Análise.: 4 - 8

-18100
-11200
-9200
-16600
-10700
-8900
-10300
-11300
-8900
-15800
-11300
-8900
-11700
-11600
-11500
-8300
-15400
-10800
-2800
-13600
-4800
-900
-5000
-13900
-900
-4500
-800
3000
3700
1300
4900
13000
-2600
13700
11900
15200
-100
1200
200
-10600
-8800
-16100
-15500
-11900
-5800
-10500
-800
-3100
-3600
-3800
-7500
-700
-1400
-2600
-5100
-3500
-9300
-12800
-8100
-4900
-14200
-8800
-12100
-17300
-17200
-5300
-10000
-11000
-3800
-11100
-18400
-9700
-10400
-21800
-12600
-14100
-26100
-29800
-20600
-38900
-37700
-28500
-36800
-44200
-25100
-17200
-26300
-4200
-3100
-2900
-7800
6200
-10100
-15000
-6700
-15600
-18100
-22700
-19500
-29300
-22200
-34900
-33700
-33900
-33600
-36200
-33400
-26700
-38400
-28300
-29400
-31900
-30900
-24400
-27300
-24200
-24000
-24000
-21400
-19600
-21100
-24800
-12900
-14100
-22000
-16700
-10600
-15700

-15800
-8000
-10700
-13000
-12200
-7500
-11700
-12000
-6900
-13800
-8800
-11600
-13000
-1697400
-8500
-13900
-10000
-9900
-4200
-12600
-3600
-7200
-8300
-900
-4900
-2000
-1500
4900
-1700
1600
8300
11600
7000
12600
14900
4700
7800
-6800
-300
-5700
-8900
-13700
-14200
-6700
-12600
-7300
-7500
-2700
-4100
-2700
-3200
-600
1300
-5900
-200
-9000
-5100
-12100
-4800
-11500
-13200
-5800
-14400
-12800
-12200
-5700
-16600
-2600
-10300
-16000
-12200
-3500
-12300
-20600
-5600
-24000
-27300
-25600
-23800
-37900
-32900
-29700
-46100
-33500
-24900
-22600
-21900
1600
-5800
-2100
-500
-2200
-5200
-10400
-4700
-20600
-14400
-18100
-25500
-26300
-24500
-28300
-32600
-28000
-38800
-31000
-34300
-27300
-36800
-29700
-25900
-32700
-24400
-29200
-22100
-26300
-22700
-26600
-18500
-21300
-23200
-17500
-14900
-15800
-22300
-9400
-16900
-12600

-14400
-9700
-11800
-12400
-8800
-13000
-6900
-10000
-10300
-13000
-5000
-12100
-15000
-6400
-8900
-9000
-13500
-5100
-9600
-9000
-7300
-5000
-2600
-3500
-1500
-8500
5300
-1800
1100
5500
9800
10500
2500
17200
7300
13100
5200
1600
-5300
-4400
-11200
-18400
-8000
-9500
-8000
-13400
-2900
-4500
0
-3000
-1800
1500
-5000
-2200
-4600
-1200
-8600
-6200
-8800
-11000
-11100
-10600
-10400
-10700
-7900
-16400
-10700
-6800
-9200
-12800
-6800
-8200
-19500
-12700
-10900
-21500
-24100
-19900
-32900
-39200
-27900
-34000
-40500
-31900
-22800
-30800
-17300
-3800
-5800
1200
0
-3700
-10700
-5000
-12800
-15800
-15500
-16400
-27100
-25500
-21800
-37700
-25700
-32700
-32200
-35300
-29600
-32900
-35900
-28300
-29600
-26100
-30600
-24500
-28900
-19200
-27700
-24900
-16800
-18600
-21000
-22800
-11800
-19300
-16500
-14000
-10300
-16700

-12400
-11000
-12400
-9400
-13800
-7700
-10300
-8500
-13800
-10000
-5400
-12700
-12000
-9700
-5000
-14800
-10100
-7200
-5500
-7300
-8000
-3600
-9300
1500
-7900
-300
700
2700
-100
1800
15700
5300
10400
10800
14800
6400
7500
-2000
-1100
-3600
-14100
-11100
-15300
-6300
-11900
-6400
-4200
-3200
-1500
-4900
2000
-600
-2500
-4600
-600
-7300
-6900
-5200
-7400
-8400
-10800
-8900
-14400
-10500
-9500
-13400
-6900
-6600
-12000
-14900
-2100
-10900
-16500
-9300
-13100
-25000
-22800
-17100
-35300
-31500
-31300
-37300
-44000
-27600
-24600
-29000
-8900
-7500
-7400
-5700
5900
-7600
-3700
-7600
-10300
-15200
-15200
-15400
-31400
-19300
-28100
-30900
-32700
-29900
-34100
-31600
-30800
-31600
-30600
-34000
-25400
-30400
-26300
-30400
-21600
-22000
-28000
-22600
-19600
-17800
-23600
-16200
-15100
-17200
-18300
-13600
-13100
-14700

-10100
-13400
-8100
-12100
-11700
-8500
-8700
-10400
-12900
-5400
-11100
-10000
-14400
-5500
-12000
-7900
-10600
-8500
-6400
-9600
-3500
-8700
1100
-4400
-5700
-2200
3400
1000
800
9800
5200
10600
6900
12700
10500
11900
8200
-5500
600
-6400
-11400
-15000
-9000
-8800
-9900
-7800
-7300
-1900
-2200
0
-2700
0
-2700
-3700
1000
-6600
-5300
-9200
-7700
-12200
-8100
-10000
-12000
-6800
-12000
-12100
-12500
-3100
-13300
-8100
-7900
-9800
-14400
-12000
-11800
-24100
-15000
-27100
-31900
-33900
-30000
-38300
-37400
-27500
-33000
-22800
-15800
-3300
-10500
4600
-2800
-3700
-4500
-6700
-8800
-17600
-10200
-23100
-21600
-26600
-23800
-32000
-28200
-30100
-34900
-28700
-35600
-29000
-35100
-29000
-28700
-25800
-28600
-29000
-20800
-24200
-24700
-23800
-15500
-23100
-20700
-16000
-16200
-14500
-16200
-12300
-16800
-9700

-14600
-11300
-11000
-7900
-11000
-8800
-5400
-13100
-9300
-11800
-4700
-12500
-10100
-8200
-9800
-7400
-10400
-6200
-7800
-2700
-9800
-6600
-3100
-700
-4500
-2400
6400
-5200
6400
3500
8800
11600
12600
12700
7300
12800
3200
-400
-3000
-1700
-11200
-13700
-11800
-9200
-5100
-10300
-1400
-6200
-1300
-2400
-500
3000
-2300
-800
-5900
-2000
-7000
-4000
-9600
-5900
-9500
-14200
-9700
-7400
-9500
-15600
-1900
-9900
-13300
-10600
-4900
-12200
-13100
-6200
-20300
-20600
-19300
-21500
-33300
-27600
-31000
-40300
-35800
-31300
-26100
-27600
-8400
-11100
-4400
1800
-1100
-3400
-1700
-5600
-18100
-10100
-14600
-19600
-26800
-16700
-25600
-32700
-23800
-36700
-30000
-33700
-29300
-34300
-30200
-30600
-29000
-25200
-29700
-25500
-25000
-18700
-30000
-21500
-18300
-18100
-20000
-18900
-12300
-17600
-14100
-17600
-9700
-13100

-12000
-11900
-8300
-8400
-13800
-6800
-8200
-5700
-13600
-6700
-7400
-12400
-10600
-7900
-4800
-12200
-7300
-10200
-3700
-8100
-6300
-3900
-3800
1100
-10500
2200
1300
5900
1400
5400
10800
10700
11100
7000
17800
9700
7600
-4900
300
-4000
-10500
-9400
-13600
-5800
-11500
-6300
-5700
-800
-500
-1100
1200
-2700
-800
-3000
2300
-8400
-3900
-8500
-8500
-6100
-11100
-10600
-10200
-4400
-15100
-11800
-6300
-5700
-11900
-7800
-6000
-14500
-8700
-10500
-15600
-21700
-14300
-27200
-32900
-26500
-34000
-35400
-35400
-29100
-32800
-22700
-12000
-9000
-2000
2500
2000
-8500
1300
-11500
-10200
-12700
-12700
-19000
-26000
-18200
-31300
-27200
-30900
-27400
-37300
-27800
-34000
-28700
-30500
-32700
-23100
-29100
-25600
-30100
-20800
-24400
-24100
-21000
-18400
-19200
-20900
-15800
-18200
-11200
-18600
-14600
-10400
-11300

-12700
-13300
-4500
-12500
-10700
-9000
-6000
-12000
-9000
-8200
-8600
-9000
-12000
-4400
-14000
-6500
-10300
-8200
-3600
-7100
-6000
-7900
-400
-5000
-1800
-1300
4500
-1000
4800
5400
7400
17800
6100
11900
9900
14800
5600
-1900
1800
-4800
-9500
-14700
-8400
-10400
-7100
-7500
-5700
-1500
-2800
500
-1600
2800
-3400
-2500
-1700
-5700
-2600
-7600
-5400
-9700
-8700
-13500
-7200
-8400
-11300
-10100
-8500
-6800
-12000
-5800
-10500
-9300
-10200
-13400
-16400
-17800
-16300
-29400
-26300
-31100
-35200
-39200
-30200
-33100
-30700
-18100
-15200
-6400
-5800
4100
-5800
1800
-3800
-8400
-10700
-13800
-14500
-21400
-19100
-25600
-23700
-33100
-27000
-33500
-32000
-33000
-32900
-25300
-34600
-30400
-28400
-23800
-31400
-24200
-21500
-25500
-25000
-22100
-17200
-22700
-16900
-19400
-15100
-14900
-14500
-14300
-13700
-9000

