
Curva de Excitacao - Bobina Girante (Dados Brutos)

Arquivo..............: C:\Arq\Wiggler\Medidas Wiggler - Corretoras\Bobina Tungstenio\Gap23\Translado23_X=5_#026.dat
Data.................: 14/02/2005
Hora.................: 09:19:08
Ganho................: 5
N. de Coletas........: 1
N. de Voltas.........: 10
Intervalo de Análise.: 4 - 8

-18700
-12300
-12000
-15200
-13300
-12400
-10800
-12400
-11200
-17400
-7700
-10800
-12100
-9400
-10600
-7300
-15100
-6200
-4000
-8800
-4600
-100
-4400
-5900
500
-3200
9900
7900
11600
7100
13800
12500
-2100
6000
-6200
-2000
-19700
-14500
-17700
-19200
-14600
-15600
-10100
-3500
2900
-1000
9600
-1400
4100
600
800
3700
-1500
-1400
-6700
-7000
-15800
-11100
-11900
-11200
-19800
-13600
-16600
-20200
-15500
-10700
-8400
-9800
-3600
-11400
-5700
-1500
-6900
-10400
2500
-7000
-15200
-12400
-15100
-33600
-33500
-34900
-47300
-54000
-42000
-52000
-55000
-39300
-32600
-22500
-9900
8100
700
1000
3700
-800
-6600
-8100
-14200
-19100
-14600
-26100
-24300
-30200
-27000
-32000
-27500
-29300
-36100
-29600
-29100
-29900
-35200
-27100
-27600
-23000
-30300
-23500
-20700
-22000
-23400
-24700
-14200
-19600
-19800
-18300
-11500
-18100

-13700
-14100
-13400
-13000
-15000
-8800
-13100
-13000
-12800
-11800
-6300
-12900
-13900
-11500
-7000
-12600
-8700
-7900
-6400
-8900
-6700
-1400
-6200
3300
-3900
2700
2400
9200
6600
8300
18200
8100
4800
200
-100
-11100
-13200
-22700
-17900
-13800
-18100
-11000
-204000
3100
-4500
-1300
2600
6300
4600
3700
2900
1000
-4400
-5800
-1300
-6300
-11300
-13100
-11600
-16500
-19200
-12300
-13600
-18500
-11500
-15300
-11700
-9800
-1900
-12800
-1200
-1000
-6800
-7700
200
-8000
-16000
-7200
-23100
-29200
-32800
-31100
-52500
-50000
-46000
-58200
-51500
-38100
-28200
-29900
-3000
-900
7300
1800
7500
-4600
-8800
-3800
-18900
-11100
-21500
-20100
-29900
-23400
-30000
-30600
-31300
-29500
-30700
-35500
-25000
-33200
-28400
-32200
-23300
-25600
-28800
-22500
-20900
-21400
-26300
-19800
-17300
-17800
-20900
-13200
-14000
-17300

-13800
-15900
-9800
-16300
-14300
-12700
-9200
-12900
-12400
-9700
-10400
-11300
-15700
-3800
-12000
-8900
-11600
-6800
-5500
-8100
-1800
-7600
-700
-1900
-2300
-600
9700
7300
5800
11100
11100
14700
3500
5100
-2800
-9100
-14400
-22600
-14400
-15900
-15500
-14700
-4700
-3900
-500
1000
4200
7000
700
4500
1200
2800
-1400
-4100
-1800
-11200
-7300
-14800
-8900
-17300
-14900
-15200
-16900
-13600
-12200
-11500
-15800
-2100
-13000
-7300
-5000
2600
-6700
-4900
400
-12700
-8300
-13200
-18200
-30900
-26700
-40600
-49100
-47200
-47000
-54000
-52900
-33900
-40500
-18500
-11200
4400
1500
7900
6400
-4400
-1500
-11200
-13900
-17800
-12800
-27500
-20900
-25200
-29900
-29600
-31900
-25600
-37100
-29200
-29000
-30600
-31100
-28200
-23800
-26200
-27100
-26300
-18300
-25700
-21100
-20300
-17900
-18700
-19500
-14400
-18000
-13300

-16700
-11100
-15700
-10700
-13000
-13100
-9500
-14100
-9300
-14000
-5700
-14300
-12600
-8600
-7000
-8500
-11300
-6100
-7800
-5300
-8300
-2900
200
1400
-3600
100
10800
2800
11400
9700
16000
9100
4300
4500
-3600
-4600
-16600
-16500
-22500
-13500
-19000
-11300
-7700
-1600
-800
-3200
7300
2000
7000
1600
4500
1500
-1800
-2900
-4300
-4500
-13700
-8400
-17400
-12000
-16300
-14900
-15500
-12700
-12300
-19600
-7200
-6900
-7700
-11100
2600
-5700
-7600
0
-1400
-10800
-11800
-8400
-26400
-25700
-27700
-39100
-47400
-45500
-49500
-59200
-45500
-39800
-33800
-22300
-3300
-2100
6000
7700
300
-1100
-5900
-6200
-19700
-10600
-18000
-26500
-23500
-24900
-27900
-34400
-26500
-31500
-31100
-34500
-25000
-30600
-31900
-26800
-27100
-23000
-31400
-21000
-22700
-20600
-23100
-21500
-17600
-17600
-15500
-19500
-13300
-16200

-13200
-16700
-10800
-11500
-15400
-8600
-11700
-12100
-14300
-9200
-9700
-11700
-12400
-7800
-7400
-11500
-7900
-11100
-2200
-6700
-5800
-5500
-1300
1000
-4200
8000
4400
7800
5000
10100
11900
13800
7800
2000
1300
-10600
-11200
-24200
-12400
-17200
-15800
-11900
-9600
1500
-3300
3000
1100
9400
2600
3300
3600
6200
-800
-5000
-1100
-11000
-9200
-13000
-9700
-14400
-15100
-15200
-16800
-12100
-14500
-12800
-9100
-5700
-13000
-5300
400
-5900
-5200
500
-4000
-12100
-4200
-13700
-24500
-22500
-28300
-40700
-48900
-41900
-50900
-53800
-48000
-38900
-36800
-20500
-4800
-2100
11100
3300
4700
-4600
600
-11100
-16500
-12800
-16600
-21800
-26900
-23300
-30800
-26500
-32800
-26600
-33100
-30800
-25300
-32600
-28500
-30700
-20100
-28000
-27300
-24500
-18300
-23700
-21000
-20800
-19500
-14300
-19900
-16200
-16900
-12000

-16800
-14300
-9700
-13600
-12900
-11000
-7900
-16500
-9200
-9400
-9600
-13600
-12000
-5900
-13400
-4000
-11000
-7200
-6900
-3200
-7500
-4100
3000
-3100
100
1100
11100
2300
12900
10100
11900
15400
4600
4100
-3400
-4200
-16100
-20700
-17100
-15100
-16700
-13200
-3600
-2700
900
-1700
4800
3100
5400
5400
3000
3500
-3000
-900
-3100
-7000
-9700
-12300
-11900
-14000
-13600
-17200
-12100
-13000
-12900
-14500
-8800
-6300
-11000
-2600
-5200
-4000
-3100
500
-9100
-5700
-5900
-16000
-21500
-23400
-28800
-43500
-39800
-48200
-53400
-52900
-44800
-40400
-35800
-14700
-13500
3200
4100
9100
-300
700
-3800
-8500
-11500
-15600
-14800
-28900
-19200
-26500
-24800
-32500
-28100
-25300
-33200
-31100
-29300
-25500
-34400
-26300
-25700
-23900
-28800
-22000
-18700
-24100
-20900
-20900
-15900
-18600
-18300
-17900
-12300
-14400

-16700
-10700
-12900
-10500
-17200
-7200
-11400
-12300
-10500
-10100
-7800
-13100
-7200
-11400
-7600
-9300
-7500
-10000
-2000
-4400
-7800
-3000
-2100
3900
-5600
7300
6900
4400
10800
9700
15900
10300
8700
600
2100
-8300
-14000
-19100
-16900
-13000
-19100
-9300
-9400
1100
-1000
2900
4200
1700
7000
3100
6400
800
1200
-3100
-3900
-7000
-9100
-9300
-14400
-9400
-18000
-13400
-13900
-10200
-16700
-11800
-4900
-11200
-5700
-5100
-300
-7700
2000
-3500
-6100
-7200
-8400
-12700
-22600
-18900
-36200
-36400
-44100
-46600
-100
-100800
-43400
-46700
-29900
-19900
-7600
-4600
13600
2900
3300
-700
-4800
-8400
-17500
-6800
-22500
-21800
-23800
-22800
-31900
-27900
-26900
-31300
-29100
-32400
-23000
-33000
-26600
-28600
-23400
-24600
-26600
-22600
-22900
-16400
-23000
-18900
-19100
-13300
-19500
-17900
-10500
-14700

-13600
-14900
-7400
-14300
-11300
-10700
-10000
-11800
-11400
-8900
-11700
-7900
-14500
-6100
-7600
-6600
-10800
-6100
-1400
-9300
-4700
-4700
2100
-2300
-100
3200
8400
9500
7900
12600
10700
17900
2100
3600
800
-5800
-13000
-22600
-11900
-17200
-12400
-13500
-5200
-1400
600
800
3700
10300
1900
7500
2100
3300
100
-600
-1900
-8600
-5700
-15400
-9800
-13300
-13600
-18700
-10600
-10800
-17200
-10200
-8200
-5400
-10900
0
-5000
-3100
-1200
-1000
-4200
-8100
-5400
-18300
-18100
-25000
-29500
-39600
-40700
-49000
-52700
-46700
-48100
-39400
-34200
-15200
-12300
5600
9000
5400
3400
-500
600
-13100
-11200
-15700
-14400
-25000
-20300
-23800
-30300
-25900
-32000
-24500
-36400
-28100
-27600
-26800
-31100
-27200
-24300
-26200
-22800
-27400
-18200
-22400
-18800
-24700
-15000
-13500
-22000
-15600
-12400
-12700

