
Curva de Excitacao - Bobina Girante (Dados Brutos)

Arquivo..............: C:\Arq\Wiggler\Medidas Wiggler - Corretoras\Bobina Tungstenio\Gap23\Translado23_X=-1_#020.dat
Data.................: 14/02/2005
Hora.................: 09:01:09
Ganho................: 5
N. de Coletas........: 1
N. de Voltas.........: 10
Intervalo de Análise.: 4 - 8

-18000
-9100
-5900
-10800
-6400
-4900
2600
-9900
-3900
-7600
-1900
-4900
-4200
-7700
-13600
-8300
-16600
-15200
-13600
-15500
-13900
-10900
-12300
-14200
-9000
-5500
-3300
-7900
-800
-100
-5400
-400
-7100
5400
900
7100
-1600
8500
9000
-400
5700
4000
4500
-3000
-1200
-3000
200
-6900
-5700
-7300
-9800
-6400
-11100
-4100
-5100
-7900
-10400
-8300
-8800
-6900
-11300
-11300
-8600
-16600
-15400
-12000
-8700
-15200
-14300
-14900
-19300
-19000
-19100
-19200
-18700
-19000
-21000
-23900
-15200
-18400
-16500
-12000
-9800
-17400
-11100
-11500
-15600
-13200
-14100
-14100
-23200
-14500
-26700
-32300
-31500
-30300
-33300
-34100
-35200
-39500
-31900
-40300
-32400
-27640
-27100
-34600
-29000
-30700
-34000
-26300
-25200
-27000
-33400
-19600
-23900
-21300
-21500
-14100
-22200
-21700
-16000
-19500
-14000
-15000
-12100
-17400
-9300
-16100

-10900
-6000
-4900
-9200
-9600
-1000
-5700
-6200
-2400
-700
-2800
-7700
-7700
-6800
-10200
-12200
-11900
-14100
-13700
-15600
-18000
-6100
-14200
-8000
-9500
-1100
-7800
-7900
1900
-5300
1600
-2700
800
-2600
3800
600
3400
6600
8200
5200
1200
8400
-900
3200
-1300
-2500
-3500
-8100
-4800
-5700
-3200
-8100
-7700
-9100
-5100
-9400
-8300
-5500
-5700
-10400
-15300
-8800
-6500
-12400
-13000
-12600
-12400
-19300
-12400
-14500
-14800
-16000
-16900
-23100
-21400
-16100
-22000
-18600
-18400
-16000
-21900
-10700
-12900
-12700
-6900
-12500
-13500
-16100
-10900
-24100
-16600
-19200
-21400
-30800
-26100
-28000
-39300
-30800
-40000
-32100
-38300
-34200
-37600
-29800
-33500
-30500
-28200
-28300
-34200
-33600
-21100
-31500
-27100
-21300
-17400
-25100
-23200
-17800
-18900
-17400
-17400
-16700
-17400
-15600
-15900
-9600
-8900
-13200

-10900
-7600
-8300
-10200
-6100
-700
-3900
-5900
-3800
-800
-5800
-5200
-6300
-4400
-10200
-11600
-13300
-15500
-9600
-18700
-12400
-12600
-8600
-14200
-7300
-2500
-2200
-3400
-4800
300
-3200
1400
-5600
3900
6300
1200
2000
2300
10700
3000
7300
4400
2600
-200
-2300
-800
-4400
-3300
-7700
-3600
-9400
-7000
-7200
-4900
-3500
-12100
-8900
-10100
-4400
-10400
-11300
-7900
-9400
-12000
-15600
-8100
-14300
-11600
-14900
-15300
-19900
-14600
-16100
-19500
-15400
-22700
-18600
-24100
-15600
-20700
-13600
-10800
-14100
-12400
-11400
-7500
-17100
-8300
-18100
-15800
-21600
-18900
-24500
-31800
-22700
-34200
-29800
-37900
-35000
-37600
-33400
-38400
-31700
-28900
-35000
-30100
-30600
-27300
-37000
-26500
-23300
-30100
-29300
-21700
-17700
-23600
-18700
-17900
-18100
-20200
-18500
-17200
-11600
-12700
-16300
-10900
-12400
-12300

-11900
-4900
-7000
-10300
-5200
-4600
-2900
-8200
2600
-4400
-1400
-6500
-6100
-6200
-8800
-9400
-17300
-10000
-15300
-15000
-17700
-6800
-10700
-9600
-7700
-6100
-400
-9900
-600
-3800
3300
-2000
-4900
3700
3700
3100
1300
8200
5200
4600
2200
6400
4200
1500
1800
-5700
-2600
-9600
-4900
-5400
-3700
-7400
-10200
-3600
-7000
-6500
-9200
-3900
-8200
-9800
-12900
-9000
-6400
-12800
-10100
-16300
-10900
-15400
-13200
-16200
-14200
-12900
-21400
-18900
-20000
-18100
-22000
-14400
-18700
-19500
-16600
-10800
-13100
-13800
-4200
-16400
-10000
-14300
-12800
-20800
-17500
-17700
-25600
-26900
-31200
-29100
-36900
-31600
-38900
-31700
-35900
-38800
-30400
-34000
-28400
-33600
-24100
-31600
-33900
-30400
-24400
-27200
-28400
-17900
-23200
-21200
-24400
-14800
-18600
-16900
-15700
-18200
-13100
-18900
-12600
-11700
-7200
-13600

-10500
-8200
-5800
-7800
-6500
900
-6300
-2300
-6200
-100
-4900
-2700
-5400
-6100
-6700
-14100
-11400
-14600
-8800
-18800
-14000
-9200
-10900
-8600
-10100
700
-4600
-3700
-5000
-3100
-500
200
-900
1300
6900
-300
4100
1500
10300
6100
5900
6100
200
4700
-4800
-400
-4100
-2200
-7100
-5700
-6400
-6300
-6000
-7200
-400
-10700
-9200
-9400
-2600
-9900
-11400
-6900
-10200
-12200
-14300
-9500
-12600
-10300
-14900
-17300
-15500
-14700
-16500
-21200
-12600
-23900
-19000
-19400
-17000
-18200
-14400
-7500
-17300
-10300
-9500
-12100
-15000
-7300
-13500
-18800
-16600
-21400
-19300
-32600
-23400
-34600
-31000
-34200
-36900
-34100
-36700
-32300
-35400
-29300
-35600
-28100
-32500
-28600
-30400
-28100
-21400
-31500
-24400
-26100
-16900
-22800
-19700
-18500
-16100
-18800
-20700
-12800
-14600
-11700
-19200
-9200
-13000
-11200

-10100
-5400
-3900
-9700
-4700
-5300
-800
-7400
200
-1400
-3800
-5800
-7300
-2100
-11100
-7900
-14000
-12100
-15000
-15800
-12500
-10500
-6300
-11300
-7200
-6500
1400
-7100
-900
-800
0
2000
-7900
5200
2500
5900
700
6800
9500
6000
3200
2900
8300
-300
0
-4800
-700
-7400
-5600
-1800
-6300
-5300
-9700
-6300
-5800
-6600
-8500
-5200
-5000
-10300
-10800
-9200
-5500
-12000
-11200
-12600
-12300
-12700
-14600
-13100
-15700
-12000
-21800
-19300
-18800
-18300
-19800
-17500
-16100
-19600
-13800
-14300
-11900
-12400
-6800
-12800
-14100
-10800
-16600
-14000
-21800
-15300
-25400
-27100
-32000
-27900
-33100
-34000
-33200
-35500
-32300
-40800
-27900
-34600
-29100
-30200
-28200
-28300
-34400
-28100
-27200
-23200
-27900
-20400
-22400
-20100
-23200
-16500
-14500
-18600
-15300
-16900
-11500
-20000
-12000
-9800
-8900
-12300

-9100
-6900
-8600
-5700
-5300
-1000
-5100
-3200
-2700
-2700
500
-6800
-4200
-7100
-8000
-12900
-11400
-11700
-10800
-13900
-15300
-8600
-12400
-6200
-9600
-1800
-2600
-4300
-2400
-3300
6100
-3800
100
2500
6200
-800
3400
6700
8200
8100
2600
7900
1300
4200
-3000
800
1100
-6000
-5900
-7100
-4700
-7900
-5400
-5100
-4300
-9400
-7600
-6000
-7200
-6900
-10500
-9000
-10000
-9400
-11500
-11500
-7500
-13100
-14600
-17800
-12400
-16800
-17300
-17600
-15200
-20400
-21500
-16900
-18500
-13500
-15900
-11400
-15100
-9900
-8900
-12800
-8300
-13000
-10500
-18900
-16000
-24700
-20700
-27300
-25200
-30200
-34400
-29200
-41400
-30500
-36900
-34300
-32100
-28400
-34100
-30900
-25500
-29900
-30500
-29600
-21700
-31700
-26100
-22100
-18300
-17900
-20900
-16700
-19600
-16700
-18200
-13600
-13400
-11200
-15000
-11100
-9100
-12800

-7300
-7600
-5200
-8400
-3800
-2300
-3000
-1900
-2100
100
-4900
-3500
-9700
-2600
-7400
-10500
-13400
-13100
-9700
-18700
-11700
-10700
-6600
-11400
-6200
-2500
-3500
-2300
-2800
2200
-2000
1900
-5800
4600
5000
3400
6000
3400
10800
2900
4900
5100
6600
4100
-300
-3200
-5200
-700
-6700
-3600
-5200
-4900
-10600
-5700
500
-8900
-6000
-7500
-3100
-11300
-10200
-7800
-7400
-9500
-11800
-10300
-13500
-9800
-15400
-12300
-13100
-16300
-19600
-17500
-15400
-22500
-13400
-18200
-17700
-20300
-11400
-11200
-13600
-6700
-9500
-9200
-16000
-6400
-18400
-14800
-19000
-16900
-22400
-28400
-24900
-34400
-26800
-34100
-34800
-36100
-30800
-36400
-32000
-27900
-32900
-26800
-31200
-25800
-34500
-28700
-22400
-25200
-25900
-23000
-14900
-23600
-19700
-18100
-12900
-19000
-16100
-16400
-14000
-12600
-14400
-6900
-11600
-9300

