
Curva de Excitacao - Bobina Girante (Dados Brutos)

Arquivo..............: C:\Arq\Wiggler\Medidas Wiggler - Corretoras\Bobina Tungstenio\Gap23\Translado23_X=-2_#019.dat
Data.................: 14/02/2005
Hora.................: 08:58:08
Ganho................: 5
N. de Coletas........: 1
N. de Voltas.........: 10
Intervalo de Análise.: 4 - 8

-16000
-7600
-6100
-6800
-7800
-1100
2400
-9000
4300
-5100
-1100
-2200
3600
-7100
-11800
-4400
-11600
-15300
-19100
-15600
-17400
-15300
-15900
-17100
-6200
-6300
-7200
-12200
6100
-3400
-7600
700
-2200
1600
-1300
3400
-2500
6100
4100
2700
2000
8400
4100
-3400
6600
-800
-2400
-5000
-400
-4900
-10700
-7100
-10000
-3200
-9600
-6500
-9900
-8500
-13100
-9300
-10600
-8700
-9800
-16000
-13800
-13900
-9500
-19100
-11900
-12100
-21000
-18700
-14800
-17700
-21200
-10800
-18700
-21200
-16000
-10700
-14900
-14200
-8200
-17000
-11200
-15900
-15300
-16100
-17100
-19100
-24800
-18800
-32500
-33400
-34600
-31500
-39900
-31000
-36300
-39500
-28100
-37700
-30900
-36100
-25700
-35800
-30700
-33600
-34500
-28100
-23900
-27300
-32700
-12300
-24900
-23200
-18200
-10600
-24700
-20400
-11600
-20400
-15400
-14100
-7200
-20700
-10000
-13300

-8100
-6300
-5500
-8000
-5800
1500
-8800
-1400
4100
-500
-3600
100
1000
-7300
-7400
-6700
-8600
-20000
-13900
-18300
-19300
-12000
-19600
-10000
-11200
-5200
-10400
-6400
2600
-3200
-3200
-2000
3700
-4000
1900
-3700
3300
5600
6500
800
2800
11800
-4700
2600
4800
4000
-8100
-5200
-500
-5100
-7500
-7400
-4800
-8600
-7300
-13100
-4200
-7200
-9900
-9000
-13300
-8500
-11100
-12600
-14200
-10400
-13200
-17700
-11700
-14800
-17200
-15900
-12500
-22800
-19800
-16500
-16800
-18200
-13800
-12000
-20400
-9500
-12300
-14500
-11400
-11200
-16500
-19200
-14900
-23500
-21000
-26100
-25400
-35700
-27000
-36900
-38900
-32300
-39000
-35000
-36900
-30200
-36100
-28900
-33300
-30200
-31000
-30100
-34200
-30900
-22200
-33700
-20700
-17600
-20800
-27000
-14500
-16300
-24600
-15500
-12000
-16600
-23700
-11300
-15400
-12900
-11100
-8600

-9100
-9300
-9000
-6800
-900
-1800
-2500
-3900
2900
-1800
-4000
3000
-2000
-2100
-10300
-6200
-9600
-14500
-14200
-19800
-14500
-17500
-14100
-17000
-4000
-7100
-7400
-6200
-900
-800
-9000
2700
-4400
2100
-1100
500
3100
1100
5400
-1800
11300
7000
200
-1400
6400
-900
-4000
-1400
-2600
-3400
-12400
-5600
-6300
-5300
-7500
-9900
-5900
-9900
-7800
-9700
-9200
-9800
-9600
-13600
-14500
-9500
-14800
-13300
-13900
-12200
-22700
-15600
-13900
-18400
-15900
-18200
-15400
-21300
-11400
-16700
-14200
-11500
-11400
-14700
-10800
-11300
-19900
-11500
-20600
-17500
-24700
-21400
-30400
-31500
-28800
-37200
-32200
-35700
-34900
-42200
-30600
-35600
-29600
-31600
-31200
-29800
-32400
-30900
-37600
-21400
-23800
-32000
-25700
-17300
-23900
-24000
-12800
-16900
-23000
-18800
-14100
-19600
-15400
-10700
-14100
-14000
-12400
-10700

-10800
-3100
-9000
-7200
-3000
-2100
-5400
-3400
6900
-1900
-800
-2000
1700
-6300
-6400
-5900
-10600
-12000
-18400
-16700
-18800
-9400
-20500
-13800
-6100
-5800
-8000
-8100
4200
-6100
-1100
-2100
200
-1600
300
1100
700
7600
3600
1900
4100
9300
-600
2900
8700
-2600
-1800
-6500
600
-6200
-4900
-5800
-7400
-6200
-8800
-7800
-9800
-3700
-9700
-10300
-13400
-7100
-10300
-14000
-8300
-12800
-12800
-19500
-9100
-15900
-17000
-13800
-17700
-18900
-19800
-14500
-19500
-13100
-16900
-15000
-16000
-9000
-13500
-15600
-4200
-19000
-13600
-15300
-17100
-26000
-18500
-22300
-31000
-29600
-31200
-32300
-41700
-28200
-42400
-34400
-32700
-33300
-31400
-32300
-28300
-34300
-27200
-33400
-34000
-29800
-25000
-30800
-23200
-11600
-23500
-23500
-19500
-16200
-21000
-15500
-13400
-18100
-15900
-15700
-12200
-14200
-6200
-13000

-7400
-7000
-7700
-6600
-1700
2200
-7800
800
0
1600
-5100
2200
-100
-3500
-6400
-7800
-6800
-16200
-12000
-19700
-15500
-14600
-16700
-14000
-6700
-3400
-11000
-2600
-1500
1000
-6500
0
1100
600
3500
-4100
7000
3200
7900
-700
10100
10000
-1300
3900
2800
2900
-5400
-2800
-1800
-2200
-11300
-6400
-2400
-6200
-3800
-13000
-5400
-8600
-7500
-10000
-8800
-6700
-13000
-12200
-12200
-8700
-16400
-10900
-13500
-16200
-17700
-15700
-14400
-21400
-11900
-20000
-16400
-18700
-10400
-16900
-13000
-8100
-16500
-11700
-11300
-12300
-18500
-9600
-19700
-20000
-19400
-25900
-27300
-35000
-23200
-39900
-33700
-35400
-36700
-35800
-33300
-31000
-31700
-27600
-36300
-27600
-34100
-32400
-34300
-24100
-22100
-33400
-19400
-21700
-18000
-23100
-13100
-19300
-22200
-17700
-15600
-12600
-16900
-10900
-16400
-10000
-15300
-9500

-7000
-6300
-7800
-6400
500
-5000
-2900
-1300
4600
-2700
700
700
-1800
-500
-8400
-2200
-12400
-9800
-16900
-17300
-13500
-14800
-14700
-15200
-4000
-9900
-4000
-7400
1400
-600
-2800
1600
-4000
5800
-2600
-600
3900
8300
2500
900
9200
6100
4400
2100
7400
-2300
-1200
-6600
-1700
-200
-8700
-5700
-7300
-3400
-9000
-7900
-6600
-5500
-8600
-10900
-9600
-9500
-7800
-12900
-8300
-13200
-12800
-14100
-13200
-13300
-16800
-13600
-19400
-16100
-17900
-16500
-16300
-14100
-15100
-17900
-12100
-12100
-11100
-14400
-7300
-16400
-12400
-10800
-20500
-16000
-22900
-21300
-32100
-25400
-32100
-34200
-37200
-33200
-36800
-35600
-30100
-39300
-23400
-34800
-31600
-29300
-25500
-34400
-35000
-22600
-27600
-28300
-22500
-11800
-27000
-19200
-18000
-17600
-18300
-14600
-13300
-21200
-12100
-16400
-11500
-11900
-7600
-11900

-8400
-5500
-10400
-2400
-2800
1200
-7000
500
4300
-3400
800
600
400
-6400
-2000
-11500
-7900
-11900
-14100
-18200
-14100
-8000
-22000
-10300
-7500
-4600
-9600
-1900
1000
-4100
-100
-2400
1600
1000
5900
-5000
4600
6700
3700
7800
5400
10100
-2000
5400
1300
2300
500
-1200
-2700
-6900
-3400
-9600
-4000
-4600
-3800
-12600
-8000
-2400
-11600
-7800
-9700
-5700
-13700
-11100
-11000
-11600
-10900
-11800
-11300
-18800
-12500
-16000
-15300
-16700
-14600
-19500
-16000
-11900
-18000
-12500
-12100
-10300
-16300
-8500
-9600
-16000
-12500
-13300
-17600
-22700
-14200
-28100
-25600
-32100
-26600
-34700
-34300
-31100
-41300
-29200
-35000
-31300
-31400
-26900
-34700
-29700
-29100
-34800
-28900
-26300
-21600
-35000
-18900
-19700
-21800
-19400
-14000
-15700
-23000
-13800
-16300
-14500
-16000
-12200
-15400
-9900
-10000
-13800

-3500
-5800
-6700
-9600
1300
-2500
-3100
700
4100
2600
-3800
3400
-2400
-1200
-7000
-4600
-9100
-12800
-13000
-18600
-11600
-14900
-15000
-13900
-5000
-6300
-8600
-2400
-300
1000
-6100
3000
-2700
2500
-200
700
8100
4900
5600
-400
10500
4500
6400
3700
5300
-300
-3900
-2000
-3400
300
-7800
-4600
-7000
-3800
-4600
-10900
-4600
-5100
-7100
-14200
-6800
-6400
-9000
-12700
-8300
-9900
-16300
-9800
-13900
-14100
-15900
-12200
-18400
-18000
-13800
-18300
-14000
-16300
-12000
-18000
-10800
-12800
-12900
-10400
-9700
-11800
-17000
-7000
-23600
-16600
-23300
-20200
-27300
-29000
-27000
-37100
-31400
-36800
-32500
-38300
-30100
-34400
-27500
-31500
-32800
-24400
-32800
-31300
-34400
-24400
-28100
-25700
-21600
-16600
-20800
-23000
-16300
-17600
-14400
-20700
-13400
-15600
-16200
-16000
-10500
-8200
-14600
-8700

