
Curva de Excitacao - Bobina Girante (Dados Brutos)

Arquivo..............: C:\Arq\Wiggler\Medidas Wiggler - Corretoras\Bobina Tungstenio\Gap23\Translado23_X=-8_#013.dat
Data.................: 14/02/2005
Hora.................: 08:47:19
Ganho................: 5
N. de Coletas........: 1
N. de Voltas.........: 10
Intervalo de Análise.: 4 - 8

-12400
-6300
-8900
-12100
-9600
-8300
-2600
-9400
-10300
-7500
-3500
2800
12500
16400
17500
23400
31900
33200
38600
34500
36900
26500
14700
4300
-9300
-14100
-27500
-38000
-42700
-38700
-45500
-33800
-29000
-16100
-12800
-13900
-3000
-6200
1200
-5100
-2100
-3300
400
-2300
-4400
3500
-1900
-4000
-3600
400
-6400
-5400
-5800
-3600
-3600
-9400
-4400
-9200
-5200
-11300
-11800
-8600
-10100
-13100
-13400
-10100
-15400
-12600
-14800
-13100
-16700
-15100
-13000
-16600
-16000
-19700
-14800
-22500
-17800
-22200
-21700
-20200
-22700
-25500
-29500
-28900
-36300
-24900
-30400
-27300
-32000
-19600
-27900
-43300
-40400
-48500
-50800
-52100
-41300
-42300
-29100
-23000
-8900
-8800
3200
3200
-2400
-7600
-14500
-19500
-18900
-21900
-38100
-36300
-37800
-39800
-40100
-23000
-27000
-30700
-21000
-12300
-18800
-15500
-7500
-7300
-11000
-10400

-6700
-7000
-4300
-9200
-9600
-9200
-10100
-10200
-4100
-2600
-1200
1700
4300
17200
16500
30000
31300
39000
34500
36000
31500
28100
16900
3000
-3400
-17900
-23400
-46100
-37000
-40900
-41100
-39000
-29300
-13600
-17400
-8500
-6100
-600
-3000
-2200
-4600
1700
-300
-5700
1100
-1600
3100
-9400
100
900
-5400
-4300
-4600
-2900
-6600
-7400
-8500
-5900
-7800
-9200
-11300
-8900
-7100
-16000
-12100
-12100
-9300
-16100
-13500
-10700
-16500
-14100
-16700
-13800
-16800
-17000
-18700
-17300
-20200
-20000
-22200
-21300
-22600
-30800
-21700
-30500
-32100
-30600
-27000
-31500
-32900
-23200
-27700
-36800
-38500
-43200
-58400
-50900
-45100
-39400
-31100
-19800
-9000
-10100
-600
1200
-1400
400
-10000
-20100
-26100
-29800
-38200
-32800
-28300
-38600
-38600
-30700
-27100
-30100
-16800
-14500
-15800
-17500
-8900
-8300
-8400
-4600

-7000
-5800
-11200
-6800
-12200
-5500
-9700
-9500
-8600
-4400
600
-1800
14100
14900
23500
19900
37000
32400
37700
34800
35300
31100
13100
8700
-9900
-12400
-29600
-37500
-41500
-40100
-41900
-36300
-24200
-20900
-10800
-13700
-2000
-6700
1800
-1100
-4100
2700
-1900
0
-5000
3700
-1200
-3300
-1100
-1000
-3800
-6200
-2300
-5200
-1600
-8600
-7400
-7000
-6600
-7300
-14300
-4800
-11000
-10600
-14500
-8700
-14000
-14200
-12000
-12900
-13400
-16300
-12500
-16700
-13900
-18800
-15500
-16800
-19100
-19900
-25300
-17500
-26000
-25100
-25000
-29000
-32300
-27600
-25700
-35700
-28500
-25200
-24400
-41700
-37300
-47500
-54200
-47000
-44900
-37600
-35100
-16600
-13600
-4600
1700
3900
-2800
-8000
-10500
-21900
-12800
-29400
-35200
-40000
-33500
-38400
-36800
-20700
-29400
-26300
-27300
-12100
-21000
-10500
-8200
-6300
-8200
-11700

-3900
-7700
-1600
-12900
-5600
-11500
-8400
-12900
-4600
600
-3100
4800
4700
18800
13800
29600
30500
37700
37400
36700
34900
24900
18100
1800
-2700
-16700
-25200
-39000
-38700
-37900
-45600
-31600
-30900
-17300
-14700
-6600
-5700
-4300
3000
-5500
-1300
-1000
2200
-5700
1000
2600
-300
-4400
-2600
2500
-5800
-500
-8100
-1100
-4300
-8500
-7400
-5300
-3900
-13100
-9600
-8600
-8400
-14600
-10400
-9400
-13800
-12600
-14500
-12900
-16200
-12000
-16500
-14700
-14000
-18600
-16500
-19500
-15600
-24300
-18600
-21300
-23000
-29900
-22100
-29500
-33300
-24900
-31500
-29900
-33800
-19100
-32100
-35900
-33700
-47100
-53200
-53900
-40700
-43300
-24100
-23100
-11200
-8000
-1200
1900
-2100
7100
-15900
-19200
-28400
-26700
-40800
-30000
-28100
-40800
-37900
-31100
-24800
-31200
-14500
-15900
-15400
-17400
-8500
-7600
-9000
-2000

-9200
-3300
-12700
-6800
-11200
-4700
-9200
-10700
-5800
-4400
600
-200
12800
14500
21600
24800
34100
35100
34700
39100
30700
31700
16400
6200
-7400
-12700
-25700
-41000
-37300
-42600
-40900
-38900
-22400
-19300
-13600
-9100
-5300
-100
-2600
800
-4200
4100
-1300
-3700
-600
1300
1200
-6200
3700
-2800
-3900
-5200
-2300
-3200
-4500
-6000
-7900
-5300
-9200
-8900
-11900
-5000
-9300
-14100
-9500
-12800
-10300
-14600
-10700
-15800
-13000
-13700
-13600
-15200
-15500
-15100
-19400
-15500
-18800
-19100
-23800
-17100
-26100
-26900
-20100
-31900
-30900
-30300
-24700
-35700
-26400
-22600
-27200
-37700
-39400
-41900
-58000
-43100
-48500
-35100
-34700
-17400
-11100
-4000
2500
0
900
-8000
-9100
-21800
-11700
-29900
-35500
-36500
-33700
-36400
-38000
-19900
-29900
-27000
-24000
-12900
-16100
-10800
-6700
-10300
-6300
-8300

-3800
-8100
-3700
-8600
-7800
-8600
-8700
-8100
-6600
700
-3700
3800
7700
18600
19900
26000
33800
36700
40000
33700
35700
25200
18200
6200
-6100
-12900
-29100
-37000
-40200
-37700
-44000
-34500
-27200
-18600
-10300
-10700
-1100
-7200
4200
-4800
-2900
3900
300
-300
-3100
4500
-4000
-1500
-2400
2700
-4300
-1600
-4000
-4800
-1200
-8400
-5200
-7000
-4100
-10100
-10900
-6800
-9000
-9900
-13700
-7800
-13500
-10800
-14000
-12000
-13100
-13600
-13600
-17200
-13300
-18600
-13600
-17700
-17500
-22400
-19700
-18500
-27300
-25600
-24900
-24800
-34400
-23400
-32800
-30700
-27300
-24800
-24100
-38400
-31500
-51900
-50200
-51900
-42900
-38400
-26300
-19300
-13400
-3800
-2300
4600
400
3800
-15400
-18200
-22100
-29700
-34800
-32100
-27700
-41800
-34900
-31400
-25200
-27500
-16200
-13200
-15500
-13400
-9700
-5300
-6900
-5100

-7700
-4300
-8400
-10700
-6500
-6300
-5500
-10700
-3200
-3900
-1400
2000
11700
17600
18900
28800
32000
38800
36000
36300
34700
30300
18400
3800
-2700
-17100
-23600
-40700
-36000
-42000
-40300
-32700
-27400
-15300
-14400
-3600
-8700
0
0
-1100
-1300
1900
2900
-5700
2900
-2000
900
-3200
200
100
-3800
-400
-6900
-600
-3100
-6800
-8200
-2700
-5700
-11300
-7200
-7900
-6200
-14100
-7800
-12400
-10100
-13300
-11100
-12600
-15100
-11400
-16400
-13100
-17600
-16400
-15700
-14600
-18700
-21400
-18100
-21700
-23700
-27500
-19300
-33500
-30400
-26200
-29500
-29900
-28100
-18800
-31600
-33100
-41400
-43800
-54300
-46100
-44400
-39500
-24000
-24400
-9400
-3600
5900
-2900
200
-3100
-12500
-16200
-15700
-27100
-39700
-33000
-33900
-38700
-34500
-22600
-27300
-27900
-19700
-15400
-13900
-13200
-5400
-7100
-6300
-8600

-6900
-2600
-6600
-7800
-9200
-4700
-11600
-7900
-3900
200
-1000
2500
11600
13200
22400
26800
35600
36900
40800
37500
31500
31300
16700
8000
-7100
-9000
-27700
-38600
-37500
-39300
-39000
-37800
-24000
-21400
-7300
-10500
-2900
-1200
1200
-2400
-3700
6400
-2600
-400
-500
4300
-2900
-2600
2900
-1200
-1300
-3900
-2100
-5600
-1100
-6700
-4800
-3200
-6800
-7400
-12200
-4200
-10200
-9400
-11400
-9800
-10400
-11500
-10900
-14800
-11300
-14100
-13800
-15100
-11700
-18000
-16500
-14800
-19200
-16500
-23000
-15200
-27500
-24300
-23800
-28200
-29400
-25500
-24000
-33900
-25500
-25500
-24600
-36100
-35300
-48800
-53300
-43800
-46300
-35800
-31700
-16600
-12200
-2600
-1800
2900
4600
-700
-10900
-21500
-18100
-31600
-33300
-31200
-29100
-40800
-36000
-24700
-29500
-23500
-19000
-11200
-16500
-13600
-9800
-5100
-4500
-6400

