
Curva de Excitacao - Bobina Girante (Dados Brutos)

Arquivo..............: C:\Arq\Wiggler\Medidas Wiggler - Corretoras\Bobina Tungstenio\Gap23\Translado23_X=1_#022.dat
Data.................: 14/02/2005
Hora.................: 09:08:24
Ganho................: 5
N. de Coletas........: 1
N. de Voltas.........: 10
Intervalo de Análise.: 4 - 8

-11100
-7100
-8700
-10400
-10000
-7300
-9600
-9900
-4800
-9700
-6100
-12300
-11600
-9400
-10600
-11000
-14600
-7800
-13000
-10500
-13300
-3500
-9900
-4000
-6600
-3800
900
-8100
-1200
-3200
6900
200
1000
6700
8300
6300
6900
13100
7800
4600
-2800
600
-4200
-5700
-6300
-10200
-6100
-13300
-5900
-4400
-5000
-4900
-8300
-5400
-7300
-5000
-7700
-5400
-6800
-9900
-14500
-10800
-5900
-12700
-7100
-16900
-10000
-16300
-12700
-16200
-10700
-10100
-22100
-21400
-23500
-20400
-28300
-20700
-26600
-26700
-27700
-20600
-19200
-15800
-4600
-14500
-7300
-11400
-5700
-12600
-10200
-12000
-15700
-18200
-21400
-19700
-33400
-26500
-35500
-27100
-38100
-35800
-31700
-37600
-35800
-34600
-30100
-34000
-31200
-30400
-28100
-29900
-26700
-24700
-25000
-21500
-28500
-20500
-18400
-19100
-20500
-17800
-13600
-20000
-13600
-14000
-9900
-15500

-10100
-11500
-10300
-8100
-9700
-2600
-9500
-6900
-12100
-5300
-8800
-9600
-12300
-7600
-9100
-17600
-9700
-12000
-7100
-15000
-7400
-7700
-7000
-5200
-8600
600
-2500
-1400
-5400
1500
500
3100
2500
6600
12700
3100
12500
1400
8600
5800
1600
-700
-4200
-2400
-14000
-4600
-7500
-5700
-9100
-6300
-6600
-7100
-3200
-6900
400
-11200
-6500
-10900
-4600
-8600
-11000
-6600
-11500
-11600
-16500
-8500
-12100
-8500
-16300
-14500
-15200
-15500
-16300
-19900
-14000
-27300
-25500
-28700
-24200
-24300
-21700
-19000
-23800
-13400
-15100
-7600
-9300
1400
-11700
-8800
-10700
-13700
-11200
-24100
-14600
-26600
-25000
-32300
-30600
-30500
-34300
-34000
-33900
-33200
-40200
-30000
-34800
-29800
-33500
-29100
-24500
-31000
-24600
-30600
-19800
-24500
-22900
-23100
-15700
-21600
-23300
-13700
-15300
-13600
-20600
-8700
-16900
-11400

-13200
-6100
-8200
-12300
-7600
-9800
-1700
-12100
-4200
-9200
-4200
-13700
-11700
-5900
-13200
-10000
-14700
-7700
-12800
-9100
-9800
-5900
-4900
-7300
-3800
-7100
1300
-7400
1100
-100
2400
4500
-2300
11400
3500
11400
6900
10500
8400
5100
100
-3400
1800
-6600
-4100
-11900
-6700
-10300
-6500
-4600
-3400
-2800
-10500
-4000
-5900
-5100
-8900
-3700
-7100
-11400
-11200
-9700
-6600
-11700
-8000
-16100
-9600
-12500
-13800
-12500
-10600
-14300
-23600
-19200
-20500
-21100
-22500
-22300
-27900
-27300
-22300
-23500
-17300
-13600
-8900
-14900
-7400
-4400
-10700
-8100
-11300
-7700
-19200
-16300
-22300
-22800
-27300
-27600
-31200
-33500
-29500
-40700
-31000
-37800
-30800
-35700
-30100
-31000
-33400
-29500
-28900
-24500
-30900
-22600
-23700
-22400
-29700
-17100
-15900
-20200
-17300
-17900
-14100
-20300
-12000
-12500
-10000
-14200

-11700
-9500
-9200
-9000
-10400
-3100
-8600
-9100
-8500
-5700
-6600
-11000
-6800
-11000
-11000
-14500
-9600
-11600
-7800
-8400
-11600
-3800
-8000
-4000
-10900
1800
-1100
-4900
-2700
200
3900
-1900
4800
5600
11400
4800
8300
6300
10100
8200
-1100
5700
-5900
-4900
-11500
-4900
-6900
-7800
-5900
-7800
-3900
-6700
-4600
-3700
-1700
-10500
-8700
-5400
-5800
-6000
-11200
-7900
-11300
-10400
-12200
-12000
-7300
-9300
-15000
-18300
-11200
-14700
-17600
-17000
-18100
-24600
-25900
-23000
-28200
-21400
-22500
-20500
-24500
-13600
-9300
-8700
-4100
-5700
-6500
-13000
-8200
-14400
-12300
-22300
-14800
-24400
-28500
-24200
-35300
-27200
-35600
-32500
-36300
-33000
-34900
-33200
-33700
-28300
-28600
-32200
-20800
-30200
-30000
-27000
-17300
-24600
-25400
-16600
-20000
-21200
-18300
-11700
-17600
-13400
-15100
-14300
-12700
-10600

-8000
-11100
-6300
-10100
-10100
-5700
-5000
-9300
-6400
-4200
-9100
-10600
-10000
-6000
-13000
-10000
-11200
-11700
-7100
-11200
-7800
-8600
-800
-9800
-6400
300
-1000
-5300
-2400
4700
-700
5500
100
7200
5200
11000
11700
3600
13800
4500
700
-2300
-100
-4800
-7000
-8500
-9500
-5800
-6600
-2400
-7300
-3500
-5200
-6300
-2400
-5500
-4400
-8300
-5000
-11100
-10900
-9100
-5700
-8000
-13400
-11200
-12300
-8900
-14600
-9500
-13500
-15400
-20200
-18800
-17300
-23600
-16600
-26200
-26500
-29300
-22200
-22000
-16800
-11600
-13200
-8200
-11100
-400
-11100
-6000
-12200
-9200
-16900
-19200
-17300
-24800
-22600
-30200
-25700
-34700
-31800
-37100
-32500
-35000
-35300
-30400
-34300
-27200
-33500
-28000
-26300
-25300
-29400
-23700
-20400
-25600
-23600
-20300
-14700
-21200
-16800
-18200
-16100
-14700
-14800
-10800
-11900
-10000

-15100
-8400
-7900
-7200
-9500
-3100
-4700
-12800
-3000
-8600
-3400
-13300
-7000
-9400
-10600
-11900
-12300
-6000
-10200
-7700
-13800
-2800
-8100
-1800
-7300
-2100
1700
-6900
1400
-3800
5200
2100
3400
6700
10800
10800
5200
10200
8000
10700
-1800
1100
-3200
-3100
-7600
-10200
-2600
-7900
-5700
-8400
-3400
-3800
-5300
-3300
-2200
-4900
-9600
-4300
-7100
-4500
-11700
-10400
-8800
-9900
-10200
-11500
-5000
-14200
-13000
-15400
-10800
-17600
-14900
-12800
-22600
-24000
-23200
-22100
-28000
-18000
-22800
-22900
-20000
-13300
-7600
-11700
-600
-7600
-7000
-10700
-9000
-12500
-10500
-15000
-24400
-18700
-28000
-25200
-37000
-25700
-33800
-36100
-31300
-35400
-33800
-36800
-24000
-32700
-31800
-29800
-22800
-29100
-30700
-20900
-22700
-20600
-26400
-17900
-20700
-16400
-20000
-15900
-11100
-15300
-14800
-16300
-6500
-15500

-9100
-7700
-5900
-12300
-9400
-1100
-8800
-4900
-7600
-4400
-11300
-7100
-10600
-8100
-6300
-13800
-10100
-12800
-5100
-12100
-7200
-4900
-4500
-4600
-7200
700
-3200
900
-3100
500
2100
6900
400
6600
13900
6600
10200
6600
14600
3600
2600
3000
-3000
-2000
-8500
-4900
-9800
-3800
-8300
-4100
-3200
-3700
-4400
-6700
300
-8900
-4200
-7400
-4300
-10200
-8000
-7800
-8100
-4800
-13800
-11600
-10700
-7800
-14600
-10100
-11800
-16100
-17200
-18100
-19100
-22700
-17900
-26900
-25600
-24900
-22900
-20300
-18200
-9300
-15100
-9400
-8800
-1400
-9900
-5800
-7800
-14700
-9700
-20700
-15200
-26600
-19500
-30200
-32600
-28300
-32800
-32800
-33500
-30200
-39300
-30400
-31500
-24800
-37100
-27100
-21100
-30800
-25800
-25000
-18500
-28200
-20100
-19700
-16000
-19500
-17000
-16700
-17100
-10300
-17400
-10100
-10900
-10400

-14800
-7600
-5800
-9700
-5200
-5800
-5500
-11600
-3100
-6400
-5600
-8400
-11100
-7500
-11800
-8600
-14300
-7200
-8300
-10700
-9900
-4800
-1400
-8300
-2000
-3700
500
-6500
2800
-700
2500
6400
0
8300
7000
13400
3700
10400
11300
6800
3000
-100
-700
-8000
-4600
-8300
-6200
-7600
-4000
-5400
-6100
-1500
-7100
-4100
-4700
-3000
-6700
-7400
-4100
-6700
-8500
-10900
-5700
-10600
-10000
-11700
-8000
-10300
-13900
-12700
-14800
-10800
-17900
-16200
-20900
-21400
-23800
-25100
-22500
-23200
-21400
-23700
-16400
-17500
-7900
-8000
-4900
-5100
-9700
-6800
-13400
-7600
-16600
-16300
-21200
-19000
-28800
-25600
-29900
-31500
-32000
-37800
-27100
-37700
-33300
-34800
-26700
-29900
-32000
-27500
-25500
-25400
-31100
-21500
-22500
-19400
-26700
-19100
-17600
-19800
-15900
-17300
-10500
-15400
-13700
-15100
-9700
-10500

