
Curva de Excitacao - Bobina Girante (Dados Brutos)

Arquivo..............: C:\Arq\Wiggler\Medidas Wiggler - Corretoras\Bobina Tungstenio\Gap23\Translado23_X=12_#033.dat
Data.................: 14/02/2005
Hora.................: 09:32:05
Ganho................: 5
N. de Coletas........: 1
N. de Voltas.........: 10
Intervalo de Análise.: 4 - 8

-12300
-18800
-14400
-15500
-12900
-16500
-14200
-13400
-12900
-6200
-12500
-8200
-9300
-3800
-8900
-5300
-6400
-4700
-100
-11600
-900
-10300
-12200
-24100
-23000
-23000
-22300
-22300
-19700
-5000
-7800
4600
-1100
8700
8500
13200
14800
21800
35700
41900
61800
67100
65200
59000
46600
31300
18900
-6600
-23000
-42000
-54500
-60100
-58400
-57600
-57600
-64500
-67000
-64000
-62400
-50600
-55200
-47600
-53500
-52600
-57300
-42700
-36900
-37800
-39000
-34900
-31800
-33100
-14900
-10600
14300
20700
37200
36900
64300
71200
73000
87800
91500
89200
65600
60700
15700
10400
-15500
-28600
-47600
-45400
-59800
-80700
-78900
-95200
-102300
-104200
-78600
-77700
-57400
-44200
-33000
-26200
-14500
-100
-11200
-1500
-14500
-8600
-17200
-15600
-23300
-17800
-12800
-23000
-24200
-23400
-17100
-26800
-18700
-23800
-17400
-19700
-20600
-17200
-19700
-16100

-20000
-15900
-17100
-13700
-15000
-8400
-13400
-16600
-9600
-11200
-6400
-13100
-5700
-7500
-6600
-7700
-3200
-1100
-5600
-7600
-10600
-6600
-16300
-15300
-21500
-23300
-22400
-28100
-16200
-14200
1500
3000
7000
9800
8200
9300
9900
19900
33900
50400
58600
68200
69000
66300
50100
24200
10900
-11900
-21900
-33500
-44500
-51500
-67400
-62900
-68300
-60200
-62500
-53900
-58600
-60300
-58700
-53300
-44100
-49900
-42000
-52200
-43000
-52100
-32500
-33100
-25400
-20300
-17900
-7900
600
24200
22200
52300
61000
78900
74900
93900
86600
77400
75500
48200
31100
4100
-8100
-40300
-37200
-48900
-63000
-77600
-79300
-93900
-105100
-88800
-93100
-77200
-64300
-38500
-27600
-19600
-11100
-12100
-8100
-9300
-9100
-13200
-5600
-20300
-21400
-17000
-17500
-21700
-26100
-15400
-21100
-24100
-22400
-19100
-20800
-20400
-19600
-18700
-15900
-20200

-15700
-16700
-13900
-17500
-15100
-8800
-14500
-11600
-10800
-8200
-11700
-9000
-8400
-4700
-4000
-7500
-3200
-6400
-2400
-8100
-5500
-7900
-13300
-17700
-23700
-17900
-24200
-25500
-21300
-8900
-4500
3900
7100
12000
13100
3500
14500
15900
39100
49100
61000
70200
67100
62900
41200
35400
13100
-1200
-29500
-36300
-52300
-54800
-56700
-60000
-59700
-70800
-63500
-66200
-52100
-56500
-50600
-52000
-52600
-52900
-48700
-40500
-43600
-38300
-43100
-35100
-34300
-18100
-14400
-4400
9400
15800
30100
42600
65200
67300
87200
89100
92500
82600
71700
45000
26200
12900
-18600
-31500
-37500
-49200
-62100
-77900
-77700
-101200
-100400
-93600
-86500
-73600
-57600
-46600
-35000
-17700
-14100
-3700
-7000
-7200
-14500
-12400
-7500
-20500
-16900
-16000
-17100
-25900
-24000
-19000
-19500
-22800
-20800
-19300
-22000
-18100
-21300
-14800
-19400
-18800

-15900
-14900
-14100
-16300
-11800
-13100
-13100
-15200
-8600
-10100
-7200
-9000
-8800
-4500
-9000
-2300
-7000
-1200
-5300
-6600
-8000
-8400
-10100
-20500
-20000
-25400
-18000
-27700
-17000
-9700
-600
1900
3200
13300
7800
13300
10000
21000
31700
49900
59100
69900
74400
64100
47400
24600
9400
-11000
-17000
-31800
-45600
-58000
-64200
-63800
-63800
-59300
-58600
-60400
-60000
-58000
-56300
-50300
-48000
-46600
-49100
-48600
-45500
-40700
-38000
-31900
-27300
-23200
-20400
-6300
9600
16500
33700
45700
63600
69700
86900
84100
89800
86100
71900
47900
28800
10600
-21500
-26700
-39200
-49300
-66100
-68600
-85800
-94300
-101200
-95900
-91400
-76200
-54100
-47900
-24500
-22700
-14300
-10200
-4200
-9700
-12500
-6800
-12300
-19100
-21800
-11500
-21900
-17800
-22800
-20100
-22100
-21500
-19400
-21900
-16700
-20900
-18600
-19500
-15500
-18900

-13700
-13100
-17300
-14400
-15200
-8100
-14600
-10800
-13000
-7700
-7700
-11600
-6100
-3800
-3700
-10100
-3600
-5500
800
-7000
-5700
-6300
-15200
-15900
-24300
-19000
-24900
-23000
-19300
-9500
900
3900
8900
7900
13300
4900
14000
18200
39100
50600
58100
69100
64600
64700
47400
35000
16500
-9000
-27600
-41500
-46700
-50800
-56500
-61600
-63400
-67100
-65700
-58900
-53900
-50700
-57500
-51600
-53100
-48400
-46000
-43200
-38400
-43100
-39500
-39600
-23700
-25300
-9600
-4700
5800
13900
32400
50900
53900
78900
82400
93400
86400
90900
63700
48600
34200
7100
-16400
-30700
-34500
-57100
-57200
-77000
-83300
-96800
-95100
-95200
-88000
-66100
-64700
-47900
-31600
-14800
-15200
-1800
-5400
-10300
-12000
-10000
-9100
-21300
-13500
-20600
-16300
-21900
-23000
-18800
-18200
-18900
-25400
-17500
-20900
-17400
-22700
-12900
-18200
-19600

-13300
-15300
-12300
-18100
-11300
-12800
-13300
-14500
-8100
-6300
-9700
-9400
-9500
-1500
-7700
-3100
-4100
-2000
-2300
-10600
-3000
-9300
-9500
-19200
-21500
-22000
-20400
-24100
-18200
-8000
-3000
5900
500
14800
12100
10800
10200
17400
39200
44600
62400
70200
75400
61400
43700
25500
11200
-1300
-22000
-30900
-52100
-54600
-66700
-59500
-58400
-62000
-59900
-62600
-57300
-61100
-49200
-50700
-46100
-51300
-45800
-49800
-43500
-39200
-37400
-29600
-31900
-21300
-19900
-1300
5200
21000
33300
44400
64600
71900
82900
81100
98000
85500
70800
50900
30300
6200
-16500
-25000
-43500
-48900
-60700
-74100
-81800
-92100
-99600
-100600
-84600
-72200
-58100
-45800
-22400
-24400
-14200
-4800
-5400
-6200
-10700
-8100
-14000
-15800
-20000
-16900
-16300
-20300
-22400
-20900
-17500
-23700
-20300
-19100
-18600
-21300
-18100
-16400
-18100
-13800

-16300
-13400
-16500
-13200
-14700
-9500
-11600
-13700
-8900
-9900
-6200
-10700
-3900
-5600
-4700
-8000
-2700
-1400
-3300
-3700
-9300
-4900
-13700
-15700
-23000
-18500
-21100
-26800
-15900
-10800
1300
1500
9200
10500
12800
9000
12400
23100
36100
52000
55700
70400
68000
66500
50800
33600
12600
-12600
-22600
-37400
-42700
-54300
-55500
-64200
-64600
-64000
-61600
-57100
-54300
-54200
-56300
-53400
-51400
-45300
-46500
-43600
-41900
-41800
-40100
-34400
-26400
-21600
-14200
-3500
7200
18100
30100
47000
63100
76500
81900
89700
91500
82700
70400
51300
32100
5600
-13800
-30300
-39400
-51700
-59300
-76600
-81700
-91000
-101100
-91200
-87200
-71600
-66200
-43000
-25300
-21400
-11700
-2900
-1700
-11600
-8400
-11100
-7900
-18800
-16900
-15400
-18200
-18600
-24400
-14500
-20700
-20900
-22300
-17000
-20800
-17000
-17400
-17400
-16200
-18600

-12500
-17300
-11600
-14000
-12800
-10800
-12500
-10400
-11100
-4800
-9700
-7800
-9700
-200
-4100
-6300
-2500
-3100
-1100
-9400
-3400
-8300
-10300
-18200
-20500
-19200
-22800
-20300
-19500
-7700
-3300
5900
5300
12400
13400
8400
14200
16300
40000
48700
65300
70000
70700
63400
43700
30700
14800
-1900
-22200
-34300
-51200
-54600
-61400
-58100
-57000
-63700
-60700
-62800
-56500
-54900
-51200
-49400
-48800
-47200
-52100
-44000
-40500
-37700
-39600
-32200
-29600
-24300
-12200
-5200
10200
17400
36300
44600
62200
71900
83100
89900
91900
89500
67500
54000
24200
11000
-16000
-28500
-39500
-48800
-58300
-77100
-76300
-98200
-97400
-100000
-82000
-73400
-55200
-43000
-30000
-19500
-15500
-1000
-8900
-2700
-13600
-7800
-10200
-15000
-18400
-16500
-13100
-22200
-21800
-21000
-16100
-22500
-19400
-18800
-19100
-17100
-21200
-13700
-18200
-14600

