
Curva de Excitacao - Bobina Girante (Dados Brutos)

Arquivo..............: C:\Arq\Wiggler\Medidas Wiggler - Corretoras\Bobina Tungstenio\Gap23\Translado23_X=-7_#014.dat
Data.................: 14/02/2005
Hora.................: 08:48:54
Ganho................: 5
N. de Coletas........: 1
N. de Voltas.........: 10
Intervalo de Análise.: 4 - 8

-16900
-7200
-6500
-12600
-8700
-6200
-2500
-6900
-5600
600
5400
6800
15200
19200
19200
24800
27000
22600
27800
19400
19100
8700
-5100
-16000
-25000
-27000
-37500
-42200
-41400
-26700
-32000
-20100
-18700
-4600
-4300
-6100
-1300
-4500
5400
-7200
-3200
-1400
600
-3500
-4900
3700
-100
-3200
-5200
-400
-6400
-3900
-7900
-4700
-1700
-11100
-7100
-10100
-5500
-11200
-9800
-8900
-9800
-12800
-13600
-10700
-14900
-12200
-15400
-15300
-14300
-15000
-16000
-17500
-14500
-19700
-15600
-20000
-14800
-21700
-19000
-20200
-23200
-24600
-28200
-28800
-35900
-29200
-33700
-30100
-33800
-25600
-28800
-36000
-28000
-34200
-35900
-49000
-49000
-50600
-42500
-40800
-26100
-2040
-13200
-10600
-9100
-5800
-9900
-10300
-11200
-18300
-31800
-27500
-27000
-30600
-36900
-25300
-27300
-29600
-22400
-14500
-18000
-18200
-14700
-12100
-11500
-11500

-8100
-7100
-6400
-10500
-9800
-6900
-4400
-7100
-1100
700
3400
7600
9700
21700
17700
27100
26000
30100
23900
20600
11200
8400
-1900
-15600
-21600
-29300
-32100
-46900
-32600
-34900
-27700
-22900
-15200
-5500
-7500
-2800
-5100
-500
-1100
-1000
-5100
1700
-100
-3700
-1000
-1500
1600
-8600
900
-500
-4600
-5400
-6300
-4800
-7100
-6600
-8700
-6500
-7400
-9400
-13200
-10800
-7600
-13500
-12800
-14400
-9700
-15600
-13800
-13800
-14500
-14000
-17900
-14600
-16600
-16200
-19300
-14400
-19900
-19000
-22900
-19900
-22900
-29600
-20400
-30300
-30500
-33300
-31500
-34600
-35000
-28000
-26300
-26400
-29100
-30400
-47800
-46300
-52300
-43900
-44100
-37200
-27200
-22800
-14300
-9300
-4500
-2800
-11500
-15600
-14800
-19800
-25400
-26400
-25900
-30700
-35900
-29600
-23500
-27200
-22700
-19300
-16400
-18400
-12700
-10500
-10300
-10500

-10200
-8300
-8400
-6900
-11400
-2900
-7800
-6000
-3900
3300
5300
4400
13100
19500
25600
19500
29900
24700
28100
17700
16300
9700
-3900
-12100
-28200
-23700
-37100
-40200
-42600
-31100
-26000
-22200
-15100
-8800
-2200
-7500
200
-4200
1700
-2400
-2000
600
-1800
-500
-4200
2300
-1500
-1600
-2600
-1200
-3300
-5800
-4900
-5600
-2200
-9900
-8100
-7700
-4700
-8500
-13900
-8800
-11500
-9400
-15900
-10900
-12900
-13700
-15900
-12700
-14000
-16500
-14000
-16700
-13400
-21200
-13000
-17400
-17800
-19300
-21400
-17300
-25500
-24100
-25800
-27500
-33700
-27700
-30600
-33600
-32100
-32700
-23300
-34200
-25900
-32300
-38700
-49700
-51800
-47300
-45400
-32200
-28700
-16500
-17000
-8200
-8700
-4200
-8100
-12500
-8600
-22700
-27200
-32400
-23600
-29900
-32500
-27300
-27200
-24700
-27600
-14000
-19600
-14100
-16400
-8700
-9000
-11700

-9100
-8600
-3900
-13700
-4900
-8700
-1500
-9500
-700
1800
4200
8500
11400
23200
15800
26500
24300
31700
24900
21600
12900
8500
-300
-15100
-20100
-31800
-31500
-44000
-37400
-34000
-27700
-17300
-20600
-5100
-5100
-2500
-5600
1000
1600
-2300
-3500
-900
2300
-3200
400
-1700
700
-4300
-2700
600
-3200
-1400
-9400
-1900
-4700
-7000
-10200
-5200
-4900
-11600
-10300
-10700
-6000
-14300
-10800
-14500
-10700
-13600
-14600
-13600
-15000
-11800
-18600
-14200
-14900
-16800
-18000
-16600
-16200
-21200
-18000
-21500
-21400
-27000
-21700
-31200
-30200
-27700
-32200
-30400
-37000
-24800
-29700
-25800
-29900
-30800
-42600
-45900
-50000
-49100
-39200
-42100
-26500
-21200
-12200
-11700
-2700
-1500
-14300
-10900
-14800
-15200
-29300
-24400
-27500
-33500
-36700
-26500
-21600
-27500
-20700
-20700
-13200
-20100
-11300
-11100
-8100
-9900

-11000
-5100
-10000
-6100
-11400
-900
-8400
-5900
-3000
2600
3900
4600
16000
17700
24800
21400
29300
26900
26900
21200
13900
12400
-4200
-13200
-24800
-25200
-36600
-42100
-38100
-32700
-24800
-23500
-12500
-10700
-2200
-6400
-1200
-1800
2500
-200
-5300
4100
-2100
0
-4700
2000
-900
-3400
300
-3000
-1000
-5700
-3100
-6100
-2800
-9300
-8300
-7000
-7400
-6000
-12200
-7700
-11200
-11300
-12700
-11400
-11400
-14100
-12700
-16200
-11100
-14800
-14100
-16300
-12800
-16700
-17000
-15700
-19800
-17300
-23000
-16700
-26200
-23200
-25300
-27700
-29800
-30900
-26300
-34900
-29200
-32200
-23800
-33500
-26400
-29200
-40700
-42500
-54100
-44500
-46900
-33700
-29700
-15300
-15500
-8500
-5400
-5500
-5600
-14300
-4800
-23500
-27300
-31600
-22600
-31100
-30900
-24300
-26600
-24500
-27500
-13900
-19800
-12400
-14200
-9900
-10100
-9900

-7300
-8800
-6300
-11100
-5500
-7000
-2400
-6500
-2900
3400
4200
9800
10500
22400
19600
25200
26000
31900
29500
19000
16200
5500
800
-15200
-21500
-28400
-34200
-40300
-36800
-30600
-29000
-18300
-18800
-4600
-5700
-3800
-1800
-1600
7200
-5300
-1700
-500
2700
-1800
100
400
-1600
-400
-3800
3200
-3500
-1400
-8300
-3500
-2700
-7400
-6800
-8300
-3800
-11200
-11500
-9700
-6400
-11800
-14100
-11100
-10700
-12100
-16200
-11000
-14500
-13200
-17400
-12400
-13800
-18400
-13300
-16900
-17100
-21600
-17500
-20500
-23100
-26300
-21800
-25900
-31800
-26000
-36100
-30400
-35600
-24500
-26400
-26700
-26900
-33700
-35800
-49900
-50700
-49100
-35200
-39900
-25700
-20900
-11800
-8000
-4600
-300
-13600
-11300
-12900
-16800
-27700
-25400
-24700
-29300
-30900
-28400
-21900
-27700
-18200
-19500
-10600
-15500
-12100
-10200
-9000
-8800

-11900
-2700
-9100
-6800
-9700
-2600
-3800
-7300
300
2100
6000
5200
14000
18700
25100
25800
26900
30700
25300
22200
13300
12900
-3900
-12000
-23100
-25800
-33700
-42700
-34300
-36700
-20200
-21000
-16700
-7700
-600
-2200
-7200
1100
0
2300
-4700
4600
-1000
500
-400
-2000
3700
-2900
-2100
-2900
900
-4800
-5000
-1800
-1200
-7600
-11700
-3900
-6500
-7900
-12400
-7500
-8800
-11400
-10600
-13400
-8100
-13800
-12300
-15700
-11000
-14400
-15300
-13000
-15400
-15900
-16500
-12700
-21700
-16500
-20000
-18300
-23300
-23500
-20400
-34000
-26600
-30000
-29200
-36500
-28200
-28800
-28300
-28000
-27600
-27900
-41900
-43200
-55600
-43100
-42800
-35900
-26000
-16000
-13400
-12900
-3400
-3800
-7400
-13000
-8200
-21800
-28000
-26700
-23400
-28400
-33700
-24700
-27500
-23200
-23600
-15400
-16000
-16100
-13600
-10400
-5400
-10900

-8900
-6400
-5500
-10600
-7700
-1800
-6000
-4000
-3100
5300
2900
11500
13100
18900
21500
25400
28700
29700
31100
18300
16700
9000
1300
-14200
-21600
-24200
-37700
-36900
-39100
-28600
-28100
-17000
-15800
-7000
-800
-5600
900
-3900
6500
-4900
-600
1800
1300
1200
-1500
3200
-3400
800
-3400
300
-1600
-2500
-5900
-4800
400
-10000
-6400
-6000
-3000
-11600
-9900
-6900
-9500
-9000
-12500
-10400
-12800
-9600
-15600
-13100
-11500
-13300
-16100
-14900
-12300
-18900
-12900
-16500
-15000
-19700
-19300
-18300
-26000
-20600
-25500
-24800
-31900
-24500
-33600
-32100
-31600
-29300
-21400
-28000
-24500
-36900
-36000
-47200
-50000
-46000
-39000
-35200
-28600
-16500
-16200
-6700
-4000
0
-13200
-11300
-9900
-18200
-25000
-26400
-23900
-32800
-29000
-26900
-24300
-27900
-19900
-16200
-16200
-13600
-14500
-6700
-10600
-8200

