Total Power: 1575.699906 Watts
distance  0.05
-100  0
-98  0
-96  0
-94  0
-92  0
-90  0
-88  0
-86  0
-84  0
-82  0
-80  0
-78  0
-76  0
-74  0
-72  0
-70  0
-68  0
-66  0
-64  0
-62  0
-60  0
-58  2.16021e-297
-56  1.30711e-269
-54  3.3536e-243
-52  3.64859e-218
-50  1.68354e-194
-48  3.29544e-172
-46  2.73754e-151
-44  9.65578e-132
-42  1.4471e-113
-40  9.22364e-097
-38  2.50354e-081
-36  2.8987e-067
-34  1.43511e-054
-32  3.04827e-043
-30  2.79134e-033
-28  1.10995e-024
-26  1.93847e-017
-24  1.51583e-011
-22  5.51625e-007
-20  0.0010303
-18  0.126936
-16  1.70888
-14  6.08529
-12  13.4006
-10  24.0607
-8  37.9578
-6  56.7764
-4  84.1209
-2  107.663
0  114.153
2  108.737
4  88.625
6  57.8099
8  38.4931
10  24.6271
12  14.4765
14  7.39236
16  2.90244
18  0.82248
20  0.0700274
22  0.000610899
24  3.62004e-007
26  1.26311e-011
28  2.43921e-017
30  2.52685e-024
32  1.3798e-032
34  3.92947e-042
36  5.79627e-053
38  4.40809e-065
40  1.72281e-078
42  3.45227e-093
44  3.54098e-109
46  1.85673e-126
48  4.97253e-145
50  6.79684e-165
52  4.73928e-186
54  1.68511e-208
56  3.0545e-232
58  2.8221e-257
60  1.32887e-283
62  3.18902e-311
64  0
66  0
68  0
70  0
72  0
74  0
76  0
78  0
80  0
82  0
84  0
86  0
88  0
90  0
92  0
94  0
96  0
98  0
100  0

distance  0.1
-100  0
-98  0
-96  0
-94  0
-92  0
-90  0
-88  0
-86  0
-84  0
-82  0
-80  0
-78  0
-76  0
-74  0
-72  0
-70  0
-68  0
-66  0
-64  0
-62  0
-60  4.21895e-312
-58  4.50154e-284
-56  2.25607e-257
-54  5.31115e-232
-52  5.87376e-208
-50  3.05222e-185
-48  7.45434e-164
-46  8.55994e-144
-44  4.62422e-125
-42  1.17607e-107
-40  1.40957e-091
-38  7.97229e-077
-36  2.13161e-063
-34  2.70116e-051
-32  1.62796e-040
-30  4.6904e-031
-28  6.51001e-023
-26  4.40587e-016
-24  1.48494e-010
-22  2.60485e-006
-20  0.00266454
-18  0.208695
-16  2.11598
-14  6.73864
-12  14.2555
-10  25.0074
-8  38.9295
-6  57.8783
-4  83.6038
-2  105.105
0  110.037
2  105.395
4  88.6927
6  58.806
8  39.5168
10  25.5695
12  15.29
14  8.02598
16  3.29763
18  1.01233
20  0.116505
22  0.00165834
24  1.81776e-006
26  1.3052e-010
28  5.73233e-016
30  1.48837e-022
32  2.24183e-030
34  1.93668e-039
36  9.52578e-050
38  2.65463e-061
40  4.17721e-074
42  3.70247e-088
44  1.84522e-103
46  5.16397e-120
48  8.10727e-138
50  7.1351e-157
52  3.5182e-177
54  9.71537e-199
56  1.50207e-221
58  1.29995e-245
60  6.29671e-271
62  1.70699e-297
64  0
66  0
68  0
70  0
72  0
74  0
76  0
78  0
80  0
82  0
84  0
86  0
88  0
90  0
92  0
94  0
96  0
98  0
100  0

distance  0.3
-100  0
-98  0
-96  0
-94  0
-92  0
-90  0
-88  0
-86  0
-84  0
-82  0
-80  0
-78  0
-76  0
-74  0
-72  0
-70  0
-68  0
-66  0
-64  3.17921e-313
-62  7.91158e-287
-60  1.33012e-261
-58  1.51081e-237
-56  1.15943e-214
-54  6.01246e-193
-52  2.10723e-172
-50  4.99285e-153
-48  8.00069e-135
-46  8.67507e-118
-44  6.36918e-102
-42  3.16924e-087
-40  1.07007e-073
-38  2.45563e-061
-36  3.83855e-050
-34  4.09971e-040
-32  3.00476e-031
-30  1.52092e-023
-28  5.36917e-017
-26  1.34398e-011
-24  2.46563e-007
-22  0.000358613
-20  0.0493901
-18  0.898785
-16  4.0017
-14  9.46872
-12  17.6736
-10  28.6396
-8  42.6588
-6  61.8871
-4  79.145
-2  94.3954
0  96.516
2  93.7724
4  84.4123
6  64.0612
8  43.4968
10  29.2233
12  18.5358
14  10.6311
16  5.15592
18  1.93144
20  0.485584
22  0.0333184
24  0.000294739
26  2.55265e-007
28  1.94878e-011
30  1.24902e-016
32  6.54917e-023
34  2.76747e-030
36  9.33649e-039
38  2.49922e-048
40  5.28573e-059
42  8.80607e-071
44  1.15316e-083
46  1.18504e-097
48  9.54523e-113
50  6.02082e-129
52  2.97195e-146
54  1.1474e-164
56  3.46346e-184
58  8.17139e-205
60  1.50655e-226
62  2.17028e-249
64  2.44261e-273
66  2.14778e-298
68  0
70  0
72  0
74  0
76  0
78  0
80  0
82  0
84  0
86  0
88  0
90  0
92  0
94  0
96  0
98  0
100  0

distance  0.5
-100  0
-98  0
-96  0
-94  0
-92  0
-90  0
-88  0
-86  0
-84  0
-82  0
-80  0
-78  0
-76  0
-74  0
-72  0
-70  0
-68  3.21592e-314
-66  2.81951e-289
-64  2.25956e-265
-62  1.65521e-242
-60  1.10835e-220
-58  6.78474e-200
-56  3.79733e-180
-54  1.94357e-161
-52  9.09943e-144
-50  3.89838e-127
-48  1.52904e-111
-46  5.49416e-097
-44  1.81005e-083
-42  5.47355e-071
-40  1.5215e-059
-38  3.89535e-049
-36  9.21e-040
-34  2.0185e-031
-32  4.12268e-024
-30  7.91083e-018
-28  1.44522e-012
-26  2.57907e-008
-24  4.75885e-005
-22  0.0102473
-20  0.32031
-18  2.17361
-16  6.15783
-14  12.3038
-12  21.0023
-10  32.048
-8  46.3159
-6  63.3664
-4  75.5384
-2  85.1444
0  86.2752
2  84.4753
4  78.5122
6  66.9952
8  47.31
10  32.7625
12  21.7592
14  13.3781
16  7.2783
18  3.20855
20  1.10518
22  0.20408
24  0.0086565
26  5.30576e-005
28  3.96814e-008
30  3.3707e-012
32  3.13719e-017
34  3.13566e-023
36  3.3251e-030
38  3.71168e-038
40  4.33847e-047
42  5.29054e-057
44  6.71287e-068
46  8.8453e-080
48  1.20859e-092
50  1.7105e-106
52  2.50543e-121
54  3.79554e-137
56  5.944e-154
58  9.61908e-172
60  1.6081e-190
62  2.7767e-210
64  4.95122e-231
66  9.11642e-253
68  1.73317e-275
70  3.40218e-299
72  4.94066e-324
74  0
76  0
78  0
80  0
82  0
84  0
86  0
88  0
90  0
92  0
94  0
96  0
98  0
100  0

distance  1
-100  0
-98  0
-96  0
-94  0
-92  0
-90  0
-88  0
-86  0
-84  0
-82  0
-80  0
-78  2.83991e-316
-76  2.38456e-294
-74  3.22228e-273
-72  7.00747e-253
-70  2.45247e-233
-68  1.38134e-214
-66  1.25222e-196
-64  1.82716e-179
-62  4.29187e-163
-60  1.62317e-147
-58  9.88625e-133
-56  9.70004e-119
-54  1.53375e-105
-52  3.9101e-093
-50  1.60818e-081
-48  1.06792e-070
-46  1.14614e-060
-44  1.99062e-051
-42  5.60447e-043
-40  2.56364e-035
-38  1.91114e-028
-36  2.33204e-022
-34  4.68883e-017
-32  1.57095e-012
-30  8.95874e-009
-28  9.05671e-006
-26  0.00174158
-24  0.0711499
-22  0.749634
-20  2.92832
-18  6.70473
-16  12.1254
-14  19.474
-12  28.6051
-10  39.9832
-8  50.5896
-6  58.2255
-4  65.4142
-2  68.3531
0  68.7028
2  67.8843
4  65.3381
6  60.689
8  53.4763
10  41.8078
12  29.4819
14  20.3487
16  13.1666
18  7.69436
20  3.84147
22  1.55321
24  0.46938
26  0.0634678
28  0.00231608
30  1.81953e-005
32  2.80474e-008
34  8.11307e-012
36  4.2975e-016
38  4.10807e-021
40  7.02114e-027
42  2.13215e-033
44  1.14546e-040
46  1.08527e-048
48  1.80921e-057
50  5.29762e-067
52  2.72104e-077
54  2.44909e-088
56  3.85961e-100
58  1.06432e-112
60  5.1331e-126
62  4.32803e-140
64  6.37782e-155
66  1.64217e-170
68  7.38671e-187
70  5.80373e-204
72  7.96423e-222
74  1.90867e-240
76  7.98828e-260
78  5.83853e-280
80  7.45218e-301
82  1.67982e-322
84  0
86  0
88  0
90  0
92  0
94  0
96  0
98  0
100  0

distance  2
-100  0
-98  3.72733e-319
-96  1.6612e-301
-94  2.31003e-284
-92  1.00224e-267
-90  1.3567e-251
-88  5.72996e-236
-86  7.55052e-221
-84  3.10433e-206
-82  3.98236e-192
-80  1.5941e-178
-78  1.99122e-165
-76  7.76233e-153
-74  9.44446e-141
-72  3.58702e-129
-70  4.25337e-118
-68  1.57494e-107
-66  1.8215e-097
-64  6.58206e-088
-62  7.43388e-079
-60  2.62532e-070
-58  2.90064e-062
-56  1.00331e-054
-54  1.08733e-047
-52  3.69589e-041
-50  3.94528e-035
-48  1.32497e-029
-46  1.40344e-024
-44  4.70631e-020
-42  5.02639e-016
-40  1.72601e-012
-38  1.93343e-009
-36  7.21041e-007
-34  9.19422e-005
-32  0.00415568
-30  0.0705886
-28  0.502298
-26  1.80492
-24  4.15426
-22  7.47503
-20  11.8491
-18  17.3965
-16  24.1153
-14  30.8809
-12  35.8873
-10  39.9861
-8  44.1412
-6  46.9176
-4  48.5382
-2  49.2971
0  49.3585
2  49.0606
4  48.2521
6  46.7967
8  44.6432
10  41.7183
12  37.8886
14  32.7963
16  25.6315
18  18.4843
20  12.8864
22  8.37374
24  4.90668
26  2.49341
28  1.0779
30  0.372217
32  0.0778703
34  0.00738652
36  0.000271632
38  3.60128e-006
40  1.65941e-008
42  2.60283e-011
44  1.37198e-014
46  2.40987e-018
48  1.40238e-022
50  2.69257e-027
52  1.70053e-032
54  3.52474e-038
56  2.39355e-044
58  5.31783e-051
60  3.86135e-058
62  9.15546e-066
64  7.08363e-074
66  1.78739e-082
68  1.47018e-091
70  3.94039e-101
72  3.44026e-111
74  9.78166e-122
76  9.05543e-133
78  2.72901e-144
80  2.67692e-156
82  8.54575e-169
84  8.87786e-182
86  3.00108e-195
88  3.30091e-209
90  1.18129e-223
92  1.37543e-238
94  5.2104e-254
96  6.4217e-270
98  2.57501e-286
100  3.35941e-303

distance  5
-100  1.86478e-080
-98  5.08915e-075
-96  8.84365e-070
-94  9.78732e-065
-92  6.89986e-060
-90  3.09944e-055
-88  8.87454e-051
-86  1.62041e-046
-84  1.88787e-042
-82  1.40441e-038
-80  6.67703e-035
-78  2.03097e-031
-76  3.95732e-028
-74  4.94648e-025
-72  3.97247e-022
-70  2.05303e-019
-68  6.83912e-017
-66  1.47082e-014
-64  2.0453e-012
-62  1.84222e-010
-60  1.07707e-008
-58  4.09998e-007
-56  1.0208e-005
-54  0.000167406
-52  0.00182783
-50  0.0135033
-48  0.0691094
-46  0.253288
-44  0.694428
-42  1.50131
-40  2.70838
-38  4.29508
-36  6.23776
-34  8.51749
-32  11.0201
-30  13.4582
-28  15.5839
-26  17.3706
-24  18.9051
-22  20.3124
-20  21.6931
-18  22.9837
-16  24.0663
-14  24.9353
-12  25.6309
-10  26.1799
-8  26.5974
-6  26.8929
-4  27.0727
-2  27.1471
0  27.1413
2  27.0805
4  26.9581
6  26.752
8  26.4504
10  26.0486
12  25.5432
14  24.93
16  24.2043
18  23.3597
20  22.3878
22  21.2776
24  20.0126
26  18.5666
28  16.8887
30  14.878
32  12.4334
34  9.69897
36  7.1012
38  4.9226
40  3.1985
42  1.9191
44  1.0574
46  0.533686
48  0.240389
50  0.0905011
52  0.026283
54  0.0055223
56  0.000805576
58  7.96062e-005
60  5.25009e-006
62  2.28899e-007
64  6.55535e-009
66  1.22761e-010
68  1.49827e-012
70  1.18876e-014
72  6.11956e-017
74  2.0408e-019
76  4.40353e-022
78  6.1416e-025
80  5.53204e-028
82  3.21598e-031
84  1.20591e-034
86  2.91529e-038
88  4.54184e-042
90  4.55838e-046
92  2.94637e-050
94  1.22615e-054
96  3.28461e-059
98  5.66262e-064
100  6.28156e-069

distance  8
-100  4.60165e-023
-98  5.05755e-021
-96  4.39921e-019
-94  3.02879e-017
-92  1.65088e-015
-90  7.12615e-014
-88  2.4373e-012
-86  6.60983e-011
-84  1.42278e-009
-82  2.43416e-008
-80  3.31601e-007
-78  3.60565e-006
-76  3.13919e-005
-74  0.000219726
-72  0.00124295
-70  0.00572055
-68  0.0216034
-66  0.0676602
-64  0.178073
-62  0.40016
-60  0.782196
-58  1.35762
-56  2.13704
-54  3.11097
-52  4.25275
-50  5.51124
-48  6.80539
-46  8.04599
-44  9.17636
-42  10.1886
-40  11.1017
-38  11.936
-36  12.709
-34  13.4413
-32  14.1511
-30  14.8365
-28  15.4754
-26  16.0463
-24  16.5445
-22  16.9767
-20  17.3518
-18  17.6761
-16  17.9541
-14  18.1889
-12  18.3829
-10  18.5377
-8  18.6545
-6  18.7346
-4  18.7804
-2  18.7968
0  18.7904
2  18.7658
4  18.7225
6  18.6562
8  18.5622
10  18.4377
12  18.2812
14  18.0919
16  17.8691
18  17.612
20  17.3196
22  16.991
24  16.6247
26  16.2193
28  15.773
30  15.2837
32  14.7487
34  14.1645
36  13.5267
38  12.8286
40  12.0607
42  11.2068
44  10.241
46  9.12948
48  7.85266
50  6.44423
52  5.00903
54  3.68239
56  2.56458
58  1.69364
60  1.06044
62  0.629588
64  0.35369
66  0.186021
68  0.0895579
70  0.0383038
72  0.0141305
74  0.00438983
76  0.00112868
78  0.000237324
80  4.04793e-005
82  5.5695e-006
84  6.15707e-007
86  5.45319e-008
88  3.86099e-009
90  2.18166e-010
92  9.82503e-012
94  3.52265e-013
96  1.00464e-014
98  2.27737e-016
100  4.10083e-018

distance  10
-100  6.1303e-010
-98  7.21659e-009
-96  7.21358e-008
-94  6.13137e-007
-92  4.43928e-006
-90  2.74371e-005
-88  0.000145131
-86  0.000659088
-84  0.00257957
-82  0.0087414
-80  0.0257914
-78  0.0667035
-76  0.152436
-74  0.310724
-72  0.571065
-70  0.957553
-68  1.48301
-66  2.14646
-64  2.93245
-62  3.81002
-60  4.7334
-58  5.64978
-56  6.51474
-54  7.30557
-52  8.02249
-50  8.67846
-48  9.28761
-46  9.86017
-44  10.4039
-42  10.9266
-40  11.4343
-38  11.9269
-36  12.3967
-34  12.8327
-32  13.2279
-30  13.5814
-28  13.8966
-26  14.1777
-24  14.4282
-22  14.6505
-20  14.8467
-18  15.0181
-16  15.1659
-14  15.291
-12  15.3941
-10  15.4757
-8  15.5363
-6  15.5769
-4  15.5994
-2  15.6063
0  15.6009
2  15.5851
4  15.5589
6  15.5204
8  15.4675
10  15.3981
12  15.3113
14  15.2062
16  15.0825
18  14.94
20  14.7781
22  14.5966
24  14.3949
26  14.1727
28  13.9292
30  13.6639
32  13.3759
34  13.0645
36  12.7285
38  12.3667
40  11.9777
42  11.5595
44  11.1098
46  10.6254
48  10.1017
50  9.53221
52  8.9065
54  8.20975
56  7.42448
58  6.53894
60  5.5618
62  4.53389
64  3.52405
66  2.60694
68  1.83718
70  1.23641
72  0.79681
74  0.49266
76  0.291985
78  0.164874
80  0.0876019
82  0.0430515
84  0.0192118
86  0.00765643
88  0.00268869
90  0.000823641
92  0.000218495
94  4.99311e-005
96  9.7921e-006
98  1.6434e-006
100  2.35539e-007

distance  15
-100  0.509151
-98  0.747518
-96  1.04855
-94  1.41039
-92  1.82548
-90  2.28092
-88  2.76003
-86  3.24476
-84  3.71868
-82  4.16943
-80  4.59012
-78  4.97918
-76  5.33905
-74  5.67432
-72  5.99016
-70  6.29122
-68  6.58116
-66  6.86269
-64  7.13772
-62  7.40752
-60  7.67263
-58  7.93262
-56  8.18603
-54  8.43054
-52  8.66362
-50  8.88318
-48  9.08807
-46  9.27814
-44  9.454
-42  9.61663
-40  9.76705
-38  9.90621
-36  10.0349
-34  10.1536
-32  10.263
-30  10.3633
-28  10.4551
-26  10.5385
-24  10.6138
-22  10.6812
-20  10.741
-18  10.7932
-16  10.8381
-14  10.8755
-12  10.9058
-10  10.9292
-8  10.946
-6  10.9566
-4  10.9619
-2  10.9626
0  10.9592
2  10.9522
4  10.9417
6  10.9273
8  10.9087
10  10.8852
12  10.8563
14  10.8217
16  10.781
18  10.7342
20  10.681
22  10.6215
24  10.5554
26  10.4828
28  10.4036
30  10.3175
32  10.2247
34  10.1248
36  10.0179
38  9.90381
40  9.78232
42  9.6533
44  9.51659
46  9.37197
48  9.21924
50  9.05814
52  8.88842
54  8.70976
56  8.5218
58  8.32413
60  8.11628
62  7.89768
64  7.66762
66  7.42526
68  7.16951
70  6.89895
72  6.61169
74  6.30513
76  5.97584
78  5.61945
80  5.23107
82  4.80637
84  4.34341
86  3.845
88  3.32066
90  2.78706
92  2.26617
94  1.78135
96  1.35254
98  0.992428
100  0.704869

distance  20
-100  3.98466
-98  4.18964
-96  4.38403
-94  4.56984
-92  4.74888
-90  4.92274
-88  5.09271
-86  5.25981
-84  5.42476
-82  5.58799
-80  5.74959
-78  5.90936
-76  6.06675
-74  6.22095
-72  6.37102
-70  6.51596
-68  6.65495
-66  6.78737
-64  6.91288
-62  7.03145
-60  7.14324
-58  7.24857
-56  7.3478
-54  7.44132
-52  7.52946
-50  7.61254
-48  7.6908
-46  7.76448
-44  7.83374
-42  7.89876
-40  7.95967
-38  8.0166
-36  8.06966
-34  8.11894
-32  8.16454
-30  8.20653
-28  8.24497
-26  8.27993
-24  8.31145
-22  8.33957
-20  8.36433
-18  8.38576
-16  8.40392
-14  8.41889
-12  8.43078
-10  8.43974
-8  8.44597
-6  8.44972
-4  8.45124
-2  8.45079
0  8.44855
2  8.44466
4  8.43915
6  8.43195
8  8.42295
10  8.41195
12  8.39876
14  8.38321
16  8.36513
18  8.3444
20  8.32093
22  8.29464
24  8.2655
26  8.23346
28  8.19849
30  8.16056
32  8.11965
34  8.07572
36  8.02874
38  7.97869
40  7.92553
42  7.86922
44  7.80971
46  7.74698
48  7.68097
50  7.61162
52  7.5389
54  7.46273
56  7.38306
58  7.29983
60  7.21296
62  7.12237
64  7.02798
66  6.92969
68  6.82741
70  6.72103
72  6.61041
74  6.49542
76  6.37591
78  6.25169
80  6.12256
82  5.9883
84  5.84862
86  5.7032
88  5.55166
90  5.39352
92  5.22819
94  5.05491
96  4.87274
98  4.68047
100  4.47663

