X[mm]	Y[mm]	Z[mm]	Bx[T]	By[T]	Bz[T]
----------------------------------------------------------------------------------------------------------------------------------------------------------------
0	0	-1650	-8.62e-06	-0.00026128	-5.438e-05
0	0	-1648	-8.87e-06	-0.00026731	-5.484e-05
0	0	-1646	-8.6e-06	-0.00027326	-5.605e-05
0	0	-1644	-8.86e-06	-0.00027922	-5.737e-05
0	0	-1642	-8.86e-06	-0.00028558	-5.832e-05
0	0	-1640	-9.16e-06	-0.0002916	-5.956e-05
0	0	-1638	-9.45e-06	-0.000298	-6.057e-05
0	0	-1636	-9.72e-06	-0.00030465	-6.198e-05
0	0	-1634	-9.55e-06	-0.00031158	-6.353e-05
0	0	-1632	-9.74e-06	-0.00031822	-6.477e-05
0	0	-1630	-9.94e-06	-0.00032552	-6.587e-05
0	0	-1628	-1.019e-05	-0.00033282	-6.752e-05
0	0	-1626	-9.84e-06	-0.0003403	-6.884e-05
0	0	-1624	-9.75e-06	-0.00034839	-7.025e-05
0	0	-1622	-9.7e-06	-0.0003566	-7.134e-05
0	0	-1620	-9.89e-06	-0.00036485	-7.278e-05
0	0	-1618	-1.026e-05	-0.00037313	-7.447e-05
0	0	-1616	-1.033e-05	-0.0003816	-7.578e-05
0	0	-1614	-1.126e-05	-0.0003904	-7.764e-05
0	0	-1612	-1.126e-05	-0.00039957	-7.946e-05
0	0	-1610	-1.127e-05	-0.00040911	-8.035e-05
0	0	-1608	-1.118e-05	-0.00041907	-8.196e-05
0	0	-1606	-1.138e-05	-0.00042852	-8.401e-05
0	0	-1604	-1.182e-05	-0.00043892	-8.624e-05
0	0	-1602	-1.182e-05	-0.00044944	-8.772e-05
0	0	-1600	-1.171e-05	-0.00046017	-8.923e-05
0	0	-1598	-1.224e-05	-0.00047168	-9.1e-05
0	0	-1596	-1.218e-05	-0.00048324	-9.295e-05
0	0	-1594	-1.239e-05	-0.00049483	-9.547e-05
0	0	-1592	-1.29e-05	-0.00050694	-9.74e-05
0	0	-1590	-1.356e-05	-0.00051951	-9.941e-05
0	0	-1588	-1.347e-05	-0.00053236	-0.00010218
0	0	-1586	-1.345e-05	-0.00054592	-0.00010472
0	0	-1584	-1.397e-05	-0.00055925	-0.00010654
0	0	-1582	-1.408e-05	-0.00057306	-0.00010898
0	0	-1580	-1.439e-05	-0.00058781	-0.00011112
0	0	-1578	-1.461e-05	-0.00060308	-0.00011355
0	0	-1576	-1.45e-05	-0.00061848	-0.00011643
0	0	-1574	-1.521e-05	-0.00063438	-0.00011922
0	0	-1572	-1.568e-05	-0.00065092	-0.00012232
0	0	-1570	-1.546e-05	-0.00066789	-0.00012487
0	0	-1568	-1.573e-05	-0.00068502	-0.00012763
0	0	-1566	-1.611e-05	-0.00070282	-0.0001308
0	0	-1564	-1.645e-05	-0.00072114	-0.00013367
0	0	-1562	-1.682e-05	-0.00074091	-0.00013744
0	0	-1560	-1.764e-05	-0.00076054	-0.00014056
0	0	-1558	-1.756e-05	-0.00078083	-0.00014387
0	0	-1556	-1.81e-05	-0.00080191	-0.00014752
0	0	-1554	-1.89e-05	-0.00082362	-0.00015049
0	0	-1552	-1.909e-05	-0.00084615	-0.000154
0	0	-1550	-1.898e-05	-0.00086974	-0.00015811
0	0	-1548	-1.968e-05	-0.00089295	-0.00016238
0	0	-1546	-2.017e-05	-0.00091734	-0.00016714
0	0	-1544	-2.056e-05	-0.00094325	-0.00017124
0	0	-1542	-2.125e-05	-0.00096979	-0.00017499
0	0	-1540	-2.141e-05	-0.00099733	-0.00017978
0	0	-1538	-2.155e-05	-0.00102572	-0.00018465
0	0	-1536	-2.234e-05	-0.00105492	-0.00018926
0	0	-1534	-2.319e-05	-0.00108464	-0.00019386
0	0	-1532	-2.339e-05	-0.00111566	-0.00019951
0	0	-1530	-2.394e-05	-0.00114816	-0.00020495
0	0	-1528	-2.498e-05	-0.00118142	-0.00021067
0	0	-1526	-2.552e-05	-0.00121593	-0.00021596
0	0	-1524	-2.636e-05	-0.00125245	-0.00022212
0	0	-1522	-2.691e-05	-0.00128893	-0.00022824
0	0	-1520	-2.74e-05	-0.00132643	-0.00023393
0	0	-1518	-2.798e-05	-0.00136633	-0.00024092
0	0	-1516	-2.9e-05	-0.00140718	-0.00024824
0	0	-1514	-2.957e-05	-0.00144954	-0.00025529
0	0	-1512	-3.047e-05	-0.00149379	-0.0002624
0	0	-1510	-3.133e-05	-0.00153879	-0.00026989
0	0	-1508	-3.229e-05	-0.00158622	-0.00027829
0	0	-1506	-3.325e-05	-0.00163527	-0.00028631
0	0	-1504	-3.412e-05	-0.00168594	-0.00029462
0	0	-1502	-3.527e-05	-0.00173842	-0.00030309
0	0	-1500	-3.661e-05	-0.00179222	-0.00031225
0	0	-1498	-3.741e-05	-0.00184878	-0.00032239
0	0	-1496	-3.821e-05	-0.00190688	-0.00033213
0	0	-1494	-3.92e-05	-0.00196732	-0.00034215
0	0	-1492	-4.032e-05	-0.00203024	-0.00035274
0	0	-1490	-4.1e-05	-0.00209568	-0.00036392
0	0	-1488	-4.235e-05	-0.00216339	-0.00037517
0	0	-1486	-4.393e-05	-0.00223334	-0.00038744
0	0	-1484	-4.57e-05	-0.00230629	-0.00039967
0	0	-1482	-4.683e-05	-0.002382	-0.00041297
0	0	-1480	-4.854e-05	-0.00246086	-0.00042693
0	0	-1478	-4.943e-05	-0.00254232	-0.00044123
0	0	-1476	-5.117e-05	-0.00262695	-0.00045644
0	0	-1474	-5.281e-05	-0.00271449	-0.0004724
0	0	-1472	-5.436e-05	-0.00280591	-0.00048856
0	0	-1470	-5.646e-05	-0.00290076	-0.00050558
0	0	-1468	-5.839e-05	-0.00299978	-0.00052373
0	0	-1466	-6.029e-05	-0.00310159	-0.00054188
0	0	-1464	-6.227e-05	-0.00320869	-0.00056119
0	0	-1462	-6.38e-05	-0.00331957	-0.00058184
0	0	-1460	-6.603e-05	-0.00343495	-0.00060332
0	0	-1458	-6.906e-05	-0.00355479	-0.00062606
0	0	-1456	-7.12e-05	-0.00367939	-0.0006495
0	0	-1454	-7.363e-05	-0.00380938	-0.00067437
0	0	-1452	-7.602e-05	-0.00394409	-0.00070042
0	0	-1450	-7.923e-05	-0.00408494	-0.00072819
0	0	-1448	-8.231e-05	-0.00423136	-0.00075728
0	0	-1446	-8.491e-05	-0.00438394	-0.00078807
0	0	-1444	-8.802e-05	-0.00454272	-0.00082031
0	0	-1442	-9.167e-05	-0.00470838	-0.00085378
0	0	-1440	-9.491e-05	-0.00488066	-0.00088931
0	0	-1438	-9.861e-05	-0.00506024	-0.00092723
0	0	-1436	-0.0001025	-0.00524744	-0.00096654
0	0	-1434	-0.00010641	-0.00544226	-0.00100826
0	0	-1432	-0.00011039	-0.0056453	-0.00105286
0	0	-1430	-0.00011478	-0.0058574	-0.00109947
0	0	-1428	-0.00011952	-0.00607898	-0.00114891
0	0	-1426	-0.0001239	-0.00630943	-0.00120192
0	0	-1424	-0.00012824	-0.00655074	-0.00125767
0	0	-1422	-0.00013397	-0.00680275	-0.0013162
0	0	-1420	-0.00013964	-0.00706506	-0.00137934
0	0	-1418	-0.00014511	-0.00733907	-0.00144644
0	0	-1416	-0.0001514	-0.00762532	-0.00151754
0	0	-1414	-0.00015734	-0.00792503	-0.00159271
0	0	-1412	-0.00016445	-0.00823827	-0.0016732
0	0	-1410	-0.00017174	-0.0085656	-0.00175908
0	0	-1408	-0.0001788	-0.00890797	-0.0018506
0	0	-1406	-0.00018678	-0.00926628	-0.00194822
0	0	-1404	-0.00019507	-0.00964126	-0.00205246
0	0	-1402	-0.0002034	-0.0100344	-0.00216463
0	0	-1400	-0.00021304	-0.0104458	-0.00228411
0	0	-1398	-0.00022249	-0.0108771	-0.00241204
0	0	-1396	-0.00023216	-0.0113296	-0.00254978
0	0	-1394	-0.00024285	-0.0118049	-0.00269763
0	0	-1392	-0.00025407	-0.0123029	-0.00285552
0	0	-1390	-0.00026603	-0.0128266	-0.00302565
0	0	-1388	-0.00027852	-0.0133771	-0.00320895
0	0	-1386	-0.00029193	-0.0139563	-0.00340641
0	0	-1384	-0.00030568	-0.0145663	-0.00361877
0	0	-1382	-0.00032018	-0.0152087	-0.00384746
0	0	-1380	-0.0003358	-0.0158866	-0.00409497
0	0	-1378	-0.00035276	-0.0166026	-0.00436243
0	0	-1376	-0.00037015	-0.0173592	-0.00465081
0	0	-1374	-0.00038833	-0.0181603	-0.00496352
0	0	-1372	-0.00040775	-0.0190099	-0.00530171
0	0	-1370	-0.00042891	-0.0199115	-0.00566791
0	0	-1368	-0.00045066	-0.02087	-0.00606558
0	0	-1366	-0.00047419	-0.021892	-0.00649686
0	0	-1364	-0.00049961	-0.0229823	-0.00696424
0	0	-1362	-0.00052637	-0.0241494	-0.00747137
0	0	-1360	-0.00055487	-0.0254017	-0.00802116
0	0	-1358	-0.00058544	-0.0267489	-0.00861823
0	0	-1356	-0.00061819	-0.0282028	-0.00926619
0	0	-1354	-0.00065332	-0.0297757	-0.00996823
0	0	-1352	-0.00069057	-0.0314847	-0.0107287
0	0	-1350	-0.000731	-0.0333495	-0.011551
0	0	-1348	-0.00077492	-0.0353911	-0.0124382
0	0	-1346	-0.00082193	-0.0376362	-0.0133926
0	0	-1344	-0.00087356	-0.0401173	-0.0144149
0	0	-1342	-0.00092935	-0.0428731	-0.0155048
0	0	-1340	-0.00099033	-0.0459512	-0.0166572
0	0	-1338	-0.00105688	-0.0494052	-0.0178643
0	0	-1336	-0.00112987	-0.0533025	-0.0191116
0	0	-1334	-0.00121079	-0.0577235	-0.0203751
0	0	-1332	-0.00129959	-0.0627642	-0.0216179
0	0	-1330	-0.00139788	-0.0685369	-0.0227863
0	0	-1328	-0.00150785	-0.0751729	-0.0238023
0	0	-1326	-0.00163155	-0.0828216	-0.0245541
0	0	-1324	-0.00176856	-0.0916473	-0.0248883
0	0	-1322	-0.00192232	-0.101816	-0.0245973
0	0	-1320	-0.00209583	-0.113481	-0.0234129
0	0	-1318	-0.00229169	-0.126749	-0.0210086
0	0	-1316	-0.0025128	-0.141643	-0.0170231
0	0	-1314	-0.00276452	-0.158058	-0.0111239
0	0	-1312	-0.00305296	-0.175768	-0.00311532
0	0	-1310	-0.00338635	-0.194498	0.00694372
0	0	-1308	-0.00377455	-0.214077	0.0186806
0	0	-1306	-0.00422621	-0.234596	0.0314548
0	0	-1304	-0.0047453	-0.256484	0.0445123
0	0	-1302	-0.00532632	-0.280461	0.0571291
0	0	-1300	-0.00594923	-0.30741	0.068675
0	0	-1298	-0.00657461	-0.338262	0.0786322
0	0	-1296	-0.00714114	-0.3739	0.0865653
0	0	-1294	-0.0075655	-0.415099	0.0921076
0	0	-1292	-0.00775797	-0.462462	0.0949489
0	0	-1290	-0.00764849	-0.516301	0.0948202
0	0	-1288	-0.00721848	-0.57636	0.0914936
0	0	-1286	-0.00652185	-0.64137	0.0847883
0	0	-1284	-0.00567016	-0.708508	0.0746911
0	0	-1282	-0.00479307	-0.773178	0.0615971
0	0	-1280	-0.00399258	-0.829704	0.0464733
0	0	-1278	-0.00331866	-0.872784	0.0306355
0	0	-1276	-0.00277594	-0.898652	0.0152151
0	0	-1274	-0.00234141	-0.905098	0.00081102
0	0	-1272	-0.00198121	-0.890725	-0.0123768
0	0	-1270	-0.00165784	-0.854558	-0.0241038
0	0	-1268	-0.00133407	-0.796571	-0.0338612
0	0	-1266	-0.00098252	-0.718568	-0.0410784
0	0	-1264	-0.0005892	-0.62437	-0.0455433
0	0	-1262	-0.0001576	-0.518954	-0.0475568
0	0	-1260	0.00030154	-0.407121	-0.0477877
0	0	-1258	0.00077657	-0.292485	-0.0469888
0	0	-1256	0.00126257	-0.177204	-0.0457811
0	0	-1254	0.00175778	-0.0621549	-0.0445232
0	0	-1252	0.00226144	0.0524488	-0.0433373
0	0	-1250	0.00276997	0.166477	-0.042256
0	0	-1248	0.00327621	0.279774	-0.0413686
0	0	-1246	0.00377204	0.392617	-0.0408493
0	0	-1244	0.00425284	0.506143	-0.040833
0	0	-1242	0.00471787	0.622125	-0.0412381
0	0	-1240	0.00516871	0.742105	-0.0417784
0	0	-1238	0.00560262	0.866584	-0.0420452
0	0	-1236	0.00601225	0.994617	-0.0416296
0	0	-1234	0.00638558	1.12382	-0.0402573
0	0	-1232	0.00670897	1.2509	-0.0378643
0	0	-1230	0.00697089	1.37238	-0.0345682
0	0	-1228	0.00716533	1.48502	-0.0304857
0	0	-1226	0.00729077	1.58548	-0.0256836
0	0	-1224	0.00734837	1.67043	-0.0203416
0	0	-1222	0.00734622	1.73727	-0.0148574
0	0	-1220	0.00729617	1.78518	-0.00964853
0	0	-1218	0.00721179	1.81503	-0.00486624
0	0	-1216	0.00710656	1.82834	-0.00033281
0	0	-1214	0.0069889	1.82613	0.00433319
0	0	-1212	0.00686521	1.80827	0.00949971
0	0	-1210	0.00673796	1.77363	0.015314
0	0	-1208	0.00661108	1.72081	0.0215763
0	0	-1206	0.00648734	1.64938	0.0277491
0	0	-1204	0.00636111	1.56071	0.0331533
0	0	-1202	0.00621456	1.45798	0.0372318
0	0	-1200	0.00602518	1.34541	0.0397408
0	0	-1198	0.00577205	1.22743	0.0406951
0	0	-1196	0.0054432	1.10808	0.0402874
0	0	-1194	0.0050383	0.990673	0.038834
0	0	-1192	0.00456627	0.877616	0.0367041
0	0	-1190	0.00404095	0.770311	0.0342555
0	0	-1188	0.00347671	0.669232	0.0317174
0	0	-1186	0.00288708	0.574231	0.0292411
0	0	-1184	0.00228348	0.484793	0.0269328
0	0	-1182	0.00167458	0.400217	0.024851
0	0	-1180	0.00106722	0.31972	0.0230194
0	0	-1178	0.00046535	0.242499	0.0214345
0	0	-1176	-0.00013042	0.167826	0.0201008
0	0	-1174	-0.00071904	0.0949818	0.019008
0	0	-1172	-0.00129969	0.0232771	0.0181382
0	0	-1170	-0.0018729	-0.0479465	0.0174666
0	0	-1168	-0.00243755	-0.119324	0.0169799
0	0	-1166	-0.00299169	-0.191508	0.0166622
0	0	-1164	-0.00353197	-0.265184	0.0164874
0	0	-1162	-0.00405239	-0.341077	0.0164433
0	0	-1160	-0.00454731	-0.41993	0.0165286
0	0	-1158	-0.0050136	-0.502525	0.0167531
0	0	-1156	-0.00544838	-0.589653	0.0171291
0	0	-1154	-0.00585383	-0.682087	0.0176498
0	0	-1152	-0.00623206	-0.780459	0.0182815
0	0	-1150	-0.00658229	-0.88516	0.0189503
0	0	-1148	-0.00690019	-0.996133	0.0195155
0	0	-1146	-0.00717751	-1.1126	0.0198026
0	0	-1144	-0.00740196	-1.23282	0.0196015
0	0	-1142	-0.00756377	-1.35405	0.0187421
0	0	-1140	-0.00765567	-1.47264	0.0171067
0	0	-1138	-0.00768198	-1.58427	0.0146768
0	0	-1136	-0.00765449	-1.68449	0.0115812
0	0	-1134	-0.00759127	-1.76934	0.0081137
0	0	-1132	-0.00750692	-1.8363	0.00468134
0	0	-1130	-0.00741038	-1.88462	0.00160128
0	0	-1128	-0.00730522	-1.91505	-0.00105821
0	0	-1126	-0.00719024	-1.92884	-0.00348227
0	0	-1124	-0.00706384	-1.92676	-0.00598654
0	0	-1122	-0.00691622	-1.90862	-0.00883854
0	0	-1120	-0.00673738	-1.87335	-0.0120948
0	0	-1118	-0.00651486	-1.81968	-0.0155211
0	0	-1116	-0.0062344	-1.74729	-0.0186657
0	0	-1114	-0.00588664	-1.65757	-0.0210463
0	0	-1112	-0.00547291	-1.55361	-0.0224083
0	0	-1110	-0.00499942	-1.43959	-0.0227887
0	0	-1108	-0.00448058	-1.31984	-0.022394
0	0	-1106	-0.00393221	-1.19836	-0.0214538
0	0	-1104	-0.0033698	-1.07847	-0.020204
0	0	-1102	-0.00281017	-0.962643	-0.0189002
0	0	-1100	-0.00226505	-0.852342	-0.0177462
0	0	-1098	-0.00173988	-0.748126	-0.0168572
0	0	-1096	-0.00123477	-0.649928	-0.0162656
0	0	-1094	-0.00074692	-0.557299	-0.0159546
0	0	-1092	-0.0002705	-0.469574	-0.0158838
0	0	-1090	0.00020018	-0.386006	-0.0159964
0	0	-1088	0.00066822	-0.305848	-0.0162527
0	0	-1086	0.00113403	-0.22839	-0.0166384
0	0	-1084	0.00159654	-0.152931	-0.01717
0	0	-1082	0.00205218	-0.0787624	-0.0178725
0	0	-1080	0.00249756	-0.00520185	-0.0187647
0	0	-1078	0.00293022	0.068426	-0.0198547
0	0	-1076	0.0033481	0.142811	-0.0211426
0	0	-1074	0.00374997	0.218657	-0.0226188
0	0	-1072	0.00413236	0.296667	-0.0242588
0	0	-1070	0.00449196	0.37756	-0.0260583
0	0	-1068	0.00482784	0.462088	-0.0280301
0	0	-1066	0.00514185	0.551034	-0.0301701
0	0	-1064	0.00543696	0.645179	-0.0324532
0	0	-1062	0.00571718	0.745195	-0.0348015
0	0	-1060	0.00598521	0.851518	-0.0370807
0	0	-1058	0.00623661	0.964149	-0.0390811
0	0	-1056	0.00646238	1.08235	-0.0404909
0	0	-1054	0.00665283	1.20439	-0.0409745
0	0	-1052	0.0067937	1.32749	-0.0402425
0	0	-1050	0.0068734	1.44791	-0.0381065
0	0	-1048	0.00688792	1.56126	-0.0345353
0	0	-1046	0.00683959	1.66297	-0.0297056
0	0	-1044	0.00673541	1.74906	-0.0240487
0	0	-1042	0.00658897	1.81697	-0.0181184
0	0	-1040	0.00641093	1.86604	-0.0123754
0	0	-1038	0.00620936	1.89708	-0.00701858
0	0	-1036	0.00598927	1.91146	-0.00195448
0	0	-1034	0.0057503	1.91007	0.00308399
0	0	-1032	0.00548801	1.89281	0.00836025
0	0	-1030	0.00519917	1.85867	0.0139516
0	0	-1028	0.00488356	1.80638	0.0196493
0	0	-1026	0.00454009	1.73549	0.0249892
0	0	-1024	0.00417105	1.64719	0.0294399
0	0	-1022	0.0037799	1.54442	0.0326381
0	0	-1020	0.00337146	1.43121	0.034481
0	0	-1018	0.00295412	1.31192	0.0350745
0	0	-1016	0.0025388	1.1906	0.0346271
0	0	-1014	0.00213461	1.07067	0.0334168
0	0	-1012	0.00174499	0.954654	0.0317575
0	0	-1010	0.00137033	0.84406	0.0299545
0	0	-1008	0.0010056	0.739502	0.0281999
0	0	-1006	0.00064461	0.640937	0.026604
0	0	-1004	0.00028182	0.547948	0.0252182
0	0	-1002	-8.777e-05	0.45988	0.0240467
0	0	-1000	-0.00046521	0.37599	0.0230841
0	0	-998	-0.00084834	0.295516	0.0223141
0	0	-996	-0.00123346	0.217742	0.021732
0	0	-994	-0.00161693	0.14194	0.0213415
0	0	-992	-0.00199686	0.0674162	0.0211346
0	0	-990	-0.00237406	-0.00650795	0.0211075
0	0	-988	-0.00275267	-0.0804797	0.0212475
0	0	-986	-0.00313751	-0.155167	0.0215488
0	0	-984	-0.003531	-0.231275	0.0220059
0	0	-982	-0.00393112	-0.30952	0.0226167
0	0	-980	-0.00433134	-0.390634	0.0233901
0	0	-978	-0.00472102	-0.475389	0.0243308
0	0	-976	-0.00508906	-0.564581	0.0254463
0	0	-974	-0.00542474	-0.658988	0.0267179
0	0	-972	-0.00572453	-0.759285	0.0280852
0	0	-970	-0.00598793	-0.86591	0.029455
0	0	-968	-0.00621718	-0.978865	0.0306693
0	0	-966	-0.00641497	-1.09742	0.0314942
0	0	-964	-0.00658402	-1.21982	0.0316765
0	0	-962	-0.00672073	-1.34326	0.0309751
0	0	-960	-0.00682121	-1.46396	0.0292402
0	0	-958	-0.00688499	-1.5775	0.0264265
0	0	-956	-0.00691414	-1.67932	0.0226322
0	0	-954	-0.00691249	-1.76547	0.0181542
0	0	-952	-0.00688296	-1.83344	0.0134435
0	0	-950	-0.006823	-1.88255	0.00889794
0	0	-948	-0.00673196	-1.91358	0.00467351
0	0	-946	-0.00661056	-1.92782	0.00066146
0	0	-944	-0.0064578	-1.9261	-0.0034127
0	0	-942	-0.00626751	-1.90818	-0.00781704
0	0	-940	-0.00603326	-1.87292	-0.0126503
0	0	-938	-0.00574052	-1.81893	-0.0177247
0	0	-936	-0.00537366	-1.74569	-0.0225909
0	0	-934	-0.00492468	-1.65446	-0.0267231
0	0	-932	-0.00439335	-1.54837	-0.0297337
0	0	-930	-0.00379686	-1.4318	-0.0315093
0	0	-928	-0.00315888	-1.30931	-0.0321446
0	0	-926	-0.00250669	-1.18507	-0.0318343
0	0	-924	-0.00186594	-1.06251	-0.0308318
0	0	-922	-0.00125654	-0.944131	-0.0293887
0	0	-920	-0.00068926	-0.831415	-0.0277195
0	0	-918	-0.00017116	-0.725068	-0.0259786
0	0	-916	0.00029254	-0.62529	-0.0242628
0	0	-914	0.0006987	-0.53198	-0.0226461
0	0	-912	0.00104409	-0.444721	-0.0212342
0	0	-910	0.00133134	-0.362725	-0.0201313
0	0	-908	0.00157026	-0.284921	-0.0193876
0	0	-906	0.00177517	-0.210155	-0.0189574
0	0	-904	0.00196325	-0.137384	-0.0187398
0	0	-902	0.00214891	-0.0657722	-0.0186507
0	0	-900	0.00234696	0.00534669	-0.0186368
0	0	-898	0.00257076	0.0765616	-0.0186835
0	0	-896	0.00283324	0.148476	-0.0188292
0	0	-894	0.00314747	0.22179	-0.0191511
0	0	-892	0.00352361	0.297349	-0.0197387
0	0	-890	0.00396999	0.376188	-0.0206498
0	0	-888	0.00448677	0.459467	-0.0218646
0	0	-886	0.00506701	0.548211	-0.0232994
0	0	-884	0.00569474	0.643115	-0.0248539
0	0	-882	0.00634388	0.74453	-0.0264409
0	0	-880	0.00698308	0.852505	-0.0279689
0	0	-878	0.0075784	0.966759	-0.0292992
0	0	-876	0.00810219	1.08643	-0.0302319
0	0	-874	0.00853415	1.20979	-0.0305189
0	0	-872	0.00886088	1.33412	-0.0298896
0	0	-870	0.00907838	1.45579	-0.028154
0	0	-868	0.00919332	1.5704	-0.0252554
0	0	-866	0.00921718	1.67328	-0.0213173
0	0	-864	0.00916634	1.76029	-0.0166932
0	0	-862	0.00906136	1.82873	-0.0118976
0	0	-860	0.00892094	1.8779	-0.00738163
0	0	-858	0.00875501	1.9087	-0.00331248
0	0	-856	0.00856732	1.9226	0.00044994
0	0	-854	0.00835556	1.92056	0.00419742
0	0	-852	0.00811303	1.90255	0.00819126
0	0	-850	0.00783604	1.86758	0.0125133
0	0	-848	0.0075239	1.81443	0.0169727
0	0	-846	0.00717691	1.74266	0.0211376
0	0	-844	0.00679431	1.65346	0.0245405
0	0	-842	0.0063702	1.54979	0.02689
0	0	-840	0.00589722	1.43573	0.0281227
0	0	-838	0.00537316	1.3156	0.0283397
0	0	-836	0.00480592	1.19352	0.0277386
0	0	-834	0.00420796	1.07294	0.0265609
0	0	-832	0.00359297	0.956367	0.0250566
0	0	-830	0.00297338	0.845304	0.0234452
0	0	-828	0.00236207	0.740383	0.0219
0	0	-826	0.00176853	0.641564	0.0205212
0	0	-824	0.00119936	0.548396	0.0193639
0	0	-822	0.00065776	0.460207	0.0184329
0	0	-820	0.00014496	0.376251	0.0177211
0	0	-818	-0.00034501	0.295765	0.0172223
0	0	-816	-0.00081905	0.21801	0.016919
0	0	-814	-0.00128466	0.142265	0.0167925
0	0	-812	-0.00174907	0.0678344	0.0168345
0	0	-810	-0.00221795	-0.00595489	0.0170414
0	0	-808	-0.00269275	-0.0797757	0.0174198
0	0	-806	-0.0031721	-0.154289	0.0179695
0	0	-804	-0.00365276	-0.230183	0.0186887
0	0	-802	-0.00412814	-0.308176	0.0195862
0	0	-800	-0.0045861	-0.389009	0.0206712
0	0	-798	-0.00501505	-0.473455	0.0219355
0	0	-796	-0.00540125	-0.562314	0.0233594
0	0	-794	-0.00573124	-0.656358	0.0249118
0	0	-792	-0.00599511	-0.756243	0.026539
0	0	-790	-0.00618451	-0.862392	0.0281238
0	0	-788	-0.00629373	-0.974775	0.0294738
0	0	-786	-0.00631979	-1.09262	0.0303617
0	0	-784	-0.00626284	-1.21421	0.0305529
0	0	-782	-0.00612807	-1.33677	0.0298033
0	0	-780	-0.00592903	-1.45657	0.0279559
0	0	-778	-0.00568838	-1.56922	0.0249888
0	0	-776	-0.00543388	-1.67021	0.0210567
0	0	-774	-0.00519451	-1.75561	0.0165085
0	0	-772	-0.00499318	-1.8229	0.0117945
0	0	-770	-0.00484368	-1.87141	0.0073
0	0	-768	-0.00475267	-1.90196	0.00314959
0	0	-766	-0.00472391	-1.91585	-0.00080016
0	0	-764	-0.00475942	-1.91395	-0.00483352
0	0	-762	-0.00485641	-1.89609	-0.0091949
0	0	-760	-0.00500815	-1.8612	-0.0139254
0	0	-758	-0.00520214	-1.80802	-0.0187697
0	0	-756	-0.00541534	-1.73613	-0.0232296
0	0	-754	-0.00562061	-1.64681	-0.0267827
0	0	-752	-0.00579254	-1.54308	-0.0291357
0	0	-750	-0.00590873	-1.42905	-0.0302711
0	0	-748	-0.00595698	-1.30909	-0.0303304
0	0	-746	-0.00593522	-1.18725	-0.0295292
0	0	-744	-0.00584505	-1.06697	-0.0281338
0	0	-742	-0.00569038	-0.950737	-0.0264238
0	0	-740	-0.00547554	-0.840044	-0.024637
0	0	-738	-0.00520345	-0.735515	-0.022943
0	0	-736	-0.00487635	-0.6371	-0.0214429
0	0	-734	-0.00449933	-0.544346	-0.0201801
0	0	-732	-0.00407696	-0.456567	-0.0191509
0	0	-730	-0.00361858	-0.373005	-0.0183572
0	0	-728	-0.00313654	-0.292888	-0.01779
0	0	-726	-0.00264316	-0.215454	-0.0174412
0	0	-724	-0.00214946	-0.139963	-0.0172965
0	0	-722	-0.00166288	-0.0657032	-0.0173511
0	0	-720	-0.00118665	0.00799912	-0.0175971
0	0	-718	-0.00072011	0.0818015	-0.018032
0	0	-716	-0.00025814	0.156366	-0.0186495
0	0	-714	0.00020543	0.232387	-0.0194323
0	0	-712	0.00067921	0.31055	-0.0203846
0	0	-710	0.00117247	0.391583	-0.0215124
0	0	-708	0.00169455	0.47627	-0.022796
0	0	-706	0.00225531	0.565393	-0.02422
0	0	-704	0.00285642	0.659686	-0.0257512
0	0	-702	0.00349673	0.759808	-0.0273104
0	0	-700	0.00416842	0.866187	-0.0287785
0	0	-698	0.00485591	0.978776	-0.0299662
0	0	-696	0.00553727	1.09679	-0.0306463
0	0	-694	0.00618361	1.21851	-0.0305729
0	0	-692	0.0067635	1.34118	-0.0295449
0	0	-690	0.00724644	1.46108	-0.0274659
0	0	-688	0.00761165	1.57385	-0.0243478
0	0	-686	0.00785607	1.67502	-0.0203663
0	0	-684	0.00799168	1.76067	-0.0158627
0	0	-682	0.00804137	1.82826	-0.011291
0	0	-680	0.00802614	1.87712	-0.00701162
0	0	-678	0.00796133	1.90802	-0.00312588
0	0	-676	0.00785543	1.92224	0.00052053
0	0	-674	0.0077146	1.92066	0.00421039
0	0	-672	0.00754423	1.90314	0.00818587
0	0	-670	0.00734798	1.86866	0.0125058
0	0	-668	0.00713356	1.81598	0.0169639
0	0	-666	0.0069067	1.74467	0.0211262
0	0	-664	0.0066628	1.65592	0.0245451
0	0	-662	0.00639102	1.55269	0.0269588
0	0	-660	0.00607536	1.43902	0.0283276
0	0	-658	0.00570486	1.31922	0.0287586
0	0	-656	0.00527919	1.1974	0.0284349
0	0	-654	0.00480607	1.07701	0.0275771
0	0	-652	0.00429865	0.960584	0.026417
0	0	-650	0.00377083	0.849654	0.0251641
0	0	-648	0.00323407	0.744867	0.0239768
0	0	-646	0.0026977	0.646202	0.0229527
0	0	-644	0.00216713	0.553191	0.0221246
0	0	-642	0.00164457	0.465153	0.021491
0	0	-640	0.00113122	0.381344	0.0210351
0	0	-638	0.00062786	0.30101	0.0207455
0	0	-636	0.00013698	0.223405	0.0206118
0	0	-634	-0.00034141	0.147802	0.0206257
0	0	-632	-0.00080787	0.0734962	0.0207776
0	0	-630	-0.00126146	-0.00019197	0.0210603
0	0	-628	-0.00169891	-0.073933	0.0214667
0	0	-626	-0.00211744	-0.1484	0.0219926
0	0	-624	-0.00251391	-0.224288	0.0226611
0	0	-622	-0.0028879	-0.302299	0.023491
0	0	-620	-0.00324318	-0.383179	0.0244873
0	0	-618	-0.00358431	-0.467735	0.0256502
0	0	-616	-0.00391753	-0.556787	0.0269467
0	0	-614	-0.00424974	-0.65112	0.0283135
0	0	-612	-0.00458425	-0.751446	0.0296457
0	0	-610	-0.00492094	-0.858228	0.0308071
0	0	-608	-0.00525502	-0.971453	0.031619
0	0	-606	-0.00557913	-1.09035	0.031841
0	0	-604	-0.00588119	-1.21318	0.0312162
0	0	-602	-0.00614848	-1.33713	0.0295721
0	0	-600	-0.00637257	-1.45837	0.0268723
0	0	-598	-0.00655069	-1.57247	0.0232128
0	0	-596	-0.0066864	-1.67486	0.0188375
0	0	-594	-0.00678964	-1.76158	0.01414
0	0	-592	-0.00686819	-1.8301	0.00957119
0	0	-590	-0.00692668	-1.87974	0.00544171
0	0	-588	-0.00696967	-1.91126	0.00179726
0	0	-586	-0.00699728	-1.92598	-0.00155897
0	0	-584	-0.00701222	-1.92473	-0.00493971
0	0	-582	-0.00701305	-1.90736	-0.00861048
0	0	-580	-0.00699347	-1.87275	-0.0126293
0	0	-578	-0.00694037	-1.81955	-0.0167639
0	0	-576	-0.00683592	-1.74724	-0.0205489
0	0	-574	-0.00666514	-1.65708	-0.0235041
0	0	-572	-0.00641647	-1.55218	-0.0253611
0	0	-570	-0.00608701	-1.43682	-0.0261476
0	0	-568	-0.00567917	-1.31548	-0.0260704
0	0	-566	-0.00519988	-1.19227	-0.0253714
0	0	-564	-0.00466337	-1.07056	-0.0242649
0	0	-562	-0.00408673	-0.952776	-0.0229488
0	0	-560	-0.00348729	-0.840457	-0.0215944
0	0	-558	-0.00288308	-0.734383	-0.0203111
0	0	-556	-0.0022919	-0.634821	-0.0191374
0	0	-554	-0.00172796	-0.54168	-0.0180903
0	0	-552	-0.00119927	-0.454574	-0.0172104
0	0	-550	-0.00070814	-0.372766	-0.0165741
0	0	-548	-0.00024933	-0.295181	-0.0162216
0	0	-546	0.00018891	-0.220626	-0.0161357
0	0	-544	0.00061608	-0.148054	-0.0162738
0	0	-542	0.00103931	-0.0766415	-0.0165855
0	0	-540	0.00146119	-0.00572304	-0.0170265
0	0	-538	0.00187894	0.0652818	-0.0175693
0	0	-536	0.00228817	0.136944	-0.0182215
0	0	-534	0.00268465	0.209926	-0.0190218
0	0	-532	0.00306359	0.285073	-0.0200273
0	0	-530	0.00342611	0.363458	-0.0212952
0	0	-528	0.00377442	0.446281	-0.0228354
0	0	-526	0.00411161	0.534612	-0.0245912
0	0	-524	0.00443999	0.629215	-0.0264504
0	0	-522	0.00475783	0.730501	-0.0282864
0	0	-520	0.00506424	0.838573	-0.0299847
0	0	-518	0.00535818	0.953192	-0.0314061
0	0	-516	0.00563719	1.07355	-0.0323454
0	0	-514	0.00589819	1.19795	-0.0325554
0	0	-512	0.00613586	1.32371	-0.0317993
0	0	-510	0.00634073	1.44708	-0.029901
0	0	-508	0.00650337	1.56352	-0.0268118
0	0	-506	0.00661523	1.66823	-0.022661
0	0	-504	0.00667513	1.75692	-0.0178068
0	0	-502	0.00668827	1.82682	-0.0127658
0	0	-500	0.00666444	1.87718	-0.00798176
0	0	-498	0.00661316	1.90893	-0.00360872
0	0	-496	0.00654456	1.92357	0.00048048
0	0	-494	0.00646204	1.92213	0.00457143
0	0	-492	0.00636588	1.90461	0.00892472
0	0	-490	0.00625519	1.87006	0.0136185
0	0	-488	0.0061303	1.81726	0.0184409
0	0	-486	0.005988	1.74572	0.0229398
0	0	-484	0.00581936	1.65665	0.0265873
0	0	-482	0.00561468	1.55297	0.0290064
0	0	-480	0.00536598	1.43878	0.0300786
0	0	-478	0.00507034	1.31849	0.0299285
0	0	-476	0.00473454	1.19627	0.0288246
0	0	-474	0.00437099	1.07556	0.0270883
0	0	-472	0.00399311	0.958836	0.0250407
0	0	-470	0.00361273	0.847653	0.0229713
0	0	-468	0.00323791	0.742635	0.0210698
0	0	-466	0.00287521	0.643753	0.0194421
0	0	-464	0.00252519	0.550549	0.0181143
0	0	-462	0.0021866	0.462383	0.0170785
0	0	-460	0.00185648	0.378516	0.0163226
0	0	-458	0.00153185	0.298184	0.0158171
0	0	-456	0.00121271	0.220635	0.0155477
0	0	-454	0.00090057	0.145143	0.0155002
0	0	-452	0.00059528	0.0710035	0.0156611
0	0	-450	0.00029655	-0.00247756	0.0160169
0	0	-448	1.58e-06	-0.0759779	0.0165562
0	0	-446	-0.0002963	-0.150176	0.01726
0	0	-444	-0.00059995	-0.22577	0.0181077
0	0	-442	-0.0009116	-0.303458	0.0191041
0	0	-440	-0.0012299	-0.383976	0.0202453
0	0	-438	-0.00155398	-0.468097	0.0215478
0	0	-436	-0.00187941	-0.556622	0.023013
0	0	-434	-0.00220539	-0.650312	0.0246189
0	0	-432	-0.00252994	-0.749853	0.0262961
0	0	-430	-0.00285053	-0.855691	0.0279136
0	0	-428	-0.00316621	-0.967792	0.0293041
0	0	-426	-0.00347564	-1.08539	0.0302481
0	0	-424	-0.00377712	-1.20677	0.0304957
0	0	-422	-0.00406619	-1.32922	0.0298461
0	0	-420	-0.00433922	-1.44902	0.0281639
0	0	-418	-0.00459152	-1.56183	0.0254133
0	0	-416	-0.00482192	-1.66314	0.0217089
0	0	-414	-0.0050265	-1.74898	0.017366
0	0	-412	-0.00520267	-1.81672	0.0128475
0	0	-410	-0.00534601	-1.86564	0.00856286
0	0	-408	-0.00545365	-1.89656	0.00467263
0	0	-406	-0.00552712	-1.91088	0.00106614
0	0	-404	-0.00556924	-1.90953	-0.00252219
0	0	-402	-0.00558363	-1.89247	-0.00634185
0	0	-400	-0.00556866	-1.85873	-0.010466
0	0	-398	-0.00551338	-1.80709	-0.0147076
0	0	-396	-0.00540106	-1.7371	-0.0186498
0	0	-394	-0.00521336	-1.6499	-0.0218417
0	0	-392	-0.00494349	-1.54833	-0.0240179
0	0	-390	-0.00459235	-1.43633	-0.0251381
0	0	-388	-0.00417591	-1.31819	-0.025328
0	0	-386	-0.00372278	-1.19793	-0.0247916
0	0	-384	-0.0032625	-1.0789	-0.0237623
0	0	-382	-0.00282041	-0.96362	-0.022475
0	0	-380	-0.00241514	-0.853628	-0.0211312
0	0	-378	-0.00205352	-0.749579	-0.0198805
0	0	-376	-0.00173345	-0.651456	-0.018802
0	0	-374	-0.0014495	-0.558846	-0.0179368
0	0	-372	-0.00119426	-0.471108	-0.0172963
0	0	-370	-0.00095897	-0.387508	-0.0168678
0	0	-368	-0.00073315	-0.307288	-0.0166374
0	0	-366	-0.00050812	-0.229704	-0.0165934
0	0	-364	-0.00027653	-0.154045	-0.0167178
0	0	-362	-3.312e-05	-0.0796271	-0.0170018
0	0	-360	0.00022275	-0.00577158	-0.0174408
0	0	-358	0.00049062	0.0681919	-0.0180399
0	0	-356	0.00077109	0.14293	-0.0188097
0	0	-354	0.00106613	0.21911	-0.0197511
0	0	-352	0.00138175	0.297423	-0.0208597
0	0	-350	0.00172728	0.378608	-0.02215
0	0	-348	0.00210829	0.463422	-0.0236132
0	0	-346	0.00253014	0.552635	-0.0252411
0	0	-344	0.0029942	0.647011	-0.0270231
0	0	-342	0.00349499	0.747261	-0.0288937
0	0	-340	0.00402396	0.853847	-0.0307415
0	0	-338	0.00456724	0.966764	-0.0324015
0	0	-336	0.0051054	1.08531	-0.0336421
0	0	-334	0.00561263	1.20786	-0.0341645
0	0	-332	0.0060654	1.33166	-0.0337167
0	0	-330	0.00644326	1.45296	-0.0321237
0	0	-328	0.00673236	1.56735	-0.0293053
0	0	-326	0.00693441	1.6703	-0.0254113
0	0	-324	0.00706026	1.75772	-0.0208012
0	0	-322	0.00712779	1.82695	-0.0159607
0	0	-320	0.00715369	1.87721	-0.0113428
0	0	-318	0.00715027	1.90928	-0.00714352
0	0	-316	0.00712376	1.92445	-0.00327573
0	0	-314	0.0070727	1.92362	0.00051228
0	0	-312	0.00699401	1.90667	0.00447104
0	0	-310	0.00688451	1.87251	0.00869417
0	0	-308	0.00674095	1.81977	0.0130106
0	0	-306	0.00656245	1.74786	0.017004
0	0	-304	0.00635027	1.65793	0.0202101
0	0	-302	0.00610623	1.55305	0.0223289
0	0	-300	0.00583264	1.43749	0.0233318
0	0	-298	0.00553532	1.31583	0.0234157
0	0	-296	0.00522282	1.19222	0.0228154
0	0	-294	0.00490393	1.07006	0.0217609
0	0	-292	0.00458522	0.951835	0.0204705
0	0	-290	0.00426929	0.839129	0.0191178
0	0	-288	0.00396083	0.732723	0.0178116
0	0	-286	0.00366591	0.632899	0.0166186
0	0	-284	0.00339293	0.539548	0.0155985
0	0	-282	0.00314555	0.452231	0.0148118
0	0	-280	0.00291765	0.370146	0.0143195
0	0	-278	0.00269373	0.292197	0.0141249
0	0	-276	0.00245556	0.217211	0.0141802
0	0	-274	0.00218538	0.144197	0.0144329
0	0	-272	0.0018746	0.0723771	0.0148477
0	0	-270	0.00152389	0.00111971	0.0154036
0	0	-268	0.00114011	-0.0701447	0.016105
0	0	-266	0.00073038	-0.141985	0.0169829
0	0	-264	0.00029716	-0.215075	0.0180614
0	0	-262	-0.00016711	-0.290311	0.0193656
0	0	-260	-0.00067623	-0.368787	0.0208944
0	0	-258	-0.00124549	-0.451676	0.0226018
0	0	-256	-0.00188213	-0.539986	0.024425
0	0	-254	-0.00257735	-0.634423	0.026298
0	0	-252	-0.00331063	-0.735366	0.0281698
0	0	-250	-0.00405265	-0.842897	0.0299929
0	0	-248	-0.0047741	-0.956806	0.0316508
0	0	-246	-0.00544908	-1.07632	0.0329388
0	0	-244	-0.00605421	-1.19985	0.0335596
0	0	-242	-0.00656975	-1.32475	0.033235
0	0	-240	-0.00698408	-1.44736	0.0317538
0	0	-238	-0.00729415	-1.56326	0.0289934
0	0	-236	-0.00751378	-1.66772	0.025091
0	0	-234	-0.0076594	-1.75645	0.0204367
0	0	-232	-0.00774918	-1.82661	0.015579
0	0	-230	-0.00779915	-1.87738	0.0109847
0	0	-228	-0.00781707	-1.90959	0.00684371
0	0	-226	-0.00780897	-1.92466	0.0030493
0	0	-224	-0.00777792	-1.9236	-0.00066373
0	0	-222	-0.00772235	-1.90631	-0.00455206
0	0	-220	-0.00763572	-1.87173	-0.00870205
0	0	-218	-0.00750579	-1.8185	-0.0129352
0	0	-216	-0.00731704	-1.74607	-0.0168533
0	0	-214	-0.0070546	-1.65565	-0.0199999
0	0	-212	-0.00670932	-1.55033	-0.0221011
0	0	-210	-0.00628224	-1.43438	-0.023144
0	0	-208	-0.00578269	-1.31238	-0.0233215
0	0	-206	-0.00522476	-1.18846	-0.0228426
0	0	-204	-0.00462285	-1.066	-0.0219076
0	0	-202	-0.00399801	-0.947511	-0.0207413
0	0	-200	-0.00336768	-0.834564	-0.0194999
0	0	-198	-0.00274929	-0.727957	-0.0182862
0	0	-196	-0.00215818	-0.627948	-0.0171528
0	0	-194	-0.00160727	-0.534457	-0.0161623
0	0	-192	-0.00110579	-0.447083	-0.015406
0	0	-190	-0.00065459	-0.365014	-0.0149527
0	0	-188	-0.00024525	-0.287128	-0.0148211
0	0	-186	0.00013458	-0.212263	-0.0149811
0	0	-184	0.00049731	-0.139419	-0.0153771
0	0	-182	0.00085231	-0.0677959	-0.0159688
0	0	-180	0.0012051	0.00325658	-0.0167225
0	0	-178	0.0015579	0.0743027	-0.0176243
0	0	-176	0.00191149	0.145897	-0.0186922
0	0	-174	0.00226608	0.21872	-0.0199432
0	0	-172	0.00262282	0.293649	-0.021398
0	0	-170	0.00298361	0.371768	-0.0230677
0	0	-168	0.00335158	0.454254	-0.0249226
0	0	-166	0.00372708	0.54217	-0.0268809
0	0	-164	0.00410775	0.636258	-0.0288537
0	0	-162	0.00448522	0.736918	-0.0307717
0	0	-160	0.00485028	0.844275	-0.0325757
0	0	-158	0.00519424	0.958128	-0.0341532
0	0	-156	0.00550865	1.07771	-0.0352922
0	0	-154	0.00578793	1.20141	-0.0357307
0	0	-152	0.00602482	1.32657	-0.0351993
0	0	-150	0.00621082	1.44949	-0.0334942
0	0	-148	0.00633931	1.56576	-0.0305262
0	0	-146	0.0064075	1.67063	-0.0263951
0	0	-144	0.00642205	1.75977	-0.0214796
0	0	-142	0.00639627	1.83032	-0.0163278
0	0	-140	0.00634277	1.88145	-0.0114016
0	0	-138	0.00627336	1.914	-0.00689934
0	0	-136	0.00619514	1.92938	-0.00273087
0	0	-134	0.00610972	1.9286	0.00136971
0	0	-132	0.00601686	1.91161	0.00566326
0	0	-130	0.00591558	1.87736	0.0102416
0	0	-128	0.00580723	1.82451	0.0149328
0	0	-126	0.00569014	1.75248	0.0193213
0	0	-124	0.0055597	1.66245	0.0228994
0	0	-122	0.00541016	1.55749	0.0253237
0	0	-120	0.00523933	1.44187	0.0265335
0	0	-118	0.00504439	1.32014	0.0266653
0	0	-116	0.00483135	1.19643	0.0259869
0	0	-114	0.00460784	1.07411	0.0247886
0	0	-112	0.00437841	0.955703	0.0233505
0	0	-110	0.00414839	0.842737	0.021936
0	0	-108	0.00392348	0.735961	0.0206977
0	0	-106	0.00370909	0.635553	0.0196883
0	0	-104	0.00351173	0.541379	0.0189197
0	0	-102	0.00333598	0.453031	0.0183648
0	0	-100	0.00317589	0.369803	0.0179861
0	0	-98	0.00301752	0.290713	0.0177556
0	0	-96	0.00284447	0.214697	0.0176526
0	0	-94	0.00264181	0.140791	0.0176591
0	0	-92	0.00239968	0.0681882	0.0177679
0	0	-90	0.00211185	-0.00378432	0.0179775
0	0	-88	0.00177465	-0.0756964	0.0182899
0	0	-86	0.00138461	-0.148123	0.018725
0	0	-84	0.00094141	-0.221733	0.0193075
0	0	-82	0.00045116	-0.297365	0.0200647
0	0	-80	-8.008e-05	-0.376049	0.0210235
0	0	-78	-0.00064277	-0.458907	0.0221965
0	0	-76	-0.00122437	-0.546985	0.0235782
0	0	-74	-0.00180616	-0.641068	0.0251549
0	0	-72	-0.00236594	-0.7416	0.0268875
0	0	-70	-0.00288116	-0.848739	0.0286993
0	0	-68	-0.00333726	-0.962299	0.0304334
0	0	-66	-0.00372592	-1.08152	0.0318303
0	0	-64	-0.00404396	-1.20477	0.0325575
0	0	-62	-0.00429453	-1.32936	0.0323124
0	0	-60	-0.00448382	-1.45163	0.0308585
0	0	-58	-0.00462109	-1.56715	0.0281157
0	0	-56	-0.00471685	-1.67114	0.0242375
0	0	-54	-0.00478177	-1.75935	0.0196348
0	0	-52	-0.00482124	-1.82898	0.0148538
0	0	-50	-0.00484305	-1.87926	0.0103635
0	0	-48	-0.00485814	-1.91102	0.00633754
0	0	-46	-0.00488039	-1.92573	0.00266051
0	0	-44	-0.00492929	-1.92438	-0.00093604
0	0	-42	-0.00502185	-1.90696	-0.00469207
0	0	-40	-0.00517115	-1.87246	-0.00865996
0	0	-38	-0.00538248	-1.81964	-0.0126162
0	0	-36	-0.00565082	-1.74806	-0.0161424
0	0	-34	-0.00596072	-1.65894	-0.0188391
0	0	-32	-0.0062905	-1.55528	-0.0205601
0	0	-30	-0.0066205	-1.44117	-0.0214175
0	0	-28	-0.00693249	-1.32099	-0.0216148
0	0	-26	-0.00721582	-1.19883	-0.0213373
0	0	-24	-0.00746263	-1.07811	-0.0207325
0	0	-22	-0.00766865	-0.961376	-0.0199596
0	0	-20	-0.00782833	-0.850197	-0.0191493
0	0	-18	-0.00793319	-0.74521	-0.018405
0	0	-16	-0.00797475	-0.646373	-0.0177901
0	0	-14	-0.00794629	-0.553259	-0.0173293
0	0	-12	-0.0078463	-0.465207	-0.0170357
0	0	-10	-0.00767878	-0.381424	-0.0169104
0	0	-8	-0.00745405	-0.301112	-0.0169448
0	0	-6	-0.00718629	-0.22352	-0.0171404
0	0	-4	-0.00688788	-0.147926	-0.0174875
0	0	-2	-0.00657138	-0.073624	-0.0179789
0	0	0	-0.00624442	6.191e-05	-0.0186133
0	0	2	-0.00591084	0.0737822	-0.0193869
0	0	4	-0.00556807	0.148195	-0.0202993
0	0	6	-0.00521032	0.223987	-0.0213464
0	0	8	-0.00482481	0.301871	-0.0225389
0	0	10	-0.00439162	0.382566	-0.023877
0	0	12	-0.00388537	0.466836	-0.0253637
0	0	14	-0.00328567	0.555482	-0.0269882
0	0	16	-0.00257712	0.649287	-0.0287282
0	0	18	-0.00175359	0.74893	-0.0305452
0	0	20	-0.00082026	0.854863	-0.0323376
0	0	22	0.00020493	0.96708	-0.0339312
0	0	24	0.00129311	1.08488	-0.0350956
0	0	26	0.00240534	1.20656	-0.0355534
0	0	28	0.00349779	1.32939	-0.0350207
0	0	30	0.00452205	1.44967	-0.0332846
0	0	32	0.0054367	1.5631	-0.0303079
0	0	34	0.00621383	1.66517	-0.0262688
0	0	36	0.0068433	1.75187	-0.0215542
0	0	38	0.00732683	1.82051	-0.0166626
0	0	40	0.0076756	1.87033	-0.0119986
0	0	42	0.00789972	1.90203	-0.00772787
0	0	44	0.00800831	1.91696	-0.0037597
0	0	46	0.00800839	1.91605	0.00014385
0	0	48	0.00790229	1.89925	0.00421142
0	0	50	0.00769274	1.8656	0.0085345
0	0	52	0.00738203	1.81385	0.0129811
0	0	54	0.00697366	1.74347	0.0171953
0	0	56	0.0064719	1.65552	0.0207127
0	0	58	0.00588494	1.55286	0.02319
0	0	60	0.00522039	1.43955	0.0245007
0	0	62	0.00448885	1.32001	0.024717
0	0	64	0.00370586	1.19836	0.0240539
0	0	66	0.00289135	1.07807	0.0227993
0	0	68	0.00206818	0.9617	0.0212515
0	0	70	0.00125835	0.850808	0.0196696
0	0	72	0.00048057	0.746035	0.0182103
0	0	74	-0.00025225	0.647369	0.01696
0	0	76	-0.00093097	0.554395	0.0159624
0	0	78	-0.00155322	0.466451	0.0152155
0	0	80	-0.00212113	0.382769	0.0147018
0	0	82	-0.00263995	0.302567	0.0143992
0	0	84	-0.00311625	0.225108	0.0142978
0	0	86	-0.00355936	0.14966	0.0143858
0	0	88	-0.00397686	0.0755231	0.0146462
0	0	90	-0.00437375	0.00202098	0.0150858
0	0	92	-0.00474955	-0.0715004	0.0157171
0	0	94	-0.00510133	-0.145714	0.0165511
0	0	96	-0.00542501	-0.221312	0.0175825
0	0	98	-0.00571477	-0.299005	0.0188012
0	0	100	-0.00596519	-0.379509	0.0202013
0	0	102	-0.00616991	-0.463571	0.02177
0	0	104	-0.00632492	-0.551974	0.0234881
0	0	106	-0.00642861	-0.645498	0.0253336
0	0	108	-0.00648299	-0.744832	0.0272461
0	0	110	-0.00649493	-0.850452	0.0291293
0	0	112	-0.00647459	-0.962421	0.0308197
0	0	114	-0.00643236	-1.08009	0.0320747
0	0	116	-0.00638013	-1.20185	0.0326117
0	0	118	-0.00632628	-1.32499	0.0321768
0	0	120	-0.00627627	-1.44584	0.0305672
0	0	122	-0.00623351	-1.56002	0.0277205
0	0	124	-0.00620064	-1.66292	0.0238155
0	0	126	-0.00617777	-1.75046	0.0192619
0	0	128	-0.00616581	-1.81994	0.0145692
0	0	130	-0.00616377	-1.87053	0.0101566
0	0	132	-0.00617292	-1.90293	0.00618765
0	0	134	-0.00620514	-1.91846	0.00256245
0	0	136	-0.00626952	-1.91809	-0.00096845
0	0	138	-0.00637721	-1.90178	-0.00463591
0	0	140	-0.00653265	-1.86857	-0.00851456
0	0	142	-0.0067295	-1.81719	-0.0124424
0	0	144	-0.00694677	-1.74703	-0.0160335
0	0	146	-0.00715063	-1.65905	-0.0188546
0	0	148	-0.0073011	-1.55603	-0.020618
0	0	150	-0.00736398	-1.44203	-0.0212641
0	0	152	-0.00731808	-1.32155	-0.0209136
0	0	154	-0.00715697	-1.19888	-0.0198159
0	0	156	-0.00688645	-1.07764	-0.0182772
0	0	158	-0.00651705	-0.960473	-0.0166046
0	0	160	-0.00605754	-0.848963	-0.0150522
0	0	162	-0.00551231	-0.743712	-0.0137668
0	0	164	-0.00488982	-0.644656	-0.0128396
0	0	166	-0.00419987	-0.551336	-0.0122759
0	0	168	-0.0034599	-0.463079	-0.0120458
0	0	170	-0.00269265	-0.379113	-0.0121239
0	0	172	-0.00192215	-0.298675	-0.012487
0	0	174	-0.00117571	-0.221016	-0.0131223
0	0	176	-0.00047627	-0.145395	-0.0139958
0	0	178	0.00015443	-0.0710809	-0.0150552
0	0	180	0.00069853	0.00261058	-0.0162502
0	0	182	0.00114293	0.0763253	-0.0175255
0	0	184	0.00148327	0.150725	-0.0188518
0	0	186	0.00172478	0.226494	-0.0202352
0	0	188	0.00188458	0.304322	-0.021697
0	0	190	0.00199014	0.38491	-0.0232621
0	0	192	0.00207826	0.469018	-0.0249424
0	0	194	0.00218684	0.557443	-0.0267092
0	0	196	0.00235069	0.650945	-0.028492
0	0	198	0.00259448	0.750192	-0.0301874
0	0	200	0.00293366	0.855677	-0.0316617
0	0	202	0.00336935	0.967442	-0.0327243
0	0	204	0.00389002	1.08482	-0.0331736
0	0	206	0.0044714	1.20616	-0.0328222
0	0	208	0.00507606	1.32875	-0.0315189
0	0	210	0.00566229	1.44891	-0.0291975
0	0	212	0.00619474	1.56233	-0.0259075
0	0	214	0.00664988	1.66447	-0.0218425
0	0	216	0.00701877	1.75133	-0.0173491
0	0	218	0.0073054	1.82024	-0.0128653
0	0	220	0.00751893	1.87039	-0.00873759
0	0	222	0.00767111	1.90247	-0.00508013
0	0	224	0.00776925	1.9178	-0.00176261
0	0	226	0.00782242	1.91731	0.00147682
0	0	228	0.00783845	1.901	0.00488042
0	0	230	0.00782465	1.86792	0.00854806
0	0	232	0.00778415	1.81682	0.012357
0	0	234	0.00771781	1.74715	0.0159828
0	0	236	0.00761742	1.65989	0.0190308
0	0	238	0.00746998	1.55781	0.021251
0	0	240	0.00725929	1.44488	0.0225673
0	0	242	0.00697501	1.32546	0.0230431
0	0	244	0.0066165	1.20373	0.0228355
0	0	246	0.00619299	1.08324	0.0221365
0	0	248	0.00571596	0.966609	0.021155
0	0	250	0.0052006	0.85543	0.0200673
0	0	252	0.00466184	0.750376	0.0190211
0	0	254	0.00410953	0.651458	0.0181288
0	0	256	0.00355065	0.558266	0.0174446
0	0	258	0.00299135	0.470134	0.017007
0	0	260	0.0024358	0.386312	0.016831
0	0	262	0.00188956	0.306041	0.0169059
0	0	264	0.001359	0.22858	0.0172209
0	0	266	0.00085162	0.153189	0.0177345
0	0	268	0.00037429	0.0791597	0.0184003
0	0	270	-6.762e-05	0.00581252	0.0191784
0	0	272	-0.0004735	-0.0675123	0.0200407
0	0	274	-0.00084706	-0.141503	0.0209767
0	0	276	-0.00119312	-0.216863	0.0219773
0	0	278	-0.00151896	-0.294307	0.0230561
0	0	280	-0.00182857	-0.374609	0.024225
0	0	282	-0.00212564	-0.458589	0.0254732
0	0	284	-0.00241327	-0.547083	0.0267684
0	0	286	-0.00269744	-0.640902	0.0280612
0	0	288	-0.00298539	-0.740741	0.0292875
0	0	290	-0.00328104	-0.847068	0.0303398
0	0	292	-0.00358569	-0.959915	0.0310732
0	0	294	-0.00389761	-1.07859	0.031311
0	0	296	-0.00421255	-1.2014	0.0308677
0	0	298	-0.00452242	-1.32557	0.0295793
0	0	300	-0.00481877	-1.44736	0.0273488
0	0	302	-0.00509431	-1.56232	0.0242042
0	0	304	-0.00534136	-1.66584	0.0202965
0	0	306	-0.00555647	-1.75391	0.0159394
0	0	308	-0.00573492	-1.82392	0.0115197
0	0	310	-0.00587576	-1.8751	0.00735683
0	0	312	-0.00598284	-1.90815	0.00355519
0	0	314	-0.00606057	-1.92435	-2.315e-05
0	0	316	-0.00611224	-1.92456	-0.00364109
0	0	318	-0.00613884	-1.90857	-0.00753904
0	0	320	-0.006135	-1.87516	-0.0117853
0	0	322	-0.00609017	-1.82286	-0.0161786
0	0	324	-0.00599408	-1.75102	-0.0202608
0	0	326	-0.00583893	-1.66091	-0.0235114
0	0	328	-0.00562838	-1.55591	-0.0256202
0	0	330	-0.00537453	-1.44057	-0.0265516
0	0	332	-0.00509276	-1.31958	-0.0264878
0	0	334	-0.00479643	-1.19711	-0.0256742
0	0	336	-0.00449575	-1.07646	-0.0243693
0	0	338	-0.00419668	-0.96001	-0.022841
0	0	340	-0.00390115	-0.849198	-0.0213
0	0	342	-0.00360687	-0.744625	-0.0198823
0	0	344	-0.00330946	-0.646241	-0.0186754
0	0	346	-0.00300203	-0.553596	-0.0177084
0	0	348	-0.00267672	-0.466024	-0.0169855
0	0	350	-0.00232788	-0.382769	-0.016505
0	0	352	-0.00195004	-0.303056	-0.016266
0	0	354	-0.00154044	-0.226122	-0.0162685
0	0	356	-0.0010985	-0.151226	-0.0164828
0	0	358	-0.00062592	-0.0776667	-0.0168741
0	0	360	-0.00012322	-0.00477974	-0.0174116
0	0	362	0.00040824	0.0680823	-0.0180421
0	0	364	0.00096534	0.141575	-0.0187317
0	0	366	0.00154366	0.216377	-0.0194622
0	0	368	0.00213487	0.293175	-0.0202222
0	0	370	0.00273003	0.372722	-0.0210256
0	0	372	0.00331946	0.455806	-0.0218908
0	0	374	0.00389506	0.543277	-0.0228248
0	0	376	0.00445124	0.635911	-0.0238285
0	0	378	0.00498112	0.73441	-0.024857
0	0	380	0.00548043	0.839272	-0.0258477
0	0	382	0.00594168	0.950579	-0.0266812
0	0	384	0.00635361	1.06773	-0.027189
0	0	386	0.00670635	1.18925	-0.0271909
0	0	388	0.00699126	1.31268	-0.026502
0	0	390	0.00720275	1.43454	-0.024936
0	0	392	0.00734167	1.55042	-0.0223661
0	0	394	0.0074115	1.65539	-0.0188262
0	0	396	0.00741679	1.74489	-0.0145787
0	0	398	0.00736532	1.81572	-0.0100698
0	0	400	0.00726829	1.86689	-0.00571841
0	0	402	0.00713919	1.89921	-0.00170507
0	0	404	0.00698758	1.91432	0.002069
0	0	406	0.00681782	1.9134	0.00586887
0	0	408	0.00663526	1.89663	0.00993815
0	0	410	0.00644012	1.86317	0.0143552
0	0	412	0.00623173	1.81181	0.0189479
0	0	414	0.00600556	1.74201	0.023317
0	0	416	0.00575445	1.6548	0.0269805
0	0	418	0.00546551	1.55293	0.0295617
0	0	420	0.00512873	1.44035	0.0309148
0	0	422	0.00474116	1.3214	0.0310957
0	0	424	0.00430972	1.20018	0.0302984
0	0	426	0.0038479	1.08018	0.0287857
0	0	428	0.00336828	0.963986	0.0268586
0	0	430	0.00288347	0.853192	0.0247957
0	0	432	0.0024016	0.74848	0.0227916
0	0	434	0.0019276	0.649852	0.0209672
0	0	436	0.00146455	0.556895	0.0193688
0	0	438	0.00101462	0.468925	0.0180099
0	0	440	0.00057926	0.385181	0.0168998
0	0	442	0.00015889	0.30491	0.0160167
0	0	444	-0.00024463	0.227364	0.0153429
0	0	446	-0.00062936	0.151813	0.0148703
0	0	448	-0.00099532	0.077558	0.0145854
0	0	450	-0.00134082	0.00394078	0.014479
0	0	452	-0.00166548	-0.0696806	0.014542
0	0	454	-0.00197183	-0.14398	0.0147647
0	0	456	-0.00226103	-0.219631	0.0151475
0	0	458	-0.00253916	-0.297306	0.0156779
0	0	460	-0.00280894	-0.377737	0.0163536
0	0	462	-0.003072	-0.461725	0.0171785
0	0	464	-0.00332999	-0.550087	0.0181347
0	0	466	-0.00358406	-0.6436	0.0191857
0	0	468	-0.00383408	-0.742987	0.0202987
0	0	470	-0.00408079	-0.848776	0.0213928
0	0	472	-0.0043248	-0.961012	0.0223307
0	0	474	-0.00456445	-1.07902	0.0229392
0	0	476	-0.00479755	-1.20119	0.0230015
0	0	478	-0.00501797	-1.32483	0.022327
0	0	480	-0.00521836	-1.44618	0.0207923
0	0	482	-0.0053923	-1.56081	0.0183425
0	0	484	-0.00553736	-1.6641	0.0150727
0	0	486	-0.00565391	-1.75201	0.011248
0	0	488	-0.00574398	-1.82183	0.00724457
0	0	490	-0.00580835	-1.87273	0.00338562
0	0	492	-0.00584869	-1.90542	-0.00020536
0	0	494	-0.00586528	-1.9212	-0.00364995
0	0	496	-0.00585805	-1.92096	-0.00719583
0	0	498	-0.00582775	-1.90461	-0.0110594
0	0	500	-0.00576998	-1.87109	-0.0152903
0	0	502	-0.00567399	-1.81907	-0.0196873
0	0	504	-0.00552862	-1.74795	-0.023819
0	0	506	-0.00532124	-1.65882	-0.0271864
0	0	508	-0.00504652	-1.55469	-0.0294389
0	0	510	-0.00470929	-1.43981	-0.0304892
0	0	512	-0.00431836	-1.31869	-0.0304637
0	0	514	-0.00389142	-1.19545	-0.0295998
0	0	516	-0.00344402	-1.07352	-0.0281705
0	0	518	-0.00299062	-0.955403	-0.0264529
0	0	520	-0.00254075	-0.842635	-0.0246542
0	0	522	-0.0021023	-0.736029	-0.0229127
0	0	524	-0.00168396	-0.635901	-0.0212872
0	0	526	-0.0012919	-0.542162	-0.0198026
0	0	528	-0.00093193	-0.454395	-0.0185214
0	0	530	-0.00060468	-0.371863	-0.0174951
0	0	532	-0.00029992	-0.293522	-0.0167312
0	0	534	-4.61e-06	-0.21821	-0.0162005
0	0	536	0.00029263	-0.144912	-0.0158546
0	0	538	0.00060112	-0.072856	-0.0156478
0	0	540	0.00092496	-0.00141233	-0.0155596
0	0	542	0.00126357	0.0699916	-0.0155958
0	0	544	0.0016182	0.141927	-0.0157701
0	0	546	0.00198832	0.215045	-0.016112
0	0	548	0.00237965	0.290198	-0.0166553
0	0	550	0.0028005	0.368469	-0.0174048
0	0	552	0.00325891	0.451028	-0.0183243
0	0	554	0.00375554	0.538914	-0.0193211
0	0	556	0.00428038	0.632845	-0.0203012
0	0	558	0.00481603	0.733214	-0.0211927
0	0	560	0.00534233	0.840126	-0.021928
0	0	562	0.0058405	0.953339	-0.0224021
0	0	564	0.00629363	1.07208	-0.0224786
0	0	566	0.00668727	1.19477	-0.0220007
0	0	568	0.00700846	1.31883	-0.0208189
0	0	570	0.00724871	1.44067	-0.0188448
0	0	572	0.00740524	1.55591	-0.0160611
0	0	574	0.00748665	1.6599	-0.0126123
0	0	576	0.00750793	1.74835	-0.00880607
0	0	578	0.00748703	1.81843	-0.00503201
0	0	580	0.00744398	1.8693	-0.00160711
0	0	582	0.00739244	1.90172	0.00142088
0	0	584	0.00733973	1.91713	0.00423531
0	0	586	0.00729327	1.91655	0.00711235
0	0	588	0.00725418	1.90005	0.010283
0	0	590	0.00722635	1.86674	0.013807
0	0	592	0.0072061	1.8154	0.0175033
0	0	594	0.00719354	1.74553	0.0209905
0	0	596	0.00718131	1.65818	0.0238345
0	0	598	0.00715593	1.55617	0.0257284
0	0	600	0.00710308	1.44344	0.0265813
0	0	602	0.00701369	1.32433	0.0264596
0	0	604	0.00688204	1.20295	0.025555
0	0	606	0.00670835	1.08279	0.0241362
0	0	608	0.00649263	0.966416	0.0224829
0	0	610	0.00623777	0.855404	0.0208275
0	0	612	0.00594282	0.750487	0.0193248
0	0	614	0.00560848	0.651693	0.0180659
0	0	616	0.00523605	0.558575	0.0170806
0	0	618	0.00482599	0.470491	0.0163481
0	0	620	0.00438153	0.386709	0.0158345
0	0	622	0.0039048	0.306454	0.0155146
0	0	624	0.00339927	0.228928	0.0153675
0	0	626	0.00287046	0.153392	0.015377
0	0	628	0.00232554	0.0791416	0.0155369
0	0	630	0.0017707	0.00548742	0.0158491
0	0	632	0.00121174	-0.0682629	0.0163117
0	0	634	0.0006545	-0.142759	0.0169191
0	0	636	0.00010434	-0.218671	0.0176639
0	0	638	-0.00043334	-0.296693	0.0185545
0	0	640	-0.00095386	-0.377551	0.0195864
0	0	642	-0.00145137	-0.46198	0.0207476
0	0	644	-0.00192251	-0.550747	0.0220287
0	0	646	-0.00236444	-0.64461	0.0234007
0	0	648	-0.00277333	-0.74423	0.0247884
0	0	650	-0.00314654	-0.850057	0.0260704
0	0	652	-0.00348216	-0.962088	0.0270666
0	0	654	-0.00377696	-1.07961	0.0275578
0	0	656	-0.00402607	-1.20096	0.0272984
0	0	658	-0.0042231	-1.32343	0.0260862
0	0	660	-0.00436469	-1.44338	0.0238443
0	0	662	-0.00445051	-1.55646	0.0206187
0	0	664	-0.00448765	-1.65822	0.01663
0	0	666	-0.00448768	-1.7447	0.0122645
0	0	668	-0.00446512	-1.8133	0.00797813
0	0	670	-0.00443144	-1.86322	0.00409775
0	0	672	-0.00439839	-1.89518	0.00069028
0	0	674	-0.00437657	-1.91048	-0.00240608
0	0	676	-0.00438032	-1.91002	-0.00545789
0	0	678	-0.00441901	-1.89381	-0.0086775
0	0	680	-0.00449915	-1.8609	-0.0120995
0	0	682	-0.00461768	-1.81007	-0.0155223
0	0	684	-0.00476251	-1.74079	-0.0185713
0	0	686	-0.00491113	-1.65406	-0.0208593
0	0	688	-0.00503887	-1.5526	-0.0221488
0	0	690	-0.00512802	-1.44034	-0.0224249
0	0	692	-0.00516968	-1.32164	-0.0218376
0	0	694	-0.00516458	-1.20065	-0.0206176
0	0	696	-0.00511894	-1.08086	-0.0190386
0	0	698	-0.00503613	-0.964836	-0.0173587
0	0	700	-0.00491949	-0.854159	-0.0157884
0	0	702	-0.00476987	-0.749513	-0.0144582
0	0	704	-0.00458617	-0.650882	-0.0134307
0	0	706	-0.00437101	-0.557825	-0.0126906
0	0	708	-0.00413089	-0.469709	-0.012213
0	0	710	-0.00387501	-0.385801	-0.0119641
0	0	712	-0.00361649	-0.305351	-0.0119116
0	0	714	-0.00336561	-0.227618	-0.0120281
0	0	716	-0.00313123	-0.151902	-0.0122963
0	0	718	-0.00291969	-0.0775325	-0.0127058
0	0	720	-0.00273455	-0.00384094	-0.0132586
0	0	722	-0.00257276	0.0698391	-0.0139386
0	0	724	-0.0024276	0.144164	-0.0147386
0	0	726	-0.00228389	0.219825	-0.015661
0	0	728	-0.00212129	0.297539	-0.0167064
0	0	730	-0.00191602	0.37806	-0.0178768
0	0	732	-0.00164175	0.462141	-0.0191761
0	0	734	-0.00127647	0.550571	-0.0206064
0	0	736	-0.00080602	0.6441	-0.0221584
0	0	738	-0.00022555	0.743417	-0.0237795
0	0	740	0.00045772	0.848984	-0.0253742
0	0	742	0.00122436	0.960806	-0.0267837
0	0	744	0.00204628	1.07821	-0.0277909
0	0	746	0.00288431	1.19957	-0.0281537
0	0	748	0.00369884	1.32224	-0.0276522
0	0	750	0.00445065	1.44257	-0.0261401
0	0	752	0.00510514	1.5563	-0.0235638
0	0	754	0.00563933	1.65897	-0.0200036
0	0	756	0.00604291	1.74652	-0.0157153
0	0	758	0.00631712	1.81616	-0.0110955
0	0	760	0.00646884	1.86696	-0.00654581
0	0	762	0.00651062	1.89957	-0.00226306
0	0	764	0.00645156	1.91531	0.00182579
0	0	766	0.0063036	1.91508	0.00594371
0	0	768	0.00607659	1.89882	0.0102914
0	0	770	0.00577748	1.86547	0.0149029
0	0	772	0.00541686	1.81371	0.0195648
0	0	774	0.00500814	1.74295	0.023839
0	0	776	0.00456642	1.6543	0.027248
0	0	778	0.00410627	1.55073	0.0294957
0	0	780	0.00364068	1.4364	0.0305318
0	0	782	0.00318254	1.31578	0.0304797
0	0	784	0.00274403	1.19298	0.0295411
0	0	786	0.00233451	1.0714	0.0279863
0	0	788	0.00195814	0.953528	0.0260859
0	0	790	0.00162047	0.840983	0.0240596
0	0	792	0.00132161	0.734602	0.0220396
0	0	794	0.00106353	0.634659	0.0201289
0	0	796	0.00084755	0.541074	0.0183847
0	0	798	0.0006741	0.453487	0.0168714
0	0	800	0.00053876	0.371159	0.0156379
0	0	802	0.00043138	0.293032	0.0146929
0	0	804	0.00033807	0.217934	0.0140038
0	0	806	0.00024611	0.144852	0.0135086
0	0	808	0.00014815	0.0729854	0.0131506
0	0	810	4.011e-05	0.00167751	0.0129019
0	0	812	-7.821e-05	-0.0696244	0.012758
0	0	814	-0.00020625	-0.141472	0.0127336
0	0	816	-0.00034646	-0.214505	0.012851
0	0	818	-0.0005032	-0.289559	0.013135
0	0	820	-0.00068646	-0.367673	0.0136186
0	0	822	-0.00090707	-0.450009	0.0142899
0	0	824	-0.00117275	-0.537592	0.0150918
0	0	826	-0.00148555	-0.63115	0.0159373
0	0	828	-0.00183776	-0.731098	0.0167846
0	0	830	-0.00221846	-0.83756	0.0175881
0	0	832	-0.00261552	-0.950319	0.0182587
0	0	834	-0.00301778	-1.06862	0.0186407
0	0	836	-0.0034162	-1.19091	0.0185758
0	0	838	-0.00380072	-1.31461	0.0179485
0	0	840	-0.00416451	-1.43616	0.0166578
0	0	842	-0.00449871	-1.55124	0.0146229
0	0	844	-0.00479759	-1.65523	0.01193
0	0	846	-0.00505533	-1.74387	0.00883139
0	0	848	-0.00526931	-1.81426	0.00567791
0	0	850	-0.00543919	-1.86545	0.0027808
0	0	852	-0.00556738	-1.89819	0.00024867
0	0	854	-0.00566283	-1.91388	-0.00202654
0	0	856	-0.00573247	-1.91357	-0.00429571
0	0	858	-0.00578551	-1.89734	-0.00678882
0	0	860	-0.00582461	-1.86427	-0.009594
0	0	862	-0.00584422	-1.81316	-0.0126038
0	0	864	-0.00583244	-1.74345	-0.015517
0	0	866	-0.0057729	-1.65616	-0.0179425
0	0	868	-0.00564457	-1.55407	-0.0195733
0	0	870	-0.00543103	-1.44119	-0.020301
0	0	872	-0.00512259	-1.32192	-0.0201901
0	0	874	-0.00472502	-1.2004	-0.0194192
0	0	876	-0.00425353	-1.08015	-0.0182458
0	0	878	-0.00372919	-0.963755	-0.0169573
0	0	880	-0.00317192	-0.85282	-0.0157816
0	0	882	-0.00259627	-0.748	-0.014834
0	0	884	-0.00201376	-0.649297	-0.0141622
0	0	886	-0.00143248	-0.556269	-0.0137582
0	0	888	-0.00085959	-0.468273	-0.0136095
0	0	890	-0.00030335	-0.384579	-0.0136808
0	0	892	0.00022564	-0.304409	-0.0139375
0	0	894	0.0007162	-0.22698	-0.0143567
0	0	896	0.00115925	-0.151559	-0.0149213
0	0	898	0.00154823	-0.0774325	-0.0156154
0	0	900	0.00188262	-0.00389273	-0.016419
0	0	902	0.00216763	0.0697215	-0.0173291
0	0	904	0.0024146	0.144047	-0.0183605
0	0	906	0.00263577	0.219726	-0.0195269
0	0	908	0.00284217	0.297449	-0.0208438
0	0	910	0.00304418	0.37792	-0.022314
0	0	912	0.00324582	0.461878	-0.0239326
0	0	914	0.00345012	0.550085	-0.0256683
0	0	916	0.00365957	0.643329	-0.0274458
0	0	918	0.00387268	0.74231	-0.0291555
0	0	920	0.00408739	0.847517	-0.0306546
0	0	922	0.00429991	0.959026	-0.0317643
0	0	924	0.0045043	1.07625	-0.0322622
0	0	926	0.00469126	1.19761	-0.0319181
0	0	928	0.00484818	1.32041	-0.0305753
0	0	930	0.00496481	1.44098	-0.0281844
0	0	932	0.00503578	1.55495	-0.0247794
0	0	934	0.00506234	1.65773	-0.0205324
0	0	936	0.0050527	1.74529	-0.015782
0	0	938	0.00501943	1.81492	-0.0109467
0	0	940	0.00497423	1.86578	-0.00635184
0	0	942	0.0049211	1.89853	-0.00209583
0	0	944	0.00486308	1.91445	0.0019361
0	0	946	0.0047954	1.91448	0.00597502
0	0	948	0.00471374	1.8986	0.0102301
0	0	950	0.00461157	1.86589	0.0147363
0	0	952	0.00448516	1.81512	0.0192925
0	0	954	0.00433162	1.74572	0.0235045
0	0	956	0.00414727	1.6587	0.0269143
0	0	958	0.00393449	1.55681	0.0291994
0	0	960	0.00369769	1.44398	0.0302737
0	0	962	0.00344162	1.32459	0.0302535
0	0	964	0.00317325	1.20279	0.0293376
0	0	966	0.00290156	1.0821	0.0277795
0	0	968	0.00263026	0.965122	0.0258739
0	0	970	0.00236241	0.853524	0.0238794
0	0	972	0.00209888	0.748027	0.0219911
0	0	974	0.00183955	0.648642	0.0203183
0	0	976	0.00158248	0.554967	0.0189036
0	0	978	0.00132377	0.466371	0.0177632
0	0	980	0.00106059	0.382104	0.0168838
0	0	982	0.00079185	0.301398	0.0162321
0	0	984	0.00051451	0.22351	0.0157786
0	0	986	0.00022572	0.147737	0.0154944
0	0	988	-7.414e-05	0.0733796	0.0153574
0	0	990	-0.00038581	-0.00024972	0.0153454
0	0	992	-0.00070818	-0.0738027	0.0154449
0	0	994	-0.00103745	-0.14793	0.0156508
0	0	996	-0.00136957	-0.223318	0.0159734
0	0	998	-0.0017015	-0.300692	0.0164162
0	0	1000	-0.0020278	-0.38079	0.0169748
0	0	1002	-0.00234503	-0.46439	0.0176456
0	0	1004	-0.00264934	-0.552308	0.0184183
0	0	1006	-0.00293663	-0.645359	0.0192593
0	0	1008	-0.00320486	-0.744241	0.0200909
0	0	1010	-0.00345518	-0.849426	0.0208193
0	0	1012	-0.00369136	-0.960929	0.0213142
0	0	1014	-0.00391765	-1.0781	0.0214082
0	0	1016	-0.00413235	-1.1993	0.0209354
0	0	1018	-0.00432981	-1.32187	0.0197793
0	0	1020	-0.00450384	-1.44216	0.0179096
0	0	1022	-0.00464508	-1.55588	0.0153351
0	0	1024	-0.00475373	-1.65853	0.0121748
0	0	1026	-0.00483126	-1.74613	0.00867759
0	0	1028	-0.00487587	-1.81597	0.00517746
0	0	1030	-0.00488564	-1.86719	0.0019342
0	0	1032	-0.00485882	-1.90041	-0.00099139
0	0	1034	-0.00479501	-1.91685	-0.00374915
0	0	1036	-0.00469117	-1.91734	-0.00659986
0	0	1038	-0.00454166	-1.90171	-0.00976778
0	0	1040	-0.00433796	-1.86875	-0.0133012
0	0	1042	-0.00406871	-1.81696	-0.0169925
0	0	1044	-0.00372242	-1.74568	-0.0203969
0	0	1046	-0.00330071	-1.65607	-0.0230438
0	0	1048	-0.00281887	-1.5514	-0.0246328
0	0	1050	-0.00230813	-1.43621	-0.0251463
0	0	1052	-0.00180407	-1.31523	-0.0247569
0	0	1054	-0.00133753	-1.19263	-0.0236854
0	0	1056	-0.0009322	-1.07175	-0.0221634
0	0	1058	-0.00059634	-0.955001	-0.0204142
0	0	1060	-0.0003305	-0.843835	-0.0186351
0	0	1062	-0.00012709	-0.738862	-0.0169876
0	0	1064	2.734e-05	-0.640033	-0.0155661
0	0	1066	0.00014412	-0.546906	-0.0144101
0	0	1068	0.00023712	-0.458824	-0.0135118
0	0	1070	0.00031856	-0.37503	-0.0128327
0	0	1072	0.00039938	-0.294768	-0.0123357
0	0	1074	0.00048908	-0.217324	-0.0119753
0	0	1076	0.0005903	-0.142023	-0.0117435
0	0	1078	0.0007056	-0.0681826	-0.0116457
0	0	1080	0.0008349	0.00487823	-0.0117101
0	0	1082	0.00098165	0.077824	-0.0119594
0	0	1084	0.00115101	0.151326	-0.0124091
0	0	1086	0.00135578	0.226085	-0.0130662
0	0	1088	0.00160402	0.302828	-0.0139209
0	0	1090	0.00190247	0.382281	-0.0149651
0	0	1092	0.00224983	0.465207	-0.0161865
0	0	1094	0.00264106	0.552417	-0.0175813
0	0	1096	0.00306591	0.644727	-0.0191167
0	0	1098	0.00350926	0.742853	-0.0207323
0	0	1100	0.00395622	0.847322	-0.0223396
0	0	1102	0.0043897	0.958265	-0.0237909
0	0	1104	0.00479344	1.07517	-0.0249041
0	0	1106	0.00515365	1.19662	-0.0254643
0	0	1108	0.00546196	1.32022	-0.0252767
0	0	1110	0.00571325	1.44251	-0.0241688
0	0	1112	0.0059068	1.55915	-0.02203
0	0	1114	0.00604386	1.66526	-0.0188991
0	0	1116	0.00612598	1.75616	-0.0150225
0	0	1118	0.00615663	1.82855	-0.0108186
0	0	1120	0.00614375	1.88127	-0.00667921
0	0	1122	0.00609703	1.91501	-0.00277443
0	0	1124	0.00602501	1.93132	0.00096576
0	0	1126	0.00593468	1.93142	0.0047481
0	0	1128	0.00582729	1.91557	0.00876682
0	0	1130	0.0057049	1.883	0.0130752
0	0	1132	0.00556987	1.83262	0.0175185
0	0	1134	0.00541974	1.76389	0.0217509
0	0	1136	0.00525284	1.67778	0.0253514
0	0	1138	0.00506683	1.57696	0.0279991
0	0	1140	0.00485971	1.46534	0.0295471
0	0	1142	0.00463199	1.34725	0.0300346
0	0	1144	0.00438924	1.22677	0.0296173
0	0	1146	0.00413727	1.10742	0.0285064
0	0	1148	0.00388473	0.991844	0.0269697
0	0	1150	0.00363799	0.881679	0.025239
0	0	1152	0.00340009	0.77764	0.0234899
0	0	1154	0.00317364	0.679769	0.0218417
0	0	1156	0.00295965	0.58767	0.0203576
0	0	1158	0.00275752	0.50069	0.019076
0	0	1160	0.00256198	0.418076	0.0179928
0	0	1162	0.00236743	0.33906	0.0170932
0	0	1164	0.00216617	0.262902	0.0163629
0	0	1166	0.00195294	0.188884	0.01578
0	0	1168	0.00172451	0.116305	0.0153265
0	0	1170	0.00148014	0.04448	0.014973
0	0	1172	0.00121878	-0.027253	0.0147067
0	0	1174	0.0009406	-0.0995563	0.0145102
0	0	1176	0.00064622	-0.173087	0.0143736
0	0	1178	0.00033544	-0.248536	0.0142964
0	0	1180	7.5e-06	-0.326624	0.0142758
0	0	1182	-0.00033677	-0.408102	0.0143129
0	0	1184	-0.00069585	-0.493763	0.0144015
0	0	1186	-0.00106441	-0.584408	0.014532
0	0	1188	-0.00143734	-0.680749	0.0146766
0	0	1190	-0.00181103	-0.783267	0.014787
0	0	1192	-0.00218187	-0.892031	0.0147804
0	0	1194	-0.00254731	-1.00642	0.0145541
0	0	1196	-0.00290267	-1.12486	0.0139801
0	0	1198	-0.00324109	-1.2447	0.0129505
0	0	1200	-0.00355525	-1.36233	0.0114153
0	0	1202	-0.00383897	-1.47346	0.00935473
0	0	1204	-0.00409013	-1.57356	0.00682054
0	0	1206	-0.00430908	-1.6586	0.00398674
0	0	1208	-0.00449532	-1.72595	0.00111352
0	0	1210	-0.00465033	-1.77481	-0.00157709
0	0	1212	-0.00477767	-1.80593	-0.00406171
0	0	1214	-0.00488387	-1.82067	-0.00652462
0	0	1216	-0.00497687	-1.81988	-0.00924008
0	0	1218	-0.00506143	-1.80326	-0.0124239
0	0	1220	-0.00513627	-1.76942	-0.0160813
0	0	1222	-0.00519364	-1.71653	-0.019929
0	0	1224	-0.00522103	-1.64356	-0.0234333
0	0	1226	-0.00520131	-1.55139	-0.0259888
0	0	1228	-0.00512533	-1.44306	-0.0271895
0	0	1230	-0.00499223	-1.32295	-0.026938
0	0	1232	-0.00480935	-1.19566	-0.025382
0	0	1234	-0.00459018	-1.06523	-0.0228264
0	0	1236	-0.00435186	-0.93488	-0.0196393
0	0	1238	-0.00410892	-0.806943	-0.0161782
0	0	1240	-0.00386516	-0.682834	-0.012748
0	0	1242	-0.00361204	-0.563155	-0.00954458
0	0	1244	-0.00333155	-0.447832	-0.00666255
0	0	1246	-0.00300375	-0.336321	-0.00412877
0	0	1248	-0.0026186	-0.22778	-0.00190606
0	0	1250	-0.00218249	-0.121231	6.503e-05
0	0	1252	-0.00171693	-0.0156607	0.00187075
0	0	1254	-0.00124538	0.0898182	0.00361635
0	0	1256	-0.0007862	0.195779	0.00542358
0	0	1258	-0.00034866	0.302281	0.0074086
0	0	1260	6.247e-05	0.408512	0.00963991
0	0	1262	0.0004394	0.512422	0.0120933
0	0	1264	0.00076976	0.610594	0.0145402
0	0	1266	0.00103129	0.698487	0.0164888
0	0	1268	0.00119626	0.771346	0.0172476
0	0	1270	0.00123822	0.825435	0.016179
0	0	1272	0.00113366	0.858903	0.0129439
0	0	1274	0.00086064	0.871595	0.00749795
0	0	1276	0.00039628	0.864328	-0.0001397
0	0	1278	-0.00027801	0.838575	-0.0100026
0	0	1280	-0.00116092	0.796859	-0.0219769
0	0	1282	-0.00221879	0.743232	-0.0354316
0	0	1284	-0.00336896	0.682909	-0.0491366
0	0	1286	-0.00448562	0.621075	-0.0616152
0	0	1288	-0.00542961	0.561687	-0.071627
0	0	1290	-0.00609023	0.507029	-0.0784078
0	0	1292	-0.00641825	0.458045	-0.0816501
0	0	1294	-0.00642932	0.414849	-0.0813616
0	0	1296	-0.00618803	0.377112	-0.0777579
0	0	1298	-0.00577596	0.344252	-0.0711745
0	0	1300	-0.00527111	0.315534	-0.0620222
0	0	1302	-0.00473527	0.29011	-0.0507851
0	0	1304	-0.00421128	0.267054	-0.0380403
0	0	1306	-0.0037247	0.245443	-0.0245086
0	0	1308	-0.00328954	0.224523	-0.0110938
0	0	1310	-0.00291345	0.203915	0.00119539
0	0	1312	-0.00259606	0.183709	0.0114793
0	0	1314	-0.00233484	0.164363	0.0192685
0	0	1316	-0.00212328	0.146419	0.0245501
0	0	1318	-0.00195416	0.130267	0.0276664
0	0	1320	-0.00181937	0.116057	0.0291093
0	0	1322	-0.00171064	0.103734	0.029356
0	0	1324	-0.00162161	0.0931318	0.0288
0	0	1326	-0.00154757	0.0840369	0.0277368
0	0	1328	-0.0014842	0.0762317	0.026378
0	0	1330	-0.00142758	0.0695124	0.0248671
0	0	1332	-0.00137649	0.0637021	0.0232996
0	0	1334	-0.00132963	0.0586508	0.0217395
0	0	1336	-0.00128523	0.0542332	0.0202267
0	0	1338	-0.00124295	0.0503455	0.0187837
0	0	1340	-0.00120137	0.0469033	0.0174242
0	0	1342	-0.00116116	0.0438363	0.0161546
0	0	1344	-0.00112149	0.0410861	0.0149747
0	0	1346	-0.00108236	0.0386072	0.0138836
0	0	1348	-0.00104447	0.0363603	0.0128776
0	0	1350	-0.00100655	0.0343129	0.0119509
0	0	1352	-0.00096944	0.0324392	0.0110997
0	0	1354	-0.00093227	0.0307175	0.010318
0	0	1356	-0.00089716	0.0291282	0.00960008
0	0	1358	-0.00086251	0.0276563	0.00894075
0	0	1360	-0.0008288	0.0262884	0.00833598
0	0	1362	-0.00079558	0.0250147	0.00778024
0	0	1364	-0.00076393	0.0238244	0.007269
0	0	1366	-0.0007325	0.0227092	0.00679882
0	0	1368	-0.00070199	0.0216632	0.00636606
0	0	1370	-0.00067361	0.0206795	0.00596701
0	0	1372	-0.00064541	0.0197529	0.0055996
0	0	1374	-0.00061792	0.0188783	0.00526037
0	0	1376	-0.00059205	0.0180516	0.00494667
0	0	1378	-0.00056698	0.01727	0.00465613
0	0	1380	-0.00054303	0.0165303	0.00438734
0	0	1382	-0.0005199	0.0158281	0.00413901
0	0	1384	-0.00049744	0.015162	0.00390837
0	0	1386	-0.0004761	0.0145297	0.00369317
0	0	1388	-0.00045572	0.0139285	0.00349282
0	0	1390	-0.00043645	0.0133565	0.00330729
0	0	1392	-0.00041811	0.0128119	0.00313476
0	0	1394	-0.00040029	0.0122931	0.00297353
0	0	1396	-0.00038279	0.0117993	0.00282253
0	0	1398	-0.00036611	0.0113275	0.00268217
0	0	1400	-0.0003511	0.0108777	0.00255039
0	0	1402	-0.00033652	0.0104496	0.00242629
0	0	1404	-0.00032219	0.0100401	0.00231099
0	0	1406	-0.00030902	0.00964895	0.00220284
0	0	1408	-0.00029562	0.00927536	0.00210092
0	0	1410	-0.00028309	0.00891803	0.00200519
0	0	1412	-0.00027136	0.00857588	0.00191487
0	0	1414	-0.00026014	0.00824925	0.00183013
0	0	1416	-0.00024937	0.00793653	0.00175067
0	0	1418	-0.00023906	0.00763791	0.00167583
0	0	1420	-0.00022955	0.00735172	0.00160429
0	0	1422	-0.00022057	0.0070776	0.00153748
0	0	1424	-0.00021137	0.00681511	0.00147392
0	0	1426	-0.00020308	0.0065637	0.00141362
0	0	1428	-0.00019461	0.00632278	0.0013571
0	0	1430	-0.00018645	0.00609241	0.00130349
0	0	1432	-0.00017945	0.00587125	0.00125261
0	0	1434	-0.00017271	0.00565883	0.00120441
0	0	1436	-0.00016549	0.00545544	0.00115863
0	0	1438	-0.0001589	0.00525984	0.0011154
0	0	1440	-0.00015294	0.00507298	0.00107333
0	0	1442	-0.00014749	0.00489315	0.00103407
0	0	1444	-0.00014147	0.00472131	0.00099684
0	0	1446	-0.00013603	0.0045558	0.0009613
0	0	1448	-0.00013119	0.00439688	0.00092734
0	0	1450	-0.00012637	0.00424462	0.00089511
0	0	1452	-0.00012144	0.00409814	0.00086428
0	0	1454	-0.00011695	0.00395697	0.00083468
0	0	1456	-0.00011293	0.00382243	0.000807
0	0	1458	-0.00010878	0.00369261	0.00078064
0	0	1460	-0.00010456	0.00356751	0.00075436
0	0	1462	-0.0001011	0.00344739	0.0007298
0	0	1464	-9.746e-05	0.00333235	0.00070679
0	0	1466	-9.385e-05	0.00322161	0.00068391
0	0	1468	-9.062e-05	0.00311463	0.00066254
0	0	1470	-8.725e-05	0.00301222	0.00064205
0	0	1472	-8.46e-05	0.00291335	0.00062203
0	0	1474	-8.179e-05	0.00281829	0.00060359
0	0	1476	-7.913e-05	0.00272662	0.00058549
0	0	1478	-7.628e-05	0.00263868	0.00056796
0	0	1480	-7.394e-05	0.0025541	0.00055129
0	0	1482	-7.139e-05	0.00247254	0.00053555
0	0	1484	-6.942e-05	0.00239432	0.00052029
0	0	1486	-6.731e-05	0.00231902	0.00050488
0	0	1488	-6.462e-05	0.00224645	0.00049098
0	0	1490	-6.216e-05	0.00217613	0.00047731
0	0	1492	-6.079e-05	0.00210819	0.00046378
0	0	1494	-5.889e-05	0.00204264	0.00045106
0	0	1496	-5.653e-05	0.00197972	0.00043903
0	0	1498	-5.53e-05	0.0019191	0.0004273
0	0	1500	-5.352e-05	0.0018608	0.00041616
0	0	1502	-5.179e-05	0.00180452	0.0004053
0	0	1504	-5.068e-05	0.00174989	0.00039449
0	0	1506	-4.928e-05	0.00169719	0.00038443
0	0	1508	-4.81e-05	0.00164644	0.00037461
0	0	1510	-4.614e-05	0.0015978	0.00036506
0	0	1512	-4.482e-05	0.00155125	0.00035645
0	0	1514	-4.372e-05	0.00150569	0.0003473
0	0	1516	-4.244e-05	0.00146192	0.00033849
0	0	1518	-4.11e-05	0.00142012	0.00033054
0	0	1520	-4.058e-05	0.00137886	0.0003227
0	0	1522	-3.914e-05	0.00133935	0.00031542
0	0	1524	-3.789e-05	0.00130113	0.00030795
0	0	1526	-3.709e-05	0.00126418	0.00030019
0	0	1528	-3.637e-05	0.0012288	0.00029344
0	0	1530	-3.52e-05	0.00119416	0.00028696
0	0	1532	-3.39e-05	0.00116035	0.00028011
0	0	1534	-3.359e-05	0.00112821	0.00027404
0	0	1536	-3.303e-05	0.00109774	0.00026799
0	0	1538	-3.212e-05	0.00106816	0.00026228
0	0	1540	-3.13e-05	0.00103839	0.00025664
0	0	1542	-3.065e-05	0.00100998	0.00025047
0	0	1544	-3.004e-05	0.00098281	0.00024463
0	0	1546	-2.89e-05	0.00095645	0.00023917
0	0	1548	-2.808e-05	0.00093064	0.00023443
0	0	1550	-2.768e-05	0.00090589	0.00022969
0	0	1552	-2.751e-05	0.00088218	0.00022545
0	0	1554	-2.705e-05	0.00085957	0.00022124
0	0	1556	-2.648e-05	0.00083655	0.00021609
0	0	1558	-2.545e-05	0.00081434	0.00021186
0	0	1560	-2.535e-05	0.00079367	0.00020749
0	0	1562	-2.507e-05	0.00077324	0.00020364
0	0	1564	-2.475e-05	0.00075324	0.00019935
0	0	1566	-2.395e-05	0.00073416	0.00019532
0	0	1568	-2.336e-05	0.00071563	0.00019215
0	0	1570	-2.317e-05	0.00069769	0.00018829
0	0	1572	-2.286e-05	0.00068044	0.00018533
0	0	1574	-2.268e-05	0.00066318	0.0001819
0	0	1576	-2.24e-05	0.00064673	0.00017844
0	0	1578	-2.229e-05	0.00063067	0.00017509
0	0	1580	-2.184e-05	0.00061561	0.00017165
0	0	1582	-2.206e-05	0.00060067	0.00016868
0	0	1584	-2.174e-05	0.00058606	0.00016598
0	0	1586	-2.116e-05	0.00057188	0.0001628
0	0	1588	-2.126e-05	0.00055784	0.00015955
0	0	1590	-2.135e-05	0.00054446	0.00015675
0	0	1592	-2.114e-05	0.00053169	0.00015432
0	0	1594	-2.094e-05	0.00051951	0.00015205
0	0	1596	-2.074e-05	0.00050713	0.00014959
0	0	1598	-2.044e-05	0.00049483	0.00014699
0	0	1600	-2.068e-05	0.00048302	0.00014427
0	0	1602	-2.05e-05	0.00047196	0.00014216
0	0	1604	-2.037e-05	0.00046139	0.00014028
0	0	1606	-2.121e-05	0.00045081	0.00013837
0	0	1608	-2.142e-05	0.00044038	0.00013601
0	0	1610	-2.092e-05	0.00043012	0.00013386
0	0	1612	-2.118e-05	0.00041969	0.00013249
0	0	1614	-2.132e-05	0.00041037	0.00013017
0	0	1616	-2.139e-05	0.00040125	0.00012796
0	0	1618	-2.197e-05	0.00039206	0.00012625
0	0	1620	-2.195e-05	0.00038347	0.00012469
0	0	1622	-2.217e-05	0.00037492	0.00012261
0	0	1624	-2.261e-05	0.00036654	0.00012119
0	0	1626	-2.271e-05	0.00035801	0.00011975
0	0	1628	-2.33e-05	0.00034997	0.00011791
0	0	1630	-2.393e-05	0.00034228	0.00011654
0	0	1632	-2.44e-05	0.00033495	0.00011482
0	0	1634	-2.453e-05	0.00032736	0.0001127
0	0	1636	-2.465e-05	0.00032019	0.00011126
0	0	1638	-2.565e-05	0.00031348	0.00010995
0	0	1640	-2.623e-05	0.00030633	0.00010841
0	0	1642	-2.683e-05	0.00029959	0.00010672
0	0	1644	-2.725e-05	0.0002931	0.00010493
0	0	1646	-2.788e-05	0.00028683	0.00010309
0	0	1648	-2.903e-05	0.00028039	0.00010243
0	0	1650	-2.987e-05	0.00027355	0.00010136
