X[mm]	Y[mm]	Z[mm]	Bx[T]	By[T]	Bz[T]
----------------------------------------------------------------------------------------------------------------------------------------------------------------
0	0	-1650	-6.93e-06	-0.00026816	-5.489e-05
0	0	-1648	-7.54e-06	-0.00027396	-5.489e-05
0	0	-1646	-7.61e-06	-0.00027998	-5.611e-05
0	0	-1644	-7.57e-06	-0.00028572	-5.729e-05
0	0	-1642	-7.34e-06	-0.0002918	-5.819e-05
0	0	-1640	-7.45e-06	-0.00029855	-5.95e-05
0	0	-1638	-7.79e-06	-0.00030488	-6.099e-05
0	0	-1636	-8.25e-06	-0.00031186	-6.222e-05
0	0	-1634	-7.9e-06	-0.00031903	-6.322e-05
0	0	-1632	-8.36e-06	-0.00032601	-6.448e-05
0	0	-1630	-8.57e-06	-0.00033308	-6.599e-05
0	0	-1628	-8.26e-06	-0.00034047	-6.756e-05
0	0	-1626	-8.52e-06	-0.0003486	-6.87e-05
0	0	-1624	-8.74e-06	-0.00035664	-7.012e-05
0	0	-1622	-9.33e-06	-0.00036448	-7.17e-05
0	0	-1620	-9.08e-06	-0.00037274	-7.27e-05
0	0	-1618	-8.91e-06	-0.00038148	-7.384e-05
0	0	-1616	-9.06e-06	-0.00039072	-7.561e-05
0	0	-1614	-9.14e-06	-0.0003998	-7.756e-05
0	0	-1612	-9.64e-06	-0.00040929	-7.928e-05
0	0	-1610	-9.67e-06	-0.00041842	-8.1e-05
0	0	-1608	-9.5e-06	-0.00042816	-8.288e-05
0	0	-1606	-1.008e-05	-0.00043852	-8.45e-05
0	0	-1604	-1.046e-05	-0.00044904	-8.615e-05
0	0	-1602	-1.074e-05	-0.00045989	-8.804e-05
0	0	-1600	-1.088e-05	-0.00047084	-9.003e-05
0	0	-1598	-1.087e-05	-0.00048234	-9.226e-05
0	0	-1596	-1.099e-05	-0.00049367	-9.472e-05
0	0	-1594	-1.131e-05	-0.00050606	-9.643e-05
0	0	-1592	-1.141e-05	-0.00051914	-9.813e-05
0	0	-1590	-1.178e-05	-0.000532	-0.00010019
0	0	-1588	-1.204e-05	-0.00054463	-0.00010237
0	0	-1586	-1.242e-05	-0.00055819	-0.00010495
0	0	-1584	-1.25e-05	-0.00057246	-0.0001076
0	0	-1582	-1.296e-05	-0.00058743	-0.00010944
0	0	-1580	-1.344e-05	-0.00060227	-0.0001117
0	0	-1578	-1.338e-05	-0.0006172	-0.00011448
0	0	-1576	-1.334e-05	-0.00063302	-0.00011728
0	0	-1574	-1.393e-05	-0.00064913	-0.00012001
0	0	-1572	-1.446e-05	-0.00066635	-0.00012248
0	0	-1570	-1.436e-05	-0.00068364	-0.00012571
0	0	-1568	-1.504e-05	-0.00070165	-0.00012874
0	0	-1566	-1.538e-05	-0.00071964	-0.00013166
0	0	-1564	-1.571e-05	-0.00073855	-0.00013529
0	0	-1562	-1.559e-05	-0.00075836	-0.00013841
0	0	-1560	-1.583e-05	-0.00077893	-0.00014155
0	0	-1558	-1.619e-05	-0.00079956	-0.00014488
0	0	-1556	-1.736e-05	-0.00082099	-0.00014843
0	0	-1554	-1.783e-05	-0.00084348	-0.00015201
0	0	-1552	-1.802e-05	-0.00086614	-0.00015605
0	0	-1550	-1.789e-05	-0.00088994	-0.00015981
0	0	-1548	-1.847e-05	-0.00091479	-0.00016421
0	0	-1546	-1.927e-05	-0.00093991	-0.00016824
0	0	-1544	-1.976e-05	-0.00096564	-0.00017219
0	0	-1542	-1.977e-05	-0.00099269	-0.00017721
0	0	-1540	-2.043e-05	-0.00102076	-0.00018172
0	0	-1538	-2.069e-05	-0.00104937	-0.0001858
0	0	-1536	-2.125e-05	-0.00107932	-0.0001904
0	0	-1534	-2.208e-05	-0.00111053	-0.00019553
0	0	-1532	-2.253e-05	-0.00114229	-0.00020089
0	0	-1530	-2.326e-05	-0.00117524	-0.00020667
0	0	-1528	-2.395e-05	-0.00120979	-0.00021222
0	0	-1526	-2.459e-05	-0.00124494	-0.00021762
0	0	-1524	-2.554e-05	-0.00128123	-0.00022366
0	0	-1522	-2.611e-05	-0.00131923	-0.00022998
0	0	-1520	-2.611e-05	-0.00135852	-0.00023643
0	0	-1518	-2.692e-05	-0.00139915	-0.00024283
0	0	-1516	-2.837e-05	-0.00144088	-0.0002501
0	0	-1514	-2.897e-05	-0.00148441	-0.00025714
0	0	-1512	-2.982e-05	-0.00152876	-0.00026449
0	0	-1510	-3.064e-05	-0.00157523	-0.00027203
0	0	-1508	-3.125e-05	-0.00162344	-0.00028017
0	0	-1506	-3.262e-05	-0.00167365	-0.00028836
0	0	-1504	-3.368e-05	-0.00172476	-0.00029715
0	0	-1502	-3.437e-05	-0.00177864	-0.00030561
0	0	-1500	-3.513e-05	-0.00183429	-0.00031491
0	0	-1498	-3.647e-05	-0.00189191	-0.00032513
0	0	-1496	-3.743e-05	-0.00195146	-0.00033512
0	0	-1494	-3.825e-05	-0.00201361	-0.00034545
0	0	-1492	-3.987e-05	-0.00207808	-0.00035599
0	0	-1490	-4.152e-05	-0.00214469	-0.00036699
0	0	-1488	-4.244e-05	-0.00221388	-0.00037881
0	0	-1486	-4.347e-05	-0.0022857	-0.00039088
0	0	-1484	-4.494e-05	-0.00236011	-0.00040329
0	0	-1482	-4.701e-05	-0.00243771	-0.00041651
0	0	-1480	-4.813e-05	-0.002518	-0.00043041
0	0	-1478	-4.962e-05	-0.00260158	-0.00044474
0	0	-1476	-5.106e-05	-0.00268832	-0.00045984
0	0	-1474	-5.232e-05	-0.00277856	-0.0004756
0	0	-1472	-5.439e-05	-0.0028721	-0.00049237
0	0	-1470	-5.647e-05	-0.00296935	-0.00050962
0	0	-1468	-5.839e-05	-0.00307043	-0.00052739
0	0	-1466	-6.035e-05	-0.00317547	-0.00054623
0	0	-1464	-6.225e-05	-0.00328413	-0.00056574
0	0	-1462	-6.471e-05	-0.00339769	-0.00058664
0	0	-1460	-6.668e-05	-0.00351611	-0.00060834
0	0	-1458	-6.906e-05	-0.00363871	-0.00063069
0	0	-1456	-7.145e-05	-0.00376656	-0.00065451
0	0	-1454	-7.398e-05	-0.00389981	-0.00067945
0	0	-1452	-7.661e-05	-0.00403824	-0.00070578
0	0	-1450	-7.956e-05	-0.00418236	-0.00073298
0	0	-1448	-8.235e-05	-0.00433254	-0.00076174
0	0	-1446	-8.596e-05	-0.00448877	-0.00079275
0	0	-1444	-8.956e-05	-0.00465198	-0.00082423
0	0	-1442	-9.276e-05	-0.00482191	-0.00085774
0	0	-1440	-9.634e-05	-0.00499851	-0.00089332
0	0	-1438	-9.987e-05	-0.00518263	-0.0009307
0	0	-1436	-0.00010364	-0.00537514	-0.00097061
0	0	-1434	-0.00010814	-0.00557573	-0.00101225
0	0	-1432	-0.00011247	-0.0057849	-0.00105645
0	0	-1430	-0.00011603	-0.00600354	-0.0011029
0	0	-1428	-0.00012077	-0.00623127	-0.00115202
0	0	-1426	-0.00012603	-0.00646863	-0.00120434
0	0	-1424	-0.00013096	-0.00671679	-0.00125981
0	0	-1422	-0.00013646	-0.00697614	-0.00131805
0	0	-1420	-0.00014198	-0.00724742	-0.00138019
0	0	-1418	-0.00014793	-0.00753081	-0.00144641
0	0	-1416	-0.00015378	-0.00782671	-0.00151638
0	0	-1414	-0.00016062	-0.00813611	-0.00159055
0	0	-1412	-0.00016753	-0.00846039	-0.00167041
0	0	-1410	-0.00017501	-0.0087994	-0.00175506
0	0	-1408	-0.00018259	-0.00915429	-0.00184535
0	0	-1406	-0.0001903	-0.00952639	-0.0019409
0	0	-1404	-0.00019882	-0.00991627	-0.00204342
0	0	-1402	-0.00020828	-0.0103248	-0.00215302
0	0	-1400	-0.00021761	-0.0107536	-0.00226967
0	0	-1398	-0.00022742	-0.0112034	-0.00239465
0	0	-1396	-0.00023784	-0.0116761	-0.00252875
0	0	-1394	-0.00024911	-0.0121727	-0.00267259
0	0	-1392	-0.00026021	-0.0126947	-0.00282629
0	0	-1390	-0.00027268	-0.0132441	-0.00299123
0	0	-1388	-0.00028567	-0.0138226	-0.00316903
0	0	-1386	-0.00029906	-0.0144326	-0.00335988
0	0	-1384	-0.00031393	-0.0150761	-0.00356439
0	0	-1382	-0.000329	-0.0157555	-0.00378481
0	0	-1380	-0.00034494	-0.0164735	-0.00402186
0	0	-1378	-0.0003622	-0.017233	-0.00427764
0	0	-1376	-0.00038014	-0.0180385	-0.00455264
0	0	-1374	-0.00039927	-0.0188938	-0.00484953
0	0	-1372	-0.00042004	-0.0198021	-0.00516986
0	0	-1370	-0.00044199	-0.0207685	-0.00551571
0	0	-1368	-0.00046506	-0.0217988	-0.00588999
0	0	-1366	-0.00049004	-0.0228994	-0.00629346
0	0	-1364	-0.00051574	-0.0240773	-0.00672934
0	0	-1362	-0.00054353	-0.0253406	-0.00719937
0	0	-1360	-0.00057339	-0.0267	-0.00770581
0	0	-1358	-0.00060547	-0.0281652	-0.00825312
0	0	-1356	-0.00063965	-0.0297491	-0.00884294
0	0	-1354	-0.00067645	-0.0314669	-0.00947685
0	0	-1352	-0.00071572	-0.0333348	-0.0101568
0	0	-1350	-0.00075768	-0.0353744	-0.0108843
0	0	-1348	-0.00080331	-0.0376088	-0.0116608
0	0	-1346	-0.00085294	-0.0400666	-0.0124849
0	0	-1344	-0.00090572	-0.0427801	-0.0133543
0	0	-1342	-0.0009634	-0.045789	-0.0142635
0	0	-1340	-0.00102626	-0.0491385	-0.015204
0	0	-1338	-0.00109453	-0.0528823	-0.0161624
0	0	-1336	-0.00116851	-0.0570847	-0.0171172
0	0	-1334	-0.00125057	-0.06182	-0.0180391
0	0	-1332	-0.0013401	-0.067174	-0.0188858
0	0	-1330	-0.00143803	-0.0732445	-0.0195983
0	0	-1328	-0.00154604	-0.0801416	-0.0200972
0	0	-1326	-0.00166515	-0.0879834	-0.0202762
0	0	-1324	-0.00179733	-0.0968957	-0.0199978
0	0	-1322	-0.00194302	-0.106996	-0.0190889
0	0	-1320	-0.00210467	-0.11838	-0.0173426
0	0	-1318	-0.00228401	-0.131109	-0.0145301
0	0	-1316	-0.00248413	-0.145184	-0.0104236
0	0	-1314	-0.00270789	-0.160536	-0.00484563
0	0	-1312	-0.00295941	-0.177043	0.00226492
0	0	-1310	-0.00324287	-0.194585	0.0108042
0	0	-1308	-0.00356166	-0.213125	0.0204738
0	0	-1306	-0.00391939	-0.232786	0.0308104
0	0	-1304	-0.00431469	-0.253892	0.041266
0	0	-1302	-0.0047363	-0.27694	0.0512895
0	0	-1300	-0.00516682	-0.302539	0.0603739
0	0	-1298	-0.0055765	-0.331319	0.0680825
0	0	-1296	-0.0059229	-0.363849	0.0740559
0	0	-1294	-0.00615601	-0.40057	0.0780004
0	0	-1292	-0.0062286	-0.441704	0.0796838
0	0	-1290	-0.00610904	-0.487132	0.0789219
0	0	-1288	-0.00579502	-0.536205	0.0756037
0	0	-1286	-0.00531915	-0.587527	0.0697153
0	0	-1284	-0.00474252	-0.638768	0.0613894
0	0	-1282	-0.0041359	-0.686698	0.0510019
0	0	-1280	-0.00355742	-0.727609	0.039198
0	0	-1278	-0.00303939	-0.757977	0.0267513
0	0	-1276	-0.00259059	-0.774991	0.0143659
0	0	-1274	-0.00220381	-0.776669	0.00253654
0	0	-1272	-0.00186086	-0.761714	-0.0084069
0	0	-1270	-0.00153796	-0.729453	-0.0181683
0	0	-1268	-0.00121382	-0.680036	-0.0264061
0	0	-1266	-0.00087125	-0.614753	-0.032815
0	0	-1264	-0.00049996	-0.53604	-0.0372738
0	0	-1262	-0.00010063	-0.447064	-0.0399431
0	0	-1260	0.0003228	-0.351044	-0.041188
0	0	-1258	0.00076517	-0.25069	-0.0414477
0	0	-1256	0.00122008	-0.147941	-0.041139
0	0	-1254	0.00168451	-0.0439613	-0.0405503
0	0	-1252	0.00215456	0.0606102	-0.0398578
0	0	-1250	0.00262626	0.165408	-0.0391691
0	0	-1248	0.00309343	0.270302	-0.0385712
0	0	-1246	0.00355146	0.375484	-0.0381529
0	0	-1244	0.00399539	0.481523	-0.0379534
0	0	-1242	0.00442248	0.58919	-0.0378967
0	0	-1240	0.00483059	0.699039	-0.0378024
0	0	-1238	0.00521662	0.811011	-0.0374266
0	0	-1236	0.00557511	0.924174	-0.0365242
0	0	-1234	0.00589719	1.03675	-0.0349189
0	0	-1232	0.00617349	1.14635	-0.0325536
0	0	-1230	0.00639797	1.25029	-0.0294702
0	0	-1228	0.00656608	1.34589	-0.0257597
0	0	-1226	0.00667654	1.43061	-0.0215421
0	0	-1224	0.00673192	1.50217	-0.0170012
0	0	-1222	0.00673902	1.55899	-0.0123854
0	0	-1220	0.00670491	1.60049	-0.00790195
0	0	-1218	0.00663945	1.62697	-0.00362367
0	0	-1216	0.00655186	1.63912	0.00054287
0	0	-1214	0.00644927	1.63742	0.00479496
0	0	-1212	0.00633426	1.62185	0.00931437
0	0	-1210	0.00620824	1.59191	0.0141538
0	0	-1208	0.00607424	1.54706	0.0191725
0	0	-1206	0.00593061	1.48733	0.0240423
0	0	-1204	0.00577055	1.41373	0.0283567
0	0	-1202	0.00558631	1.32838	0.0317659
0	0	-1200	0.00536645	1.23418	0.0340566
0	0	-1198	0.00509762	1.13433	0.0351926
0	0	-1196	0.00477555	1.03189	0.0352712
0	0	-1194	0.00440006	0.929503	0.0345016
0	0	-1192	0.00397483	0.829213	0.0331247
0	0	-1190	0.00350774	0.732362	0.0313711
0	0	-1188	0.00300862	0.639646	0.0294424
0	0	-1186	0.00248677	0.551257	0.0274793
0	0	-1184	0.0019517	0.467032	0.0255871
0	0	-1182	0.00141087	0.386595	0.0238273
0	0	-1180	0.0008687	0.309431	0.0222368
0	0	-1178	0.00032975	0.234975	0.020839
0	0	-1176	-0.00020445	0.162646	0.0196397
0	0	-1174	-0.00073212	0.0918659	0.0186348
0	0	-1172	-0.00125306	0.0220563	0.0178115
0	0	-1170	-0.00176595	-0.0473457	0.0171588
0	0	-1168	-0.00226946	-0.1169	0.0166629
0	0	-1166	-0.00276131	-0.187173	0.0163022
0	0	-1164	-0.00323946	-0.258743	0.0160667
0	0	-1162	-0.0037002	-0.332206	0.0159397
0	0	-1160	-0.00414021	-0.40816	0.0159109
0	0	-1158	-0.00455678	-0.48719	0.0159828
0	0	-1156	-0.00494949	-0.569846	0.0161478
0	0	-1154	-0.00531751	-0.656617	0.0163849
0	0	-1152	-0.00566122	-0.747805	0.016652
0	0	-1150	-0.00597837	-0.843459	0.0168835
0	0	-1148	-0.00626564	-0.943208	0.0169793
0	0	-1146	-0.00651716	-1.04614	0.0168036
0	0	-1144	-0.00672645	-1.15068	0.0162343
0	0	-1142	-0.00688751	-1.25453	0.0151683
0	0	-1140	-0.00699759	-1.35485	0.0135484
0	0	-1138	-0.00705615	-1.44845	0.0113972
0	0	-1136	-0.00707103	-1.53215	0.00883169
0	0	-1134	-0.00704875	-1.60324	0.00605605
0	0	-1132	-0.00699753	-1.65994	0.0032991
0	0	-1130	-0.00692335	-1.70154	0.00073354
0	0	-1128	-0.00683103	-1.72817	-0.00159949
0	0	-1126	-0.00672185	-1.74036	-0.00379769
0	0	-1124	-0.00659614	-1.73845	-0.00602408
0	0	-1122	-0.00644829	-1.72234	-0.00841364
0	0	-1120	-0.00627183	-1.69154	-0.0109815
0	0	-1118	-0.00605768	-1.64559	-0.01359
0	0	-1116	-0.00579696	-1.58455	-0.0159886
0	0	-1114	-0.00548455	-1.50949	-0.0179058
0	0	-1112	-0.00512023	-1.42251	-0.0191664
0	0	-1110	-0.00470797	-1.32648	-0.0197497
0	0	-1108	-0.00425725	-1.22457	-0.0197474
0	0	-1106	-0.00377808	-1.11984	-0.0193064
0	0	-1104	-0.00328325	-1.01492	-0.0185874
0	0	-1102	-0.00278322	-0.911893	-0.0177712
0	0	-1100	-0.0022873	-0.812153	-0.0170156
0	0	-1098	-0.00179944	-0.716445	-0.0164062
0	0	-1096	-0.00132217	-0.625015	-0.0159813
0	0	-1094	-0.00085527	-0.537761	-0.0157557
0	0	-1092	-0.00039576	-0.454339	-0.015717
0	0	-1090	5.797e-05	-0.374263	-0.0158373
0	0	-1088	0.00050721	-0.296994	-0.016089
0	0	-1086	0.00095158	-0.221985	-0.0164682
0	0	-1084	0.00139014	-0.148658	-0.0169833
0	0	-1082	0.00182128	-0.0764264	-0.0176435
0	0	-1080	0.00224174	-0.00470928	-0.0184571
0	0	-1078	0.0026493	0.0670745	-0.0194267
0	0	-1076	0.00304217	0.139501	-0.0205568
0	0	-1074	0.00341841	0.213168	-0.0218464
0	0	-1072	0.00377672	0.288673	-0.0232707
0	0	-1070	0.0041156	0.366593	-0.0248181
0	0	-1068	0.00443546	0.4475	-0.0264808
0	0	-1066	0.00473676	0.531958	-0.0282385
0	0	-1064	0.00502074	0.620453	-0.0300384
0	0	-1062	0.00528927	0.713309	-0.0317906
0	0	-1060	0.0055416	0.810603	-0.0333744
0	0	-1058	0.00577311	0.912001	-0.0346187
0	0	-1056	0.00597865	1.01661	-0.0353144
0	0	-1054	0.00615025	1.12284	-0.0352281
0	0	-1052	0.00627981	1.22837	-0.0341861
0	0	-1050	0.00635909	1.3303	-0.0320918
0	0	-1048	0.00638472	1.4254	-0.0289604
0	0	-1046	0.00635779	1.51042	-0.0249409
0	0	-1044	0.00628196	1.58263	-0.0203201
0	0	-1042	0.00616525	1.64025	-0.0154429
0	0	-1040	0.00601442	1.68262	-0.0105883
0	0	-1038	0.00583833	1.70992	-0.00589157
0	0	-1036	0.00564231	1.72276	-0.00133724
0	0	-1034	0.00542662	1.72155	0.00318637
0	0	-1032	0.00518905	1.70628	0.00779609
0	0	-1030	0.00492826	1.67647	0.0124987
0	0	-1028	0.00464421	1.63163	0.0171502
0	0	-1026	0.00433504	1.57177	0.021476
0	0	-1024	0.00400105	1.49784	0.0251674
0	0	-1022	0.00364735	1.41184	0.027978
0	0	-1020	0.00327777	1.31658	0.0297922
0	0	-1018	0.00289783	1.21519	0.0306511
0	0	-1016	0.0025147	1.11075	0.0306897
0	0	-1014	0.00213385	1.00596	0.0300885
0	0	-1012	0.0017584	0.90292	0.0290583
0	0	-1010	0.00138926	0.80306	0.0278119
0	0	-1008	0.00102533	0.707181	0.0265175
0	0	-1006	0.00066349	0.615547	0.0252769
0	0	-1004	0.00030086	0.528065	0.0241461
0	0	-1002	-6.407e-05	0.444414	0.0231603
0	0	-1000	-0.0004328	0.364125	0.0223351
0	0	-998	-0.0008037	0.286641	0.0216745
0	0	-996	-0.00117475	0.211402	0.0211688
0	0	-994	-0.00154427	0.137834	0.0208208
0	0	-992	-0.00191085	0.065357	0.0206338
0	0	-990	-0.00227406	-0.00661794	0.0205969
0	0	-988	-0.00263684	-0.0786506	0.0207015
0	0	-986	-0.00300021	-0.151301	0.0209426
0	0	-984	-0.00336599	-0.225172	0.0213159
0	0	-982	-0.00373254	-0.300871	0.0218176
0	0	-980	-0.0040942	-0.378983	0.0224393
0	0	-978	-0.00444454	-0.460086	0.0231774
0	0	-976	-0.00477722	-0.544754	0.0240127
0	0	-974	-0.00508556	-0.633484	0.0249164
0	0	-972	-0.00536489	-0.726591	0.0258322
0	0	-970	-0.00561426	-0.824145	0.0266554
0	0	-968	-0.00583343	-0.925829	0.0272657
0	0	-966	-0.00602282	-1.03074	0.0274991
0	0	-964	-0.00618213	-1.13727	0.0271882
0	0	-962	-0.00631218	-1.24308	0.0261821
0	0	-960	-0.00641086	-1.34526	0.0243948
0	0	-958	-0.00647584	-1.44056	0.0218373
0	0	-956	-0.00650775	-1.52571	0.0186085
0	0	-954	-0.00650957	-1.598	0.0149224
0	0	-952	-0.0064808	-1.65568	0.0110439
0	0	-950	-0.00642053	-1.69803	0.00720259
0	0	-948	-0.00633081	-1.72524	0.00349888
0	0	-946	-0.00621239	-1.73785	-0.00011349
0	0	-944	-0.00606326	-1.73621	-0.00376468
0	0	-942	-0.00588075	-1.72022	-0.00758107
0	0	-940	-0.00565864	-1.68934	-0.0115894
0	0	-938	-0.00538662	-1.64302	-0.0156576
0	0	-936	-0.00505597	-1.58124	-0.019516
0	0	-934	-0.00466213	-1.50501	-0.022858
0	0	-932	-0.00420709	-1.41647	-0.0254374
0	0	-930	-0.00370132	-1.31856	-0.0271341
0	0	-928	-0.00316057	-1.21459	-0.0279677
0	0	-926	-0.00260223	-1.10771	-0.0280495
0	0	-924	-0.00204489	-1.0007	-0.0275454
0	0	-922	-0.00150333	-0.895667	-0.0266301
0	0	-920	-0.00098917	-0.794094	-0.0254693
0	0	-918	-0.000509	-0.696845	-0.0241916
0	0	-916	-6.795e-05	-0.604338	-0.0228961
0	0	-914	0.00033129	-0.516639	-0.0216703
0	0	-912	0.00068692	-0.433514	-0.0205829
0	0	-910	0.00100128	-0.35446	-0.0197006
0	0	-908	0.00128136	-0.278777	-0.0190503
0	0	-906	0.00153542	-0.205689	-0.0186208
0	0	-904	0.00177357	-0.134416	-0.0183726
0	0	-902	0.00200882	-0.0642473	-0.018251
0	0	-900	0.00225141	0.00543414	-0.0182327
0	0	-898	0.00251134	0.0751998	-0.0183111
0	0	-896	0.0027989	0.145639	-0.0185013
0	0	-894	0.00312184	0.217384	-0.0188462
0	0	-892	0.00348695	0.291142	-0.0193735
0	0	-890	0.00389782	0.367673	-0.020107
0	0	-888	0.0043535	0.447748	-0.0210292
0	0	-886	0.00484796	0.532028	-0.0220824
0	0	-884	0.00536871	0.620958	-0.0231961
0	0	-882	0.00589789	0.7147	-0.0242885
0	0	-880	0.00641635	0.813119	-0.025263
0	0	-878	0.00690087	0.915716	-0.0259896
0	0	-876	0.00733231	1.0215	-0.0263218
0	0	-874	0.00769556	1.12882	-0.0260924
0	0	-872	0.00798	1.23539	-0.0251296
0	0	-870	0.00818178	1.33832	-0.0233505
0	0	-868	0.00830129	1.43435	-0.0207527
0	0	-866	0.00834624	1.52018	-0.0174659
0	0	-864	0.00832659	1.59301	-0.0137305
0	0	-862	0.00825436	1.65101	-0.00984926
0	0	-860	0.00814231	1.69348	-0.00608141
0	0	-858	0.00799847	1.72066	-0.00252916
0	0	-856	0.00783042	1.73319	0.00085955
0	0	-854	0.00763568	1.73153	0.00422341
0	0	-852	0.00741093	1.71568	0.00768697
0	0	-850	0.0071533	1.68522	0.0112729
0	0	-848	0.00685948	1.63967	0.0148565
0	0	-846	0.0065258	1.57906	0.0181833
0	0	-844	0.00615228	1.50436	0.0209819
0	0	-842	0.00573765	1.4176	0.0230536
0	0	-840	0.00528175	1.32159	0.0243174
0	0	-838	0.00478728	1.21948	0.0248018
0	0	-836	0.00426128	1.11438	0.0246335
0	0	-834	0.00371222	1.009	0.0239756
0	0	-832	0.00315087	0.905447	0.0230018
0	0	-830	0.0025877	0.805155	0.0218766
0	0	-828	0.00203164	0.708913	0.0207321
0	0	-826	0.00149179	0.616997	0.0196671
0	0	-824	0.00097287	0.529307	0.0187317
0	0	-822	0.0004764	0.445496	0.0179544
0	0	-820	1.96e-06	0.365084	0.0173481
0	0	-818	-0.00045492	0.287526	0.0169088
0	0	-816	-0.00089913	0.212262	0.0166355
0	0	-814	-0.00133609	0.138704	0.0165148
0	0	-812	-0.00177101	0.0662617	0.0165459
0	0	-810	-0.00220733	-0.00563534	0.0167243
0	0	-808	-0.00264553	-0.0775586	0.0170494
0	0	-806	-0.00308387	-0.150079	0.0175184
0	0	-804	-0.00351911	-0.223789	0.0181279
0	0	-802	-0.00394403	-0.299281	0.0188795
0	0	-800	-0.00434945	-0.377146	0.0197656
0	0	-798	-0.00472514	-0.457978	0.0207705
0	0	-796	-0.0050604	-0.542347	0.0218644
0	0	-794	-0.00534713	-0.630724	0.023008
0	0	-792	-0.00557667	-0.723432	0.0241335
0	0	-790	-0.00574362	-0.820534	0.0251391
0	0	-788	-0.00584572	-0.92169	0.025881
0	0	-786	-0.00588256	-1.02598	0.0261895
0	0	-784	-0.0058563	-1.13181	0.0259064
0	0	-782	-0.00577397	-1.23689	0.0248952
0	0	-780	-0.00564695	-1.33833	0.0230668
0	0	-778	-0.00549016	-1.43287	0.0204402
0	0	-776	-0.00532291	-1.51731	0.0171568
0	0	-774	-0.00516263	-1.58898	0.0134468
0	0	-772	-0.00502577	-1.64609	0.00958282
0	0	-770	-0.00492308	-1.68798	0.00578471
0	0	-768	-0.00486087	-1.71484	0.00214233
0	0	-766	-0.00484314	-1.72724	-0.00140155
0	0	-764	-0.00487178	-1.72556	-0.00498107
0	0	-762	-0.0049438	-1.70974	-0.0087038
0	0	-760	-0.00505336	-1.67931	-0.0125644
0	0	-758	-0.00518994	-1.63375	-0.0164014
0	0	-756	-0.00533622	-1.5731	-0.0199277
0	0	-754	-0.0054735	-1.49836	-0.0228354
0	0	-752	-0.00558482	-1.4116	-0.0249238
0	0	-750	-0.00565361	-1.31565	-0.0261311
0	0	-748	-0.00567148	-1.21368	-0.0265107
0	0	-746	-0.00563303	-1.10877	-0.0261924
0	0	-744	-0.00553803	-1.00364	-0.0253646
0	0	-742	-0.00538689	-0.90037	-0.0242306
0	0	-740	-0.00518172	-0.80039	-0.0229589
0	0	-738	-0.00492465	-0.704485	-0.021686
0	0	-736	-0.00461856	-0.612925	-0.0205073
0	0	-734	-0.00426733	-0.525601	-0.0194794
0	0	-732	-0.00387589	-0.442149	-0.0186275
0	0	-730	-0.00345231	-0.362078	-0.0179569
0	0	-728	-0.00300638	-0.284842	-0.0174709
0	0	-726	-0.00254765	-0.209861	-0.0171661
0	0	-724	-0.00208539	-0.136525	-0.0170408
0	0	-722	-0.00162571	-0.0642435	-0.0170846
0	0	-720	-0.00117229	0.00755335	-0.0172907
0	0	-718	-0.00072545	0.0794361	-0.0176562
0	0	-716	-0.00028206	0.151987	-0.01817
0	0	-714	0.00016203	0.225789	-0.0188256
0	0	-712	0.00061318	0.301407	-0.0196135
0	0	-710	0.0010784	0.379436	-0.0205225
0	0	-708	0.00156581	0.460477	-0.0215371
0	0	-706	0.00208048	0.545063	-0.0226245
0	0	-704	0.00262561	0.63366	-0.0237361
0	0	-702	0.0031975	0.726588	-0.0247931
0	0	-700	0.00378928	0.823912	-0.0256926
0	0	-698	0.00438979	0.925271	-0.0263006
0	0	-696	0.00498108	1.02974	-0.0264458
0	0	-694	0.00554131	1.13574	-0.0259733
0	0	-692	0.00604802	1.24097	-0.0247661
0	0	-690	0.00648231	1.34256	-0.022779
0	0	-688	0.0068282	1.43728	-0.0200482
0	0	-686	0.00708137	1.52193	-0.0167183
0	0	-684	0.00724681	1.59384	-0.0130379
0	0	-682	0.00733402	1.65122	-0.00927327
0	0	-680	0.00735594	1.6934	-0.00563032
0	0	-678	0.00732647	1.72055	-0.00218452
0	0	-676	0.00725473	1.73322	0.00112958
0	0	-674	0.00714796	1.73182	0.00444996
0	0	-672	0.00701158	1.71629	0.007895
0	0	-670	0.00684852	1.68617	0.0114778
0	0	-668	0.00666186	1.64097	0.0150658
0	0	-666	0.00645198	1.58071	0.0184124
0	0	-664	0.00621716	1.50635	0.0212512
0	0	-662	0.00595155	1.41991	0.023394
0	0	-660	0.00565052	1.3242	0.0247814
0	0	-658	0.00530791	1.22234	0.0254444
0	0	-656	0.00492486	1.11745	0.025496
0	0	-654	0.00450748	1.01224	0.0250906
0	0	-652	0.00406254	0.908835	0.0243927
0	0	-650	0.00359804	0.808672	0.0235585
0	0	-648	0.00312237	0.712559	0.0227104
0	0	-646	0.00264267	0.620796	0.0219322
0	0	-644	0.00216441	0.533271	0.021272
0	0	-642	0.00168947	0.449622	0.0207437
0	0	-640	0.00122055	0.369374	0.0203562
0	0	-638	0.00075856	0.291992	0.020104
0	0	-636	0.0003044	0.216897	0.0199817
0	0	-634	-0.00014081	0.143492	0.0199868
0	0	-632	-0.00057578	0.0711919	0.0201095
0	0	-630	-0.00099946	-0.00057649	0.0203483
0	0	-628	-0.00141034	-0.0723961	0.0206913
0	0	-626	-0.00180736	-0.144861	0.0211431
0	0	-624	-0.00218796	-0.218555	0.0217106
0	0	-622	-0.00255323	-0.294064	0.0223929
0	0	-620	-0.00290399	-0.371998	0.0231872
0	0	-618	-0.0032435	-0.452973	0.0240717
0	0	-616	-0.00357482	-0.537558	0.0250176
0	0	-614	-0.00390132	-0.626253	0.0259592
0	0	-612	-0.00422426	-0.719412	0.0268048
0	0	-610	-0.0045429	-0.817121	0.0274402
0	0	-608	-0.00485373	-0.919041	0.0277205
0	0	-606	-0.00515247	-1.02425	0.0274918
0	0	-604	-0.00543087	-1.13115	0.0265953
0	0	-602	-0.00568144	-1.2374	0.0249368
0	0	-600	-0.00589852	-1.34007	0.0225087
0	0	-598	-0.00608024	-1.43586	0.0193989
0	0	-596	-0.00622626	-1.52152	0.0158009
0	0	-594	-0.00633846	-1.59433	0.0119727
0	0	-592	-0.00642323	-1.65251	0.00819206
0	0	-590	-0.00648277	-1.69534	0.0046511
0	0	-588	-0.00652065	-1.72301	0.00138633
0	0	-586	-0.00653958	-1.73607	-0.00169489
0	0	-584	-0.00654158	-1.73491	-0.00475264
0	0	-582	-0.00652562	-1.71946	-0.00792136
0	0	-580	-0.00648646	-1.68921	-0.0112155
0	0	-578	-0.00641353	-1.64362	-0.0144909
0	0	-576	-0.00629593	-1.58268	-0.0174897
0	0	-574	-0.00612182	-1.50737	-0.0199367
0	0	-572	-0.0058854	-1.41982	-0.0216576
0	0	-570	-0.00558353	-1.32292	-0.0226103
0	0	-568	-0.00521717	-1.21989	-0.0228818
0	0	-566	-0.00479447	-1.11387	-0.0226233
0	0	-564	-0.00432548	-1.00759	-0.0219876
0	0	-562	-0.00382128	-0.903117	-0.0211243
0	0	-560	-0.00329499	-0.801954	-0.0201574
0	0	-558	-0.00276106	-0.705023	-0.0191925
0	0	-556	-0.00223189	-0.612768	-0.0182905
0	0	-554	-0.00171648	-0.525274	-0.0174856
0	0	-552	-0.00122287	-0.442332	-0.0168169
0	0	-550	-0.00075285	-0.363469	-0.0163266
0	0	-548	-0.00030417	-0.287985	-0.0160398
0	0	-546	0.00012844	-0.215089	-0.0159549
0	0	-544	0.0005503	-0.144003	-0.0160467
0	0	-542	0.00096476	-0.0740367	-0.0162937
0	0	-540	0.00137451	-0.00456646	-0.0166707
0	0	-538	0.00177794	0.0649754	-0.0171624
0	0	-536	0.00217347	0.135161	-0.0177676
0	0	-534	0.00255694	0.206615	-0.0185019
0	0	-532	0.00292678	0.280039	-0.0193956
0	0	-530	0.00328296	0.35622	-0.0204592
0	0	-528	0.00362485	0.435967	-0.0216796
0	0	-526	0.00395249	0.519968	-0.023007
0	0	-524	0.00426636	0.608712	-0.0243678
0	0	-522	0.00456727	0.702412	-0.0256684
0	0	-520	0.00485313	0.80099	-0.0267861
0	0	-518	0.00512324	0.903971	-0.0276012
0	0	-516	0.0053751	1.01036	-0.0279605
0	0	-514	0.00560558	1.11857	-0.0276995
0	0	-512	0.00581018	1.22628	-0.026669
0	0	-510	0.00598353	1.33054	-0.0247772
0	0	-508	0.00611913	1.42799	-0.0220431
0	0	-506	0.00621318	1.51526	-0.0185944
0	0	-504	0.00626536	1.58945	-0.0146699
0	0	-502	0.00628036	1.64866	-0.0105778
0	0	-500	0.00626425	1.69215	-0.00657365
0	0	-498	0.00622307	1.72017	-0.00276045
0	0	-496	0.00616508	1.73338	0.00090867
0	0	-494	0.00609213	1.73228	0.00456305
0	0	-492	0.00600569	1.7169	0.00832153
0	0	-490	0.00590341	1.68683	0.0121961
0	0	-488	0.00578451	1.64159	0.0160434
0	0	-486	0.00564429	1.5812	0.0195884
0	0	-484	0.00547711	1.50664	0.0225227
0	0	-482	0.00527838	1.41992	0.0246055
0	0	-480	0.00504428	1.32387	0.0257324
0	0	-478	0.004776	1.22169	0.0259515
0	0	-476	0.00447751	1.11649	0.0254204
0	0	-474	0.00415541	1.01101	0.0243558
0	0	-472	0.00381853	0.907362	0.0229725
0	0	-470	0.00347606	0.806983	0.021481
0	0	-468	0.00313322	0.710685	0.0200412
0	0	-466	0.00279453	0.618754	0.0187454
0	0	-464	0.00246206	0.531085	0.017649
0	0	-462	0.00213585	0.447339	0.0167652
0	0	-460	0.00181585	0.367054	0.0161038
0	0	-458	0.00150052	0.289687	0.0156537
0	0	-456	0.00118908	0.214649	0.0154028
0	0	-454	0.00088228	0.141347	0.0153458
0	0	-452	0.00058024	0.0692018	0.0154666
0	0	-450	0.00028135	-0.00237199	0.0157616
0	0	-448	-1.575e-05	-0.0739664	0.0162115
0	0	-446	-0.00031391	-0.146168	0.0168027
0	0	-444	-0.00061528	-0.219557	0.0175275
0	0	-442	-0.0009205	-0.294726	0.0183751
0	0	-440	-0.00122916	-0.372279	0.0193405
0	0	-438	-0.00154028	-0.45281	0.0204095
0	0	-436	-0.00185243	-0.536862	0.0215716
0	0	-434	-0.00216351	-0.624925	0.0227891
0	0	-432	-0.00247306	-0.717348	0.0239799
0	0	-430	-0.00277845	-0.814196	0.0250418
0	0	-428	-0.00307877	-0.915123	0.0258499
0	0	-426	-0.00337162	-1.01923	0.0262418
0	0	-424	-0.00365419	-1.12494	0.0260468
0	0	-422	-0.00392472	-1.22997	0.0251384
0	0	-420	-0.00417887	-1.33144	0.0234574
0	0	-418	-0.00441129	-1.42613	0.0210057
0	0	-416	-0.00462041	-1.51085	0.0179065
0	0	-414	-0.0048029	-1.58285	0.0143853
0	0	-412	-0.004955	-1.64033	0.0107176
0	0	-410	-0.0050736	-1.6826	0.00714486
0	0	-408	-0.00515852	-1.70987	0.00376273
0	0	-406	-0.00521251	-1.72275	0.00053233
0	0	-404	-0.00523632	-1.72169	-0.00266981
0	0	-402	-0.00522941	-1.70668	-0.00596213
0	0	-400	-0.00518981	-1.6773	-0.00936471
0	0	-398	-0.00510984	-1.63307	-0.0127526
0	0	-396	-0.00498016	-1.57399	-0.0158885
0	0	-394	-0.00479048	-1.50101	-0.0185134
0	0	-392	-0.0045388	-1.41606	-0.0204512
0	0	-390	-0.00422811	-1.32187	-0.0216278
0	0	-388	-0.00387001	-1.22152	-0.0220876
0	0	-386	-0.00348294	-1.11805	-0.0219707
0	0	-384	-0.00308494	-1.01413	-0.0214314
0	0	-382	-0.00269494	-0.911826	-0.0206284
0	0	-380	-0.00232515	-0.812584	-0.0197195
0	0	-378	-0.00198331	-0.717226	-0.0188255
0	0	-376	-0.00166991	-0.626029	-0.0180232
0	0	-374	-0.00138268	-0.538899	-0.0173551
0	0	-372	-0.00111754	-0.455526	-0.0168456
0	0	-370	-0.00086795	-0.375462	-0.0165022
0	0	-368	-0.0006273	-0.298162	-0.0163218
0	0	-366	-0.00038897	-0.223049	-0.0162987
0	0	-364	-0.0001465	-0.149561	-0.016421
0	0	-362	0.0001023	-0.077134	-0.0166889
0	0	-360	0.00036149	-0.00518192	-0.017097
0	0	-358	0.00063297	0.0668705	-0.0176429
0	0	-356	0.00091582	0.139584	-0.0183327
0	0	-354	0.00121394	0.213529	-0.0191614
0	0	-352	0.00153037	0.289291	-0.0201291
0	0	-350	0.00186842	0.367472	-0.0212268
0	0	-348	0.00223291	0.448652	-0.022443
0	0	-346	0.00262499	0.533366	-0.0237607
0	0	-344	0.00304403	0.622109	-0.0251384
0	0	-342	0.00348596	0.715237	-0.0265108
0	0	-340	0.00394377	0.81284	-0.0277746
0	0	-338	0.0044058	0.914586	-0.0287963
0	0	-336	0.00485825	1.01962	-0.0294022
0	0	-334	0.00528568	1.12639	-0.0294
0	0	-332	0.0056707	1.23261	-0.0286344
0	0	-330	0.0060006	1.33537	-0.0270063
0	0	-328	0.00626573	1.43141	-0.0245151
0	0	-326	0.00646517	1.51749	-0.0212887
0	0	-324	0.00660283	1.59081	-0.0175671
0	0	-322	0.00668896	1.64952	-0.0136613
0	0	-320	0.00673546	1.69286	-0.00982845
0	0	-318	0.00675103	1.72099	-0.00619525
0	0	-316	0.00674039	1.73447	-0.00274336
0	0	-314	0.00670763	1.7337	0.00064112
0	0	-312	0.00665184	1.71863	0.00407277
0	0	-310	0.00657017	1.68877	0.00757609
0	0	-308	0.00645986	1.64354	0.0110417
0	0	-306	0.00631946	1.58291	0.0142311
0	0	-304	0.00614756	1.50782	0.0168716
0	0	-302	0.0059449	1.42035	0.0187846
0	0	-300	0.00571394	1.32339	0.0199173
0	0	-298	0.00546049	1.22021	0.0203341
0	0	-296	0.00518934	1.11396	0.0201787
0	0	-294	0.00490526	1.00738	0.0196155
0	0	-292	0.00461388	0.902622	0.0187993
0	0	-290	0.00432048	0.801188	0.0178673
0	0	-288	0.00402827	0.704005	0.0169267
0	0	-286	0.00374038	0.611526	0.0160487
0	0	-284	0.003462	0.523824	0.0152932
0	0	-282	0.00319251	0.440663	0.0147103
0	0	-280	0.00292823	0.36155	0.0143316
0	0	-278	0.00266168	0.285781	0.0141674
0	0	-276	0.00238239	0.212565	0.0142032
0	0	-274	0.00208086	0.141152	0.0144147
0	0	-272	0.00175129	0.0708763	0.0147781
0	0	-270	0.00139155	0.00113909	0.0152823
0	0	-268	0.00100415	-0.0686263	0.0159311
0	0	-266	0.00059247	-0.138985	0.0167256
0	0	-264	0.0001548	-0.21056	0.0176829
0	0	-262	-0.0003123	-0.284067	0.0188029
0	0	-260	-0.00081371	-0.360316	0.0200664
0	0	-258	-0.00135544	-0.440084	0.0214449
0	0	-256	-0.00193791	-0.524029	0.0228936
0	0	-254	-0.00255509	-0.612606	0.024351
0	0	-252	-0.00319202	-0.706025	0.0257519
0	0	-250	-0.00383074	-0.804186	0.0270311
0	0	-248	-0.00445095	-0.906614	0.0280734
0	0	-246	-0.00503382	-1.01238	0.0287205
0	0	-244	-0.00556243	-1.11995	0.0287844
0	0	-242	-0.00602309	-1.22704	0.0280943
0	0	-240	-0.00640753	-1.33076	0.0265391
0	0	-238	-0.00671261	-1.42782	0.0240931
0	0	-236	-0.0069438	-1.51488	0.0208814
0	0	-234	-0.00710875	-1.58905	0.0171681
0	0	-232	-0.00721787	-1.64838	0.0132674
0	0	-230	-0.00728193	-1.69211	0.00945661
0	0	-228	-0.00730799	-1.72041	0.005862
0	0	-226	-0.00730196	-1.73388	0.0024542
0	0	-224	-0.00726915	-1.73298	-0.00088534
0	0	-222	-0.00720736	-1.71769	-0.00427389
0	0	-220	-0.00711248	-1.68753	-0.00773877
0	0	-218	-0.00697535	-1.64195	-0.0111629
0	0	-216	-0.00678466	-1.58094	-0.0143136
0	0	-214	-0.0065325	-1.50547	-0.0169388
0	0	-212	-0.00621384	-1.41763	-0.0188552
0	0	-210	-0.00582893	-1.32033	-0.0200246
0	0	-208	-0.00538389	-1.21684	-0.0205096
0	0	-206	-0.0048894	-1.11031	-0.0204393
0	0	-204	-0.00435742	-1.00347	-0.0199667
0	0	-202	-0.00380213	-0.898471	-0.0192441
0	0	-200	-0.00323839	-0.796821	-0.018401
0	0	-198	-0.00267941	-0.69946	-0.0175296
0	0	-196	-0.00213544	-0.606831	-0.0167035
0	0	-194	-0.00161779	-0.519016	-0.015988
0	0	-192	-0.00113184	-0.435799	-0.0154435
0	0	-190	-0.0006788	-0.356688	-0.0151092
0	0	-188	-0.00025578	-0.280957	-0.0150042
0	0	-186	0.0001429	-0.207816	-0.015125
0	0	-184	0.0005245	-0.136526	-0.0154451
0	0	-182	0.00089438	-0.0664064	-0.0159432
0	0	-180	0.0012573	0.00316514	-0.0165942
0	0	-178	0.00161634	0.0727527	-0.0173856
0	0	-176	0.00197168	0.142899	-0.01833
0	0	-174	0.00232448	0.214235	-0.0194229
0	0	-172	0.00267476	0.287489	-0.0206598
0	0	-170	0.00302452	0.363456	-0.0220409
0	0	-168	0.00337464	0.442913	-0.0235259
0	0	-166	0.00372396	0.526557	-0.0250624
0	0	-164	0.00406931	0.614882	-0.0265754
0	0	-162	0.00440608	0.708102	-0.0279976
0	0	-160	0.00472868	0.806122	-0.0292517
0	0	-158	0.00503004	0.908509	-0.0302162
0	0	-156	0.00530518	1.01433	-0.0307418
0	0	-154	0.00554881	1.12202	-0.0306534
0	0	-152	0.00575415	1.2293	-0.0297884
0	0	-150	0.00591551	1.33327	-0.0280373
0	0	-148	0.00603089	1.43063	-0.0253863
0	0	-146	0.00609849	1.518	-0.0219537
0	0	-144	0.00612213	1.59249	-0.0179974
0	0	-142	0.00611162	1.65214	-0.0138351
0	0	-140	0.00607449	1.69616	-0.0097319
0	0	-138	0.00601822	1.72473	-0.00582117
0	0	-136	0.00595003	1.73845	-0.00208801
0	0	-134	0.00587412	1.7378	0.00158668
0	0	-132	0.00579019	1.72276	0.00532297
0	0	-130	0.00569687	1.69287	0.00914268
0	0	-128	0.00559371	1.64759	0.0129258
0	0	-126	0.00547966	1.58688	0.0164276
0	0	-124	0.00534982	1.51173	0.0193526
0	0	-122	0.00520257	1.42417	0.0214934
0	0	-120	0.0050364	1.32712	0.0227755
0	0	-118	0.00485222	1.22384	0.0232561
0	0	-116	0.00465339	1.11747	0.0230874
0	0	-114	0.00444404	1.01073	0.022457
0	0	-112	0.00422759	0.905726	0.0215747
0	0	-110	0.00400892	0.803997	0.0206232
0	0	-108	0.00379186	0.706426	0.0197172
0	0	-106	0.00357975	0.613408	0.0189279
0	0	-104	0.00337395	0.525022	0.0182954
0	0	-102	0.00317633	0.441064	0.0178261
0	0	-100	0.00298315	0.361074	0.0174954
0	0	-98	0.00278539	0.2844	0.0172879
0	0	-96	0.00257424	0.210324	0.0172004
0	0	-94	0.00234001	0.138135	0.0172201
0	0	-92	0.00207557	0.067162	0.0173389
0	0	-90	0.00177563	-0.00321487	0.0175501
0	0	-88	0.00143657	-0.0735484	0.0178635
0	0	-86	0.00105861	-0.1444	0.0182924
0	0	-84	0.00064355	-0.21639	0.0188431
0	0	-82	0.00019322	-0.290215	0.0195299
0	0	-80	-0.00028414	-0.366633	0.020362
0	0	-78	-0.00078159	-0.446409	0.0213454
0	0	-76	-0.00128778	-0.530224	0.0224609
0	0	-74	-0.00178957	-0.618588	0.0236737
0	0	-72	-0.0022721	-0.71173	0.0249357
0	0	-70	-0.00272147	-0.809593	0.0261582
0	0	-68	-0.00312826	-0.911747	0.0272091
0	0	-66	-0.00348511	-1.01725	0.0278956
0	0	-64	-0.00378891	-1.12454	0.0280039
0	0	-62	-0.00404049	-1.23134	0.0273566
0	0	-60	-0.00424335	-1.33475	0.0258233
0	0	-58	-0.00440325	-1.43147	0.0233935
0	0	-56	-0.00452641	-1.51815	0.0202057
0	0	-54	-0.00462051	-1.59191	0.0165384
0	0	-52	-0.00468966	-1.65085	0.012705
0	0	-50	-0.00474386	-1.6942	0.00897709
0	0	-48	-0.00479168	-1.72218	0.00547959
0	0	-46	-0.00484647	-1.7354	0.00218048
0	0	-44	-0.00491956	-1.73435	-0.00104055
0	0	-42	-0.00502382	-1.71902	-0.00429243
0	0	-40	-0.00516811	-1.689	-0.00758358
0	0	-38	-0.00535354	-1.6438	-0.0107808
0	0	-36	-0.00557853	-1.58346	-0.0136632
0	0	-34	-0.0058331	-1.50895	-0.0160115
0	0	-32	-0.00610448	-1.42229	-0.0177016
0	0	-30	-0.00637896	-1.32634	-0.018746
0	0	-28	-0.00664456	-1.22426	-0.0192436
0	0	-26	-0.00689053	-1.11915	-0.0193111
0	0	-24	-0.00710947	-1.01372	-0.019075
0	0	-22	-0.00729448	-0.910098	-0.018652
0	0	-20	-0.00743791	-0.809757	-0.0181522
0	0	-18	-0.00753147	-0.713496	-0.0176628
0	0	-16	-0.0075689	-0.621589	-0.0172345
0	0	-14	-0.00754648	-0.533952	-0.0169105
0	0	-12	-0.00746207	-0.450243	-0.0167074
0	0	-10	-0.00731882	-0.369961	-0.0166358
0	0	-8	-0.00712453	-0.292538	-0.0166943
0	0	-6	-0.00688919	-0.217389	-0.0168822
0	0	-4	-0.00662384	-0.143945	-0.0172043
0	0	-2	-0.00633647	-0.0716142	-0.0176512
0	0	0	-0.00603346	0.00019494	-0.0182184
0	0	2	-0.00571807	0.0720354	-0.0189084
0	0	4	-0.00538628	0.14447	-0.0197137
0	0	6	-0.00503283	0.218092	-0.0206346
0	0	8	-0.0046469	0.293501	-0.0216654
0	0	10	-0.00421306	0.371267	-0.0228016
0	0	12	-0.00371589	0.451959	-0.0240365
0	0	14	-0.00314082	0.536165	-0.0253436
0	0	16	-0.00247761	0.62438	-0.0266931
0	0	18	-0.00172335	0.71692	-0.0280201
0	0	20	-0.00088474	0.813881	-0.0292334
0	0	22	2.278e-05	0.914952	-0.0301931
0	0	24	0.00097504	1.01925	-0.0307351
0	0	26	0.00194285	1.12521	-0.0306708
0	0	28	0.00289127	1.23055	-0.0298267
0	0	30	0.0037859	1.33245	-0.0281076
0	0	32	0.00459556	1.42765	-0.0255112
0	0	34	0.00529784	1.51296	-0.0221761
0	0	36	0.00587926	1.58563	-0.0183587
0	0	38	0.00633717	1.6438	-0.0143603
0	0	40	0.00667365	1.68673	-0.0104228
0	0	42	0.00689687	1.71458	-0.00666356
0	0	44	0.00701476	1.72791	-0.0030669
0	0	46	0.00703421	1.72715	0.0004708
0	0	48	0.00695967	1.7123	0.00405813
0	0	50	0.00679424	1.68291	0.00771728
0	0	52	0.00653962	1.63849	0.0113456
0	0	54	0.00619832	1.579	0.0147283
0	0	56	0.00577459	1.50535	0.0175948
0	0	58	0.00527388	1.41948	0.0197259
0	0	60	0.00470617	1.3242	0.0210217
0	0	62	0.00408182	1.2227	0.0215062
0	0	64	0.0034135	1.11808	0.0213146
0	0	66	0.00271811	1.01305	0.0206242
0	0	68	0.00201114	0.909774	0.0196405
0	0	70	0.00131048	0.809732	0.0185492
0	0	72	0.00062993	0.713718	0.0174747
0	0	74	-1.963e-05	0.622006	0.0165119
0	0	76	-0.00063037	0.534548	0.0157088
0	0	78	-0.00119942	0.451008	0.0150871
0	0	80	-0.00172718	0.37088	0.0146481
0	0	82	-0.0022163	0.293617	0.0143848
0	0	84	-0.00267071	0.218657	0.0142951
0	0	86	-0.00309688	0.14541	0.0143712
0	0	88	-0.00349848	0.0732798	0.0146069
0	0	90	-0.00387923	0.00169104	0.0150023
0	0	92	-0.00423919	-0.0699189	0.0155626
0	0	94	-0.00457665	-0.142122	0.0162865
0	0	96	-0.00488784	-0.21552	0.0171681
0	0	98	-0.00516956	-0.290698	0.0182018
0	0	100	-0.00541602	-0.368242	0.0193724
0	0	102	-0.00562382	-0.448724	0.0206586
0	0	104	-0.00578953	-0.532712	0.0220356
0	0	106	-0.00591193	-0.620697	0.0234601
0	0	108	-0.00599359	-0.713029	0.0248654
0	0	110	-0.0060389	-0.809816	0.0261538
0	0	112	-0.00605483	-0.910779	0.0271921
0	0	114	-0.00605009	-1.01508	0.0278115
0	0	116	-0.00603164	-1.1212	0.0278213
0	0	118	-0.00600608	-1.22688	0.0270734
0	0	120	-0.00597863	-1.32926	0.0254621
0	0	122	-0.00595317	-1.42508	0.0229906
0	0	124	-0.00593138	-1.5111	0.019806
0	0	126	-0.00591401	-1.58449	0.0161724
0	0	128	-0.00590152	-1.64336	0.0123986
0	0	130	-0.00589675	-1.68695	0.008734
0	0	132	-0.00590317	-1.71539	0.00529551
0	0	134	-0.00592609	-1.72922	0.00205675
0	0	136	-0.00597194	-1.72891	-0.00109634
0	0	138	-0.00604433	-1.71444	-0.0042677
0	0	140	-0.00614319	-1.68537	-0.0074752
0	0	142	-0.0062617	-1.64118	-0.0106114
0	0	144	-0.00638342	-1.58179	-0.013452
0	0	146	-0.00648578	-1.50806	-0.0157399
0	0	148	-0.00654444	-1.42192	-0.0172988
0	0	150	-0.00653992	-1.32616	-0.0180711
0	0	152	-0.00645444	-1.224	-0.0181138
0	0	154	-0.00628303	-1.11864	-0.017576
0	0	156	-0.00602863	-1.0129	-0.016665
0	0	158	-0.00569488	-0.908985	-0.0155998
0	0	160	-0.00528651	-0.808388	-0.0145534
0	0	162	-0.0048091	-0.711892	-0.0136467
0	0	164	-0.00427036	-0.619784	-0.0129672
0	0	166	-0.00368005	-0.531961	-0.0125479
0	0	168	-0.00305085	-0.448079	-0.0123839
0	0	170	-0.00240107	-0.367648	-0.012466
0	0	172	-0.00174925	-0.290123	-0.0127793
0	0	174	-0.00111484	-0.214928	-0.0133049
0	0	176	-0.00051588	-0.141462	-0.0140178
0	0	178	3.102e-05	-0.0691299	-0.0148814
0	0	180	0.00051451	0.00265513	-0.0158653
0	0	182	0.00092628	0.0744537	-0.0169423
0	0	184	0.00126296	0.146837	-0.0180873
0	0	186	0.00153116	0.22039	-0.019294
0	0	188	0.00174311	0.295693	-0.0205683
0	0	190	0.00191792	0.373318	-0.0219076
0	0	192	0.00208077	0.453844	-0.0233016
0	0	194	0.00225821	0.537843	-0.0247088
0	0	196	0.00247364	0.625798	-0.0260678
0	0	198	0.0027439	0.718036	-0.0272917
0	0	200	0.0030778	0.814665	-0.0282561
0	0	202	0.00347566	0.915408	-0.0288264
0	0	204	0.00392843	1.01942	-0.0288665
0	0	206	0.00441719	1.12515	-0.0282539
0	0	208	0.00491753	1.23034	-0.0268928
0	0	210	0.005403	1.33216	-0.0247634
0	0	212	0.00584998	1.42739	-0.0219377
0	0	214	0.00623884	1.5128	-0.0185726
0	0	216	0.0065613	1.58563	-0.0149104
0	0	218	0.0068166	1.64404	-0.0112167
0	0	220	0.00700859	1.68726	-0.00770747
0	0	222	0.00714593	1.71542	-0.00446415
0	0	224	0.00723539	1.72908	-0.00142991
0	0	226	0.00728557	1.72869	0.00152727
0	0	228	0.00730146	1.71424	0.00453145
0	0	230	0.00728694	1.6853	0.00762755
0	0	232	0.00724168	1.64136	0.0107337
0	0	234	0.00716511	1.58237	0.0136606
0	0	236	0.00705173	1.50919	0.0161819
0	0	238	0.0068952	1.42374	0.0181289
0	0	240	0.00668788	1.32875	0.0194271
0	0	242	0.00642526	1.22737	0.020087
0	0	244	0.00610658	1.12273	0.0202056
0	0	246	0.00573823	1.0176	0.0199196
0	0	248	0.00532795	0.914164	0.0193657
0	0	250	0.00488521	0.813913	0.0186816
0	0	252	0.00441816	0.717682	0.0179838
0	0	254	0.0039361	0.625788	0.017369
0	0	256	0.00344477	0.538156	0.0168937
0	0	258	0.00295026	0.454464	0.0165941
0	0	260	0.00245656	0.374224	0.016497
0	0	262	0.00196781	0.296905	0.0166
0	0	264	0.00149101	0.221938	0.0168983
0	0	266	0.00103056	0.148721	0.0173605
0	0	268	0.00058969	0.0766661	0.0179579
0	0	270	0.00017218	0.00518396	0.0186621
0	0	272	-0.00022041	-0.0662982	0.0194462
0	0	274	-0.00058904	-0.138364	0.0202946
0	0	276	-0.00093751	-0.211616	0.0211871
0	0	278	-0.0012693	-0.286672	0.022127
0	0	280	-0.0015867	-0.364141	0.0231104
0	0	282	-0.00189332	-0.444645	0.0241109
0	0	284	-0.00219105	-0.52879	0.0250993
0	0	286	-0.00248525	-0.617089	0.0260292
0	0	288	-0.00277862	-0.709889	0.0268402
0	0	290	-0.0030731	-0.807275	0.0274395
0	0	292	-0.00337035	-0.90897	0.0277096
0	0	294	-0.00366818	-1.0141	0.0275292
0	0	296	-0.00396257	-1.12107	0.0267823
0	0	298	-0.00424851	-1.22758	0.0253661
0	0	300	-0.00452031	-1.33076	0.0232406
0	0	302	-0.00477061	-1.42727	0.0204508
0	0	304	-0.00499442	-1.51386	0.0171361
0	0	306	-0.0051867	-1.58775	0.0135059
0	0	308	-0.00534524	-1.64711	0.00979726
0	0	310	-0.00546976	-1.69117	0.0062031
0	0	312	-0.00556226	-1.72005	0.00279498
0	0	314	-0.00562618	-1.7343	-0.00048313
0	0	316	-0.005664	-1.73429	-0.00376068
0	0	318	-0.0056772	-1.71993	-0.0071493
0	0	320	-0.00566118	-1.69067	-0.0106611
0	0	322	-0.00561074	-1.64591	-0.0141594
0	0	324	-0.00551887	-1.58559	-0.0173807
0	0	326	-0.00538074	-1.51074	-0.0200335
0	0	328	-0.00519855	-1.42356	-0.0219224
0	0	330	-0.00497791	-1.32706	-0.0229795
0	0	332	-0.00472773	-1.22457	-0.0232718
0	0	334	-0.00445661	-1.11927	-0.0229492
0	0	336	-0.00417209	-1.01385	-0.0221917
0	0	338	-0.00387997	-0.910374	-0.0211871
0	0	340	-0.00358172	-0.810234	-0.0200923
0	0	342	-0.00327707	-0.714222	-0.0190278
0	0	344	-0.00296529	-0.6226	-0.0180822
0	0	346	-0.00264143	-0.53527	-0.0172916
0	0	348	-0.00230292	-0.451884	-0.0166854
0	0	350	-0.00194531	-0.371963	-0.0162712
0	0	352	-0.0015654	-0.294963	-0.0160527
0	0	354	-0.00116172	-0.220295	-0.0160286
0	0	356	-0.00073337	-0.14736	-0.0161805
0	0	358	-0.00028136	-0.0755798	-0.0164841
0	0	360	0.00019282	-0.00438093	-0.0169112
0	0	362	0.00068674	0.0668088	-0.017428
0	0	364	0.00119804	0.138553	-0.0180028
0	0	366	0.00172158	0.211423	-0.0186123
0	0	368	0.00225195	0.286012	-0.0192528
0	0	370	0.00278243	0.362923	-0.0199184
0	0	372	0.00330552	0.442762	-0.0206108
0	0	374	0.00381503	0.526116	-0.0213183
0	0	376	0.00430585	0.6135	-0.0220306
0	0	378	0.00477207	0.705271	-0.0227036
0	0	380	0.00520724	0.801547	-0.0232666
0	0	382	0.00560589	0.902074	-0.0236239
0	0	384	0.00596068	1.00607	-0.0236619
0	0	386	0.00626394	1.11208	-0.0232487
0	0	388	0.00650987	1.21797	-0.0222552
0	0	390	0.00669529	1.32093	-0.0205805
0	0	392	0.00681927	1.41768	-0.018203
0	0	394	0.00688542	1.50478	-0.015193
0	0	396	0.00689582	1.57918	-0.0117191
0	0	398	0.00685823	1.6388	-0.00804679
0	0	400	0.00678217	1.68279	-0.00440783
0	0	402	0.00667664	1.71129	-0.00090742
0	0	404	0.00654824	1.72501	0.00249261
0	0	406	0.00640203	1.7245	0.00590735
0	0	408	0.00624063	1.70989	0.00944594
0	0	410	0.00606331	1.68081	0.0131254
0	0	412	0.00586729	1.63681	0.0168211
0	0	414	0.00564846	1.57786	0.0202833
0	0	416	0.00540158	1.50483	0.0232247
0	0	418	0.00512105	1.41964	0.0254054
0	0	420	0.00480357	1.32502	0.0267043
0	0	422	0.00444789	1.22407	0.0271258
0	0	424	0.00405836	1.11991	0.026781
0	0	426	0.00364493	1.01525	0.0258541
0	0	428	0.00321511	0.912258	0.0245437
0	0	430	0.00277741	0.812395	0.0230411
0	0	432	0.0023396	0.716506	0.0215048
0	0	434	0.00190617	0.624904	0.0200417
0	0	436	0.00148034	0.537498	0.0187131
0	0	438	0.00106489	0.453944	0.0175497
0	0	440	0.00066171	0.373777	0.0165705
0	0	442	0.00027163	0.296456	0.0157738
0	0	444	-0.00010432	0.221406	0.0151561
0	0	446	-0.00046511	0.148047	0.014709
0	0	448	-0.00080984	0.075805	0.0144255
0	0	450	-0.00113759	0.00411213	0.0143005
0	0	452	-0.00144885	-0.0675989	0.0143237
0	0	454	-0.00174512	-0.139896	0.0144841
0	0	456	-0.00202864	-0.213354	0.0147765
0	0	458	-0.00230218	-0.288553	0.0151933
0	0	460	-0.00256706	-0.366094	0.0157274
0	0	462	-0.00282546	-0.446574	0.0163581
0	0	464	-0.00307841	-0.530577	0.017069
0	0	466	-0.00332755	-0.618619	0.0178225
0	0	468	-0.00357283	-0.711062	0.0185626
0	0	470	-0.00381434	-0.808031	0.0192155
0	0	472	-0.00405176	-0.909251	0.0196693
0	0	474	-0.00428288	-1.01388	0.0197988
0	0	476	-0.0045063	-1.12038	0.0194659
0	0	478	-0.00471725	-1.22648	0.018545
0	0	480	-0.00491013	-1.32932	0.0169719
0	0	482	-0.00508011	-1.42559	0.0147422
0	0	484	-0.00522392	-1.51199	0.0119507
0	0	486	-0.00534162	-1.58572	0.00878513
0	0	488	-0.00542987	-1.64493	0.0054689
0	0	490	-0.005492	-1.68881	0.002188
0	0	492	-0.00552796	-1.71748	-0.00098789
0	0	494	-0.00553951	-1.73149	-0.00410745
0	0	496	-0.00552873	-1.73125	-0.00728331
0	0	498	-0.00549218	-1.7167	-0.0106171
0	0	500	-0.00542785	-1.68739	-0.0141096
0	0	502	-0.00532957	-1.64275	-0.0176106
0	0	504	-0.00518787	-1.58274	-0.0208643
0	0	506	-0.00499517	-1.50828	-0.023572
0	0	508	-0.00474923	-1.4214	-0.0255107
0	0	510	-0.00445358	-1.32497	-0.0265966
0	0	512	-0.00411523	-1.22221	-0.0268648
0	0	514	-0.00374469	-1.11629	-0.0264646
0	0	516	-0.00335362	-1.00993	-0.0255708
0	0	518	-0.00295249	-0.905259	-0.0243769
0	0	520	-0.00254918	-0.803793	-0.0230402
0	0	522	-0.00215063	-0.706484	-0.0216764
0	0	524	-0.00176161	-0.613787	-0.0203673
0	0	526	-0.00138772	-0.525798	-0.0191601
0	0	528	-0.00103197	-0.442321	-0.0180985
0	0	530	-0.00069313	-0.362881	-0.0172179
0	0	532	-0.0003672	-0.286792	-0.0165285
0	0	534	-4.711e-05	-0.213291	-0.0160195
0	0	536	0.00027404	-0.141635	-0.0156656
0	0	538	0.00060132	-0.0711535	-0.0154497
0	0	540	0.00093822	-0.00125251	-0.0153554
0	0	542	0.00128596	0.068621	-0.0153745
0	0	544	0.00164552	0.139034	-0.0155181
0	0	546	0.00201934	0.210607	-0.0157973
0	0	548	0.00240823	0.284032	-0.0162165
0	0	550	0.00281615	0.360093	-0.0167608
0	0	552	0.00324567	0.439576	-0.0173983
0	0	554	0.00369434	0.523167	-0.0180701
0	0	556	0.00415494	0.611316	-0.0187047
0	0	558	0.00461647	0.704241	-0.0192318
0	0	560	0.00506539	0.801849	-0.0195742
0	0	562	0.00548819	0.903693	-0.0196504
0	0	564	0.00587208	1.00884	-0.0193616
0	0	566	0.00620719	1.11574	-0.0185934
0	0	568	0.00648464	1.22218	-0.0172681
0	0	570	0.00669828	1.32533	-0.0153562
0	0	572	0.00684814	1.42193	-0.0128863
0	0	574	0.0069389	1.50865	-0.00998456
0	0	576	0.00698048	1.58265	-0.00685385
0	0	578	0.00698477	1.64197	-0.0037333
0	0	580	0.00696673	1.68583	-0.00079155
0	0	582	0.00693634	1.71438	0.00194115
0	0	584	0.00690154	1.72825	0.00455087
0	0	586	0.00686998	1.72792	0.00717874
0	0	588	0.00684114	1.71345	0.00994473
0	0	590	0.00681545	1.68444	0.0128614
0	0	592	0.0067912	1.64043	0.0158064
0	0	594	0.00676509	1.58139	0.0185515
0	0	596	0.00673144	1.50822	0.0208335
0	0	598	0.00668179	1.42286	0.0224587
0	0	600	0.00660886	1.32802	0.0233329
0	0	602	0.00650774	1.22684	0.0234843
0	0	604	0.0063735	1.12244	0.023033
0	0	606	0.00620334	1.01755	0.0221509
0	0	608	0.00599865	0.914284	0.0210282
0	0	610	0.00575956	0.814162	0.0198271
0	0	612	0.00548511	0.718046	0.0186793
0	0	614	0.00517646	0.626235	0.0176751
0	0	616	0.00483401	0.53866	0.0168457
0	0	618	0.00445925	0.455005	0.0161983
0	0	620	0.00405264	0.374795	0.0157284
0	0	622	0.00361778	0.297464	0.0154282
0	0	624	0.00315731	0.222426	0.0152805
0	0	626	0.00267699	0.149084	0.0152713
0	0	628	0.00218087	0.0768341	0.0153965
0	0	630	0.00167471	0.00508255	0.01566
0	0	632	0.00116393	-0.0667314	0.0160514
0	0	634	0.00065356	-0.139188	0.0165569
0	0	636	0.00014839	-0.212875	0.0171782
0	0	638	-0.0003465	-0.28836	0.0179124
0	0	640	-0.00082769	-0.366212	0.0187447
0	0	642	-0.00129043	-0.447011	0.0196549
0	0	644	-0.00173026	-0.531317	0.0206221
0	0	646	-0.0021447	-0.619574	0.0216036
0	0	648	-0.00253064	-0.71211	0.0225224
0	0	650	-0.00288581	-0.809038	0.0232741
0	0	652	-0.00320694	-0.910031	0.0237257
0	0	654	-0.00349205	-1.01417	0.0237201
0	0	656	-0.00373756	-1.11995	0.0231094
0	0	658	-0.00394082	-1.22514	0.0217718
0	0	660	-0.00409991	-1.32686	0.0196853
0	0	662	-0.00421608	-1.4219	0.0169171
0	0	664	-0.00429252	-1.50709	0.0136379
0	0	666	-0.00433722	-1.57973	0.0101034
0	0	668	-0.00435719	-1.63796	0.00658446
0	0	670	-0.00436232	-1.68105	0.0032845
0	0	672	-0.00436227	-1.70915	0.00026045
0	0	674	-0.00436734	-1.72281	-0.00256445
0	0	676	-0.00438809	-1.72247	-0.00532097
0	0	678	-0.00443008	-1.70813	-0.00810878
0	0	680	-0.00449796	-1.67937	-0.0109299
0	0	682	-0.00458983	-1.63569	-0.0136548
0	0	684	-0.00469689	-1.57706	-0.016064
0	0	686	-0.0048067	-1.50433	-0.0179341
0	0	688	-0.00490445	-1.41939	-0.0191103
0	0	690	-0.00497889	-1.32497	-0.0195492
0	0	692	-0.0050218	-1.22419	-0.0193236
0	0	694	-0.00503017	-1.12016	-0.0185998
0	0	696	-0.00500594	-1.01561	-0.0175606
0	0	698	-0.00494883	-0.912679	-0.0163782
0	0	700	-0.00486024	-0.812858	-0.0152086
0	0	702	-0.00473915	-0.716973	-0.0141668
0	0	704	-0.00458552	-0.625318	-0.013321
0	0	706	-0.00440353	-0.53781	-0.0126789
0	0	708	-0.00419736	-0.454135	-0.0122343
0	0	710	-0.00397401	-0.373829	-0.0119824
0	0	712	-0.00374341	-0.296366	-0.0119049
0	0	714	-0.00351439	-0.221168	-0.0119808
0	0	716	-0.00329382	-0.147672	-0.0121894
0	0	718	-0.00308748	-0.075322	-0.0125281
0	0	720	-0.00289737	-0.00354103	-0.0129979
0	0	722	-0.00272029	0.0682453	-0.0135794
0	0	724	-0.00255149	0.140602	-0.0142687
0	0	726	-0.00237817	0.214104	-0.0150617
0	0	728	-0.00218404	0.28935	-0.0159572
0	0	730	-0.00195195	0.366955	-0.0169496
0	0	732	-0.00166259	0.447491	-0.0180237
0	0	734	-0.00130008	0.531507	-0.0191726
0	0	736	-0.00085451	0.61949	-0.0203684
0	0	738	-0.00032465	0.711791	-0.0215496
0	0	740	0.00028489	0.808503	-0.022623
0	0	742	0.00095792	0.909316	-0.0234596
0	0	744	0.00167209	1.01339	-0.0239165
0	0	746	0.00239789	1.11921	-0.0238194
0	0	748	0.00310449	1.22455	-0.0230278
0	0	750	0.00376295	1.32657	-0.0214641
0	0	752	0.00434515	1.42209	-0.0191233
0	0	754	0.00483063	1.50789	-0.0160963
0	0	756	0.0052096	1.58121	-0.0125685
0	0	758	0.00547928	1.64012	-0.00879091
0	0	760	0.00564251	1.68379	-0.00499203
0	0	762	0.00570683	1.71234	-0.00128386
0	0	764	0.00568392	1.72628	0.00234726
0	0	766	0.00558374	1.72604	0.00599407
0	0	768	0.00541339	1.71157	0.00973561
0	0	770	0.00518067	1.6824	0.0135563
0	0	772	0.00489637	1.63799	0.0173025
0	0	774	0.00456887	1.57829	0.0207064
0	0	776	0.00420809	1.50421	0.0234923
0	0	778	0.00382561	1.41776	0.0254635
0	0	780	0.00343417	1.32177	0.0265391
0	0	782	0.00304401	1.21945	0.0267672
0	0	784	0.00266397	1.11391	0.0262886
0	0	786	0.00230226	1.00787	0.0252796
0	0	788	0.00196506	0.903461	0.0239281
0	0	790	0.00165534	0.802242	0.0223912
0	0	792	0.00137601	0.705154	0.0208019
0	0	794	0.00112863	0.612652	0.0192647
0	0	796	0.0009135	0.524844	0.017831
0	0	798	0.00072974	0.441549	0.0165554
0	0	800	0.00057381	0.362301	0.0154772
0	0	802	0.00043929	0.286413	0.0146125
0	0	804	0.00031792	0.213113	0.0139402
0	0	806	0.00020168	0.141651	0.013425
0	0	808	8.416e-05	0.0713492	0.0130494
0	0	810	-3.854e-05	0.00159729	0.0127926
0	0	812	-0.00016921	-0.0681497	0.0126462
0	0	814	-0.0003091	-0.138447	0.0126055
0	0	816	-0.00046201	-0.209894	0.0126916
0	0	818	-0.00063189	-0.28318	0.0129105
0	0	820	-0.00082439	-0.359069	0.0132596
0	0	822	-0.00104478	-0.438341	0.0137225
0	0	824	-0.00129802	-0.52166	0.014257
0	0	826	-0.00158479	-0.609499	0.0148187
0	0	828	-0.00190018	-0.702085	0.0153541
0	0	830	-0.00223665	-0.799335	0.0157903
0	0	832	-0.00258614	-0.900809	0.016059
0	0	834	-0.00294033	-1.0056	0.016054
0	0	836	-0.00329169	-1.11219	0.0156724
0	0	838	-0.00363161	-1.21838	0.0148288
0	0	840	-0.00395427	-1.32133	0.0134771
0	0	842	-0.00425116	-1.41781	0.0116191
0	0	844	-0.00451735	-1.50455	0.00934447
0	0	846	-0.00474866	-1.57868	0.00682023
0	0	848	-0.00494322	-1.6382	0.00425579
0	0	850	-0.00510052	-1.68228	0.00182762
0	0	852	-0.00522322	-1.71106	-0.00040016
0	0	854	-0.00531646	-1.72514	-0.00248464
0	0	856	-0.00538504	-1.72501	-0.004556
0	0	858	-0.00543259	-1.71074	-0.00673041
0	0	860	-0.00545945	-1.68191	-0.00904366
0	0	862	-0.0054606	-1.63806	-0.0114177
0	0	864	-0.00542678	-1.57914	-0.013666
0	0	866	-0.00534702	-1.50604	-0.0155665
0	0	868	-0.00521018	-1.42067	-0.0169314
0	0	870	-0.0050072	-1.32578	-0.0176698
0	0	872	-0.00473463	-1.22455	-0.0178082
0	0	874	-0.0043964	-1.12009	-0.0174614
0	0	876	-0.00400226	-1.01516	-0.0167957
0	0	878	-0.00356409	-0.911907	-0.0159924
0	0	880	-0.00309708	-0.811842	-0.0152098
0	0	882	-0.00261096	-0.715797	-0.0145453
0	0	884	-0.00211617	-0.624068	-0.0140599
0	0	886	-0.00161917	-0.536559	-0.0137687
0	0	888	-0.00112851	-0.452952	-0.0136689
0	0	890	-0.00065147	-0.372789	-0.0137438
0	0	892	-0.00019405	-0.295511	-0.0139752
0	0	894	0.00023521	-0.220528	-0.0143434
0	0	896	0.00063051	-0.147251	-0.0148336
0	0	898	0.00098827	-0.0750894	-0.0154369
0	0	900	0.00130871	-0.00344769	-0.0161439
0	0	902	0.00159442	0.0682468	-0.0169495
0	0	904	0.001852	0.140544	-0.0178617
0	0	906	0.00209012	0.214001	-0.0188824
0	0	908	0.00231595	0.289198	-0.0200146
0	0	910	0.00253472	0.366717	-0.0212488
0	0	912	0.0027515	0.447113	-0.0225673
0	0	914	0.00296942	0.530939	-0.0239248
0	0	916	0.00318811	0.618696	-0.0252585
0	0	918	0.00340851	0.71076	-0.0264704
0	0	920	0.00362725	0.807225	-0.0274327
0	0	922	0.00384063	0.907827	-0.0280096
0	0	924	0.00404347	1.01177	-0.0280507
0	0	926	0.00422946	1.11758	-0.0274024
0	0	928	0.00438994	1.22301	-0.0259665
0	0	930	0.00451876	1.32519	-0.0237292
0	0	932	0.00461187	1.42089	-0.0207492
0	0	934	0.00466909	1.50686	-0.0171695
0	0	936	0.0046946	1.58031	-0.0132268
0	0	938	0.00469556	1.63935	-0.00917818
0	0	940	0.00467831	1.68319	-0.00522345
0	0	942	0.00464697	1.71193	-0.0014347
0	0	944	0.00460423	1.72612	0.00222531
0	0	946	0.00455004	1.72617	0.00586301
0	0	948	0.00448114	1.7121	0.0095718
0	0	950	0.00439536	1.68349	0.0133445
0	0	952	0.00428875	1.63983	0.017041
0	0	954	0.00415915	1.58107	0.020422
0	0	956	0.00400512	1.50808	0.0232102
0	0	958	0.00382674	1.42275	0.0251974
0	0	960	0.00362722	1.32782	0.0263061
0	0	962	0.00340952	1.22641	0.026577
0	0	964	0.00317751	1.12167	0.0261374
0	0	966	0.00293608	1.01634	0.0251537
0	0	968	0.00269019	0.912602	0.0238406
0	0	970	0.00244162	0.81198	0.0223901
0	0	972	0.0021912	0.715359	0.0209415
0	0	974	0.00193986	0.623054	0.0195957
0	0	976	0.00168661	0.534995	0.0184116
0	0	978	0.00143029	0.450876	0.0174241
0	0	980	0.00116943	0.370243	0.0166265
0	0	982	0.0009026	0.292543	0.0160098
0	0	984	0.0006285	0.217201	0.0155596
0	0	986	0.000346	0.14366	0.0152596
0	0	988	5.444e-05	0.0713438	0.0150929
0	0	990	-0.00024466	-0.00034506	0.0150348
0	0	992	-0.00054991	-0.0719696	0.0150833
0	0	994	-0.00086054	-0.144087	0.0152336
0	0	996	-0.00117222	-0.217293	0.015481
0	0	998	-0.00148152	-0.292189	0.0158197
0	0	1000	-0.00178625	-0.369381	0.0162376
0	0	1002	-0.00208282	-0.449464	0.0167299
0	0	1004	-0.00236729	-0.533025	0.0172721
0	0	1006	-0.00263846	-0.620577	0.0178141
0	0	1008	-0.00289496	-0.71249	0.0182982
0	0	1010	-0.00313664	-0.808863	0.0186423
0	0	1012	-0.00336513	-0.909396	0.0187507
0	0	1014	-0.00358066	-1.01325	0.0185013
0	0	1016	-0.00378258	-1.11892	0.017781
0	0	1018	-0.00396618	-1.22416	0.0165359
0	0	1020	-0.00412832	-1.32615	0.014751
0	0	1022	-0.00426354	-1.42169	0.0124547
0	0	1024	-0.00436841	-1.50756	0.00976123
0	0	1026	-0.00444154	-1.581	0.0068498
0	0	1028	-0.00448165	-1.64012	0.00392645
0	0	1030	-0.00448616	-1.68413	0.0011309
0	0	1032	-0.00445419	-1.7131	-0.00150023
0	0	1034	-0.00438686	-1.72751	-0.00403543
0	0	1036	-0.00428211	-1.72773	-0.00660894
0	0	1038	-0.00413479	-1.71365	-0.00932772
0	0	1040	-0.00394156	-1.68473	-0.0121935
0	0	1042	-0.00369746	-1.64035	-0.0150715
0	0	1044	-0.00339643	-1.58043	-0.0177056
0	0	1046	-0.0030401	-1.50592	-0.0198256
0	0	1048	-0.00264204	-1.41897	-0.0212332
0	0	1050	-0.00221922	-1.32259	-0.0218757
0	0	1052	-0.00179431	-1.22013	-0.0218305
0	0	1054	-0.00138821	-1.11475	-0.0212186
0	0	1056	-0.00101856	-1.00915	-0.0202102
0	0	1058	-0.00069448	-0.905415	-0.0189682
0	0	1060	-0.00041763	-0.804975	-0.0176454
0	0	1062	-0.00018495	-0.708613	-0.0163699
0	0	1064	8.6e-06	-0.616598	-0.0152141
0	0	1066	0.00017117	-0.528848	-0.0142277
0	0	1068	0.00031322	-0.445026	-0.0134272
0	0	1070	0.00044321	-0.364659	-0.0127967
0	0	1072	0.00056814	-0.287214	-0.012326
0	0	1074	0.00069589	-0.212132	-0.0119902
0	0	1076	0.0008305	-0.138864	-0.0117892
0	0	1078	0.0009736	-0.0668314	-0.0117268
0	0	1080	0.00112894	0.00454207	-0.0118062
0	0	1082	0.00129838	0.0758227	-0.0120432
0	0	1084	0.00148692	0.147592	-0.0124457
0	0	1086	0.00169919	0.22045	-0.0130148
0	0	1088	0.00194039	0.294994	-0.0137425
0	0	1090	0.00221404	0.371825	-0.0146128
0	0	1092	0.00251926	0.451545	-0.0156157
0	0	1094	0.00285207	0.534736	-0.0167266
0	0	1096	0.00320653	0.621919	-0.0179013
0	0	1098	0.00357299	0.71348	-0.0190782
0	0	1100	0.00394036	0.809572	-0.0201783
0	0	1102	0.004296	0.909974	-0.02108
0	0	1104	0.0046285	1.01394	-0.0216393
0	0	1106	0.0049276	1.12009	-0.0217152
0	0	1108	0.00518642	1.22631	-0.0211755
0	0	1110	0.00539898	1.32983	-0.0199211
0	0	1112	0.00556307	1.42738	-0.0179137
0	0	1114	0.00567913	1.51553	-0.0152275
0	0	1116	0.00574959	1.59116	-0.0120404
0	0	1118	0.00577811	1.6521	-0.00858967
0	0	1120	0.00577147	1.69739	-0.00509382
0	0	1122	0.00573598	1.72711	-0.00166467
0	0	1124	0.0056796	1.74189	0.00171426
0	0	1126	0.00560708	1.74234	0.00513078
0	0	1128	0.00551933	1.72859	0.00866383
0	0	1130	0.00541742	1.70035	0.0123134
0	0	1132	0.00530153	1.65721	0.0159624
0	0	1134	0.00517084	1.59915	0.0193898
0	0	1136	0.00502345	1.52703	0.0223361
0	0	1138	0.00485751	1.44272	0.0245821
0	0	1140	0.00467426	1.34892	0.026022
0	0	1142	0.00447518	1.24876	0.0266569
0	0	1144	0.00426303	1.14529	0.0265687
0	0	1146	0.00404128	1.04129	0.0259092
0	0	1148	0.00381489	0.938929	0.0248518
0	0	1150	0.00358978	0.839725	0.0235716
0	0	1152	0.00336923	0.744537	0.0222079
0	0	1154	0.00315393	0.653703	0.0208604
0	0	1156	0.00294431	0.567171	0.0195981
0	0	1158	0.00273981	0.484618	0.0184675
0	0	1160	0.00253897	0.405572	0.0174825
0	0	1162	0.00233543	0.329494	0.0166404
0	0	1164	0.00212649	0.255806	0.0159358
0	0	1166	0.00190874	0.183944	0.0153557
0	0	1168	0.00167874	0.113319	0.0148879
0	0	1170	0.0014368	0.0433531	0.0145109
0	0	1172	0.00118059	-0.0265206	0.0142091
0	0	1174	0.00091154	-0.0968653	0.0139673
0	0	1176	0.00062973	-0.168255	0.0137782
0	0	1178	0.00033438	-0.241266	0.0136335
0	0	1180	2.59e-05	-0.316483	0.0135235
0	0	1182	-0.00029391	-0.394474	0.013438
0	0	1184	-0.00062356	-0.475815	0.0133759
0	0	1186	-0.00096145	-0.561013	0.0133193
0	0	1188	-0.00130343	-0.650431	0.0132307
0	0	1190	-0.00164711	-0.744183	0.0130682
0	0	1192	-0.00198841	-0.842008	0.0127669
0	0	1194	-0.00232453	-0.943106	0.0122624
0	0	1196	-0.00265026	-1.04598	0.0114616
0	0	1198	-0.00296041	-1.14844	0.0102995
0	0	1200	-0.00325048	-1.24767	0.00876412
0	0	1202	-0.00351418	-1.34049	0.00686122
0	0	1204	-0.00374895	-1.4237	0.00466004
0	0	1206	-0.00395488	-1.49455	0.00228473
0	0	1208	-0.00413031	-1.55123	-0.00011539
0	0	1210	-0.00427609	-1.59299	-0.00242874
0	0	1212	-0.00439814	-1.61998	-0.00465721
0	0	1214	-0.00450057	-1.63274	-0.0068971
0	0	1216	-0.00458661	-1.6316	-0.00928195
0	0	1218	-0.00465834	-1.61635	-0.0119068
0	0	1220	-0.00471407	-1.58628	-0.0147376
0	0	1222	-0.00474827	-1.54052	-0.0175784
0	0	1224	-0.0047519	-1.47874	-0.0201052
0	0	1226	-0.00471499	-1.40162	-0.0219639
0	0	1228	-0.00463383	-1.31111	-0.0228982
0	0	1230	-0.00450699	-1.21006	-0.0228009
0	0	1232	-0.00433937	-1.10168	-0.0217294
0	0	1234	-0.00414129	-0.989021	-0.0198787
0	0	1236	-0.00392138	-0.874735	-0.017483
0	0	1238	-0.00369036	-0.760862	-0.0147925
0	0	1240	-0.00344983	-0.648793	-0.0120166
0	0	1242	-0.00319806	-0.539295	-0.00932074
0	0	1244	-0.00292702	-0.432647	-0.00680373
0	0	1246	-0.00262928	-0.328732	-0.00450275
0	0	1248	-0.00230192	-0.227161	-0.00241477
0	0	1250	-0.00194871	-0.127412	-0.00050599
0	0	1252	-0.00158041	-0.0289734	0.00127683
0	0	1254	-0.00120943	0.0685404	0.00299958
0	0	1256	-0.00084804	0.165242	0.00472963
0	0	1258	-0.00050354	0.260781	0.00651689
0	0	1260	-0.0001831	0.354166	0.00835483
0	0	1262	0.00010439	0.443614	0.0101554
0	0	1264	0.00034675	0.526584	0.0117022
0	0	1266	0.0005299	0.600027	0.0126463
0	0	1268	0.00063578	0.660928	0.0125598
0	0	1270	0.00064553	0.706921	0.0110603
0	0	1272	0.00054327	0.736706	0.00791574
0	0	1274	0.0003143	0.750061	0.00305527
0	0	1276	-5.413e-05	0.747608	-0.0034923
0	0	1278	-0.00056469	0.730679	-0.011628
0	0	1280	-0.00121038	0.701363	-0.0211087
0	0	1282	-0.00196233	0.662556	-0.0314315
0	0	1284	-0.0027665	0.6177	-0.0418222
0	0	1286	-0.0035476	0.570245	-0.0513679
0	0	1288	-0.00422518	0.523059	-0.0592411
0	0	1290	-0.0047336	0.478137	-0.0648424
0	0	1292	-0.00503708	0.436613	-0.0678291
0	0	1294	-0.00513462	0.398981	-0.0680956
0	0	1296	-0.00505399	0.36529	-0.0657082
0	0	1298	-0.00483817	0.33528	-0.0608638
0	0	1300	-0.00453363	0.308497	-0.0538602
0	0	1302	-0.00418238	0.284369	-0.0450923
0	0	1304	-0.00381696	0.262258	-0.0350539
0	0	1306	-0.00345995	0.241544	-0.0243389
0	0	1308	-0.00312711	0.221736	-0.0136363
0	0	1310	-0.00282667	0.202577	-0.00365424
0	0	1312	-0.00256326	0.184073	0.00500298
0	0	1314	-0.00233765	0.166435	0.011964
0	0	1316	-0.00214699	0.149956	0.0171302
0	0	1318	-0.00198766	0.134882	0.0206342
0	0	1320	-0.00185584	0.121338	0.0227427
0	0	1322	-0.00174541	0.109329	0.0237634
0	0	1324	-0.00165245	0.098775	0.0239817
0	0	1326	-0.00157255	0.0895453	0.0236364
0	0	1328	-0.00150251	0.0814881	0.0229144
0	0	1330	-0.00144053	0.0744514	0.0219543
0	0	1332	-0.00138503	0.0682919	0.0208564
0	0	1334	-0.00133337	0.0628831	0.0196916
0	0	1336	-0.00128484	0.0581156	0.0185105
0	0	1338	-0.00123895	0.0538941	0.017345
0	0	1340	-0.00119505	0.0501381	0.0162168
0	0	1342	-0.00115196	0.0467808	0.0151398
0	0	1344	-0.00110963	0.0437647	0.0141214
0	0	1346	-0.00106949	0.0410428	0.0131658
0	0	1348	-0.00102998	0.0385754	0.012272
0	0	1350	-0.00099194	0.0363285	0.0114402
0	0	1352	-0.00095437	0.0342751	0.0106689
0	0	1354	-0.00091759	0.032391	0.0099541
0	0	1356	-0.0008817	0.0306559	0.00929277
0	0	1358	-0.00084703	0.0290529	0.00868184
0	0	1360	-0.00081316	0.0275669	0.00811721
0	0	1362	-0.0007805	0.0261857	0.00759516
0	0	1364	-0.00074854	0.0248993	0.00711326
0	0	1366	-0.00071766	0.0236976	0.00666782
0	0	1368	-0.00068803	0.0225729	0.00625598
0	0	1370	-0.0006593	0.0215186	0.00587575
0	0	1372	-0.00063135	0.020528	0.00552317
0	0	1374	-0.00060488	0.0195953	0.00519662
0	0	1376	-0.00057959	0.0187164	0.00489434
0	0	1378	-0.00055515	0.0178872	0.00461386
0	0	1380	-0.00053107	0.017104	0.00435337
0	0	1382	-0.00050825	0.0163628	0.00411138
0	0	1384	-0.00048667	0.0156609	0.00388657
0	0	1386	-0.00046629	0.0149956	0.00367715
0	0	1388	-0.00044641	0.0143641	0.00348225
0	0	1390	-0.00042708	0.0137648	0.00329976
0	0	1392	-0.0004085	0.013195	0.00312978
0	0	1394	-0.00039047	0.0126535	0.00297156
0	0	1396	-0.00037385	0.0121383	0.00282356
0	0	1398	-0.00035854	0.0116478	0.00268508
0	0	1400	-0.00034361	0.0111803	0.0025548
0	0	1402	-0.00032895	0.0107347	0.00243297
0	0	1404	-0.00031524	0.0103099	0.0023186
0	0	1406	-0.00030183	0.0099041	0.00221086
0	0	1408	-0.00028911	0.00951728	0.00211024
0	0	1410	-0.00027689	0.00914793	0.00201524
0	0	1412	-0.00026509	0.00879526	0.00192552
0	0	1414	-0.00025431	0.00845766	0.00184183
0	0	1416	-0.00024384	0.00813498	0.00176186
0	0	1418	-0.00023365	0.00782658	0.00168675
0	0	1420	-0.00022395	0.00753215	0.00161641
0	0	1422	-0.00021475	0.0072501	0.00154955
0	0	1424	-0.00020607	0.00698013	0.00148627
0	0	1426	-0.00019767	0.00672141	0.00142702
0	0	1428	-0.00019026	0.00647388	0.00137008
0	0	1430	-0.0001825	0.0062367	0.00131623
0	0	1432	-0.00017473	0.00600915	0.00126544
0	0	1434	-0.00016776	0.00579122	0.00121697
0	0	1436	-0.00016177	0.00558254	0.0011712
0	0	1438	-0.00015592	0.00538238	0.00112803
0	0	1440	-0.00014928	0.00519083	0.00108662
0	0	1442	-0.00014335	0.00500698	0.00104707
0	0	1444	-0.000138	0.00483017	0.0010094
0	0	1446	-0.0001328	0.00466098	0.0009736
0	0	1448	-0.00012758	0.00449822	0.00093955
0	0	1450	-0.00012289	0.00434153	0.00090689
0	0	1452	-0.00011825	0.00419171	0.00087596
0	0	1454	-0.0001135	0.00404728	0.0008465
0	0	1456	-0.00010955	0.00390865	0.00081794
0	0	1458	-0.00010516	0.003776	0.00079151
0	0	1460	-0.00010177	0.00364863	0.00076566
0	0	1462	-9.864e-05	0.00352599	0.00074061
0	0	1464	-9.459e-05	0.00340785	0.00071682
0	0	1466	-9.122e-05	0.00329424	0.00069438
0	0	1468	-8.784e-05	0.00318479	0.00067304
0	0	1470	-8.52e-05	0.00307965	0.00065227
0	0	1472	-8.211e-05	0.00297857	0.0006319
0	0	1474	-7.988e-05	0.00288206	0.00061338
0	0	1476	-7.689e-05	0.00278911	0.00059531
0	0	1478	-7.433e-05	0.00269827	0.00057706
0	0	1480	-7.2e-05	0.00261197	0.00056033
0	0	1482	-6.964e-05	0.00252874	0.0005445
0	0	1484	-6.74e-05	0.00244864	0.00052925
0	0	1486	-6.451e-05	0.0023709	0.00051409
0	0	1488	-6.226e-05	0.00229619	0.00049969
0	0	1490	-6.058e-05	0.00222454	0.00048576
0	0	1492	-5.905e-05	0.00215596	0.00047183
0	0	1494	-5.7e-05	0.00208925	0.0004598
0	0	1496	-5.509e-05	0.00202446	0.0004478
0	0	1498	-5.361e-05	0.0019625	0.00043553
0	0	1500	-5.189e-05	0.00190285	0.00042419
0	0	1502	-5.004e-05	0.00184508	0.00041372
0	0	1504	-4.868e-05	0.00178979	0.00040278
0	0	1506	-4.764e-05	0.00173616	0.00039175
0	0	1508	-4.575e-05	0.00168423	0.00038222
0	0	1510	-4.381e-05	0.00163524	0.0003728
0	0	1512	-4.271e-05	0.00158664	0.00036373
0	0	1514	-4.146e-05	0.00154014	0.00035498
0	0	1516	-4.046e-05	0.00149574	0.00034632
0	0	1518	-3.873e-05	0.0014522	0.00033749
0	0	1520	-3.802e-05	0.00141033	0.00032948
0	0	1522	-3.721e-05	0.00136986	0.00032147
0	0	1524	-3.614e-05	0.00133087	0.00031397
0	0	1526	-3.53e-05	0.00129291	0.00030728
0	0	1528	-3.438e-05	0.00125638	0.00030016
0	0	1530	-3.349e-05	0.00122088	0.00029325
0	0	1532	-3.248e-05	0.00118691	0.00028647
0	0	1534	-3.154e-05	0.00115411	0.00028031
0	0	1536	-3.091e-05	0.00112242	0.00027387
0	0	1538	-3.007e-05	0.00109133	0.00026808
0	0	1540	-2.954e-05	0.00106158	0.00026222
0	0	1542	-2.823e-05	0.00103309	0.00025669
0	0	1544	-2.738e-05	0.00100532	0.00025109
0	0	1546	-2.691e-05	0.00097802	0.00024577
0	0	1548	-2.648e-05	0.00095175	0.00024033
0	0	1550	-2.607e-05	0.0009261	0.00023581
0	0	1552	-2.574e-05	0.00090197	0.00023102
0	0	1554	-2.534e-05	0.00087854	0.00022653
0	0	1556	-2.485e-05	0.00085537	0.00022199
0	0	1558	-2.395e-05	0.00083373	0.00021736
0	0	1560	-2.376e-05	0.00081179	0.00021281
0	0	1562	-2.35e-05	0.0007907	0.00020908
0	0	1564	-2.275e-05	0.00077022	0.00020579
0	0	1566	-2.245e-05	0.00075084	0.0002017
0	0	1568	-2.183e-05	0.000732	0.00019802
0	0	1570	-2.184e-05	0.00071353	0.00019415
0	0	1572	-2.141e-05	0.00069597	0.0001903
0	0	1574	-2.117e-05	0.00067864	0.00018672
0	0	1576	-2.066e-05	0.00066161	0.00018383
0	0	1578	-2.007e-05	0.00064507	0.00018063
0	0	1580	-1.983e-05	0.00062865	0.0001771
0	0	1582	-1.968e-05	0.00061317	0.00017392
0	0	1584	-1.97e-05	0.00059855	0.00017051
0	0	1586	-1.977e-05	0.00058354	0.00016747
0	0	1588	-1.981e-05	0.00056938	0.00016484
0	0	1590	-1.949e-05	0.00055611	0.00016229
0	0	1592	-1.927e-05	0.00054303	0.00015964
0	0	1594	-1.923e-05	0.00052995	0.0001566
0	0	1596	-1.926e-05	0.00051681	0.00015451
0	0	1598	-1.904e-05	0.00050478	0.00015203
0	0	1600	-1.917e-05	0.0004932	0.0001496
0	0	1602	-1.929e-05	0.00048167	0.00014729
0	0	1604	-1.968e-05	0.00047014	0.000145
0	0	1606	-1.997e-05	0.00045942	0.000143
0	0	1608	-1.967e-05	0.00044911	0.0001408
0	0	1610	-1.977e-05	0.00043882	0.00013847
0	0	1612	-1.955e-05	0.0004286	0.00013717
0	0	1614	-1.965e-05	0.00041918	0.00013463
0	0	1616	-2.011e-05	0.00040977	0.00013253
0	0	1618	-2.006e-05	0.0004002	0.00013079
0	0	1620	-2.054e-05	0.00039117	0.00012845
0	0	1622	-2.07e-05	0.00038212	0.00012654
0	0	1624	-2.112e-05	0.00037372	0.00012519
0	0	1626	-2.199e-05	0.000365	0.00012304
0	0	1628	-2.206e-05	0.00035717	0.00012125
0	0	1630	-2.271e-05	0.00034907	0.00011974
0	0	1632	-2.325e-05	0.00034094	0.00011824
0	0	1634	-2.377e-05	0.00033324	0.0001169
0	0	1636	-2.445e-05	0.00032635	0.00011529
0	0	1638	-2.502e-05	0.00031929	0.0001138
0	0	1640	-2.568e-05	0.00031198	0.00011198
0	0	1642	-2.597e-05	0.00030469	0.00011039
0	0	1644	-2.692e-05	0.00029816	0.00010837
0	0	1646	-2.753e-05	0.0002918	0.00010686
0	0	1648	-2.794e-05	0.00028521	0.00010598
0	0	1650	-2.887e-05	0.00027837	0.00010392
