Total Power: 4.706159 Watts
distance  0.05
-100  0
-98  0
-96  0
-94  0
-92  0
-90  0
-88  0
-86  0
-84  0
-82  0
-80  0
-78  0
-76  0
-74  0
-72  0
-70  0
-68  0
-66  0
-64  0
-62  0
-60  0
-58  0
-56  0
-54  1.67982e-322
-52  1.10115e-299
-50  1.01374e-277
-48  1.29507e-256
-46  2.29635e-236
-44  5.6531e-217
-42  1.93282e-198
-40  9.18251e-181
-38  6.06534e-164
-36  5.57457e-148
-34  7.1362e-133
-32  1.27407e-118
-30  3.17792e-105
-28  1.11005e-092
-26  5.44784e-081
-24  3.7745e-070
-22  3.71895e-060
-20  5.27401e-051
-18  1.10239e-042
-16  3.82269e-035
-14  5.26888e-028
-12  3.36999e-021
-10  2.53485e-015
-8  1.80715e-010
-6  1.40895e-006
-4  0.0012876
-2  0.143971
0  2.67418
2  0.187947
4  0.00333521
6  9.36926e-006
8  2.3153e-009
10  4.01488e-014
12  4.57159e-020
14  3.4702e-027
16  4.73222e-035
18  1.04303e-042
20  5.0629e-051
22  3.60223e-060
24  3.67627e-070
26  5.32601e-081
28  1.0882e-092
30  3.12185e-105
32  1.25365e-118
34  7.03127e-133
36  5.49872e-148
38  5.98846e-164
40  9.07346e-181
42  1.91122e-198
44  5.59337e-217
46  2.27334e-236
48  1.28272e-256
50  1.00452e-277
52  1.09158e-299
54  1.63042e-322
56  0
58  0
60  0
62  0
64  0
66  0
68  0
70  0
72  0
74  0
76  0
78  0
80  0
82  0
84  0
86  0
88  0
90  0
92  0
94  0
96  0
98  0
100  0

distance  0.1
-100  0
-98  0
-96  0
-94  0
-92  0
-90  0
-88  0
-86  0
-84  0
-82  0
-80  0
-78  0
-76  0
-74  0
-72  0
-70  0
-68  0
-66  0
-64  0
-62  0
-60  0
-58  0
-56  0
-54  1.99365e-314
-52  3.42979e-292
-50  8.61409e-271
-48  3.15898e-250
-46  1.6919e-230
-44  1.3238e-211
-42  1.51375e-193
-40  2.53093e-176
-38  6.19122e-160
-36  2.21763e-144
-34  1.16432e-129
-32  8.97244e-116
-30  1.0167e-102
-28  1.69815e-090
-26  4.19521e-079
-24  1.54064e-068
-22  8.47548e-059
-20  7.07538e-050
-18  9.21504e-042
-16  2.2327e-034
-14  2.69414e-027
-12  1.2118e-020
-10  6.21968e-015
-8  3.25614e-010
-6  2.00488e-006
-4  0.00153032
-2  0.152363
0  2.58438
2  0.197431
4  0.00383022
6  1.27534e-005
8  4.10108e-009
10  1.01122e-013
12  1.78294e-019
14  2.24082e-026
16  3.5869e-034
18  8.72541e-042
20  6.77358e-050
22  8.19494e-059
24  1.49863e-068
26  4.09735e-079
28  1.66338e-090
30  9.98082e-103
32  8.82351e-116
34  1.14661e-129
36  2.18645e-144
38  6.11019e-160
40  2.49992e-176
42  1.4963e-193
44  1.30938e-211
46  1.67443e-230
48  3.12796e-250
50  8.53344e-271
52  3.39909e-292
54  1.97656e-314
56  0
58  0
60  0
62  0
64  0
66  0
68  0
70  0
72  0
74  0
76  0
78  0
80  0
82  0
84  0
86  0
88  0
90  0
92  0
94  0
96  0
98  0
100  0

distance  0.3
-100  0
-98  0
-96  0
-94  0
-92  0
-90  0
-88  0
-86  0
-84  0
-82  0
-80  0
-78  0
-76  0
-74  0
-72  0
-70  0
-68  0
-66  0
-64  0
-62  0
-60  0
-58  0
-56  6.8195e-306
-54  4.92376e-285
-52  6.24453e-265
-50  1.39133e-245
-48  5.44731e-227
-46  3.74864e-209
-44  4.53584e-192
-42  9.65445e-176
-40  3.61684e-160
-38  2.38657e-145
-36  2.77627e-131
-34  5.70037e-118
-32  2.06907e-105
-30  1.33039e-093
-28  1.51969e-082
-26  3.09657e-072
-24  1.13242e-062
-22  7.50585e-054
-20  9.18975e-046
-18  2.27184e-038
-16  2.16184e-031
-14  1.20801e-024
-12  1.22841e-018
-10  1.58243e-013
-8  2.75007e-009
-6  7.19796e-006
-4  0.00285792
-2  0.18731
0  2.28517
2  0.236997
4  0.00632327
6  3.83006e-005
8  3.13083e-008
10  2.70263e-012
12  2.26948e-017
14  1.80559e-023
16  1.41464e-030
18  2.86096e-038
20  8.71324e-046
22  7.19465e-054
24  1.09493e-062
26  3.01063e-072
28  1.48319e-082
30  1.30211e-093
32  2.0295e-105
34  5.60109e-118
36  2.73179e-131
38  2.35112e-145
40  3.5667e-160
42  9.52887e-176
44  4.48022e-192
46  3.70514e-209
48  5.38729e-227
50  1.37673e-245
52  6.18197e-265
54  4.87655e-285
56  6.75679e-306
58  0
60  0
62  0
64  0
66  0
68  0
70  0
72  0
74  0
76  0
78  0
80  0
82  0
84  0
86  0
88  0
90  0
92  0
94  0
96  0
98  0
100  0

distance  0.5
-100  0
-98  0
-96  0
-94  0
-92  0
-90  0
-88  0
-86  0
-84  0
-82  0
-80  0
-78  0
-76  0
-74  0
-72  0
-70  0
-68  0
-66  0
-64  0
-62  0
-60  1.38283e-318
-58  2.9032e-298
-56  1.25569e-278
-54  1.11901e-259
-52  2.05494e-241
-50  7.77799e-224
-48  6.06947e-207
-46  9.76765e-191
-44  3.24313e-175
-42  2.22277e-160
-40  3.14674e-146
-38  9.20912e-133
-36  5.57722e-120
-34  6.99917e-108
-32  1.82339e-096
-30  9.88487e-086
-28  1.1189e-075
-26  2.65759e-066
-24  1.33476e-057
-22  1.43734e-049
-20  3.49362e-042
-18  2.82076e-035
-16  1.52509e-028
-14  2.42412e-022
-12  6.23022e-017
-10  2.5004e-012
-8  1.71747e-008
-6  2.15116e-005
-4  0.00487738
-2  0.223944
0  2.0545
2  0.279213
4  0.00973589
6  9.63442e-005
8  1.70322e-007
10  4.17828e-011
12  1.29545e-015
14  4.9089e-021
16  2.25404e-027
18  1.37725e-034
20  3.91371e-042
22  1.36515e-049
24  1.28025e-057
26  2.56898e-066
28  1.08718e-075
30  9.64008e-086
32  1.78315e-096
34  6.85949e-108
36  5.47541e-120
38  9.05397e-133
40  3.09745e-146
42  2.1902e-160
44  3.19845e-175
46  9.6406e-191
48  5.99464e-207
50  7.6868e-224
52  2.03197e-241
54  1.10705e-259
56  1.24283e-278
58  2.87466e-298
60  1.36975e-318
62  0
64  0
66  0
68  0
70  0
72  0
74  0
76  0
78  0
80  0
82  0
84  0
86  0
88  0
90  0
92  0
94  0
96  0
98  0
100  0

distance  1
-100  0
-98  0
-96  0
-94  0
-92  0
-90  0
-88  0
-86  0
-84  0
-82  0
-80  0
-78  0
-76  0
-74  0
-72  0
-70  0
-68  0
-66  5.10239e-309
-64  4.37771e-291
-62  1.05979e-273
-60  7.23993e-257
-58  1.39588e-240
-56  7.59678e-225
-54  1.16726e-209
-52  5.06488e-195
-50  6.20818e-181
-48  2.15038e-167
-46  2.1058e-154
-44  5.83333e-142
-42  4.57422e-130
-40  1.01625e-118
-38  6.40403e-108
-36  1.14634e-097
-34  5.84015e-088
-32  8.49062e-079
-30  3.53593e-070
-28  4.24241e-062
-26  1.48279e-054
-24  1.58144e-047
-22  6.82469e-041
-20  2.03157e-034
-18  2.68101e-028
-16  9.01397e-023
-14  6.90466e-018
-12  1.23257e-013
-10  5.44476e-010
-8  6.2012e-007
-6  0.000181243
-4  0.0138689
-2  0.317422
0  1.6514
2  0.393814
4  0.0229746
6  0.000560416
8  4.09926e-006
10  7.06912e-009
12  2.55772e-012
14  1.85152e-016
16  2.62808e-021
18  7.24864e-027
20  3.88843e-033
22  4.36118e-040
24  2.17903e-047
26  1.42433e-054
28  4.05336e-062
30  3.40367e-070
32  8.2172e-079
34  5.67437e-088
36  1.11716e-097
38  6.25586e-108
40  9.94655e-119
42  4.48422e-130
44  5.72634e-142
46  2.06959e-154
48  2.11553e-167
50  6.11302e-181
52  4.99117e-195
54  1.15108e-209
56  7.49623e-225
58  1.37819e-240
60  7.15191e-257
62  1.04741e-273
64  4.32846e-291
66  5.04702e-309
68  0
70  0
72  0
74  0
76  0
78  0
80  0
82  0
84  0
86  0
88  0
90  0
92  0
94  0
96  0
98  0
100  0

distance  2
-100  0
-98  0
-96  0
-94  0
-92  0
-90  0
-88  0
-86  0
-84  0
-82  0
-80  5.04042e-310
-78  3.86755e-295
-76  1.25074e-280
-74  1.70483e-266
-72  9.79529e-253
-70  2.37254e-239
-68  2.4228e-226
-66  1.04324e-213
-64  1.89446e-201
-62  1.45111e-189
-60  4.68944e-178
-58  6.39533e-167
-56  3.6818e-156
-54  8.95107e-146
-52  9.19398e-136
-50  3.99195e-126
-48  7.33184e-117
-46  5.70107e-108
-44  1.87882e-099
-42  2.62787e-091
-40  1.56289e-083
-38  3.96312e-076
-36  4.30675e-069
-34  2.03995e-062
-32  4.5491e-056
-30  6.12636e-050
-28  6.10396e-044
-26  3.38869e-038
-24  7.80711e-033
-22  6.78233e-028
-20  2.18692e-023
-18  2.64428e-019
-16  1.22645e-015
-14  2.23904e-012
-12  1.63394e-009
-10  4.76088e-007
-8  5.51902e-005
-6  0.00259265
-4  0.052121
-2  0.458887
0  1.19803
2  0.563988
4  0.0727144
6  0.00502423
8  0.000181056
10  2.90687e-006
12  1.84407e-008
14  4.31029e-011
16  3.5838e-014
18  1.04162e-017
20  1.04864e-021
22  3.6379e-026
24  4.33536e-031
26  1.77176e-036
28  2.48509e-042
30  1.21315e-048
32  2.29766e-055
34  2.94251e-062
36  4.26331e-069
38  3.7886e-076
40  1.49877e-083
42  2.53147e-091
44  1.81652e-099
46  5.52824e-108
48  7.12675e-117
50  3.88814e-126
52  8.97034e-136
54  8.74634e-146
56  3.60226e-156
58  6.26432e-167
60  4.59805e-178
62  1.42412e-189
64  1.86076e-201
66  1.02545e-213
68  2.38308e-226
70  2.3351e-239
72  9.64624e-253
74  1.67978e-266
76  1.23296e-280
78  3.81432e-295
80  4.97315e-310
82  0
84  0
86  0
88  0
90  0
92  0
94  0
96  0
98  0
100  0

distance  5
-100  3.81368e-212
-98  4.52272e-204
-96  3.69392e-196
-94  2.07801e-188
-92  8.05238e-181
-90  2.14966e-173
-88  3.95404e-166
-86  5.01195e-159
-84  4.37867e-152
-82  2.63718e-145
-80  1.09523e-138
-78  3.13748e-132
-76  6.2024e-126
-74  8.46803e-120
-72  7.9979e-114
-70  5.24697e-108
-68  2.41544e-102
-66  7.99101e-097
-64  1.99129e-091
-62  3.98259e-086
-60  6.61056e-081
-58  8.77527e-076
-56  8.65597e-071
-54  5.9835e-066
-52  2.80613e-061
-50  8.79384e-057
-48  1.82948e-052
-46  2.52057e-048
-44  2.29888e-044
-42  1.38906e-040
-40  5.56986e-037
-38  1.48574e-033
-36  2.64473e-030
-34  3.15316e-027
-32  2.52757e-024
-30  1.36697e-021
-28  5.00035e-019
-26  1.23853e-016
-24  2.07656e-014
-22  2.35394e-012
-20  1.802e-010
-18  9.31516e-009
-16  3.25795e-007
-14  7.74489e-006
-12  0.000126065
-10  0.00141752
-8  0.011071
-6  0.0595118
-4  0.212956
-2  0.483031
0  0.665964
2  0.546921
4  0.269223
6  0.0827415
8  0.0171698
10  0.00261095
12  0.000300406
14  2.5671e-005
16  1.57618e-006
18  6.75377e-008
20  1.97565e-009
22  3.88488e-011
24  5.08195e-013
26  4.39229e-015
28  2.49686e-017
30  9.30735e-020
32  2.2703e-022
34  3.6185e-025
36  3.76443e-028
38  2.55415e-031
40  1.12954e-034
42  3.25427e-038
44  6.10565e-042
46  7.45752e-046
48  5.92823e-050
50  3.06637e-054
52  1.03183e-058
54  2.25846e-063
56  3.21505e-068
58  2.97658e-073
60  1.79252e-078
62  7.02564e-084
64  1.79576e-089
66  3.01212e-095
68  3.38178e-101
70  2.69616e-107
72  1.75412e-113
74  1.09675e-119
76  6.46e-126
78  3.0618e-132
80  1.05283e-138
82  2.53046e-145
84  4.20651e-152
86  4.82312e-159
88  3.81145e-166
90  2.07533e-173
92  7.78488e-181
94  2.01156e-188
96  3.58001e-196
98  4.38801e-204
100  3.7038e-212

distance  8
-100  1.00447e-120
-98  4.80807e-116
-96  1.94676e-111
-94  6.53518e-107
-92  1.79273e-102
-90  3.98132e-098
-88  7.11759e-094
-86  1.02092e-089
-84  1.17266e-085
-82  1.0775e-081
-80  7.91543e-078
-78  4.64767e-074
-76  2.18109e-070
-74  8.18141e-067
-72  2.4535e-063
-70  5.88408e-060
-68  1.12897e-056
-66  1.73389e-053
-64  2.13287e-050
-62  2.10292e-047
-60  1.66326e-044
-58  1.05627e-041
-56  5.39125e-039
-54  2.21379e-036
-52  7.32023e-034
-50  1.95083e-031
-48  4.1928e-029
-46  7.27049e-027
-44  1.01735e-024
-42  1.14863e-022
-40  1.04608e-020
-38  7.68133e-019
-36  4.54566e-017
-34  2.16712e-015
-32  8.32174e-014
-30  2.57417e-012
-28  6.41748e-011
-26  1.2906e-009
-24  2.09661e-008
-22  2.75638e-007
-20  2.93897e-006
-18  2.54724e-005
-16  0.000179784
-14  0.00103392
-12  0.00483663
-10  0.0183204
-8  0.0557881
-6  0.135421
-4  0.259948
-2  0.392119
0  0.462943
2  0.426921
4  0.307505
6  0.17343
8  0.0770848
10  0.027328
12  0.00786559
14  0.00187572
16  0.000376863
18  6.42633e-005
20  9.27369e-006
22  1.12222e-006
24  1.1266e-007
26  9.29202e-009
28  6.24712e-010
30  3.40276e-011
32  1.49469e-012
34  5.27632e-014
36  1.49294e-015
38  3.37946e-017
40  6.11102e-019
42  8.81792e-021
44  1.01448e-022
46  9.29949e-025
48  6.78886e-027
50  3.9453e-029
52  1.82459e-031
54  6.71327e-034
56  1.96468e-036
58  4.57252e-039
60  8.46164e-042
62  1.24488e-044
64  1.45588e-047
66  1.35332e-050
68  9.99789e-054
70  5.86972e-057
72  2.73838e-060
74  1.0151e-063
76  2.98975e-067
78  6.996e-071
80  1.30056e-074
82  1.92071e-078
84  2.25331e-082
86  2.09988e-086
88  1.55441e-090
90  9.13952e-095
92  4.26829e-099
94  1.58325e-103
96  4.66441e-108
98  1.09142e-112
100  2.0283e-117

distance  10
-100  1.35676e-087
-98  3.50886e-084
-96  7.71778e-081
-94  1.44388e-077
-92  2.29797e-074
-90  3.11182e-071
-88  3.58619e-068
-86  3.51813e-065
-84  2.93885e-062
-82  2.09111e-059
-80  1.26786e-056
-78  6.55304e-054
-76  2.88858e-051
-74  1.08643e-048
-72  3.48823e-046
-70  9.56541e-044
-68  2.24127e-041
-66  4.48907e-039
-64  7.68846e-037
-62  1.1263e-034
-60  1.41148e-032
-58  1.51328e-030
-56  1.38794e-028
-54  1.08884e-026
-52  7.30479e-025
-50  4.1898e-023
-48  2.05403e-021
-46  8.60477e-020
-44  3.07974e-018
-42  9.41649e-017
-40  2.45964e-015
-38  5.48952e-014
-36  1.04716e-012
-34  1.70815e-011
-32  2.38431e-010
-30  2.85029e-009
-28  2.92102e-008
-26  2.56906e-007
-24  1.94125e-006
-22  1.26144e-005
-20  7.05318e-005
-18  0.000339331
-16  0.00140349
-14  0.00498142
-12  0.0151326
-10  0.0392208
-8  0.0864492
-6  0.161583
-4  0.255536
-2  0.3414
0  0.384967
2  0.366199
4  0.293823
6  0.198925
8  0.113784
10  0.0551395
12  0.0227481
14  0.0080471
16  0.00246304
18  0.000658508
20  0.00015499
22  3.22501e-005
24  5.93196e-006
26  9.61055e-007
28  1.364e-007
30  1.68604e-008
32  1.80557e-009
34  1.66771e-010
36  1.32384e-011
38  9.00579e-013
40  5.2386e-014
42  2.6011e-015
44  1.10092e-016
46  3.96777e-018
48  1.21664e-019
50  3.17187e-021
52  7.02709e-023
54  1.32238e-024
56  2.11304e-026
58  2.8662e-028
60  3.29953e-030
62  3.22297e-032
64  2.67085e-034
66  1.87745e-036
68  1.11934e-038
70  5.65952e-041
72  2.42653e-043
74  8.8215e-046
76  2.71906e-048
78  7.10535e-051
80  1.57405e-053
82  2.95592e-056
84  4.70531e-059
86  6.34873e-062
88  7.26057e-065
90  7.03758e-068
92  5.78138e-071
94  4.02513e-074
96  2.37497e-077
98  1.18755e-080
100  5.03216e-084

distance  15
-100  5.82008e-047
-98  3.68254e-045
-96  2.14355e-043
-94  1.1478e-041
-92  5.65358e-040
-90  2.56137e-038
-88  1.06728e-036
-86  4.08983e-035
-84  1.44117e-033
-82  4.6695e-032
-80  1.39102e-030
-78  3.80956e-029
-76  9.59098e-028
-74  2.21961e-026
-72  4.7217e-025
-70  9.23254e-024
-68  1.65938e-022
-66  2.74146e-021
-64  4.16342e-020
-62  5.81276e-019
-60  7.46139e-018
-58  8.80678e-017
-56  9.5596e-016
-54  9.54474e-015
-52  8.76755e-014
-50  7.41106e-013
-48  5.76603e-012
-46  4.13029e-011
-44  2.72464e-010
-42  1.65569e-009
-40  9.27046e-009
-38  4.78387e-008
-36  2.2756e-007
-34  9.97947e-007
-32  4.03497e-006
-30  1.50412e-005
-28  5.16862e-005
-26  0.00016369
-24  0.000477628
-22  0.00128354
-20  0.00317544
-18  0.0072291
-16  0.0151385
-14  0.029151
-12  0.0516057
-10  0.0839757
-8  0.125605
-6  0.172694
-4  0.218277
-2  0.253659
0  0.271049
2  0.266329
4  0.240632
6  0.199903
8  0.152676
10  0.107196
12  0.0691915
14  0.0410668
16  0.0224236
18  0.0112735
20  0.00522496
22  0.00223604
24  0.000885311
26  0.000324994
28  0.000110859
30  3.52082e-005
32  1.0427e-005
34  2.88202e-006
36  7.4358e-007
38  1.78981e-007
40  4.01464e-008
42  8.37899e-009
44  1.62446e-009
46  2.92053e-010
48  4.86125e-011
50  7.48071e-012
52  1.06291e-012
54  1.39299e-013
56  1.68227e-014
58  1.87073e-015
60  1.91434e-016
62  1.80172e-017
64  1.55892e-018
66  1.23955e-019
68  9.0546e-021
70  6.07472e-022
72  3.74227e-023
74  2.11648e-024
76  1.09872e-025
78  5.23478e-027
80  2.28871e-028
82  9.18163e-030
84  3.37944e-031
86  1.14111e-032
88  3.53463e-034
90  1.00429e-035
92  2.61732e-037
94  6.25615e-039
96  1.3715e-040
98  2.75742e-042
100  5.08408e-044

distance  20
-100  1.92448e-029
-98  2.47362e-028
-96  3.01735e-027
-94  3.49301e-026
-92  3.83767e-025
-90  4.00167e-024
-88  3.96039e-023
-86  3.72029e-022
-84  3.31726e-021
-82  2.80783e-020
-80  2.25621e-019
-78  1.7212e-018
-76  1.2467e-017
-74  8.57443e-017
-72  5.6001e-016
-70  3.47355e-015
-68  2.04633e-014
-66  1.14511e-013
-64  6.08725e-013
-62  3.07428e-012
-60  1.4752e-011
-58  6.72643e-011
-56  2.91458e-010
-54  1.20021e-009
-52  4.69737e-009
-50  1.74739e-008
-48  6.17844e-008
-46  2.07647e-007
-44  6.63338e-007
-42  2.01418e-006
-40  5.81299e-006
-38  1.59448e-005
-36  4.15657e-005
-34  0.000102971
-32  0.000242398
-30  0.000542186
-28  0.00115225
-26  0.00232653
-24  0.00446291
-22  0.00813353
-20  0.0140833
-18  0.0231695
-16  0.0362207
-14  0.0538119
-12  0.0759873
-10  0.102004
-8  0.130189
-6  0.158013
-4  0.182403
-2  0.200287
0  0.209215
2  0.207911
4  0.196568
6  0.176799
8  0.151269
10  0.123105
12  0.0952813
14  0.0701282
16  0.0490779
18  0.0326558
20  0.0206591
22  0.012427
24  0.00710876
26  0.00386817
28  0.00200289
30  0.000987311
32  0.0004636
34  0.000207495
36  8.85844e-005
38  3.61001e-005
40  1.4053e-005
42  5.22901e-006
44  1.86075e-006
46  6.33487e-007
48  2.06373e-007
50  6.43332e-008
52  1.91868e-008
54  5.47271e-009
56  1.49219e-009
58  3.88696e-010
60  9.66686e-011
62  2.29382e-011
64  5.18977e-012
66  1.11886e-012
68  2.29717e-013
70  4.48915e-014
72  8.34609e-015
74  1.4756e-015
76  2.48001e-016
78  3.96098e-017
80  6.01021e-018
82  8.66181e-019
84  1.1854e-019
86  1.54022e-020
88  1.8997e-021
90  2.2239e-022
92  2.47068e-023
94  2.60461e-024
96  2.60527e-025
98  2.47234e-026
100  2.22576e-027

