X[mm]	Y[mm]	Z[mm]	Bx[T]	By[T]	Bz[T]
----------------------------------------------------------------------------------------------------------------------------------------------------------------
0	0	-1650	7.21e-06	-8.036e-05	-5.815e-05
0	0	-1648	7.84e-06	-8.212e-05	-5.915e-05
0	0	-1646	7.89e-06	-8.405e-05	-6.017e-05
0	0	-1644	7.87e-06	-8.601e-05	-6.095e-05
0	0	-1642	7.22e-06	-8.8e-05	-6.151e-05
0	0	-1640	7.59e-06	-9.04e-05	-6.295e-05
0	0	-1638	8.06e-06	-9.306e-05	-6.446e-05
0	0	-1636	8.36e-06	-9.529e-05	-6.5e-05
0	0	-1634	8.8e-06	-9.723e-05	-6.603e-05
0	0	-1632	8.99e-06	-9.964e-05	-6.711e-05
0	0	-1630	8.9e-06	-0.00010224	-6.872e-05
0	0	-1628	8.92e-06	-0.00010457	-6.972e-05
0	0	-1626	9e-06	-0.00010754	-7.052e-05
0	0	-1624	9.35e-06	-0.00010977	-7.226e-05
0	0	-1622	9.65e-06	-0.00011226	-7.384e-05
0	0	-1620	9.86e-06	-0.00011533	-7.557e-05
0	0	-1618	9.4e-06	-0.00011796	-7.662e-05
0	0	-1616	9.45e-06	-0.00012066	-7.767e-05
0	0	-1614	1.048e-05	-0.00012374	-7.89e-05
0	0	-1612	1.05e-05	-0.00012622	-8.027e-05
0	0	-1610	1.042e-05	-0.00012966	-8.173e-05
0	0	-1608	1.062e-05	-0.00013307	-8.319e-05
0	0	-1606	1.05e-05	-0.00013675	-8.521e-05
0	0	-1604	1.067e-05	-0.00013973	-8.684e-05
0	0	-1602	1.13e-05	-0.00014306	-8.797e-05
0	0	-1600	1.118e-05	-0.0001467	-8.96e-05
0	0	-1598	1.121e-05	-0.00015029	-9.16e-05
0	0	-1596	1.163e-05	-0.00015414	-9.33e-05
0	0	-1594	1.236e-05	-0.0001575	-9.49e-05
0	0	-1592	1.302e-05	-0.00016145	-9.719e-05
0	0	-1590	1.295e-05	-0.000165	-9.889e-05
0	0	-1588	1.316e-05	-0.00016902	-0.00010073
0	0	-1586	1.36e-05	-0.00017337	-0.00010272
0	0	-1584	1.327e-05	-0.00017774	-0.00010477
0	0	-1582	1.35e-05	-0.00018233	-0.00010634
0	0	-1580	1.404e-05	-0.00018656	-0.00010857
0	0	-1578	1.387e-05	-0.00019099	-0.00011047
0	0	-1576	1.416e-05	-0.00019544	-0.00011253
0	0	-1574	1.46e-05	-0.00020053	-0.00011457
0	0	-1572	1.496e-05	-0.00020538	-0.00011646
0	0	-1570	1.529e-05	-0.00021013	-0.00011893
0	0	-1568	1.54e-05	-0.00021477	-0.0001218
0	0	-1566	1.592e-05	-0.00022036	-0.00012398
0	0	-1564	1.601e-05	-0.0002257	-0.00012615
0	0	-1562	1.628e-05	-0.00023124	-0.00012893
0	0	-1560	1.633e-05	-0.00023645	-0.00013164
0	0	-1558	1.737e-05	-0.00024223	-0.00013425
0	0	-1556	1.774e-05	-0.00024809	-0.00013638
0	0	-1554	1.759e-05	-0.00025365	-0.00013873
0	0	-1552	1.781e-05	-0.00025957	-0.00014173
0	0	-1550	1.808e-05	-0.00026579	-0.00014429
0	0	-1548	1.861e-05	-0.00027241	-0.00014699
0	0	-1546	1.905e-05	-0.00027908	-0.00015019
0	0	-1544	1.912e-05	-0.00028575	-0.00015356
0	0	-1542	1.995e-05	-0.0002922	-0.00015657
0	0	-1540	2.013e-05	-0.00029887	-0.00015946
0	0	-1538	2.014e-05	-0.00030586	-0.00016238
0	0	-1536	2.006e-05	-0.00031327	-0.00016551
0	0	-1534	2.036e-05	-0.00032064	-0.00016838
0	0	-1532	2.147e-05	-0.00032802	-0.000172
0	0	-1530	2.133e-05	-0.00033582	-0.00017579
0	0	-1528	2.154e-05	-0.00034389	-0.00017902
0	0	-1526	2.262e-05	-0.0003515	-0.00018263
0	0	-1524	2.285e-05	-0.00035977	-0.0001861
0	0	-1522	2.343e-05	-0.00036818	-0.0001896
0	0	-1520	2.376e-05	-0.00037634	-0.0001937
0	0	-1518	2.383e-05	-0.0003847	-0.00019732
0	0	-1516	2.403e-05	-0.00039405	-0.00020062
0	0	-1514	2.495e-05	-0.00040361	-0.00020416
0	0	-1512	2.509e-05	-0.00041252	-0.00020868
0	0	-1510	2.474e-05	-0.00042207	-0.000213
0	0	-1508	2.467e-05	-0.00043137	-0.00021693
0	0	-1506	2.545e-05	-0.00044147	-0.00022067
0	0	-1504	2.528e-05	-0.00045158	-0.00022535
0	0	-1502	2.589e-05	-0.00046129	-0.00022989
0	0	-1500	2.599e-05	-0.00047181	-0.00023402
0	0	-1498	2.672e-05	-0.00048268	-0.00023787
0	0	-1496	2.701e-05	-0.00049339	-0.00024245
0	0	-1494	2.702e-05	-0.00050481	-0.00024714
0	0	-1492	2.705e-05	-0.00051637	-0.00025143
0	0	-1490	2.656e-05	-0.00052789	-0.00025625
0	0	-1488	2.677e-05	-0.00053964	-0.000261
0	0	-1486	2.714e-05	-0.00055178	-0.0002655
0	0	-1484	2.711e-05	-0.00056493	-0.00027027
0	0	-1482	2.728e-05	-0.00057825	-0.0002753
0	0	-1480	2.726e-05	-0.00059129	-0.00027947
0	0	-1478	2.775e-05	-0.00060442	-0.00028427
0	0	-1476	2.737e-05	-0.00061867	-0.00028895
0	0	-1474	2.708e-05	-0.0006338	-0.00029402
0	0	-1472	2.686e-05	-0.00064891	-0.0002988
0	0	-1470	2.634e-05	-0.00066471	-0.00030396
0	0	-1468	2.653e-05	-0.00068159	-0.00030852
0	0	-1466	2.62e-05	-0.00069896	-0.00031316
0	0	-1464	2.578e-05	-0.00071718	-0.00031819
0	0	-1462	2.567e-05	-0.00073681	-0.00032223
0	0	-1460	2.494e-05	-0.00075728	-0.00032657
0	0	-1458	2.434e-05	-0.00077894	-0.00033096
0	0	-1456	2.376e-05	-0.0008021	-0.00033542
0	0	-1454	2.33e-05	-0.0008268	-0.00033921
0	0	-1452	2.303e-05	-0.00085342	-0.00034326
0	0	-1450	2.237e-05	-0.0008822	-0.0003471
0	0	-1448	2.093e-05	-0.00091322	-0.00035016
0	0	-1446	1.947e-05	-0.00094771	-0.00035375
0	0	-1444	1.89e-05	-0.00098582	-0.00035716
0	0	-1442	1.795e-05	-0.00102673	-0.00035962
0	0	-1440	1.683e-05	-0.00107303	-0.00036185
0	0	-1438	1.58e-05	-0.00112503	-0.00036389
0	0	-1436	1.461e-05	-0.00118311	-0.00036577
0	0	-1434	1.329e-05	-0.00124913	-0.00036602
0	0	-1432	1.231e-05	-0.00132421	-0.00036574
0	0	-1430	1.088e-05	-0.00140983	-0.00036453
0	0	-1428	9.19e-06	-0.00150845	-0.00036252
0	0	-1426	7.41e-06	-0.00162155	-0.00035947
0	0	-1424	5.95e-06	-0.00175149	-0.00035488
0	0	-1422	4.51e-06	-0.00190122	-0.00034786
0	0	-1420	2.73e-06	-0.00207225	-0.00033904
0	0	-1418	2.3e-07	-0.00226374	-0.00032762
0	0	-1416	-1.72e-06	-0.00247407	-0.00031288
0	0	-1414	-3.89e-06	-0.00269593	-0.00029438
0	0	-1412	-5.98e-06	-0.00291735	-0.00027204
0	0	-1410	-7.68e-06	-0.00312531	-0.00024732
0	0	-1408	-9.48e-06	-0.0033071	-0.00022113
0	0	-1406	-1.053e-05	-0.00345317	-0.00019586
0	0	-1404	-1.248e-05	-0.00356411	-0.00017338
0	0	-1402	-1.409e-05	-0.003645	-0.00015542
0	0	-1400	-1.573e-05	-0.00370207	-0.0001437
0	0	-1398	-1.657e-05	-0.0037423	-0.00013913
0	0	-1396	-1.767e-05	-0.00377171	-0.00014198
0	0	-1394	-1.92e-05	-0.0037944	-0.00015199
0	0	-1392	-2.086e-05	-0.00381186	-0.000171
0	0	-1390	-2.252e-05	-0.00382699	-0.00020007
0	0	-1388	-2.381e-05	-0.00384219	-0.00024089
0	0	-1386	-2.62e-05	-0.00385753	-0.00029644
0	0	-1384	-2.907e-05	-0.00387521	-0.00037009
0	0	-1382	-3.149e-05	-0.00389571	-0.0004667
0	0	-1380	-3.447e-05	-0.00392358	-0.00059265
0	0	-1378	-3.845e-05	-0.00396269	-0.00075506
0	0	-1376	-4.383e-05	-0.00401982	-0.00096394
0	0	-1374	-5.042e-05	-0.00410669	-0.00123077
0	0	-1372	-5.862e-05	-0.00424171	-0.00156914
0	0	-1370	-6.902e-05	-0.00445162	-0.00199299
0	0	-1368	-8.142e-05	-0.00477662	-0.0025139
0	0	-1366	-9.808e-05	-0.00527281	-0.0031386
0	0	-1364	-0.00011913	-0.00600927	-0.00386053
0	0	-1362	-0.00014461	-0.00706035	-0.00465454
0	0	-1360	-0.00017496	-0.00848857	-0.00547826
0	0	-1358	-0.00021008	-0.0103276	-0.00627922
0	0	-1356	-0.00024968	-0.0125758	-0.00701184
0	0	-1354	-0.0002939	-0.015201	-0.00764559
0	0	-1352	-0.00034161	-0.0181596	-0.0081711
0	0	-1350	-0.00039263	-0.0214116	-0.00859229
0	0	-1348	-0.00044657	-0.0249308	-0.0089188
0	0	-1346	-0.00050325	-0.0287042	-0.00916099
0	0	-1344	-0.00056243	-0.0327296	-0.00932407
0	0	-1342	-0.00062455	-0.0370169	-0.00941002
0	0	-1340	-0.00068855	-0.0415824	-0.00941591
0	0	-1338	-0.0007558	-0.0464481	-0.00933331
0	0	-1336	-0.00082606	-0.0516375	-0.00914923
0	0	-1334	-0.00089838	-0.0571791	-0.00884705
0	0	-1332	-0.00097339	-0.0631024	-0.00840846
0	0	-1330	-0.00105059	-0.0694366	-0.00780936
0	0	-1328	-0.00113116	-0.0762102	-0.00702593
0	0	-1326	-0.00121425	-0.0834481	-0.00603225
0	0	-1324	-0.00129968	-0.091174	-0.00480537
0	0	-1322	-0.00138749	-0.099408	-0.00332517
0	0	-1320	-0.00147776	-0.108164	-0.00157887
0	0	-1318	-0.00156969	-0.117451	0.00043743
0	0	-1316	-0.00166307	-0.127273	0.00271415
0	0	-1314	-0.00175728	-0.137634	0.00522425
0	0	-1312	-0.00185162	-0.148533	0.00792252
0	0	-1310	-0.00194458	-0.159967	0.0107477
0	0	-1308	-0.002035	-0.171933	0.0136187
0	0	-1306	-0.00212129	-0.18443	0.0164406
0	0	-1304	-0.00220095	-0.197445	0.0191112
0	0	-1302	-0.00227101	-0.210951	0.0215262
0	0	-1300	-0.0023286	-0.2249	0.0235846
0	0	-1298	-0.00237048	-0.239207	0.025193
0	0	-1296	-0.00239319	-0.253742	0.026274
0	0	-1294	-0.00239531	-0.268307	0.0267702
0	0	-1292	-0.0023738	-0.282634	0.0266474
0	0	-1290	-0.00232785	-0.296378	0.0258938
0	0	-1288	-0.00225823	-0.30911	0.0245219
0	0	-1286	-0.00216579	-0.320321	0.0225734
0	0	-1284	-0.00205242	-0.329446	0.0201099
0	0	-1282	-0.00192017	-0.335878	0.0172136
0	0	-1280	-0.00177212	-0.339004	0.0139824
0	0	-1278	-0.00160941	-0.338236	0.0105247
0	0	-1276	-0.00143352	-0.333049	0.00695085
0	0	-1274	-0.00124518	-0.323011	0.00336901
0	0	-1272	-0.0010445	-0.30782	-0.00011904
0	0	-1270	-0.00083116	-0.287313	-0.00342553
0	0	-1268	-0.00060502	-0.261481	-0.00647547
0	0	-1266	-0.00036537	-0.230465	-0.00921342
0	0	-1264	-0.0001127	-0.194548	-0.0116052
0	0	-1262	0.00015236	-0.154125	-0.0136343
0	0	-1260	0.00042896	-0.109681	-0.0153036
0	0	-1258	0.00071557	-0.0617403	-0.0166293
0	0	-1256	0.00100873	-0.010842	-0.0176396
0	0	-1254	0.00130747	0.0424663	-0.0183628
0	0	-1252	0.00160958	0.0976653	-0.0188307
0	0	-1250	0.00191254	0.154273	-0.0190705
0	0	-1248	0.00221248	0.211826	-0.0191036
0	0	-1246	0.00250704	0.269889	-0.0189465
0	0	-1244	0.00279311	0.328019	-0.018608
0	0	-1242	0.00306747	0.385775	-0.0180903
0	0	-1240	0.00332867	0.442688	-0.0173863
0	0	-1238	0.00357344	0.498257	-0.0164969
0	0	-1236	0.00379952	0.551918	-0.0154218
0	0	-1234	0.00400406	0.603093	-0.0141595
0	0	-1232	0.00418448	0.651186	-0.0127207
0	0	-1230	0.00434008	0.695588	-0.01112
0	0	-1228	0.00447018	0.735722	-0.00938136
0	0	-1226	0.00457313	0.771071	-0.00753011
0	0	-1224	0.0046482	0.801182	-0.00559204
0	0	-1222	0.00469512	0.825691	-0.00359904
0	0	-1220	0.00471443	0.844325	-0.00157599
0	0	-1218	0.00470638	0.856904	0.00045543
0	0	-1216	0.00467288	0.863328	0.0024748
0	0	-1214	0.00461316	0.863572	0.00446389
0	0	-1212	0.00452734	0.857681	0.00640064
0	0	-1210	0.00441773	0.845769	0.00826053
0	0	-1208	0.00428428	0.828026	0.0100158
0	0	-1206	0.0041269	0.804723	0.0116346
0	0	-1204	0.00394795	0.776229	0.0130866
0	0	-1202	0.00374693	0.742989	0.0143383
0	0	-1200	0.00352454	0.705519	0.0153671
0	0	-1198	0.00328178	0.664391	0.0161648
0	0	-1196	0.00302015	0.620211	0.0167301
0	0	-1194	0.00274169	0.573576	0.0170693
0	0	-1192	0.00244715	0.525043	0.0172013
0	0	-1190	0.0021395	0.475116	0.0171557
0	0	-1188	0.00182044	0.424234	0.0169646
0	0	-1186	0.00149284	0.372755	0.0166538
0	0	-1184	0.00115815	0.320948	0.0162561
0	0	-1182	0.00081803	0.269011	0.0158008
0	0	-1180	0.00047505	0.217079	0.0153102
0	0	-1178	0.0001312	0.165217	0.0148051
0	0	-1176	-0.00021165	0.113444	0.0142965
0	0	-1174	-0.00055298	0.0617329	0.0137962
0	0	-1172	-0.00089048	0.0100465	0.0133154
0	0	-1170	-0.00122303	-0.0416721	0.0128517
0	0	-1168	-0.00155061	-0.0934962	0.0124024
0	0	-1166	-0.00187125	-0.1455	0.0119671
0	0	-1164	-0.00218508	-0.197736	0.0115448
0	0	-1162	-0.00249095	-0.250241	0.0111247
0	0	-1160	-0.00278676	-0.303033	0.0106936
0	0	-1158	-0.00307266	-0.356065	0.0102484
0	0	-1156	-0.00334734	-0.409246	0.00977918
0	0	-1154	-0.00360928	-0.462419	0.00927526
0	0	-1152	-0.00385681	-0.515355	0.00871993
0	0	-1150	-0.00408958	-0.567738	0.00809946
0	0	-1148	-0.00430549	-0.619162	0.00741298
0	0	-1146	-0.0045033	-0.669142	0.00664622
0	0	-1144	-0.0046814	-0.717117	0.00579518
0	0	-1142	-0.00483699	-0.762481	0.00486164
0	0	-1140	-0.00497007	-0.804587	0.00385623
0	0	-1138	-0.00507854	-0.842812	0.00279248
0	0	-1136	-0.00516196	-0.876557	0.00168185
0	0	-1134	-0.00521888	-0.905295	0.00054209
0	0	-1132	-0.00524885	-0.92858	-0.00060645
0	0	-1130	-0.00525217	-0.946062	-0.00174715
0	0	-1128	-0.00522856	-0.95749	-0.00287017
0	0	-1126	-0.00517717	-0.962705	-0.00396775
0	0	-1124	-0.00509899	-0.961629	-0.00503097
0	0	-1122	-0.00499393	-0.954271	-0.00605093
0	0	-1120	-0.00486229	-0.940716	-0.00702032
0	0	-1118	-0.00470447	-0.921136	-0.00792678
0	0	-1116	-0.00452105	-0.8958	-0.00875416
0	0	-1114	-0.00431381	-0.865077	-0.00949465
0	0	-1112	-0.00408333	-0.82943	-0.0101379
0	0	-1110	-0.00383084	-0.789395	-0.0106774
0	0	-1108	-0.00355972	-0.745574	-0.0111183
0	0	-1106	-0.00327254	-0.698604	-0.011468
0	0	-1104	-0.00297211	-0.64911	-0.0117437
0	0	-1102	-0.0026592	-0.597678	-0.011958
0	0	-1100	-0.00233714	-0.544854	-0.0121342
0	0	-1098	-0.00200834	-0.491104	-0.0122894
0	0	-1096	-0.00167487	-0.436797	-0.0124378
0	0	-1094	-0.00133835	-0.382225	-0.0125937
0	0	-1092	-0.0010004	-0.327604	-0.0127635
0	0	-1090	-0.0006634	-0.273078	-0.0129581
0	0	-1088	-0.00032746	-0.218717	-0.0131798
0	0	-1086	5.81e-06	-0.164544	-0.0134308
0	0	-1084	0.0003354	-0.110543	-0.0137122
0	0	-1082	0.0006595	-0.0566698	-0.0140221
0	0	-1080	0.00097799	-0.00285894	-0.0143569
0	0	-1078	0.00129027	0.0509706	-0.0147093
0	0	-1076	0.00159446	0.104887	-0.0150757
0	0	-1074	0.00188955	0.158945	-0.015446
0	0	-1072	0.00217619	0.213191	-0.0158002
0	0	-1070	0.00245284	0.267646	-0.0161218
0	0	-1068	0.00271821	0.322272	-0.0163916
0	0	-1066	0.00297166	0.376977	-0.0165886
0	0	-1064	0.00321244	0.43161	-0.0166824
0	0	-1062	0.00343828	0.48594	-0.0166379
0	0	-1060	0.00364805	0.539655	-0.0164355
0	0	-1058	0.00384076	0.592349	-0.0160459
0	0	-1056	0.00401405	0.643533	-0.0154439
0	0	-1054	0.00416588	0.692655	-0.0146154
0	0	-1052	0.00429501	0.739107	-0.0135556
0	0	-1050	0.00439927	0.782234	-0.0122739
0	0	-1048	0.00447829	0.82141	-0.0107856
0	0	-1046	0.00453091	0.856049	-0.00911339
0	0	-1044	0.00455669	0.885617	-0.00729264
0	0	-1042	0.00455614	0.909675	-0.00536156
0	0	-1040	0.00452856	0.927879	-0.00335713
0	0	-1038	0.00447551	0.939991	-0.00131251
0	0	-1036	0.00439658	0.945858	0.00074052
0	0	-1034	0.00429436	0.945411	0.00277067
0	0	-1032	0.00416853	0.938662	0.00474883
0	0	-1030	0.00402014	0.925706	0.00664602
0	0	-1028	0.00385083	0.90671	0.00843199
0	0	-1026	0.00366156	0.881945	0.010078
0	0	-1024	0.0034534	0.85177	0.0115556
0	0	-1022	0.00322816	0.816645	0.012843
0	0	-1020	0.00298815	0.777102	0.0139229
0	0	-1018	0.00273391	0.73374	0.0147941
0	0	-1016	0.00246802	0.687184	0.01546
0	0	-1014	0.00219222	0.638061	0.0159337
0	0	-1012	0.00190839	0.586964	0.0162378
0	0	-1010	0.00161763	0.534437	0.0164018
0	0	-1008	0.00132142	0.480947	0.0164523
0	0	-1006	0.00102122	0.42687	0.0164183
0	0	-1004	0.00071852	0.372505	0.0163206
0	0	-1002	0.00041402	0.318065	0.0161874
0	0	-1000	0.00010801	0.263697	0.0160372
0	0	-998	-0.00019786	0.209473	0.0158827
0	0	-996	-0.00050194	0.155423	0.015732
0	0	-994	-0.00080416	0.101529	0.0155937
0	0	-992	-0.00110297	0.0477462	0.0154761
0	0	-990	-0.00139983	-0.00599143	0.0153749
0	0	-988	-0.00169208	-0.0597608	0.0152839
0	0	-986	-0.00197958	-0.113633	0.0152012
0	0	-984	-0.0022615	-0.167668	0.0151235
0	0	-982	-0.00253635	-0.221907	0.015043
0	0	-980	-0.00280364	-0.276373	0.014935
0	0	-978	-0.00306253	-0.331025	0.0147916
0	0	-976	-0.00331129	-0.385773	0.0146016
0	0	-974	-0.00354814	-0.440468	0.0143362
0	0	-972	-0.00377221	-0.49488	0.0139786
0	0	-970	-0.00398033	-0.548687	0.0135098
0	0	-968	-0.00417287	-0.601474	0.012914
0	0	-966	-0.00434767	-0.652759	0.0121729
0	0	-964	-0.00450333	-0.701981	0.0112718
0	0	-962	-0.0046396	-0.748511	0.0102151
0	0	-960	-0.00475336	-0.791704	0.00900597
0	0	-958	-0.00484399	-0.830917	0.00765848
0	0	-956	-0.00491106	-0.865557	0.00618898
0	0	-954	-0.00495354	-0.895082	0.0046228
0	0	-952	-0.00497128	-0.919045	0.00298962
0	0	-950	-0.00496207	-0.937097	0.00131202
0	0	-948	-0.00492669	-0.948989	-0.00038572
0	0	-946	-0.00486475	-0.954565	-0.00208282
0	0	-944	-0.00477542	-0.95375	-0.00375972
0	0	-942	-0.00465827	-0.946554	-0.00539534
0	0	-940	-0.00451413	-0.933066	-0.0069685
0	0	-938	-0.00434358	-0.913467	-0.00845591
0	0	-936	-0.00414614	-0.88803	-0.00982833
0	0	-934	-0.00392409	-0.857129	-0.0110632
0	0	-932	-0.00367875	-0.821238	-0.0121422
0	0	-930	-0.00341224	-0.780912	-0.0130458
0	0	-928	-0.00312847	-0.736769	-0.0137724
0	0	-926	-0.00282934	-0.689463	-0.0143219
0	0	-924	-0.00251839	-0.639638	-0.0147066
0	0	-922	-0.00219986	-0.587913	-0.0149445
0	0	-920	-0.00187593	-0.534841	-0.0150576
0	0	-918	-0.00154999	-0.48092	-0.0150751
0	0	-916	-0.00122401	-0.426532	-0.0150222
0	0	-914	-0.00089956	-0.371974	-0.0149158
0	0	-912	-0.00057891	-0.317482	-0.0147796
0	0	-910	-0.00026204	-0.263185	-0.0146341
0	0	-908	5.058e-05	-0.209146	-0.0144942
0	0	-906	0.0003589	-0.155366	-0.0143598
0	0	-904	0.00066354	-0.101834	-0.0142486
0	0	-902	0.00096479	-0.0484711	-0.0141595
0	0	-900	0.00126431	0.00482068	-0.014089
0	0	-898	0.00156258	0.058138	-0.0140396
0	0	-896	0.00185967	0.111566	-0.0139992
0	0	-894	0.0021555	0.165183	-0.0139679
0	0	-892	0.0024507	0.21906	-0.0139336
0	0	-890	0.00274439	0.273221	-0.0138847
0	0	-888	0.00303503	0.327638	-0.0138058
0	0	-886	0.00332122	0.382224	-0.0136766
0	0	-884	0.00359935	0.436833	-0.0134755
0	0	-882	0.00386765	0.49123	-0.0131822
0	0	-880	0.00412298	0.545074	-0.0127791
0	0	-878	0.00436241	0.597941	-0.0122433
0	0	-876	0.00458085	0.649342	-0.0115558
0	0	-874	0.0047766	0.698705	-0.0107141
0	0	-872	0.00494722	0.745388	-0.00971163
0	0	-870	0.0050898	0.788747	-0.00855491
0	0	-868	0.00520236	0.828138	-0.00726174
0	0	-866	0.0052843	0.862958	-0.00585164
0	0	-864	0.00533482	0.892669	-0.00435335
0	0	-862	0.00535424	0.916825	-0.00279445
0	0	-860	0.00534226	0.935083	-0.00120188
0	0	-858	0.00529968	0.947201	0.00040037
0	0	-856	0.00522558	0.953027	0.00198964
0	0	-854	0.00512097	0.952494	0.00354633
0	0	-852	0.00498612	0.945615	0.00505267
0	0	-850	0.00482219	0.932484	0.0064893
0	0	-848	0.00462987	0.913284	0.00783301
0	0	-846	0.00441043	0.888285	0.0090621
0	0	-844	0.00416486	0.857854	0.0101569
0	0	-842	0.0038955	0.822451	0.0111003
0	0	-840	0.00360426	0.782619	0.0118814
0	0	-838	0.00329473	0.738965	0.0124974
0	0	-836	0.00296921	0.692123	0.0129531
0	0	-834	0.00263129	0.642714	0.0132631
0	0	-832	0.00228496	0.591338	0.0134443
0	0	-830	0.00193188	0.538549	0.0135224
0	0	-828	0.00157677	0.484805	0.0135198
0	0	-826	0.00122069	0.430486	0.0134584
0	0	-824	0.00086682	0.375894	0.01336
0	0	-822	0.00051565	0.321256	0.0132493
0	0	-820	0.00016793	0.266703	0.013135
0	0	-818	-0.00017517	0.212309	0.0130261
0	0	-816	-0.00051317	0.158108	0.0129369
0	0	-814	-0.00084608	0.104091	0.0128719
0	0	-812	-0.00117287	0.0502081	0.01283
0	0	-810	-0.00149391	-0.00361141	0.0128111
0	0	-808	-0.00180853	-0.057434	0.0128119
0	0	-806	-0.00211468	-0.11133	0.0128266
0	0	-804	-0.00241159	-0.165358	0.0128463
0	0	-802	-0.0026973	-0.219571	0.0128611
0	0	-800	-0.0029694	-0.273974	0.0128597
0	0	-798	-0.00322595	-0.328532	0.0128222
0	0	-796	-0.00346663	-0.383162	0.0127328
0	0	-794	-0.0036882	-0.437703	0.012567
0	0	-792	-0.00388985	-0.491938	0.0123045
0	0	-790	-0.00407138	-0.545541	0.0119295
0	0	-788	-0.00423227	-0.598109	0.0114171
0	0	-786	-0.00437295	-0.649158	0.010756
0	0	-784	-0.0044948	-0.698133	0.00993129
0	0	-782	-0.00459843	-0.744416	0.00894639
0	0	-780	-0.00468544	-0.787374	0.00780646
0	0	-778	-0.00475655	-0.826376	0.00652354
0	0	-776	-0.00481506	-0.860826	0.00512269
0	0	-774	-0.00486168	-0.8902	0.00362803
0	0	-772	-0.00489803	-0.914055	0.0020681
0	0	-770	-0.00492448	-0.932056	0.00046999
0	0	-768	-0.00494197	-0.943955	-0.00114295
0	0	-766	-0.00495161	-0.949604	-0.00274676
0	0	-764	-0.0049524	-0.948932	-0.00432219
0	0	-762	-0.00494386	-0.941949	-0.00584813
0	0	-760	-0.00492291	-0.928745	-0.00730072
0	0	-758	-0.00488922	-0.909504	-0.0086565
0	0	-756	-0.00484117	-0.884491	-0.00989396
0	0	-754	-0.00477637	-0.85407	-0.0109867
0	0	-752	-0.00469187	-0.818698	-0.0119177
0	0	-750	-0.00458723	-0.77892	-0.0126801
0	0	-748	-0.00446078	-0.735345	-0.0132691
0	0	-746	-0.00431121	-0.688592	-0.013691
0	0	-744	-0.00413677	-0.639295	-0.013962
0	0	-742	-0.00393846	-0.58805	-0.0141061
0	0	-740	-0.00371755	-0.535401	-0.0141467
0	0	-738	-0.00347444	-0.481807	-0.0141093
0	0	-736	-0.00321021	-0.427644	-0.0140156
0	0	-734	-0.00292673	-0.373213	-0.0138916
0	0	-732	-0.00262607	-0.318734	-0.0137615
0	0	-730	-0.00231053	-0.264337	-0.0136308
0	0	-728	-0.00198314	-0.21009	-0.0135142
0	0	-726	-0.00164617	-0.156022	-0.0134216
0	0	-724	-0.00130168	-0.102122	-0.0133538
0	0	-722	-0.00095206	-0.0483322	-0.0133158
0	0	-720	-0.00059924	0.00541758	-0.0133014
0	0	-718	-0.00024349	0.0591918	-0.0133077
0	0	-716	0.00011359	0.11306	-0.0133279
0	0	-714	0.00047246	0.167093	-0.013351
0	0	-712	0.00083129	0.221333	-0.0133651
0	0	-710	0.00119016	0.275787	-0.0133557
0	0	-708	0.00154953	0.330412	-0.0133069
0	0	-706	0.00190851	0.385127	-0.0131961
0	0	-704	0.00226462	0.439777	-0.0130043
0	0	-702	0.00261638	0.494127	-0.0127121
0	0	-700	0.0029617	0.547852	-0.0122965
0	0	-698	0.00329683	0.600552	-0.0117413
0	0	-696	0.00361665	0.651748	-0.0110315
0	0	-694	0.00391845	0.700871	-0.0101586
0	0	-692	0.00419766	0.747297	-0.00912667
0	0	-690	0.00445042	0.790398	-0.00794227
0	0	-688	0.00467329	0.829547	-0.00662253
0	0	-686	0.00486397	0.864141	-0.00519012
0	0	-684	0.00502066	0.893651	-0.00367352
0	0	-682	0.00514225	0.91764	-0.00209814
0	0	-680	0.00522827	0.935768	-0.00049157
0	0	-678	0.0052782	0.947786	0.00112285
0	0	-676	0.00529534	0.953544	0.00272576
0	0	-674	0.00528005	0.952972	0.00430034
0	0	-672	0.00523234	0.94608	0.00582788
0	0	-670	0.00515403	0.932959	0.00728888
0	0	-668	0.00504751	0.913784	0.00866563
0	0	-666	0.00491441	0.888825	0.00993455
0	0	-664	0.00475561	0.85844	0.0110748
0	0	-662	0.00457242	0.823088	0.0120716
0	0	-660	0.0043664	0.783318	0.0129157
0	0	-658	0.00413948	0.739731	0.0136028
0	0	-656	0.00389411	0.692951	0.0141337
0	0	-654	0.00363166	0.643613	0.0145279
0	0	-652	0.00335438	0.592322	0.0148007
0	0	-650	0.00306486	0.539618	0.0149732
0	0	-648	0.00276372	0.485961	0.0150628
0	0	-646	0.00245304	0.431737	0.0150905
0	0	-644	0.00213595	0.377252	0.0150852
0	0	-642	0.00181411	0.322723	0.0150563
0	0	-640	0.0014881	0.268283	0.0150155
0	0	-638	0.0011595	0.214009	0.0149767
0	0	-636	0.00082946	0.159926	0.0149437
0	0	-634	0.00049978	0.106016	0.014921
0	0	-632	0.00017188	0.0522244	0.0149097
0	0	-630	-0.00015543	-0.0015215	0.0149075
0	0	-628	-0.00048013	-0.0552877	0.0149113
0	0	-626	-0.00080102	-0.109147	0.0149143
0	0	-624	-0.00111798	-0.163177	0.0149089
0	0	-622	-0.00142972	-0.217427	0.0148824
0	0	-620	-0.00173635	-0.271907	0.0148241
0	0	-618	-0.00203681	-0.326584	0.0147166
0	0	-616	-0.00232889	-0.381378	0.0145401
0	0	-614	-0.00261254	-0.436139	0.0142765
0	0	-612	-0.00288702	-0.490627	0.0139049
0	0	-610	-0.00315033	-0.54453	0.0134083
0	0	-608	-0.00340012	-0.597444	0.01277
0	0	-606	-0.0036355	-0.648884	0.0119782
0	0	-604	-0.00385422	-0.698276	0.0110295
0	0	-602	-0.00405509	-0.744994	0.00993015
0	0	-600	-0.00423599	-0.788397	0.00869284
0	0	-598	-0.00439547	-0.827846	0.00733736
0	0	-596	-0.00453171	-0.862732	0.0058902
0	0	-594	-0.00464317	-0.892519	0.00437834
0	0	-592	-0.00472872	-0.916762	0.00283268
0	0	-590	-0.00478893	-0.935111	0.00127872
0	0	-588	-0.00482206	-0.947313	-0.00026253
0	0	-586	-0.00482854	-0.953213	-0.00177398
0	0	-584	-0.00480749	-0.952744	-0.00323959
0	0	-582	-0.00475805	-0.945911	-0.00464525
0	0	-580	-0.00468089	-0.932804	-0.00597564
0	0	-578	-0.00457485	-0.913605	-0.0072135
0	0	-576	-0.00444106	-0.888586	-0.00834132
0	0	-574	-0.00427872	-0.858108	-0.00934261
0	0	-572	-0.00408847	-0.822642	-0.0102052
0	0	-570	-0.00387278	-0.782744	-0.0109224
0	0	-568	-0.00363157	-0.739018	-0.0114902
0	0	-566	-0.00336791	-0.692101	-0.0119216
0	0	-564	-0.00308421	-0.642643	-0.0122259
0	0	-562	-0.00278285	-0.591263	-0.0124257
0	0	-560	-0.00246762	-0.538514	-0.0125416
0	0	-558	-0.00214167	-0.48487	-0.0125918
0	0	-556	-0.00180725	-0.430733	-0.0126018
0	0	-554	-0.00146743	-0.376414	-0.0125884
0	0	-552	-0.00112492	-0.322131	-0.0125653
0	0	-550	-0.000782	-0.268021	-0.0125508
0	0	-548	-0.000439	-0.214157	-0.0125539
0	0	-546	-9.806e-05	-0.160556	-0.0125808
0	0	-544	0.00023931	-0.10718	-0.0126343
0	0	-542	0.00057242	-0.0539581	-0.0127145
0	0	-540	0.00090078	-0.00080199	-0.0128184
0	0	-538	0.00122355	0.0523767	-0.0129421
0	0	-536	0.00153973	0.105673	-0.013082
0	0	-534	0.00184919	0.15918	-0.0132229
0	0	-532	0.00215045	0.212963	-0.0133547
0	0	-530	0.00244303	0.267043	-0.013468
0	0	-528	0.00272601	0.321408	-0.0135382
0	0	-526	0.00299735	0.375988	-0.0135461
0	0	-524	0.0032578	0.430626	-0.0134719
0	0	-522	0.00350449	0.485079	-0.0132938
0	0	-520	0.0037371	0.539032	-0.012987
0	0	-518	0.00395506	0.592076	-0.01253
0	0	-516	0.00415608	0.643707	-0.011906
0	0	-514	0.00433859	0.693338	-0.0111065
0	0	-512	0.00450239	0.740339	-0.0101338
0	0	-510	0.00464518	0.784055	-0.00898671
0	0	-508	0.00476695	0.823825	-0.00768517
0	0	-506	0.00486679	0.859031	-0.00625577
0	0	-504	0.00494429	0.889133	-0.00472253
0	0	-502	0.00499791	0.913678	-0.00311731
0	0	-500	0.00502979	0.93231	-0.00146997
0	0	-498	0.0050392	0.944775	0.00019298
0	0	-496	0.00502641	0.950918	0.00184555
0	0	-494	0.00499143	0.950675	0.0034643
0	0	-492	0.00493427	0.944058	0.00502759
0	0	-490	0.00485583	0.931163	0.00651222
0	0	-488	0.00475638	0.912169	0.00789197
0	0	-486	0.00463594	0.88735	0.0091403
0	0	-484	0.00449589	0.857075	0.0102349
0	0	-482	0.00433641	0.821813	0.0111617
0	0	-480	0.004159	0.782111	0.0119033
0	0	-478	0.00396377	0.738574	0.0124619
0	0	-476	0.00375347	0.691832	0.0128476
0	0	-474	0.0035297	0.642526	0.0130747
0	0	-472	0.00329376	0.591264	0.0131711
0	0	-470	0.00304764	0.538591	0.0131654
0	0	-468	0.00279321	0.484971	0.0130841
0	0	-466	0.00253157	0.430794	0.0129535
0	0	-464	0.00226432	0.376368	0.0128021
0	0	-462	0.00199327	0.321904	0.0126481
0	0	-460	0.00171914	0.267539	0.0125068
0	0	-458	0.00144269	0.213355	0.0123929
0	0	-456	0.00116493	0.159385	0.01231
0	0	-454	0.00088587	0.105607	0.0122665
0	0	-452	0.00060648	0.0519601	0.0122615
0	0	-450	0.00032695	-0.00161793	0.012287
0	0	-448	4.745e-05	-0.0551916	0.0123467
0	0	-446	-0.0002315	-0.108843	0.0124311
0	0	-444	-0.00050948	-0.162648	0.0125251
0	0	-442	-0.00078627	-0.216646	0.0126225
0	0	-440	-0.00106057	-0.270843	0.0127068
0	0	-438	-0.00133198	-0.32522	0.0127595
0	0	-436	-0.00159954	-0.379701	0.0127604
0	0	-434	-0.00186154	-0.434123	0.0126921
0	0	-432	-0.00211743	-0.488252	0.0125301
0	0	-430	-0.00236522	-0.541784	0.0122495
0	0	-428	-0.00260344	-0.594323	0.0118394
0	0	-426	-0.0028299	-0.645379	0.011279
0	0	-424	-0.00304266	-0.694395	0.0105599
0	0	-422	-0.0032411	-0.740762	0.00968208
0	0	-420	-0.00342163	-0.783845	0.00864796
0	0	-418	-0.00358229	-0.823009	0.00747808
0	0	-416	-0.0037215	-0.857659	0.00619277
0	0	-414	-0.00383821	-0.887274	0.00481687
0	0	-412	-0.00392973	-0.91142	0.00337729
0	0	-410	-0.00399532	-0.929753	0.00190278
0	0	-408	-0.00403461	-0.942029	0.0004169
0	0	-406	-0.00404629	-0.948099	-0.00106017
0	0	-404	-0.00402972	-0.947902	-0.00251103
0	0	-402	-0.003985	-0.94145	-0.00391661
0	0	-400	-0.00391299	-0.928829	-0.00526016
0	0	-398	-0.00381383	-0.910216	-0.00652278
0	0	-396	-0.00368755	-0.885865	-0.00768174
0	0	-394	-0.00353511	-0.856136	-0.00872079
0	0	-392	-0.00336018	-0.82148	-0.00962855
0	0	-390	-0.00316438	-0.782421	-0.0103941
0	0	-388	-0.0029481	-0.73954	-0.011015
0	0	-386	-0.00271637	-0.693448	-0.0114996
0	0	-384	-0.00247203	-0.644764	-0.0118622
0	0	-382	-0.00221833	-0.594079	-0.0121181
0	0	-380	-0.00195698	-0.541913	-0.0122908
0	0	-378	-0.00169111	-0.488729	-0.0124022
0	0	-376	-0.0014228	-0.434914	-0.0124718
0	0	-374	-0.00115344	-0.380761	-0.0125205
0	0	-372	-0.00088339	-0.326479	-0.0125585
0	0	-370	-0.00061256	-0.272212	-0.0126051
0	0	-368	-0.00034236	-0.218053	-0.01267
0	0	-366	-7.211e-05	-0.164032	-0.0127551
0	0	-364	0.00019949	-0.110129	-0.0128682
0	0	-362	0.00047348	-0.0563092	-0.0130066
0	0	-360	0.00074788	-0.00251241	-0.0131712
0	0	-358	0.0010248	0.0513333	-0.0133578
0	0	-356	0.00130464	0.1053	-0.0135563
0	0	-354	0.00158633	0.159448	-0.0137608
0	0	-352	0.00187067	0.213809	-0.013963
0	0	-350	0.00215634	0.268392	-0.0141457
0	0	-348	0.00244283	0.323172	-0.0142915
0	0	-346	0.00272957	0.378068	-0.0143812
0	0	-344	0.00301431	0.432921	-0.0143956
0	0	-342	0.00329576	0.487495	-0.0143114
0	0	-340	0.00357006	0.541483	-0.0141055
0	0	-338	0.0038363	0.594485	-0.0137512
0	0	-336	0.00409167	0.646007	-0.0132387
0	0	-334	0.0043322	0.695487	-0.0125549
0	0	-332	0.00455509	0.742311	-0.0116908
0	0	-330	0.00475903	0.785839	-0.0106564
0	0	-328	0.00494133	0.825427	-0.00946638
0	0	-326	0.00509972	0.860466	-0.00814425
0	0	-324	0.00523321	0.890416	-0.00671478
0	0	-322	0.00534166	0.914837	-0.00520977
0	0	-320	0.00542487	0.933371	-0.00366091
0	0	-318	0.00548247	0.945761	-0.00209233
0	0	-316	0.0055144	0.951852	-0.00052996
0	0	-314	0.00552096	0.951571	0.00100542
0	0	-312	0.00550285	0.944923	0.00249284
0	0	-310	0.00546091	0.932	0.00391415
0	0	-308	0.00539504	0.912973	0.00524673
0	0	-306	0.00530509	0.888109	0.00646958
0	0	-304	0.00519218	0.857775	0.00756622
0	0	-302	0.00505762	0.822442	0.00852182
0	0	-300	0.00490203	0.782652	0.00932791
0	0	-298	0.00472612	0.739015	0.00998325
0	0	-296	0.00453126	0.692176	0.0104936
0	0	-294	0.00431902	0.642786	0.0108776
0	0	-292	0.0040908	0.591449	0.0111506
0	0	-290	0.00384769	0.53872	0.0113321
0	0	-288	0.00359097	0.48509	0.0114498
0	0	-286	0.00332195	0.430964	0.0115307
0	0	-284	0.00304123	0.376643	0.0115839
0	0	-282	0.00274953	0.322343	0.011633
0	0	-280	0.00244702	0.268208	0.0116912
0	0	-278	0.00213381	0.214318	0.0117687
0	0	-276	0.00181117	0.160683	0.0118767
0	0	-274	0.00147831	0.107264	0.0120108
0	0	-272	0.00113447	0.0540038	0.0121764
0	0	-270	0.00078137	0.00082344	0.0123734
0	0	-268	0.00041903	-0.0523764	0.0125959
0	0	-266	4.792e-05	-0.105695	0.0128336
0	0	-264	-0.00033087	-0.159213	0.0130774
0	0	-262	-0.0007166	-0.21299	0.0133186
0	0	-260	-0.0011067	-0.267053	0.0135384
0	0	-258	-0.00149977	-0.321381	0.013721
0	0	-256	-0.00189237	-0.375903	0.0138466
0	0	-254	-0.00228213	-0.430463	0.013889
0	0	-252	-0.00266607	-0.48483	0.0138278
0	0	-250	-0.00303992	-0.538687	0.0136391
0	0	-248	-0.00339853	-0.591619	0.013303
0	0	-246	-0.00373853	-0.643124	0.0128023
0	0	-244	-0.00405661	-0.692629	0.0121236
0	0	-242	-0.00434865	-0.73951	0.0112651
0	0	-240	-0.00461105	-0.783119	0.0102278
0	0	-238	-0.0048421	-0.822797	0.00903045
0	0	-236	-0.0050388	-0.857927	0.00769254
0	0	-234	-0.0052006	-0.887969	0.00624225
0	0	-232	-0.00532489	-0.912468	0.00471219
0	0	-230	-0.00541248	-0.931062	0.00313157
0	0	-228	-0.00546275	-0.943496	0.00152923
0	0	-226	-0.00547548	-0.94961	-7.061e-05
0	0	-224	-0.00545189	-0.949328	-0.00164614
0	0	-222	-0.00539124	-0.94266	-0.00317642
0	0	-220	-0.00529498	-0.929694	-0.00464092
0	0	-218	-0.00516242	-0.910606	-0.00601833
0	0	-216	-0.0049955	-0.885667	-0.00728556
0	0	-214	-0.00479506	-0.85525	-0.00842674
0	0	-212	-0.00456353	-0.819826	-0.0094257
0	0	-210	-0.00430168	-0.779935	-0.01027
0	0	-208	-0.00401312	-0.736193	-0.010965
0	0	-206	-0.0037017	-0.689254	-0.0115118
0	0	-204	-0.00336985	-0.639767	-0.0119267
0	0	-202	-0.00302222	-0.588338	-0.0122315
0	0	-200	-0.00266179	-0.535527	-0.0124387
0	0	-198	-0.00229207	-0.481826	-0.0125777
0	0	-196	-0.00191775	-0.427632	-0.0126731
0	0	-194	-0.00154107	-0.373257	-0.0127448
0	0	-192	-0.00116442	-0.318914	-0.0128056
0	0	-190	-0.00079097	-0.264756	-0.0128734
0	0	-188	-0.00042125	-0.210855	-0.0129634
0	0	-186	-5.694e-05	-0.157218	-0.0130819
0	0	-184	0.00030025	-0.103806	-0.0132271
0	0	-182	0.00064968	-0.0505713	-0.0134014
0	0	-180	0.00099139	0.00257728	-0.0136078
0	0	-178	0.00132489	0.0557391	-0.0138372
0	0	-176	0.00164948	0.109009	-0.0140777
0	0	-174	0.00196472	0.162474	-0.0143256
0	0	-172	0.00227018	0.21619	-0.0145635
0	0	-170	0.00256559	0.270193	-0.0147748
0	0	-168	0.00284978	0.32447	-0.0149427
0	0	-166	0.00312161	0.378941	-0.0150409
0	0	-164	0.00338046	0.433456	-0.0150534
0	0	-162	0.00362455	0.487786	-0.0149512
0	0	-160	0.00385327	0.541626	-0.014709
0	0	-158	0.00406501	0.594554	-0.0143084
0	0	-156	0.00425822	0.646067	-0.0137308
0	0	-154	0.00443202	0.695597	-0.0129705
0	0	-152	0.00458441	0.742523	-0.0120155
0	0	-150	0.00471568	0.786183	-0.0108771
0	0	-148	0.00482388	0.825919	-0.00957187
0	0	-146	0.00490998	0.861123	-0.00811979
0	0	-144	0.00497358	0.891246	-0.0065509
0	0	-142	0.00501494	0.915823	-0.00489869
0	0	-140	0.00503504	0.934498	-0.00319542
0	0	-138	0.00503336	0.947012	-0.00146995
0	0	-136	0.00501236	0.953205	0.0002535
0	0	-134	0.0049717	0.953	0.00194949
0	0	-132	0.0049124	0.946406	0.00359418
0	0	-130	0.00483479	0.933512	0.00516605
0	0	-128	0.00473929	0.914488	0.0066406
0	0	-126	0.00462678	0.889607	0.00799455
0	0	-124	0.00449827	0.859237	0.00920634
0	0	-122	0.00435411	0.823845	0.0102599
0	0	-120	0.00419512	0.783966	0.0111465
0	0	-118	0.00402167	0.740217	0.011861
0	0	-116	0.00383553	0.693245	0.0124171
0	0	-114	0.00363824	0.643696	0.0128323
0	0	-112	0.00343003	0.592175	0.0131171
0	0	-110	0.00321043	0.53924	0.0133021
0	0	-108	0.00298207	0.485379	0.0134137
0	0	-106	0.00274581	0.430992	0.0134705
0	0	-104	0.00250163	0.376386	0.0134951
0	0	-102	0.0022503	0.321785	0.0135035
0	0	-100	0.00199138	0.267347	0.0135101
0	0	-98	0.00172531	0.213152	0.0135277
0	0	-96	0.00145109	0.159204	0.0135602
0	0	-94	0.0011689	0.105479	0.0136069
0	0	-92	0.00087993	0.0519252	0.0136719
0	0	-90	0.00058401	-0.00153255	0.0137628
0	0	-88	0.00028069	-0.0549851	0.0138657
0	0	-86	-2.912e-05	-0.108528	0.0139802
0	0	-84	-0.00034306	-0.162237	0.0141016
0	0	-82	-0.00066199	-0.21617	0.0142182
0	0	-80	-0.00098174	-0.270364	0.0143166
0	0	-78	-0.00130076	-0.324796	0.0143811
0	0	-76	-0.00161703	-0.379382	0.0143975
0	0	-74	-0.00192871	-0.433977	0.0143461
0	0	-72	-0.00223248	-0.48835	0.0142024
0	0	-70	-0.00252669	-0.542193	0.013941
0	0	-68	-0.00280982	-0.595093	0.0135443
0	0	-66	-0.00307897	-0.646547	0.0129952
0	0	-64	-0.00333225	-0.69599	0.0122738
0	0	-62	-0.00356929	-0.742803	0.0113827
0	0	-60	-0.00378923	-0.786332	0.0103245
0	0	-58	-0.00399131	-0.825924	0.00911124
0	0	-56	-0.00417592	-0.86098	0.00776601
0	0	-54	-0.00434357	-0.890955	0.00631764
0	0	-52	-0.00449446	-0.915396	0.00479393
0	0	-50	-0.00463096	-0.933945	0.00322794
0	0	-48	-0.00475477	-0.94636	0.00164733
0	0	-46	-0.00486546	-0.95248	7.324e-05
0	0	-44	-0.00496607	-0.952235	-0.00147123
0	0	-42	-0.00505817	-0.945638	-0.00296879
0	0	-40	-0.00514286	-0.932781	-0.00440021
0	0	-38	-0.00522077	-0.913838	-0.00574614
0	0	-36	-0.00529228	-0.889081	-0.00698934
0	0	-34	-0.00535694	-0.858886	-0.00811345
0	0	-32	-0.00541428	-0.823705	-0.00910816
0	0	-30	-0.00546227	-0.784075	-0.00996541
0	0	-28	-0.00549845	-0.740599	-0.0106856
0	0	-26	-0.00552348	-0.693923	-0.0112793
0	0	-24	-0.00553341	-0.64467	-0.0117553
0	0	-22	-0.00552499	-0.593438	-0.012131
0	0	-20	-0.00549667	-0.540773	-0.0124262
0	0	-18	-0.00544819	-0.487152	-0.0126612
0	0	-16	-0.00537608	-0.432947	-0.0128535
0	0	-14	-0.00527959	-0.378455	-0.0130151
0	0	-12	-0.00515829	-0.323902	-0.0131664
0	0	-10	-0.00501247	-0.269434	-0.0133175
0	0	-8	-0.00484297	-0.215131	-0.0134764
0	0	-6	-0.00464978	-0.161007	-0.0136478
0	0	-4	-0.00443406	-0.107052	-0.013834
0	0	-2	-0.00419758	-0.0532248	-0.0140401
0	0	0	-0.00393965	0.00054251	-0.0142595
0	0	2	-0.003661	0.0543219	-0.0144893
0	0	4	-0.0033619	0.108183	-0.0147257
0	0	6	-0.00304121	0.162177	-0.0149604
0	0	8	-0.00269905	0.216353	-0.0151813
0	0	10	-0.002334	0.270732	-0.0153705
0	0	12	-0.00194602	0.325272	-0.0155184
0	0	14	-0.00153672	0.37989	-0.0155984
0	0	16	-0.00110798	0.434433	-0.0155952
0	0	18	-0.00066141	0.488676	-0.015485
0	0	20	-0.00020233	0.542309	-0.0152413
0	0	22	0.00026359	0.594931	-0.0148476
0	0	24	0.00073046	0.646065	-0.0142818
0	0	26	0.00119002	0.695161	-0.0135331
0	0	28	0.00163493	0.741608	-0.0125993
0	0	30	0.00205666	0.78477	-0.0114811
0	0	32	0.0024481	0.824006	-0.0101993
0	0	34	0.00280282	0.858734	-0.00877069
0	0	36	0.00311477	0.888427	-0.00722309
0	0	38	0.00338031	0.912632	-0.00559113
0	0	40	0.00359632	0.931004	-0.00390473
0	0	42	0.00376107	0.943299	-0.00219351
0	0	44	0.00387435	0.949355	-0.00048578
0	0	46	0.00393553	0.949102	0.00119574
0	0	48	0.00394615	0.942549	0.002827
0	0	50	0.00390817	0.92978	0.00438449
0	0	52	0.00382386	0.910964	0.00584433
0	0	54	0.0036965	0.886361	0.00718084
0	0	56	0.0035289	0.856341	0.00837551
0	0	58	0.00332439	0.821351	0.00940838
0	0	60	0.00308754	0.781921	0.0102667
0	0	62	0.00282225	0.738654	0.0109527
0	0	64	0.00253387	0.692187	0.0114752
0	0	66	0.00222687	0.643141	0.0118479
0	0	68	0.00190528	0.592108	0.0120884
0	0	70	0.00157338	0.539643	0.012227
0	0	72	0.0012364	0.486221	0.0122913
0	0	74	0.00089752	0.432218	0.0122986
0	0	76	0.00055959	0.377924	0.0122808
0	0	78	0.00022508	0.323573	0.0122516
0	0	80	-0.00010391	0.26931	0.0122292
0	0	82	-0.00042663	0.215208	0.012227
0	0	84	-0.00074137	0.161294	0.0122459
0	0	86	-0.00104739	0.107553	0.0122997
0	0	88	-0.00134477	0.0539377	0.0123873
0	0	90	-0.00163309	0.00038175	0.0125068
0	0	92	-0.00191126	-0.053197	0.0126535
0	0	94	-0.00217803	-0.106866	0.0128235
0	0	96	-0.00243399	-0.160683	0.0130063
0	0	98	-0.00267734	-0.2147	0.0131916
0	0	100	-0.00290809	-0.268948	0.0133652
0	0	102	-0.00312487	-0.323387	0.0135041
0	0	104	-0.00332722	-0.377931	0.0135905
0	0	106	-0.00351505	-0.432436	0.0136078
0	0	108	-0.00368748	-0.486689	0.0135251
0	0	110	-0.00384564	-0.540369	0.013324
0	0	112	-0.00398896	-0.593076	0.0129833
0	0	114	-0.00411763	-0.644341	0.0124828
0	0	116	-0.00423263	-0.69361	0.0118125
0	0	118	-0.00433354	-0.740267	0.010967
0	0	120	-0.00442111	-0.783662	0.00995764
0	0	122	-0.0044965	-0.823158	0.00879815
0	0	124	-0.00455777	-0.858159	0.00750816
0	0	126	-0.0046059	-0.888122	0.00611813
0	0	128	-0.00464161	-0.912592	0.00466077
0	0	130	-0.00466407	-0.931215	0.00316584
0	0	132	-0.00467218	-0.943738	0.00165776
0	0	134	-0.0046664	-0.949995	0.00016452
0	0	136	-0.00464577	-0.949907	-0.00129302
0	0	138	-0.00460947	-0.943482	-0.00269664
0	0	140	-0.00455642	-0.930799	-0.004026
0	0	142	-0.00448478	-0.912029	-0.0052603
0	0	144	-0.00439318	-0.887431	-0.00638173
0	0	146	-0.00428035	-0.857366	-0.00737528
0	0	148	-0.00414411	-0.822291	-0.00822599
0	0	150	-0.00398474	-0.782741	-0.00893194
0	0	152	-0.00380054	-0.739321	-0.00949646
0	0	154	-0.00359149	-0.692667	-0.00993368
0	0	156	-0.00335856	-0.643413	-0.0102581
0	0	158	-0.00310224	-0.592155	-0.0104917
0	0	160	-0.00282547	-0.539458	-0.0106667
0	0	162	-0.0025296	-0.485795	-0.0108006
0	0	164	-0.00221696	-0.431549	-0.0109214
0	0	166	-0.00189033	-0.37702	-0.0110416
0	0	168	-0.00155422	-0.32244	-0.0111775
0	0	170	-0.00121025	-0.267956	-0.0113421
0	0	172	-0.00086358	-0.213636	-0.0115385
0	0	174	-0.00051702	-0.159517	-0.0117671
0	0	176	-0.00017309	-0.105589	-0.0120298
0	0	178	0.00016602	-0.051804	-0.0123236
0	0	180	0.00049827	0.0019113	-0.0126377
0	0	182	0.00082132	0.0556309	-0.0129645
0	0	184	0.0011358	0.109416	-0.0132986
0	0	186	0.00144199	0.163334	-0.0136229
0	0	188	0.00174046	0.217431	-0.0139241
0	0	190	0.00203345	0.271722	-0.0141851
0	0	192	0.00232113	0.326173	-0.0143875
0	0	194	0.00260608	0.380706	-0.0145128
0	0	196	0.00288844	0.435178	-0.0145325
0	0	198	0.00316841	0.489363	-0.014424
0	0	200	0.00344551	0.542949	-0.0141722
0	0	202	0.00371874	0.595534	-0.0137565
0	0	204	0.00398606	0.646658	-0.0131665
0	0	206	0.0042435	0.695763	-0.0123922
0	0	208	0.00448842	0.742238	-0.0114414
0	0	210	0.00471627	0.785445	-0.010325
0	0	212	0.004925	0.82476	-0.00906541
0	0	214	0.00511065	0.859585	-0.00768619
0	0	216	0.00527017	0.889382	-0.00621709
0	0	218	0.00540257	0.913706	-0.0046934
0	0	220	0.00550601	0.93221	-0.00314086
0	0	222	0.0055799	0.944644	-0.00158177
0	0	224	0.00562413	0.950844	-3.924e-05
0	0	226	0.0056391	0.950737	0.00147133
0	0	228	0.00562534	0.944326	0.00293418
0	0	230	0.0055829	0.931695	0.00433352
0	0	232	0.0055132	0.913013	0.0056537
0	0	234	0.00541626	0.888537	0.00687711
0	0	236	0.00529345	0.858619	0.00798638
0	0	238	0.00514542	0.823713	0.00896969
0	0	240	0.00497249	0.784354	0.00981659
0	0	242	0.004778	0.74114	0.0105308
0	0	244	0.00456202	0.694698	0.0111129
0	0	246	0.00432634	0.645653	0.011574
0	0	248	0.00407279	0.594612	0.0119342
0	0	250	0.00380353	0.542119	0.0122124
0	0	252	0.00352128	0.488653	0.0124342
0	0	254	0.0032275	0.434598	0.012616
0	0	256	0.00292427	0.38026	0.0127791
0	0	258	0.00261424	0.325866	0.0129419
0	0	260	0.00229882	0.271554	0.0131135
0	0	262	0.00197986	0.2174	0.013301
0	0	264	0.00165904	0.163436	0.0135096
0	0	266	0.00133747	0.109647	0.0137402
0	0	268	0.00101743	0.055985	0.0139907
0	0	270	0.00069868	0.00238037	0.0142477
0	0	272	0.00038246	-0.0512519	0.0145004
0	0	274	6.993e-05	-0.104984	0.0147445
0	0	276	-0.00023919	-0.158881	0.0149612
0	0	278	-0.00054394	-0.213002	0.0151345
0	0	280	-0.00084338	-0.267364	0.0152491
0	0	282	-0.00113774	-0.321938	0.0152943
0	0	284	-0.00142589	-0.376641	0.0152456
0	0	286	-0.00170733	-0.431334	0.0150844
0	0	288	-0.0019809	-0.4858	0.0147932
0	0	290	-0.00224589	-0.539719	0.0143595
0	0	292	-0.0025013	-0.592678	0.0137703
0	0	294	-0.00274499	-0.644206	0.0130095
0	0	296	-0.00297486	-0.69374	0.0120795
0	0	298	-0.00318937	-0.74065	0.0109795
0	0	300	-0.00338714	-0.784293	0.00972083
0	0	302	-0.00356605	-0.824028	0.00832774
0	0	304	-0.0037236	-0.859248	0.00681912
0	0	306	-0.003859	-0.889406	0.00522682
0	0	308	-0.00397019	-0.914044	0.00357934
0	0	310	-0.00405713	-0.932808	0.00190137
0	0	312	-0.00411817	-0.94545	0.00022129
0	0	314	-0.0041534	-0.951804	-0.0014402
0	0	316	-0.00416153	-0.951794	-0.00306313
0	0	318	-0.00414294	-0.945426	-0.00462732
0	0	320	-0.00409822	-0.932791	-0.00611273
0	0	322	-0.00402658	-0.914064	-0.00749694
0	0	324	-0.00392925	-0.889514	-0.00875866
0	0	326	-0.00380656	-0.859499	-0.0098756
0	0	328	-0.00365897	-0.824484	-0.0108299
0	0	330	-0.00348832	-0.785017	-0.011618
0	0	332	-0.00329579	-0.741704	-0.0122373
0	0	334	-0.00308322	-0.695172	-0.0126902
0	0	336	-0.00285164	-0.646055	-0.0129989
0	0	338	-0.00260304	-0.594958	-0.0131819
0	0	340	-0.00234052	-0.542424	-0.0132635
0	0	342	-0.00206487	-0.488928	-0.01327
0	0	344	-0.00177708	-0.434851	-0.0132223
0	0	346	-0.0014792	-0.380502	-0.0131476
0	0	348	-0.00117222	-0.326104	-0.0130646
0	0	350	-0.00085706	-0.271793	-0.0129842
0	0	352	-0.0005349	-0.217651	-0.0129143
0	0	354	-0.00020662	-0.163704	-0.0128655
0	0	356	0.00012612	-0.109942	-0.0128418
0	0	358	0.00046174	-0.0563197	-0.0128333
0	0	360	0.00079981	-0.00276533	-0.0128436
0	0	362	0.001139	0.050792	-0.0128608
0	0	364	0.00147737	0.104424	-0.012876
0	0	366	0.00181299	0.1582	-0.0128815
0	0	368	0.00214357	0.212165	-0.0128615
0	0	370	0.00246776	0.266336	-0.0128045
0	0	372	0.00278312	0.320683	-0.0127026
0	0	374	0.00308681	0.375126	-0.0125361
0	0	376	0.00337838	0.429525	-0.0122869
0	0	378	0.00365383	0.483667	-0.0119385
0	0	380	0.00391161	0.537238	-0.0114829
0	0	382	0.00414952	0.589846	-0.0108961
0	0	384	0.00436587	0.64102	-0.0101698
0	0	386	0.0045584	0.690216	-0.00930122
0	0	388	0.00472651	0.736805	-0.00828698
0	0	390	0.00486825	0.780163	-0.00712948
0	0	392	0.00498233	0.819657	-0.00584025
0	0	394	0.00506915	0.854683	-0.00444188
0	0	396	0.00512913	0.884695	-0.00295889
0	0	398	0.0051616	0.909241	-0.00141185
0	0	400	0.00516782	0.927975	0.00017246
0	0	402	0.00514847	0.940637	0.00177178
0	0	404	0.00510353	0.94707	0.00336351
0	0	406	0.00503383	0.947201	0.00492871
0	0	408	0.0049406	0.941037	0.00644632
0	0	410	0.00482396	0.928663	0.00789245
0	0	412	0.00468469	0.910254	0.00924055
0	0	414	0.00452306	0.886071	0.0104682
0	0	416	0.0043401	0.856472	0.0115481
0	0	418	0.00413749	0.821902	0.0124581
0	0	420	0.00391535	0.782894	0.0131866
0	0	422	0.00367667	0.74004	0.0137277
0	0	424	0.00342224	0.693959	0.0140865
0	0	426	0.00315435	0.645273	0.0142777
0	0	428	0.00287624	0.594583	0.0143207
0	0	430	0.00258953	0.542425	0.0142412
0	0	432	0.00229613	0.489258	0.014069
0	0	434	0.00199881	0.435466	0.0138279
0	0	436	0.00169907	0.381351	0.013539
0	0	438	0.00139782	0.327145	0.0132316
0	0	440	0.00109785	0.272983	0.0129228
0	0	442	0.00079977	0.218939	0.0126208
0	0	444	0.00050429	0.165055	0.0123387
0	0	446	0.00021276	0.111323	0.0120827
0	0	448	-7.525e-05	0.0576896	0.0118594
0	0	450	-0.00035815	0.00408671	0.0116633
0	0	452	-0.00063577	-0.0495371	0.0114933
0	0	454	-0.00090958	-0.103258	0.0113478
0	0	456	-0.00117737	-0.15715	0.0112161
0	0	458	-0.00144052	-0.211261	0.0110858
0	0	460	-0.00169849	-0.2656	0.0109453
0	0	462	-0.00195024	-0.320134	0.0107838
0	0	464	-0.0021972	-0.374792	0.0105831
0	0	466	-0.00243759	-0.429427	0.0103174
0	0	468	-0.00267046	-0.483812	0.00997531
0	0	470	-0.00289559	-0.537642	0.00953689
0	0	472	-0.0031116	-0.590522	0.00898355
0	0	474	-0.00331637	-0.641971	0.00829716
0	0	476	-0.00350875	-0.691423	0.00747186
0	0	478	-0.00368737	-0.738264	0.00650876
0	0	480	-0.00385097	-0.781851	0.00540978
0	0	482	-0.00399637	-0.821539	0.00418426
0	0	484	-0.00412259	-0.85672	0.00285399
0	0	486	-0.00422769	-0.88685	0.00144115
0	0	488	-0.00431074	-0.911472	-3.206e-05
0	0	490	-0.00437123	-0.930227	-0.00154255
0	0	492	-0.00440725	-0.942852	-0.0030664
0	0	494	-0.00441853	-0.949189	-0.00458248
0	0	496	-0.00440504	-0.94916	-0.00607384
0	0	498	-0.00436584	-0.942766	-0.00751856
0	0	500	-0.00430101	-0.930087	-0.00889384
0	0	502	-0.00421081	-0.911305	-0.010176
0	0	504	-0.00409494	-0.886685	-0.0113397
0	0	506	-0.00395406	-0.856584	-0.0123594
0	0	508	-0.00378947	-0.821465	-0.0132174
0	0	510	-0.0036017	-0.781874	-0.0139022
0	0	512	-0.00339237	-0.738417	-0.0144103
0	0	514	-0.00316389	-0.691728	-0.0147456
0	0	516	-0.00291872	-0.642451	-0.0149244
0	0	518	-0.00265899	-0.59121	-0.0149674
0	0	520	-0.00238675	-0.538557	-0.0148989
0	0	522	-0.00210378	-0.484972	-0.0147463
0	0	524	-0.0018123	-0.430856	-0.0145287
0	0	526	-0.00151383	-0.376527	-0.014271
0	0	528	-0.0012102	-0.322213	-0.0139964
0	0	530	-0.0009019	-0.268054	-0.0137159
0	0	532	-0.00059027	-0.214126	-0.0134477
0	0	534	-0.00027528	-0.160456	-0.0131934
0	0	536	4.145e-05	-0.107015	-0.0129592
0	0	538	0.00036004	-0.0537371	-0.0127486
0	0	540	0.00067922	-0.00053914	-0.0125564
0	0	542	0.00099856	0.0526621	-0.0123844
0	0	544	0.00131807	0.105952	-0.012221
0	0	546	0.00163613	0.159423	-0.0120617
0	0	548	0.00195249	0.213137	-0.0118926
0	0	550	0.00226538	0.267116	-0.0117008
0	0	552	0.00257247	0.32134	-0.0114745
0	0	554	0.002873	0.375742	-0.0111899
0	0	556	0.00316479	0.43017	-0.0108357
0	0	558	0.00344504	0.484389	-0.010391
0	0	560	0.00371133	0.538087	-0.00984118
0	0	562	0.0039619	0.590867	-0.00917293
0	0	564	0.0041944	0.642236	-0.00837479
0	0	566	0.00440668	0.691626	-0.00744739
0	0	568	0.00459726	0.738414	-0.00639398
0	0	570	0.00476464	0.781959	-0.00522278
0	0	572	0.00490868	0.82162	-0.00395187
0	0	574	0.00502991	0.856784	-0.00260409
0	0	576	0.00512842	0.886913	-0.00120407
0	0	578	0.00520419	0.911555	0.00022962
0	0	580	0.00525924	0.930356	0.00167304
0	0	582	0.00529421	0.94306	0.00310388
0	0	584	0.00531034	0.949508	0.00451004
0	0	586	0.00530832	0.949627	0.00587639
0	0	588	0.00528838	0.943418	0.00718834
0	0	590	0.00525068	0.930971	0.00843008
0	0	592	0.00519749	0.912459	0.0095815
0	0	594	0.00512699	0.888145	0.0106237
0	0	596	0.00503843	0.858381	0.0115361
0	0	598	0.00493234	0.823621	0.0123058
0	0	600	0.00480847	0.784403	0.0129269
0	0	602	0.0046665	0.741321	0.0133892
0	0	604	0.00450648	0.694993	0.0137022
0	0	606	0.00432851	0.646057	0.0138882
0	0	608	0.00413155	0.595123	0.0139629
0	0	610	0.00391724	0.542726	0.0139495
0	0	612	0.00368547	0.489338	0.0138656
0	0	614	0.00343664	0.43535	0.0137426
0	0	616	0.0031722	0.381071	0.0136002
0	0	618	0.00289262	0.326717	0.0134494
0	0	620	0.00259885	0.27243	0.013304
0	0	622	0.00229289	0.218293	0.0131766
0	0	624	0.00197573	0.164339	0.0130776
0	0	626	0.0016491	0.110546	0.0130003
0	0	628	0.00131506	0.056857	0.0129468
0	0	630	0.00097595	0.00320968	0.0129182
0	0	632	0.00063188	-0.0504634	0.0129066
0	0	634	0.00028658	-0.104227	0.0129056
0	0	636	-5.809e-05	-0.158162	0.0129019
0	0	638	-0.00040091	-0.212302	0.0128874
0	0	640	-0.00073893	-0.266653	0.0128519
0	0	642	-0.00106973	-0.32119	0.0127734
0	0	644	-0.00139274	-0.375834	0.0126297
0	0	646	-0.00170522	-0.430422	0.0124097
0	0	648	-0.00200538	-0.484722	0.0120912
0	0	650	-0.00229164	-0.538427	0.0116572
0	0	652	-0.0025623	-0.591144	0.0110836
0	0	654	-0.00281548	-0.642384	0.010363
0	0	656	-0.0030511	-0.691594	0.00949424
0	0	658	-0.00326781	-0.73817	0.00847505
0	0	660	-0.0034643	-0.781476	0.00731989
0	0	662	-0.00364102	-0.820879	0.00604571
0	0	664	-0.00379812	-0.855784	0.0046845
0	0	666	-0.00393528	-0.885664	0.00326184
0	0	668	-0.00405428	-0.910078	0.00180388
0	0	670	-0.00415567	-0.928678	0.00034254
0	0	672	-0.00424119	-0.941211	-0.00109722
0	0	674	-0.0043125	-0.947525	-0.00249701
0	0	676	-0.00437024	-0.94755	-0.00384013
0	0	678	-0.00441677	-0.941291	-0.00510923
0	0	680	-0.00445227	-0.928828	-0.00628773
0	0	682	-0.00447736	-0.910334	-0.00735921
0	0	684	-0.00449145	-0.886068	-0.00830581
0	0	686	-0.00449534	-0.85638	-0.00911238
0	0	688	-0.00448833	-0.82172	-0.00977398
0	0	690	-0.00446972	-0.78262	-0.0102846
0	0	692	-0.00443815	-0.739664	-0.0106463
0	0	694	-0.00439275	-0.693472	-0.0108778
0	0	696	-0.0043336	-0.644673	-0.0109935
0	0	698	-0.00425972	-0.593863	-0.0110164
0	0	700	-0.00417014	-0.541578	-0.0109742
0	0	702	-0.00406515	-0.488284	-0.010886
0	0	704	-0.0039454	-0.434375	-0.0107806
0	0	706	-0.00381029	-0.380151	-0.0106707
0	0	708	-0.00366116	-0.325829	-0.010571
0	0	710	-0.00349947	-0.271552	-0.0104929
0	0	712	-0.00332596	-0.217412	-0.0104471
0	0	714	-0.00314191	-0.163447	-0.0104351
0	0	716	-0.0029476	-0.109634	-0.0104539
0	0	718	-0.00274552	-0.0559355	-0.0105088
0	0	720	-0.00253426	-0.00229041	-0.0105947
0	0	722	-0.00231337	0.0513757	-0.0107033
0	0	724	-0.00208213	0.105127	-0.0108259
0	0	726	-0.00183938	0.159023	-0.0109543
0	0	728	-0.0015837	0.213106	-0.0110843
0	0	730	-0.00131277	0.267387	-0.0111942
0	0	732	-0.00102585	0.32184	-0.0112644
0	0	734	-0.00072324	0.376387	-0.0112806
0	0	736	-0.00040477	0.430876	-0.011227
0	0	738	-7.287e-05	0.485074	-0.0110746
0	0	740	0.00026942	0.538679	-0.0107996
0	0	742	0.00061744	0.591299	-0.0103871
0	0	744	0.00096575	0.642459	-0.00982107
0	0	746	0.00130761	0.6916	-0.00908619
0	0	748	0.00163686	0.738123	-0.00817441
0	0	750	0.00194626	0.78139	-0.00709126
0	0	752	0.00223049	0.820767	-0.00585476
0	0	754	0.00248368	0.855651	-0.00448106
0	0	756	0.00270251	0.885508	-0.00299489
0	0	758	0.00288253	0.909894	-0.00142563
0	0	760	0.00302316	0.928451	0.00019737
0	0	762	0.0031231	0.940921	0.00184764
0	0	764	0.00318366	0.947145	0.00349712
0	0	766	0.00320589	0.947042	0.00511959
0	0	768	0.00319127	0.940615	0.00669014
0	0	770	0.00314252	0.927949	0.00818235
0	0	772	0.00306429	0.909208	0.00956697
0	0	774	0.0029585	0.884653	0.0108125
0	0	776	0.0028287	0.854646	0.011898
0	0	778	0.00267927	0.819643	0.012804
0	0	780	0.00251325	0.78018	0.0135124
0	0	782	0.00233389	0.736864	0.0140255
0	0	784	0.00214523	0.690325	0.014347
0	0	786	0.00195103	0.641205	0.0144965
0	0	788	0.00175221	0.590109	0.0144905
0	0	790	0.00155181	0.537599	0.0143571
0	0	792	0.00135189	0.484156	0.014125
0	0	794	0.00115368	0.430185	0.0138265
0	0	796	0.0009577	0.375997	0.0134843
0	0	798	0.0007653	0.321817	0.0131102
0	0	800	0.00057624	0.267788	0.0127303
0	0	802	0.00038968	0.213988	0.012363
0	0	804	0.00020638	0.160444	0.0120111
0	0	806	2.389e-05	0.107124	0.0116817
0	0	808	-0.00015785	0.0539695	0.011379
0	0	810	-0.00033997	0.00089638	0.0111032
0	0	812	-0.00052396	-0.0521768	0.0108557
0	0	814	-0.00071003	-0.105347	0.0106238
0	0	816	-0.00089987	-0.158697	0.010406
0	0	818	-0.00109374	-0.212285	0.0101958
0	0	820	-0.00129185	-0.266127	0.00998141
0	0	822	-0.00149386	-0.320215	0.00974746
0	0	824	-0.00170098	-0.374481	0.00948094
0	0	826	-0.00191217	-0.428766	0.0091698
0	0	828	-0.00212583	-0.482846	0.00879504
0	0	830	-0.00234014	-0.536416	0.0083417
0	0	832	-0.00255406	-0.589072	0.00779943
0	0	834	-0.00276585	-0.640324	0.00715503
0	0	836	-0.00297263	-0.689602	0.00640949
0	0	838	-0.0031711	-0.736306	0.00555666
0	0	840	-0.00335932	-0.779787	0.00460821
0	0	842	-0.0035355	-0.819397	0.00357767
0	0	844	-0.00369697	-0.854529	0.00247982
0	0	846	-0.00384184	-0.884644	0.00133612
0	0	848	-0.00396821	-0.90929	0.0001664
0	0	850	-0.00407534	-0.928106	-0.00101073
0	0	852	-0.00416113	-0.940837	-0.00217939
0	0	854	-0.00422593	-0.947321	-0.00332743
0	0	856	-0.00426728	-0.947482	-0.00444406
0	0	858	-0.00428591	-0.941323	-0.00551865
0	0	860	-0.00428132	-0.928934	-0.00653987
0	0	862	-0.00425259	-0.910481	-0.00749505
0	0	864	-0.00419897	-0.886223	-0.00836913
0	0	866	-0.00411996	-0.856521	-0.00914815
0	0	868	-0.00401632	-0.821823	-0.0098234
0	0	870	-0.00388947	-0.782664	-0.0103872
0	0	872	-0.00373774	-0.739636	-0.0108401
0	0	874	-0.00356453	-0.693372	-0.0111948
0	0	876	-0.00337106	-0.644502	-0.0114614
0	0	878	-0.00315924	-0.593619	-0.0116592
0	0	880	-0.00293226	-0.541264	-0.0118058
0	0	882	-0.00269223	-0.487914	-0.0119181
0	0	884	-0.00244176	-0.433961	-0.0120198
0	0	886	-0.00218253	-0.379708	-0.0121192
0	0	888	-0.00191782	-0.325369	-0.0122282
0	0	890	-0.00164967	-0.271097	-0.0123593
0	0	892	-0.00137937	-0.216973	-0.0125096
0	0	894	-0.001109	-0.163029	-0.0126811
0	0	896	-0.00083922	-0.109238	-0.0128758
0	0	898	-0.00057177	-0.0555736	-0.0130926
0	0	900	-0.00030687	-0.00197173	-0.0133275
0	0	902	-4.432e-05	0.0516469	-0.0135692
0	0	904	0.00021442	0.105355	-0.0138133
0	0	906	0.0004705	0.159206	-0.0140473
0	0	908	0.0007226	0.213247	-0.0142621
0	0	910	0.00097166	0.267488	-0.0144354
0	0	912	0.00121686	0.321905	-0.0145465
0	0	914	0.00145891	0.376414	-0.0145811
0	0	916	0.00169536	0.430869	-0.0145132
0	0	918	0.00192585	0.48505	-0.0143143
0	0	920	0.00214878	0.538657	-0.0139569
0	0	922	0.00236216	0.591296	-0.0134261
0	0	924	0.00256431	0.64249	-0.0127138
0	0	926	0.00275382	0.691687	-0.0118028
0	0	928	0.00292936	0.738286	-0.0106935
0	0	930	0.00308757	0.781654	-0.00940222
0	0	932	0.00322816	0.821149	-0.00794694
0	0	934	0.0033508	0.856168	-0.00635661
0	0	936	0.00345379	0.886178	-0.00466064
0	0	938	0.00353651	0.910726	-0.0028928
0	0	940	0.00359988	0.929453	-0.00108769
0	0	942	0.00364284	0.9421	0.00072674
0	0	944	0.00366644	0.948503	0.00252421
0	0	946	0.00367126	0.948583	0.00427824
0	0	948	0.00365803	0.942343	0.00596572
0	0	950	0.00362629	0.929861	0.00756133
0	0	952	0.00357605	0.911299	0.0090386
0	0	954	0.00350817	0.886918	0.0103715
0	0	956	0.00342294	0.857074	0.0115372
0	0	958	0.00332085	0.822218	0.0125186
0	0	960	0.00320373	0.782877	0.0133025
0	0	962	0.00307179	0.739645	0.0138897
0	0	964	0.00292533	0.693164	0.0142884
0	0	966	0.00276644	0.644063	0.0145156
0	0	968	0.00259593	0.592938	0.0145957
0	0	970	0.00241357	0.540343	0.0145484
0	0	972	0.00222195	0.486762	0.0144108
0	0	974	0.00202162	0.432587	0.01421
0	0	976	0.00181372	0.378126	0.0139647
0	0	978	0.00159884	0.323609	0.0136984
0	0	980	0.00137719	0.269189	0.0134257
0	0	982	0.00115045	0.214954	0.0131651
0	0	984	0.00091924	0.160932	0.0129174
0	0	986	0.0006842	0.107107	0.0126881
0	0	988	0.00044626	0.0534437	0.012479
0	0	990	0.00020633	-0.00011596	0.0122903
0	0	992	-3.457e-05	-0.053653	0.0121215
0	0	994	-0.00027534	-0.107242	0.0119607
0	0	996	-0.00051515	-0.160949	0.0118048
0	0	998	-0.00075177	-0.214822	0.0116411
0	0	1000	-0.00098475	-0.268885	0.0114578
0	0	1002	-0.00121298	-0.323123	0.011245
0	0	1004	-0.00143472	-0.377448	0.0109808
0	0	1006	-0.00164938	-0.431715	0.0106508
0	0	1008	-0.00185458	-0.485717	0.0102424
0	0	1010	-0.00204847	-0.539155	0.00973573
0	0	1012	-0.00223152	-0.591633	0.00911655
0	0	1014	-0.00240146	-0.642672	0.00837519
0	0	1016	-0.00255576	-0.691722	0.00751188
0	0	1018	-0.00269378	-0.738182	0.00652722
0	0	1020	-0.00281388	-0.781409	0.00543067
0	0	1022	-0.00291458	-0.820768	0.00423576
0	0	1024	-0.00299323	-0.855664	0.00296329
0	0	1026	-0.00304977	-0.885557	0.0016364
0	0	1028	-0.00308293	-0.909989	0.00027755
0	0	1030	-0.00309102	-0.928604	-0.00109116
0	0	1032	-0.00307415	-0.941143	-0.0024508
0	0	1034	-0.00303077	-0.947438	-0.00378596
0	0	1036	-0.00296302	-0.947407	-0.00508285
0	0	1038	-0.00286938	-0.941049	-0.00632308
0	0	1040	-0.00275156	-0.928446	-0.00749101
0	0	1042	-0.00261068	-0.909763	-0.00856715
0	0	1044	-0.00244751	-0.885258	-0.00953193
0	0	1046	-0.00226443	-0.855292	-0.0103671
0	0	1048	-0.00206377	-0.820325	-0.0110551
0	0	1050	-0.00184938	-0.780886	-0.011589
0	0	1052	-0.00162471	-0.737571	-0.0119713
0	0	1054	-0.00139173	-0.691025	-0.0122075
0	0	1056	-0.00115453	-0.641879	-0.012314
0	0	1058	-0.0009155	-0.590722	-0.0123071
0	0	1060	-0.00067666	-0.538096	-0.0122127
0	0	1062	-0.00044066	-0.484491	-0.0120611
0	0	1064	-0.00020737	-0.430301	-0.0118623
0	0	1066	2.11e-05	-0.375808	-0.0116482
0	0	1068	0.00024499	-0.321246	-0.0114365
0	0	1070	0.00046537	-0.266778	-0.0112316
0	0	1072	0.00068216	-0.212478	-0.0110502
0	0	1074	0.00089558	-0.158368	-0.0109035
0	0	1076	0.00110639	-0.104446	-0.010791
0	0	1078	0.00131597	-0.0506711	-0.0107153
0	0	1080	0.0015238	0.00302794	-0.0106794
0	0	1082	0.00173117	0.0567274	-0.0106718
0	0	1084	0.00193852	0.110498	-0.0106968
0	0	1086	0.00214516	0.164405	-0.010743
0	0	1088	0.00235097	0.2185	-0.0107951
0	0	1090	0.00255614	0.272812	-0.010843
0	0	1092	0.00275965	0.32732	-0.0108679
0	0	1094	0.00296006	0.381939	-0.0108512
0	0	1096	0.00315657	0.436539	-0.0107771
0	0	1098	0.00334703	0.490905	-0.010615
0	0	1100	0.0035296	0.544735	-0.0103459
0	0	1102	0.00370288	0.597652	-0.00994729
0	0	1104	0.00386372	0.649174	-0.00939986
0	0	1106	0.00401018	0.698759	-0.00869024
0	0	1108	0.00414088	0.745797	-0.00781384
0	0	1110	0.0042545	0.78965	-0.00677812
0	0	1112	0.00435027	0.82967	-0.0055835
0	0	1114	0.00442728	0.865253	-0.00424884
0	0	1116	0.00448582	0.895853	-0.00280215
0	0	1118	0.00452694	0.921005	-0.00126708
0	0	1120	0.00454886	0.940343	0.00033074
0	0	1122	0.00455374	0.953609	0.00196533
0	0	1124	0.00454276	0.960641	0.00360974
0	0	1126	0.00451578	0.961359	0.00523973
0	0	1128	0.0044746	0.955775	0.00683017
0	0	1130	0.00441786	0.943976	0.00835391
0	0	1132	0.00434757	0.92613	0.00978209
0	0	1134	0.00426312	0.902508	0.0110879
0	0	1136	0.00416559	0.873471	0.0122418
0	0	1138	0.00405519	0.83947	0.0132206
0	0	1140	0.00393205	0.801031	0.01401
0	0	1142	0.00379728	0.758756	0.0146011
0	0	1144	0.00365184	0.713277	0.0149985
0	0	1146	0.00349572	0.665215	0.0152096
0	0	1148	0.0033309	0.615169	0.015257
0	0	1150	0.00315769	0.563692	0.0151664
0	0	1152	0.00297585	0.511262	0.0149603
0	0	1154	0.00278823	0.458266	0.0146648
0	0	1156	0.00259403	0.405009	0.0143024
0	0	1158	0.0023947	0.351723	0.0139041
0	0	1160	0.00219011	0.29856	0.0134815
0	0	1162	0.00198057	0.245608	0.0130477
0	0	1164	0.00176648	0.192899	0.0126115
0	0	1166	0.00154809	0.140424	0.0121793
0	0	1168	0.00132586	0.0881455	0.0117617
0	0	1170	0.00109955	0.0360071	0.0113454
0	0	1172	0.00086895	-0.0160627	0.0109292
0	0	1174	0.00063576	-0.0681334	0.0105162
0	0	1176	0.00039931	-0.120261	0.0101001
0	0	1178	0.00016016	-0.172479	0.00967006
0	0	1180	-8.063e-05	-0.224814	0.00921724
0	0	1182	-0.00032208	-0.277243	0.00873604
0	0	1184	-0.00056331	-0.329676	0.0082187
0	0	1186	-0.00080443	-0.381971	0.00765553
0	0	1188	-0.00104294	-0.433932	0.00703861
0	0	1190	-0.00127759	-0.485251	0.00635861
0	0	1192	-0.00150723	-0.535553	0.00560997
0	0	1194	-0.00173048	-0.584386	0.00479256
0	0	1196	-0.00194553	-0.631222	0.00389799
0	0	1198	-0.00215056	-0.675472	0.0029321
0	0	1200	-0.0023431	-0.71652	0.00190706
0	0	1202	-0.00252205	-0.753757	0.00083123
0	0	1204	-0.0026872	-0.786604	-0.00028244
0	0	1206	-0.00283566	-0.81453	-0.00141656
0	0	1208	-0.00296699	-0.837088	-0.00255536
0	0	1210	-0.00308097	-0.853923	-0.00368364
0	0	1212	-0.00317666	-0.864764	-0.00478605
0	0	1214	-0.00325414	-0.869417	-0.00585182
0	0	1216	-0.00331203	-0.867776	-0.00686412
0	0	1218	-0.00335123	-0.859805	-0.00780577
0	0	1220	-0.00337125	-0.845543	-0.0086545
0	0	1222	-0.00337166	-0.825108	-0.00938735
0	0	1224	-0.0033523	-0.79872	-0.00997685
0	0	1226	-0.00331432	-0.766696	-0.0103988
0	0	1228	-0.00325737	-0.729452	-0.0106356
0	0	1230	-0.00318288	-0.687499	-0.0106722
0	0	1232	-0.00309267	-0.641422	-0.010512
0	0	1234	-0.00298764	-0.591851	-0.0101656
0	0	1236	-0.00286988	-0.539435	-0.0096524
0	0	1238	-0.00274128	-0.484815	-0.00899755
0	0	1240	-0.00260429	-0.428609	-0.00823114
0	0	1242	-0.00246048	-0.371391	-0.00739069
0	0	1244	-0.00231274	-0.31367	-0.00650114
0	0	1246	-0.00216253	-0.255916	-0.00559453
0	0	1248	-0.00201182	-0.198567	-0.00469523
0	0	1250	-0.00186237	-0.142037	-0.00382353
0	0	1252	-0.00171693	-0.0867212	-0.00300566
0	0	1254	-0.00157716	-0.0330319	-0.00226005
0	0	1256	-0.00144502	0.0185996	-0.00161425
0	0	1258	-0.00132321	0.067721	-0.00109776
0	0	1260	-0.00121458	0.113856	-0.00074049
0	0	1262	-0.00111994	0.156518	-0.00058103
0	0	1264	-0.00104213	0.195237	-0.00066004
0	0	1266	-0.00098449	0.229579	-0.00101727
0	0	1268	-0.0009474	0.259192	-0.0016832
0	0	1270	-0.00093339	0.283828	-0.0026779
0	0	1272	-0.0009422	0.303369	-0.00400687
0	0	1274	-0.00097503	0.317833	-0.00565399
0	0	1276	-0.00102942	0.327393	-0.00757999
0	0	1278	-0.00110362	0.332352	-0.00972146
0	0	1280	-0.00119356	0.333128	-0.0119937
0	0	1282	-0.0012947	0.330233	-0.0142926
0	0	1284	-0.00140205	0.324228	-0.0165047
0	0	1286	-0.00150903	0.315695	-0.0185098
0	0	1288	-0.00160925	0.305204	-0.0201927
0	0	1290	-0.00169687	0.293282	-0.0214497
0	0	1292	-0.00176799	0.280393	-0.0222002
0	0	1294	-0.00181935	0.266927	-0.0223928
0	0	1296	-0.00184963	0.253194	-0.0220027
0	0	1298	-0.00185861	0.239432	-0.0210388
0	0	1300	-0.00184689	0.225809	-0.0195401
0	0	1302	-0.00181777	0.212437	-0.0175739
0	0	1304	-0.0017735	0.199392	-0.0152301
0	0	1306	-0.00171692	0.186718	-0.0126113
0	0	1308	-0.00165121	0.174445	-0.00983382
0	0	1310	-0.00157912	0.162588	-0.00700698
0	0	1312	-0.00150354	0.151167	-0.00423512
0	0	1314	-0.00142556	0.140203	-0.00160814
0	0	1316	-0.00134845	0.129715	0.00080874
0	0	1318	-0.00127199	0.119722	0.00296865
0	0	1320	-0.00119645	0.110239	0.00484818
0	0	1322	-0.00112311	0.101276	0.00643957
0	0	1324	-0.00105233	0.0928338	0.00775138
0	0	1326	-0.00098428	0.0849044	0.00880356
0	0	1328	-0.00091858	0.0774723	0.00962181
0	0	1330	-0.00085442	0.0705201	0.0102343
0	0	1332	-0.00079277	0.0640213	0.0106685
0	0	1334	-0.0007333	0.0579453	0.0109529
0	0	1336	-0.0006752	0.0522628	0.011112
0	0	1338	-0.00061877	0.0469443	0.0111653
0	0	1340	-0.00056412	0.0419602	0.0111295
0	0	1342	-0.00051098	0.037283	0.011017
0	0	1344	-0.00045892	0.0328912	0.0108331
0	0	1346	-0.00040886	0.0287678	0.0105795
0	0	1348	-0.00036083	0.0249048	0.0102513
0	0	1350	-0.00031515	0.0213023	0.0098388
0	0	1352	-0.00027186	0.0179763	0.00932622
0	0	1354	-0.00023153	0.014956	0.00870068
0	0	1356	-0.00019416	0.0122845	0.00795529
0	0	1358	-0.00016076	0.0100072	0.00709893
0	0	1360	-0.00013191	0.00815785	0.00616635
0	0	1362	-0.00010705	0.00673645	0.00521481
0	0	1364	-8.65e-05	0.00570253	0.00430475
0	0	1366	-6.973e-05	0.00498807	0.0034837
0	0	1368	-5.629e-05	0.00451336	0.00277809
0	0	1370	-4.551e-05	0.00420786	0.00219261
0	0	1372	-3.664e-05	0.00401441	0.00171931
0	0	1374	-2.967e-05	0.00389203	0.00134307
0	0	1376	-2.387e-05	0.00381503	0.00104698
0	0	1378	-1.979e-05	0.00376509	0.00081558
0	0	1380	-1.693e-05	0.00373097	0.00063597
0	0	1382	-1.42e-05	0.00370665	0.00049711
0	0	1384	-1.206e-05	0.00368728	0.00039059
0	0	1386	-1.094e-05	0.00367061	0.00030951
0	0	1388	-1.013e-05	0.00365488	0.00024943
0	0	1390	-9.39e-06	0.00363926	0.00020642
0	0	1392	-8.77e-06	0.00362139	0.00017669
0	0	1394	-8.27e-06	0.00360081	0.00015923
0	0	1396	-7.67e-06	0.00357596	0.0001529
0	0	1398	-6.72e-06	0.00354385	0.00015548
0	0	1400	-6.4e-06	0.00350074	0.0001682
0	0	1402	-5.92e-06	0.0034409	0.00019089
0	0	1404	-5.43e-06	0.00335842	0.0002226
0	0	1406	-4.26e-06	0.00324726	0.00026172
0	0	1408	-3.49e-06	0.00310194	0.00030706
0	0	1410	-2.24e-06	0.0029248	0.0003536
0	0	1412	-3.9e-07	0.00272399	0.00039847
0	0	1414	1.45e-06	0.002513	0.00043815
0	0	1416	3.16e-06	0.00230529	0.00047007
0	0	1418	5.06e-06	0.00210906	0.00049461
0	0	1420	7.36e-06	0.00193189	0.00051219
0	0	1422	9.42e-06	0.00177578	0.00052516
0	0	1424	1.134e-05	0.00163925	0.0005341
0	0	1426	1.295e-05	0.00152114	0.00053972
0	0	1428	1.55e-05	0.00141809	0.00054284
0	0	1430	1.711e-05	0.00132874	0.00054332
0	0	1432	1.888e-05	0.00125108	0.0005432
0	0	1434	2.08e-05	0.0011832	0.00054133
0	0	1436	2.318e-05	0.00112325	0.00053838
0	0	1438	2.529e-05	0.0010706	0.00053464
0	0	1440	2.661e-05	0.00102403	0.0005307
0	0	1442	2.778e-05	0.00098247	0.0005266
0	0	1444	2.925e-05	0.00094485	0.00052204
0	0	1446	3.074e-05	0.00091071	0.00051672
0	0	1448	3.215e-05	0.0008797	0.00051104
0	0	1450	3.313e-05	0.00085169	0.00050488
0	0	1452	3.443e-05	0.00082569	0.00049904
0	0	1454	3.543e-05	0.00080115	0.0004928
0	0	1456	3.613e-05	0.00077906	0.00048662
0	0	1458	3.686e-05	0.00075882	0.00047959
0	0	1460	3.775e-05	0.00073932	0.00047347
0	0	1462	3.834e-05	0.00072066	0.00046722
0	0	1464	3.88e-05	0.00070321	0.00046017
0	0	1466	3.93e-05	0.00068681	0.00045289
0	0	1468	3.988e-05	0.00067085	0.00044647
0	0	1470	4.012e-05	0.00065587	0.00044023
0	0	1472	4.032e-05	0.00064144	0.00043326
0	0	1474	4.082e-05	0.00062711	0.00042631
0	0	1476	4.13e-05	0.00061354	0.00041985
0	0	1478	4.131e-05	0.0006002	0.00041342
0	0	1480	4.124e-05	0.00058767	0.00040667
0	0	1482	4.163e-05	0.00057533	0.00040029
0	0	1484	4.146e-05	0.00056313	0.0003937
0	0	1486	4.139e-05	0.00055128	0.00038731
0	0	1488	4.073e-05	0.00053999	0.00038076
0	0	1490	4.087e-05	0.00052936	0.00037429
0	0	1492	4.09e-05	0.00051812	0.00036788
0	0	1494	4.018e-05	0.00050702	0.00036155
0	0	1496	3.982e-05	0.00049664	0.00035574
0	0	1498	3.944e-05	0.0004862	0.00034982
0	0	1500	3.881e-05	0.00047613	0.00034383
0	0	1502	3.926e-05	0.00046685	0.0003381
0	0	1504	3.884e-05	0.00045708	0.00033199
0	0	1506	3.854e-05	0.00044746	0.00032628
0	0	1508	3.818e-05	0.00043799	0.00032066
0	0	1510	3.739e-05	0.00042843	0.00031526
0	0	1512	3.724e-05	0.00041939	0.0003096
0	0	1514	3.727e-05	0.00041086	0.00030437
0	0	1516	3.68e-05	0.00040235	0.00029925
0	0	1518	3.605e-05	0.00039405	0.00029401
0	0	1520	3.53e-05	0.00038515	0.00028928
0	0	1522	3.54e-05	0.00037722	0.00028464
0	0	1524	3.511e-05	0.0003694	0.00027983
0	0	1526	3.465e-05	0.00036157	0.00027446
0	0	1528	3.349e-05	0.00035376	0.00026979
0	0	1530	3.27e-05	0.00034612	0.00026588
0	0	1532	3.246e-05	0.0003392	0.00026153
0	0	1534	3.138e-05	0.00033166	0.00025648
0	0	1536	3.107e-05	0.00032451	0.00025232
0	0	1538	3.05e-05	0.00031762	0.00024836
0	0	1540	3.092e-05	0.00031142	0.00024401
0	0	1542	3.066e-05	0.00030456	0.00024054
0	0	1544	2.948e-05	0.00029787	0.00023637
0	0	1546	2.903e-05	0.00029145	0.00023226
0	0	1548	2.856e-05	0.00028533	0.00022851
0	0	1550	2.822e-05	0.00027901	0.00022442
0	0	1552	2.759e-05	0.00027343	0.00022094
0	0	1554	2.73e-05	0.0002676	0.00021719
0	0	1556	2.668e-05	0.00026156	0.0002137
0	0	1558	2.654e-05	0.00025594	0.00021051
0	0	1560	2.613e-05	0.00025059	0.00020672
0	0	1562	2.566e-05	0.00024561	0.00020349
0	0	1564	2.514e-05	0.0002404	0.00020047
0	0	1566	2.49e-05	0.00023515	0.00019728
0	0	1568	2.438e-05	0.00023012	0.0001941
0	0	1570	2.362e-05	0.00022497	0.00019121
0	0	1572	2.33e-05	0.00022031	0.00018832
0	0	1574	2.274e-05	0.00021493	0.00018564
0	0	1576	2.226e-05	0.00021019	0.00018297
0	0	1578	2.171e-05	0.00020581	0.00018
0	0	1580	2.122e-05	0.00020115	0.00017777
0	0	1582	2.105e-05	0.00019703	0.0001747
0	0	1584	2.043e-05	0.00019268	0.00017175
0	0	1586	1.988e-05	0.00018889	0.0001694
0	0	1588	1.919e-05	0.0001849	0.00016643
0	0	1590	1.871e-05	0.00018111	0.00016377
0	0	1592	1.826e-05	0.00017732	0.0001617
0	0	1594	1.792e-05	0.00017327	0.00015918
0	0	1596	1.738e-05	0.00016945	0.00015682
0	0	1598	1.699e-05	0.00016578	0.00015449
0	0	1600	1.659e-05	0.0001621	0.00015215
0	0	1602	1.591e-05	0.00015903	0.00014999
0	0	1604	1.505e-05	0.00015598	0.00014812
0	0	1606	1.495e-05	0.00015258	0.00014583
0	0	1608	1.465e-05	0.00014935	0.00014354
0	0	1610	1.432e-05	0.00014599	0.00014174
0	0	1612	1.349e-05	0.00014273	0.00013973
0	0	1614	1.332e-05	0.0001399	0.00013788
0	0	1616	1.307e-05	0.00013743	0.00013615
0	0	1618	1.236e-05	0.00013491	0.00013452
0	0	1620	1.212e-05	0.00013158	0.00013276
0	0	1622	1.198e-05	0.0001289	0.00013061
0	0	1624	1.125e-05	0.00012642	0.00012855
0	0	1626	1.037e-05	0.00012413	0.00012639
0	0	1628	1.013e-05	0.0001218	0.00012487
0	0	1630	9.19e-06	0.00011886	0.0001228
0	0	1632	8.76e-06	0.00011648	0.00012106
0	0	1634	8.4e-06	0.00011433	0.00012009
0	0	1636	7.86e-06	0.00011183	0.00011889
0	0	1638	7.48e-06	0.00010924	0.000117
0	0	1640	7.05e-06	0.00010736	0.00011532
0	0	1642	6.71e-06	0.00010536	0.00011361
0	0	1644	6.6e-06	0.00010317	0.00011201
0	0	1646	6.23e-06	0.00010117	0.00011048
0	0	1648	5.16e-06	9.934e-05	0.00010846
0	0	1650	4.51e-06	9.729e-05	0.00010662
