X[mm]	Y[mm]	Z[mm]	Bx[T]	By[T]	Bz[T]
----------------------------------------------------------------------------------------------------------------------------------------------------------------
0	0	-1650	1.025e-05	-6.918e-05	-5.608e-05
0	0	-1648	1.09e-05	-7.143e-05	-5.651e-05
0	0	-1646	1.121e-05	-7.275e-05	-5.747e-05
0	0	-1644	1.092e-05	-7.453e-05	-5.869e-05
0	0	-1642	1.081e-05	-7.625e-05	-5.961e-05
0	0	-1640	1.084e-05	-7.846e-05	-6.029e-05
0	0	-1638	1.099e-05	-8.081e-05	-6.165e-05
0	0	-1636	1.103e-05	-8.226e-05	-6.241e-05
0	0	-1634	1.148e-05	-8.414e-05	-6.415e-05
0	0	-1632	1.174e-05	-8.681e-05	-6.538e-05
0	0	-1630	1.19e-05	-8.863e-05	-6.649e-05
0	0	-1628	1.205e-05	-9.1e-05	-6.766e-05
0	0	-1626	1.213e-05	-9.358e-05	-6.897e-05
0	0	-1624	1.239e-05	-9.555e-05	-7.039e-05
0	0	-1622	1.258e-05	-9.808e-05	-7.143e-05
0	0	-1620	1.306e-05	-0.00010108	-7.276e-05
0	0	-1618	1.289e-05	-0.00010359	-7.454e-05
0	0	-1616	1.303e-05	-0.00010577	-7.565e-05
0	0	-1614	1.33e-05	-0.0001081	-7.691e-05
0	0	-1612	1.379e-05	-0.00011065	-7.819e-05
0	0	-1610	1.356e-05	-0.00011272	-8.002e-05
0	0	-1608	1.357e-05	-0.00011567	-8.143e-05
0	0	-1606	1.405e-05	-0.00011838	-8.297e-05
0	0	-1604	1.456e-05	-0.00012132	-8.463e-05
0	0	-1602	1.493e-05	-0.00012394	-8.598e-05
0	0	-1600	1.505e-05	-0.00012708	-8.699e-05
0	0	-1598	1.491e-05	-0.0001301	-8.941e-05
0	0	-1596	1.541e-05	-0.00013362	-9.15e-05
0	0	-1594	1.554e-05	-0.00013656	-9.276e-05
0	0	-1592	1.577e-05	-0.00013944	-9.493e-05
0	0	-1590	1.57e-05	-0.00014302	-9.68e-05
0	0	-1588	1.555e-05	-0.0001465	-9.877e-05
0	0	-1586	1.621e-05	-0.00015015	-0.00010063
0	0	-1584	1.683e-05	-0.00015367	-0.00010263
0	0	-1582	1.666e-05	-0.00015729	-0.0001048
0	0	-1580	1.694e-05	-0.0001609	-0.00010689
0	0	-1578	1.706e-05	-0.0001647	-0.00010902
0	0	-1576	1.745e-05	-0.00016811	-0.00011063
0	0	-1574	1.758e-05	-0.00017218	-0.00011317
0	0	-1572	1.838e-05	-0.00017619	-0.00011581
0	0	-1570	1.857e-05	-0.00018055	-0.00011768
0	0	-1568	1.862e-05	-0.00018467	-0.00011968
0	0	-1566	1.878e-05	-0.00018873	-0.00012208
0	0	-1564	1.854e-05	-0.00019308	-0.00012436
0	0	-1562	1.89e-05	-0.0001978	-0.00012716
0	0	-1560	1.934e-05	-0.000202	-0.00012937
0	0	-1558	2.002e-05	-0.00020664	-0.00013179
0	0	-1556	2.023e-05	-0.00021167	-0.00013514
0	0	-1554	2.038e-05	-0.00021641	-0.00013786
0	0	-1552	2.04e-05	-0.00022176	-0.00014022
0	0	-1550	2.12e-05	-0.00022663	-0.00014292
0	0	-1548	2.197e-05	-0.00023129	-0.00014536
0	0	-1546	2.221e-05	-0.00023636	-0.00014866
0	0	-1544	2.23e-05	-0.00024204	-0.00015196
0	0	-1542	2.264e-05	-0.00024756	-0.00015491
0	0	-1540	2.268e-05	-0.00025264	-0.00015789
0	0	-1538	2.297e-05	-0.00025814	-0.00016087
0	0	-1536	2.368e-05	-0.00026386	-0.00016424
0	0	-1534	2.394e-05	-0.00026939	-0.00016751
0	0	-1532	2.386e-05	-0.00027507	-0.00017092
0	0	-1530	2.39e-05	-0.00028118	-0.00017398
0	0	-1528	2.472e-05	-0.00028726	-0.00017749
0	0	-1526	2.508e-05	-0.00029306	-0.00018103
0	0	-1524	2.51e-05	-0.00029916	-0.00018504
0	0	-1522	2.542e-05	-0.00030575	-0.00018868
0	0	-1520	2.604e-05	-0.00031176	-0.00019256
0	0	-1518	2.632e-05	-0.00031853	-0.00019615
0	0	-1516	2.657e-05	-0.00032479	-0.00020017
0	0	-1514	2.685e-05	-0.00033041	-0.00020378
0	0	-1512	2.709e-05	-0.00033763	-0.00020747
0	0	-1510	2.741e-05	-0.00034427	-0.00021178
0	0	-1508	2.773e-05	-0.00035075	-0.00021575
0	0	-1506	2.805e-05	-0.00035773	-0.00021913
0	0	-1504	2.85e-05	-0.00036486	-0.00022359
0	0	-1502	2.874e-05	-0.00037133	-0.00022811
0	0	-1500	2.901e-05	-0.00037864	-0.00023264
0	0	-1498	2.902e-05	-0.00038543	-0.00023743
0	0	-1496	2.921e-05	-0.00039207	-0.00024129
0	0	-1494	2.962e-05	-0.00039967	-0.00024615
0	0	-1492	2.955e-05	-0.00040699	-0.00025096
0	0	-1490	2.975e-05	-0.00041391	-0.00025492
0	0	-1488	3.066e-05	-0.00042108	-0.00025943
0	0	-1486	3.057e-05	-0.0004283	-0.00026446
0	0	-1484	3.025e-05	-0.00043549	-0.00026906
0	0	-1482	3.024e-05	-0.00044273	-0.00027375
0	0	-1480	3.062e-05	-0.0004504	-0.00027844
0	0	-1478	3.046e-05	-0.00045837	-0.00028364
0	0	-1476	3.04e-05	-0.00046548	-0.00028851
0	0	-1474	3.014e-05	-0.00047333	-0.00029226
0	0	-1472	2.987e-05	-0.00048118	-0.000297
0	0	-1470	2.949e-05	-0.00048906	-0.00030201
0	0	-1468	2.946e-05	-0.00049749	-0.00030692
0	0	-1466	2.912e-05	-0.00050567	-0.00031192
0	0	-1464	2.924e-05	-0.00051451	-0.00031599
0	0	-1462	2.843e-05	-0.00052288	-0.00032021
0	0	-1460	2.843e-05	-0.00053197	-0.0003253
0	0	-1458	2.817e-05	-0.00054168	-0.00032928
0	0	-1456	2.713e-05	-0.00055183	-0.00033311
0	0	-1454	2.651e-05	-0.00056312	-0.00033755
0	0	-1452	2.591e-05	-0.00057433	-0.00034184
0	0	-1450	2.571e-05	-0.00058627	-0.00034563
0	0	-1448	2.505e-05	-0.00060013	-0.0003488
0	0	-1446	2.389e-05	-0.00061458	-0.00035155
0	0	-1444	2.285e-05	-0.00063068	-0.00035432
0	0	-1442	2.179e-05	-0.0006492	-0.00035715
0	0	-1440	2.058e-05	-0.00066921	-0.00035994
0	0	-1438	1.965e-05	-0.00069139	-0.00036186
0	0	-1436	1.836e-05	-0.00071754	-0.00036269
0	0	-1434	1.698e-05	-0.00074712	-0.00036336
0	0	-1432	1.552e-05	-0.00078121	-0.00036327
0	0	-1430	1.456e-05	-0.00082028	-0.00036206
0	0	-1428	1.292e-05	-0.00086598	-0.00035971
0	0	-1426	1.137e-05	-0.00091928	-0.00035665
0	0	-1424	1.042e-05	-0.00098128	-0.00035178
0	0	-1422	8.77e-06	-0.00105348	-0.00034471
0	0	-1420	6.69e-06	-0.00113658	-0.00033535
0	0	-1418	5.36e-06	-0.00123068	-0.00032385
0	0	-1416	4.17e-06	-0.00133508	-0.00030842
0	0	-1414	2.12e-06	-0.00144587	-0.00028962
0	0	-1412	2.7e-07	-0.00155751	-0.00026704
0	0	-1410	-1.05e-06	-0.00166353	-0.00024185
0	0	-1408	-2.22e-06	-0.00175728	-0.00021526
0	0	-1406	-3.62e-06	-0.00183416	-0.00019002
0	0	-1404	-5.35e-06	-0.0018944	-0.00016888
0	0	-1402	-6.39e-06	-0.00193982	-0.00015188
0	0	-1400	-7.29e-06	-0.00197355	-0.00014073
0	0	-1398	-8.87e-06	-0.00199903	-0.00013611
0	0	-1396	-9.89e-06	-0.00201884	-0.00013922
0	0	-1394	-1.07e-05	-0.00203514	-0.00014933
0	0	-1392	-1.228e-05	-0.00204933	-0.00016773
0	0	-1390	-1.405e-05	-0.00206274	-0.00019672
0	0	-1388	-1.597e-05	-0.00207579	-0.0002369
0	0	-1386	-1.733e-05	-0.00208945	-0.00029178
0	0	-1384	-1.941e-05	-0.00210611	-0.00036445
0	0	-1382	-2.215e-05	-0.00212675	-0.00045927
0	0	-1380	-2.521e-05	-0.00215384	-0.00058392
0	0	-1378	-2.95e-05	-0.002193	-0.00074495
0	0	-1376	-3.429e-05	-0.00225141	-0.00095214
0	0	-1374	-4.089e-05	-0.00234173	-0.00121797
0	0	-1372	-4.841e-05	-0.00248274	-0.0015559
0	0	-1370	-5.785e-05	-0.00270409	-0.00197885
0	0	-1368	-7.069e-05	-0.00304933	-0.00250078
0	0	-1366	-8.745e-05	-0.00357694	-0.00312689
0	0	-1364	-0.000108	-0.00436047	-0.00385131
0	0	-1362	-0.00013313	-0.00547691	-0.00464904
0	0	-1360	-0.00016279	-0.0069901	-0.00547713
0	0	-1358	-0.00019775	-0.00893093	-0.0062829
0	0	-1356	-0.00023677	-0.0112898	-0.00701903
0	0	-1354	-0.00027941	-0.0140279	-0.00765606
0	0	-1352	-0.00032608	-0.0170964	-0.00818453
0	0	-1350	-0.00037642	-0.0204515	-0.00860683
0	0	-1348	-0.00042939	-0.0240624	-0.00893385
0	0	-1346	-0.00048527	-0.0279176	-0.00917504
0	0	-1344	-0.00054322	-0.0320165	-0.00933744
0	0	-1342	-0.00060396	-0.0363683	-0.00942261
0	0	-1340	-0.00066687	-0.0409904	-0.0094262
0	0	-1338	-0.00073257	-0.0459064	-0.00934184
0	0	-1336	-0.00080068	-0.0511413	-0.00915593
0	0	-1334	-0.00087225	-0.0567244	-0.00885222
0	0	-1332	-0.00094647	-0.0626843	-0.00841085
0	0	-1330	-0.00102312	-0.0690518	-0.00780952
0	0	-1328	-0.0011022	-0.0758564	-0.00702331
0	0	-1326	-0.00118449	-0.083124	-0.00602706
0	0	-1324	-0.00126835	-0.0908766	-0.00479661
0	0	-1322	-0.00135552	-0.0991348	-0.00331318
0	0	-1320	-0.00144503	-0.107916	-0.00156343
0	0	-1318	-0.00153626	-0.117226	0.00045728
0	0	-1316	-0.00162909	-0.12707	0.00273822
0	0	-1314	-0.00172299	-0.137453	0.00525194
0	0	-1312	-0.00181683	-0.148373	0.00795565
0	0	-1310	-0.00191008	-0.159828	0.0107846
0	0	-1308	-0.00200136	-0.171815	0.0136597
0	0	-1306	-0.00208823	-0.184334	0.0164855
0	0	-1304	-0.00216898	-0.197371	0.0191596
0	0	-1302	-0.00224016	-0.210898	0.0215784
0	0	-1300	-0.00229872	-0.224869	0.0236379
0	0	-1298	-0.00234201	-0.239201	0.0252457
0	0	-1296	-0.00236699	-0.253758	0.0263262
0	0	-1294	-0.00237062	-0.268346	0.0268197
0	0	-1292	-0.00235088	-0.282699	0.0266934
0	0	-1290	-0.00230711	-0.296466	0.0259322
0	0	-1288	-0.00223924	-0.30922	0.0245521
0	0	-1286	-0.00214903	-0.320453	0.022594
0	0	-1284	-0.00203792	-0.329595	0.0201187
0	0	-1282	-0.00190856	-0.336042	0.0172089
0	0	-1280	-0.00176287	-0.339178	0.0139624
0	0	-1278	-0.00160274	-0.338415	0.0104889
0	0	-1276	-0.00142968	-0.333225	0.00689923
0	0	-1274	-0.0012445	-0.323182	0.00330147
0	0	-1272	-0.00104683	-0.307978	-0.0002028
0	0	-1270	-0.00083611	-0.287453	-0.00352372
0	0	-1268	-0.00061344	-0.261597	-0.00658621
0	0	-1266	-0.00037711	-0.230554	-0.00933664
0	0	-1264	-0.00012738	-0.194605	-0.011737
0	0	-1262	0.00013453	-0.154143	-0.0137739
0	0	-1260	0.0004072	-0.109662	-0.0154513
0	0	-1258	0.00068981	-0.061683	-0.0167831
0	0	-1256	0.00098029	-0.0107446	-0.0177935
0	0	-1254	0.00127635	0.0426093	-0.0185152
0	0	-1252	0.00157529	0.0978457	-0.0189866
0	0	-1250	0.00187475	0.154493	-0.0192244
0	0	-1248	0.00217176	0.21209	-0.0192529
0	0	-1246	0.00246359	0.270196	-0.0190932
0	0	-1244	0.00274695	0.328365	-0.0187532
0	0	-1242	0.00301959	0.386161	-0.01823
0	0	-1240	0.00327813	0.443119	-0.0175168
0	0	-1238	0.0035211	0.498727	-0.0166222
0	0	-1236	0.00374547	0.552426	-0.0155408
0	0	-1234	0.00394838	0.603642	-0.0142691
0	0	-1232	0.00412774	0.651771	-0.0128172
0	0	-1230	0.00428251	0.696205	-0.0112028
0	0	-1228	0.00441127	0.736369	-0.00945246
0	0	-1226	0.00451314	0.771744	-0.00758539
0	0	-1224	0.00458717	0.801878	-0.00563125
0	0	-1222	0.0046334	0.826403	-0.00362213
0	0	-1220	0.00465281	0.845049	-0.00158172
0	0	-1218	0.00464467	0.857634	0.00046595
0	0	-1216	0.00461025	0.86406	0.00250145
0	0	-1214	0.00455103	0.864303	0.00450633
0	0	-1212	0.00446592	0.858404	0.00645872
0	0	-1210	0.00435671	0.846478	0.00833351
0	0	-1208	0.00422376	0.828717	0.0101029
0	0	-1206	0.00406829	0.805395	0.0117351
0	0	-1204	0.00389054	0.776873	0.0131968
0	0	-1202	0.00369088	0.743599	0.0144565
0	0	-1200	0.00347071	0.706094	0.0154947
0	0	-1198	0.00323032	0.66493	0.0162974
0	0	-1196	0.0029715	0.620712	0.0168629
0	0	-1194	0.00269583	0.574034	0.0172039
0	0	-1192	0.0024047	0.525461	0.0173385
0	0	-1190	0.00210064	0.475498	0.0172925
0	0	-1188	0.00178614	0.424577	0.0170966
0	0	-1186	0.00146192	0.373059	0.0167805
0	0	-1184	0.00113117	0.32122	0.0163833
0	0	-1182	0.00079634	0.269252	0.0159249
0	0	-1180	0.00045881	0.217285	0.0154312
0	0	-1178	0.00011988	0.165397	0.0149231
0	0	-1176	-0.00021772	0.113596	0.0144117
0	0	-1174	-0.00055407	0.0618612	0.0139101
0	0	-1172	-0.00088607	0.0101464	0.0134231
0	0	-1170	-0.00121348	-0.0415936	0.0129586
0	0	-1168	-0.00153601	-0.0934432	0.012511
0	0	-1166	-0.00185169	-0.145472	0.0120726
0	0	-1164	-0.00215944	-0.197733	0.011646
0	0	-1162	-0.00245908	-0.250263	0.0112257
0	0	-1160	-0.00274992	-0.303079	0.0107966
0	0	-1158	-0.00303013	-0.356141	0.0103498
0	0	-1156	-0.00329947	-0.409352	0.00987871
0	0	-1154	-0.00355672	-0.462552	0.00937311
0	0	-1152	-0.00379967	-0.51552	0.00881511
0	0	-1150	-0.00402731	-0.56794	0.00819308
0	0	-1148	-0.00423971	-0.619398	0.00750137
0	0	-1146	-0.00443322	-0.66941	0.00672859
0	0	-1144	-0.00460743	-0.717425	0.00587121
0	0	-1142	-0.00476073	-0.762825	0.00493187
0	0	-1140	-0.00489083	-0.804967	0.00391995
0	0	-1138	-0.0049978	-0.843227	0.00284546
0	0	-1136	-0.00507964	-0.877006	0.00172392
0	0	-1134	-0.00513468	-0.905775	0.00057431
0	0	-1132	-0.00516343	-0.929088	-0.00058607
0	0	-1130	-0.00516676	-0.946593	-0.00173947
0	0	-1128	-0.00514246	-0.958041	-0.00287471
0	0	-1126	-0.00509064	-0.963268	-0.00398426
0	0	-1124	-0.00501201	-0.962202	-0.00505937
0	0	-1122	-0.00490788	-0.954849	-0.00609218
0	0	-1120	-0.00477666	-0.941294	-0.00707258
0	0	-1118	-0.00461903	-0.921708	-0.00798889
0	0	-1116	-0.00443714	-0.896362	-0.00882844
0	0	-1114	-0.00423118	-0.865623	-0.00957708
0	0	-1112	-0.00400257	-0.829957	-0.0102276
0	0	-1110	-0.00375326	-0.789899	-0.0107755
0	0	-1108	-0.00348548	-0.746053	-0.0112198
0	0	-1106	-0.00320177	-0.699054	-0.0115756
0	0	-1104	-0.00290372	-0.649528	-0.0118525
0	0	-1102	-0.0025949	-0.598068	-0.0120686
0	0	-1100	-0.00227675	-0.545212	-0.0122473
0	0	-1098	-0.00195255	-0.491428	-0.0124028
0	0	-1096	-0.00162384	-0.437093	-0.0125475
0	0	-1094	-0.00129249	-0.382492	-0.0126988
0	0	-1092	-0.0009602	-0.327841	-0.0128698
0	0	-1090	-0.0006285	-0.273287	-0.0130661
0	0	-1088	-0.00029814	-0.218901	-0.0132852
0	0	-1086	2.909e-05	-0.164703	-0.0135331
0	0	-1084	0.00035295	-0.110678	-0.0138124
0	0	-1082	0.00067131	-0.0567796	-0.0141247
0	0	-1080	0.00098296	-0.00294482	-0.0144592
0	0	-1078	0.0012887	0.0509057	-0.0148097
0	0	-1076	0.0015868	0.104847	-0.0151754
0	0	-1074	0.00187608	0.158929	-0.0155471
0	0	-1072	0.00215686	0.213202	-0.0159022
0	0	-1070	0.00242795	0.267682	-0.0162225
0	0	-1068	0.00268734	0.322336	-0.0164933
0	0	-1066	0.0029355	0.377075	-0.0166918
0	0	-1064	0.00316975	0.431739	-0.0167842
0	0	-1062	0.0033904	0.486103	-0.0167405
0	0	-1060	0.00359574	0.539855	-0.0165356
0	0	-1058	0.00378365	0.592589	-0.016143
0	0	-1056	0.0039536	0.643814	-0.0155398
0	0	-1054	0.00410196	0.692979	-0.0147058
0	0	-1052	0.00422753	0.739472	-0.0136416
0	0	-1050	0.00432862	0.782644	-0.0123519
0	0	-1048	0.00440482	0.821861	-0.0108552
0	0	-1046	0.00445539	0.856535	-0.00917448
0	0	-1044	0.00447939	0.886136	-0.00734269
0	0	-1042	0.00447698	0.910224	-0.00540062
0	0	-1040	0.00444859	0.928454	-0.00338381
0	0	-1038	0.00439476	0.940587	-0.00132654
0	0	-1036	0.00431651	0.946469	0.00073752
0	0	-1034	0.00421335	0.946033	0.00277973
0	0	-1032	0.00408759	0.939291	0.00477111
0	0	-1030	0.00394003	0.926332	0.00667953
0	0	-1028	0.00377108	0.907329	0.00847641
0	0	-1026	0.0035824	0.882553	0.0101346
0	0	-1024	0.00337599	0.852364	0.0116225
0	0	-1022	0.00315289	0.817214	0.0129178
0	0	-1020	0.00291439	0.777645	0.0140041
0	0	-1018	0.00266394	0.734255	0.0148819
0	0	-1016	0.00240183	0.687667	0.0155534
0	0	-1014	0.00212988	0.638511	0.0160303
0	0	-1012	0.00184929	0.58738	0.016338
0	0	-1010	0.00156262	0.534817	0.0165019
0	0	-1008	0.00127132	0.481296	0.0165566
0	0	-1006	0.00097573	0.427186	0.0165199
0	0	-1004	0.000678	0.372788	0.0164215
0	0	-1002	0.0003789	0.31832	0.0162882
0	0	-1000	7.881e-05	0.263923	0.0161354
0	0	-998	-0.00022057	0.209674	0.0159804
0	0	-996	-0.00051847	0.155595	0.015828
0	0	-994	-0.00081447	0.101674	0.0156883
0	0	-992	-0.00110776	0.0478705	0.0155716
0	0	-990	-0.00139776	-0.00589392	0.0154706
0	0	-988	-0.00168338	-0.0596877	0.0153786
0	0	-986	-0.00196464	-0.113585	0.0152946
0	0	-984	-0.00223999	-0.167644	0.0152191
0	0	-982	-0.00250895	-0.221914	0.0151364
0	0	-980	-0.00277077	-0.276405	0.0150287
0	0	-978	-0.00302375	-0.331089	0.0148879
0	0	-976	-0.00326603	-0.385867	0.0146962
0	0	-974	-0.00349736	-0.440598	0.0144331
0	0	-972	-0.00371602	-0.495046	0.0140763
0	0	-970	-0.00391991	-0.548889	0.0136048
0	0	-968	-0.00410771	-0.601716	0.0130072
0	0	-966	-0.00427831	-0.653045	0.0122633
0	0	-964	-0.0044303	-0.702308	0.0113594
0	0	-962	-0.00456287	-0.748879	0.0102967
0	0	-960	-0.00467362	-0.792113	0.00908004
0	0	-958	-0.00476275	-0.83137	0.00772536
0	0	-956	-0.00482844	-0.866047	0.00624846
0	0	-954	-0.00486954	-0.895606	0.00467351
0	0	-952	-0.00488602	-0.919598	0.00302985
0	0	-950	-0.00487617	-0.937676	0.00134198
0	0	-948	-0.00484032	-0.949591	-0.00036671
0	0	-946	-0.00477766	-0.955183	-0.00207565
0	0	-944	-0.00468864	-0.954377	-0.00376351
0	0	-942	-0.00457253	-0.947186	-0.00541041
0	0	-940	-0.00442939	-0.933699	-0.00699478
0	0	-938	-0.00425943	-0.914092	-0.00849014
0	0	-936	-0.00406396	-0.888639	-0.00987143
0	0	-934	-0.00384418	-0.857723	-0.0111185
0	0	-932	-0.00360043	-0.821808	-0.0122043
0	0	-930	-0.00333642	-0.781452	-0.013115
0	0	-928	-0.00305516	-0.737282	-0.0138464
0	0	-926	-0.00275902	-0.689945	-0.014399
0	0	-924	-0.00245146	-0.640083	-0.014787
0	0	-922	-0.00213651	-0.58832	-0.0150277
0	0	-920	-0.00181669	-0.535216	-0.0151431
0	0	-918	-0.00149568	-0.481259	-0.0151627
0	0	-916	-0.00117356	-0.426834	-0.015104
0	0	-914	-0.00085461	-0.372246	-0.0149978
0	0	-912	-0.00053915	-0.317724	-0.0148618
0	0	-910	-0.00022782	-0.263397	-0.0147167
0	0	-908	7.862e-05	-0.209325	-0.0145726
0	0	-906	0.00038108	-0.155524	-0.01444
0	0	-904	0.00067945	-0.101969	-0.0143301
0	0	-902	0.00097532	-0.0485756	-0.0142379
0	0	-900	0.00126851	0.00474126	-0.014167
0	0	-898	0.00156003	0.0580789	-0.0141163
0	0	-896	0.0018505	0.111529	-0.0140781
0	0	-894	0.00214074	0.165173	-0.0140474
0	0	-892	0.00243071	0.219078	-0.0140119
0	0	-890	0.00271773	0.273265	-0.0139645
0	0	-888	0.00300274	0.327709	-0.0138861
0	0	-886	0.00328297	0.382334	-0.0137559
0	0	-884	0.00355633	0.436977	-0.0135567
0	0	-882	0.00382002	0.491405	-0.0132649
0	0	-880	0.0040702	0.545287	-0.0128603
0	0	-878	0.0043042	0.5982	-0.0123199
0	0	-876	0.00451959	0.649642	-0.0116333
0	0	-874	0.00471173	0.699045	-0.0107892
0	0	-872	0.00487893	0.745776	-0.00978015
0	0	-870	0.00501832	0.789178	-0.00861924
0	0	-868	0.00512828	0.82861	-0.00731771
0	0	-866	0.00520781	0.863473	-0.0059005
0	0	-864	0.00525677	0.893218	-0.00439353
0	0	-862	0.00527515	0.917402	-0.00282486
0	0	-860	0.00526269	0.935688	-0.00122315
0	0	-858	0.00521825	0.947829	0.00038843
0	0	-856	0.00514329	0.953669	0.0019878
0	0	-854	0.00503935	0.953144	0.0035552
0	0	-852	0.00490553	0.94627	0.0050713
0	0	-850	0.00474189	0.933139	0.00651625
0	0	-848	0.00455048	0.913931	0.00786834
0	0	-846	0.00433216	0.888921	0.00910799
0	0	-844	0.00408826	0.85847	0.010209
0	0	-842	0.0038208	0.823042	0.0111582
0	0	-840	0.00353164	0.783184	0.0119459
0	0	-838	0.00322473	0.739499	0.0125637
0	0	-836	0.00290369	0.692621	0.0130244
0	0	-834	0.0025698	0.643175	0.0133353
0	0	-832	0.0022269	0.591768	0.0135182
0	0	-830	0.00187852	0.538942	0.0135978
0	0	-828	0.00152803	0.485161	0.0135926
0	0	-826	0.00117718	0.430809	0.0135333
0	0	-824	0.00082781	0.376183	0.013436
0	0	-822	0.00048198	0.321509	0.0133209
0	0	-820	0.00014031	0.266926	0.0132059
0	0	-818	-0.00019662	0.212505	0.0130983
0	0	-816	-0.00052752	0.158275	0.0130109
0	0	-814	-0.00085428	0.104231	0.0129401
0	0	-812	-0.00117578	0.0503226	0.0128974
0	0	-810	-0.00149046	-0.00352217	0.012879
0	0	-808	-0.00179771	-0.0573717	0.0128802
0	0	-806	-0.0020979	-0.111293	0.0128962
0	0	-804	-0.00238846	-0.165346	0.0129142
0	0	-802	-0.00266827	-0.219589	0.0129316
0	0	-800	-0.00293411	-0.274024	0.0129301
0	0	-798	-0.00318531	-0.328612	0.0128922
0	0	-796	-0.00342054	-0.383271	0.0128032
0	0	-794	-0.00363672	-0.437851	0.0126389
0	0	-792	-0.00383342	-0.492126	0.0123773
0	0	-790	-0.00400971	-0.545768	0.0119991
0	0	-788	-0.00416608	-0.598376	0.0114864
0	0	-786	-0.00430304	-0.64947	0.0108212
0	0	-784	-0.00442061	-0.69849	0.00999249
0	0	-782	-0.00452111	-0.744814	0.00900459
0	0	-780	-0.00460538	-0.787814	0.00785909
0	0	-778	-0.00467423	-0.826858	0.00657006
0	0	-776	-0.00473036	-0.861351	0.00516199
0	0	-774	-0.00477551	-0.890759	0.00365828
0	0	-772	-0.00481068	-0.914644	0.00209041
0	0	-770	-0.00483687	-0.932669	0.00048312
0	0	-768	-0.00485414	-0.944592	-0.00113913
0	0	-766	-0.0048638	-0.950258	-0.00275266
0	0	-764	-0.00486489	-0.949594	-0.00433694
0	0	-762	-0.00485655	-0.942616	-0.00587145
0	0	-760	-0.00483691	-0.929413	-0.00733214
0	0	-758	-0.00480398	-0.910162	-0.00869639
0	0	-756	-0.00475779	-0.885136	-0.00994108
0	0	-754	-0.00469558	-0.854697	-0.011041
0	0	-752	-0.00461397	-0.819301	-0.0119777
0	0	-750	-0.00451157	-0.779497	-0.0127428
0	0	-748	-0.00438729	-0.735888	-0.013336
0	0	-746	-0.00424084	-0.689099	-0.0137601
0	0	-744	-0.00407032	-0.639763	-0.0140319
0	0	-742	-0.0038765	-0.588484	-0.0141755
0	0	-740	-0.00366054	-0.535799	-0.0142154
0	0	-738	-0.00342197	-0.482164	-0.0141761
0	0	-736	-0.00316255	-0.427965	-0.0140818
0	0	-734	-0.00288475	-0.373505	-0.0139596
0	0	-732	-0.00258943	-0.31899	-0.0138244
0	0	-730	-0.00228019	-0.264559	-0.0136912
0	0	-728	-0.00195845	-0.210285	-0.0135768
0	0	-726	-0.00162692	-0.15619	-0.0134817
0	0	-724	-0.00128942	-0.102258	-0.0134133
0	0	-722	-0.00094632	-0.0484411	-0.0133736
0	0	-720	-0.00059946	0.00533201	-0.0133577
0	0	-718	-0.00025012	0.0591323	-0.0133659
0	0	-716	0.00010079	0.113029	-0.0133859
0	0	-714	0.00045231	0.167089	-0.0134079
0	0	-712	0.00080546	0.221355	-0.0134224
0	0	-710	0.00115843	0.275839	-0.0134118
0	0	-708	0.00151235	0.330499	-0.0133641
0	0	-706	0.00186516	0.385248	-0.0132537
0	0	-704	0.00221567	0.439933	-0.0130617
0	0	-702	0.00256328	0.494319	-0.012768
0	0	-700	0.00290421	0.548088	-0.0123511
0	0	-698	0.00323436	0.600833	-0.0117953
0	0	-696	0.00355098	0.652069	-0.0110828
0	0	-694	0.00384887	0.701236	-0.010207
0	0	-692	0.00412473	0.747712	-0.00917056
0	0	-690	0.00437504	0.79086	-0.00798178
0	0	-688	0.00459622	0.83005	-0.0066569
0	0	-686	0.00478455	0.864687	-0.00521688
0	0	-684	0.00493926	0.894234	-0.00369285
0	0	-682	0.00505961	0.918254	-0.00211103
0	0	-680	0.0051444	0.936409	-0.00049809
0	0	-678	0.00519497	0.948451	0.00112379
0	0	-676	0.00521239	0.954225	0.00273444
0	0	-674	0.00519662	0.953663	0.00431608
0	0	-672	0.00514925	0.946773	0.00585115
0	0	-670	0.00507218	0.93365	0.00731856
0	0	-668	0.00496664	0.914467	0.00870135
0	0	-666	0.00483461	0.889493	0.0099754
0	0	-664	0.00467739	0.85909	0.0111217
0	0	-662	0.00449623	0.823716	0.0121236
0	0	-660	0.00429318	0.783918	0.0129697
0	0	-658	0.00406961	0.740295	0.0136596
0	0	-656	0.00382711	0.693477	0.0141947
0	0	-654	0.003568	0.644099	0.0145889
0	0	-652	0.00329447	0.59277	0.0148603
0	0	-650	0.0030091	0.540028	0.0150314
0	0	-648	0.0027127	0.486333	0.0151211
0	0	-646	0.00240735	0.432075	0.0151499
0	0	-644	0.00209594	0.377555	0.0151426
0	0	-642	0.00177927	0.322991	0.0151111
0	0	-640	0.00145902	0.268518	0.0150708
0	0	-638	0.0011365	0.214214	0.0150301
0	0	-636	0.00081288	0.160102	0.0149968
0	0	-634	0.00048873	0.106163	0.0149738
0	0	-632	0.00016672	0.0523424	0.01496
0	0	-630	-0.00015371	-0.0014271	0.0149601
0	0	-628	-0.00047201	-0.0552217	0.0149608
0	0	-626	-0.0007863	-0.109109	0.0149654
0	0	-624	-0.00109684	-0.163166	0.0149603
0	0	-622	-0.00140328	-0.217446	0.0149333
0	0	-620	-0.00170321	-0.271958	0.0148747
0	0	-618	-0.00199669	-0.326668	0.0147666
0	0	-616	-0.00228421	-0.381495	0.0145918
0	0	-614	-0.0025623	-0.436293	0.0143262
0	0	-612	-0.00283093	-0.490823	0.0139547
0	0	-610	-0.00309013	-0.544768	0.0134585
0	0	-608	-0.00333586	-0.597727	0.0128164
0	0	-606	-0.00356706	-0.64921	0.0120214
0	0	-604	-0.00378241	-0.698654	0.0110709
0	0	-602	-0.00397946	-0.745421	0.0099689
0	0	-600	-0.00415849	-0.788868	0.00872641
0	0	-598	-0.00431511	-0.828361	0.00736343
0	0	-596	-0.0044488	-0.863293	0.00591136
0	0	-594	-0.0045589	-0.893118	0.00439513
0	0	-592	-0.00464347	-0.917394	0.00284257
0	0	-590	-0.00470253	-0.935771	0.00128156
0	0	-588	-0.00473549	-0.947996	-0.0002648
0	0	-586	-0.00474176	-0.953914	-0.00178203
0	0	-584	-0.00472025	-0.953456	-0.00325383
0	0	-582	-0.00467182	-0.946627	-0.00466373
0	0	-580	-0.00459489	-0.933519	-0.00599922
0	0	-578	-0.00448998	-0.914315	-0.00724324
0	0	-576	-0.00435766	-0.889278	-0.00837529
0	0	-574	-0.00419668	-0.85878	-0.00937807
0	0	-572	-0.00400856	-0.823288	-0.0102451
0	0	-570	-0.00379507	-0.783359	-0.0109647
0	0	-568	-0.00355639	-0.739596	-0.0115339
0	0	-566	-0.00329592	-0.69264	-0.0119637
0	0	-564	-0.00301538	-0.643142	-0.0122698
0	0	-562	-0.0027181	-0.591722	-0.0124721
0	0	-560	-0.00240777	-0.538931	-0.0125833
0	0	-558	-0.00208609	-0.485247	-0.0126327
0	0	-556	-0.00175646	-0.431071	-0.0126414
0	0	-554	-0.00142154	-0.376716	-0.0126271
0	0	-552	-0.00108406	-0.322396	-0.0126039
0	0	-550	-0.0007463	-0.268252	-0.0125875
0	0	-548	-0.00040992	-0.214357	-0.0125906
0	0	-546	-7.473e-05	-0.160725	-0.0126169
0	0	-544	0.00025688	-0.107319	-0.0126693
0	0	-542	0.00058385	-0.0540701	-0.0127499
0	0	-540	0.00090649	-0.00088646	-0.0128535
0	0	-538	0.00122329	0.0523218	-0.0129763
0	0	-536	0.00153316	0.105644	-0.0131171
0	0	-534	0.00183654	0.159176	-0.0132595
0	0	-532	0.00213175	0.21299	-0.0133924
0	0	-530	0.00241795	0.267103	-0.0135039
0	0	-528	0.00269506	0.321501	-0.0135756
0	0	-526	0.00296129	0.376116	-0.013585
0	0	-524	0.00321619	0.430794	-0.0135095
0	0	-522	0.00345779	0.48529	-0.0133327
0	0	-520	0.00368571	0.539286	-0.0130261
0	0	-518	0.00389849	0.592371	-0.0125708
0	0	-516	0.00409459	0.644054	-0.0119446
0	0	-514	0.00427326	0.693736	-0.0111428
0	0	-512	0.00443314	0.740785	-0.0101677
0	0	-510	0.00457312	0.784548	-0.00901852
0	0	-508	0.00469227	0.824367	-0.00771454
0	0	-506	0.00478986	0.859618	-0.00627857
0	0	-504	0.00486551	0.889758	-0.00474174
0	0	-502	0.00491822	0.914337	-0.00313255
0	0	-500	0.00494833	0.932997	-0.00147903
0	0	-498	0.00495705	0.945482	0.00018888
0	0	-496	0.00494396	0.951643	0.0018464
0	0	-494	0.00490822	0.95141	0.00347017
0	0	-492	0.00485098	0.944796	0.00503877
0	0	-490	0.00477318	0.931898	0.00652859
0	0	-488	0.00467442	0.912896	0.00791327
0	0	-486	0.00455543	0.888059	0.00916628
0	0	-484	0.00441635	0.857761	0.0102652
0	0	-482	0.00425874	0.822475	0.0111931
0	0	-480	0.00408286	0.782741	0.0119363
0	0	-478	0.00389085	0.739164	0.0124978
0	0	-476	0.0036834	0.692381	0.0128831
0	0	-474	0.00346292	0.643037	0.0131115
0	0	-472	0.00323118	0.591734	0.013207
0	0	-470	0.00298886	0.539017	0.013201
0	0	-468	0.0027391	0.485359	0.0131211
0	0	-466	0.00248238	0.431146	0.0129884
0	0	-464	0.0022209	0.376678	0.012834
0	0	-462	0.00195584	0.322178	0.0126789
0	0	-460	0.00168753	0.267778	0.0125392
0	0	-458	0.0014168	0.213564	0.0124229
0	0	-456	0.00114529	0.159562	0.0123365
0	0	-454	0.00087311	0.10575	0.0122945
0	0	-452	0.00060031	0.0520764	0.0122879
0	0	-450	0.00032712	-0.00152783	0.0123153
0	0	-448	5.402e-05	-0.0551336	0.0123728
0	0	-446	-0.00021833	-0.108813	0.0124567
0	0	-444	-0.00048967	-0.162646	0.012554
0	0	-442	-0.00076004	-0.216677	0.0126497
0	0	-440	-0.00102811	-0.270907	0.0127334
0	0	-438	-0.00129298	-0.325316	0.012786
0	0	-436	-0.0015549	-0.379835	0.0127868
0	0	-434	-0.00181191	-0.434297	0.0127177
0	0	-432	-0.00206208	-0.488467	0.012555
0	0	-430	-0.00230514	-0.542042	0.0122759
0	0	-428	-0.00253859	-0.594629	0.0118651
0	0	-426	-0.00276093	-0.645734	0.0113037
0	0	-424	-0.00297013	-0.694796	0.0105823
0	0	-422	-0.00316439	-0.741212	0.00970176
0	0	-420	-0.00334192	-0.784347	0.00866787
0	0	-418	-0.00349981	-0.823555	0.00749378
0	0	-416	-0.0036374	-0.858249	0.00620446
0	0	-414	-0.00375201	-0.887905	0.00482531
0	0	-412	-0.00384216	-0.912085	0.00338218
0	0	-410	-0.00390705	-0.930445	0.00190459
0	0	-408	-0.0039455	-0.942744	0.00041501
0	0	-406	-0.00395687	-0.948833	-0.00106611
0	0	-404	-0.00394087	-0.948647	-0.00252009
0	0	-402	-0.003897	-0.942196	-0.00392895
0	0	-400	-0.00382567	-0.929572	-0.00527514
0	0	-398	-0.00372712	-0.91095	-0.00653995
0	0	-396	-0.00360212	-0.886585	-0.00770279
0	0	-394	-0.00345216	-0.856833	-0.00874405
0	0	-392	-0.00327976	-0.822148	-0.0096526
0	0	-390	-0.003085	-0.783057	-0.010419
0	0	-388	-0.00287187	-0.740141	-0.0110407
0	0	-386	-0.00264378	-0.69401	-0.0115258
0	0	-384	-0.00240327	-0.645285	-0.0118878
0	0	-382	-0.00215315	-0.594557	-0.0121419
0	0	-380	-0.00189712	-0.542351	-0.0123144
0	0	-378	-0.00163676	-0.489128	-0.0124242
0	0	-376	-0.00137351	-0.435269	-0.0124926
0	0	-374	-0.00110885	-0.381078	-0.01254
0	0	-372	-0.00084442	-0.326761	-0.0125793
0	0	-370	-0.00058008	-0.272458	-0.0126251
0	0	-368	-0.00031541	-0.218266	-0.0126879
0	0	-366	-5.06e-05	-0.16421	-0.0127743
0	0	-364	0.00021456	-0.110278	-0.0128848
0	0	-362	0.00048114	-0.0564281	-0.0130227
0	0	-360	0.0007496	-0.00260056	-0.0131871
0	0	-358	0.00101959	0.0512762	-0.0133722
0	0	-356	0.00129266	0.105272	-0.0135712
0	0	-354	0.00156832	0.159449	-0.0137743
0	0	-352	0.00184662	0.213845	-0.0139769
0	0	-350	0.00212647	0.268461	-0.0141621
0	0	-348	0.00240705	0.323279	-0.0143066
0	0	-346	0.00268766	0.378211	-0.0143973
0	0	-344	0.00296649	0.433105	-0.0144124
0	0	-342	0.00324259	0.487722	-0.0143292
0	0	-340	0.00351221	0.541757	-0.0141204
0	0	-338	0.00377387	0.594809	-0.0137657
0	0	-336	0.00402481	0.646382	-0.0132539
0	0	-334	0.00426185	0.695911	-0.0125662
0	0	-332	0.00448256	0.742789	-0.0117026
0	0	-330	0.00468298	0.786371	-0.0106655
0	0	-328	0.00486244	0.826007	-0.00947323
0	0	-326	0.00501954	0.861092	-0.00814956
0	0	-324	0.0051517	0.891085	-0.00671723
0	0	-322	0.00525924	0.915541	-0.00520955
0	0	-320	0.00534078	0.934103	-0.00365772
0	0	-318	0.00539812	0.946517	-0.00208737
0	0	-316	0.00542986	0.952626	-0.0005228
0	0	-314	0.00543678	0.952357	0.00101493
0	0	-312	0.00541885	0.945713	0.00250491
0	0	-310	0.00537747	0.932784	0.00392738
0	0	-308	0.00531288	0.913746	0.00526193
0	0	-306	0.00522494	0.888866	0.00648583
0	0	-304	0.00511389	0.85851	0.00758181
0	0	-302	0.00498108	0.823143	0.00853967
0	0	-300	0.0048275	0.783316	0.00934536
0	0	-298	0.00465484	0.73964	0.00999867
0	0	-296	0.00446382	0.69276	0.01051
0	0	-294	0.00425583	0.643321	0.0108916
0	0	-292	0.00403181	0.591938	0.0111653
0	0	-290	0.00379302	0.539168	0.0113453
0	0	-288	0.00354113	0.485496	0.0114604
0	0	-286	0.0032775	0.431325	0.0115377
0	0	-284	0.00300227	0.376963	0.011591
0	0	-282	0.00271579	0.322625	0.0116388
0	0	-280	0.00241908	0.268453	0.0116934
0	0	-278	0.00211262	0.214527	0.0117724
0	0	-276	0.00179598	0.160857	0.0118795
0	0	-274	0.00146842	0.10741	0.0120137
0	0	-272	0.00113149	0.0541199	0.0121777
0	0	-270	0.00078496	0.00090849	0.0123738
0	0	-268	0.00042843	-0.0523214	0.0125987
0	0	-266	6.36e-05	-0.10567	0.0128355
0	0	-264	-0.0003094	-0.15922	0.0130773
0	0	-262	-0.00068848	-0.213031	0.0133178
0	0	-260	-0.00107286	-0.267128	0.0135397
0	0	-258	-0.0014593	-0.321494	0.0137236
0	0	-256	-0.0018464	-0.376053	0.0138464
0	0	-254	-0.00223144	-0.430659	0.0138894
0	0	-252	-0.0026105	-0.485067	0.013831
0	0	-250	-0.00297892	-0.538973	0.0136437
0	0	-248	-0.00333349	-0.591958	0.0133066
0	0	-246	-0.00367009	-0.643514	0.012805
0	0	-244	-0.0039841	-0.693071	0.0121281
0	0	-242	-0.00427294	-0.740008	0.0112693
0	0	-240	-0.00453337	-0.783669	0.0102306
0	0	-238	-0.00476209	-0.823392	0.0090318
0	0	-236	-0.00495659	-0.85857	0.00769288
0	0	-234	-0.00511611	-0.888657	0.00624346
0	0	-232	-0.00523923	-0.913192	0.00471276
0	0	-230	-0.00532694	-0.931816	0.00313109
0	0	-228	-0.00537682	-0.944274	0.00152846
0	0	-226	-0.0053896	-0.950404	-7.18e-05
0	0	-224	-0.00536594	-0.950133	-0.00164829
0	0	-222	-0.0053061	-0.943467	-0.00317864
0	0	-220	-0.00521074	-0.930496	-0.00464336
0	0	-218	-0.00507962	-0.911398	-0.00602048
0	0	-216	-0.00491388	-0.886443	-0.00728738
0	0	-214	-0.0047155	-0.856003	-0.00842792
0	0	-212	-0.00448608	-0.820545	-0.00942464
0	0	-210	-0.00422767	-0.780619	-0.0102699
0	0	-208	-0.00394243	-0.736839	-0.0109629
0	0	-206	-0.00363472	-0.689856	-0.011509
0	0	-204	-0.00330681	-0.640319	-0.0119226
0	0	-202	-0.00296262	-0.588846	-0.0122231
0	0	-200	-0.00260673	-0.535992	-0.0124315
0	0	-198	-0.00224227	-0.482243	-0.0125701
0	0	-196	-0.00187345	-0.428006	-0.0126633
0	0	-194	-0.00150179	-0.373587	-0.0127334
0	0	-192	-0.00113073	-0.319208	-0.0127937
0	0	-190	-0.00076316	-0.26501	-0.0128627
0	0	-188	-0.0004	-0.211072	-0.0129515
0	0	-186	-4.223e-05	-0.157403	-0.0130667
0	0	-184	0.00030856	-0.103961	-0.0132117
0	0	-182	0.00065165	-0.0506911	-0.0133883
0	0	-180	0.00098762	0.00248856	-0.0135948
0	0	-178	0.00131549	0.0556759	-0.0138237
0	0	-176	0.00163402	0.108979	-0.0140658
0	0	-174	0.00194301	0.162478	-0.0143155
0	0	-172	0.00224216	0.216225	-0.0145539
0	0	-170	0.00253185	0.270263	-0.0147649
0	0	-168	0.00280994	0.324577	-0.0149325
0	0	-166	0.00307637	0.379094	-0.0150341
0	0	-164	0.00333068	0.433646	-0.0150467
0	0	-162	0.00357024	0.488021	-0.0149434
0	0	-160	0.0037938	0.541913	-0.0147033
0	0	-158	0.00400075	0.594891	-0.0143041
0	0	-156	0.00419001	0.646458	-0.0137296
0	0	-154	0.0043598	0.696044	-0.0129667
0	0	-152	0.00450953	0.743026	-0.0120133
0	0	-150	0.00463782	0.786741	-0.010878
0	0	-148	0.0047446	0.82653	-0.00957268
0	0	-146	0.00482847	0.861782	-0.00812113
0	0	-144	0.00489051	0.891949	-0.00655177
0	0	-142	0.0049302	0.916565	-0.00490039
0	0	-140	0.00494947	0.935269	-0.0031983
0	0	-138	0.00494714	0.947808	-0.00147148
0	0	-136	0.0049253	0.954021	0.00025238
0	0	-134	0.00488485	0.95383	0.00194801
0	0	-132	0.00482618	0.947239	0.00359272
0	0	-130	0.00474917	0.934339	0.00516323
0	0	-128	0.0046545	0.915305	0.00663704
0	0	-126	0.00454398	0.890405	0.00799119
0	0	-124	0.00441733	0.86001	0.00920232
0	0	-122	0.00427546	0.824583	0.0102547
0	0	-120	0.00411942	0.784669	0.0111396
0	0	-118	0.0039489	0.740875	0.011852
0	0	-116	0.00376652	0.693857	0.0124069
0	0	-114	0.00357233	0.644265	0.0128201
0	0	-112	0.00336751	0.592694	0.0131034
0	0	-110	0.00315316	0.539707	0.0132873
0	0	-108	0.00292989	0.485802	0.0133971
0	0	-106	0.00269901	0.431373	0.0134538
0	0	-104	0.00246069	0.376721	0.0134753
0	0	-102	0.00221494	0.322079	0.0134838
0	0	-100	0.00196205	0.267604	0.0134925
0	0	-98	0.00170191	0.213369	0.0135085
0	0	-96	0.00143379	0.159386	0.0135397
0	0	-94	0.00115819	0.105627	0.0135854
0	0	-92	0.00087601	0.0520436	0.0136538
0	0	-90	0.00058518	-0.00144643	0.0137411
0	0	-88	0.00028829	-0.0549306	0.0138438
0	0	-86	-1.464e-05	-0.108506	0.0139605
0	0	-84	-0.00032303	-0.162248	0.0140795
0	0	-82	-0.00063506	-0.216214	0.0141964
0	0	-80	-0.00094871	-0.270445	0.0142938
0	0	-78	-0.00126248	-0.324915	0.01436
0	0	-76	-0.0015728	-0.379543	0.0143786
0	0	-74	-0.00187877	-0.434182	0.0143276
0	0	-72	-0.00217827	-0.488601	0.0141823
0	0	-70	-0.00246762	-0.542494	0.0139226
0	0	-68	-0.00274509	-0.595445	0.0135284
0	0	-66	-0.00300993	-0.646951	0.0129794
0	0	-64	-0.00325959	-0.69645	0.0122603
0	0	-62	-0.00349282	-0.743318	0.0113694
0	0	-60	-0.00370984	-0.786902	0.010312
0	0	-58	-0.00390945	-0.826548	0.00910079
0	0	-56	-0.00409119	-0.861651	0.00775753
0	0	-54	-0.00425721	-0.89167	0.00630991
0	0	-52	-0.00440677	-0.916148	0.00478796
0	0	-50	-0.00454208	-0.934731	0.00322365
0	0	-48	-0.00466449	-0.947168	0.00164456
0	0	-46	-0.00477506	-0.953304	7.278e-05
0	0	-44	-0.0048761	-0.95307	-0.00147116
0	0	-42	-0.00496909	-0.946478	-0.0029668
0	0	-40	-0.00505471	-0.933615	-0.00439622
0	0	-38	-0.00513363	-0.914662	-0.00574096
0	0	-36	-0.00520677	-0.889887	-0.00698054
0	0	-34	-0.00527342	-0.859665	-0.00810362
0	0	-32	-0.00533285	-0.824452	-0.00909809
0	0	-30	-0.00538351	-0.784785	-0.0099516
0	0	-28	-0.00542329	-0.741268	-0.0106705
0	0	-26	-0.00545126	-0.694546	-0.0112606
0	0	-24	-0.00546592	-0.645248	-0.0117369
0	0	-22	-0.0054622	-0.593968	-0.0121117
0	0	-20	-0.00543953	-0.541255	-0.012404
0	0	-18	-0.00539625	-0.487588	-0.0126377
0	0	-16	-0.00532943	-0.433338	-0.0128275
0	0	-14	-0.00523877	-0.378802	-0.0129897
0	0	-12	-0.00512373	-0.324207	-0.0131383
0	0	-10	-0.00498405	-0.269703	-0.0132878
0	0	-8	-0.00482067	-0.215361	-0.0134465
0	0	-6	-0.00463382	-0.161199	-0.0136179
0	0	-4	-0.00442487	-0.107211	-0.0138052
0	0	-2	-0.00419396	-0.0533498	-0.0140095
0	0	0	-0.00394288	0.00045034	-0.0142275
0	0	2	-0.00367056	0.0542641	-0.0144577
0	0	4	-0.00337755	0.108156	-0.0146945
0	0	6	-0.00306334	0.162187	-0.014928
0	0	8	-0.00272677	0.2164	-0.0151467
0	0	10	-0.00236768	0.270813	-0.0153365
0	0	12	-0.00198623	0.325395	-0.0154848
0	0	14	-0.00158233	0.380055	-0.0155648
0	0	16	-0.00115911	0.434644	-0.0155611
0	0	18	-0.00071807	0.488933	-0.0154517
0	0	20	-0.00026314	0.542617	-0.0152092
0	0	22	0.00019939	0.595294	-0.0148149
0	0	24	0.00066237	0.646484	-0.0142505
0	0	26	0.00111831	0.695636	-0.0135061
0	0	28	0.0015598	0.74214	-0.0125709
0	0	30	0.00197895	0.785355	-0.0114548
0	0	32	0.00236938	0.824645	-0.0101758
0	0	34	0.00272227	0.859424	-0.00874938
0	0	36	0.00303265	0.889159	-0.0072038
0	0	38	0.00329703	0.913404	-0.00557373
0	0	40	0.00351252	0.931808	-0.00389216
0	0	42	0.00367685	0.944126	-0.00218493
0	0	44	0.00378943	0.950201	-0.00047919
0	0	46	0.00385101	0.949959	0.00119924
0	0	48	0.0038621	0.943409	0.00282704
0	0	50	0.00382515	0.930636	0.00438118
0	0	52	0.003742	0.911806	0.00583701
0	0	54	0.00361579	0.887186	0.00717097
0	0	56	0.00344992	0.857139	0.00836235
0	0	58	0.00324797	0.822114	0.00939031
0	0	60	0.00301355	0.782646	0.010246
0	0	62	0.00275151	0.739338	0.0109297
0	0	64	0.00246631	0.692823	0.0114488
0	0	66	0.00216231	0.643727	0.0118184
0	0	68	0.00184489	0.592646	0.0120544
0	0	70	0.00151785	0.540132	0.0121914
0	0	72	0.00118596	0.486664	0.0122548
0	0	74	0.00085221	0.432614	0.012263
0	0	76	0.00051943	0.378278	0.0122417
0	0	78	0.00019034	0.323884	0.0122112
0	0	80	-0.00013295	0.269581	0.0121911
0	0	82	-0.00044908	0.215439	0.0121864
0	0	84	-0.00075763	0.16149	0.0122052
0	0	86	-0.00105717	0.107713	0.0122579
0	0	88	-0.00134845	0.0540638	0.0123444
0	0	90	-0.00162975	0.00047351	0.0124653
0	0	92	-0.0019006	-0.0531351	0.012611
0	0	94	-0.00216174	-0.106839	0.0127807
0	0	96	-0.00241105	-0.160694	0.0129656
0	0	98	-0.00264809	-0.214748	0.0131523
0	0	100	-0.0028721	-0.26903	0.0133256
0	0	102	-0.00308294	-0.32351	0.0134641
0	0	104	-0.00327952	-0.378098	0.0135518
0	0	106	-0.00346178	-0.432649	0.0135691
0	0	108	-0.00362886	-0.48695	0.0134873
0	0	110	-0.00378246	-0.540684	0.0132864
0	0	112	-0.00392108	-0.593444	0.0129447
0	0	114	-0.00404578	-0.644763	0.0124481
0	0	116	-0.00415691	-0.694089	0.0117803
0	0	118	-0.00425431	-0.740804	0.0109358
0	0	120	-0.00433943	-0.784254	0.00992765
0	0	122	-0.00441158	-0.823804	0.00876988
0	0	124	-0.00447155	-0.858856	0.00748401
0	0	126	-0.00451849	-0.888865	0.00609726
0	0	128	-0.00455292	-0.913374	0.0046414
0	0	130	-0.00457383	-0.93203	0.00314915
0	0	132	-0.00458176	-0.944578	0.00164622
0	0	134	-0.0045756	-0.950852	0.00015669
0	0	136	-0.00455472	-0.950776	-0.00129728
0	0	138	-0.00451897	-0.944355	-0.00269648
0	0	140	-0.00446654	-0.931668	-0.00402076
0	0	142	-0.0043961	-0.912884	-0.00525059
0	0	144	-0.00430608	-0.888269	-0.00636899
0	0	146	-0.0041953	-0.858178	-0.00735503
0	0	148	-0.00406167	-0.823069	-0.00820287
0	0	150	-0.00390431	-0.78348	-0.00890586
0	0	152	-0.00372305	-0.740016	-0.00946562
0	0	154	-0.0035174	-0.693314	-0.00989916
0	0	156	-0.00328833	-0.644011	-0.0102185
0	0	158	-0.00303629	-0.592707	-0.0104505
0	0	160	-0.00276388	-0.53996	-0.0106211
0	0	162	-0.00247299	-0.486246	-0.0107534
0	0	164	-0.00216581	-0.431953	-0.0108727
0	0	166	-0.00184486	-0.377379	-0.0109906
0	0	168	-0.00151409	-0.322753	-0.0111269
0	0	170	-0.00117688	-0.268228	-0.0112907
0	0	172	-0.00083643	-0.213872	-0.0114878
0	0	174	-0.00049539	-0.159714	-0.0117158
0	0	176	-0.00015789	-0.105749	-0.0119778
0	0	178	0.00017438	-0.0519325	-0.0122716
0	0	180	0.0004994	0.0018185	-0.012586
0	0	182	0.00081615	0.0555716	-0.0129141
0	0	184	0.00112416	0.109391	-0.0132471
0	0	186	0.00142364	0.163342	-0.0135728
0	0	188	0.00171571	0.217475	-0.0138767
0	0	190	0.00200202	0.271806	-0.0141352
0	0	192	0.00228402	0.326297	-0.0143382
0	0	194	0.0025627	0.380872	-0.0144648
0	0	196	0.00283921	0.43539	-0.014485
0	0	198	0.00311448	0.489627	-0.0143772
0	0	200	0.00338749	0.543264	-0.0141249
0	0	202	0.00365596	0.595904	-0.0137133
0	0	204	0.00391816	0.647084	-0.0131224
0	0	206	0.00417168	0.696249	-0.0123479
0	0	208	0.00441319	0.742782	-0.0113998
0	0	210	0.00463836	0.786048	-0.0102866
0	0	212	0.00484494	0.825418	-0.00902929
0	0	214	0.00502854	0.860293	-0.0076519
0	0	216	0.00518629	0.890136	-0.00618814
0	0	218	0.00531757	0.914499	-0.00466895
0	0	220	0.00542027	0.933039	-0.00311996
0	0	222	0.00549345	0.945499	-0.00156593
0	0	224	0.00553733	0.951718	-2.769e-05
0	0	226	0.00555171	0.951623	0.00147774
0	0	228	0.00553839	0.945216	0.00293508
0	0	230	0.00549687	0.93258	0.00432835
0	0	232	0.00542781	0.913887	0.00564294
0	0	234	0.00533222	0.889391	0.00686162
0	0	236	0.00521122	0.859447	0.00796679
0	0	238	0.00506465	0.824508	0.00894419
0	0	240	0.00489434	0.785111	0.00978764
0	0	242	0.00470217	0.74185	0.0104961
0	0	244	0.00448836	0.695357	0.0110747
0	0	246	0.00425667	0.646267	0.011535
0	0	248	0.00400739	0.595176	0.01189
0	0	250	0.00374164	0.542629	0.012165
0	0	252	0.00346348	0.489114	0.0123843
0	0	254	0.00317473	0.435014	0.0125661
0	0	256	0.00287727	0.380631	0.0127275
0	0	258	0.00257252	0.326188	0.012887
0	0	260	0.00226256	0.271836	0.0130594
0	0	262	0.00194942	0.217647	0.0132484
0	0	264	0.00163497	0.163639	0.013455
0	0	266	0.00131987	0.109813	0.013685
0	0	268	0.00100598	0.0561228	0.0139341
0	0	270	0.00069372	0.00248035	0.0141929
0	0	272	0.00038413	-0.0511912	0.0144488
0	0	274	7.817e-05	-0.104954	0.0146887
0	0	276	-0.00022353	-0.158885	0.0149049
0	0	278	-0.00052154	-0.213045	0.0150796
0	0	280	-0.00081495	-0.267452	0.0151953
0	0	282	-0.00110293	-0.322063	0.0152373
0	0	284	-0.00138522	-0.376808	0.0151892
0	0	286	-0.00166016	-0.431555	0.0150307
0	0	288	-0.0019283	-0.486073	0.0147408
0	0	290	-0.00218828	-0.540038	0.0143067
0	0	292	-0.00243793	-0.593051	0.0137171
0	0	294	-0.00267677	-0.644643	0.01296
0	0	296	-0.00290305	-0.694236	0.0120296
0	0	298	-0.00311375	-0.741203	0.010931
0	0	300	-0.00330856	-0.784904	0.00967678
0	0	302	-0.00348412	-0.824701	0.00828654
0	0	304	-0.00363967	-0.859974	0.00678138
0	0	306	-0.00377351	-0.890174	0.00519292
0	0	308	-0.00388326	-0.914854	0.00355015
0	0	310	-0.00396918	-0.933657	0.00187875
0	0	312	-0.00402973	-0.946327	0.0002036
0	0	314	-0.00406403	-0.952698	-0.00145187
0	0	316	-0.00407206	-0.9527	-0.00306817
0	0	318	-0.00405434	-0.946336	-0.00462652
0	0	320	-0.00401052	-0.933698	-0.00610636
0	0	322	-0.00393984	-0.91496	-0.00748436
0	0	324	-0.00384361	-0.890385	-0.00873812
0	0	326	-0.00372232	-0.860345	-0.00984796
0	0	328	-0.00357742	-0.825298	-0.0107994
0	0	330	-0.00340931	-0.785789	-0.0115827
0	0	332	-0.00321905	-0.742429	-0.0121932
0	0	334	-0.00300972	-0.695849	-0.0126433
0	0	336	-0.00278197	-0.646685	-0.0129476
0	0	338	-0.00253831	-0.595535	-0.0131255
0	0	340	-0.00228023	-0.54295	-0.0132063
0	0	342	-0.00200899	-0.489404	-0.0132085
0	0	344	-0.00172626	-0.435277	-0.0131609
0	0	346	-0.00143426	-0.380881	-0.0130858
0	0	348	-0.00113262	-0.326438	-0.0129994
0	0	350	-0.00082409	-0.272088	-0.0129176
0	0	352	-0.00050821	-0.217904	-0.0128483
0	0	354	-0.00018625	-0.163916	-0.0128004
0	0	356	0.00014019	-0.110119	-0.0127739
0	0	358	0.00046981	-0.0564587	-0.0127669
0	0	360	0.0008013	-0.00287031	-0.0127765
0	0	362	0.0011332	0.0507233	-0.0127921
0	0	364	0.00146538	0.104388	-0.0128097
0	0	366	0.00179457	0.1582	-0.0128135
0	0	368	0.00211848	0.212204	-0.0127928
0	0	370	0.00243629	0.266416	-0.0127378
0	0	372	0.0027459	0.320804	-0.0126361
0	0	374	0.0030443	0.375292	-0.0124704
0	0	376	0.00332999	0.42974	-0.0122213
0	0	378	0.00360031	0.483931	-0.0118746
0	0	380	0.00385322	0.537557	-0.0114204
0	0	382	0.00408642	0.590223	-0.010836
0	0	384	0.0042986	0.641456	-0.0101119
0	0	386	0.00448812	0.690711	-0.00924422
0	0	388	0.00465242	0.737364	-0.00823452
0	0	390	0.00479098	0.780782	-0.00708145
0	0	392	0.00490177	0.820332	-0.00579566
0	0	394	0.00498635	0.855412	-0.00440321
0	0	396	0.00504464	0.885474	-0.00292538
0	0	398	0.0050756	0.910062	-0.00138491
0	0	400	0.00508103	0.928831	0.00019428
0	0	402	0.00506084	0.941523	0.00178657
0	0	404	0.00501545	0.947977	0.0033716
0	0	406	0.00494589	0.948119	0.00492985
0	0	408	0.0048534	0.941958	0.00644074
0	0	410	0.00473734	0.929583	0.00787951
0	0	412	0.00459817	0.911164	0.00922162
0	0	414	0.00443834	0.886962	0.0104428
0	0	416	0.00425721	0.857336	0.0115158
0	0	418	0.00405657	0.822731	0.01242
0	0	420	0.0038374	0.783683	0.0131417
0	0	422	0.00360134	0.740784	0.0136791
0	0	424	0.0033501	0.694654	0.0140349
0	0	426	0.00308651	0.645917	0.0142202
0	0	428	0.00281258	0.595176	0.0142594
0	0	430	0.00253064	0.542965	0.0141796
0	0	432	0.00224249	0.489747	0.0140043
0	0	434	0.0019501	0.435903	0.0137576
0	0	436	0.00165566	0.381746	0.0134686
0	0	438	0.00136076	0.327491	0.0131622
0	0	440	0.00106678	0.273282	0.0128504
0	0	442	0.00077464	0.219202	0.0125473
0	0	444	0.00048634	0.165279	0.0122639
0	0	446	0.00020081	0.111505	0.0120103
0	0	448	-8.02e-05	0.0578339	0.0117872
0	0	450	-0.00035615	0.00420031	0.0115873
0	0	452	-0.00062795	-0.0494634	0.011418
0	0	454	-0.00089489	-0.103223	0.0112742
0	0	456	-0.00115621	-0.157151	0.0111424
0	0	458	-0.00141276	-0.211301	0.0110101
0	0	460	-0.00166398	-0.265683	0.0108687
0	0	462	-0.0019098	-0.320261	0.0107084
0	0	464	-0.00215107	-0.374964	0.010507
0	0	466	-0.00238498	-0.429647	0.0102423
0	0	468	-0.00261241	-0.484086	0.00990136
0	0	470	-0.00283282	-0.537974	0.00946483
0	0	472	-0.00304407	-0.59091	0.00891244
0	0	474	-0.00324428	-0.642421	0.00822903
0	0	476	-0.00343331	-0.691935	0.00740796
0	0	478	-0.00360886	-0.738837	0.00644867
0	0	480	-0.00376913	-0.782485	0.00535436
0	0	482	-0.00391195	-0.822233	0.00413498
0	0	484	-0.00403597	-0.85747	0.00281002
0	0	486	-0.0041396	-0.887647	0.00140318
0	0	488	-0.00422088	-0.912312	-6.383e-05
0	0	490	-0.00427986	-0.931103	-0.00156606
0	0	492	-0.00431526	-0.94376	-0.00308118
0	0	494	-0.0043265	-0.950119	-0.00459024
0	0	496	-0.00431261	-0.9501	-0.00607335
0	0	498	-0.00427312	-0.943708	-0.00751011
0	0	500	-0.00420892	-0.931029	-0.00887705
0	0	502	-0.00411973	-0.912236	-0.0101518
0	0	504	-0.00400572	-0.887595	-0.0113079
0	0	506	-0.00386674	-0.857464	-0.0123212
0	0	508	-0.00370306	-0.82231	-0.0131705
0	0	510	-0.0035174	-0.782677	-0.0138494
0	0	512	-0.0033117	-0.739173	-0.0143524
0	0	514	-0.00308693	-0.692433	-0.0146817
0	0	516	-0.00284548	-0.6431	-0.0148567
0	0	518	-0.00258988	-0.591807	-0.0148958
0	0	520	-0.00232185	-0.539102	-0.0148256
0	0	522	-0.00204369	-0.485463	-0.0146695
0	0	524	-0.00175718	-0.431293	-0.0144485
0	0	526	-0.00146462	-0.376916	-0.0141914
0	0	528	-0.00116611	-0.322555	-0.0139136
0	0	530	-0.00086398	-0.268351	-0.013634
0	0	532	-0.00055838	-0.214383	-0.0133619
0	0	534	-0.00025055	-0.160672	-0.0131079
0	0	536	5.969e-05	-0.107192	-0.0128748
0	0	538	0.00037167	-0.0538762	-0.0126614
0	0	540	0.00068432	-0.0006442	-0.01247
0	0	542	0.0009974	0.052592	-0.0122968
0	0	544	0.00131044	0.10592	-0.0121344
0	0	546	0.00162179	0.159429	-0.0119733
0	0	548	0.00193166	0.213182	-0.0118028
0	0	550	0.00223798	0.267202	-0.011613
0	0	552	0.00253896	0.321471	-0.011386
0	0	554	0.0028338	0.375918	-0.0111007
0	0	556	0.0031201	0.430395	-0.0107455
0	0	558	0.00339519	0.484669	-0.0103014
0	0	560	0.00365628	0.538423	-0.0097559
0	0	562	0.00390248	0.591261	-0.00908758
0	0	564	0.00412987	0.642691	-0.00829089
0	0	566	0.00433765	0.692146	-0.00736758
0	0	568	0.00452457	0.738998	-0.0063175
0	0	570	0.0046894	0.782608	-0.00515356
0	0	572	0.00482983	0.822326	-0.00388703
0	0	574	0.00494847	0.857548	-0.00254655
0	0	576	0.00504555	0.887725	-0.00115326
0	0	578	0.00511967	0.912412	0.00027209
0	0	580	0.00517286	0.93125	0.00170461
0	0	582	0.00520692	0.943982	0.00312686
0	0	584	0.0052228	0.95045	0.00452377
0	0	586	0.00522013	0.950579	0.00587955
0	0	588	0.00520055	0.944376	0.00718098
0	0	590	0.00516475	0.931927	0.00841271
0	0	592	0.00511195	0.913404	0.00955529
0	0	594	0.00504212	0.889067	0.0105886
0	0	596	0.00495615	0.859274	0.0114909
0	0	598	0.00485234	0.824479	0.0122533
0	0	600	0.00473089	0.785218	0.0128669
0	0	602	0.00459199	0.742086	0.0133236
0	0	604	0.00443563	0.695707	0.0136322
0	0	606	0.00426082	0.646718	0.0138099
0	0	608	0.00406876	0.595728	0.0138806
0	0	610	0.00385906	0.54328	0.0138633
0	0	612	0.00363213	0.489837	0.0137757
0	0	614	0.00338933	0.435798	0.0136516
0	0	616	0.00312991	0.381471	0.0135056
0	0	618	0.00285665	0.32707	0.0133541
0	0	620	0.00256963	0.272736	0.0132082
0	0	622	0.00226947	0.218558	0.0130811
0	0	624	0.00195857	0.164563	0.0129825
0	0	626	0.00163913	0.110729	0.0129047
0	0	628	0.00131163	0.0570026	0.0128511
0	0	630	0.00097867	0.00331933	0.0128195
0	0	632	0.00064233	-0.0503908	0.0128083
0	0	634	0.00030403	-0.104195	0.0128083
0	0	636	-3.475e-05	-0.158168	0.0128028
0	0	638	-0.00036986	-0.212347	0.0127906
0	0	640	-0.00070105	-0.266744	0.0127548
0	0	642	-0.0010262	-0.321325	0.0126762
0	0	644	-0.00134329	-0.376017	0.0125341
0	0	646	-0.00165029	-0.430656	0.0123157
0	0	648	-0.00194474	-0.48501	0.0119992
0	0	650	-0.00222575	-0.538771	0.0115649
0	0	652	-0.00249173	-0.591547	0.0109938
0	0	654	-0.0027408	-0.64285	0.0102778
0	0	656	-0.0029723	-0.692124	0.00941209
0	0	658	-0.00318546	-0.73876	0.00839837
0	0	660	-0.00337972	-0.782131	0.00724769
0	0	662	-0.00355414	-0.821593	0.00598261
0	0	664	-0.00370879	-0.856552	0.00462883
0	0	666	-0.00384447	-0.886482	0.00321283
0	0	668	-0.00396126	-0.910939	0.00176537
0	0	670	-0.0040617	-0.929575	0.00031338
0	0	672	-0.00414703	-0.942139	-0.00111655
0	0	674	-0.00421833	-0.948474	-0.00250579
0	0	676	-0.00427675	-0.94851	-0.00383839
0	0	678	-0.00432326	-0.942253	-0.00509768
0	0	680	-0.00435823	-0.929786	-0.00626613
0	0	682	-0.0043843	-0.911281	-0.00732692
0	0	684	-0.00440087	-0.886993	-0.00826359
0	0	686	-0.00440657	-0.857277	-0.00906041
0	0	688	-0.00440166	-0.82258	-0.00971309
0	0	690	-0.00438601	-0.783439	-0.0102152
0	0	692	-0.00435821	-0.740437	-0.0105701
0	0	694	-0.00431687	-0.694195	-0.0107937
0	0	696	-0.00426206	-0.64534	-0.010905
0	0	698	-0.00419237	-0.594478	-0.0109269
0	0	700	-0.00410836	-0.542138	-0.0108777
0	0	702	-0.004009	-0.48879	-0.0107867
0	0	704	-0.00389481	-0.434827	-0.0106799
0	0	706	-0.00376596	-0.380553	-0.0105684
0	0	708	-0.00362333	-0.326186	-0.0104663
0	0	710	-0.00346791	-0.27186	-0.0103867
0	0	712	-0.00330097	-0.217678	-0.0103406
0	0	714	-0.00312418	-0.163674	-0.0103278
0	0	716	-0.00293763	-0.109821	-0.0103483
0	0	718	-0.00274102	-0.0560796	-0.0104003
0	0	720	-0.00253648	-0.00239642	-0.010487
0	0	722	-0.00232284	0.0513049	-0.0105954
0	0	724	-0.00209876	0.105095	-0.0107165
0	0	726	-0.00186259	0.159032	-0.0108462
0	0	728	-0.00161342	0.213155	-0.0109747
0	0	730	-0.00134935	0.267479	-0.0110833
0	0	732	-0.00106861	0.32198	-0.0111559
0	0	734	-0.00077169	0.376576	-0.0111698
0	0	736	-0.00045914	0.431114	-0.011117
0	0	738	-0.00013288	0.485368	-0.0109673
0	0	740	0.0002046	0.539033	-0.0106945
0	0	742	0.00054721	0.591715	-0.0102854
0	0	744	0.00089172	0.642933	-0.00971999
0	0	746	0.00122986	0.692143	-0.00899173
0	0	748	0.00155579	0.738732	-0.00808616
0	0	750	0.00186309	0.782064	-0.0070103
0	0	752	0.00214518	0.8215	-0.00578148
0	0	754	0.00239597	0.856442	-0.00441683
0	0	756	0.0026125	0.886352	-0.0029433
0	0	758	0.00279166	0.91078	-0.00138289
0	0	760	0.00293128	0.929374	0.00022951
0	0	762	0.00303116	0.941875	0.00186625
0	0	764	0.0030908	0.948119	0.00350346
0	0	766	0.00311278	0.948028	0.00511505
0	0	768	0.00309868	0.941605	0.00667292
0	0	770	0.00305154	0.928933	0.00815327
0	0	772	0.00297399	0.910179	0.00952606
0	0	774	0.00286846	0.885604	0.0107614
0	0	776	0.00274077	0.855567	0.0118364
0	0	778	0.00259381	0.820523	0.0127292
0	0	780	0.00242995	0.781018	0.0134325
0	0	782	0.00225397	0.73765	0.0139364
0	0	784	0.00206841	0.691056	0.0142503
0	0	786	0.00187738	0.64188	0.014396
0	0	788	0.00168269	0.590729	0.014384
0	0	790	0.0014874	0.538162	0.0142481
0	0	792	0.00129219	0.484663	0.0140141
0	0	794	0.00109933	0.430638	0.0137121
0	0	796	0.00090975	0.376402	0.0133669
0	0	798	0.00072284	0.322173	0.0129926
0	0	800	0.00054018	0.268094	0.0126148
0	0	802	0.00036035	0.214252	0.0122448
0	0	804	0.00018297	0.160668	0.0118928
0	0	806	6.96e-06	0.107308	0.0115637
0	0	808	-0.00016793	0.0541128	0.0112598
0	0	810	-0.00034314	0.00100479	0.0109839
0	0	812	-0.00051971	-0.052104	0.010734
0	0	814	-0.00069895	-0.105316	0.0105029
0	0	816	-0.00088163	-0.158706	0.010286
0	0	818	-0.00106855	-0.212331	0.0100741
0	0	820	-0.00125968	-0.266218	0.00985958
0	0	822	-0.00145635	-0.320355	0.00962415
0	0	824	-0.00165753	-0.374668	0.00935946
0	0	826	-0.00186242	-0.429004	0.00904616
0	0	828	-0.00207012	-0.483143	0.00867448
0	0	830	-0.00227981	-0.536773	0.00822437
0	0	832	-0.00248923	-0.58949	0.00768126
0	0	834	-0.00269535	-0.640806	0.00704361
0	0	836	-0.00289695	-0.690153	0.00630285
0	0	838	-0.00309231	-0.73692	0.00545779
0	0	840	-0.00327779	-0.780465	0.00451756
0	0	842	-0.00345034	-0.820137	0.00349368
0	0	844	-0.00360963	-0.855329	0.00240967
0	0	846	-0.00375284	-0.885496	0.00127686
0	0	848	-0.00387768	-0.910187	0.00011921
0	0	850	-0.00398287	-0.92904	-0.0010425
0	0	852	-0.00406832	-0.9418	-0.00219753
0	0	854	-0.00413215	-0.948305	-0.00333194
0	0	856	-0.00417335	-0.94848	-0.00443427
0	0	858	-0.0041919	-0.942326	-0.0054938
0	0	860	-0.00418793	-0.929929	-0.0065013
0	0	862	-0.00415998	-0.911462	-0.00744302
0	0	864	-0.00410767	-0.887182	-0.00830415
0	0	866	-0.00403061	-0.857447	-0.0090717
0	0	868	-0.00392874	-0.822711	-0.00973568
0	0	870	-0.00380422	-0.783508	-0.0102894
0	0	872	-0.0036556	-0.740429	-0.0107337
0	0	874	-0.00348491	-0.694111	-0.0110813
0	0	876	-0.00329564	-0.645186	-0.0113437
0	0	878	-0.00308844	-0.594246	-0.0115359
0	0	880	-0.00286559	-0.541833	-0.0116762
0	0	882	-0.00263058	-0.488425	-0.0117884
0	0	884	-0.00238553	-0.434419	-0.0118879
0	0	886	-0.00213248	-0.380111	-0.0119849
0	0	888	-0.00187317	-0.325723	-0.0120965
0	0	890	-0.00161068	-0.271405	-0.0122238
0	0	892	-0.00134745	-0.217237	-0.0123782
0	0	894	-0.00108373	-0.163246	-0.0125499
0	0	896	-0.00082112	-0.109414	-0.0127443
0	0	898	-0.00056072	-0.0557147	-0.0129615
0	0	900	-0.00030318	-0.00206885	-0.0131954
0	0	902	-4.825e-05	0.0515895	-0.0134409
0	0	904	0.00020312	0.105335	-0.0136834
0	0	906	0.00045195	0.159225	-0.0139172
0	0	908	0.0006982	0.213309	-0.0141312
0	0	910	0.0009409	0.267596	-0.0143049
0	0	912	0.00117999	0.322061	-0.0144198
0	0	914	0.00141484	0.376618	-0.0144535
0	0	916	0.00164486	0.431126	-0.0143867
0	0	918	0.00186946	0.485363	-0.0141911
0	0	920	0.00208702	0.539027	-0.0138371
0	0	922	0.00229541	0.59173	-0.0133111
0	0	924	0.00249369	0.642989	-0.0126013
0	0	926	0.00267823	0.692252	-0.0116956
0	0	928	0.00284946	0.738917	-0.010595
0	0	930	0.00300437	0.782351	-0.00931086
0	0	932	0.00314211	0.82191	-0.00786656
0	0	934	0.00326161	0.856985	-0.00628514
0	0	936	0.00336211	0.887046	-0.00460039
0	0	938	0.00344331	0.91164	-0.00284627
0	0	940	0.00350522	0.930403	-0.0010536
0	0	942	0.00354758	0.943079	0.00074765
0	0	944	0.00357144	0.949504	0.00253167
0	0	946	0.00357636	0.949598	0.00427216
0	0	948	0.00356266	0.943359	0.00594534
0	0	950	0.00353093	0.930872	0.00752799
0	0	952	0.00348137	0.912297	0.00899172
0	0	954	0.00341517	0.887892	0.0103111
0	0	956	0.00333213	0.858017	0.0114662
0	0	958	0.00323232	0.823121	0.0124364
0	0	960	0.0031179	0.783734	0.0132101
0	0	962	0.00298861	0.740446	0.0137881
0	0	964	0.00284562	0.693912	0.0141801
0	0	966	0.00269039	0.644757	0.014401
0	0	968	0.00252401	0.59357	0.0144733
0	0	970	0.00234692	0.540915	0.0144236
0	0	972	0.00216021	0.48728	0.0142835
0	0	974	0.00196547	0.433053	0.0140797
0	0	976	0.00176342	0.378536	0.0138336
0	0	978	0.0015543	0.323967	0.0135658
0	0	980	0.00133837	0.269505	0.0132904
0	0	982	0.00111842	0.215221	0.0130296
0	0	984	0.00089409	0.16115	0.0127823
0	0	986	0.00066554	0.107288	0.0125502
0	0	988	0.00043497	0.0535887	0.0123419
0	0	990	0.0002019	-1.798e-05	0.012154
0	0	992	-3.198e-05	-0.0535976	0.0119864
0	0	994	-0.00026578	-0.10722	0.0118234
0	0	996	-0.00049779	-0.16097	0.0116664
0	0	998	-0.00072751	-0.214894	0.0115045
0	0	1000	-0.00095385	-0.269001	0.0113211
0	0	1002	-0.00117575	-0.323278	0.0111038
0	0	1004	-0.00139112	-0.37766	0.0108395
0	0	1006	-0.00159885	-0.431988	0.0105149
0	0	1008	-0.00179804	-0.486038	0.0101046
0	0	1010	-0.0019874	-0.539535	0.00959752
0	0	1012	-0.00216545	-0.592084	0.0089835
0	0	1014	-0.00233014	-0.643192	0.00824818
0	0	1016	-0.00247976	-0.692298	0.00738784
0	0	1018	-0.00261425	-0.738827	0.00640803
0	0	1020	-0.00273178	-0.782132	0.00532492
0	0	1022	-0.00282928	-0.821552	0.0041389
0	0	1024	-0.00290591	-0.856498	0.00287248
0	0	1026	-0.00296019	-0.886449	0.00156045
0	0	1028	-0.00299127	-0.910932	0.00021755
0	0	1030	-0.00299763	-0.92958	-0.00113968
0	0	1032	-0.00297906	-0.942147	-0.00248552
0	0	1034	-0.00293621	-0.948465	-0.00380295
0	0	1036	-0.00286808	-0.948446	-0.00508336
0	0	1038	-0.00277512	-0.942094	-0.00630872
0	0	1040	-0.00265759	-0.929483	-0.00746103
0	0	1042	-0.00251706	-0.91078	-0.00852137
0	0	1044	-0.00235498	-0.886254	-0.00947119
0	0	1046	-0.00217363	-0.85626	-0.0102913
0	0	1048	-0.00197601	-0.821245	-0.0109665
0	0	1050	-0.00176402	-0.781754	-0.0114911
0	0	1052	-0.00154148	-0.738398	-0.0118601
0	0	1054	-0.00131213	-0.691796	-0.0120869
0	0	1056	-0.00107931	-0.642575	-0.0121859
0	0	1058	-0.00084465	-0.591362	-0.0121733
0	0	1060	-0.00061081	-0.538691	-0.0120755
0	0	1062	-0.00038032	-0.485021	-0.0119165
0	0	1064	-0.00015362	-0.430761	-0.0117208
0	0	1066	6.904e-05	-0.376226	-0.0115027
0	0	1068	0.00028749	-0.32162	-0.0112854
0	0	1070	0.00050062	-0.267087	-0.0110837
0	0	1072	0.00070986	-0.21274	-0.0109047
0	0	1074	0.0009167	-0.158601	-0.0107528
0	0	1076	0.00112124	-0.104633	-0.0106407
0	0	1078	0.00132295	-0.0508042	-0.0105677
0	0	1080	0.0015232	0.00293104	-0.0105286
0	0	1082	0.00172335	0.05666	-0.0105216
0	0	1084	0.00192308	0.110479	-0.0105475
0	0	1086	0.00212203	0.164437	-0.010594
0	0	1088	0.00232084	0.218561	-0.0106422
0	0	1090	0.00251942	0.272916	-0.0106898
0	0	1092	0.00271659	0.327489	-0.0107179
0	0	1094	0.00291052	0.382154	-0.0107013
0	0	1096	0.00310064	0.436798	-0.0106232
0	0	1098	0.00328566	0.491227	-0.0104649
0	0	1100	0.00346255	0.545127	-0.010201
0	0	1102	0.00363024	0.598099	-0.00980375
0	0	1104	0.00378682	0.649688	-0.00926194
0	0	1106	0.00392931	0.699345	-0.00855998
0	0	1108	0.00405616	0.746454	-0.00769432
0	0	1110	0.00416673	0.790372	-0.00666651
0	0	1112	0.00425913	0.830457	-0.00548253
0	0	1114	0.0043342	0.866104	-0.00416267
0	0	1116	0.00439119	0.896759	-0.00272957
0	0	1118	0.0044295	0.921958	-0.00120887
0	0	1120	0.00445033	0.941338	0.00037318
0	0	1122	0.00445465	0.954637	0.00198985
0	0	1124	0.00444304	0.96169	0.0036175
0	0	1126	0.00441629	0.962424	0.0052311
0	0	1128	0.00437466	0.956846	0.00680577
0	0	1130	0.00431907	0.94504	0.00831252
0	0	1132	0.00424977	0.927181	0.00972602
0	0	1134	0.00416661	0.903538	0.0110165
0	0	1136	0.00407053	0.874465	0.0121567
0	0	1138	0.00396222	0.840422	0.013125
0	0	1140	0.00384186	0.801938	0.013902
0	0	1142	0.00371024	0.759609	0.0144847
0	0	1144	0.00356793	0.714068	0.0148734
0	0	1146	0.00341593	0.665949	0.0150772
0	0	1148	0.00325525	0.615846	0.0151194
0	0	1150	0.00308702	0.564307	0.0150236
0	0	1152	0.00291085	0.511816	0.0148155
0	0	1154	0.00272802	0.458765	0.0145178
0	0	1156	0.00253989	0.405455	0.0141559
0	0	1158	0.00234603	0.35211	0.0137576
0	0	1160	0.00214742	0.298897	0.0133336
0	0	1162	0.00194451	0.245903	0.0129001
0	0	1164	0.00173685	0.193143	0.0124648
0	0	1166	0.00152514	0.140622	0.0120332
0	0	1168	0.00130988	0.088306	0.0116143
0	0	1170	0.00108988	0.0361267	0.0111947
0	0	1172	0.00086648	-0.0159901	0.0107816
0	0	1174	0.00063985	-0.0681057	0.0103671
0	0	1176	0.00041003	-0.120274	0.00994934
0	0	1178	0.00017763	-0.172539	0.00952061
0	0	1180	-5.686e-05	-0.224926	0.00906584
0	0	1182	-0.00029266	-0.277403	0.00858486
0	0	1184	-0.0005281	-0.329888	0.00806528
0	0	1186	-0.00076309	-0.382245	0.00750477
0	0	1188	-0.00099609	-0.434266	0.00688907
0	0	1190	-0.00122609	-0.485651	0.00620879
0	0	1192	-0.00145146	-0.53602	0.00546368
0	0	1194	-0.00167064	-0.584926	0.00464962
0	0	1196	-0.00188172	-0.631833	0.00376167
0	0	1198	-0.00208269	-0.676156	0.00280221
0	0	1200	-0.00227286	-0.717275	0.00178497
0	0	1202	-0.00244962	-0.754583	0.00072072
0	0	1204	-0.00261147	-0.787492	-0.00038189
0	0	1206	-0.00275819	-0.815474	-0.0015052
0	0	1208	-0.00288848	-0.838086	-0.00262899
0	0	1210	-0.00300145	-0.854964	-0.0037415
0	0	1212	-0.00309603	-0.865838	-0.00483044
0	0	1214	-0.00317281	-0.870517	-0.00588061
0	0	1216	-0.00323113	-0.868894	-0.0068762
0	0	1218	-0.00327051	-0.860931	-0.00780173
0	0	1220	-0.00329034	-0.846665	-0.0086351
0	0	1222	-0.00329126	-0.826219	-0.00935153
0	0	1224	-0.00327356	-0.79981	-0.00992484
0	0	1226	-0.00323699	-0.767755	-0.0103331
0	0	1228	-0.00318123	-0.730473	-0.0105534
0	0	1230	-0.00310876	-0.688471	-0.0105756
0	0	1232	-0.00302066	-0.642337	-0.0104031
0	0	1234	-0.00291829	-0.592706	-0.010042
0	0	1236	-0.00280368	-0.540226	-0.00951817
0	0	1238	-0.00267871	-0.485536	-0.00885243
0	0	1240	-0.00254544	-0.42926	-0.00807701
0	0	1242	-0.00240556	-0.371971	-0.00722847
0	0	1244	-0.0022623	-0.314176	-0.00633225
0	0	1246	-0.00211603	-0.256346	-0.00541816
0	0	1248	-0.0019695	-0.198923	-0.0045115
0	0	1250	-0.00182404	-0.142323	-0.00363701
0	0	1252	-0.00168333	-0.0869316	-0.00281711
0	0	1254	-0.00154751	-0.0331667	-0.00206965
0	0	1256	-0.00141983	0.0185394	-0.00142378
0	0	1258	-0.0013024	0.067731	-0.00090787
0	0	1260	-0.00119729	0.113941	-0.00055584
0	0	1262	-0.00110628	0.156678	-0.00040007
0	0	1264	-0.00103267	0.195464	-0.00048601
0	0	1266	-0.00097827	0.229869	-0.0008528
0	0	1268	-0.00094393	0.259542	-0.00153237
0	0	1270	-0.00093251	0.284229	-0.00254276
0	0	1272	-0.00094408	0.30381	-0.00388891
0	0	1274	-0.00097842	0.318307	-0.0055557
0	0	1276	-0.0010347	0.327888	-0.00750239
0	0	1278	-0.00111056	0.332856	-0.0096654
0	0	1280	-0.00120207	0.333633	-0.0119589
0	0	1282	-0.00130538	0.330731	-0.01428
0	0	1284	-0.00141404	0.324711	-0.0165121
0	0	1286	-0.00152229	0.316157	-0.0185352
0	0	1288	-0.00162239	0.305641	-0.0202338
0	0	1290	-0.00171043	0.293691	-0.0215042
0	0	1292	-0.00178134	0.280773	-0.0222667
0	0	1294	-0.00183252	0.267278	-0.0224668
0	0	1296	-0.00186191	0.253516	-0.0220812
0	0	1298	-0.00186919	0.239726	-0.0211198
0	0	1300	-0.00185739	0.226078	-0.0196196
0	0	1302	-0.00182706	0.212683	-0.017651
0	0	1304	-0.00178166	0.199617	-0.0153019
0	0	1306	-0.00172474	0.186924	-0.0126785
0	0	1308	-0.0016584	0.174632	-0.00989368
0	0	1310	-0.0015852	0.16276	-0.00705896
0	0	1312	-0.00150925	0.151323	-0.00428036
0	0	1314	-0.00143103	0.140345	-0.001645
0	0	1316	-0.00135247	0.129846	0.00077822
0	0	1318	-0.00127517	0.119841	0.00294411
0	0	1320	-0.00119948	0.110348	0.00482908
0	0	1322	-0.00112609	0.101377	0.00642422
0	0	1324	-0.00105491	0.0929279	0.00774048
0	0	1326	-0.00098672	0.0849916	0.00879672
0	0	1328	-0.00091996	0.0775544	0.00961827
0	0	1330	-0.00085606	0.0705987	0.0102327
0	0	1332	-0.00079454	0.0640963	0.0106694
0	0	1334	-0.00073478	0.0580184	0.0109561
0	0	1336	-0.00067643	0.052335	0.0111175
0	0	1338	-0.00061971	0.047017	0.0111718
0	0	1340	-0.00056488	0.0420341	0.0111369
0	0	1342	-0.00051141	0.0373581	0.0110254
0	0	1344	-0.00045954	0.0329678	0.0108425
0	0	1346	-0.00040899	0.0288481	0.0105899
0	0	1348	-0.00036059	0.0249887	0.0102627
0	0	1350	-0.00031398	0.0213908	0.00985048
0	0	1352	-0.00027012	0.0180693	0.00933824
0	0	1354	-0.00022944	0.015054	0.00871186
0	0	1356	-0.00019236	0.0123872	0.00796399
0	0	1358	-0.00015866	0.0101155	0.0071047
0	0	1360	-0.00012962	0.00827067	0.00616896
0	0	1362	-0.00010528	0.00685257	0.00521312
0	0	1364	-8.433e-05	0.00582128	0.00429796
0	0	1366	-6.705e-05	0.0051089	0.00347315
0	0	1368	-5.272e-05	0.00463682	0.00276439
0	0	1370	-4.116e-05	0.00433313	0.00217752
0	0	1372	-3.275e-05	0.00414081	0.0017033
0	0	1374	-2.626e-05	0.00401979	0.0013266
0	0	1376	-2.063e-05	0.00394388	0.00103039
0	0	1378	-1.616e-05	0.00389538	0.00079924
0	0	1380	-1.334e-05	0.00386176	0.00062038
0	0	1382	-1.034e-05	0.00383796	0.00048242
0	0	1384	-8.56e-06	0.00381965	0.00037689
0	0	1386	-7.33e-06	0.00380406	0.0002973
0	0	1388	-6.19e-06	0.00378847	0.00023815
0	0	1390	-5.21e-06	0.00377281	0.00019577
0	0	1392	-4.28e-06	0.00375569	0.0001672
0	0	1394	-3.77e-06	0.00373599	0.00014975
0	0	1396	-3.41e-06	0.0037111	0.0001436
0	0	1398	-2.89e-06	0.00367893	0.00014746
0	0	1400	-2.39e-06	0.00363567	0.00016079
0	0	1402	-2.12e-06	0.00357474	0.00018401
0	0	1404	-1.15e-06	0.00348949	0.00021499
0	0	1406	-4.2e-07	0.00337386	0.00025459
0	0	1408	3.2e-07	0.00322332	0.00030058
0	0	1410	1.63e-06	0.00303927	0.00034781
0	0	1412	3.07e-06	0.00283053	0.00039247
0	0	1414	5.24e-06	0.00261126	0.00043177
0	0	1416	6.49e-06	0.00239456	0.00046415
0	0	1418	7.71e-06	0.00219029	0.00048894
0	0	1420	1.007e-05	0.00200521	0.0005077
0	0	1422	1.207e-05	0.00184233	0.00052076
0	0	1424	1.434e-05	0.00169947	0.00052974
0	0	1426	1.652e-05	0.00157487	0.00053469
0	0	1428	1.802e-05	0.00146738	0.00053765
0	0	1430	1.936e-05	0.00137416	0.0005385
0	0	1432	2.136e-05	0.001293	0.00053898
0	0	1434	2.403e-05	0.00122183	0.00053803
0	0	1436	2.539e-05	0.00115959	0.00053524
0	0	1438	2.691e-05	0.00110428	0.00053178
0	0	1440	2.875e-05	0.00105549	0.00052831
0	0	1442	3.008e-05	0.00101132	0.00052423
0	0	1444	3.147e-05	0.00097189	0.00051854
0	0	1446	3.297e-05	0.00093606	0.00051353
0	0	1448	3.431e-05	0.00090361	0.00050818
0	0	1450	3.532e-05	0.00087397	0.0005025
0	0	1452	3.678e-05	0.00084705	0.00049653
0	0	1454	3.773e-05	0.00082194	0.00049025
0	0	1456	3.827e-05	0.00079814	0.00048457
0	0	1458	3.919e-05	0.00077591	0.00047796
0	0	1460	3.989e-05	0.0007555	0.00047131
0	0	1462	4.029e-05	0.00073644	0.00046474
0	0	1464	4.082e-05	0.00071812	0.00045849
0	0	1466	4.125e-05	0.00070019	0.00045178
0	0	1468	4.134e-05	0.00068377	0.00044502
0	0	1470	4.159e-05	0.00066826	0.00043878
0	0	1472	4.156e-05	0.00065314	0.00043196
0	0	1474	4.206e-05	0.00063801	0.00042521
0	0	1476	4.263e-05	0.00062383	0.00041853
0	0	1478	4.285e-05	0.0006101	0.00041187
0	0	1480	4.281e-05	0.0005968	0.00040502
0	0	1482	4.239e-05	0.00058418	0.00039869
0	0	1484	4.23e-05	0.00057181	0.00039162
0	0	1486	4.209e-05	0.00055962	0.00038552
0	0	1488	4.229e-05	0.00054775	0.0003794
0	0	1490	4.186e-05	0.00053624	0.00037274
0	0	1492	4.156e-05	0.00052481	0.0003669
0	0	1494	4.221e-05	0.00051375	0.00036101
0	0	1496	4.184e-05	0.00050294	0.00035498
0	0	1498	4.138e-05	0.0004923	0.0003492
0	0	1500	4.077e-05	0.00048178	0.00034312
0	0	1502	4.001e-05	0.00047193	0.00033712
0	0	1504	3.982e-05	0.00046189	0.00033164
0	0	1506	3.921e-05	0.00045228	0.00032605
0	0	1508	3.891e-05	0.00044303	0.00032065
0	0	1510	3.868e-05	0.00043328	0.00031481
0	0	1512	3.864e-05	0.00042386	0.00030981
0	0	1514	3.801e-05	0.00041528	0.00030451
0	0	1516	3.761e-05	0.00040644	0.00029894
0	0	1518	3.728e-05	0.00039778	0.00029398
0	0	1520	3.672e-05	0.00038932	0.00028894
0	0	1522	3.598e-05	0.00038092	0.00028371
0	0	1524	3.594e-05	0.00037324	0.00027871
0	0	1526	3.513e-05	0.00036533	0.00027459
0	0	1528	3.445e-05	0.00035754	0.00027006
0	0	1530	3.448e-05	0.00034974	0.00026519
0	0	1532	3.437e-05	0.00034187	0.00026048
0	0	1534	3.36e-05	0.00033406	0.00025564
0	0	1536	3.298e-05	0.0003274	0.00025158
0	0	1538	3.257e-05	0.00032018	0.00024784
0	0	1540	3.228e-05	0.0003137	0.00024375
0	0	1542	3.13e-05	0.0003071	0.00023989
0	0	1544	3.069e-05	0.00029974	0.00023632
0	0	1546	3.038e-05	0.00029338	0.0002322
0	0	1548	2.976e-05	0.00028725	0.00022823
0	0	1550	2.929e-05	0.00028141	0.00022444
0	0	1552	2.904e-05	0.00027556	0.00022132
0	0	1554	2.902e-05	0.0002691	0.00021746
0	0	1556	2.883e-05	0.00026308	0.00021349
0	0	1558	2.793e-05	0.0002575	0.00021059
0	0	1560	2.682e-05	0.00025179	0.00020723
0	0	1562	2.628e-05	0.00024588	0.00020381
0	0	1564	2.574e-05	0.00024098	0.00020062
0	0	1566	2.519e-05	0.00023584	0.00019746
0	0	1568	2.536e-05	0.00023098	0.00019421
0	0	1570	2.495e-05	0.00022605	0.0001915
0	0	1572	2.449e-05	0.00022131	0.00018859
0	0	1574	2.408e-05	0.00021629	0.0001853
0	0	1576	2.378e-05	0.00021167	0.0001822
0	0	1578	2.339e-05	0.00020713	0.00017936
0	0	1580	2.297e-05	0.00020209	0.00017685
0	0	1582	2.221e-05	0.00019786	0.00017426
0	0	1584	2.183e-05	0.000194	0.00017141
0	0	1586	2.11e-05	0.00018977	0.00016919
0	0	1588	2.057e-05	0.00018552	0.00016672
0	0	1590	2.035e-05	0.00018089	0.00016404
0	0	1592	1.964e-05	0.00017742	0.00016164
0	0	1594	1.925e-05	0.00017379	0.00015947
0	0	1596	1.907e-05	0.00016973	0.00015665
0	0	1598	1.853e-05	0.00016597	0.00015368
0	0	1600	1.831e-05	0.00016264	0.0001517
0	0	1602	1.772e-05	0.00015931	0.00014976
0	0	1604	1.693e-05	0.00015642	0.00014779
0	0	1606	1.614e-05	0.00015311	0.00014558
0	0	1608	1.57e-05	0.0001494	0.00014403
0	0	1610	1.549e-05	0.00014657	0.00014174
0	0	1612	1.522e-05	0.00014361	0.00013984
0	0	1614	1.462e-05	0.00014068	0.00013795
0	0	1616	1.416e-05	0.000138	0.00013573
0	0	1618	1.451e-05	0.00013514	0.0001339
0	0	1620	1.367e-05	0.00013235	0.00013211
0	0	1622	1.274e-05	0.00012997	0.00013018
0	0	1624	1.242e-05	0.00012702	0.00012835
0	0	1626	1.231e-05	0.00012447	0.00012647
0	0	1628	1.159e-05	0.00012225	0.00012474
0	0	1630	1.135e-05	0.00011923	0.00012344
0	0	1632	1.033e-05	0.00011709	0.00012101
0	0	1634	1.018e-05	0.00011521	0.00011929
0	0	1636	1e-05	0.00011272	0.00011814
0	0	1638	9.57e-06	0.0001098	0.00011643
0	0	1640	9.11e-06	0.00010769	0.00011487
0	0	1642	8.6e-06	0.00010548	0.00011321
0	0	1644	8.07e-06	0.00010348	0.0001115
0	0	1646	6.99e-06	0.00010171	0.00011028
0	0	1648	6.5e-06	9.954e-05	0.00010855
0	0	1650	5.99e-06	9.741e-05	0.00010757
