Total Power: 3248.202275 Watts
distance  0.05
-100  0
-98  0
-96  0
-94  0
-92  0
-90  0
-88  0
-86  0
-84  0
-82  0
-80  0
-78  0
-76  0
-74  0
-72  0
-70  0
-68  0
-66  4.3404e-311
-64  7.79294e-283
-62  6.18523e-256
-60  2.17016e-230
-58  3.36619e-206
-56  2.30868e-183
-54  7.00294e-162
-52  9.39843e-142
-50  5.58376e-123
-48  1.46968e-105
-46  1.71549e-089
-44  8.89289e-075
-42  2.05129e-061
-40  2.11114e-049
-38  9.73164e-039
-36  2.02063e-029
-34  1.90608e-021
-32  8.28153e-015
-30  1.6969e-009
-28  1.71724e-005
-26  0.00961949
-24  0.414101
-22  2.75946
-20  7.18589
-18  14.0026
-16  23.4182
-14  34.8031
-12  48.5348
-10  65.5636
-8  87.6914
-6  117.329
-4  140.28
-2  166.179
0  167.65
2  164.075
4  150.835
6  124.3
8  90.8681
10  68.7081
12  50.9562
14  36.8731
16  25.6624
18  16.7805
20  10.1382
22  5.13633
24  2.17686
26  0.587467
28  0.0321348
30  0.00015821
32  5.23376e-008
34  1.03821e-012
36  1.17243e-018
38  7.33653e-026
40  2.50476e-034
42  4.62125e-044
44  4.5789e-055
46  2.42621e-067
48  6.85448e-081
50  1.03033e-095
52  8.22731e-112
54  3.48603e-129
56  7.83126e-148
58  9.32166e-168
60  5.87658e-189
62  1.96151e-211
64  3.46582e-235
66  3.24131e-260
68  1.60441e-286
70  4.2034e-314
72  0
74  0
76  0
78  0
80  0
82  0
84  0
86  0
88  0
90  0
92  0
94  0
96  0
98  0
100  0

distance  0.1
-100  0
-98  0
-96  0
-94  0
-92  0
-90  0
-88  0
-86  0
-84  0
-82  0
-80  0
-78  0
-76  0
-74  0
-72  0
-70  0
-68  4.94066e-324
-66  8.42277e-296
-64  1.04413e-268
-62  6.32585e-243
-60  1.87312e-218
-58  2.71103e-195
-56  1.91827e-173
-54  6.63773e-153
-52  1.1237e-133
-50  9.31227e-116
-48  3.7809e-099
-46  7.52922e-084
-44  7.36508e-070
-42  3.54636e-057
-40  8.43001e-046
-38  9.93382e-036
-36  5.83843e-027
-34  1.72753e-019
-32  2.61252e-013
-30  2.07349e-008
-28  9.11597e-005
-26  0.0255442
-24  0.669443
-22  3.40142
-20  8.06113
-18  15.1913
-16  24.7093
-14  36.1473
-12  49.8954
-10  67.0184
-8  89.4062
-6  117.361
-4  139.71
-2  160.625
0  161.722
2  158.666
4  147.374
6  125.344
8  92.7249
10  70.0684
12  52.4389
14  38.3004
16  26.9058
18  17.852
20  11.0384
22  5.83786
24  2.5714
26  0.827248
28  0.0726461
30  0.000693362
32  5.05298e-007
34  2.45891e-011
36  7.52651e-017
38  1.40565e-023
40  1.57444e-031
42  1.04659e-040
44  4.10087e-051
46  9.42836e-063
48  1.26784e-075
50  9.94877e-090
52  4.54806e-105
54  1.20978e-121
56  1.87075e-139
58  1.6806e-158
60  8.76688e-179
62  2.65463e-200
64  4.66488e-223
66  4.75654e-247
68  2.81402e-272
70  9.65924e-299
72  0
74  0
76  0
78  0
80  0
82  0
84  0
86  0
88  0
90  0
92  0
94  0
96  0
98  0
100  0

distance  0.3
-100  0
-98  0
-96  0
-94  0
-92  0
-90  0
-88  0
-86  0
-84  0
-82  0
-80  0
-78  0
-76  0
-74  0
-72  1.26533e-318
-70  3.75606e-292
-68  7.7846e-267
-66  1.12642e-242
-64  1.13796e-219
-62  8.027e-198
-60  3.95399e-177
-58  1.36041e-157
-56  3.27037e-139
-54  5.49548e-122
-52  6.45892e-106
-50  5.31387e-091
-48  3.06359e-077
-46  1.23952e-064
-44  3.5265e-053
-42  7.07437e-043
-40  1.00453e-033
-38  1.01529e-025
-36  7.36594e-019
-34  3.88743e-013
-32  1.52704e-008
-30  4.67484e-005
-28  0.0124933
-26  0.38775
-24  2.40215
-22  6.22406
-20  11.9139
-18  19.905
-16  29.7224
-14  41.268
-12  55.2838
-10  72.8187
-8  95.1738
-6  112.853
-4  133.118
-2  141.741
0  142.167
2  140.384
4  133.848
6  121.423
8  101.168
10  75.9553
12  58.1644
14  43.669
16  31.8763
18  22.3288
20  14.706
22  8.94246
24  4.59247
26  1.99517
28  0.586272
30  0.0460566
32  0.000480773
34  5.09887e-007
36  4.93029e-011
38  4.13162e-016
40  2.92146e-022
42  1.71625e-029
44  8.29607e-038
46  3.27888e-047
48  1.05501e-057
50  2.75512e-069
52  5.82658e-082
54  9.9626e-096
56  1.3756e-110
58  1.53242e-126
60  1.37637e-143
62  9.96205e-162
64  5.80835e-181
66  2.72731e-201
68  1.03114e-222
70  3.13869e-245
72  7.69149e-269
74  1.51741e-293
76  2.41015e-319
78  0
80  0
82  0
84  0
86  0
88  0
90  0
92  0
94  0
96  0
98  0
100  0

distance  0.5
-100  0
-98  0
-96  0
-94  0
-92  0
-90  0
-88  0
-86  0
-84  0
-82  0
-80  0
-78  0
-76  1.00221e-313
-74  6.10078e-289
-72  3.48947e-265
-70  1.87529e-242
-68  9.46921e-221
-66  4.49282e-200
-64  2.00322e-180
-62  8.39488e-162
-60  3.30737e-144
-58  1.22541e-127
-56  4.27174e-112
-54  1.4019e-097
-52  4.33481e-084
-50  1.26421e-071
-48  3.48238e-060
-46  9.07749e-050
-44  2.24494e-040
-42  5.28631e-032
-40  1.19134e-024
-38  2.5891e-018
-36  5.4909e-013
-34  1.1595e-008
-32  2.53723e-005
-30  0.00631766
-28  0.222476
-26  1.66058
-24  4.80117
-22  9.44526
-20  16.0434
-18  24.5347
-16  34.4402
-14  46.2061
-12  60.4987
-10  78.301
-8  94.9839
-6  109.247
-4  122.377
-2  127.074
0  127.279
2  126.127
4  121.939
6  114.044
8  101.845
10  83.2136
12  63.54
14  48.8747
16  36.797
18  26.7832
20  18.6508
22  12.188
24  7.25563
26  3.63333
28  1.55337
30  0.413867
32  0.0299088
34  0.000344237
36  5.12299e-007
38  9.02102e-011
40  1.79975e-015
42  3.9731e-021
44  9.57022e-028
46  2.49309e-035
48  6.98248e-044
50  2.09392e-053
52  6.70385e-064
54  2.28651e-075
56  8.29506e-088
58  3.19703e-101
60  1.30786e-115
62  5.67505e-131
64  2.6106e-147
66  1.27265e-164
68  6.57271e-183
70  3.59551e-202
72  2.08303e-222
74  1.27795e-243
76  8.30226e-266
78  5.71146e-289
80  4.16083e-313
82  0
84  0
86  0
88  0
90  0
92  0
94  0
96  0
98  0
100  0

distance  1
-100  0
-98  0
-96  0
-94  0
-92  0
-90  0
-88  0
-86  9.39127e-304
-84  2.20277e-282
-82  8.46965e-262
-80  5.3383e-242
-78  5.51546e-223
-76  9.34136e-205
-74  2.59366e-187
-72  1.18068e-170
-70  8.8129e-155
-68  1.07884e-139
-66  2.16649e-125
-64  7.13921e-112
-62  3.86207e-099
-60  3.43158e-087
-58  5.0115e-076
-56  1.20397e-065
-54  4.76351e-056
-52  3.10836e-047
-50  3.35166e-039
-48  5.98733e-032
-46  1.7782e-025
-44  8.82394e-020
-42  7.37029e-015
-40  1.04851e-010
-38  2.59519e-007
-36  0.000116638
-34  0.0103821
-32  0.214367
-30  1.33674
-28  3.78101
-26  7.3598
-24  12.2143
-22  18.6471
-20  26.3255
-18  35.1456
-16  45.5203
-14  57.8694
-12  69.7728
-10  78.533
-8  88.6998
-6  95.9765
-4  99.8915
-2  101.56
0  101.6
2  101.096
4  99.3183
6  95.9877
8  90.9353
10  83.9717
12  74.8092
14  62.1708
16  48.3401
18  37.7168
20  28.749
22  21.1503
24  14.8567
26  9.80769
28  5.90684
30  3.04592
32  1.36443
34  0.427799
36  0.0525551
38  0.00166481
40  1.13346e-005
42  1.52931e-008
44  3.92449e-012
46  1.87192e-016
48  1.63678e-021
50  2.60033e-027
52  7.46115e-034
54  3.85037e-041
56  3.56292e-049
58  5.89861e-058
60  1.74422e-067
62  9.20026e-078
64  8.64801e-089
66  1.44748e-100
68  4.31144e-113
70  2.28423e-126
72  2.15181e-140
74  3.60318e-155
76  1.07224e-170
78  5.66956e-187
80  5.32605e-204
82  8.88842e-222
84  2.63503e-240
86  1.38766e-259
88  1.29811e-279
90  2.1572e-300
92  6.37345e-322
94  0
96  0
98  0
100  0

distance  2
-100  2.26776e-241
-98  3.91802e-226
-96  2.13199e-211
-94  3.65397e-197
-92  1.97251e-183
-90  3.35404e-170
-88  1.79658e-157
-86  3.03173e-145
-84  1.61196e-133
-82  2.70082e-122
-80  1.42625e-111
-78  2.37439e-101
-76  1.24646e-091
-74  2.06403e-082
-72  1.07854e-073
-70  1.77932e-065
-68  9.27314e-058
-66  1.52781e-050
-64  7.96492e-044
-62  1.3154e-037
-60  6.8918e-032
-58  1.14772e-026
-56  6.09098e-022
-54  1.0339e-017
-52  5.64439e-014
-50  9.99927e-011
-48  5.83297e-008
-46  1.1473e-005
-44  0.000789125
-42  0.0200273
-40  0.203762
-38  0.954611
-36  2.54897
-34  4.91165
-32  7.97483
-30  11.8488
-28  16.6868
-26  22.3792
-24  28.8421
-22  36.1443
-20  43.3513
-18  49.1149
-16  53.9245
-14  59.0461
-12  63.9999
-10  67.5065
-8  70.0088
-6  71.7016
-4  72.7233
-2  73.1709
0  73.1679
2  72.9956
4  72.4481
6  71.4104
8  69.8494
10  67.7287
12  65.0085
14  61.6465
16  57.5952
18  52.7834
20  47.036
22  39.7265
24  31.608
26  24.9897
28  19.3266
30  14.4148
32  10.2535
34  6.87259
36  4.22698
38  2.29797
40  1.11275
42  0.431684
44  0.0987639
46  0.0101804
48  0.000409811
50  6.01025e-006
52  3.09568e-008
54  5.4819e-011
56  3.29354e-014
58  6.65541e-018
60  4.49653e-022
62  1.01142e-026
64  7.55084e-032
66  1.86662e-037
68  1.52525e-043
70  4.11389e-050
72  3.65858e-057
74  1.07187e-064
76  1.03379e-072
78  3.2805e-081
80  3.42339e-090
82  1.1744e-099
84  1.32397e-109
86  4.9038e-120
88  5.96603e-131
90  2.38375e-142
92  3.12749e-154
94  1.34723e-166
96  1.90528e-179
98  8.84535e-193
100  1.348e-206

distance  5
-100  4.85137e-039
-98  2.38805e-035
-96  7.52505e-032
-94  1.51933e-028
-92  1.96768e-025
-90  1.63687e-022
-88  8.76073e-020
-86  3.02256e-017
-84  6.73713e-015
-82  9.72555e-013
-80  9.11762e-011
-78  5.56816e-009
-76  2.22317e-007
-74  5.82969e-006
-72  0.000101026
-70  0.00116745
-68  0.00911746
-66  0.0490942
-64  0.187718
-62  0.531152
-60  1.1721
-58  2.13773
-56  3.40319
-54  4.93943
-52  6.73631
-50  8.8076
-48  11.1892
-46  13.8712
-44  16.6708
-42  19.2896
-40  21.5811
-38  23.5887
-36  25.3906
-34  27.0583
-32  28.7061
-30  30.418
-28  32.0796
-26  33.5408
-24  34.7926
-22  35.8747
-20  36.8114
-18  37.6164
-16  38.2999
-14  38.871
-12  39.3383
-10  39.7097
-8  39.9911
-6  40.1859
-4  40.2975
-2  40.3386
0  40.3353
2  40.3035
4  40.2287
6  40.0901
8  39.8783
10  39.5898
12  39.2222
14  38.7731
16  38.2396
18  37.6186
20  36.907
22  36.1016
24  35.199
26  34.1957
28  33.0884
30  31.8733
32  30.5463
34  29.1018
36  27.5321
38  25.8254
40  23.9612
42  21.8967
44  19.545
46  16.8299
48  13.912
50  11.1647
52  8.76266
54  6.66961
56  4.86765
58  3.37554
60  2.20327
62  1.34501
64  0.766766
66  0.400446
68  0.180279
70  0.0643906
72  0.0170039
74  0.00316747
76  0.00040439
78  3.47624e-005
80  1.98926e-006
82  7.51987e-008
84  1.86772e-009
86  3.03583e-011
88  3.21974e-013
90  2.22305e-015
92  9.97444e-018
94  2.90417e-020
96  5.48094e-023
98  6.69852e-026
100  5.29738e-029

distance  8
-100  3.79374e-005
-98  0.000257482
-96  0.00141279
-94  0.00630737
-92  0.0231046
-90  0.0701958
-88  0.179297
-86  0.391439
-84  0.744679
-82  1.26108
-80  1.94308
-78  2.78084
-76  3.7628
-74  4.88103
-72  6.12668
-70  7.47539
-68  8.87482
-66  10.2555
-64  11.5632
-62  12.7795
-60  13.9101
-58  14.964
-56  15.9467
-54  16.8656
-52  17.7369
-50  18.5871
-48  19.4419
-46  20.3028
-44  21.1418
-42  21.9254
-40  22.6389
-38  23.2856
-36  23.8739
-34  24.4104
-32  24.8996
-30  25.3444
-28  25.7471
-26  26.1098
-24  26.4345
-22  26.7231
-20  26.9774
-18  27.1993
-16  27.3903
-14  27.5518
-12  27.6845
-10  27.7889
-8  27.8655
-6  27.9157
-4  27.9429
-2  27.9526
0  27.9503
2  27.9381
4  27.9135
6  27.8717
8  27.8086
10  27.722
12  27.6109
14  27.4746
16  27.3126
18  27.1245
20  26.9095
22  26.6672
24  26.3967
26  26.0975
28  25.7688
30  25.41
32  25.0202
34  24.5987
36  24.1448
38  23.6577
40  23.1366
42  22.5809
44  21.9896
46  21.3619
48  20.6966
50  19.9924
52  19.2478
54  18.4606
56  17.628
58  16.746
60  15.8085
62  14.8055
64  13.72
66  12.5261
68  11.1978
70  9.73705
72  8.20225
74  6.69531
76  5.30808
78  4.08662
80  3.04329
82  2.18089
84  1.49865
86  0.986499
88  0.621731
90  0.373092
92  0.209672
94  0.107349
96  0.048508
98  0.0188032
100  0.00611724

distance  10
-100  0.603699
-98  0.976433
-96  1.46598
-94  2.06975
-92  2.78083
-90  3.59069
-88  4.48766
-86  5.45147
-84  6.44962
-82  7.44194
-80  8.39357
-78  9.28691
-76  10.1229
-74  10.9121
-72  11.664
-70  12.3827
-68  13.0683
-66  13.7215
-64  14.348
-62  14.9587
-60  15.5656
-58  16.1742
-56  16.7781
-54  17.3623
-52  17.9132
-50  18.4243
-48  18.8965
-46  19.3333
-44  19.7385
-42  20.1147
-40  20.4638
-38  20.7872
-36  21.0861
-34  21.3614
-32  21.6141
-30  21.8451
-28  22.0553
-26  22.2455
-24  22.4167
-22  22.5696
-20  22.705
-18  22.8234
-16  22.9254
-14  23.0111
-12  23.0808
-10  23.1346
-8  23.1732
-6  23.198
-4  23.2113
-2  23.2159
0  23.214
2  23.2064
4  23.192
6  23.1687
8  23.1342
10  23.0872
12  23.0266
14  22.952
16  22.8632
18  22.7598
20  22.6417
22  22.5085
24  22.3601
26  22.196
28  22.016
30  21.8198
32  21.6071
34  21.3775
36  21.1306
38  20.8662
40  20.5838
42  20.2831
44  19.9638
46  19.6255
48  19.2678
50  18.8905
52  18.493
54  18.0751
56  17.6363
58  17.1759
60  16.6935
62  16.1883
64  15.6594
66  15.1058
68  14.5261
70  13.9183
72  13.2799
74  12.6071
76  11.8942
78  11.1321
80  10.3079
82  9.40687
84  8.41997
86  7.35596
88  6.24941
90  5.15481
92  4.1283
94  3.21062
96  2.42265
98  1.77065
100  1.25166

distance  15
-100  8.62895
-98  8.97061
-96  9.30559
-94  9.63419
-92  9.95748
-90  10.2771
-88  10.5945
-86  10.9102
-84  11.2232
-82  11.5309
-80  11.8301
-78  12.1179
-76  12.3924
-74  12.6531
-72  12.9001
-70  13.1343
-68  13.3566
-66  13.5679
-64  13.7688
-62  13.9598
-60  14.1415
-58  14.3141
-56  14.4778
-54  14.6331
-52  14.78
-50  14.9188
-48  15.0498
-46  15.1731
-44  15.2889
-42  15.3976
-40  15.4992
-38  15.5941
-36  15.6823
-34  15.7642
-32  15.8398
-30  15.9094
-28  15.9731
-26  16.0311
-24  16.0834
-22  16.1301
-20  16.1712
-18  16.2067
-16  16.2368
-14  16.2614
-12  16.2809
-10  16.2955
-8  16.3057
-6  16.3122
-4  16.3156
-2  16.3165
0  16.3153
2  16.3121
4  16.3067
6  16.2985
8  16.2872
10  16.2722
12  16.2531
14  16.2295
16  16.2012
18  16.1682
20  16.1303
22  16.0875
24  16.0397
26  15.9869
28  15.929
30  15.8658
32  15.7975
34  15.7239
36  15.6448
38  15.5604
40  15.4704
42  15.3748
44  15.2735
46  15.1665
48  15.0537
50  14.9349
52  14.8101
54  14.6792
56  14.5422
58  14.3988
60  14.2492
62  14.0931
64  13.9305
66  13.7612
68  13.5854
70  13.4027
72  13.2132
74  13.0167
76  12.8132
78  12.6026
80  12.3846
82  12.1593
84  11.9264
86  11.6859
88  11.4375
90  11.1811
92  10.9164
94  10.6432
96  10.3611
98  10.0698
100  9.76874

distance  20
-100  9.46417
-98  9.62233
-96  9.77417
-94  9.91996
-92  10.06
-90  10.1947
-88  10.3243
-86  10.449
-84  10.5691
-82  10.6847
-80  10.7959
-78  10.9029
-76  11.0058
-74  11.1047
-72  11.1997
-70  11.2908
-68  11.3781
-66  11.4618
-64  11.5418
-62  11.6183
-60  11.6913
-58  11.7609
-56  11.8272
-54  11.8902
-52  11.9501
-50  12.0068
-48  12.0606
-46  12.1114
-44  12.1593
-42  12.2044
-40  12.2467
-38  12.2863
-36  12.3232
-34  12.3576
-32  12.3893
-30  12.4185
-28  12.4451
-26  12.4692
-24  12.4907
-22  12.5097
-20  12.5262
-18  12.5403
-16  12.552
-14  12.5614
-12  12.5688
-10  12.5742
-8  12.5781
-6  12.5805
-4  12.5816
-2  12.5818
0  12.581
2  12.5793
4  12.5765
6  12.5727
8  12.5675
10  12.5608
12  12.5525
14  12.5424
16  12.5303
18  12.5161
20  12.4998
22  12.4814
24  12.4607
26  12.4378
28  12.4127
30  12.3853
32  12.3555
34  12.3235
36  12.2892
38  12.2524
40  12.2133
42  12.1718
44  12.1279
46  12.0815
48  12.0326
50  11.9812
52  11.9273
54  11.8708
56  11.8117
58  11.75
60  11.6857
62  11.6187
64  11.5489
66  11.4765
68  11.4013
70  11.3233
72  11.2424
74  11.1588
76  11.0722
78  10.9827
80  10.8903
82  10.7949
84  10.6965
86  10.5951
88  10.4906
90  10.383
92  10.2723
94  10.1585
96  10.0414
98  9.92119
100  9.79768

