Total Power: 5302.498303 Watts
distance  0.05
-100  0
-98  0
-96  0
-94  0
-92  0
-90  0
-88  0
-86  0
-84  0
-82  0
-80  0
-78  0
-76  0
-74  0
-72  1.5091e-315
-70  4.37908e-287
-68  5.61928e-260
-66  3.18854e-234
-64  8.00064e-210
-62  8.87814e-187
-60  4.35784e-165
-58  9.46483e-145
-56  9.10025e-126
-54  3.87604e-108
-52  7.32029e-092
-50  6.13821e-077
-48  2.28938e-063
-46  3.80767e-051
-44  2.83426e-040
-42  9.492e-031
-40  1.44176e-022
-38  1.00594e-015
-36  3.29431e-010
-34  5.27127e-006
-32  0.00449693
-30  0.26126
-28  2.04198
-26  5.69278
-24  11.0949
-22  19.3041
-20  28.8691
-18  40.1752
-16  53.4348
-14  69.0972
-12  88.1986
-10  112.038
-8  142.419
-6  171.939
-4  206.446
-2  223.051
0  222.43
2  219.84
4  209.324
6  188.008
8  152.856
10  119.39
12  95.0881
14  75.1571
16  58.6342
18  44.5222
20  32.9994
22  23.4679
24  16.0398
26  10.0581
28  5.43761
30  2.56702
32  0.862468
34  0.0705894
36  0.000571082
38  3.22027e-007
40  1.10568e-011
42  2.17695e-017
44  2.38405e-024
46  1.4275e-032
48  4.62478e-042
50  8.05255e-053
52  7.50126e-065
54  3.72674e-078
56  9.8526e-093
58  1.3839e-108
60  1.03153e-125
62  4.07684e-144
64  8.53816e-164
66  9.47155e-185
68  5.5638e-207
70  1.73038e-230
72  2.849e-255
74  2.48325e-281
76  1.14591e-308
78  0
80  0
82  0
84  0
86  0
88  0
90  0
92  0
94  0
96  0
98  0
100  0

distance  0.1
-100  0
-98  0
-96  0
-94  0
-92  0
-90  0
-88  0
-86  0
-84  0
-82  0
-80  0
-78  0
-76  0
-74  0
-72  9.13231e-299
-70  1.56376e-271
-68  1.30908e-245
-66  5.35745e-221
-64  1.07194e-197
-62  1.04874e-175
-60  5.01826e-155
-58  1.17486e-135
-56  1.34649e-117
-54  7.56008e-101
-52  2.08166e-085
-50  2.81499e-071
-48  1.87321e-058
-46  6.151e-047
-44  1.00064e-036
-42  8.11182e-028
-40  3.30623e-020
-38  6.87281e-014
-36  7.46864e-009
-34  4.44796e-005
-32  0.0161827
-30  0.493926
-28  2.71672
-26  6.62794
-24  12.4184
-22  20.8436
-20  30.454
-18  41.8287
-16  55.0937
-14  70.9797
-12  90.4415
-10  114.589
-8  144.603
-6  169.496
-4  202.251
-2  215.153
0  214.559
2  212.364
4  203.467
6  185.399
8  156.644
10  122.202
12  97.0793
14  77.0431
16  60.3817
18  46.3293
20  34.6109
22  24.9192
24  17.2689
26  11.1672
28  6.26701
30  3.07862
32  1.21315
34  0.166485
36  0.00286362
38  3.97854e-006
40  3.77739e-010
42  2.28033e-015
44  8.44636e-022
46  1.88221e-029
48  2.49389e-038
50  1.94998e-048
52  8.95266e-060
54  2.40513e-072
56  3.77161e-086
58  3.4463e-101
60  1.83258e-117
62  5.6657e-135
64  1.01773e-153
66  1.06166e-173
68  6.42952e-195
70  2.26002e-217
72  4.61037e-241
74  5.45796e-266
76  3.74977e-292
78  1.49519e-319
80  0
82  0
84  0
86  0
88  0
90  0
92  0
94  0
96  0
98  0
100  0

distance  0.3
-100  0
-98  0
-96  0
-94  0
-92  0
-90  0
-88  0
-86  0
-84  0
-82  0
-80  0
-78  1.98709e-316
-76  4.7551e-290
-74  7.94702e-265
-72  9.27524e-241
-70  7.55991e-218
-68  4.30327e-196
-66  1.71088e-175
-64  4.75186e-156
-62  9.22273e-138
-60  1.25138e-120
-58  1.18771e-104
-56  7.89171e-090
-54  3.67485e-076
-52  1.20104e-063
-50  2.76059e-052
-48  4.4749e-042
-46  5.13598e-033
-44  4.1978e-025
-42  2.46469e-018
-40  1.05406e-012
-38  3.36196e-008
-36  8.36525e-005
-34  0.0180134
-32  0.447233
-30  2.39467
-28  5.85584
-26  10.8084
-24  18.1295
-22  26.7374
-20  36.7609
-18  48.3052
-16  61.9115
-14  78.2719
-12  98.1326
-10  122.157
-8  142.968
-6  166.204
-4  183.358
-2  188.984
0  188.599
2  187.357
4  182.344
6  172.196
8  156.057
10  133.089
12  105.464
14  84.7121
16  67.756
18  53.4283
20  41.2053
22  30.915
24  22.365
26  15.5691
28  10.1181
30  5.72779
32  2.85412
34  1.15981
36  0.189848
38  0.00515942
40  1.55676e-005
42  4.44922e-009
44  1.12261e-013
46  2.41393e-019
48  4.33744e-026
50  6.43586e-034
52  7.82601e-043
54  7.75921e-053
56  6.25024e-064
58  4.08019e-076
60  2.15461e-089
62  9.19135e-104
64  3.16428e-119
66  8.78489e-136
68  1.96575e-153
70  3.5439e-172
72  5.14608e-192
74  6.0178e-213
76  5.66657e-235
78  4.29643e-258
80  2.62304e-282
82  1.28955e-307
84  0
86  0
88  0
90  0
92  0
94  0
96  0
98  0
100  0

distance  0.5
-100  0
-98  0
-96  0
-94  0
-92  0
-90  0
-88  0
-86  0
-84  0
-82  5.95951e-307
-80  1.92106e-282
-78  5.82006e-259
-76  1.65709e-236
-74  4.43401e-215
-72  1.11505e-194
-70  2.63558e-175
-68  5.85619e-157
-66  1.22353e-139
-64  2.40448e-123
-62  4.4467e-108
-60  7.74353e-094
-58  1.27084e-080
-56  1.96779e-068
-54  2.87912e-057
-52  3.98856e-047
-50  5.24645e-038
-48  6.57827e-030
-46  7.90714e-023
-44  9.18931e-017
-42  1.04647e-011
-40  1.19458e-007
-38  0.000142749
-36  0.0197373
-34  0.408879
-32  2.12652
-30  5.21538
-28  9.53116
-26  15.8661
-24  23.6113
-22  32.5501
-20  42.7212
-18  54.5534
-16  68.5857
-14  85.3315
-12  105.175
-10  122.991
-8  138.976
-6  157.199
-4  166.089
-2  169.086
0  168.838
2  168.057
4  164.91
6  158.587
8  148.486
10  134.266
12  115.287
14  92.3736
16  74.8017
18  60.2012
20  47.7124
22  36.9601
24  27.8338
26  20.222
28  14.1343
30  9.22746
32  5.26775
34  2.6602
36  1.1121
38  0.210993
40  0.00838636
42  4.8227e-005
44  3.45041e-008
46  2.86784e-012
48  2.67418e-017
50  2.74324e-023
52  3.05916e-030
54  3.68023e-038
56  4.75152e-047
58  6.56002e-057
60  9.65968e-068
62  1.51419e-079
64  2.52316e-092
66  4.46472e-106
68  8.38273e-121
70  1.66901e-136
72  3.52227e-153
74  7.87652e-171
76  1.86593e-189
78  4.68212e-209
80  1.24433e-229
82  3.50233e-251
84  1.04403e-273
86  3.29626e-297
88  1.10177e-321
90  0
92  0
94  0
96  0
98  0
100  0

distance  1
-100  0
-98  0
-96  0
-94  1.85297e-309
-92  6.97202e-288
-90  4.3012e-267
-88  4.35053e-247
-86  7.21446e-228
-84  1.96144e-209
-82  8.74317e-192
-80  6.39017e-175
-78  7.65862e-159
-76  1.5054e-143
-74  4.85405e-129
-72  2.56824e-115
-70  2.23051e-102
-68  3.18142e-090
-66  7.45687e-079
-64  2.87447e-068
-62  1.8242e-058
-60  1.90849e-049
-58  3.29745e-041
-56  9.43123e-034
-54  4.47986e-027
-52  3.55002e-021
-50  4.72397e-016
-48  1.06608e-011
-46  4.1463e-008
-44  2.8618e-005
-42  0.00372705
-40  0.1049
-38  0.828422
-36  2.70458
-34  5.51567
-32  9.33854
-30  14.5411
-28  21.0343
-26  28.4074
-24  36.5964
-22  46.0394
-20  56.968
-18  69.5653
-16  83.4548
-14  94.7725
-12  104.709
-10  117.236
-8  125.658
-6  130.985
-4  133.805
-2  134.882
0  134.762
2  134.437
4  133.155
6  130.587
8  126.525
10  120.763
12  113.161
14  103.646
16  92.0746
18  77.2598
20  62.954
22  51.5499
24  41.5988
26  32.9744
28  25.3602
30  18.9591
32  13.626
34  9.35667
36  5.82475
38  3.19269
40  1.57076
42  0.566793
44  0.0852855
46  0.00343971
48  3.04101e-005
50  5.38078e-008
52  1.82028e-011
54  1.14798e-015
56  1.32953e-020
58  2.80081e-026
60  1.0664e-032
62  7.30598e-040
64  8.97807e-048
66  1.97432e-056
68  7.75569e-066
70  5.43516e-076
72  6.78808e-087
74  1.50966e-098
76  5.97502e-111
78  4.20647e-124
80  5.26568e-138
82  1.17172e-152
84  4.63374e-168
86  3.2562e-184
88  4.06551e-201
90  9.01806e-219
92  3.55379e-237
94  2.48798e-256
96  3.0945e-276
98  6.83816e-297
100  2.68485e-318

distance  2
-100  2.16475e-174
-98  1.68244e-161
-96  4.11953e-149
-94  3.17818e-137
-92  7.72656e-126
-90  5.92028e-115
-88  1.42999e-104
-86  1.08909e-094
-84  2.61619e-085
-82  1.98292e-076
-80  4.74428e-068
-78  3.5851e-060
-76  8.5624e-053
-74  6.46875e-046
-72  1.54751e-039
-70  1.17387e-033
-68  2.82829e-028
-66  2.16934e-023
-64  5.31307e-019
-62  4.17263e-015
-60  1.05736e-011
-58  8.7307e-009
-56  2.38832e-006
-54  0.00022285
-52  0.00745977
-50  0.0972838
-48  0.561486
-46  1.728
-44  3.55921
-42  5.97494
-40  9.02347
-38  12.8751
-36  17.625
-34  22.9517
-32  28.8413
-30  35.4493
-28  42.8486
-26  50.8189
-24  58.0039
-22  64.112
-20  69.615
-18  75.8603
-16  81.9226
-14  86.5394
-12  90.1347
-10  92.8605
-8  94.7982
-6  96.055
-4  96.7834
-2  97.0813
0  97.0418
2  96.937
4  96.568
6  95.8052
8  94.6091
10  92.9346
12  90.7319
14  87.9541
16  84.5647
18  80.5385
20  75.8609
22  70.5208
24  64.4911
26  57.6387
28  49.4041
30  40.8233
32  33.8078
34  27.6491
36  22.1689
38  17.2705
40  13.0501
42  9.50966
44  6.61668
46  4.22487
48  2.42327
50  1.27093
52  0.548317
54  0.144509
56  0.0176298
58  0.000853682
60  1.52016e-005
62  9.55885e-008
64  2.07331e-010
66  1.52893e-013
68  3.79737e-017
70  3.15628e-021
72  8.73984e-026
74  8.03601e-031
76  2.4475e-036
78  2.46456e-042
80  8.19336e-049
82  8.98245e-056
84  3.24447e-063
86  3.85826e-071
88  1.50967e-079
90  1.94269e-088
92  8.21838e-098
94  1.14259e-107
96  5.21913e-118
98  7.83102e-129
100  3.85899e-140

distance  5
-100  4.68101e-016
-98  8.28557e-014
-96  9.48874e-012
-94  7.05591e-010
-92  3.4219e-008
-90  1.08818e-006
-88  2.28444e-005
-86  0.00031934
-84  0.003007
-82  0.0193815
-80  0.0874877
-78  0.285755
-76  0.706527
-74  1.39946
-72  2.35754
-70  3.5537
-68  4.97101
-66  6.60689
-64  8.46973
-62  10.5967
-60  13.042
-58  15.8029
-56  18.7619
-54  21.6938
-52  24.391
-50  26.8149
-48  29.0328
-46  31.1
-44  33.0524
-42  34.9633
-40  36.9633
-38  39.0485
-36  41.0236
-34  42.7833
-32  44.3508
-30  45.7579
-28  47.0202
-26  48.1466
-24  49.1435
-22  50.0166
-20  50.7714
-18  51.4143
-16  51.9533
-14  52.3975
-12  52.7564
-10  53.0383
-8  53.2495
-6  53.3926
-4  53.4696
-2  53.494
0  53.4921
2  53.4756
4  53.431
6  53.3395
8  53.1904
10  52.9793
12  52.7035
14  52.3599
16  51.945
18  51.4549
20  50.8856
22  50.2329
24  49.4931
26  48.6625
28  47.738
30  46.7169
32  45.5969
34  44.3765
36  43.0545
38  41.6301
40  40.1029
42  38.4725
44  36.7382
46  34.899
48  32.9519
50  30.8908
52  28.702
54  26.354
56  23.7754
58  20.8898
60  17.8234
62  14.9293
64  12.3772
66  10.0964
68  8.03273
70  6.20324
72  4.63405
74  3.32224
76  2.25566
78  1.43901
80  0.863664
82  0.479624
84  0.232044
86  0.0899533
88  0.025996
90  0.00533284
92  0.000753199
94  7.18604e-005
96  4.57459e-006
98  1.92701e-007
100  5.33997e-009

distance  8
-100  1.87935
-98  2.63275
-96  3.50378
-94  4.48615
-92  5.57928
-90  6.78749
-88  8.11225
-86  9.53862
-84  11.0258
-82  12.5147
-80  13.9514
-78  15.3066
-76  16.5754
-74  17.7657
-72  18.8887
-70  19.9551
-68  20.9757
-66  21.9658
-64  22.9504
-62  23.9567
-60  24.9903
-58  26.0223
-56  27.0116
-54  27.9352
-52  28.7919
-50  29.5894
-48  30.334
-46  31.0298
-44  31.679
-42  32.2834
-40  32.8443
-38  33.3629
-36  33.8401
-34  34.2771
-32  34.675
-30  35.0352
-28  35.3591
-26  35.6486
-24  35.9055
-22  36.1321
-20  36.3303
-18  36.5023
-16  36.6494
-14  36.773
-12  36.8737
-10  36.9516
-8  37.0072
-6  37.0419
-4  37.0597
-2  37.0662
0  37.0663
2  37.0609
4  37.0474
6  37.0218
8  36.9803
10  36.9205
12  36.8412
14  36.7415
16  36.6208
18  36.4786
20  36.314
22  36.1263
24  35.9147
26  35.6782
28  35.4159
30  35.127
32  34.8106
34  34.4658
36  34.0917
38  33.6876
40  33.2528
42  32.7866
44  32.2885
46  31.758
48  31.1948
50  30.5984
52  29.9688
54  29.3057
56  28.609
58  27.8787
60  27.1147
62  26.3168
64  25.4851
66  24.6194
68  23.7194
70  22.7845
72  21.814
74  20.8064
76  19.7592
78  18.6684
80  17.527
82  16.3225
84  15.0343
86  13.6377
88  12.1257
90  10.5387
92  8.96385
94  7.48608
96  6.14514
98  4.94385
100  3.88003

distance  10
-100  9.87704
-98  10.8604
-96  11.8034
-94  12.7083
-92  13.5774
-90  14.411
-88  15.2094
-86  15.9742
-84  16.7093
-82  17.4219
-80  18.123
-78  18.8261
-76  19.5417
-74  20.2692
-72  20.9952
-70  21.7011
-68  22.3732
-66  23.0069
-64  23.6038
-62  24.1676
-60  24.7012
-58  25.2064
-56  25.6847
-54  26.137
-52  26.5638
-50  26.9657
-48  27.3433
-46  27.697
-44  28.0273
-42  28.3346
-40  28.6195
-38  28.8826
-36  29.1245
-34  29.3461
-32  29.5481
-30  29.7315
-28  29.8972
-26  30.0464
-24  30.1799
-22  30.2986
-20  30.4033
-18  30.4946
-16  30.5726
-14  30.6376
-12  30.6895
-10  30.7286
-8  30.7557
-6  30.7724
-4  30.7812
-2  30.7849
0  30.7851
2  30.782
4  30.7745
6  30.7608
8  30.739
10  30.7076
12  30.6656
14  30.6125
16  30.5479
18  30.4715
20  30.3829
22  30.2819
24  30.1682
26  30.0413
28  29.9009
30  29.7466
32  29.5779
34  29.3943
36  29.1956
38  28.9812
40  28.7507
42  28.5038
44  28.2401
46  27.9592
48  27.6607
50  27.3444
52  27.01
54  26.6572
56  26.286
58  25.8959
60  25.487
62  25.0592
64  24.6123
66  24.1463
68  23.6611
70  23.1567
72  22.6331
74  22.0903
76  21.5282
78  20.9468
80  20.346
82  19.7256
84  19.0856
86  18.4256
88  17.745
90  17.0432
92  16.3191
94  15.5708
96  14.796
98  13.9906
100  13.148

distance  15
-100  15.3029
-98  15.6285
-96  15.9412
-94  16.2419
-92  16.5314
-90  16.8103
-88  17.0792
-86  17.3384
-84  17.5884
-82  17.8292
-80  18.0611
-78  18.2842
-76  18.4986
-74  18.7045
-72  18.902
-70  19.0911
-68  19.2719
-66  19.4446
-64  19.6093
-62  19.766
-60  19.9148
-58  20.056
-56  20.1896
-54  20.3159
-52  20.4349
-50  20.5469
-48  20.652
-46  20.7506
-44  20.8427
-42  20.9287
-40  21.0089
-38  21.0833
-36  21.1524
-34  21.2163
-32  21.2752
-30  21.3292
-28  21.3787
-26  21.4235
-24  21.4637
-22  21.4995
-20  21.5307
-18  21.5573
-16  21.5794
-14  21.5971
-12  21.6108
-10  21.6207
-8  21.6276
-6  21.6321
-4  21.6347
-2  21.636
0  21.6361
2  21.6351
4  21.6326
6  21.6282
8  21.6216
10  21.6123
12  21.5999
14  21.5841
16  21.5646
18  21.5414
20  21.5143
22  21.4833
24  21.4481
26  21.4089
28  21.3655
30  21.3178
32  21.2657
34  21.2092
36  21.1482
38  21.0826
40  21.0123
42  20.9372
44  20.8571
46  20.772
48  20.6818
50  20.5864
52  20.4857
54  20.3795
56  20.2678
58  20.1504
60  20.0274
62  19.8985
64  19.7638
66  19.623
68  19.4762
70  19.3233
72  19.1641
74  18.9987
76  18.8269
78  18.6488
80  18.4643
82  18.2732
84  18.0757
86  17.8717
88  17.6611
90  17.4439
92  17.2201
94  16.9898
96  16.7528
98  16.5092
100  16.259

distance  20
-100  14.1866
-98  14.3117
-96  14.4329
-94  14.5502
-92  14.6637
-90  14.7735
-88  14.8795
-86  14.9818
-84  15.0804
-82  15.1753
-80  15.2667
-78  15.3545
-76  15.4387
-74  15.5196
-72  15.597
-70  15.671
-68  15.7418
-66  15.8093
-64  15.8737
-62  15.935
-60  15.9933
-58  16.0487
-56  16.1013
-54  16.1511
-52  16.1983
-50  16.2429
-48  16.2851
-46  16.3248
-44  16.3622
-42  16.3973
-40  16.4302
-38  16.461
-36  16.4897
-34  16.5163
-32  16.5408
-30  16.5632
-28  16.5836
-26  16.6018
-24  16.618
-22  16.6321
-20  16.6441
-18  16.6541
-16  16.6623
-14  16.6688
-12  16.6738
-10  16.6775
-8  16.6802
-6  16.682
-4  16.6832
-2  16.6838
0  16.6839
2  16.6834
4  16.6822
6  16.6803
8  16.6775
10  16.6737
12  16.6686
14  16.6621
16  16.6542
18  16.6446
20  16.6335
22  16.6206
24  16.606
26  16.5896
28  16.5713
30  16.5513
32  16.5293
34  16.5055
36  16.4797
38  16.452
40  16.4223
42  16.3906
44  16.3569
46  16.3211
48  16.2832
50  16.2432
52  16.201
54  16.1566
56  16.11
58  16.0611
60  16.0099
62  15.9563
64  15.9004
66  15.842
68  15.7812
70  15.7178
72  15.652
74  15.5836
76  15.5126
78  15.439
80  15.3627
82  15.2837
84  15.202
86  15.1176
88  15.0303
90  14.9403
92  14.8475
94  14.7518
96  14.6532
98  14.5517
100  14.4473

