X[mm]	Y[mm]	Z[mm]	Bx[T]	By[T]	Bz[T]
----------------------------------------------------------------------------------------------------------------------------------------------------------------
0	0	-1650	9.67e-06	-5.508e-05	-4.894e-05
0	0	-1648	1.016e-05	-5.691e-05	-5.009e-05
0	0	-1646	1.01e-05	-5.806e-05	-5.107e-05
0	0	-1644	1.032e-05	-5.978e-05	-5.194e-05
0	0	-1642	1.025e-05	-6.113e-05	-5.291e-05
0	0	-1640	1.096e-05	-6.236e-05	-5.397e-05
0	0	-1638	1.11e-05	-6.368e-05	-5.466e-05
0	0	-1636	1.08e-05	-6.539e-05	-5.592e-05
0	0	-1634	1.065e-05	-6.689e-05	-5.68e-05
0	0	-1632	1.088e-05	-6.828e-05	-5.829e-05
0	0	-1630	1.119e-05	-6.982e-05	-5.961e-05
0	0	-1628	1.146e-05	-7.128e-05	-6.029e-05
0	0	-1626	1.144e-05	-7.301e-05	-6.163e-05
0	0	-1624	1.137e-05	-7.492e-05	-6.291e-05
0	0	-1622	1.149e-05	-7.641e-05	-6.416e-05
0	0	-1620	1.173e-05	-7.819e-05	-6.538e-05
0	0	-1618	1.162e-05	-8.01e-05	-6.673e-05
0	0	-1616	1.153e-05	-8.196e-05	-6.814e-05
0	0	-1614	1.207e-05	-8.406e-05	-6.964e-05
0	0	-1612	1.239e-05	-8.574e-05	-7.038e-05
0	0	-1610	1.221e-05	-8.756e-05	-7.186e-05
0	0	-1608	1.228e-05	-8.979e-05	-7.344e-05
0	0	-1606	1.289e-05	-9.176e-05	-7.449e-05
0	0	-1604	1.319e-05	-9.364e-05	-7.622e-05
0	0	-1602	1.296e-05	-9.562e-05	-7.745e-05
0	0	-1600	1.342e-05	-9.79e-05	-7.918e-05
0	0	-1598	1.335e-05	-0.00010024	-8.06e-05
0	0	-1596	1.331e-05	-0.00010264	-8.179e-05
0	0	-1594	1.356e-05	-0.00010475	-8.354e-05
0	0	-1592	1.38e-05	-0.00010727	-8.513e-05
0	0	-1590	1.418e-05	-0.00010963	-8.665e-05
0	0	-1588	1.448e-05	-0.0001124	-8.843e-05
0	0	-1586	1.448e-05	-0.00011489	-9.009e-05
0	0	-1584	1.503e-05	-0.00011749	-9.225e-05
0	0	-1582	1.488e-05	-0.00012019	-9.407e-05
0	0	-1580	1.563e-05	-0.00012293	-9.585e-05
0	0	-1578	1.626e-05	-0.00012538	-9.778e-05
0	0	-1576	1.594e-05	-0.00012737	-9.996e-05
0	0	-1574	1.61e-05	-0.00013054	-0.00010147
0	0	-1572	1.623e-05	-0.00013392	-0.00010372
0	0	-1570	1.678e-05	-0.0001367	-0.00010601
0	0	-1568	1.694e-05	-0.00013943	-0.00010815
0	0	-1566	1.717e-05	-0.00014284	-0.00011054
0	0	-1564	1.759e-05	-0.00014602	-0.00011241
0	0	-1562	1.788e-05	-0.00014908	-0.00011438
0	0	-1560	1.765e-05	-0.00015216	-0.00011697
0	0	-1558	1.812e-05	-0.00015509	-0.00011886
0	0	-1556	1.888e-05	-0.00015831	-0.00012116
0	0	-1554	1.884e-05	-0.00016171	-0.00012379
0	0	-1552	1.894e-05	-0.00016523	-0.00012606
0	0	-1550	1.925e-05	-0.00016903	-0.00012863
0	0	-1548	1.951e-05	-0.00017226	-0.00013127
0	0	-1546	2.016e-05	-0.00017586	-0.00013376
0	0	-1544	2.016e-05	-0.0001792	-0.00013634
0	0	-1542	2.063e-05	-0.00018294	-0.00013909
0	0	-1540	2.115e-05	-0.00018691	-0.00014205
0	0	-1538	2.149e-05	-0.00019026	-0.00014518
0	0	-1536	2.14e-05	-0.00019443	-0.00014808
0	0	-1534	2.149e-05	-0.00019821	-0.00015066
0	0	-1532	2.191e-05	-0.00020204	-0.00015399
0	0	-1530	2.276e-05	-0.0002057	-0.00015707
0	0	-1528	2.309e-05	-0.00020968	-0.00016003
0	0	-1526	2.316e-05	-0.00021402	-0.00016344
0	0	-1524	2.361e-05	-0.000218	-0.00016655
0	0	-1522	2.377e-05	-0.00022175	-0.00017027
0	0	-1520	2.402e-05	-0.00022558	-0.00017306
0	0	-1518	2.405e-05	-0.00022947	-0.00017685
0	0	-1516	2.453e-05	-0.00023333	-0.00018054
0	0	-1514	2.511e-05	-0.00023725	-0.00018435
0	0	-1512	2.497e-05	-0.0002414	-0.00018792
0	0	-1510	2.534e-05	-0.00024537	-0.00019172
0	0	-1508	2.622e-05	-0.00024957	-0.00019529
0	0	-1506	2.613e-05	-0.00025358	-0.00019885
0	0	-1504	2.627e-05	-0.00025753	-0.00020278
0	0	-1502	2.656e-05	-0.00026162	-0.00020712
0	0	-1500	2.694e-05	-0.00026572	-0.00021173
0	0	-1498	2.705e-05	-0.00026959	-0.00021515
0	0	-1496	2.698e-05	-0.00027344	-0.00021878
0	0	-1494	2.799e-05	-0.00027704	-0.00022296
0	0	-1492	2.759e-05	-0.00028021	-0.00022707
0	0	-1490	2.75e-05	-0.00028372	-0.00023119
0	0	-1488	2.806e-05	-0.00028747	-0.00023535
0	0	-1486	2.803e-05	-0.00029087	-0.00023969
0	0	-1484	2.816e-05	-0.00029376	-0.00024382
0	0	-1482	2.804e-05	-0.00029772	-0.00024855
0	0	-1480	2.81e-05	-0.00030104	-0.00025286
0	0	-1478	2.8e-05	-0.00030364	-0.00025741
0	0	-1476	2.797e-05	-0.00030637	-0.00026162
0	0	-1474	2.795e-05	-0.00030921	-0.00026565
0	0	-1472	2.739e-05	-0.00031175	-0.0002705
0	0	-1470	2.794e-05	-0.00031385	-0.00027514
0	0	-1468	2.778e-05	-0.00031655	-0.00027919
0	0	-1466	2.752e-05	-0.00031828	-0.00028368
0	0	-1464	2.751e-05	-0.00032031	-0.0002882
0	0	-1462	2.692e-05	-0.00032249	-0.00029193
0	0	-1460	2.67e-05	-0.00032418	-0.00029559
0	0	-1458	2.637e-05	-0.00032623	-0.0003
0	0	-1456	2.52e-05	-0.00032804	-0.00030447
0	0	-1454	2.522e-05	-0.00032947	-0.00030835
0	0	-1452	2.458e-05	-0.00033056	-0.000312
0	0	-1450	2.419e-05	-0.00033238	-0.00031536
0	0	-1448	2.315e-05	-0.00033361	-0.00031864
0	0	-1446	2.239e-05	-0.00033584	-0.00032183
0	0	-1444	2.162e-05	-0.00033806	-0.00032452
0	0	-1442	2.093e-05	-0.00034013	-0.00032689
0	0	-1440	2.048e-05	-0.00034328	-0.0003292
0	0	-1438	1.954e-05	-0.00034691	-0.00033083
0	0	-1436	1.827e-05	-0.0003513	-0.00033235
0	0	-1434	1.677e-05	-0.00035643	-0.00033299
0	0	-1432	1.582e-05	-0.00036333	-0.00033324
0	0	-1430	1.483e-05	-0.00037145	-0.00033279
0	0	-1428	1.378e-05	-0.00038162	-0.00033153
0	0	-1426	1.223e-05	-0.00039433	-0.00032897
0	0	-1424	1.091e-05	-0.0004099	-0.00032431
0	0	-1422	9.62e-06	-0.00042858	-0.0003183
0	0	-1420	8.55e-06	-0.00045109	-0.00031078
0	0	-1418	7.15e-06	-0.00047772	-0.00030028
0	0	-1416	5.66e-06	-0.00050858	-0.00028689
0	0	-1414	4.99e-06	-0.00054147	-0.00027024
0	0	-1412	3.37e-06	-0.00057545	-0.00025085
0	0	-1410	1.78e-06	-0.00060877	-0.00023038
0	0	-1408	1.12e-06	-0.00063994	-0.00020877
0	0	-1406	-2e-08	-0.00066605	-0.0001893
0	0	-1404	-1.47e-06	-0.00068732	-0.0001746
0	0	-1402	-2.33e-06	-0.00070421	-0.00016571
0	0	-1400	-2.82e-06	-0.00071741	-0.00016364
0	0	-1398	-3.57e-06	-0.00072878	-0.000169
0	0	-1396	-4.92e-06	-0.00073848	-0.00018333
0	0	-1394	-6.42e-06	-0.00074671	-0.00020736
0	0	-1392	-7.86e-06	-0.00075436	-0.00024224
0	0	-1390	-9.91e-06	-0.00076134	-0.00029123
0	0	-1388	-1.149e-05	-0.00076864	-0.00035768
0	0	-1386	-1.393e-05	-0.00077698	-0.00044601
0	0	-1384	-1.571e-05	-0.0007863	-0.00056117
0	0	-1382	-1.874e-05	-0.0007982	-0.000711
0	0	-1380	-2.263e-05	-0.00081606	-0.00090447
0	0	-1378	-2.721e-05	-0.00084293	-0.00115439
0	0	-1376	-3.291e-05	-0.00088473	-0.0014755
0	0	-1374	-3.989e-05	-0.00095112	-0.00188616
0	0	-1372	-4.904e-05	-0.00105717	-0.00240599
0	0	-1370	-6.004e-05	-0.00122474	-0.00305848
0	0	-1368	-7.504e-05	-0.00148716	-0.00386426
0	0	-1366	-9.322e-05	-0.00189103	-0.00483451
0	0	-1364	-0.00011509	-0.00249131	-0.00596023
0	0	-1362	-0.00014146	-0.00334638	-0.00721312
0	0	-1360	-0.00017231	-0.00450537	-0.00853813
0	0	-1358	-0.00020826	-0.00598993	-0.0098668
0	0	-1356	-0.00024837	-0.00779167	-0.0111418
0	0	-1354	-0.00029211	-0.00988398	-0.0123362
0	0	-1352	-0.00033931	-0.012232	-0.0134473
0	0	-1350	-0.0003896	-0.0148054	-0.0144917
0	0	-1348	-0.00044396	-0.0175924	-0.0154974
0	0	-1346	-0.00050258	-0.0205956	-0.0164946
0	0	-1344	-0.00056433	-0.0238299	-0.0175037
0	0	-1342	-0.00063095	-0.027322	-0.0185386
0	0	-1340	-0.00070282	-0.0311137	-0.01961
0	0	-1338	-0.00077996	-0.0352595	-0.0207205
0	0	-1336	-0.00086325	-0.0398227	-0.0218585
0	0	-1334	-0.00095332	-0.0448813	-0.0230035
0	0	-1332	-0.00105283	-0.0505341	-0.0241255
0	0	-1330	-0.00116174	-0.0568963	-0.0251722
0	0	-1328	-0.00128118	-0.0640942	-0.0260623
0	0	-1326	-0.00141385	-0.0722771	-0.0266855
0	0	-1324	-0.00156063	-0.0816138	-0.0268909
0	0	-1322	-0.00172446	-0.0922704	-0.0264698
0	0	-1320	-0.00190681	-0.10439	-0.0251495
0	0	-1318	-0.00211187	-0.118083	-0.0226047
0	0	-1316	-0.00234274	-0.133372	-0.0184786
0	0	-1314	-0.00260381	-0.150145	-0.0124391
0	0	-1312	-0.00290181	-0.168165	-0.00429484
0	0	-1310	-0.00324359	-0.187169	0.00588523
0	0	-1308	-0.0036408	-0.206987	0.0177197
0	0	-1306	-0.00410009	-0.227706	0.0305648
0	0	-1304	-0.00462602	-0.249766	0.0436629
0	0	-1302	-0.00521337	-0.273905	0.0562844
0	0	-1300	-0.0058421	-0.301009	0.0678055
0	0	-1298	-0.00647257	-0.332	0.0777151
0	0	-1296	-0.0070425	-0.367782	0.0855842
0	0	-1294	-0.00746924	-0.40914	0.0910536
0	0	-1292	-0.00766396	-0.456648	0.093826
0	0	-1290	-0.00755883	-0.510601	0.0936497
0	0	-1288	-0.00713524	-0.570768	0.0902862
0	0	-1286	-0.00644634	-0.635858	0.0835541
0	0	-1284	-0.00560595	-0.702997	0.0734665
0	0	-1282	-0.0047419	-0.767608	0.0604121
0	0	-1280	-0.0039533	-0.824056	0.0453501
0	0	-1278	-0.00328941	-0.867049	0.0295984
0	0	-1276	-0.00275498	-0.892841	0.0142826
0	0	-1274	-0.00232706	-0.899253	-2.304e-05
0	0	-1272	-0.00197118	-0.884894	-0.013121
0	0	-1270	-0.00164939	-0.84881	-0.0247738
0	0	-1268	-0.00132699	-0.790991	-0.034475
0	0	-1266	-0.00097472	-0.713202	-0.0416383
0	0	-1264	-0.00057931	-0.619244	-0.0460424
0	0	-1262	-0.00014503	-0.514107	-0.0480102
0	0	-1260	0.00031597	-0.402591	-0.0482168
0	0	-1258	0.00079351	-0.288257	-0.0473867
0	0	-1256	0.00128207	-0.173246	-0.0461365
0	0	-1254	0.00177942	-0.0584716	-0.0448492
0	0	-1252	0.00228529	0.0558501	-0.0436437
0	0	-1250	0.0027959	0.16964	-0.0425369
0	0	-1248	0.00330414	0.28272	-0.0416193
0	0	-1246	0.00380193	0.395349	-0.0410818
0	0	-1244	0.00428461	0.50867	-0.0410408
0	0	-1242	0.00475071	0.624472	-0.0414192
0	0	-1240	0.00520318	0.744283	-0.0419348
0	0	-1238	0.00563861	0.868596	-0.0421624
0	0	-1236	0.00604938	0.996458	-0.0417007
0	0	-1234	0.0064243	1.12546	-0.0402771
0	0	-1232	0.00674936	1.25232	-0.0378488
0	0	-1230	0.00701296	1.3736	-0.0345121
0	0	-1228	0.00720902	1.48606	-0.0303784
0	0	-1226	0.00733602	1.58634	-0.0255425
0	0	-1224	0.0073952	1.67111	-0.020179
0	0	-1222	0.00739315	1.73783	-0.0146777
0	0	-1220	0.00734221	1.78565	-0.00945782
0	0	-1218	0.00725887	1.81542	-0.00466986
0	0	-1216	0.00715409	1.82866	-0.00013047
0	0	-1214	0.00703652	1.82639	0.00454014
0	0	-1212	0.00691159	1.80848	0.00970754
0	0	-1210	0.00678261	1.77378	0.0155211
0	0	-1208	0.00665454	1.72091	0.0217708
0	0	-1206	0.00652901	1.64944	0.0279116
0	0	-1204	0.00640052	1.56076	0.033278
0	0	-1202	0.00625317	1.45806	0.0373248
0	0	-1200	0.00606134	1.34551	0.03978
0	0	-1198	0.00580496	1.22756	0.0406813
0	0	-1196	0.00547356	1.10826	0.0402472
0	0	-1194	0.00506668	0.990933	0.0387711
0	0	-1192	0.00459296	0.877932	0.0366187
0	0	-1190	0.00406545	0.770653	0.0341431
0	0	-1188	0.00349951	0.669609	0.0315941
0	0	-1186	0.00290885	0.57465	0.0291211
0	0	-1184	0.00230373	0.485236	0.0268035
0	0	-1182	0.00169333	0.400679	0.0247171
0	0	-1180	0.00108443	0.320198	0.0228868
0	0	-1178	0.00048036	0.243005	0.0213068
0	0	-1176	-0.00011624	0.168346	0.0199744
0	0	-1174	-0.00070554	0.0955109	0.0188772
0	0	-1172	-0.0012869	0.0238181	0.0180099
0	0	-1170	-0.00186019	-0.0473866	0.0173441
0	0	-1168	-0.00242455	-0.118747	0.0168594
0	0	-1166	-0.00297818	-0.19092	0.0165379
0	0	-1164	-0.00351772	-0.264585	0.0163609
0	0	-1162	-0.00403752	-0.34046	0.0163176
0	0	-1160	-0.00453244	-0.419297	0.0164014
0	0	-1158	-0.00499826	-0.501879	0.0166222
0	0	-1156	-0.00543397	-0.589001	0.0169893
0	0	-1154	-0.00584041	-0.681405	0.0175046
0	0	-1152	-0.00622013	-0.779738	0.0181306
0	0	-1150	-0.00657291	-0.88441	0.0187778
0	0	-1148	-0.00689411	-0.99534	0.0193275
0	0	-1146	-0.0071747	-1.11174	0.0195966
0	0	-1144	-0.00740256	-1.23189	0.0193695
0	0	-1142	-0.00756869	-1.35305	0.0184845
0	0	-1140	-0.00766549	-1.47154	0.0168236
0	0	-1138	-0.00769656	-1.58305	0.0143846
0	0	-1136	-0.00767282	-1.68315	0.0112811
0	0	-1134	-0.00761206	-1.76791	0.00780551
0	0	-1132	-0.00753096	-1.83476	0.00437607
0	0	-1130	-0.00743662	-1.883	0.00130567
0	0	-1128	-0.00733303	-1.91336	-0.00134062
0	0	-1126	-0.00721955	-1.92709	-0.00375496
0	0	-1124	-0.00709151	-1.92498	-0.00625149
0	0	-1122	-0.00694308	-1.90683	-0.00909595
0	0	-1120	-0.00676394	-1.87155	-0.0123448
0	0	-1118	-0.00653899	-1.81787	-0.0157599
0	0	-1116	-0.00625548	-1.7455	-0.0188763
0	0	-1114	-0.00590484	-1.65581	-0.0212296
0	0	-1112	-0.00548691	-1.55193	-0.0225684
0	0	-1110	-0.00500996	-1.43799	-0.0229207
0	0	-1108	-0.00448745	-1.31833	-0.0224965
0	0	-1106	-0.00393479	-1.19695	-0.0215232
0	0	-1104	-0.00336939	-1.07717	-0.0202533
0	0	-1102	-0.00280664	-0.961444	-0.0189319
0	0	-1100	-0.00225912	-0.851237	-0.0177639
0	0	-1098	-0.00173215	-0.747119	-0.0168647
0	0	-1096	-0.00122566	-0.649017	-0.016264
0	0	-1094	-0.00073796	-0.556464	-0.0159517
0	0	-1092	-0.00026188	-0.468804	-0.0158785
0	0	-1090	0.0002088	-0.385297	-0.0159823
0	0	-1088	0.00067584	-0.30521	-0.0162372
0	0	-1086	0.00114052	-0.227814	-0.0166233
0	0	-1084	0.001602	-0.152403	-0.0171537
0	0	-1082	0.00205722	-0.0782907	-0.0178549
0	0	-1080	0.00250214	-0.00479059	-0.0187424
0	0	-1078	0.00293478	0.0687843	-0.0198343
0	0	-1076	0.00335313	0.143128	-0.0211206
0	0	-1074	0.00375504	0.21893	-0.0225941
0	0	-1072	0.00413702	0.296883	-0.0242301
0	0	-1070	0.00449755	0.377728	-0.026024
0	0	-1068	0.00483482	0.462221	-0.0279859
0	0	-1066	0.00514911	0.551132	-0.0301159
0	0	-1064	0.00544508	0.645222	-0.0323901
0	0	-1062	0.0057261	0.745201	-0.0347213
0	0	-1060	0.00599392	0.851498	-0.0369806
0	0	-1058	0.00624522	0.964083	-0.0389552
0	0	-1056	0.00647211	1.0822	-0.040337
0	0	-1054	0.00666323	1.20418	-0.040788
0	0	-1052	0.00680469	1.32721	-0.040017
0	0	-1050	0.00688521	1.44754	-0.0378509
0	0	-1048	0.00690087	1.56078	-0.0342574
0	0	-1046	0.0068543	1.66238	-0.0294133
0	0	-1044	0.00675359	1.74838	-0.023748
0	0	-1042	0.00660802	1.81621	-0.0178174
0	0	-1040	0.00643073	1.8652	-0.012085
0	0	-1038	0.00623148	1.89619	-0.00674078
0	0	-1036	0.00601302	1.91052	-0.00168901
0	0	-1034	0.0057737	1.9091	0.00333875
0	0	-1032	0.00551165	1.89182	0.00860254
0	0	-1030	0.00522359	1.85766	0.0141787
0	0	-1028	0.00490715	1.80535	0.0198553
0	0	-1026	0.00456288	1.73446	0.0251654
0	0	-1024	0.00419259	1.64618	0.0295807
0	0	-1022	0.00379941	1.54344	0.0327365
0	0	-1020	0.00339001	1.4303	0.0345421
0	0	-1018	0.0029712	1.31107	0.0350999
0	0	-1016	0.00255423	1.18983	0.0346203
0	0	-1014	0.00214865	1.06999	0.0333861
0	0	-1012	0.00175845	0.954052	0.0317058
0	0	-1010	0.00138223	0.84352	0.0298904
0	0	-1008	0.00101603	0.739023	0.0281328
0	0	-1006	0.00065453	0.640533	0.0265362
0	0	-1004	0.00029051	0.547606	0.0251439
0	0	-1002	-7.989e-05	0.459592	0.023966
0	0	-1000	-0.00045797	0.375755	0.023005
0	0	-998	-0.00084182	0.29534	0.022236
0	0	-996	-0.00122767	0.21761	0.0216534
0	0	-994	-0.00161116	0.141851	0.0212578
0	0	-992	-0.00199065	0.067379	0.0210554
0	0	-990	-0.00236732	-0.00648942	0.0210323
0	0	-988	-0.00274597	-0.0804132	0.021168
0	0	-986	-0.00312994	-0.15507	0.0214623
0	0	-984	-0.00352227	-0.231142	0.021917
0	0	-982	-0.00392216	-0.309342	0.0225311
0	0	-980	-0.00432224	-0.390418	0.0233006
0	0	-978	-0.00471171	-0.47514	0.024233
0	0	-976	-0.00508002	-0.564292	0.0253421
0	0	-974	-0.00541702	-0.658656	0.0266037
0	0	-972	-0.00571777	-0.758915	0.0279596
0	0	-970	-0.00598236	-0.865511	0.0293107
0	0	-968	-0.00621353	-0.978413	0.0305023
0	0	-966	-0.00641484	-1.09689	0.0313129
0	0	-964	-0.00658619	-1.21924	0.0314645
0	0	-962	-0.00672602	-1.34262	0.0307354
0	0	-960	-0.00683056	-1.46323	0.0289795
0	0	-958	-0.00689729	-1.57668	0.0261466
0	0	-956	-0.00692969	-1.67843	0.0223389
0	0	-954	-0.00693133	-1.7645	0.0178552
0	0	-952	-0.00690297	-1.83239	0.0131516
0	0	-950	-0.00684442	-1.88143	0.00861922
0	0	-948	-0.00675451	-1.91241	0.00440842
0	0	-946	-0.00663404	-1.92662	0.00040897
0	0	-944	-0.00648177	-1.92487	-0.00365238
0	0	-942	-0.00629184	-1.90694	-0.0080429
0	0	-940	-0.0060562	-1.87166	-0.0128593
0	0	-938	-0.00576169	-1.81766	-0.0179124
0	0	-936	-0.00539343	-1.74442	-0.0227504
0	0	-934	-0.00494093	-1.65321	-0.02684
0	0	-932	-0.00440663	-1.54717	-0.0298127
0	0	-930	-0.0038061	-1.43064	-0.0315518
0	0	-928	-0.00316444	-1.30822	-0.0321548
0	0	-926	-0.0025094	-1.18407	-0.0318254
0	0	-924	-0.00186516	-1.06161	-0.0307944
0	0	-922	-0.00125189	-0.943287	-0.0293296
0	0	-920	-0.00068209	-0.830638	-0.0276502
0	0	-918	-0.00016224	-0.724374	-0.0259076
0	0	-916	0.00030415	-0.624678	-0.0241907
0	0	-914	0.00071197	-0.531424	-0.0225693
0	0	-912	0.00105862	-0.444225	-0.0211592
0	0	-910	0.00134626	-0.362293	-0.0200631
0	0	-908	0.00158506	-0.284541	-0.0193219
0	0	-906	0.00179034	-0.209813	-0.0188898
0	0	-904	0.00197881	-0.137084	-0.0186734
0	0	-902	0.00216448	-0.0655307	-0.0185908
0	0	-900	0.00236153	0.00553106	-0.0185742
0	0	-898	0.00258525	0.076702	-0.0186177
0	0	-896	0.00284797	0.148579	-0.0187614
0	0	-894	0.00316176	0.221847	-0.0190828
0	0	-892	0.00353686	0.297365	-0.0196693
0	0	-890	0.0039818	0.376171	-0.0205671
0	0	-888	0.0044974	0.459408	-0.0217756
0	0	-886	0.00507764	0.548101	-0.0232065
0	0	-884	0.00570514	0.642963	-0.024745
0	0	-882	0.00635468	0.744354	-0.0263103
0	0	-880	0.00699314	0.852314	-0.0278153
0	0	-878	0.00758843	0.966522	-0.0291296
0	0	-876	0.00811257	1.08613	-0.0300409
0	0	-874	0.00854472	1.20944	-0.0302912
0	0	-872	0.00887237	1.33371	-0.0296333
0	0	-870	0.00909165	1.4553	-0.0278783
0	0	-868	0.00920738	1.56984	-0.0249599
0	0	-866	0.0092329	1.67266	-0.0210012
0	0	-864	0.00918338	1.75961	-0.0163708
0	0	-862	0.00907961	1.82799	-0.0115888
0	0	-860	0.00893969	1.87711	-0.00708849
0	0	-858	0.00877501	1.90788	-0.00303261
0	0	-856	0.0085879	1.92174	0.00071545
0	0	-854	0.00837677	1.91969	0.00444801
0	0	-852	0.00813403	1.90167	0.00842937
0	0	-850	0.00785587	1.86669	0.0127334
0	0	-848	0.00754346	1.81354	0.0171666
0	0	-846	0.0071949	1.74178	0.0213006
0	0	-844	0.00681088	1.65261	0.0246717
0	0	-842	0.00638528	1.54898	0.0269773
0	0	-840	0.00590978	1.43493	0.0281646
0	0	-838	0.00538456	1.31487	0.0283526
0	0	-836	0.00481537	1.19287	0.0277203
0	0	-834	0.00421499	1.07235	0.0265163
0	0	-832	0.00359819	0.955834	0.02499
0	0	-830	0.00297768	0.844833	0.0233647
0	0	-828	0.00236552	0.739963	0.0218151
0	0	-826	0.00177109	0.641185	0.0204313
0	0	-824	0.0012011	0.548063	0.0192707
0	0	-822	0.00065971	0.459932	0.0183387
0	0	-820	0.00014723	0.376032	0.0176309
0	0	-818	-0.00034263	0.295589	0.0171309
0	0	-816	-0.0008164	0.217872	0.0168247
0	0	-814	-0.00128231	0.142164	0.0166975
0	0	-812	-0.0017474	0.0677827	0.0167412
0	0	-810	-0.00221601	-0.00595998	0.0169532
0	0	-808	-0.00268972	-0.0797337	0.0173284
0	0	-806	-0.00316921	-0.154207	0.0178729
0	0	-804	-0.00365004	-0.230059	0.0185901
0	0	-802	-0.00412436	-0.308016	0.0194878
0	0	-800	-0.00458344	-0.38882	0.020564
0	0	-798	-0.00501218	-0.473228	0.0218193
0	0	-796	-0.00539843	-0.56204	0.0232388
0	0	-794	-0.00572917	-0.656037	0.0247868
0	0	-792	-0.00599413	-0.755893	0.0263923
0	0	-790	-0.00618522	-0.86201	0.0279514
0	0	-788	-0.00629681	-0.974338	0.0292857
0	0	-786	-0.00632479	-1.09214	0.0301587
0	0	-784	-0.00626994	-1.21368	0.0303166
0	0	-782	-0.0061393	-1.33619	0.0295331
0	0	-780	-0.00594444	-1.45591	0.0276691
0	0	-778	-0.00570613	-1.56851	0.0246862
0	0	-776	-0.00545444	-1.66946	0.0207384
0	0	-774	-0.0052174	-1.75481	0.0161842
0	0	-772	-0.00501812	-1.82203	0.0114789
0	0	-770	-0.00487032	-1.8705	0.00700296
0	0	-768	-0.00478045	-1.90101	0.00286936
0	0	-766	-0.00475267	-1.91488	-0.00106528
0	0	-764	-0.00478767	-1.91296	-0.00508486
0	0	-762	-0.00488352	-1.89509	-0.00943203
0	0	-760	-0.00503396	-1.86019	-0.0141434
0	0	-758	-0.00522588	-1.80701	-0.0189648
0	0	-756	-0.00543713	-1.73514	-0.0233942
0	0	-754	-0.00563926	-1.64583	-0.0269101
0	0	-752	-0.00580705	-1.54213	-0.0292214
0	0	-750	-0.00592042	-1.42813	-0.0303176
0	0	-748	-0.00596553	-1.30821	-0.0303361
0	0	-746	-0.00594017	-1.18644	-0.0295052
0	0	-744	-0.00584721	-1.0662	-0.0280837
0	0	-742	-0.00569051	-0.950038	-0.0263542
0	0	-740	-0.00547433	-0.839421	-0.0245578
0	0	-738	-0.00520002	-0.734953	-0.0228563
0	0	-736	-0.00487214	-0.636587	-0.0213536
0	0	-734	-0.00449369	-0.543878	-0.0200822
0	0	-732	-0.0040708	-0.456151	-0.0190527
0	0	-730	-0.00361236	-0.372647	-0.0182603
0	0	-728	-0.00312993	-0.292579	-0.0176953
0	0	-726	-0.00263644	-0.215186	-0.0173466
0	0	-724	-0.00214346	-0.139737	-0.0172009
0	0	-722	-0.00165853	-0.0655246	-0.0172575
0	0	-720	-0.00118283	0.00813096	-0.0175064
0	0	-718	-0.00071629	0.081891	-0.0179383
0	0	-716	-0.0002553	0.156413	-0.0185516
0	0	-714	0.00020788	0.23238	-0.0193336
0	0	-712	0.00068114	0.310503	-0.0202835
0	0	-710	0.00117408	0.391512	-0.0213984
0	0	-708	0.00169621	0.476159	-0.0226734
0	0	-706	0.00225641	0.565226	-0.0240939
0	0	-704	0.00285791	0.659488	-0.0256088
0	0	-702	0.00349868	0.759596	-0.0271505
0	0	-700	0.00417079	0.865946	-0.0285942
0	0	-698	0.00485963	0.978483	-0.0297549
0	0	-696	0.00554258	1.09647	-0.0304075
0	0	-694	0.00619104	1.21816	-0.0303014
0	0	-692	0.00677284	1.34077	-0.0292515
0	0	-690	0.00725798	1.46059	-0.0271509
0	0	-688	0.00762539	1.57332	-0.0240117
0	0	-686	0.00787095	1.67445	-0.0200141
0	0	-684	0.0080078	1.76005	-0.0155129
0	0	-682	0.00805944	1.8276	-0.0109565
0	0	-680	0.00804633	1.87642	-0.006697
0	0	-678	0.00798264	1.90728	-0.00283173
0	0	-676	0.00787743	1.92149	0.00079459
0	0	-674	0.00773721	1.9199	0.00446328
0	0	-672	0.00756604	1.90237	0.00841984
0	0	-670	0.00736892	1.86788	0.0127179
0	0	-668	0.00715392	1.8152	0.017147
0	0	-666	0.00692609	1.7439	0.0212754
0	0	-664	0.00668076	1.65518	0.0246465
0	0	-662	0.00640729	1.55198	0.0270125
0	0	-660	0.00609037	1.43834	0.0283363
0	0	-658	0.00571794	1.3186	0.0287372
0	0	-656	0.00529119	1.19683	0.0283877
0	0	-654	0.0048167	1.07648	0.0274958
0	0	-652	0.00430771	0.96011	0.0263155
0	0	-650	0.0037785	0.849249	0.0250535
0	0	-648	0.00324103	0.744511	0.0238679
0	0	-646	0.00270399	0.645868	0.0228413
0	0	-644	0.00217333	0.552887	0.0220067
0	0	-642	0.00165049	0.464903	0.0213746
0	0	-640	0.00113626	0.381147	0.0209168
0	0	-638	0.0006332	0.300851	0.0206298
0	0	-636	0.00014317	0.223289	0.0204994
0	0	-634	-0.00033539	0.147735	0.0205168
0	0	-632	-0.00080216	0.0734735	0.0206706
0	0	-630	-0.00125528	-0.00017968	0.0209498
0	0	-628	-0.00169271	-0.0738826	0.021351
0	0	-626	-0.00211129	-0.148301	0.0218794
0	0	-624	-0.00250767	-0.224135	0.0225468
0	0	-622	-0.00288228	-0.302108	0.0233709
0	0	-620	-0.00323758	-0.382951	0.0243648
0	0	-618	-0.00357987	-0.467459	0.0255228
0	0	-616	-0.00391469	-0.556468	0.0268023
0	0	-614	-0.00424745	-0.650772	0.0281518
0	0	-612	-0.00458354	-0.751053	0.0294747
0	0	-610	-0.00492252	-0.857779	0.0306248
0	0	-608	-0.00525939	-0.970946	0.0314135
0	0	-606	-0.00558585	-1.08981	0.0315971
0	0	-604	-0.00589099	-1.21261	0.0309496
0	0	-602	-0.00616242	-1.33651	0.0292964
0	0	-600	-0.00638982	-1.45771	0.0265747
0	0	-598	-0.00656994	-1.57177	0.0228997
0	0	-596	-0.00670897	-1.67412	0.0185168
0	0	-594	-0.00681363	-1.76081	0.0138269
0	0	-592	-0.00689394	-1.82932	0.0092699
0	0	-590	-0.0069539	-1.87894	0.00515591
0	0	-588	-0.00699696	-1.91045	0.00153416
0	0	-586	-0.00702433	-1.92516	-0.0017999
0	0	-584	-0.00703918	-1.92392	-0.00516158
0	0	-582	-0.00703952	-1.90655	-0.00881305
0	0	-580	-0.00701815	-1.87194	-0.0128082
0	0	-578	-0.00696214	-1.81875	-0.0169168
0	0	-576	-0.00685552	-1.74647	-0.0206682
0	0	-574	-0.00668259	-1.65633	-0.0235812
0	0	-572	-0.00643065	-1.55144	-0.0253911
0	0	-570	-0.00609741	-1.43612	-0.0261417
0	0	-568	-0.00568664	-1.31485	-0.0260385
0	0	-566	-0.00520462	-1.19168	-0.0253071
0	0	-564	-0.00466522	-1.06998	-0.0241723
0	0	-562	-0.00408566	-0.952242	-0.0228415
0	0	-560	-0.00348425	-0.839995	-0.0214862
0	0	-558	-0.00287846	-0.733975	-0.0201931
0	0	-556	-0.00228554	-0.634438	-0.0190107
0	0	-554	-0.00172057	-0.54134	-0.0179667
0	0	-552	-0.00119115	-0.454289	-0.0170965
0	0	-550	-0.00070029	-0.372514	-0.0164599
0	0	-548	-0.00024133	-0.294957	-0.0161014
0	0	-546	0.00019618	-0.220454	-0.0160221
0	0	-544	0.00062313	-0.147933	-0.0161695
0	0	-542	0.00104669	-0.0765544	-0.0164819
0	0	-540	0.00146812	-0.00566997	-0.0169171
0	0	-538	0.00188465	0.0652888	-0.0174596
0	0	-536	0.0022934	0.136902	-0.0181144
0	0	-534	0.00268898	0.209847	-0.018913
0	0	-532	0.00306816	0.284955	-0.0199124
0	0	-530	0.00343046	0.363292	-0.0211745
0	0	-528	0.00377851	0.446067	-0.0227088
0	0	-526	0.00411598	0.534366	-0.0244537
0	0	-524	0.00444396	0.628936	-0.0262925
0	0	-522	0.00476257	0.730181	-0.0281069
0	0	-520	0.00507016	0.838221	-0.0297899
0	0	-518	0.00536466	0.952799	-0.0311871
0	0	-516	0.00564483	1.07311	-0.032097
0	0	-514	0.0059075	1.19749	-0.0322752
0	0	-512	0.00614662	1.32321	-0.0314912
0	0	-510	0.00635453	1.44654	-0.0295778
0	0	-508	0.00651885	1.56295	-0.0264693
0	0	-506	0.00663308	1.66763	-0.022309
0	0	-504	0.00669503	1.75629	-0.0174633
0	0	-502	0.00670928	1.82616	-0.0124381
0	0	-500	0.00668665	1.87652	-0.00767281
0	0	-498	0.00663783	1.90827	-0.00332267
0	0	-496	0.00657017	1.9229	0.00074346
0	0	-494	0.00648606	1.92147	0.00481292
0	0	-492	0.00638985	1.90396	0.00914463
0	0	-490	0.00627959	1.86942	0.0138124
0	0	-488	0.00615394	1.81664	0.0186091
0	0	-486	0.00600932	1.74513	0.0230773
0	0	-484	0.00583841	1.65606	0.0266785
0	0	-482	0.00563194	1.5524	0.0290516
0	0	-480	0.00538095	1.43826	0.0300874
0	0	-478	0.00508247	1.31803	0.0299025
0	0	-476	0.00474394	1.19583	0.0287668
0	0	-474	0.00437846	1.07514	0.0269985
0	0	-472	0.00399893	0.958469	0.0249381
0	0	-470	0.00361728	0.847318	0.022862
0	0	-468	0.0032415	0.74233	0.0209546
0	0	-466	0.00287724	0.643471	0.0193241
0	0	-464	0.00252685	0.550314	0.0179954
0	0	-462	0.00218815	0.462187	0.0169619
0	0	-460	0.00185769	0.378349	0.0162032
0	0	-458	0.00153328	0.298051	0.0156977
0	0	-456	0.00121387	0.220541	0.0154308
0	0	-454	0.00090139	0.145092	0.0153844
0	0	-452	0.00059631	0.0709944	0.015548
0	0	-450	0.00029787	-0.00244961	0.0159025
0	0	-448	2.86e-06	-0.075908	0.0164383
0	0	-446	-0.00029424	-0.150066	0.0171425
0	0	-444	-0.00059796	-0.225622	0.0179866
0	0	-442	-0.00091013	-0.303278	0.0189761
0	0	-440	-0.0012295	-0.383755	0.0201131
0	0	-438	-0.00155305	-0.46783	0.0214076
0	0	-436	-0.00187964	-0.556314	0.0228642
0	0	-434	-0.00220726	-0.649982	0.0244539
0	0	-432	-0.00253386	-0.749488	0.0261125
0	0	-430	-0.00285692	-0.855278	0.0277079
0	0	-428	-0.00317494	-0.967332	0.0290773
0	0	-426	-0.00348732	-1.08489	0.0299947
0	0	-424	-0.00379114	-1.20625	0.0302116
0	0	-422	-0.00408382	-1.32865	0.0295359
0	0	-420	-0.00435995	-1.44843	0.02783
0	0	-418	-0.00461492	-1.56123	0.0250625
0	0	-416	-0.00484797	-1.66252	0.021355
0	0	-414	-0.00505572	-1.74832	0.0170187
0	0	-412	-0.00523283	-1.81605	0.0125152
0	0	-410	-0.00537709	-1.86496	0.00825221
0	0	-408	-0.00548556	-1.89588	0.00438623
0	0	-406	-0.00555924	-1.9102	0.0008028
0	0	-404	-0.00560104	-1.90885	-0.00276306
0	0	-402	-0.00561465	-1.8918	-0.00656113
0	0	-400	-0.0055974	-1.85807	-0.0106597
0	0	-398	-0.00554081	-1.80645	-0.0148712
0	0	-396	-0.00542571	-1.73647	-0.0187729
0	0	-394	-0.00523462	-1.64926	-0.0219199
0	0	-392	-0.00496196	-1.5477	-0.0240582
0	0	-390	-0.00460701	-1.43573	-0.0251308
0	0	-388	-0.00418762	-1.31762	-0.0252891
0	0	-386	-0.00373062	-1.19738	-0.0247235
0	0	-384	-0.00326641	-1.07838	-0.0236706
0	0	-382	-0.00282253	-0.963141	-0.0223654
0	0	-380	-0.00241514	-0.853185	-0.0210082
0	0	-378	-0.00205133	-0.749167	-0.0197523
0	0	-376	-0.00172989	-0.651079	-0.0186731
0	0	-374	-0.0014451	-0.558522	-0.0178123
0	0	-372	-0.00118853	-0.47083	-0.0171713
0	0	-370	-0.00095201	-0.387258	-0.0167449
0	0	-368	-0.00072542	-0.307068	-0.0165192
0	0	-366	-0.00050096	-0.229523	-0.0164769
0	0	-364	-0.00026946	-0.153905	-0.0166002
0	0	-362	-2.526e-05	-0.07952	-0.0168833
0	0	-360	0.00023102	-0.00570454	-0.017323
0	0	-358	0.0004984	0.0682113	-0.0179236
0	0	-356	0.00077769	0.142906	-0.0186845
0	0	-354	0.00107296	0.219059	-0.0196207
0	0	-352	0.00138952	0.297347	-0.0207292
0	0	-350	0.00173433	0.37849	-0.0220097
0	0	-348	0.00211513	0.463257	-0.0234627
0	0	-346	0.002537	0.552435	-0.0250806
0	0	-344	0.00300002	0.64679	-0.0268466
0	0	-342	0.00350133	0.747016	-0.0286962
0	0	-340	0.0040312	0.85358	-0.0305218
0	0	-338	0.00457524	0.966473	-0.0321566
0	0	-336	0.00511267	1.085	-0.0333645
0	0	-334	0.00562064	1.2075	-0.0338654
0	0	-332	0.00607461	1.33124	-0.0333918
0	0	-330	0.00645343	1.45253	-0.0317639
0	0	-328	0.00674493	1.56692	-0.0289328
0	0	-326	0.00694867	1.66982	-0.0250358
0	0	-324	0.00707624	1.7572	-0.0204302
0	0	-322	0.00714534	1.82641	-0.0156063
0	0	-320	0.00717363	1.87666	-0.011013
0	0	-318	0.00717264	1.9087	-0.00683949
0	0	-316	0.0071464	1.92386	-0.0029961
0	0	-314	0.00709578	1.92302	0.00076907
0	0	-312	0.00701738	1.90606	0.00470389
0	0	-310	0.00690804	1.87191	0.00890099
0	0	-308	0.00676385	1.81918	0.0131865
0	0	-306	0.00658428	1.74727	0.0171391
0	0	-304	0.00636949	1.65735	0.0202936
0	0	-302	0.00612335	1.55248	0.0223627
0	0	-300	0.00584782	1.43695	0.0233315
0	0	-298	0.00554805	1.31531	0.0233724
0	0	-296	0.00523314	1.19172	0.0227344
0	0	-294	0.00491212	1.06961	0.021664
0	0	-292	0.00459045	0.951432	0.0203577
0	0	-290	0.00427299	0.838744	0.0189869
0	0	-288	0.00396437	0.732362	0.017672
0	0	-286	0.00366927	0.632566	0.01648
0	0	-284	0.00339608	0.539258	0.0154627
0	0	-282	0.00314818	0.451988	0.0146797
0	0	-280	0.00292017	0.369938	0.0141918
0	0	-278	0.00269699	0.292018	0.013999
0	0	-276	0.00245873	0.217074	0.0140601
0	0	-274	0.00218889	0.144095	0.0143134
0	0	-272	0.00187829	0.0723044	0.0147248
0	0	-270	0.00152758	0.00108189	0.0152823
0	0	-268	0.00114383	-0.0701278	0.0159871
0	0	-266	0.00073398	-0.141922	0.0168647
0	0	-264	0.0003007	-0.21499	0.0179373
0	0	-262	-0.00016367	-0.2902	0.0192373
0	0	-260	-0.00067322	-0.368639	0.0207577
0	0	-258	-0.00124295	-0.45149	0.0224573
0	0	-256	-0.00188082	-0.539774	0.024269
0	0	-254	-0.00257792	-0.634179	0.0261179
0	0	-252	-0.00331238	-0.735077	0.0279702
0	0	-250	-0.00405652	-0.842582	0.0297747
0	0	-248	-0.00478106	-0.956479	0.0314061
0	0	-246	-0.00545866	-1.07598	0.0326601
0	0	-244	-0.00606655	-1.19946	0.0332593
0	0	-242	-0.00658616	-1.32431	0.0329169
0	0	-240	-0.00700291	-1.44691	0.0314014
0	0	-238	-0.00731728	-1.56279	0.028624
0	0	-236	-0.00753889	-1.66723	0.0247225
0	0	-234	-0.00768638	-1.75593	0.0200748
0	0	-232	-0.00777857	-1.82607	0.0152318
0	0	-230	-0.00782955	-1.87682	0.0106627
0	0	-228	-0.00784822	-1.90901	0.00655081
0	0	-226	-0.00784074	-1.92408	0.00278552
0	0	-224	-0.00780929	-1.92301	-0.00090158
0	0	-222	-0.00775291	-1.90572	-0.00476377
0	0	-220	-0.00766581	-1.87114	-0.00888465
0	0	-218	-0.00753412	-1.81792	-0.0130829
0	0	-216	-0.00734214	-1.74549	-0.0169549
0	0	-214	-0.00707671	-1.65507	-0.0200482
0	0	-212	-0.00672964	-1.54977	-0.0221041
0	0	-210	-0.0063012	-1.43385	-0.0231045
0	0	-208	-0.00579944	-1.31186	-0.023234
0	0	-206	-0.00523867	-1.18796	-0.0227212
0	0	-204	-0.00463486	-1.06556	-0.0217724
0	0	-202	-0.0040088	-0.947122	-0.0206001
0	0	-200	-0.00337776	-0.834209	-0.0193482
0	0	-198	-0.00275829	-0.727626	-0.018125
0	0	-196	-0.00216653	-0.627653	-0.0169942
0	0	-194	-0.00161589	-0.534209	-0.016014
0	0	-192	-0.00111487	-0.44687	-0.0152641
0	0	-190	-0.00066345	-0.36483	-0.014811
0	0	-188	-0.00025448	-0.286988	-0.0146841
0	0	-186	0.00012477	-0.212164	-0.0148515
0	0	-184	0.00048741	-0.13935	-0.0152473
0	0	-182	0.00084222	-0.0677513	-0.0158381
0	0	-180	0.00119449	0.00325793	-0.0165916
0	0	-178	0.0015471	0.0742475	-0.0174994
0	0	-176	0.00190045	0.145802	-0.0185685
0	0	-174	0.00225529	0.218601	-0.0198099
0	0	-172	0.00261254	0.293494	-0.0212605
0	0	-170	0.00297304	0.371567	-0.0229254
0	0	-168	0.00334137	0.454024	-0.0247738
0	0	-166	0.00371775	0.541911	-0.0267148
0	0	-164	0.00409971	0.635952	-0.0286693
0	0	-162	0.00447874	0.736571	-0.030576
0	0	-160	0.00484552	0.843922	-0.0323598
0	0	-158	0.00518992	0.957769	-0.0339093
0	0	-156	0.0055056	1.07733	-0.0350207
0	0	-154	0.00578762	1.20099	-0.0354382
0	0	-152	0.00602758	1.32612	-0.0348922
0	0	-150	0.00621637	1.44903	-0.0331677
0	0	-148	0.00634819	1.56528	-0.0301887
0	0	-146	0.0064201	1.67013	-0.0260562
0	0	-144	0.00643711	1.75927	-0.0211502
0	0	-142	0.00641326	1.82983	-0.0160144
0	0	-140	0.00636221	1.88097	-0.0111089
0	0	-138	0.00629469	1.9135	-0.00663353
0	0	-136	0.00621693	1.92888	-0.00249081
0	0	-134	0.00613134	1.92811	0.00158647
0	0	-132	0.00603954	1.91114	0.00585545
0	0	-130	0.00593923	1.8769	0.0104072
0	0	-128	0.00582997	1.82406	0.015071
0	0	-126	0.00571085	1.75204	0.0194178
0	0	-124	0.00557907	1.66203	0.0229547
0	0	-122	0.00542814	1.55711	0.0253401
0	0	-120	0.00525395	1.44151	0.0265097
0	0	-118	0.00505613	1.31978	0.0266078
0	0	-116	0.00484069	1.19608	0.0258933
0	0	-114	0.00461528	1.07381	0.0246775
0	0	-112	0.00438392	0.955434	0.0232343
0	0	-110	0.00415295	0.842487	0.0218063
0	0	-108	0.00392678	0.735727	0.0205611
0	0	-106	0.00371126	0.635347	0.0195508
0	0	-104	0.00351276	0.541191	0.0187848
0	0	-102	0.00333548	0.45286	0.0182311
0	0	-100	0.0031743	0.369661	0.0178544
0	0	-98	0.0030149	0.290617	0.0176313
0	0	-96	0.00284045	0.214644	0.0175298
0	0	-94	0.00263677	0.140767	0.0175368
0	0	-92	0.00239409	0.0681895	0.0176423
0	0	-90	0.00210571	-0.00374355	0.01785
0	0	-88	0.00176795	-0.0756104	0.018164
0	0	-86	0.00137701	-0.148	0.0185962
0	0	-84	0.00093419	-0.221576	0.0191742
0	0	-82	0.00044398	-0.297165	0.0199263
0	0	-80	-8.802e-05	-0.375806	0.0208793
0	0	-78	-0.00065203	-0.458631	0.02204
0	0	-76	-0.00123426	-0.546682	0.023408
0	0	-74	-0.00181695	-0.640718	0.024971
0	0	-72	-0.00237631	-0.741201	0.0266829
0	0	-70	-0.00289208	-0.848303	0.0284732
0	0	-68	-0.00334951	-0.96184	0.0301864
0	0	-66	-0.00373957	-1.08103	0.0315565
0	0	-64	-0.00405986	-1.20425	0.0322627
0	0	-62	-0.00431341	-1.32883	0.0319918
0	0	-60	-0.00450517	-1.4511	0.0305212
0	0	-58	-0.0046453	-1.56659	0.0277777
0	0	-56	-0.0047432	-1.67057	0.0239001
0	0	-54	-0.00481081	-1.7588	0.0193048
0	0	-52	-0.00485189	-1.82845	0.0145381
0	0	-50	-0.00487507	-1.87874	0.0100735
0	0	-48	-0.00489094	-1.91051	0.00607528
0	0	-46	-0.00491331	-1.92523	0.00242267
0	0	-44	-0.00496166	-1.9239	-0.00115144
0	0	-42	-0.00505336	-1.9065	-0.00488596
0	0	-40	-0.00520167	-1.87202	-0.0088301
0	0	-38	-0.00541122	-1.81921	-0.0127545
0	0	-36	-0.00567654	-1.74765	-0.0162429
0	0	-34	-0.00598316	-1.65856	-0.0189044
0	0	-32	-0.00631035	-1.55493	-0.0205913
0	0	-30	-0.00663692	-1.44085	-0.02141
0	0	-28	-0.0069461	-1.32068	-0.0215662
0	0	-26	-0.00722707	-1.19853	-0.0212616
0	0	-24	-0.00747256	-1.07784	-0.020643
0	0	-22	-0.00767669	-0.961134	-0.0198506
0	0	-20	-0.00783476	-0.849976	-0.01903
0	0	-18	-0.00793938	-0.745018	-0.0182818
0	0	-16	-0.00798072	-0.646225	-0.0176671
0	0	-14	-0.00795264	-0.553138	-0.017204
0	0	-12	-0.00785216	-0.465095	-0.0169055
0	0	-10	-0.00768451	-0.381333	-0.016781
0	0	-8	-0.00745992	-0.301065	-0.0168189
0	0	-6	-0.00719208	-0.223513	-0.0170149
0	0	-4	-0.00689426	-0.147943	-0.0173601
0	0	-2	-0.00657801	-0.0736744	-0.0178538
0	0	0	-0.00625126	-3.081e-05	-0.0184888
0	0	2	-0.00591704	0.0736536	-0.0192564
0	0	4	-0.00557444	0.14804	-0.020164
0	0	6	-0.00521685	0.223792	-0.0212095
0	0	8	-0.00483121	0.301622	-0.0223968
0	0	10	-0.00439665	0.382277	-0.023727
0	0	12	-0.00389073	0.46652	-0.0251966
0	0	14	-0.00329133	0.555135	-0.0268076
0	0	16	-0.00258137	0.648898	-0.0285333
0	0	18	-0.00175736	0.748513	-0.0303284
0	0	20	-0.00082375	0.854429	-0.0320901
0	0	22	0.00020246	0.96661	-0.0336583
0	0	24	0.00129256	1.08436	-0.0348025
0	0	26	0.00240824	1.20602	-0.0352297
0	0	28	0.00350293	1.32885	-0.0346595
0	0	30	0.00452958	1.44913	-0.0328988
0	0	32	0.00544768	1.56255	-0.0299195
0	0	34	0.00622844	1.66462	-0.0258831
0	0	36	0.00685922	1.75132	-0.0211704
0	0	38	0.00734603	1.81999	-0.0163002
0	0	40	0.00769664	1.86982	-0.0116653
0	0	42	0.0079214	1.90154	-0.00742392
0	0	44	0.00803192	1.91648	-0.00348287
0	0	46	0.00803246	1.91559	0.00039284
0	0	48	0.00792706	1.89882	0.00443361
0	0	50	0.00771835	1.86521	0.00872651
0	0	52	0.00740869	1.81349	0.0131363
0	0	54	0.00700017	1.74313	0.0173045
0	0	56	0.0064985	1.65521	0.0207772
0	0	58	0.00590983	1.55259	0.0232101
0	0	60	0.00524345	1.4393	0.0244721
0	0	62	0.00451077	1.31978	0.0246474
0	0	64	0.00372652	1.19816	0.0239565
0	0	66	0.00291055	1.0779	0.0226767
0	0	68	0.00208603	0.961537	0.0211158
0	0	70	0.00127505	0.850647	0.0195189
0	0	72	0.00049673	0.745895	0.0180584
0	0	74	-0.00023595	0.647261	0.0168139
0	0	76	-0.00091527	0.554303	0.0158163
0	0	78	-0.00153758	0.466368	0.0150706
0	0	80	-0.002105	0.382712	0.0145567
0	0	82	-0.00262378	0.302549	0.0142623
0	0	84	-0.00310041	0.225113	0.0141636
0	0	86	-0.00354328	0.149693	0.0142495
0	0	88	-0.00396017	0.075598	0.0145138
0	0	90	-0.00435608	0.0021396	0.0149554
0	0	92	-0.0047316	-0.0713523	0.0155867
0	0	94	-0.00508342	-0.14554	0.0164127
0	0	96	-0.00540711	-0.2211	0.0174396
0	0	98	-0.00569739	-0.298742	0.0186587
0	0	100	-0.00594794	-0.379207	0.0200533
0	0	102	-0.00615397	-0.463235	0.0216131
0	0	104	-0.00631008	-0.551596	0.0233187
0	0	106	-0.00641492	-0.645077	0.0251511
0	0	108	-0.00647122	-0.74438	0.0270504
0	0	110	-0.00648623	-0.849972	0.0289093
0	0	112	-0.00646885	-0.961889	0.030576
0	0	114	-0.00643101	-1.07951	0.0318082
0	0	116	-0.006383	-1.20124	0.0323275
0	0	118	-0.00633288	-1.32438	0.0318592
0	0	120	-0.00628708	-1.44523	0.0302215
0	0	122	-0.00624885	-1.5594	0.0273738
0	0	124	-0.00621976	-1.66232	0.0234669
0	0	126	-0.0062012	-1.74988	0.0189199
0	0	128	-0.00619242	-1.81938	0.0142426
0	0	130	-0.00619166	-1.86999	0.00985223
0	0	132	-0.00620369	-1.90242	0.00590957
0	0	134	-0.00623672	-1.91799	0.00230857
0	0	136	-0.00630138	-1.91764	-0.0011979
0	0	138	-0.00640948	-1.90136	-0.00484302
0	0	140	-0.00656362	-1.86819	-0.0086963
0	0	142	-0.00675885	-1.81685	-0.0125893
0	0	144	-0.00697363	-1.74673	-0.0161428
0	0	146	-0.00717355	-1.65879	-0.0189233
0	0	148	-0.0073202	-1.5558	-0.0206402
0	0	150	-0.0073789	-1.44181	-0.0212406
0	0	152	-0.00732796	-1.32136	-0.0208532
0	0	154	-0.00716328	-1.19873	-0.0197323
0	0	156	-0.00689022	-1.07752	-0.0181773
0	0	158	-0.00651752	-0.960359	-0.016478
0	0	160	-0.00605508	-0.848855	-0.0149082
0	0	162	-0.00550954	-0.743628	-0.0136267
0	0	164	-0.0048868	-0.644602	-0.0126985
0	0	166	-0.0041973	-0.551298	-0.0121294
0	0	168	-0.0034588	-0.463057	-0.0118967
0	0	170	-0.00269301	-0.379127	-0.011981
0	0	172	-0.00192479	-0.298715	-0.0123477
0	0	174	-0.00118032	-0.221075	-0.0129802
0	0	176	-0.00048337	-0.145482	-0.0138554
0	0	178	0.00014594	-0.0712196	-0.014922
0	0	180	0.00068979	0.00242729	-0.0161203
0	0	182	0.00113498	0.0761076	-0.0173933
0	0	184	0.0014762	0.150471	-0.0187179
0	0	186	0.00171834	0.226195	-0.0201021
0	0	188	0.00187863	0.303977	-0.0215589
0	0	190	0.00198566	0.384529	-0.0231171
0	0	192	0.0020751	0.468588	-0.0247872
0	0	194	0.00218518	0.556959	-0.026541
0	0	196	0.00234964	0.650414	-0.0283098
0	0	198	0.00259423	0.749642	-0.0299831
0	0	200	0.00293369	0.855105	-0.0314319
0	0	202	0.00337108	0.966829	-0.0324699
0	0	204	0.00389321	1.08415	-0.0328959
0	0	206	0.00447552	1.20546	-0.0325176
0	0	208	0.00508197	1.32804	-0.0311845
0	0	210	0.00567066	1.44822	-0.0288443
0	0	212	0.00620502	1.56164	-0.0255444
0	0	214	0.00666129	1.6638	-0.0214752
0	0	216	0.00703208	1.75069	-0.0169924
0	0	218	0.00732068	1.81964	-0.0125278
0	0	220	0.00753574	1.86981	-0.00842596
0	0	222	0.00768869	1.90193	-0.00479334
0	0	224	0.00778784	1.9173	-0.00150119
0	0	226	0.00784199	1.91685	0.0017133
0	0	228	0.00785839	1.90058	0.00509336
0	0	230	0.00784361	1.86754	0.00873304
0	0	232	0.00780187	1.8165	0.0125076
0	0	234	0.00773291	1.74688	0.0160961
0	0	236	0.00763024	1.65968	0.0191073
0	0	238	0.00747948	1.55762	0.021279
0	0	240	0.0072643	1.4447	0.0225453
0	0	242	0.00697589	1.32533	0.0229856
0	0	244	0.00661356	1.20364	0.0227578
0	0	246	0.00618519	1.08317	0.0220396
0	0	248	0.0057044	0.96655	0.0210352
0	0	250	0.00518642	0.855368	0.0199329
0	0	252	0.00464436	0.750316	0.0188858
0	0	254	0.00408835	0.651405	0.0179916
0	0	256	0.00352603	0.558224	0.0173037
0	0	258	0.00296483	0.470115	0.0168709
0	0	260	0.00240694	0.386324	0.0166952
0	0	262	0.00185859	0.306078	0.0167732
0	0	264	0.0013264	0.228633	0.0170868
0	0	266	0.00081738	0.153259	0.0175975
0	0	268	0.00034061	0.079267	0.0182682
0	0	270	-0.00010056	0.00596595	0.0190509
0	0	272	-0.00050512	-0.0673236	0.0199126
0	0	274	-0.00087615	-0.141282	0.0208471
0	0	276	-0.00122033	-0.216593	0.0218463
0	0	278	-0.00154284	-0.294	0.0229217
0	0	280	-0.0018498	-0.374276	0.0240793
0	0	282	-0.00214445	-0.458214	0.0253175
0	0	284	-0.00243024	-0.546649	0.0266075
0	0	286	-0.00271421	-0.640411	0.0278865
0	0	288	-0.00300154	-0.740212	0.0290913
0	0	290	-0.00329703	-0.846505	0.0301221
0	0	292	-0.00360236	-0.959295	0.030833
0	0	294	-0.00391529	-1.07791	0.0310481
0	0	296	-0.00423123	-1.20069	0.030577
0	0	298	-0.00454246	-1.32485	0.0292642
0	0	300	-0.00484083	-1.44662	0.0270179
0	0	302	-0.00511794	-1.56158	0.0238639
0	0	304	-0.00536725	-1.66515	0.0199521
0	0	306	-0.00558343	-1.75325	0.0155958
0	0	308	-0.00576317	-1.82329	0.0111935
0	0	310	-0.00590509	-1.8745	0.00705427
0	0	312	-0.00601323	-1.9076	0.00327668
0	0	314	-0.00609057	-1.92385	-0.00027642
0	0	316	-0.00614186	-1.92409	-0.00387117
0	0	318	-0.00616789	-1.90814	-0.00774477
0	0	320	-0.00616286	-1.87479	-0.0119637
0	0	322	-0.00611523	-1.82254	-0.0163244
0	0	324	-0.00601602	-1.75077	-0.0203687
0	0	326	-0.00585789	-1.66073	-0.0235779
0	0	328	-0.00564262	-1.55576	-0.0256414
0	0	330	-0.00538396	-1.44044	-0.0265307
0	0	332	-0.00509854	-1.3195	-0.0264332
0	0	334	-0.00479958	-1.19705	-0.0255948
0	0	336	-0.00449551	-1.07642	-0.0242749
0	0	338	-0.0041939	-0.96	-0.0227306
0	0	340	-0.00389609	-0.849209	-0.0211728
0	0	342	-0.00360073	-0.744644	-0.0197552
0	0	344	-0.00330062	-0.646265	-0.0185426
0	0	346	-0.00299139	-0.553634	-0.0175764
0	0	348	-0.00266607	-0.466088	-0.0168573
0	0	350	-0.00231623	-0.382861	-0.0163791
0	0	352	-0.00193689	-0.303176	-0.0161468
0	0	354	-0.00152603	-0.226258	-0.0161432
0	0	356	-0.00108374	-0.151384	-0.0163568
0	0	358	-0.00061082	-0.0778612	-0.0167496
0	0	360	-0.00010877	-0.00501066	-0.0172795
0	0	362	0.00042165	0.0678179	-0.0179123
0	0	364	0.00097786	0.141268	-0.0186026
0	0	366	0.00155449	0.216019	-0.0193302
0	0	368	0.00214329	0.292776	-0.0200853
0	0	370	0.00273703	0.372299	-0.0208802
0	0	372	0.00332568	0.455343	-0.0217406
0	0	374	0.00390081	0.542741	-0.0226633
0	0	376	0.00445638	0.635316	-0.0236537
0	0	378	0.00498641	0.733793	-0.0246685
0	0	380	0.00548643	0.838619	-0.0256375
0	0	382	0.00594889	0.949867	-0.0264422
0	0	384	0.00636203	1.06698	-0.0269185
0	0	386	0.00671521	1.18848	-0.0268973
0	0	388	0.00700174	1.31188	-0.0261835
0	0	390	0.00721593	1.4337	-0.0245922
0	0	392	0.00735694	1.54958	-0.0220105
0	0	394	0.00742852	1.65461	-0.0184653
0	0	396	0.00743585	1.74414	-0.0142228
0	0	398	0.0073857	1.81502	-0.00972583
0	0	400	0.0072907	1.86623	-0.0053994
0	0	402	0.00716241	1.89861	-0.00141502
0	0	404	0.00701012	1.91376	0.00233455
0	0	406	0.00684108	1.91289	0.00610954
0	0	408	0.00665789	1.89618	0.0101503
0	0	410	0.00646153	1.86276	0.014539
0	0	412	0.00625169	1.81146	0.0191007
0	0	414	0.00602429	1.74173	0.0234324
0	0	416	0.00577069	1.65458	0.0270513
0	0	418	0.00547836	1.55275	0.0295854
0	0	420	0.00513868	1.4402	0.0308995
0	0	422	0.00474854	1.32127	0.0310425
0	0	424	0.00431471	1.20008	0.0302105
0	0	426	0.00385043	1.08009	0.0286773
0	0	428	0.00336924	0.963911	0.0267351
0	0	430	0.00288268	0.853128	0.0246698
0	0	432	0.0023994	0.748426	0.022662
0	0	434	0.00192427	0.649799	0.0208321
0	0	436	0.00146107	0.556832	0.0192343
0	0	438	0.00101079	0.468881	0.0178819
0	0	440	0.00057498	0.385176	0.0167724
0	0	442	0.00015402	0.304925	0.0158891
0	0	444	-0.00024986	0.227391	0.0152194
0	0	446	-0.00063581	0.151867	0.0147505
0	0	448	-0.00100175	0.0776546	0.0144667
0	0	450	-0.00134734	0.00406073	0.0143581
0	0	452	-0.00167226	-0.069542	0.0144202
0	0	454	-0.0019782	-0.143794	0.0146468
0	0	456	-0.00226796	-0.219391	0.0150234
0	0	458	-0.00254557	-0.297038	0.015548
0	0	460	-0.00281492	-0.377452	0.0162206
0	0	462	-0.00307804	-0.461392	0.017033
0	0	464	-0.00333628	-0.549702	0.0179781
0	0	466	-0.00359024	-0.643184	0.019021
0	0	468	-0.00384119	-0.742529	0.0201205
0	0	470	-0.00408963	-0.848247	0.0211962
0	0	472	-0.00433514	-0.960438	0.0221124
0	0	474	-0.00457652	-1.07843	0.0226903
0	0	476	-0.00481194	-1.20056	0.022724
0	0	478	-0.00503546	-1.32415	0.0220341
0	0	480	-0.00523895	-1.44549	0.0204863
0	0	482	-0.00541526	-1.56011	0.0180217
0	0	484	-0.00556174	-1.66341	0.0147502
0	0	486	-0.00568093	-1.75133	0.0109361
0	0	488	-0.00577337	-1.82118	0.00694821
0	0	490	-0.00583922	-1.87212	0.00310698
0	0	492	-0.00587925	-1.90484	-0.00046623
0	0	494	-0.0058957	-1.92065	-0.0038856
0	0	496	-0.00588943	-1.92044	-0.00740702
0	0	498	-0.00585852	-1.90413	-0.0112505
0	0	500	-0.00579925	-1.87065	-0.0154574
0	0	502	-0.00570183	-1.81867	-0.0198244
0	0	504	-0.00555471	-1.74761	-0.0239237
0	0	506	-0.00534326	-1.65855	-0.0272449
0	0	508	-0.00506562	-1.55447	-0.0294593
0	0	510	-0.00472452	-1.43962	-0.0304811
0	0	512	-0.00433064	-1.31855	-0.0304221
0	0	514	-0.00389973	-1.19536	-0.0295243
0	0	516	-0.00344917	-1.07342	-0.028072
0	0	518	-0.00299311	-0.955308	-0.0263481
0	0	520	-0.00254063	-0.842598	-0.0245459
0	0	522	-0.00209985	-0.736034	-0.0227945
0	0	524	-0.00167901	-0.635895	-0.0211617
0	0	526	-0.00128576	-0.542164	-0.0196825
0	0	528	-0.00092511	-0.454446	-0.0184035
0	0	530	-0.00059642	-0.371933	-0.0173754
0	0	532	-0.00029145	-0.293593	-0.0166189
0	0	534	3.31e-06	-0.218318	-0.0160946
0	0	536	0.00030122	-0.145072	-0.015748
0	0	538	0.00060983	-0.0730375	-0.0155428
0	0	540	0.00093283	-0.00161001	-0.0154554
0	0	542	0.00127154	0.0697451	-0.0154873
0	0	544	0.00162537	0.14163	-0.0156625
0	0	546	0.0019947	0.214722	-0.0160038
0	0	548	0.00238564	0.289838	-0.0165418
0	0	550	0.00280612	0.368051	-0.0172834
0	0	552	0.0032649	0.450567	-0.0181947
0	0	554	0.00376143	0.538422	-0.0191793
0	0	556	0.00428637	0.632302	-0.020139
0	0	558	0.00482155	0.732622	-0.0210128
0	0	560	0.00534757	0.839504	-0.0217283
0	0	562	0.00584661	0.952676	-0.0221822
0	0	564	0.0063001	1.07136	-0.0222253
0	0	566	0.00669546	1.19403	-0.0217162
0	0	568	0.0070193	1.31808	-0.0205203
0	0	570	0.00726102	1.43988	-0.0185177
0	0	572	0.00741974	1.55511	-0.0157154
0	0	574	0.00750393	1.65912	-0.0122681
0	0	576	0.00752722	1.7476	-0.0084707
0	0	578	0.00750811	1.8177	-0.00470429
0	0	580	0.00746566	1.8686	-0.00129044
0	0	582	0.00741485	1.90106	0.00170953
0	0	584	0.00736326	1.9165	0.00449977
0	0	586	0.00731783	1.91597	0.00736002
0	0	588	0.00727918	1.89951	0.0105101
0	0	590	0.00724859	1.86624	0.0140075
0	0	592	0.0072269	1.81496	0.0176786
0	0	594	0.00721369	1.74516	0.0211306
0	0	596	0.00719839	1.65786	0.0239332
0	0	598	0.00716955	1.55588	0.0257939
0	0	600	0.00711411	1.44323	0.0266081
0	0	602	0.00702154	1.32417	0.0264505
0	0	604	0.00688733	1.20281	0.0255153
0	0	606	0.00671038	1.08266	0.0240715
0	0	608	0.00649335	0.966311	0.0224032
0	0	610	0.00623654	0.855335	0.0207321
0	0	612	0.00593972	0.750419	0.0192199
0	0	614	0.00560466	0.651621	0.0179634
0	0	616	0.00523294	0.558526	0.0169773
0	0	618	0.00482361	0.470471	0.0162402
0	0	620	0.00437882	0.386701	0.0157233
0	0	622	0.00390257	0.306448	0.0154063
0	0	624	0.00339797	0.228958	0.015262
0	0	626	0.00287069	0.153465	0.0152723
0	0	628	0.0023265	0.0792411	0.0154311
0	0	630	0.00177196	0.00560763	0.0157411
0	0	632	0.00121368	-0.0680985	0.0162021
0	0	634	0.00065745	-0.142558	0.0168068
0	0	636	0.00010846	-0.218442	0.0175539
0	0	638	-0.00042913	-0.296422	0.0184367
0	0	640	-0.00094872	-0.377232	0.0194649
0	0	642	-0.00144596	-0.461623	0.0206233
0	0	644	-0.00191687	-0.550349	0.0218889
0	0	646	-0.00235916	-0.64416	0.0232423
0	0	648	-0.00276836	-0.743739	0.0246151
0	0	650	-0.00314363	-0.84952	0.025888
0	0	652	-0.00348136	-0.961487	0.0268626
0	0	654	-0.00377788	-1.07895	0.0273175
0	0	656	-0.00403018	-1.20027	0.0270399
0	0	658	-0.00423102	-1.32272	0.0258137
0	0	660	-0.00437595	-1.44263	0.0235448
0	0	662	-0.0044653	-1.55572	0.0203005
0	0	664	-0.00450588	-1.6575	0.0163139
0	0	666	-0.0045104	-1.744	0.0119597
0	0	668	-0.00449084	-1.81263	0.00767747
0	0	670	-0.00446011	-1.8626	0.0038132
0	0	672	-0.00442815	-1.89461	0.00042894
0	0	674	-0.0044081	-1.90994	-0.00264871
0	0	676	-0.00441242	-1.90952	-0.00568224
0	0	678	-0.00445074	-1.89335	-0.00887966
0	0	680	-0.00452954	-1.86051	-0.0122816
0	0	682	-0.0046477	-1.80976	-0.0156815
0	0	684	-0.00479012	-1.74053	-0.0186986
0	0	686	-0.00493562	-1.65385	-0.0209468
0	0	688	-0.00506138	-1.55246	-0.0221984
0	0	690	-0.00514762	-1.44027	-0.022446
0	0	692	-0.00518584	-1.3216	-0.0218276
0	0	694	-0.00517782	-1.20065	-0.0205764
0	0	696	-0.00512844	-1.0809	-0.0189692
0	0	698	-0.00504458	-0.964881	-0.017277
0	0	700	-0.00492755	-0.854212	-0.0157032
0	0	702	-0.00477669	-0.7496	-0.0143615
0	0	704	-0.00459273	-0.650988	-0.0133255
0	0	706	-0.0043786	-0.557944	-0.0125909
0	0	708	-0.00413877	-0.469854	-0.0121178
0	0	710	-0.00388419	-0.38597	-0.0118647
0	0	712	-0.00362616	-0.305522	-0.0118083
0	0	714	-0.00337609	-0.227806	-0.0119304
0	0	716	-0.0031431	-0.152135	-0.0121987
0	0	718	-0.00293282	-0.0778053	-0.0126093
0	0	720	-0.00274776	-0.00413464	-0.013163
0	0	722	-0.00258607	0.0695051	-0.0138391
0	0	724	-0.0024412	0.143783	-0.0146378
0	0	726	-0.0022976	0.219419	-0.0155577
0	0	728	-0.00213486	0.297103	-0.0165982
0	0	730	-0.00192914	0.377567	-0.0177622
0	0	732	-0.00165489	0.461589	-0.0190502
0	0	734	-0.00128974	0.549973	-0.0204688
0	0	736	-0.00081885	0.643463	-0.022004
0	0	738	-0.00023748	0.74274	-0.0236078
0	0	740	0.00044664	0.848264	-0.0251815
0	0	742	0.00121443	0.96004	-0.0265633
0	0	744	0.00203752	1.07739	-0.0275524
0	0	746	0.00287787	1.19871	-0.0278968
0	0	748	0.00369487	1.32133	-0.0273685
0	0	750	0.00444915	1.44164	-0.0258312
0	0	752	0.00510662	1.55539	-0.0232451
0	0	754	0.00564589	1.65808	-0.0196883
0	0	756	0.00605439	1.74564	-0.0154053
0	0	758	0.00633213	1.81531	-0.0107967
0	0	760	0.00648697	1.86615	-0.00626893
0	0	762	0.00653048	1.89881	-0.00200697
0	0	764	0.00647364	1.91459	0.00206247
0	0	766	0.00632686	1.91441	0.0061593
0	0	768	0.00610028	1.89819	0.0104856
0	0	770	0.00580012	1.86492	0.0150769
0	0	772	0.00543938	1.81324	0.0197107
0	0	774	0.00502957	1.74256	0.0239498
0	0	776	0.0045854	1.65397	0.0273245
0	0	778	0.0041223	1.55047	0.0295434
0	0	780	0.00365411	1.43621	0.0305415
0	0	782	0.00319361	1.31564	0.0304552
0	0	784	0.00275269	1.19288	0.0295021
0	0	786	0.00234024	1.07133	0.0279348
0	0	788	0.00196323	0.953497	0.0260216
0	0	790	0.0016235	0.840965	0.0239734
0	0	792	0.00132297	0.734572	0.0219513
0	0	794	0.0010632	0.634626	0.0200438
0	0	796	0.00084646	0.541066	0.0182996
0	0	798	0.00067332	0.453502	0.0167841
0	0	800	0.00053818	0.371185	0.01555
0	0	802	0.00043039	0.293067	0.014614
0	0	804	0.00033733	0.217996	0.0139297
0	0	806	0.00024517	0.144944	0.0134296
0	0	808	0.00014724	0.0730999	0.0130706
0	0	810	3.934e-05	0.00182206	0.0128238
0	0	812	-7.87e-05	-0.0694312	0.0126864
0	0	814	-0.0002067	-0.141239	0.0126553
0	0	816	-0.00034654	-0.214243	0.0127635
0	0	818	-0.00050249	-0.289266	0.0130463
0	0	820	-0.00068532	-0.367331	0.0135292
0	0	822	-0.0009057	-0.449611	0.0141926
0	0	824	-0.00117138	-0.537144	0.0149726
0	0	826	-0.00148367	-0.630655	0.0158113
0	0	828	-0.00183713	-0.730542	0.0166484
0	0	830	-0.00221902	-0.836944	0.0174296
0	0	832	-0.00261734	-0.949654	0.0180692
0	0	834	-0.00302074	-1.06791	0.0184276
0	0	836	-0.00342159	-1.19013	0.0183605
0	0	838	-0.00381021	-1.31379	0.0177077
0	0	840	-0.00417707	-1.43532	0.0163769
0	0	842	-0.00451516	-1.55042	0.0143407
0	0	844	-0.00481832	-1.65442	0.0116528
0	0	846	-0.00508074	-1.74309	0.00855338
0	0	848	-0.00529806	-1.81353	0.00540644
0	0	850	-0.00546971	-1.86477	0.00252419
0	0	852	-0.00559937	-1.89756	1.372e-05
0	0	854	-0.00569579	-1.9133	-0.00224563
0	0	856	-0.00576632	-1.91305	-0.00449859
0	0	858	-0.00581895	-1.89687	-0.00697347
0	0	860	-0.00585597	-1.86388	-0.0097631
0	0	862	-0.00587352	-1.81284	-0.0127517
0	0	864	-0.00585946	-1.74321	-0.0156296
0	0	866	-0.00579595	-1.656	-0.0180235
0	0	868	-0.00566195	-1.55399	-0.0196258
0	0	870	-0.00544256	-1.44117	-0.0203244
0	0	872	-0.00512856	-1.32194	-0.0201735
0	0	874	-0.0047267	-1.20045	-0.0193742
0	0	876	-0.00425094	-1.08024	-0.0181969
0	0	878	-0.00372269	-0.963894	-0.0168975
0	0	880	-0.00316227	-0.852971	-0.0157031
0	0	882	-0.00258489	-0.748155	-0.0147437
0	0	884	-0.00200155	-0.649457	-0.0140673
0	0	886	-0.00142025	-0.556452	-0.0136681
0	0	888	-0.00084841	-0.468483	-0.0135147
0	0	890	-0.00029374	-0.384805	-0.0135855
0	0	892	0.00023345	-0.304652	-0.0138468
0	0	894	0.00072248	-0.227256	-0.0142671
0	0	896	0.00116381	-0.151859	-0.0148323
0	0	898	0.00155075	-0.0777513	-0.0155231
0	0	900	0.00188379	-0.00424911	-0.0163304
0	0	902	0.0021681	0.0693159	-0.017245
0	0	904	0.00241436	0.143596	-0.0182718
0	0	906	0.00263499	0.219245	-0.0194339
0	0	908	0.00284161	0.296929	-0.0207455
0	0	910	0.00304345	0.377349	-0.0222127
0	0	912	0.00324569	0.461257	-0.0238233
0	0	914	0.00345158	0.549418	-0.0255457
0	0	916	0.00366089	0.642598	-0.0273135
0	0	918	0.00387368	0.741514	-0.0290114
0	0	920	0.00408895	0.84668	-0.0304943
0	0	922	0.00430169	0.958156	-0.0315763
0	0	924	0.00450665	1.07531	-0.0320498
0	0	926	0.00469402	1.1966	-0.03169
0	0	928	0.00485238	1.31937	-0.0303281
0	0	930	0.0049701	1.43991	-0.0279095
0	0	932	0.0050426	1.55385	-0.0244819
0	0	934	0.00507128	1.65666	-0.0202338
0	0	936	0.0050643	1.74424	-0.0154824
0	0	938	0.00503284	1.8139	-0.0106438
0	0	940	0.00499019	1.86481	-0.00606281
0	0	942	0.00493949	1.8976	-0.00182486
0	0	944	0.00488195	1.91357	0.00219316
0	0	946	0.00481428	1.91366	0.00622008
0	0	948	0.00473226	1.89784	0.0104578
0	0	950	0.00463116	1.8652	0.0149473
0	0	952	0.00450365	1.81453	0.019484
0	0	954	0.00434692	1.74523	0.0236706
0	0	956	0.00416133	1.65828	0.0270488
0	0	958	0.00394657	1.55648	0.0292983
0	0	960	0.00370536	1.44376	0.030343
0	0	962	0.00344467	1.3244	0.0302935
0	0	964	0.00317452	1.20263	0.0293514
0	0	966	0.00289958	1.08202	0.0277649
0	0	968	0.00262565	0.965097	0.0258432
0	0	970	0.00235599	0.853482	0.023848
0	0	972	0.00209115	0.747976	0.0219474
0	0	974	0.00183035	0.648613	0.0202613
0	0	976	0.00157165	0.554952	0.0188447
0	0	978	0.00131264	0.466349	0.0177101
0	0	980	0.00104963	0.382107	0.0168252
0	0	982	0.00078112	0.301439	0.0161712
0	0	984	0.00050427	0.22357	0.0157189
0	0	986	0.00021665	0.147804	0.0154338
0	0	988	-8.288e-05	0.0734725	0.0152971
0	0	990	-0.00039438	-0.00012036	0.0152816
0	0	992	-0.00071498	-0.0736358	0.0153819
0	0	994	-0.00104291	-0.147728	0.0155897
0	0	996	-0.00137479	-0.223081	0.0159097
0	0	998	-0.00170535	-0.300415	0.0163507
0	0	1000	-0.00203092	-0.380469	0.0169025
0	0	1002	-0.00234776	-0.464028	0.0175683
0	0	1004	-0.00265151	-0.551906	0.0183363
0	0	1006	-0.00293875	-0.644897	0.019162
0	0	1008	-0.00320725	-0.743702	0.0199812
0	0	1010	-0.00345792	-0.848818	0.0206925
0	0	1012	-0.00369561	-0.960281	0.0211678
0	0	1014	-0.00392348	-1.07738	0.0212388
0	0	1016	-0.00414023	-1.19852	0.020731
0	0	1018	-0.00434038	-1.32104	0.0195531
0	0	1020	-0.00451645	-1.44132	0.0176717
0	0	1022	-0.00466075	-1.55501	0.0150725
0	0	1024	-0.00477306	-1.65766	0.0118937
0	0	1026	-0.00485282	-1.74531	0.00839298
0	0	1028	-0.00489877	-1.8152	0.00489708
0	0	1030	-0.00491033	-1.86647	0.00166109
0	0	1032	-0.00488549	-1.89974	-0.00124909
0	0	1034	-0.00482209	-1.91624	-0.00399109
0	0	1036	-0.00471828	-1.9168	-0.00682853
0	0	1038	-0.00456757	-1.90123	-0.00998218
0	0	1040	-0.00436344	-1.86835	-0.0134947
0	0	1042	-0.00409297	-1.81666	-0.0171612
0	0	1044	-0.00374342	-1.74548	-0.0205369
0	0	1046	-0.00331817	-1.65598	-0.0231541
0	0	1048	-0.00283318	-1.5514	-0.0247112
0	0	1050	-0.00231766	-1.4363	-0.0251795
0	0	1052	-0.00180881	-1.31539	-0.0247569
0	0	1054	-0.00133839	-1.19283	-0.0236644
0	0	1056	-0.00092883	-1.07199	-0.0221238
0	0	1058	-0.00059031	-0.955295	-0.0203524
0	0	1060	-0.00032229	-0.844152	-0.0185589
0	0	1062	-0.00011694	-0.739175	-0.0169186
0	0	1064	3.823e-05	-0.640375	-0.0154931
0	0	1066	0.00015663	-0.547285	-0.0143231
0	0	1068	0.00025091	-0.459205	-0.0134226
0	0	1070	0.00033341	-0.375417	-0.012749
0	0	1072	0.00041493	-0.2952	-0.0122523
0	0	1074	0.00050371	-0.217798	-0.0118866
0	0	1076	0.00060568	-0.142513	-0.0116535
0	0	1078	0.0007211	-0.0687013	-0.01156
0	0	1080	0.00085093	0.00430428	-0.0116204
0	0	1082	0.0009965	0.0772002	-0.0118656
0	0	1084	0.00116611	0.150674	-0.0123131
0	0	1086	0.00137005	0.22538	-0.0129684
0	0	1088	0.00161736	0.302047	-0.0138176
0	0	1090	0.00191469	0.381447	-0.0148556
0	0	1092	0.0022616	0.464336	-0.0160736
0	0	1094	0.00265146	0.55147	-0.0174482
0	0	1096	0.00307473	0.643686	-0.0189757
0	0	1098	0.00351801	0.741763	-0.0205814
0	0	1100	0.00396573	0.846168	-0.0221675
0	0	1102	0.00439857	0.956997	-0.0235905
0	0	1104	0.00480316	1.07383	-0.0246895
0	0	1106	0.00516561	1.19524	-0.025236
0	0	1108	0.00547463	1.31874	-0.0250099
0	0	1110	0.00572715	1.44095	-0.0238772
0	0	1112	0.00592468	1.55759	-0.0217391
0	0	1114	0.00606436	1.66369	-0.0185994
0	0	1116	0.0061474	1.75458	-0.0147041
0	0	1118	0.00617985	1.82703	-0.010506
0	0	1120	0.00616886	1.87982	-0.00638701
0	0	1122	0.00612199	1.91362	-0.00249257
0	0	1124	0.0060505	1.92999	0.00123917
0	0	1126	0.00596118	1.93016	0.0050054
0	0	1128	0.00585543	1.91439	0.0090093
0	0	1130	0.00573291	1.88193	0.0133043
0	0	1132	0.0055963	1.83165	0.0177299
0	0	1134	0.00544564	1.76301	0.0219411
0	0	1136	0.00527784	1.67702	0.025523
0	0	1138	0.00509077	1.57635	0.0281391
0	0	1140	0.00488325	1.46481	0.0296687
0	0	1142	0.00465481	1.34674	0.0301388
0	0	1144	0.00441085	1.22633	0.0296946
0	0	1146	0.00415794	1.10705	0.028567
0	0	1148	0.00390462	0.991447	0.027018
0	0	1150	0.00365736	0.881258	0.0252882
0	0	1152	0.00341833	0.777246	0.0235307
0	0	1154	0.00319156	0.679372	0.0218798
0	0	1156	0.00297775	0.587229	0.0204011
0	0	1158	0.00277513	0.500229	0.0191151
0	0	1160	0.00257901	0.417625	0.0180287
0	0	1162	0.00238353	0.338602	0.0171351
0	0	1164	0.00218152	0.262424	0.01641
0	0	1166	0.00196798	0.188409	0.0158259
0	0	1168	0.0017397	0.115842	0.015371
0	0	1170	0.00149569	0.044008	0.0150257
0	0	1172	0.00123467	-0.0277327	0.01476
0	0	1174	0.00095793	-0.10002	0.0145566
0	0	1176	0.00066555	-0.173544	0.0144237
0	0	1178	0.00035583	-0.248996	0.0143527
0	0	1180	2.936e-05	-0.327065	0.0143304
0	0	1182	-0.00031409	-0.408521	0.0143584
0	0	1184	-0.00067207	-0.494176	0.0144462
0	0	1186	-0.00104113	-0.58481	0.0145767
0	0	1188	-0.00141581	-0.681113	0.0147038
0	0	1190	-0.00179117	-0.783591	0.0148006
0	0	1192	-0.00216422	-0.892325	0.0147861
0	0	1194	-0.00253365	-1.00667	0.0145449
0	0	1196	-0.00289291	-1.12506	0.0139402
0	0	1198	-0.00323589	-1.24489	0.0128816
0	0	1200	-0.00355545	-1.36254	0.0113327
0	0	1202	-0.00384367	-1.47368	0.00924839
0	0	1204	-0.00409912	-1.5738	0.00669306
0	0	1206	-0.0043224	-1.65892	0.00384618
0	0	1208	-0.00451358	-1.72637	0.00097341
0	0	1210	-0.00467133	-1.77533	-0.00171785
0	0	1212	-0.00479937	-1.80655	-0.00420327
0	0	1214	-0.00490695	-1.82137	-0.00665655
0	0	1216	-0.00500026	-1.82066	-0.00935858
0	0	1218	-0.00508364	-1.80414	-0.0125289
0	0	1220	-0.00515621	-1.7704	-0.016167
0	0	1222	-0.00520966	-1.71762	-0.0199884
0	0	1224	-0.00523178	-1.64479	-0.0234567
0	0	1226	-0.00520736	-1.55279	-0.0259713
0	0	1228	-0.00512662	-1.44463	-0.0271337
0	0	1230	-0.00498754	-1.32467	-0.0268363
0	0	1232	-0.00479911	-1.19755	-0.0252406
0	0	1234	-0.00457512	-1.0673	-0.0226464
0	0	1236	-0.00433163	-0.937087	-0.019416
0	0	1238	-0.00408422	-0.809276	-0.0159232
0	0	1240	-0.00383636	-0.68532	-0.0124511
0	0	1242	-0.00357958	-0.565808	-0.00921698
0	0	1244	-0.00329646	-0.450635	-0.0063135
0	0	1246	-0.00296643	-0.339289	-0.00374185
0	0	1248	-0.00257918	-0.230932	-0.00148958
0	0	1250	-0.00214179	-0.124573	0.00051194
0	0	1252	-0.00167538	-0.019201	0.00234739
0	0	1254	-0.00120272	0.0860524	0.00413
0	0	1256	-0.00074268	0.191763	0.00597424
0	0	1258	-0.0003041	0.298012	0.00798669
0	0	1260	0.00010794	0.403985	0.0102594
0	0	1262	0.00048649	0.507645	0.0127558
0	0	1264	0.00081871	0.605586	0.0152407
0	0	1266	0.00108242	0.69329	0.0172137
0	0	1268	0.00125071	0.765997	0.0179987
0	0	1270	0.00129741	0.819991	0.0169677
0	0	1272	0.00119915	0.85342	0.0137742
0	0	1274	0.00093253	0.866122	0.00838386
0	0	1276	0.00047633	0.858901	0.00082242
0	0	1278	-0.00018721	0.833209	-0.00895693
0	0	1280	-0.00105792	0.791541	-0.0208528
0	0	1282	-0.00210298	0.737929	-0.0342397
0	0	1284	-0.00324108	0.67758	-0.0479038
0	0	1286	-0.00434736	0.615665	-0.0603728
0	0	1288	-0.00528378	0.556126	-0.0704027
0	0	1290	-0.00593882	0.501302	-0.0772302
0	0	1292	-0.00626214	0.452151	-0.0805384
0	0	1294	-0.00626986	0.408783	-0.0803293
0	0	1296	-0.00602337	0.370878	-0.0768056
0	0	1298	-0.00560493	0.337866	-0.0702905
0	0	1300	-0.00509212	0.30901	-0.0611894
0	0	1302	-0.00454589	0.283441	-0.0499692
0	0	1304	-0.00400979	0.260226	-0.0371999
0	0	1306	-0.00351033	0.238443	-0.0236088
0	0	1308	-0.00306083	0.217328	-0.0100976
0	0	1310	-0.00266867	0.19648	0.00232315
0	0	1312	-0.00233477	0.175986	0.012763
0	0	1314	-0.00205638	0.156306	0.0207143
0	0	1316	-0.00182769	0.137985	0.0261589
0	0	1318	-0.00164058	0.121414	0.0294357
0	0	1320	-0.00148725	0.106752	0.0310315
0	0	1322	-0.00135997	0.093953	0.0314224
0	0	1324	-0.00125292	0.0828485	0.0310061
0	0	1326	-0.00116004	0.0732262	0.0300791
0	0	1328	-0.00107724	0.0648708	0.0288511
0	0	1330	-0.0010022	0.0575811	0.0274693
0	0	1332	-0.00093301	0.0511781	0.0260301
0	0	1334	-0.00086693	0.0455112	0.0245953
0	0	1336	-0.0008027	0.0404568	0.0232028
0	0	1338	-0.00074031	0.0359112	0.021873
0	0	1340	-0.00067886	0.03179	0.020615
0	0	1342	-0.00061862	0.0280262	0.0194272
0	0	1344	-0.00055937	0.0245657	0.0182997
0	0	1346	-0.00050092	0.0213704	0.0172195
0	0	1348	-0.00044414	0.0184134	0.0161609
0	0	1350	-0.00038914	0.0156792	0.015097
0	0	1352	-0.00033665	0.0131667	0.0139959
0	0	1354	-0.0002873	0.0108912	0.0128243
0	0	1356	-0.00024174	0.00887942	0.011562
0	0	1358	-0.00020077	0.00716266	0.0102111
0	0	1360	-0.00016471	0.005766	0.00880585
0	0	1362	-0.00013391	0.00469153	0.0074111
0	0	1364	-0.00010794	0.00391137	0.00609892
0	0	1366	-8.675e-05	0.0033741	0.00492643
0	0	1368	-6.94e-05	0.00302012	0.00392399
0	0	1370	-5.565e-05	0.00279519	0.00309522
0	0	1372	-4.506e-05	0.0026552	0.00242568
0	0	1374	-3.698e-05	0.00256972	0.00189328
0	0	1376	-2.996e-05	0.00251739	0.00147428
0	0	1378	-2.426e-05	0.00248585	0.00114678
0	0	1380	-1.994e-05	0.00246585	0.00089244
0	0	1382	-1.643e-05	0.00245173	0.00069513
0	0	1384	-1.406e-05	0.00244176	0.00054376
0	0	1386	-1.235e-05	0.00243309	0.00042813
0	0	1388	-1.129e-05	0.00242496	0.00034036
0	0	1390	-1.003e-05	0.00241592	0.00027574
0	0	1392	-8.25e-06	0.00240595	0.00022963
0	0	1394	-7.04e-06	0.00239371	0.00019838
0	0	1396	-7.01e-06	0.00237838	0.00018057
0	0	1398	-6.5e-06	0.00235864	0.00017461
0	0	1400	-5.84e-06	0.00233133	0.00017953
0	0	1402	-5.27e-06	0.00229304	0.00019522
0	0	1404	-4.8e-06	0.00224064	0.00021992
0	0	1406	-3.5e-06	0.00216813	0.00025209
0	0	1408	-2.34e-06	0.00207391	0.00029044
0	0	1410	-1.32e-06	0.0019585	0.00033169
0	0	1412	3.6e-07	0.00182736	0.00037091
0	0	1414	2.08e-06	0.00168894	0.00040549
0	0	1416	3.49e-06	0.00155158	0.00043377
0	0	1418	5.03e-06	0.00142287	0.0004561
0	0	1420	7.51e-06	0.00130651	0.00047215
0	0	1422	9.84e-06	0.00120345	0.00048367
0	0	1424	1.226e-05	0.00111372	0.00049186
0	0	1426	1.411e-05	0.00103616	0.0004974
0	0	1428	1.579e-05	0.00096971	0.00050021
0	0	1430	1.738e-05	0.00091177	0.00050111
0	0	1432	1.978e-05	0.00086127	0.00050042
0	0	1434	2.18e-05	0.00081732	0.00049891
0	0	1436	2.318e-05	0.00077899	0.00049697
0	0	1438	2.483e-05	0.00074539	0.00049411
0	0	1440	2.646e-05	0.00071544	0.00049021
0	0	1442	2.799e-05	0.00068886	0.00048668
0	0	1444	2.897e-05	0.00066522	0.00048234
0	0	1446	3.02e-05	0.00064337	0.00047666
0	0	1448	3.23e-05	0.00062389	0.00047184
0	0	1450	3.328e-05	0.00060565	0.00046697
0	0	1452	3.392e-05	0.00058916	0.00046116
0	0	1454	3.516e-05	0.0005742	0.00045515
0	0	1456	3.583e-05	0.0005599	0.00044986
0	0	1458	3.655e-05	0.00054638	0.00044321
0	0	1460	3.722e-05	0.00053377	0.00043736
0	0	1462	3.789e-05	0.00052173	0.00043163
0	0	1464	3.875e-05	0.00051049	0.00042547
0	0	1466	3.886e-05	0.00049985	0.00041928
0	0	1468	3.905e-05	0.00048975	0.00041272
0	0	1470	3.961e-05	0.00048002	0.00040643
0	0	1472	4.007e-05	0.00047051	0.00040035
0	0	1474	4.033e-05	0.0004613	0.00039381
0	0	1476	4.04e-05	0.00045221	0.00038767
0	0	1478	4.028e-05	0.00044286	0.00038184
0	0	1480	4.038e-05	0.00043416	0.00037554
0	0	1482	4.013e-05	0.00042609	0.00036943
0	0	1484	4.044e-05	0.00041821	0.00036381
0	0	1486	4.023e-05	0.00041031	0.00035766
0	0	1488	4.014e-05	0.00040205	0.00035167
0	0	1490	4.022e-05	0.00039403	0.0003459
0	0	1492	3.995e-05	0.00038635	0.00033982
0	0	1494	3.909e-05	0.00037931	0.00033411
0	0	1496	3.964e-05	0.00037162	0.00032892
0	0	1498	3.96e-05	0.00036388	0.00032343
0	0	1500	3.841e-05	0.00035646	0.00031771
0	0	1502	3.799e-05	0.00034989	0.00031248
0	0	1504	3.8e-05	0.00034366	0.00030768
0	0	1506	3.782e-05	0.00033685	0.00030209
0	0	1508	3.744e-05	0.00033047	0.00029741
0	0	1510	3.73e-05	0.00032374	0.00029277
0	0	1512	3.674e-05	0.00031715	0.00028752
0	0	1514	3.662e-05	0.00031123	0.00028239
0	0	1516	3.623e-05	0.00030498	0.00027779
0	0	1518	3.563e-05	0.00029915	0.0002729
0	0	1520	3.566e-05	0.00029338	0.00026804
0	0	1522	3.485e-05	0.00028714	0.00026313
0	0	1524	3.467e-05	0.00028109	0.00025891
0	0	1526	3.418e-05	0.00027512	0.00025517
0	0	1528	3.379e-05	0.0002694	0.0002504
0	0	1530	3.289e-05	0.00026427	0.00024623
0	0	1532	3.223e-05	0.00025872	0.00024235
0	0	1534	3.172e-05	0.00025352	0.00023808
0	0	1536	3.116e-05	0.00024859	0.00023461
0	0	1538	3.077e-05	0.00024353	0.00023037
0	0	1540	3.074e-05	0.00023803	0.00022602
0	0	1542	3.023e-05	0.00023303	0.00022213
0	0	1544	3.003e-05	0.00022818	0.0002182
0	0	1546	2.933e-05	0.00022329	0.0002145
0	0	1548	2.907e-05	0.0002192	0.0002113
0	0	1550	2.86e-05	0.0002151	0.00020813
0	0	1552	2.789e-05	0.0002106	0.00020488
0	0	1554	2.736e-05	0.00020582	0.00020174
0	0	1556	2.702e-05	0.00020109	0.00019874
0	0	1558	2.683e-05	0.00019705	0.00019532
0	0	1560	2.604e-05	0.00019319	0.00019231
0	0	1562	2.517e-05	0.0001891	0.00018881
0	0	1564	2.511e-05	0.00018576	0.00018592
0	0	1566	2.514e-05	0.00018204	0.00018363
0	0	1568	2.47e-05	0.0001779	0.00018055
0	0	1570	2.465e-05	0.00017404	0.00017767
0	0	1572	2.345e-05	0.00017063	0.00017512
0	0	1574	2.297e-05	0.00016733	0.00017231
0	0	1576	2.266e-05	0.00016399	0.00016917
0	0	1578	2.251e-05	0.00016104	0.00016682
0	0	1580	2.244e-05	0.00015757	0.00016456
0	0	1582	2.169e-05	0.00015408	0.00016226
0	0	1584	2.112e-05	0.00015107	0.0001597
0	0	1586	2.044e-05	0.00014836	0.00015713
0	0	1588	2.07e-05	0.00014522	0.00015486
0	0	1590	2.022e-05	0.00014206	0.00015249
0	0	1592	1.977e-05	0.00013939	0.00015058
0	0	1594	1.897e-05	0.00013686	0.00014837
0	0	1596	1.866e-05	0.00013412	0.00014536
0	0	1598	1.84e-05	0.00013092	0.00014331
0	0	1600	1.749e-05	0.0001284	0.00014165
0	0	1602	1.701e-05	0.00012604	0.00013982
0	0	1604	1.689e-05	0.00012368	0.00013725
0	0	1606	1.618e-05	0.0001209	0.0001353
0	0	1608	1.589e-05	0.00011855	0.00013312
0	0	1610	1.577e-05	0.00011645	0.00013138
0	0	1612	1.526e-05	0.0001142	0.00012951
0	0	1614	1.476e-05	0.00011196	0.00012788
0	0	1616	1.436e-05	0.00011045	0.00012624
0	0	1618	1.394e-05	0.00010816	0.00012454
0	0	1620	1.309e-05	0.00010603	0.00012248
0	0	1622	1.261e-05	0.00010351	0.00012128
0	0	1624	1.234e-05	0.00010177	0.00012003
0	0	1626	1.158e-05	9.972e-05	0.00011754
0	0	1628	1.167e-05	9.778e-05	0.00011604
0	0	1630	1.159e-05	9.57e-05	0.00011481
0	0	1632	1.122e-05	9.452e-05	0.0001134
0	0	1634	1.084e-05	9.257e-05	0.00011143
0	0	1636	1.054e-05	9.046e-05	0.00011039
0	0	1638	9.96e-06	8.861e-05	0.00010854
0	0	1640	9.53e-06	8.74e-05	0.00010758
0	0	1642	8.81e-06	8.593e-05	0.00010559
0	0	1644	8.43e-06	8.405e-05	0.00010417
0	0	1646	8.35e-06	8.21e-05	0.00010292
0	0	1648	7.67e-06	8.131e-05	0.00010135
0	0	1650	7.09e-06	7.989e-05	0.00010004
