X[mm]	Y[mm]	Z[mm]	Bx[T]	By[T]	Bz[T]
----------------------------------------------------------------------------------------------------------------------------------------------------------------
0	0	-1650	5.85e-06	-0.00017463	-5.001e-05
0	0	-1648	6.38e-06	-0.00017835	-5.172e-05
0	0	-1646	6.8e-06	-0.00018267	-5.264e-05
0	0	-1644	7.35e-06	-0.00018688	-5.336e-05
0	0	-1642	7.01e-06	-0.00019133	-5.42e-05
0	0	-1640	6.89e-06	-0.00019584	-5.513e-05
0	0	-1638	6.9e-06	-0.00019991	-5.618e-05
0	0	-1636	6.49e-06	-0.00020459	-5.733e-05
0	0	-1634	7.02e-06	-0.0002095	-5.848e-05
0	0	-1632	7.26e-06	-0.00021419	-5.955e-05
0	0	-1630	7.31e-06	-0.0002196	-6.045e-05
0	0	-1628	8.03e-06	-0.00022453	-6.177e-05
0	0	-1626	8.05e-06	-0.00022982	-6.267e-05
0	0	-1624	8.33e-06	-0.00023546	-6.33e-05
0	0	-1622	8.52e-06	-0.00024064	-6.446e-05
0	0	-1620	8.41e-06	-0.00024616	-6.566e-05
0	0	-1618	8.41e-06	-0.00025235	-6.736e-05
0	0	-1616	8.24e-06	-0.0002582	-6.822e-05
0	0	-1614	8.52e-06	-0.00026393	-6.95e-05
0	0	-1612	8.69e-06	-0.00027023	-7.057e-05
0	0	-1610	8.87e-06	-0.00027692	-7.204e-05
0	0	-1608	8.91e-06	-0.00028367	-7.334e-05
0	0	-1606	9.45e-06	-0.00029072	-7.504e-05
0	0	-1604	9.55e-06	-0.00029845	-7.64e-05
0	0	-1602	9.51e-06	-0.00030576	-7.795e-05
0	0	-1600	9.83e-06	-0.00031312	-7.945e-05
0	0	-1598	9.82e-06	-0.00032059	-8.071e-05
0	0	-1596	1.019e-05	-0.00032828	-8.231e-05
0	0	-1594	1.005e-05	-0.00033675	-8.375e-05
0	0	-1592	1e-05	-0.00034486	-8.572e-05
0	0	-1590	1.051e-05	-0.00035383	-8.74e-05
0	0	-1588	1.035e-05	-0.00036298	-8.891e-05
0	0	-1586	1.115e-05	-0.00037203	-9.098e-05
0	0	-1584	1.188e-05	-0.00038124	-9.275e-05
0	0	-1582	1.219e-05	-0.0003911	-9.432e-05
0	0	-1580	1.177e-05	-0.00040133	-9.599e-05
0	0	-1578	1.245e-05	-0.00041206	-9.732e-05
0	0	-1576	1.28e-05	-0.00042248	-9.93e-05
0	0	-1574	1.246e-05	-0.00043375	-0.00010163
0	0	-1572	1.264e-05	-0.00044501	-0.00010351
0	0	-1570	1.311e-05	-0.00045674	-0.00010559
0	0	-1568	1.348e-05	-0.00046915	-0.00010759
0	0	-1566	1.35e-05	-0.00048178	-0.00011014
0	0	-1564	1.392e-05	-0.0004947	-0.00011214
0	0	-1562	1.421e-05	-0.00050778	-0.00011446
0	0	-1560	1.438e-05	-0.00052137	-0.0001166
0	0	-1558	1.452e-05	-0.00053528	-0.00011838
0	0	-1556	1.461e-05	-0.00055028	-0.00012046
0	0	-1554	1.524e-05	-0.00056547	-0.00012283
0	0	-1552	1.543e-05	-0.00058128	-0.00012548
0	0	-1550	1.551e-05	-0.00059738	-0.00012791
0	0	-1548	1.579e-05	-0.00061385	-0.00013063
0	0	-1546	1.609e-05	-0.00063175	-0.00013316
0	0	-1544	1.633e-05	-0.00064949	-0.00013594
0	0	-1542	1.649e-05	-0.00066768	-0.00013818
0	0	-1540	1.685e-05	-0.00068659	-0.0001407
0	0	-1538	1.724e-05	-0.00070663	-0.00014371
0	0	-1536	1.764e-05	-0.00072736	-0.00014642
0	0	-1534	1.825e-05	-0.0007486	-0.00014934
0	0	-1532	1.815e-05	-0.00077113	-0.00015234
0	0	-1530	1.894e-05	-0.00079414	-0.0001554
0	0	-1528	1.914e-05	-0.00081757	-0.00015819
0	0	-1526	1.905e-05	-0.0008418	-0.00016133
0	0	-1524	1.917e-05	-0.00086753	-0.00016438
0	0	-1522	1.997e-05	-0.00089404	-0.00016793
0	0	-1520	2.001e-05	-0.00092188	-0.00017094
0	0	-1518	2.039e-05	-0.00095041	-0.00017374
0	0	-1516	2.058e-05	-0.00097984	-0.00017719
0	0	-1514	2.028e-05	-0.00101109	-0.00018075
0	0	-1512	2.095e-05	-0.00104332	-0.00018415
0	0	-1510	2.196e-05	-0.00107678	-0.00018747
0	0	-1508	2.19e-05	-0.00111102	-0.00019042
0	0	-1506	2.146e-05	-0.00114676	-0.00019447
0	0	-1504	2.212e-05	-0.00118482	-0.00019848
0	0	-1502	2.24e-05	-0.00122447	-0.00020172
0	0	-1500	2.196e-05	-0.00126553	-0.0002053
0	0	-1498	2.203e-05	-0.0013081	-0.00020897
0	0	-1496	2.266e-05	-0.00135309	-0.00021313
0	0	-1494	2.238e-05	-0.00140016	-0.00021644
0	0	-1492	2.274e-05	-0.00144895	-0.00022021
0	0	-1490	2.306e-05	-0.00150005	-0.00022441
0	0	-1488	2.324e-05	-0.00155426	-0.00022832
0	0	-1486	2.296e-05	-0.00161092	-0.00023214
0	0	-1484	2.332e-05	-0.00167021	-0.00023591
0	0	-1482	2.342e-05	-0.00173214	-0.00023962
0	0	-1480	2.33e-05	-0.00179757	-0.00024356
0	0	-1478	2.322e-05	-0.0018669	-0.00024792
0	0	-1476	2.313e-05	-0.00194036	-0.00025165
0	0	-1474	2.313e-05	-0.00201756	-0.0002554
0	0	-1472	2.257e-05	-0.00209899	-0.000259
0	0	-1470	2.245e-05	-0.00218511	-0.00026315
0	0	-1468	2.234e-05	-0.00227687	-0.00026679
0	0	-1466	2.17e-05	-0.00237459	-0.00027041
0	0	-1464	2.12e-05	-0.00247903	-0.00027348
0	0	-1462	2.084e-05	-0.00259029	-0.00027694
0	0	-1460	2.063e-05	-0.00270918	-0.0002804
0	0	-1458	2.033e-05	-0.00283624	-0.00028307
0	0	-1456	1.983e-05	-0.00297351	-0.00028586
0	0	-1454	1.864e-05	-0.0031211	-0.00028851
0	0	-1452	1.824e-05	-0.00328129	-0.00029147
0	0	-1450	1.743e-05	-0.00345481	-0.00029352
0	0	-1448	1.643e-05	-0.00364352	-0.00029534
0	0	-1446	1.553e-05	-0.00384979	-0.00029679
0	0	-1444	1.413e-05	-0.00407496	-0.00029847
0	0	-1442	1.283e-05	-0.00432316	-0.00030003
0	0	-1440	1.112e-05	-0.00459816	-0.00029995
0	0	-1438	9.3e-06	-0.00490333	-0.00029966
0	0	-1436	7.56e-06	-0.00524403	-0.00029876
0	0	-1434	5.66e-06	-0.00562588	-0.0002978
0	0	-1432	3.7e-06	-0.0060556	-0.00029602
0	0	-1430	1.33e-06	-0.00654214	-0.00029352
0	0	-1428	-1.01e-06	-0.00709586	-0.00029011
0	0	-1426	-3.78e-06	-0.00772664	-0.0002857
0	0	-1424	-7.33e-06	-0.00844581	-0.00028028
0	0	-1422	-1.097e-05	-0.00926474	-0.00027403
0	0	-1420	-1.529e-05	-0.0101901	-0.00026715
0	0	-1418	-1.935e-05	-0.0112228	-0.00025981
0	0	-1416	-2.439e-05	-0.0123441	-0.00025174
0	0	-1414	-3.009e-05	-0.0135163	-0.00024111
0	0	-1412	-3.542e-05	-0.0146799	-0.00022776
0	0	-1410	-4.044e-05	-0.0157596	-0.00020977
0	0	-1408	-4.551e-05	-0.0166891	-0.00018817
0	0	-1406	-4.965e-05	-0.0174293	-0.00016403
0	0	-1404	-5.302e-05	-0.0179796	-0.00014095
0	0	-1402	-5.581e-05	-0.0183668	-0.00012113
0	0	-1400	-5.826e-05	-0.0186277	-0.00010839
0	0	-1398	-6.039e-05	-0.0187997	-0.00010416
0	0	-1396	-6.221e-05	-0.0189108	-0.00011021
0	0	-1394	-6.424e-05	-0.0189827	-0.00012742
0	0	-1392	-6.635e-05	-0.0190304	-0.00015733
0	0	-1390	-6.791e-05	-0.0190624	-0.00020259
0	0	-1388	-6.985e-05	-0.0190836	-0.00026612
0	0	-1386	-7.219e-05	-0.0190988	-0.00035214
0	0	-1384	-7.454e-05	-0.0191109	-0.00046661
0	0	-1382	-7.809e-05	-0.0191204	-0.00061711
0	0	-1380	-8.254e-05	-0.0191285	-0.00081201
0	0	-1378	-8.793e-05	-0.0191358	-0.00106446
0	0	-1376	-9.407e-05	-0.019144	-0.00138958
0	0	-1374	-0.00010171	-0.0191528	-0.00180532
0	0	-1372	-0.00011181	-0.0191647	-0.00233416
0	0	-1370	-0.00012419	-0.0191813	-0.0029965
0	0	-1368	-0.00013955	-0.0192086	-0.00381318
0	0	-1366	-0.00015833	-0.0192563	-0.00479483
0	0	-1364	-0.00018087	-0.0193416	-0.00593311
0	0	-1362	-0.00020713	-0.0194968	-0.00719617
0	0	-1360	-0.00023753	-0.0197676	-0.00852599
0	0	-1358	-0.00027229	-0.0202105	-0.00985499
0	0	-1356	-0.00031071	-0.0208822	-0.0111278
0	0	-1354	-0.0003522	-0.0218267	-0.0123167
0	0	-1352	-0.00039766	-0.0230695	-0.0134214
0	0	-1350	-0.00044726	-0.0246236	-0.0144619
0	0	-1348	-0.00049979	-0.0264919	-0.015466
0	0	-1346	-0.00055637	-0.0286788	-0.016461
0	0	-1344	-0.00061725	-0.0311942	-0.017469
0	0	-1342	-0.00068326	-0.0340563	-0.0185058
0	0	-1340	-0.00075491	-0.0372936	-0.0195799
0	0	-1338	-0.00083209	-0.0409481	-0.0206915
0	0	-1336	-0.0009155	-0.0450772	-0.0218319
0	0	-1334	-0.00100638	-0.0497513	-0.0229817
0	0	-1332	-0.00110654	-0.0550596	-0.0241079
0	0	-1330	-0.00121618	-0.0611103	-0.0251581
0	0	-1328	-0.00133719	-0.0680301	-0.0260538
0	0	-1326	-0.00147064	-0.0759644	-0.0266844
0	0	-1324	-0.00161912	-0.0850723	-0.0268966
0	0	-1322	-0.00178406	-0.0955205	-0.0264822
0	0	-1320	-0.00196808	-0.107458	-0.0251722
0	0	-1318	-0.00217389	-0.120986	-0.022638
0	0	-1316	-0.00240569	-0.136122	-0.0185199
0	0	-1314	-0.00266798	-0.152759	-0.0124872
0	0	-1312	-0.00296574	-0.170667	-0.00434903
0	0	-1310	-0.00330765	-0.189566	0.00582831
0	0	-1308	-0.00370328	-0.209286	0.0176632
0	0	-1306	-0.00416211	-0.229926	0.0305129
0	0	-1304	-0.00468687	-0.25192	0.0436211
0	0	-1302	-0.00527244	-0.275992	0.0562569
0	0	-1300	-0.00589879	-0.303036	0.0677948
0	0	-1298	-0.00652634	-0.333982	0.0777223
0	0	-1296	-0.0070929	-0.369715	0.0856128
0	0	-1294	-0.00751596	-0.411018	0.0911051
0	0	-1292	-0.00770691	-0.45848	0.0938939
0	0	-1290	-0.007597	-0.512399	0.0937245
0	0	-1288	-0.00716776	-0.572521	0.0903722
0	0	-1286	-0.00647344	-0.637563	0.0836504
0	0	-1284	-0.00562606	-0.704667	0.0735625
0	0	-1282	-0.00475542	-0.76924	0.0605083
0	0	-1280	-0.00396111	-0.825643	0.0454462
0	0	-1278	-0.00329199	-0.868589	0.0296905
0	0	-1276	-0.00275333	-0.894328	0.0143667
0	0	-1274	-0.00232089	-0.900679	5.224e-05
0	0	-1272	-0.00196138	-0.88625	-0.013056
0	0	-1270	-0.0016374	-0.850082	-0.0247179
0	0	-1268	-0.00131187	-0.792163	-0.0344214
0	0	-1266	-0.00095699	-0.714286	-0.0415914
0	0	-1264	-0.00055981	-0.62025	-0.0460077
0	0	-1262	-0.00012379	-0.515036	-0.0479789
0	0	-1260	0.0003386	-0.403442	-0.0481867
0	0	-1258	0.00081799	-0.289062	-0.0473659
0	0	-1256	0.00130804	-0.174015	-0.0461283
0	0	-1254	0.00180726	-0.0591836	-0.0448452
0	0	-1252	0.00231359	0.0551992	-0.0436418
0	0	-1250	0.00282617	0.169016	-0.0425436
0	0	-1248	0.0033357	0.282128	-0.041631
0	0	-1246	0.00383419	0.394808	-0.0410897
0	0	-1244	0.00431752	0.508165	-0.0410586
0	0	-1242	0.0047849	0.623982	-0.0414418
0	0	-1240	0.00523696	0.743814	-0.0419502
0	0	-1238	0.00567216	0.868157	-0.0421806
0	0	-1236	0.00608299	0.996036	-0.041725
0	0	-1234	0.00645722	1.12505	-0.0403063
0	0	-1232	0.00678101	1.25193	-0.0378706
0	0	-1230	0.0070423	1.37322	-0.034534
0	0	-1228	0.00723629	1.48565	-0.0304091
0	0	-1226	0.00736164	1.58592	-0.0255696
0	0	-1224	0.00741887	1.67066	-0.0202027
0	0	-1222	0.00741623	1.73733	-0.0147049
0	0	-1220	0.00736498	1.7851	-0.00948838
0	0	-1218	0.00728045	1.81483	-0.00470176
0	0	-1216	0.00717538	1.82804	-0.00016386
0	0	-1214	0.00705775	1.82573	0.00450627
0	0	-1212	0.00693283	1.80778	0.00967343
0	0	-1210	0.00680515	1.77304	0.0154836
0	0	-1208	0.00667747	1.72014	0.0217313
0	0	-1206	0.00655246	1.64865	0.0278784
0	0	-1204	0.00642379	1.55993	0.033241
0	0	-1202	0.00627587	1.45721	0.0372868
0	0	-1200	0.00608548	1.34468	0.0397574
0	0	-1198	0.00582866	1.22673	0.0406625
0	0	-1196	0.00549582	1.10745	0.0402275
0	0	-1194	0.00508797	0.990144	0.0387602
0	0	-1192	0.00461319	0.877188	0.0366196
0	0	-1190	0.00408396	0.769947	0.034146
0	0	-1188	0.00351593	0.66894	0.0315996
0	0	-1186	0.00292229	0.574026	0.0291306
0	0	-1184	0.00231531	0.484651	0.0268184
0	0	-1182	0.00170243	0.400115	0.0247295
0	0	-1180	0.00109092	0.319661	0.0228991
0	0	-1178	0.00048483	0.242496	0.0213219
0	0	-1176	-0.00011466	0.167855	0.0199872
0	0	-1174	-0.00070671	0.0950337	0.0188913
0	0	-1172	-0.00129186	0.0233558	0.0180215
0	0	-1170	-0.00186946	-0.0478403	0.0173558
0	0	-1168	-0.00243781	-0.119196	0.0168708
0	0	-1166	-0.00299599	-0.191358	0.0165507
0	0	-1164	-0.00354037	-0.265016	0.0163749
0	0	-1162	-0.00406568	-0.340887	0.0163314
0	0	-1160	-0.00456542	-0.419727	0.0164135
0	0	-1158	-0.00503581	-0.50231	0.0166336
0	0	-1156	-0.00547549	-0.589434	0.0170038
0	0	-1154	-0.00588561	-0.681848	0.0175195
0	0	-1152	-0.00626876	-0.780191	0.0181474
0	0	-1150	-0.0066231	-0.884867	0.0187972
0	0	-1148	-0.00694553	-0.9958	0.0193508
0	0	-1146	-0.00722583	-1.11221	0.0196212
0	0	-1144	-0.00745356	-1.23235	0.0193968
0	0	-1142	-0.00761791	-1.3535	0.0185147
0	0	-1140	-0.00771273	-1.47196	0.0168574
0	0	-1138	-0.00774023	-1.58344	0.0144181
0	0	-1136	-0.00771388	-1.68349	0.0113152
0	0	-1134	-0.00765113	-1.76819	0.00783903
0	0	-1132	-0.0075667	-1.83498	0.00440935
0	0	-1130	-0.00746977	-1.88317	0.00133927
0	0	-1128	-0.00736529	-1.91347	-0.00130962
0	0	-1126	-0.00725045	-1.92715	-0.00372616
0	0	-1124	-0.00712305	-1.92499	-0.00622337
0	0	-1122	-0.0069754	-1.90679	-0.00907157
0	0	-1120	-0.00679638	-1.87145	-0.0123219
0	0	-1118	-0.00657302	-1.81772	-0.0157355
0	0	-1116	-0.00629119	-1.74529	-0.0188576
0	0	-1114	-0.00594329	-1.65555	-0.0212149
0	0	-1112	-0.00552802	-1.55164	-0.0225557
0	0	-1110	-0.00505278	-1.43768	-0.0229096
0	0	-1108	-0.00453224	-1.31802	-0.0224879
0	0	-1106	-0.00398144	-1.19665	-0.0215243
0	0	-1104	-0.00341653	-1.07689	-0.0202553
0	0	-1102	-0.00285418	-0.961179	-0.0189379
0	0	-1100	-0.00230457	-0.850991	-0.0177724
0	0	-1098	-0.00177515	-0.746896	-0.0168769
0	0	-1096	-0.00126578	-0.648812	-0.0162773
0	0	-1094	-0.0007739	-0.556278	-0.0159631
0	0	-1092	-0.00029287	-0.468632	-0.0158928
0	0	-1090	0.0001824	-0.38514	-0.0160015
0	0	-1088	0.0006542	-0.305064	-0.0162562
0	0	-1086	0.00112425	-0.227671	-0.0166391
0	0	-1084	0.00159112	-0.15227	-0.0171719
0	0	-1082	0.00205125	-0.0781614	-0.0178742
0	0	-1080	0.00250116	-0.00465741	-0.0187598
0	0	-1078	0.00293841	0.0689216	-0.0198501
0	0	-1076	0.00336062	0.143272	-0.0211375
0	0	-1074	0.00376652	0.219077	-0.0226101
0	0	-1072	0.00415229	0.297041	-0.024245
0	0	-1070	0.00451598	0.37789	-0.0260379
0	0	-1068	0.00485611	0.462395	-0.0280005
0	0	-1066	0.00517415	0.55132	-0.0301332
0	0	-1064	0.00547332	0.645418	-0.0324075
0	0	-1062	0.00575772	0.745389	-0.034739
0	0	-1060	0.00602882	0.851698	-0.0369974
0	0	-1058	0.00628302	0.964284	-0.0389754
0	0	-1056	0.00651221	1.0824	-0.0403597
0	0	-1054	0.00670584	1.20437	-0.0408061
0	0	-1052	0.00684866	1.3274	-0.0400344
0	0	-1050	0.00692964	1.4477	-0.037868
0	0	-1048	0.00694524	1.56089	-0.0342719
0	0	-1046	0.00689798	1.66245	-0.0294223
0	0	-1044	0.00679552	1.74838	-0.0237597
0	0	-1042	0.00664821	1.81614	-0.0178316
0	0	-1040	0.00647018	1.86508	-0.0120989
0	0	-1038	0.00626896	1.89601	-0.00675342
0	0	-1036	0.00604895	1.91029	-0.00170086
0	0	-1034	0.00580934	1.90882	0.00332817
0	0	-1032	0.00554749	1.89149	0.00859283
0	0	-1030	0.00525802	1.85728	0.0141685
0	0	-1028	0.00494177	1.80492	0.0198475
0	0	-1026	0.00459884	1.73399	0.0251609
0	0	-1024	0.00422988	1.64567	0.0295737
0	0	-1022	0.00383824	1.54291	0.0327279
0	0	-1020	0.00342967	1.42976	0.0345403
0	0	-1018	0.00301099	1.31054	0.0351026
0	0	-1016	0.00259291	1.1893	0.03462
0	0	-1014	0.00218619	1.06948	0.0333839
0	0	-1012	0.00179353	0.953574	0.0317124
0	0	-1010	0.00141455	0.843068	0.0298993
0	0	-1008	0.00104576	0.738604	0.0281406
0	0	-1006	0.00068119	0.640151	0.0265418
0	0	-1004	0.00031398	0.547253	0.0251504
0	0	-1002	-6.047e-05	0.459249	0.0239739
0	0	-1000	-0.00044255	0.375427	0.0230114
0	0	-998	-0.00083001	0.295031	0.0222443
0	0	-996	-0.00122006	0.217307	0.0216612
0	0	-994	-0.00160784	0.141548	0.0212684
0	0	-992	-0.00199173	0.0670791	0.0210659
0	0	-990	-0.00237335	-0.00678435	0.021043
0	0	-988	-0.00275658	-0.0807161	0.0211766
0	0	-986	-0.00314607	-0.155376	0.0214737
0	0	-984	-0.0035439	-0.231443	0.0219353
0	0	-982	-0.00394872	-0.309645	0.0225457
0	0	-980	-0.00435371	-0.390726	0.0233116
0	0	-978	-0.00474742	-0.475453	0.0242467
0	0	-976	-0.00511958	-0.56461	0.0253612
0	0	-974	-0.00546052	-0.658984	0.0266191
0	0	-972	-0.00576489	-0.759253	0.0279692
0	0	-970	-0.00603207	-0.865851	0.029327
0	0	-968	-0.00626524	-0.978758	0.0305257
0	0	-966	-0.00646803	-1.09724	0.0313342
0	0	-964	-0.00664074	-1.21957	0.0314785
0	0	-962	-0.00678069	-1.34292	0.0307523
0	0	-960	-0.0068842	-1.46351	0.0290048
0	0	-958	-0.0069486	-1.57691	0.0261686
0	0	-956	-0.00697846	-1.67859	0.0223538
0	0	-954	-0.00697784	-1.76459	0.0178704
0	0	-952	-0.00694794	-1.83241	0.0131704
0	0	-950	-0.0068865	-1.88139	0.00863708
0	0	-948	-0.0067957	-1.91232	0.00442479
0	0	-946	-0.00667379	-1.92648	0.00042391
0	0	-944	-0.00652021	-1.92467	-0.00363907
0	0	-942	-0.00633077	-1.90669	-0.00803159
0	0	-940	-0.00609626	-1.87136	-0.0128512
0	0	-938	-0.00580229	-1.81732	-0.0179029
0	0	-936	-0.00543449	-1.74403	-0.0227439
0	0	-934	-0.00498344	-1.65279	-0.0268417
0	0	-932	-0.00445116	-1.54673	-0.0298166
0	0	-930	-0.00385286	-1.43019	-0.0315541
0	0	-928	-0.00321208	-1.30778	-0.0321577
0	0	-926	-0.00255717	-1.18366	-0.0318324
0	0	-924	-0.00191384	-1.06122	-0.0308093
0	0	-922	-0.00129976	-0.942931	-0.0293417
0	0	-920	-0.00072921	-0.830314	-0.0276617
0	0	-918	-0.00020772	-0.724082	-0.0259221
0	0	-916	0.00026062	-0.624413	-0.0242058
0	0	-914	0.00067069	-0.531186	-0.0225813
0	0	-912	0.00102034	-0.444008	-0.0211702
0	0	-910	0.00131175	-0.362095	-0.0200751
0	0	-908	0.00155454	-0.284355	-0.0193341
0	0	-906	0.00176313	-0.209629	-0.0188986
0	0	-904	0.00195445	-0.13691	-0.0186819
0	0	-902	0.00214432	-0.0653621	-0.0185994
0	0	-900	0.00234663	0.00570864	-0.0185822
0	0	-898	0.00257459	0.0768878	-0.0186258
0	0	-896	0.00284131	0.148764	-0.0187721
0	0	-894	0.00315971	0.22204	-0.0190948
0	0	-892	0.00354024	0.297568	-0.0196802
0	0	-890	0.00399018	0.376383	-0.0205862
0	0	-888	0.00451053	0.459627	-0.0217982
0	0	-886	0.00509518	0.548334	-0.0232268
0	0	-884	0.00572776	0.643203	-0.0247677
0	0	-882	0.00638083	0.744582	-0.0263374
0	0	-880	0.00702293	0.852529	-0.0278418
0	0	-878	0.00762155	0.966744	-0.0291536
0	0	-876	0.00814821	1.08635	-0.0300671
0	0	-874	0.00858289	1.20963	-0.0303196
0	0	-872	0.00891132	1.33388	-0.029658
0	0	-870	0.0091307	1.45544	-0.0278994
0	0	-868	0.00924679	1.56992	-0.0249825
0	0	-866	0.00927099	1.67268	-0.021028
0	0	-864	0.00922046	1.75956	-0.016394
0	0	-862	0.00911577	1.82787	-0.0116106
0	0	-860	0.00897469	1.87692	-0.00711167
0	0	-858	0.00880814	1.90763	-0.00305562
0	0	-856	0.0086209	1.92145	0.00069193
0	0	-854	0.00840966	1.91935	0.00442617
0	0	-852	0.00816734	1.90128	0.00841122
0	0	-850	0.0078903	1.86625	0.0127167
0	0	-848	0.00757804	1.81306	0.0171511
0	0	-846	0.00723025	1.74126	0.0212854
0	0	-844	0.00684714	1.65207	0.0246594
0	0	-842	0.00642249	1.54841	0.026971
0	0	-840	0.00594879	1.43436	0.0281607
0	0	-838	0.0054238	1.31432	0.0283515
0	0	-836	0.00485463	1.19235	0.027729
0	0	-834	0.00425307	1.07184	0.0265273
0	0	-832	0.00363397	0.955356	0.0250037
0	0	-830	0.00301096	0.844394	0.0233823
0	0	-828	0.00239592	0.739561	0.0218306
0	0	-826	0.00179822	0.640819	0.0204502
0	0	-824	0.00122585	0.54773	0.019291
0	0	-822	0.00068105	0.459622	0.0183593
0	0	-820	0.00016341	0.375735	0.017649
0	0	-818	-0.00033049	0.295308	0.0171512
0	0	-816	-0.00080891	0.217603	0.0168463
0	0	-814	-0.0012791	0.141905	0.0167169
0	0	-812	-0.00174834	0.0675276	0.0167598
0	0	-810	-0.00222129	-0.00621422	0.0169692
0	0	-808	-0.00270026	-0.0799872	0.0173461
0	0	-806	-0.00318377	-0.15446	0.0178889
0	0	-804	-0.00366862	-0.230312	0.0186098
0	0	-802	-0.00414796	-0.308267	0.0195073
0	0	-800	-0.00461069	-0.389074	0.0205811
0	0	-798	-0.00504379	-0.473488	0.0218352
0	0	-796	-0.0054339	-0.5623	0.023254
0	0	-794	-0.0057687	-0.656304	0.0248047
0	0	-792	-0.00603726	-0.756167	0.0264096
0	0	-790	-0.00623013	-0.862286	0.0279646
0	0	-788	-0.0063439	-0.97461	0.0292995
0	0	-786	-0.00637389	-1.0924	0.0301724
0	0	-784	-0.00632023	-1.21394	0.0303294
0	0	-782	-0.00618861	-1.3364	0.0295492
0	0	-780	-0.00599314	-1.45608	0.0276838
0	0	-778	-0.005754	-1.56863	0.0247026
0	0	-776	-0.00550037	-1.66951	0.0207574
0	0	-774	-0.0052614	-1.75479	0.0162039
0	0	-772	-0.00506042	-1.82194	0.0115037
0	0	-770	-0.00491133	-1.87035	0.00702788
0	0	-768	-0.00481985	-1.9008	0.00289404
0	0	-766	-0.00479115	-1.91463	-0.00104013
0	0	-764	-0.00482645	-1.91266	-0.0050584
0	0	-762	-0.00492241	-1.89473	-0.00940404
0	0	-760	-0.00507421	-1.85979	-0.0141196
0	0	-758	-0.00526814	-1.80657	-0.018941
0	0	-756	-0.00548061	-1.73466	-0.0233661
0	0	-754	-0.0056837	-1.64533	-0.026883
0	0	-752	-0.0058531	-1.54162	-0.0291988
0	0	-750	-0.00596801	-1.42762	-0.0303016
0	0	-748	-0.00601386	-1.30772	-0.0303266
0	0	-746	-0.00598805	-1.18597	-0.0294993
0	0	-744	-0.00589374	-1.06579	-0.0280886
0	0	-742	-0.00573487	-0.949649	-0.0263602
0	0	-740	-0.005516	-0.839067	-0.0245683
0	0	-738	-0.00523916	-0.73463	-0.0228723
0	0	-736	-0.00490747	-0.636295	-0.0213699
0	0	-734	-0.00452552	-0.543606	-0.0201021
0	0	-732	-0.00409836	-0.455902	-0.0190732
0	0	-730	-0.00363633	-0.372416	-0.0182832
0	0	-728	-0.0031493	-0.292364	-0.0177181
0	0	-726	-0.0026519	-0.214981	-0.0173691
0	0	-724	-0.00215435	-0.139541	-0.017223
0	0	-722	-0.00166372	-0.0653386	-0.0172788
0	0	-720	-0.00118296	0.00831895	-0.0175286
0	0	-718	-0.00071128	0.0820861	-0.0179596
0	0	-716	-0.00024481	0.156608	-0.0185711
0	0	-714	0.00022305	0.232575	-0.0193543
0	0	-712	0.0007013	0.310706	-0.0203038
0	0	-710	0.00119898	0.391718	-0.0214211
0	0	-708	0.00172599	0.476365	-0.0226985
0	0	-706	0.00229014	0.565444	-0.024116
0	0	-704	0.00289565	0.659708	-0.0256343
0	0	-702	0.00354023	0.759801	-0.0271796
0	0	-700	0.00421462	0.866137	-0.0286273
0	0	-698	0.00490508	0.978683	-0.0297874
0	0	-696	0.00558977	1.09665	-0.0304424
0	0	-694	0.00623909	1.21832	-0.0303379
0	0	-692	0.00682129	1.34089	-0.0292874
0	0	-690	0.00730489	1.46068	-0.0271867
0	0	-688	0.00766895	1.57334	-0.0240474
0	0	-686	0.00791331	1.6744	-0.0200512
0	0	-684	0.00804837	1.75993	-0.0155476
0	0	-682	0.00809731	1.8274	-0.0109939
0	0	-680	0.00808175	1.87616	-0.00673443
0	0	-678	0.00801631	1.90697	-0.00286509
0	0	-676	0.00791029	1.92112	0.00076403
0	0	-674	0.00776956	1.91948	0.00443603
0	0	-672	0.00759861	1.90191	0.00839527
0	0	-670	0.00740235	1.86737	0.0126955
0	0	-668	0.00718967	1.81465	0.0171249
0	0	-666	0.0069629	1.74332	0.0212537
0	0	-664	0.00671957	1.65458	0.0246347
0	0	-662	0.00644684	1.55136	0.0270037
0	0	-660	0.00613076	1.43773	0.0283317
0	0	-658	0.00575982	1.31801	0.0287401
0	0	-656	0.00533161	1.19628	0.0283983
0	0	-654	0.00485576	1.07596	0.0275121
0	0	-652	0.0043457	0.959628	0.0263306
0	0	-650	0.00381457	0.848812	0.025075
0	0	-648	0.00327397	0.744115	0.0238932
0	0	-646	0.00273357	0.645511	0.0228653
0	0	-644	0.00219919	0.552572	0.0220332
0	0	-642	0.00167243	0.464611	0.0213985
0	0	-640	0.00115461	0.380867	0.0209424
0	0	-638	0.0006472	0.300589	0.0206555
0	0	-636	0.00015159	0.223044	0.0205238
0	0	-634	-0.00033112	0.147497	0.0205371
0	0	-632	-0.00080221	0.0732394	0.02069
0	0	-630	-0.0012608	-0.00041155	0.0209697
0	0	-628	-0.00170298	-0.0741141	0.0213718
0	0	-626	-0.00212618	-0.148536	0.0218974
0	0	-624	-0.00252716	-0.224372	0.0225627
0	0	-622	-0.00290544	-0.30234	0.0233898
0	0	-620	-0.00326529	-0.383191	0.0243821
0	0	-618	-0.00361127	-0.467709	0.0255386
0	0	-616	-0.00395022	-0.556718	0.0268197
0	0	-614	-0.0042871	-0.651031	0.0281692
0	0	-612	-0.00462587	-0.751322	0.0294947
0	0	-610	-0.00496704	-0.858046	0.0306471
0	0	-608	-0.005306	-0.971202	0.0314354
0	0	-606	-0.00563377	-1.09005	0.0316234
0	0	-604	-0.00593928	-1.21283	0.0309762
0	0	-602	-0.00621034	-1.33669	0.0293247
0	0	-600	-0.00643753	-1.45783	0.0266054
0	0	-598	-0.00661671	-1.57182	0.0229351
0	0	-596	-0.00675252	-1.6741	0.0185551
0	0	-594	-0.006855	-1.76071	0.013863
0	0	-592	-0.00693431	-1.82913	0.00930775
0	0	-590	-0.00699286	-1.87868	0.0051941
0	0	-588	-0.00703495	-1.91014	0.00157058
0	0	-586	-0.0070619	-1.92479	-0.00176701
0	0	-584	-0.00707675	-1.9235	-0.00513188
0	0	-582	-0.00707717	-1.90608	-0.00878694
0	0	-580	-0.00705677	-1.87143	-0.0127862
0	0	-578	-0.0070025	-1.8182	-0.0168983
0	0	-576	-0.00689721	-1.74589	-0.0206507
0	0	-574	-0.00672487	-1.65572	-0.023567
0	0	-572	-0.00647444	-1.55084	-0.025388
0	0	-570	-0.00614308	-1.43553	-0.0261463
0	0	-568	-0.00573378	-1.31428	-0.0260472
0	0	-566	-0.0052515	-1.19115	-0.025318
0	0	-564	-0.00471134	-1.0695	-0.0241939
0	0	-562	-0.00413136	-0.951811	-0.0228706
0	0	-560	-0.00352796	-0.839605	-0.0215123
0	0	-558	-0.00292041	-0.733622	-0.020223
0	0	-556	-0.00232532	-0.634126	-0.0190442
0	0	-554	-0.00175718	-0.541057	-0.0180014
0	0	-552	-0.00122433	-0.454033	-0.0171285
0	0	-550	-0.00073006	-0.372282	-0.01649
0	0	-548	-0.00026738	-0.294742	-0.0161308
0	0	-546	0.00017372	-0.220249	-0.01605
0	0	-544	0.00060437	-0.147738	-0.0161959
0	0	-542	0.00103172	-0.0763668	-0.0165064
0	0	-540	0.00145694	-0.00548275	-0.0169412
0	0	-538	0.00187851	0.0654801	-0.0174828
0	0	-536	0.00229162	0.137096	-0.018137
0	0	-534	0.00269142	0.21004	-0.0189349
0	0	-532	0.00307459	0.285156	-0.0199339
0	0	-530	0.0034412	0.363504	-0.0211973
0	0	-528	0.00379357	0.446288	-0.0227326
0	0	-526	0.00413549	0.534593	-0.024476
0	0	-524	0.0044676	0.629169	-0.0263162
0	0	-522	0.00478981	0.73041	-0.0281325
0	0	-520	0.00510111	0.838428	-0.0298138
0	0	-518	0.00539866	0.952995	-0.0312084
0	0	-516	0.00568118	1.0733	-0.0321188
0	0	-514	0.0059454	1.19765	-0.0323032
0	0	-512	0.00618516	1.32332	-0.0315167
0	0	-510	0.00639234	1.44659	-0.0296024
0	0	-508	0.0065568	1.56293	-0.026497
0	0	-506	0.00666948	1.66753	-0.0223378
0	0	-504	0.00672928	1.7561	-0.0174903
0	0	-502	0.00674169	1.8259	-0.0124641
0	0	-500	0.0067185	1.87619	-0.00769825
0	0	-498	0.00666877	1.90787	-0.00334776
0	0	-496	0.00659947	1.92246	0.0007205
0	0	-494	0.0065168	1.92097	0.00479278
0	0	-492	0.00642093	1.90342	0.00912474
0	0	-490	0.00631121	1.86884	0.0137936
0	0	-488	0.0061867	1.81602	0.0185942
0	0	-486	0.00604504	1.74448	0.0230619
0	0	-484	0.00587638	1.65539	0.0266633
0	0	-482	0.00567185	1.55173	0.0290397
0	0	-480	0.00542223	1.43761	0.0300826
0	0	-478	0.00512475	1.3174	0.0299035
0	0	-476	0.00478676	1.19524	0.0287671
0	0	-474	0.00442029	1.0746	0.0270079
0	0	-472	0.00403946	0.957973	0.0249501
0	0	-470	0.00365552	0.846862	0.0228777
0	0	-468	0.0032768	0.741917	0.0209737
0	0	-466	0.00290975	0.643114	0.0193445
0	0	-464	0.00255574	0.54999	0.0180157
0	0	-462	0.00221252	0.461884	0.0169819
0	0	-460	0.00187735	0.378071	0.0162284
0	0	-458	0.00154833	0.297786	0.0157197
0	0	-456	0.00122431	0.22029	0.015451
0	0	-454	0.00090671	0.144855	0.0154064
0	0	-452	0.00059665	0.0707623	0.0155685
0	0	-450	0.00029306	-0.00267997	0.0159249
0	0	-448	-7.56e-06	-0.0761393	0.0164579
0	0	-446	-0.00031025	-0.150295	0.0171594
0	0	-444	-0.00061969	-0.225848	0.0180063
0	0	-442	-0.00093589	-0.303506	0.0189979
0	0	-440	-0.00125969	-0.383985	0.0201342
0	0	-438	-0.00158781	-0.468059	0.0214285
0	0	-436	-0.0019178	-0.556546	0.0228859
0	0	-434	-0.00224948	-0.650224	0.0244789
0	0	-432	-0.00257954	-0.749728	0.0261379
0	0	-430	-0.00290511	-0.855504	0.0277343
0	0	-428	-0.00322568	-0.967552	0.0291038
0	0	-426	-0.0035395	-1.0851	0.0300231
0	0	-424	-0.00384455	-1.20642	0.0302425
0	0	-422	-0.00413702	-1.32876	0.0295697
0	0	-420	-0.00441218	-1.44849	0.0278617
0	0	-418	-0.00466626	-1.56122	0.0250951
0	0	-416	-0.00489663	-1.66241	0.0213892
0	0	-414	-0.00510153	-1.74813	0.0170539
0	0	-412	-0.00527702	-1.81577	0.0125504
0	0	-410	-0.0054189	-1.86461	0.00828465
0	0	-408	-0.00552495	-1.89547	0.00441668
0	0	-406	-0.00559804	-1.90974	0.00083248
0	0	-404	-0.00563946	-1.90834	-0.00273796
0	0	-402	-0.00565375	-1.89124	-0.0065377
0	0	-400	-0.00563774	-1.85747	-0.0106392
0	0	-398	-0.0055827	-1.80582	-0.0148534
0	0	-396	-0.00546876	-1.73581	-0.0187606
0	0	-394	-0.00527995	-1.64859	-0.0219114
0	0	-392	-0.00500841	-1.54703	-0.0240501
0	0	-390	-0.00465439	-1.43508	-0.0251324
0	0	-388	-0.00423566	-1.31701	-0.0252963
0	0	-386	-0.00377938	-1.19681	-0.0247355
0	0	-384	-0.00331497	-1.07786	-0.0236858
0	0	-382	-0.00286964	-0.962667	-0.0223855
0	0	-380	-0.00246089	-0.852752	-0.0210306
0	0	-378	-0.00209414	-0.748777	-0.0197754
0	0	-376	-0.00176985	-0.65073	-0.0186971
0	0	-374	-0.00148192	-0.558198	-0.0178365
0	0	-372	-0.00122214	-0.470533	-0.0171955
0	0	-370	-0.00098117	-0.386985	-0.016768
0	0	-368	-0.00075114	-0.306812	-0.0165423
0	0	-366	-0.00052255	-0.229279	-0.0164986
0	0	-364	-0.00028688	-0.153671	-0.0166213
0	0	-362	-3.906e-05	-0.079301	-0.0169053
0	0	-360	0.00022226	-0.00548816	-0.0173452
0	0	-358	0.00049541	0.0684291	-0.0179457
0	0	-356	0.00077961	0.143125	-0.0187079
0	0	-354	0.00107956	0.219276	-0.0196431
0	0	-352	0.00140119	0.297566	-0.0207532
0	0	-350	0.00175147	0.378713	-0.0220326
0	0	-348	0.00213688	0.463482	-0.0234873
0	0	-346	0.00256366	0.552657	-0.025106
0	0	-344	0.00303206	0.647016	-0.0268726
0	0	-342	0.00353772	0.747229	-0.028725
0	0	-340	0.00407094	0.853767	-0.0305514
0	0	-338	0.00461827	0.966656	-0.0321903
0	0	-336	0.00515815	1.08517	-0.0333947
0	0	-334	0.00566738	1.20762	-0.0338994
0	0	-332	0.00612165	1.33131	-0.0334287
0	0	-330	0.00650063	1.45254	-0.0317976
0	0	-328	0.00679071	1.56685	-0.028968
0	0	-326	0.00699204	1.66966	-0.0250736
0	0	-324	0.00711743	1.75695	-0.0204664
0	0	-322	0.00718401	1.82606	-0.0156432
0	0	-320	0.00721023	1.87624	-0.0110492
0	0	-318	0.0072075	1.90821	-0.00687464
0	0	-316	0.00717958	1.92332	-0.00303005
0	0	-314	0.0071284	1.92243	0.00073722
0	0	-312	0.00705039	1.90543	0.00467618
0	0	-310	0.00694138	1.87123	0.00887669
0	0	-308	0.00679799	1.81846	0.0131622
0	0	-306	0.00661971	1.74653	0.0171152
0	0	-304	0.00640699	1.65659	0.0202773
0	0	-302	0.00616189	1.55173	0.0223556
0	0	-300	0.00588724	1.43623	0.0233295
0	0	-298	0.00558779	1.31463	0.0233713
0	0	-296	0.00527248	1.19109	0.0227395
0	0	-294	0.00495013	1.06903	0.0216813
0	0	-292	0.00462658	0.950904	0.02038
0	0	-290	0.00430709	0.838276	0.019008
0	0	-288	0.00399425	0.731946	0.0176921
0	0	-286	0.00369507	0.632198	0.0165043
0	0	-284	0.00341802	0.538937	0.0154922
0	0	-282	0.00316585	0.4517	0.0147044
0	0	-280	0.00293332	0.369666	0.014212
0	0	-278	0.0027059	0.291765	0.0140229
0	0	-276	0.00246336	0.216839	0.0140854
0	0	-274	0.00218841	0.143868	0.0143378
0	0	-272	0.00187285	0.0720806	0.0147445
0	0	-270	0.00151802	0.00086462	0.015304
0	0	-268	0.00113021	-0.0703456	0.0160127
0	0	-266	0.0007165	-0.142142	0.0168858
0	0	-264	0.00027826	-0.215209	0.0179582
0	0	-262	-0.00018994	-0.290418	0.0192591
0	0	-260	-0.00070284	-0.368866	0.0207828
0	0	-258	-0.00127642	-0.451725	0.0224834
0	0	-256	-0.00191801	-0.540008	0.0242928
0	0	-254	-0.0026186	-0.634409	0.0261475
0	0	-252	-0.00335618	-0.735309	0.0280039
0	0	-250	-0.0041028	-0.842811	0.0298047
0	0	-248	-0.00482841	-0.956684	0.031436
0	0	-246	-0.00550775	-1.07615	0.0326933
0	0	-244	-0.00611673	-1.1996	0.0332902
0	0	-242	-0.00663571	-1.3244	0.0329454
0	0	-240	-0.0070524	-1.44691	0.0314286
0	0	-238	-0.00736461	-1.56271	0.0286511
0	0	-236	-0.00758408	-1.66706	0.0247484
0	0	-234	-0.00772986	-1.75566	0.0201001
0	0	-232	-0.00782031	-1.82571	0.0152581
0	0	-230	-0.00787001	-1.87638	0.0106922
0	0	-228	-0.00788714	-1.90851	0.00658012
0	0	-226	-0.00787768	-1.92352	0.00281041
0	0	-224	-0.00784555	-1.9224	-0.00088014
0	0	-222	-0.0077891	-1.90506	-0.00474236
0	0	-220	-0.00770233	-1.87044	-0.00886621
0	0	-218	-0.00757089	-1.81718	-0.0130686
0	0	-216	-0.00737934	-1.74473	-0.0169408
0	0	-214	-0.00711437	-1.6543	-0.0200377
0	0	-212	-0.00676792	-1.54902	-0.0220998
0	0	-210	-0.00633883	-1.43314	-0.0231107
0	0	-208	-0.0058363	-1.31118	-0.0232443
0	0	-206	-0.00527456	-1.18733	-0.0227365
0	0	-204	-0.00466913	-1.06499	-0.0217957
0	0	-202	-0.00404072	-0.94661	-0.020628
0	0	-200	-0.0034064	-0.83374	-0.0193776
0	0	-198	-0.00278303	-0.727208	-0.018154
0	0	-196	-0.00218745	-0.62729	-0.0170262
0	0	-194	-0.00163254	-0.533878	-0.0160446
0	0	-192	-0.00112736	-0.446565	-0.0152922
0	0	-190	-0.00067258	-0.364555	-0.0148392
0	0	-188	-0.00025944	-0.286733	-0.0147137
0	0	-186	0.00012411	-0.211921	-0.0148806
0	0	-184	0.00049074	-0.139111	-0.0152734
0	0	-182	0.00084994	-0.0675288	-0.0158636
0	0	-180	0.00120655	0.00347723	-0.0166177
0	0	-178	0.00156273	0.0744738	-0.017525
0	0	-176	0.00192042	0.146032	-0.0185912
0	0	-174	0.00227907	0.218826	-0.0198337
0	0	-172	0.00263929	0.293722	-0.0212851
0	0	-170	0.0030046	0.371812	-0.0229476
0	0	-168	0.00337662	0.454272	-0.0247938
0	0	-166	0.00375563	0.542156	-0.0267387
0	0	-164	0.00414028	0.636203	-0.0286939
0	0	-162	0.00452191	0.736815	-0.0305995
0	0	-160	0.004891	0.844133	-0.0323828
0	0	-158	0.00523823	0.957959	-0.0339306
0	0	-156	0.00555611	1.0775	-0.0350462
0	0	-154	0.0058389	1.20112	-0.035462
0	0	-152	0.00607784	1.32617	-0.034911
0	0	-150	0.00626611	1.44902	-0.0331837
0	0	-148	0.0063959	1.5652	-0.0302048
0	0	-146	0.00646511	1.66994	-0.0260757
0	0	-144	0.00648047	1.75896	-0.0211668
0	0	-142	0.00645476	1.82942	-0.01603
0	0	-140	0.00640194	1.88047	-0.0111291
0	0	-138	0.00633228	1.91294	-0.00665295
0	0	-136	0.0062531	1.92827	-0.00250736
0	0	-134	0.00616781	1.92744	0.00157112
0	0	-132	0.00607529	1.91041	0.00584194
0	0	-130	0.0059745	1.87614	0.0103982
0	0	-128	0.0058663	1.82326	0.0150621
0	0	-126	0.00574855	1.75121	0.0194074
0	0	-124	0.00561828	1.6612	0.022947
0	0	-122	0.00546853	1.5563	0.0253397
0	0	-120	0.00529451	1.44073	0.0265073
0	0	-118	0.00509747	1.31904	0.0266096
0	0	-116	0.00488179	1.1954	0.0259025
0	0	-114	0.00465461	1.0732	0.024693
0	0	-112	0.00442122	0.95487	0.0232522
0	0	-110	0.00418715	0.84198	0.0218247
0	0	-108	0.00395795	0.735295	0.020586
0	0	-106	0.00373909	0.634968	0.019577
0	0	-104	0.00353691	0.540845	0.0188074
0	0	-102	0.00335583	0.452557	0.0182512
0	0	-100	0.00319103	0.36939	0.0178744
0	0	-98	0.00302852	0.29036	0.017651
0	0	-96	0.00285116	0.214397	0.0175476
0	0	-94	0.00264394	0.140542	0.0175548
0	0	-92	0.00239757	0.0679727	0.0176622
0	0	-90	0.00210546	-0.00396996	0.0178691
0	0	-88	0.00176332	-0.0758325	0.0181854
0	0	-86	0.00136933	-0.148213	0.0186209
0	0	-84	0.00092321	-0.221796	0.0191985
0	0	-82	0.00042863	-0.297392	0.0199501
0	0	-80	-0.00010663	-0.376027	0.0209032
0	0	-78	-0.00067392	-0.458854	0.0220716
0	0	-76	-0.00125962	-0.546921	0.0234379
0	0	-74	-0.00184615	-0.640962	0.024997
0	0	-72	-0.00241004	-0.741427	0.0267145
0	0	-70	-0.00292934	-0.848518	0.0285086
0	0	-68	-0.00339051	-0.962054	0.0302181
0	0	-66	-0.0037839	-1.0812	0.0315833
0	0	-64	-0.00410518	-1.20435	0.0322907
0	0	-62	-0.00435954	-1.32889	0.0320241
0	0	-60	-0.00455163	-1.45109	0.0305475
0	0	-58	-0.00469129	-1.56648	0.0277943
0	0	-56	-0.0047885	-1.67035	0.0239179
0	0	-54	-0.00485423	-1.75848	0.0193274
0	0	-52	-0.0048934	-1.82803	0.0145622
0	0	-50	-0.00491512	-1.87822	0.0100928
0	0	-48	-0.00492933	-1.90993	0.00609382
0	0	-46	-0.00495152	-1.92459	0.00244357
0	0	-44	-0.00500041	-1.92321	-0.00113402
0	0	-42	-0.00509205	-1.90576	-0.0048711
0	0	-40	-0.00524172	-1.87123	-0.00881221
0	0	-38	-0.00545207	-1.81839	-0.0127345
0	0	-36	-0.00571888	-1.74682	-0.0162263
0	0	-34	-0.00602749	-1.65773	-0.0188945
0	0	-32	-0.0063556	-1.5541	-0.0205769
0	0	-30	-0.00668287	-1.44006	-0.0213991
0	0	-28	-0.00699231	-1.31995	-0.0215663
0	0	-26	-0.00727218	-1.19786	-0.0212656
0	0	-24	-0.00751499	-1.07722	-0.0206471
0	0	-22	-0.00771695	-0.960581	-0.0198593
0	0	-20	-0.00787178	-0.849487	-0.0190451
0	0	-18	-0.00797204	-0.74457	-0.018303
0	0	-16	-0.00800963	-0.645817	-0.0176871
0	0	-14	-0.00797669	-0.552774	-0.0172246
0	0	-12	-0.00787146	-0.46476	-0.0169342
0	0	-10	-0.00769909	-0.38102	-0.0168092
0	0	-8	-0.00746971	-0.300779	-0.016845
0	0	-6	-0.00719771	-0.223248	-0.0170423
0	0	-4	-0.00689508	-0.147695	-0.01739
0	0	-2	-0.00657372	-0.0734313	-0.0178805
0	0	0	-0.00624279	0.000206	-0.0185127
0	0	2	-0.00590444	0.0738828	-0.019281
0	0	4	-0.00555765	0.148272	-0.0201933
0	0	6	-0.00519561	0.224028	-0.0212406
0	0	8	-0.00480487	0.301848	-0.0224234
0	0	10	-0.00436532	0.382502	-0.023755
0	0	12	-0.00385538	0.466753	-0.0252303
0	0	14	-0.00325192	0.555364	-0.0268437
0	0	16	-0.0025386	0.649115	-0.0285708
0	0	18	-0.00171032	0.748716	-0.0303653
0	0	20	-0.00077316	0.854613	-0.0321359
0	0	22	0.00025467	0.966768	-0.0337061
0	0	24	0.00134616	1.08448	-0.0348475
0	0	26	0.00246212	1.2061	-0.0352733
0	0	28	0.00355547	1.32887	-0.0347059
0	0	30	0.00457953	1.44906	-0.032947
0	0	32	0.00549564	1.56239	-0.0299625
0	0	34	0.00627269	1.66436	-0.025922
0	0	36	0.00690154	1.75095	-0.0212134
0	0	38	0.00738447	1.81952	-0.0163376
0	0	40	0.00773254	1.86927	-0.0117005
0	0	42	0.00795642	1.90092	-0.00745505
0	0	44	0.00806489	1.91581	-0.0035081
0	0	46	0.00806462	1.91486	0.00037211
0	0	48	0.00795914	1.89805	0.00441638
0	0	50	0.00775082	1.86439	0.0087156
0	0	52	0.00744017	1.81264	0.013129
0	0	54	0.00703172	1.74226	0.0172997
0	0	56	0.00653157	1.65434	0.0207779
0	0	58	0.00594406	1.55174	0.0232162
0	0	60	0.00527834	1.4385	0.0244862
0	0	62	0.00454571	1.31902	0.024666
0	0	64	0.00376126	1.19745	0.0239779
0	0	66	0.00294467	1.07726	0.0227061
0	0	68	0.00211821	0.960966	0.0211475
0	0	70	0.00130436	0.850126	0.0195527
0	0	72	0.00052332	0.74543	0.0180954
0	0	74	-0.0002122	0.646859	0.0168511
0	0	76	-0.00089543	0.553945	0.0158509
0	0	78	-0.00152219	0.466039	0.0151025
0	0	80	-0.00209452	0.382408	0.0145915
0	0	82	-0.00261728	0.302271	0.0142974
0	0	84	-0.00309886	0.224853	0.0141929
0	0	86	-0.00354724	0.149445	0.0142771
0	0	88	-0.00396957	0.0753591	0.0145444
0	0	90	-0.00437071	0.00190559	0.0149844
0	0	92	-0.00475139	-0.0715831	0.0156113
0	0	94	-0.00510822	-0.145767	0.0164371
0	0	96	-0.00543656	-0.221322	0.0174653
0	0	98	-0.00573171	-0.298963	0.018687
0	0	100	-0.00598709	-0.379426	0.0200765
0	0	102	-0.006197	-0.463449	0.021632
0	0	104	-0.00635691	-0.55181	0.0233413
0	0	106	-0.00646545	-0.645289	0.025178
0	0	108	-0.00652516	-0.744586	0.0270761
0	0	110	-0.00654194	-0.85016	0.0289296
0	0	112	-0.00652657	-0.962056	0.0305979
0	0	114	-0.0064895	-1.07965	0.0318348
0	0	116	-0.00644088	-1.20132	0.0323507
0	0	118	-0.00639031	-1.32439	0.0318826
0	0	120	-0.00634338	-1.44516	0.0302442
0	0	122	-0.00630308	-1.55924	0.0274029
0	0	124	-0.00627127	-1.66203	0.0234986
0	0	126	-0.00624954	-1.74948	0.0189454
0	0	128	-0.00623723	-1.81889	0.0142728
0	0	130	-0.00623301	-1.86942	0.00988517
0	0	132	-0.0062422	-1.90177	0.00594027
0	0	134	-0.00627442	-1.91728	0.00233716
0	0	136	-0.00633891	-1.91688	-0.00117085
0	0	138	-0.00644622	-1.90056	-0.00481932
0	0	140	-0.00660052	-1.86735	-0.00867359
0	0	142	-0.00679646	-1.81597	-0.012565
0	0	144	-0.00701307	-1.74583	-0.0161199
0	0	146	-0.00721509	-1.65788	-0.0189083
0	0	148	-0.00736351	-1.55492	-0.0206323
0	0	150	-0.00742463	-1.44097	-0.0212332
0	0	152	-0.00737614	-1.32059	-0.0208551
0	0	154	-0.00721135	-1.19802	-0.0197466
0	0	156	-0.00693776	-1.07688	-0.0182018
0	0	158	-0.00656365	-0.959787	-0.0165065
0	0	160	-0.00609881	-0.848345	-0.0149383
0	0	162	-0.00554973	-0.743174	-0.013666
0	0	164	-0.00492296	-0.644191	-0.0127436
0	0	166	-0.0042293	-0.550931	-0.0121742
0	0	168	-0.00348495	-0.46273	-0.0119401
0	0	170	-0.00271272	-0.378821	-0.0120258
0	0	172	-0.00193827	-0.298429	-0.0123957
0	0	174	-0.00118756	-0.220811	-0.013022
0	0	176	-0.00048449	-0.145236	-0.013891
0	0	178	0.00014977	-0.0709732	-0.0149552
0	0	180	0.00069832	0.00267027	-0.0161528
0	0	182	0.00114738	0.0763486	-0.0174222
0	0	184	0.00149259	0.150715	-0.0187402
0	0	186	0.00173837	0.226442	-0.0201226
0	0	188	0.00190205	0.304223	-0.0215815
0	0	190	0.00201235	0.384775	-0.0231386
0	0	192	0.00210566	0.468844	-0.0248068
0	0	194	0.00221908	0.557213	-0.0265615
0	0	196	0.00238713	0.650657	-0.0283398
0	0	198	0.00263551	0.749869	-0.0300145
0	0	200	0.00297882	0.855312	-0.0314584
0	0	202	0.00341852	0.967001	-0.0325021
0	0	204	0.00394263	1.08429	-0.0329354
0	0	206	0.00452618	1.20555	-0.0325626
0	0	208	0.00513234	1.32806	-0.0312256
0	0	210	0.00572029	1.44814	-0.0288867
0	0	212	0.00625379	1.56146	-0.0255937
0	0	214	0.0067089	1.66351	-0.0215264
0	0	216	0.00707708	1.75029	-0.0170373
0	0	218	0.00736368	1.81913	-0.0125725
0	0	220	0.00757722	1.86921	-0.00846969
0	0	222	0.00772757	1.90126	-0.00483245
0	0	224	0.00782635	1.91657	-0.00153546
0	0	226	0.00788119	1.91607	0.00168358
0	0	228	0.00789771	1.89975	0.00506865
0	0	230	0.00788305	1.86668	0.00871173
0	0	232	0.00784294	1.8156	0.012489
0	0	234	0.00777658	1.74597	0.0160798
0	0	236	0.00767613	1.65876	0.0190988
0	0	238	0.00752828	1.55672	0.021278
0	0	240	0.00731763	1.44385	0.022553
0	0	242	0.00703232	1.32454	0.0230004
0	0	244	0.00667153	1.20292	0.0227745
0	0	246	0.00624466	1.0825	0.0220664
0	0	248	0.00576487	0.965956	0.0210674
0	0	250	0.00524654	0.854839	0.0199677
0	0	252	0.00470332	0.749842	0.0189197
0	0	254	0.00414651	0.650996	0.0180291
0	0	256	0.00358386	0.557868	0.0173469
0	0	258	0.00302041	0.469788	0.0169075
0	0	260	0.00246081	0.386025	0.0167319
0	0	262	0.00190997	0.30581	0.0168118
0	0	264	0.00137402	0.228379	0.0171251
0	0	266	0.00086222	0.153015	0.0176346
0	0	268	0.00038091	0.0790442	0.0183022
0	0	270	-6.596e-05	0.00575074	0.0190833
0	0	272	-0.00047709	-0.0675439	0.0199444
0	0	274	-0.00085568	-0.141496	0.0208786
0	0	276	-0.00120707	-0.216799	0.021873
0	0	278	-0.00153799	-0.294204	0.0229472
0	0	280	-0.00185316	-0.374482	0.0241092
0	0	282	-0.0021548	-0.458417	0.025346
0	0	284	-0.00244781	-0.546846	0.0266344
0	0	286	-0.0027375	-0.640606	0.0279162
0	0	288	-0.00303097	-0.7404	0.0291257
0	0	290	-0.00333179	-0.84668	0.0301559
0	0	292	-0.00364165	-0.959444	0.0308655
0	0	294	-0.00395812	-1.07802	0.031081
0	0	296	-0.00427586	-1.20076	0.030614
0	0	298	-0.00458927	-1.32484	0.0293089
0	0	300	-0.00488875	-1.44652	0.0270589
0	0	302	-0.00516647	-1.56137	0.0239031
0	0	304	-0.00541479	-1.66482	0.0199959
0	0	306	-0.00562916	-1.75281	0.0156398
0	0	308	-0.0058073	-1.82275	0.0112373
0	0	310	-0.00594826	-1.87387	0.00709486
0	0	312	-0.00605468	-1.90689	0.00331378
0	0	314	-0.0061315	-1.92307	-0.0002443
0	0	316	-0.00618259	-1.92327	-0.00384361
0	0	318	-0.00620886	-1.90727	-0.00772222
0	0	320	-0.00620463	-1.87387	-0.0119448
0	0	322	-0.00615865	-1.82159	-0.0163077
0	0	324	-0.00606007	-1.7498	-0.0203556
0	0	326	-0.00590195	-1.65977	-0.0235666
0	0	328	-0.00568908	-1.55484	-0.0256355
0	0	330	-0.00543232	-1.43957	-0.0265354
0	0	332	-0.00514704	-1.31869	-0.0264468
0	0	334	-0.00484762	-1.19631	-0.0256138
0	0	336	-0.0045439	-1.07576	-0.0242947
0	0	338	-0.00424073	-0.959402	-0.0227565
0	0	340	-0.00394094	-0.848673	-0.021208
0	0	342	-0.00364266	-0.744165	-0.0197909
0	0	344	-0.00334053	-0.645838	-0.0185767
0	0	346	-0.00302867	-0.553244	-0.0176092
0	0	348	-0.00269965	-0.465728	-0.0168932
0	0	350	-0.00234673	-0.382535	-0.0164153
0	0	352	-0.00196402	-0.302869	-0.0161796
0	0	354	-0.00155017	-0.22597	-0.0161769
0	0	356	-0.00110426	-0.151114	-0.016394
0	0	358	-0.00062768	-0.0776007	-0.0167866
0	0	360	-0.0001212	-0.00475635	-0.0173155
0	0	362	0.00041471	0.0680736	-0.0179459
0	0	364	0.00097611	0.14152	-0.0186374
0	0	366	0.0015576	0.216266	-0.0193668
0	0	368	0.00215269	0.293032	-0.0201189
0	0	370	0.00275123	0.372551	-0.0209131
0	0	372	0.00334484	0.455594	-0.0217734
0	0	374	0.00392472	0.542999	-0.0226988
0	0	376	0.00448434	0.635577	-0.0236881
0	0	378	0.00501738	0.734026	-0.0247003
0	0	380	0.00551949	0.838825	-0.0256717
0	0	382	0.00598407	0.95006	-0.0264826
0	0	384	0.00639925	1.06714	-0.0269601
0	0	386	0.00675421	1.18858	-0.0269358
0	0	388	0.00704155	1.31191	-0.0262233
0	0	390	0.00725549	1.43365	-0.024635
0	0	392	0.00739695	1.54941	-0.0220508
0	0	394	0.00746835	1.6543	-0.0184978
0	0	396	0.00747547	1.74372	-0.0142555
0	0	398	0.00742541	1.81448	-0.00976161
0	0	400	0.00733032	1.86559	-0.00543156
0	0	402	0.00720077	1.89789	-0.0014436
0	0	404	0.00704941	1.91298	0.00230814
0	0	406	0.00688129	1.91206	0.00608676
0	0	408	0.00669909	1.89529	0.0101344
0	0	410	0.0065044	1.86184	0.0145249
0	0	412	0.00629633	1.8105	0.0190875
0	0	414	0.00607084	1.74075	0.0234225
0	0	416	0.00582035	1.65361	0.027047
0	0	418	0.00553032	1.5518	0.0295821
0	0	420	0.00519156	1.4393	0.0308996
0	0	422	0.00480164	1.32044	0.0310538
0	0	424	0.00436755	1.19931	0.0302248
0	0	426	0.00390245	1.07938	0.0286945
0	0	428	0.00341903	0.963275	0.0267587
0	0	430	0.00293024	0.852566	0.0246946
0	0	432	0.00244406	0.747925	0.0226945
0	0	434	0.00196525	0.649356	0.0208635
0	0	436	0.00149771	0.556447	0.0192669
0	0	438	0.00104319	0.468537	0.017914
0	0	440	0.00060353	0.384854	0.0168066
0	0	442	0.00017895	0.304625	0.0159223
0	0	444	-0.00022951	0.22712	0.01525
0	0	446	-0.00061974	0.151612	0.0147818
0	0	448	-0.00098989	0.0774025	0.0144959
0	0	450	-0.00133994	0.0038259	0.0143867
0	0	452	-0.00166955	-0.0697718	0.0144467
0	0	454	-0.00198036	-0.144024	0.0146739
0	0	456	-0.00227587	-0.219619	0.0150526
0	0	458	-0.00255877	-0.297255	0.0155763
0	0	460	-0.00283305	-0.37766	0.0162509
0	0	462	-0.00310118	-0.461611	0.0170645
0	0	464	-0.0033648	-0.549914	0.018009
0	0	466	-0.00362383	-0.643377	0.0190516
0	0	468	-0.00387908	-0.742716	0.0201519
0	0	470	-0.00413157	-0.848436	0.0212322
0	0	472	-0.0043799	-0.960583	0.0221496
0	0	474	-0.0046237	-1.07851	0.0227232
0	0	476	-0.00486064	-1.20061	0.0227651
0	0	478	-0.00508515	-1.32413	0.0220762
0	0	480	-0.00528878	-1.44535	0.0205246
0	0	482	-0.00546426	-1.55986	0.018061
0	0	484	-0.00560988	-1.66306	0.0147922
0	0	486	-0.00572677	-1.75085	0.0109762
0	0	488	-0.00581628	-1.82058	0.00698228
0	0	490	-0.00588011	-1.87142	0.00314186
0	0	492	-0.00591909	-1.90406	-0.00043099
0	0	494	-0.00593545	-1.9198	-0.00385743
0	0	496	-0.0059282	-1.91954	-0.00738453
0	0	498	-0.00589708	-1.90317	-0.011228
0	0	500	-0.00583865	-1.86965	-0.0154389
0	0	502	-0.00574219	-1.81764	-0.0198107
0	0	504	-0.00559594	-1.74656	-0.0239123
0	0	506	-0.00538659	-1.6575	-0.0272378
0	0	508	-0.00510943	-1.55346	-0.0294521
0	0	510	-0.00476919	-1.43867	-0.0304822
0	0	512	-0.00437617	-1.31766	-0.0304289
0	0	514	-0.00394595	-1.19453	-0.0295408
0	0	516	-0.00349398	-1.07269	-0.028094
0	0	518	-0.00303614	-0.954675	-0.0263704
0	0	520	-0.00258175	-0.842014	-0.0245726
0	0	522	-0.00213868	-0.735512	-0.0228244
0	0	524	-0.00171548	-0.635452	-0.0211946
0	0	526	-0.00131879	-0.541767	-0.0197127
0	0	528	-0.00095506	-0.454067	-0.0184348
0	0	530	-0.0006226	-0.37159	-0.0174084
0	0	532	-0.0003132	-0.293293	-0.0166471
0	0	534	-1.466e-05	-0.21802	-0.0161234
0	0	536	0.00028688	-0.144778	-0.0157781
0	0	538	0.00059945	-0.0727691	-0.0155697
0	0	540	0.00092735	-0.00135583	-0.0154816
0	0	542	0.0012701	0.0700174	-0.0155155
0	0	544	0.00162782	0.141906	-0.0156909
0	0	546	0.00200179	0.214977	-0.0160304
0	0	548	0.00239693	0.290099	-0.0165694
0	0	550	0.00282222	0.368337	-0.0173173
0	0	552	0.00328512	0.450846	-0.0182274
0	0	554	0.00378573	0.538687	-0.0192105
0	0	556	0.00431458	0.632581	-0.0201739
0	0	558	0.00485423	0.732888	-0.0210544
0	0	560	0.00538469	0.839715	-0.02177
0	0	562	0.00588697	0.952847	-0.0222211
0	0	564	0.00634404	1.07151	-0.0222696
0	0	566	0.00674036	1.19412	-0.0217623
0	0	568	0.00706418	1.31806	-0.0205611
0	0	570	0.00730615	1.43978	-0.0185601
0	0	572	0.00746364	1.55491	-0.0157643
0	0	574	0.00754558	1.65877	-0.0123126
0	0	576	0.00756734	1.74711	-0.008509
0	0	578	0.00754661	1.81712	-0.00474996
0	0	580	0.00750347	1.86792	-0.00133651
0	0	582	0.00745163	1.9003	0.00167442
0	0	584	0.00739952	1.91567	0.00446834
0	0	586	0.00735343	1.91509	0.00732805
0	0	588	0.00731503	1.89858	0.0104835
0	0	590	0.00728575	1.86528	0.0139875
0	0	592	0.0072654	1.81395	0.0176585
0	0	594	0.00725329	1.74413	0.0211164
0	0	596	0.00724003	1.65685	0.023923
0	0	598	0.00721291	1.55491	0.0257841
0	0	600	0.00715882	1.44228	0.0266059
0	0	602	0.00706777	1.3233	0.026459
0	0	604	0.00693359	1.20203	0.0255276
0	0	606	0.00675612	1.08195	0.0240893
0	0	608	0.00653772	0.965659	0.0224285
0	0	610	0.00627841	0.854756	0.0207617
0	0	612	0.005979	0.749919	0.0192532
0	0	614	0.00564079	0.651179	0.0179965
0	0	616	0.00526342	0.558129	0.0170109
0	0	618	0.00485003	0.470116	0.0162775
0	0	620	0.00440047	0.386382	0.0157601
0	0	622	0.0039187	0.306156	0.0154415
0	0	624	0.00340895	0.228683	0.0152969
0	0	626	0.00287574	0.153209	0.0153097
0	0	628	0.0023259	0.0790043	0.0154674
0	0	630	0.00176612	0.00537586	0.015775
0	0	632	0.00120198	-0.068334	0.0162386
0	0	634	0.00063999	-0.142778	0.0168446
0	0	636	8.57e-05	-0.218652	0.0175877
0	0	638	-0.00045646	-0.296635	0.0184727
0	0	640	-0.00098179	-0.377441	0.0195
0	0	642	-0.00148404	-0.461817	0.0206569
0	0	644	-0.00196053	-0.550543	0.0219238
0	0	646	-0.00240716	-0.644359	0.023279
0	0	648	-0.00282053	-0.743913	0.0246513
0	0	650	-0.00319833	-0.849664	0.0259192
0	0	652	-0.00353876	-0.96161	0.0268968
0	0	654	-0.00383755	-1.07903	0.0273558
0	0	656	-0.00409039	-1.20028	0.0270727
0	0	658	-0.0042908	-1.32264	0.0258423
0	0	660	-0.00443446	-1.44247	0.0235755
0	0	662	-0.00452217	-1.55544	0.0203327
0	0	664	-0.00456068	-1.65708	0.0163406
0	0	666	-0.00456202	-1.74346	0.0119866
0	0	668	-0.0045397	-1.81198	0.00770872
0	0	670	-0.00450612	-1.86185	0.00383995
0	0	672	-0.00447325	-1.89378	0.0004529
0	0	674	-0.00445174	-1.90905	-0.0026252
0	0	676	-0.00445464	-1.90858	-0.00566149
0	0	678	-0.00449291	-1.89237	-0.00886378
0	0	680	-0.00457278	-1.85947	-0.0122653
0	0	682	-0.0046909	-1.80868	-0.0156644
0	0	684	-0.00483503	-1.73946	-0.0186852
0	0	686	-0.00498229	-1.65279	-0.0209367
0	0	688	-0.00510861	-1.55141	-0.022191
0	0	690	-0.00519649	-1.43927	-0.0224427
0	0	692	-0.00523517	-1.3207	-0.0218243
0	0	694	-0.00522651	-1.19982	-0.0205855
0	0	696	-0.00517602	-1.08013	-0.018991
0	0	698	-0.00508901	-0.964202	-0.0172981
0	0	700	-0.00496817	-0.853625	-0.0157237
0	0	702	-0.00481395	-0.749051	-0.0143909
0	0	704	-0.00462529	-0.650485	-0.0133608
0	0	706	-0.0044057	-0.557506	-0.0126233
0	0	708	-0.00416084	-0.469454	-0.0121457
0	0	710	-0.00390038	-0.385585	-0.0118979
0	0	712	-0.00363658	-0.305173	-0.0118458
0	0	714	-0.00338082	-0.227493	-0.0119603
0	0	716	-0.00314223	-0.151829	-0.0122295
0	0	718	-0.00292643	-0.0775051	-0.0126409
0	0	720	-0.00273653	-0.00385502	-0.0131926
0	0	722	-0.00256956	0.0697768	-0.0138681
0	0	724	-0.00241869	0.144063	-0.0146624
0	0	726	-0.00226959	0.219693	-0.0155848
0	0	728	-0.00210281	0.297366	-0.0166266
0	0	730	-0.0018922	0.377828	-0.0177912
0	0	732	-0.00161255	0.461853	-0.0190806
0	0	734	-0.0012431	0.550234	-0.0205039
0	0	736	-0.00076791	0.643714	-0.0220458
0	0	738	-0.00018254	0.742962	-0.0236485
0	0	740	0.00050505	0.848453	-0.0252227
0	0	742	0.00127544	0.9602	-0.0266145
0	0	744	0.00209957	1.07751	-0.0276067
0	0	746	0.00294096	1.19876	-0.0279439
0	0	748	0.00375819	1.3213	-0.0274154
0	0	750	0.00451112	1.44151	-0.02588
0	0	752	0.00516588	1.55514	-0.0232943
0	0	754	0.00570074	1.65769	-0.0197321
0	0	756	0.00610518	1.74513	-0.0154425
0	0	758	0.00637961	1.81468	-0.010833
0	0	760	0.00653047	1.86543	-0.00630222
0	0	762	0.00657195	1.898	-0.00203627
0	0	764	0.00651291	1.91372	0.00203893
0	0	766	0.00636528	1.91348	0.00614271
0	0	768	0.00613742	1.89722	0.0104745
0	0	770	0.0058386	1.8639	0.0150699
0	0	772	0.00547839	1.81219	0.0197053
0	0	774	0.0050704	1.7415	0.0239486
0	0	776	0.0046278	1.65293	0.0273295
0	0	778	0.00416657	1.54946	0.0295509
0	0	780	0.00370014	1.43526	0.0305533
0	0	782	0.00324126	1.31477	0.0304674
0	0	784	0.00279929	1.19209	0.0295225
0	0	786	0.00238581	1.07062	0.0279608
0	0	788	0.00200724	0.952866	0.0260461
0	0	790	0.00166537	0.840411	0.0239995
0	0	792	0.00136194	0.734089	0.0219812
0	0	794	0.00109866	0.634216	0.0200759
0	0	796	0.00087866	0.540712	0.0183303
0	0	798	0.00070126	0.453189	0.0168118
0	0	800	0.00056161	0.370905	0.0155758
0	0	802	0.00045008	0.29281	0.0146423
0	0	804	0.00035242	0.217757	0.0139553
0	0	806	0.00025653	0.144715	0.0134503
0	0	808	0.00015477	0.0728859	0.013094
0	0	810	4.235e-05	0.00161724	0.012849
0	0	812	-8.015e-05	-0.0696395	0.012711
0	0	814	-0.00021264	-0.14144	0.0126791
0	0	816	-0.00035692	-0.214437	0.0127865
0	0	818	-0.00051796	-0.289458	0.0130765
0	0	820	-0.00070537	-0.367531	0.0135597
0	0	822	-0.0009303	-0.449806	0.0142215
0	0	824	-0.00119958	-0.537331	0.0150058
0	0	826	-0.00151685	-0.630838	0.0158463
0	0	828	-0.00187501	-0.730713	0.0166919
0	0	830	-0.00226085	-0.837085	0.0174702
0	0	832	-0.00266308	-0.949752	0.0181102
0	0	834	-0.00306969	-1.06796	0.0184789
0	0	836	-0.00347186	-1.19012	0.0184086
0	0	838	-0.0038612	-1.31368	0.0177562
0	0	840	-0.00422794	-1.43511	0.0164279
0	0	842	-0.00456448	-1.55008	0.0143892
0	0	844	-0.00486541	-1.65395	0.0117017
0	0	846	-0.00512579	-1.74249	0.00859983
0	0	848	-0.00533998	-1.8128	0.0054478
0	0	850	-0.00550857	-1.86395	0.00256117
0	0	852	-0.00563754	-1.89666	4.703e-05
0	0	854	-0.0057329	-1.91233	-0.0022188
0	0	856	-0.00580284	-1.91203	-0.00447809
0	0	858	-0.0058555	-1.8958	-0.0069584
0	0	860	-0.0058941	-1.86277	-0.00975207
0	0	862	-0.00591326	-1.81171	-0.0127456
0	0	864	-0.00590102	-1.74207	-0.0156285
0	0	866	-0.00584021	-1.65488	-0.0180294
0	0	868	-0.00570968	-1.55291	-0.0196405
0	0	870	-0.00549307	-1.44015	-0.0203412
0	0	872	-0.00518235	-1.321	-0.0201998
0	0	874	-0.00478149	-1.1996	-0.0194064
0	0	876	-0.00430707	-1.07948	-0.018234
0	0	878	-0.00377901	-0.963208	-0.016939
0	0	880	-0.00321703	-0.852357	-0.0157454
0	0	882	-0.00263727	-0.747611	-0.0147911
0	0	884	-0.00205052	-0.64897	-0.0141147
0	0	886	-0.00146511	-0.556008	-0.0137152
0	0	888	-0.00088845	-0.46808	-0.0135648
0	0	890	-0.00032832	-0.384437	-0.0136328
0	0	892	0.00020507	-0.30431	-0.0138935
0	0	894	0.00070063	-0.226937	-0.0143101
0	0	896	0.00114822	-0.151558	-0.0148716
0	0	898	0.00154185	-0.0774625	-0.0155635
0	0	900	0.00188073	-0.00396873	-0.0163683
0	0	902	0.00217086	0.0695919	-0.0172794
0	0	904	0.0024229	0.143868	-0.0183053
0	0	906	0.00264832	0.219512	-0.0194671
0	0	908	0.00286052	0.297193	-0.0207792
0	0	910	0.00306678	0.37761	-0.0222456
0	0	912	0.00327356	0.461512	-0.0238567
0	0	914	0.00348302	0.549669	-0.0255789
0	0	916	0.00369732	0.64284	-0.0273503
0	0	918	0.00391545	0.741733	-0.0290488
0	0	920	0.00413481	0.846858	-0.0305314
0	0	922	0.00435218	0.9583	-0.031614
0	0	924	0.00456083	1.07542	-0.0320869
0	0	926	0.00475065	1.19663	-0.0317259
0	0	928	0.0049108	1.3193	-0.0303613
0	0	930	0.00503057	1.43975	-0.0279461
0	0	932	0.00510254	1.55357	-0.0245173
0	0	934	0.00512895	1.65623	-0.0202611
0	0	936	0.0051204	1.74368	-0.0155123
0	0	938	0.00508746	1.81325	-0.0106798
0	0	940	0.00504247	1.86406	-0.00609208
0	0	942	0.00499019	1.89677	-0.00184925
0	0	944	0.00493221	1.91268	0.00216937
0	0	946	0.00486422	1.91271	0.00619993
0	0	948	0.00478188	1.89685	0.0104429
0	0	950	0.00468026	1.86418	0.0149357
0	0	952	0.00455424	1.81346	0.0194759
0	0	954	0.00440042	1.74415	0.0236614
0	0	956	0.00421685	1.65724	0.0270396
0	0	958	0.00400461	1.55548	0.0292941
0	0	960	0.00376614	1.44279	0.0303483
0	0	962	0.00350735	1.32352	0.0302974
0	0	964	0.00323753	1.20186	0.029357
0	0	966	0.00296273	1.0813	0.0277851
0	0	968	0.00268852	0.96445	0.025871
0	0	970	0.00241645	0.852933	0.0238711
0	0	972	0.00214958	0.747506	0.0219733
0	0	974	0.00188581	0.648196	0.020295
0	0	976	0.00162311	0.554589	0.0188803
0	0	978	0.00135958	0.466047	0.0177385
0	0	980	0.00109212	0.381826	0.016856
0	0	982	0.00081796	0.301178	0.0162027
0	0	984	0.0005356	0.223343	0.0157496
0	0	986	0.0002422	0.147602	0.0154649
0	0	988	-6.339e-05	0.0732765	0.0153283
0	0	990	-0.00037993	-0.00030479	0.0153132
0	0	992	-0.00070737	-0.0738075	0.0154111
0	0	994	-0.00104224	-0.147891	0.015622
0	0	996	-0.00137968	-0.223242	0.0159427
0	0	998	-0.00171605	-0.300563	0.0163809
0	0	1000	-0.00204762	-0.380605	0.0169333
0	0	1002	-0.00237056	-0.46416	0.0176017
0	0	1004	-0.00268022	-0.552029	0.0183703
0	0	1006	-0.00297231	-0.645	0.0191936
0	0	1008	-0.00324582	-0.743787	0.0200152
0	0	1010	-0.00350153	-0.848884	0.0207339
0	0	1012	-0.00374303	-0.960303	0.0212099
0	0	1014	-0.00397325	-1.07735	0.0212769
0	0	1016	-0.00419185	-1.19842	0.0207753
0	0	1018	-0.00439336	-1.32085	0.0196026
0	0	1020	-0.00457042	-1.44099	0.0177156
0	0	1022	-0.00471497	-1.55457	0.0151217
0	0	1024	-0.00482541	-1.6571	0.0119482
0	0	1026	-0.00490362	-1.7446	0.0084453
0	0	1028	-0.00494828	-1.81438	0.00494837
0	0	1030	-0.00495776	-1.86556	0.00170966
0	0	1032	-0.00493196	-1.89875	-0.00120725
0	0	1034	-0.0048675	-1.91518	-0.00395448
0	0	1036	-0.00476198	-1.91568	-0.00679637
0	0	1038	-0.00461284	-1.90007	-0.00995519
0	0	1040	-0.00440881	-1.86716	-0.0134743
0	0	1042	-0.00413818	-1.81543	-0.0171438
0	0	1044	-0.00378912	-1.74424	-0.0205249
0	0	1046	-0.00336525	-1.65477	-0.0231452
0	0	1048	-0.00288228	-1.55027	-0.0247091
0	0	1050	-0.00236738	-1.43524	-0.02519
0	0	1052	-0.00185901	-1.3144	-0.024778
0	0	1054	-0.00138855	-1.19194	-0.0236861
0	0	1056	-0.0009785	-1.0712	-0.022142
0	0	1058	-0.00063836	-0.954576	-0.0203829
0	0	1060	-0.00036764	-0.843505	-0.0185998
0	0	1062	-0.00015915	-0.738614	-0.0169521
0	0	1064	-2.7e-07	-0.639869	-0.0155231
0	0	1066	0.00012245	-0.546811	-0.0143587
0	0	1068	0.00022143	-0.458774	-0.0134605
0	0	1070	0.00030856	-0.375025	-0.0127816
0	0	1072	0.00039446	-0.294826	-0.0122833
0	0	1074	0.0004882	-0.217439	-0.0119202
0	0	1076	0.00059502	-0.142179	-0.0116881
0	0	1078	0.00071519	-0.0683793	-0.0115921
0	0	1080	0.00084928	0.00462699	-0.0116519
0	0	1082	0.00100105	0.0775236	-0.0118991
0	0	1084	0.00117626	0.150986	-0.0123473
0	0	1086	0.00138572	0.225697	-0.0130028
0	0	1088	0.00163915	0.302374	-0.0138543
0	0	1090	0.00194185	0.381765	-0.0148921
0	0	1092	0.00229335	0.464643	-0.0161115
0	0	1094	0.00268798	0.551789	-0.0174981
0	0	1096	0.00311543	0.644007	-0.0190233
0	0	1098	0.00356237	0.742038	-0.0206273
0	0	1100	0.00401266	0.846405	-0.0222174
0	0	1102	0.00444855	0.957236	-0.023653
0	0	1104	0.00485444	1.074	-0.0247425
0	0	1106	0.00521782	1.19532	-0.0252784
0	0	1108	0.0055281	1.31875	-0.025063
0	0	1110	0.00578202	1.44088	-0.0239373
0	0	1112	0.00597868	1.55735	-0.0217847
0	0	1114	0.00611713	1.6633	-0.018632
0	0	1116	0.00620054	1.75409	-0.0147526
0	0	1118	0.00623138	1.82641	-0.0105502
0	0	1120	0.00621916	1.87907	-0.006416
0	0	1122	0.00617368	1.91279	-0.00251897
0	0	1124	0.00610225	1.9291	0.00121347
0	0	1126	0.00601191	1.92923	0.00498891
0	0	1128	0.00590568	1.91341	0.00900058
0	0	1130	0.00578459	1.88092	0.0132988
0	0	1132	0.00564921	1.83061	0.017728
0	0	1134	0.00549935	1.76198	0.0219433
0	0	1136	0.00533248	1.67602	0.0255258
0	0	1138	0.00514717	1.57537	0.0281477
0	0	1140	0.0049393	1.46392	0.0296765
0	0	1142	0.00470988	1.34597	0.0301532
0	0	1144	0.00446455	1.22563	0.0297169
0	0	1146	0.00420994	1.10642	0.0285904
0	0	1148	0.00395419	0.990941	0.0270423
0	0	1150	0.00370349	0.880845	0.0253131
0	0	1152	0.00346164	0.776887	0.0235628
0	0	1154	0.00323196	0.679088	0.0219099
0	0	1156	0.00301411	0.587029	0.020425
0	0	1158	0.0028062	0.500078	0.0191418
0	0	1160	0.00260604	0.417495	0.0180614
0	0	1162	0.00240652	0.338513	0.0171633
0	0	1164	0.00220049	0.262378	0.0164313
0	0	1166	0.00198257	0.188384	0.0158508
0	0	1168	0.00175014	0.115829	0.0154013
0	0	1170	0.00150068	0.0440267	0.0150497
0	0	1172	0.00123461	-0.0276867	0.0147807
0	0	1174	0.00095224	-0.099976	0.0145822
0	0	1176	0.00065314	-0.173487	0.0144531
0	0	1178	0.0003376	-0.248905	0.0143769
0	0	1180	5.06e-06	-0.326953	0.0143541
0	0	1182	-0.0003439	-0.408402	0.014388
0	0	1184	-0.00070676	-0.494032	0.0144759
0	0	1186	-0.00107983	-0.584628	0.0146041
0	0	1188	-0.00145838	-0.680907	0.0147362
0	0	1190	-0.00183702	-0.783352	0.0148379
0	0	1192	-0.00221286	-0.892026	0.0148249
0	0	1194	-0.00258315	-1.0063	0.0145864
0	0	1196	-0.00294301	-1.1246	0.0139866
0	0	1198	-0.0032854	-1.24433	0.0129322
0	0	1200	-0.00360265	-1.36184	0.0113838
0	0	1202	-0.00388908	-1.47283	0.0092986
0	0	1204	-0.00414143	-1.57282	0.00674496
0	0	1206	-0.00436106	-1.65779	0.00389697
0	0	1208	-0.00454796	-1.7251	0.0010195
0	0	1210	-0.00470352	-1.77395	-0.00167404
0	0	1212	-0.00483104	-1.80509	-0.0041602
0	0	1214	-0.00493692	-1.81985	-0.00661838
0	0	1216	-0.00502967	-1.81907	-0.00932687
0	0	1218	-0.00511352	-1.80251	-0.0124986
0	0	1220	-0.00518753	-1.76873	-0.0161394
0	0	1222	-0.00524196	-1.71593	-0.0199596
0	0	1224	-0.00526587	-1.6431	-0.0234321
0	0	1226	-0.00524272	-1.55111	-0.0259537
0	0	1228	-0.00516258	-1.44299	-0.0271166
0	0	1230	-0.0050251	-1.32311	-0.0268265
0	0	1232	-0.00483704	-1.19605	-0.0252379
0	0	1234	-0.00461307	-1.06585	-0.0226592
0	0	1236	-0.00436951	-0.935724	-0.0194372
0	0	1238	-0.00412079	-0.807983	-0.0159464
0	0	1240	-0.00387151	-0.684066	-0.0124897
0	0	1242	-0.00361336	-0.564591	-0.00926548
0	0	1244	-0.00332813	-0.449462	-0.00636281
0	0	1246	-0.00299457	-0.338139	-0.003798
0	0	1248	-0.00260476	-0.229784	-0.00155362
0	0	1250	-0.00216478	-0.123427	0.00044077
0	0	1252	-0.0016957	-0.0180694	0.00227489
0	0	1254	-0.00122049	0.0871968	0.00405145
0	0	1256	-0.0007575	0.192922	0.00588799
0	0	1258	-0.00031668	0.299155	0.00789881
0	0	1260	9.672e-05	0.405093	0.0101615
0	0	1262	0.00047717	0.508718	0.0126426
0	0	1264	0.00080979	0.606599	0.0151146
0	0	1266	0.00107375	0.694204	0.0170805
0	0	1268	0.00124222	0.766813	0.0178546
0	0	1270	0.00128811	0.820721	0.0168113
0	0	1272	0.00118896	0.85408	0.013615
0	0	1274	0.00092155	0.866726	0.00822875
0	0	1276	0.00046416	0.859473	0.00066875
0	0	1278	-0.00020144	0.833776	-0.00910485
0	0	1280	-0.00107427	0.79215	-0.0209857
0	0	1282	-0.0021211	0.738621	-0.034348
0	0	1284	-0.00326006	0.678383	-0.0479779
0	0	1286	-0.00436713	0.616598	-0.0604133
0	0	1288	-0.00530436	0.557208	-0.0704122
0	0	1290	-0.00596041	0.502516	-0.0772093
0	0	1292	-0.00628572	0.453477	-0.0804874
0	0	1294	-0.00629474	0.410216	-0.0802512
0	0	1296	-0.00605106	0.372409	-0.0767053
0	0	1298	-0.00563623	0.339483	-0.0701679
0	0	1300	-0.00512656	0.310702	-0.0610463
0	0	1302	-0.00458424	0.285206	-0.0498153
0	0	1304	-0.00405014	0.262066	-0.0370457
0	0	1306	-0.00355166	0.240356	-0.0234589
0	0	1308	-0.00310364	0.219322	-0.00996203
0	0	1310	-0.00271134	0.198567	0.00243557
0	0	1312	-0.00237682	0.178183	0.0128474
0	0	1314	-0.00209702	0.158627	0.0207736
0	0	1316	-0.00186614	0.140446	0.026196
0	0	1318	-0.00167636	0.12403	0.0294547
0	0	1320	-0.00152034	0.109537	0.0310354
0	0	1322	-0.00138994	0.0969195	0.0314162
0	0	1324	-0.0012793	0.086015	0.0309906
0	0	1326	-0.00118313	0.0766116	0.0300555
0	0	1328	-0.00109766	0.0684947	0.028822
0	0	1330	-0.00101972	0.0614668	0.0274347
0	0	1332	-0.00094679	0.055355	0.0259907
0	0	1334	-0.00087707	0.050012	0.0245511
0	0	1336	-0.00080982	0.0453191	0.0231529
0	0	1338	-0.00074485	0.04118	0.0218171
0	0	1340	-0.00068126	0.037518	0.0205516
0	0	1342	-0.00061817	0.0342742	0.019355
0	0	1344	-0.00055637	0.0314064	0.0182186
0	0	1346	-0.00049533	0.0288846	0.0171254
0	0	1348	-0.00043513	0.0266916	0.0160535
0	0	1350	-0.00037699	0.0248169	0.0149737
0	0	1352	-0.00032187	0.0232552	0.013855
0	0	1354	-0.00026938	0.022002	0.012667
0	0	1356	-0.00022024	0.0210446	0.0113909
0	0	1358	-0.00017649	0.0203556	0.0100327
0	0	1360	-0.00013788	0.0198926	0.00862927
0	0	1362	-0.00010444	0.0196014	0.00724339
0	0	1364	-7.759e-05	0.01943	0.00594446
0	0	1366	-5.536e-05	0.0193338	0.00478717
0	0	1368	-3.685e-05	0.0192816	0.00379851
0	0	1370	-2.276e-05	0.019254	0.00298208
0	0	1372	-1.092e-05	0.0192393	0.00232252
0	0	1374	-1.82e-06	0.0192306	0.00179779
0	0	1376	4.71e-06	0.0192246	0.00138478
0	0	1378	9.87e-06	0.0192196	0.00106229
0	0	1380	1.4e-05	0.0192142	0.00081135
0	0	1382	1.737e-05	0.0192076	0.00061647
0	0	1384	1.989e-05	0.0191995	0.00046645
0	0	1386	2.173e-05	0.0191884	0.00035141
0	0	1388	2.323e-05	0.0191728	0.00026349
0	0	1390	2.391e-05	0.0191502	0.00019741
0	0	1392	2.442e-05	0.0191168	0.0001492
0	0	1394	2.52e-05	0.019067	0.00011585
0	0	1396	2.596e-05	0.0189899	9.57e-05
0	0	1398	2.631e-05	0.01887	8.768e-05
0	0	1400	2.644e-05	0.0186842	9.135e-05
0	0	1402	2.663e-05	0.0184006	0.00010733
0	0	1404	2.645e-05	0.0179825	0.00013715
0	0	1406	2.583e-05	0.0173914	0.00018025
0	0	1408	2.513e-05	0.0166046	0.00023428
0	0	1410	2.48e-05	0.0156315	0.000294
0	0	1412	2.424e-05	0.0145179	0.00035317
0	0	1414	2.341e-05	0.013335	0.0004049
0	0	1416	2.272e-05	0.0121572	0.00044584
0	0	1418	2.241e-05	0.0110423	0.00047565
0	0	1420	2.301e-05	0.0100238	0.00049544
0	0	1422	2.365e-05	0.00911436	0.00050805
0	0	1424	2.377e-05	0.00831113	0.00051577
0	0	1426	2.464e-05	0.00760715	0.00051923
0	0	1428	2.552e-05	0.00699059	0.00052024
0	0	1430	2.675e-05	0.00645046	0.00051945
0	0	1432	2.795e-05	0.00597409	0.00051748
0	0	1434	2.885e-05	0.00555286	0.00051385
0	0	1436	2.968e-05	0.00517983	0.00050974
0	0	1438	3.077e-05	0.00484639	0.00050556
0	0	1440	3.191e-05	0.00454704	0.00050042
0	0	1442	3.288e-05	0.00427754	0.00049529
0	0	1444	3.383e-05	0.00403368	0.00048974
0	0	1446	3.475e-05	0.0038118	0.00048438
0	0	1448	3.564e-05	0.00361	0.00047851
0	0	1450	3.64e-05	0.00342439	0.00047203
0	0	1452	3.679e-05	0.00325414	0.00046608
0	0	1454	3.754e-05	0.00309687	0.00045994
0	0	1456	3.771e-05	0.00295139	0.00045347
0	0	1458	3.841e-05	0.00281628	0.0004471
0	0	1460	3.928e-05	0.00269057	0.00044006
0	0	1462	3.967e-05	0.00257306	0.00043368
0	0	1464	4.023e-05	0.00246401	0.00042759
0	0	1466	4.065e-05	0.00236195	0.00042144
0	0	1468	4.073e-05	0.00226533	0.00041502
0	0	1470	4.163e-05	0.00217488	0.00040854
0	0	1472	4.16e-05	0.00208948	0.00040191
0	0	1474	4.126e-05	0.00200877	0.00039554
0	0	1476	4.097e-05	0.00193269	0.000389
0	0	1478	4.074e-05	0.00186117	0.00038298
0	0	1480	4.077e-05	0.00179228	0.00037707
0	0	1482	4.081e-05	0.0017274	0.00037119
0	0	1484	4.1e-05	0.00166625	0.00036492
0	0	1486	4.085e-05	0.00160719	0.00035875
0	0	1488	4.037e-05	0.00155144	0.0003527
0	0	1490	4.028e-05	0.00149891	0.00034647
0	0	1492	3.999e-05	0.00144812	0.00034069
0	0	1494	3.984e-05	0.00139966	0.0003352
0	0	1496	4.008e-05	0.00135339	0.00032924
0	0	1498	3.962e-05	0.00130915	0.00032364
0	0	1500	3.94e-05	0.00126682	0.0003179
0	0	1502	3.859e-05	0.00122634	0.00031237
0	0	1504	3.784e-05	0.00118679	0.00030714
0	0	1506	3.804e-05	0.00114966	0.00030209
0	0	1508	3.763e-05	0.00111374	0.00029717
0	0	1510	3.677e-05	0.00107936	0.00029221
0	0	1512	3.63e-05	0.00104589	0.00028723
0	0	1514	3.581e-05	0.00101413	0.00028208
0	0	1516	3.5e-05	0.00098405	0.00027699
0	0	1518	3.473e-05	0.00095503	0.00027249
0	0	1520	3.452e-05	0.0009262	0.00026737
0	0	1522	3.419e-05	0.00089918	0.00026308
0	0	1524	3.388e-05	0.00087317	0.00025853
0	0	1526	3.311e-05	0.00084817	0.00025389
0	0	1528	3.222e-05	0.00082388	0.00024959
0	0	1530	3.213e-05	0.00080027	0.00024569
0	0	1532	3.191e-05	0.00077721	0.00024161
0	0	1534	3.168e-05	0.0007556	0.00023697
0	0	1536	3.115e-05	0.00073476	0.00023276
0	0	1538	3.044e-05	0.00071443	0.00022923
0	0	1540	3.007e-05	0.00069454	0.00022568
0	0	1542	2.937e-05	0.00067573	0.00022202
0	0	1544	2.836e-05	0.00065742	0.00021847
0	0	1546	2.845e-05	0.00063983	0.00021503
0	0	1548	2.795e-05	0.00062289	0.00021152
0	0	1550	2.748e-05	0.00060616	0.00020763
0	0	1552	2.692e-05	0.00058997	0.00020434
0	0	1554	2.685e-05	0.00057486	0.00020127
0	0	1556	2.643e-05	0.00055974	0.00019791
0	0	1558	2.547e-05	0.00054511	0.00019499
0	0	1560	2.549e-05	0.00053107	0.00019172
0	0	1562	2.505e-05	0.00051695	0.00018892
0	0	1564	2.448e-05	0.0005041	0.00018585
0	0	1566	2.414e-05	0.00049165	0.00018234
0	0	1568	2.381e-05	0.00047918	0.00017977
0	0	1570	2.333e-05	0.00046698	0.0001769
0	0	1572	2.271e-05	0.00045548	0.00017391
0	0	1574	2.237e-05	0.00044398	0.00017139
0	0	1576	2.205e-05	0.00043273	0.00016898
0	0	1578	2.139e-05	0.00042255	0.00016645
0	0	1580	2.092e-05	0.00041259	0.00016395
0	0	1582	2.02e-05	0.00040243	0.00016168
0	0	1584	1.964e-05	0.00039261	0.0001591
0	0	1586	1.977e-05	0.00038297	0.00015622
0	0	1588	1.972e-05	0.00037379	0.00015396
0	0	1590	1.858e-05	0.00036514	0.00015166
0	0	1592	1.822e-05	0.00035624	0.00014979
0	0	1594	1.778e-05	0.00034769	0.00014734
0	0	1596	1.778e-05	0.00033973	0.00014502
0	0	1598	1.714e-05	0.00033196	0.00014264
0	0	1600	1.664e-05	0.00032478	0.00014096
0	0	1602	1.59e-05	0.00031724	0.00013903
0	0	1604	1.565e-05	0.00030992	0.0001374
0	0	1606	1.522e-05	0.00030318	0.00013476
0	0	1608	1.493e-05	0.00029622	0.00013262
0	0	1610	1.434e-05	0.0002893	0.00013127
0	0	1612	1.374e-05	0.00028298	0.0001294
0	0	1614	1.319e-05	0.00027681	0.00012769
0	0	1616	1.293e-05	0.00027071	0.00012571
0	0	1618	1.254e-05	0.00026462	0.00012371
0	0	1620	1.2e-05	0.00025869	0.0001224
0	0	1622	1.1e-05	0.00025334	0.0001204
0	0	1624	1.083e-05	0.00024787	0.00011889
0	0	1626	1.133e-05	0.00024222	0.00011737
0	0	1628	1.088e-05	0.0002372	0.00011556
0	0	1630	1.064e-05	0.00023194	0.0001138
0	0	1632	9.93e-06	0.00022697	0.00011185
0	0	1634	9.33e-06	0.0002226	0.00011061
0	0	1636	8.45e-06	0.00021772	0.00010883
0	0	1638	7.84e-06	0.0002129	0.00010758
0	0	1640	7.8e-06	0.00020894	0.00010613
0	0	1642	7.28e-06	0.00020502	0.00010455
0	0	1644	6.57e-06	0.00020043	0.0001034
0	0	1646	5.85e-06	0.00019608	0.00010205
0	0	1648	5.7e-06	0.00019204	0.00010062
0	0	1650	5.9e-06	0.00018868	9.931e-05
