X[mm]	Y[mm]	Z[mm]	Bx[T]	By[T]	Bz[T]
----------------------------------------------------------------------------------------------------------------------------------------------------------------
0	0	-1650	-8.7e-06	-0.00034252	-5.722e-05
0	0	-1648	-8.91e-06	-0.00035065	-5.872e-05
0	0	-1646	-8.85e-06	-0.00035802	-5.987e-05
0	0	-1644	-8.7e-06	-0.00036544	-6.092e-05
0	0	-1642	-9.45e-06	-0.00037414	-6.227e-05
0	0	-1640	-9.28e-06	-0.00038238	-6.314e-05
0	0	-1638	-9.31e-06	-0.00039078	-6.426e-05
0	0	-1636	-9.53e-06	-0.00039923	-6.52e-05
0	0	-1634	-1.005e-05	-0.00040852	-6.621e-05
0	0	-1632	-9.72e-06	-0.0004176	-6.779e-05
0	0	-1630	-9.83e-06	-0.00042648	-6.906e-05
0	0	-1628	-1.031e-05	-0.00043614	-7.023e-05
0	0	-1626	-1.035e-05	-0.00044618	-7.165e-05
0	0	-1624	-1.075e-05	-0.00045674	-7.335e-05
0	0	-1622	-1.094e-05	-0.00046714	-7.474e-05
0	0	-1620	-1.154e-05	-0.00047793	-7.608e-05
0	0	-1618	-1.17e-05	-0.00048885	-7.73e-05
0	0	-1616	-1.146e-05	-0.00050011	-7.877e-05
0	0	-1614	-1.155e-05	-0.00051205	-8.073e-05
0	0	-1612	-1.146e-05	-0.00052347	-8.22e-05
0	0	-1610	-1.089e-05	-0.0005364	-8.398e-05
0	0	-1608	-1.202e-05	-0.0005488	-8.579e-05
0	0	-1606	-1.263e-05	-0.00056193	-8.699e-05
0	0	-1604	-1.229e-05	-0.00057547	-8.854e-05
0	0	-1602	-1.232e-05	-0.00058888	-9.058e-05
0	0	-1600	-1.285e-05	-0.0006037	-9.256e-05
0	0	-1598	-1.297e-05	-0.0006181	-9.509e-05
0	0	-1596	-1.292e-05	-0.00063289	-9.653e-05
0	0	-1594	-1.341e-05	-0.00064807	-9.801e-05
0	0	-1592	-1.374e-05	-0.000664	-0.00010026
0	0	-1590	-1.372e-05	-0.00068029	-0.00010225
0	0	-1588	-1.425e-05	-0.00069684	-0.00010417
0	0	-1586	-1.487e-05	-0.00071391	-0.00010656
0	0	-1584	-1.461e-05	-0.00073163	-0.00010908
0	0	-1582	-1.479e-05	-0.00075022	-0.00011144
0	0	-1580	-1.458e-05	-0.00076906	-0.00011387
0	0	-1578	-1.526e-05	-0.0007877	-0.00011628
0	0	-1576	-1.521e-05	-0.00080752	-0.00011811
0	0	-1574	-1.538e-05	-0.00082803	-0.00012121
0	0	-1572	-1.583e-05	-0.00084977	-0.00012387
0	0	-1570	-1.626e-05	-0.00087128	-0.00012637
0	0	-1568	-1.683e-05	-0.00089363	-0.00012941
0	0	-1566	-1.699e-05	-0.00091606	-0.00013208
0	0	-1564	-1.775e-05	-0.00093988	-0.00013464
0	0	-1562	-1.782e-05	-0.00096516	-0.00013808
0	0	-1560	-1.831e-05	-0.00098996	-0.00014078
0	0	-1558	-1.887e-05	-0.00101566	-0.00014408
0	0	-1556	-1.948e-05	-0.00104273	-0.00014763
0	0	-1554	-1.953e-05	-0.00107017	-0.00015086
0	0	-1552	-1.934e-05	-0.00109873	-0.00015393
0	0	-1550	-2.016e-05	-0.00112776	-0.00015698
0	0	-1548	-2.045e-05	-0.00115801	-0.00016059
0	0	-1546	-2.102e-05	-0.00118942	-0.0001645
0	0	-1544	-2.147e-05	-0.0012213	-0.00016879
0	0	-1542	-2.224e-05	-0.00125447	-0.00017264
0	0	-1540	-2.281e-05	-0.00128865	-0.00017671
0	0	-1538	-2.325e-05	-0.00132405	-0.00018086
0	0	-1536	-2.371e-05	-0.00136085	-0.00018567
0	0	-1534	-2.468e-05	-0.00139871	-0.00018989
0	0	-1532	-2.543e-05	-0.00143771	-0.00019438
0	0	-1530	-2.551e-05	-0.0014775	-0.00019885
0	0	-1528	-2.585e-05	-0.00151883	-0.00020348
0	0	-1526	-2.663e-05	-0.00156187	-0.00020882
0	0	-1524	-2.715e-05	-0.00160566	-0.00021356
0	0	-1522	-2.794e-05	-0.00165163	-0.00021872
0	0	-1520	-2.818e-05	-0.00169889	-0.00022478
0	0	-1518	-2.881e-05	-0.00174815	-0.00023025
0	0	-1516	-2.988e-05	-0.00179885	-0.00023571
0	0	-1514	-3.079e-05	-0.00185068	-0.00024154
0	0	-1512	-3.211e-05	-0.00190486	-0.00024793
0	0	-1510	-3.259e-05	-0.00196071	-0.00025433
0	0	-1508	-3.32e-05	-0.00201822	-0.00026104
0	0	-1506	-3.411e-05	-0.00207782	-0.00026768
0	0	-1504	-3.536e-05	-0.00213936	-0.00027466
0	0	-1502	-3.642e-05	-0.00220344	-0.0002821
0	0	-1500	-3.692e-05	-0.00226954	-0.00028975
0	0	-1498	-3.808e-05	-0.00233819	-0.00029715
0	0	-1496	-3.91e-05	-0.00240955	-0.00030496
0	0	-1494	-3.959e-05	-0.00248281	-0.00031305
0	0	-1492	-4.08e-05	-0.00255882	-0.00032153
0	0	-1490	-4.231e-05	-0.00263724	-0.00032991
0	0	-1488	-4.352e-05	-0.00271898	-0.00033967
0	0	-1486	-4.475e-05	-0.00280394	-0.00034916
0	0	-1484	-4.585e-05	-0.00289203	-0.00035849
0	0	-1482	-4.691e-05	-0.00298245	-0.0003691
0	0	-1480	-4.806e-05	-0.0030766	-0.00037872
0	0	-1478	-4.97e-05	-0.00317483	-0.00038896
0	0	-1476	-5.096e-05	-0.00327597	-0.00040041
0	0	-1474	-5.25e-05	-0.0033814	-0.00041166
0	0	-1472	-5.463e-05	-0.00349098	-0.0004234
0	0	-1470	-5.64e-05	-0.0036043	-0.00043619
0	0	-1468	-5.771e-05	-0.00372169	-0.00044909
0	0	-1466	-5.964e-05	-0.00384399	-0.00046162
0	0	-1464	-6.14e-05	-0.00397166	-0.00047488
0	0	-1462	-6.312e-05	-0.00410333	-0.00048935
0	0	-1460	-6.524e-05	-0.00424077	-0.0005041
0	0	-1458	-6.723e-05	-0.00438341	-0.00051904
0	0	-1456	-6.953e-05	-0.00453112	-0.00053463
0	0	-1454	-7.192e-05	-0.00468597	-0.00055029
0	0	-1452	-7.438e-05	-0.00484634	-0.00056706
0	0	-1450	-7.694e-05	-0.0050128	-0.00058471
0	0	-1448	-7.934e-05	-0.00518684	-0.00060265
0	0	-1446	-8.19e-05	-0.00536761	-0.00062159
0	0	-1444	-8.456e-05	-0.0055558	-0.00064099
0	0	-1442	-8.742e-05	-0.0057522	-0.00066006
0	0	-1440	-9.023e-05	-0.00595639	-0.00068109
0	0	-1438	-9.307e-05	-0.00616948	-0.00070254
0	0	-1436	-9.661e-05	-0.00639192	-0.00072395
0	0	-1434	-0.0001001	-0.00662361	-0.00074678
0	0	-1432	-0.00010315	-0.00686504	-0.00077055
0	0	-1430	-0.0001071	-0.00711712	-0.0007948
0	0	-1428	-0.00011085	-0.00738049	-0.0008201
0	0	-1426	-0.00011437	-0.00765542	-0.00084632
0	0	-1424	-0.00011854	-0.00794304	-0.00087375
0	0	-1422	-0.00012377	-0.00824387	-0.0009015
0	0	-1420	-0.00012846	-0.0085582	-0.00093023
0	0	-1418	-0.00013265	-0.00888637	-0.00095949
0	0	-1416	-0.00013765	-0.00922969	-0.00099009
0	0	-1414	-0.0001433	-0.00958926	-0.0010217
0	0	-1412	-0.00014877	-0.00996551	-0.00105393
0	0	-1410	-0.00015444	-0.0103593	-0.00108703
0	0	-1408	-0.00016005	-0.0107726	-0.00112144
0	0	-1406	-0.00016582	-0.0112058	-0.00115655
0	0	-1404	-0.00017219	-0.0116596	-0.00119255
0	0	-1402	-0.00017925	-0.0121359	-0.00122922
0	0	-1400	-0.0001861	-0.0126352	-0.00126662
0	0	-1398	-0.00019309	-0.0131597	-0.00130477
0	0	-1396	-0.00020067	-0.013711	-0.00134346
0	0	-1394	-0.00020856	-0.0142895	-0.00138254
0	0	-1392	-0.00021711	-0.0148974	-0.00142171
0	0	-1390	-0.00022592	-0.0155368	-0.0014613
0	0	-1388	-0.00023483	-0.016209	-0.00150112
0	0	-1386	-0.00024407	-0.0169154	-0.00154073
0	0	-1384	-0.00025414	-0.0176594	-0.00157972
0	0	-1382	-0.00026432	-0.0184426	-0.00161775
0	0	-1380	-0.0002748	-0.019267	-0.00165484
0	0	-1378	-0.00028576	-0.0201361	-0.00169036
0	0	-1376	-0.00029744	-0.0210511	-0.00172409
0	0	-1374	-0.00031019	-0.0220151	-0.00175596
0	0	-1372	-0.00032251	-0.0230307	-0.00178406
0	0	-1370	-0.00033525	-0.0241012	-0.00180893
0	0	-1368	-0.00034918	-0.0252296	-0.00182888
0	0	-1366	-0.00036293	-0.0264184	-0.00184383
0	0	-1364	-0.00037767	-0.0276713	-0.00185303
0	0	-1362	-0.00039336	-0.0289922	-0.00185567
0	0	-1360	-0.00040906	-0.0303835	-0.00184935
0	0	-1358	-0.00042472	-0.0318488	-0.00183397
0	0	-1356	-0.0004421	-0.0333912	-0.00180816
0	0	-1354	-0.00045974	-0.0350144	-0.00177037
0	0	-1352	-0.00047739	-0.0367217	-0.00172011
0	0	-1350	-0.00049545	-0.0385159	-0.00165463
0	0	-1348	-0.00051426	-0.0403991	-0.00157232
0	0	-1346	-0.0005339	-0.0423745	-0.00147207
0	0	-1344	-0.00055332	-0.0444447	-0.0013525
0	0	-1342	-0.00057345	-0.0466101	-0.0012114
0	0	-1340	-0.00059364	-0.0488719	-0.00104812
0	0	-1338	-0.00061362	-0.0512293	-0.00086097
0	0	-1336	-0.00063403	-0.0536826	-0.00064976
0	0	-1334	-0.00065447	-0.0562296	-0.00041295
0	0	-1332	-0.00067482	-0.0588666	-0.00015094
0	0	-1330	-0.00069516	-0.0615888	0.00013686
0	0	-1328	-0.00071462	-0.0643895	0.00044926
0	0	-1326	-0.00073377	-0.0672602	0.00078458
0	0	-1324	-0.00075244	-0.0701918	0.00114121
0	0	-1322	-0.00077003	-0.0731697	0.00151556
0	0	-1320	-0.00078625	-0.0761791	0.00190396
0	0	-1318	-0.00080148	-0.0792014	0.00230213
0	0	-1316	-0.00081583	-0.082216	0.00270389
0	0	-1314	-0.00082758	-0.085198	0.00310371
0	0	-1312	-0.00083772	-0.0881183	0.0034949
0	0	-1310	-0.00084554	-0.0909452	0.00387048
0	0	-1308	-0.00085109	-0.0936428	0.00422235
0	0	-1306	-0.00085276	-0.0961712	0.00454365
0	0	-1304	-0.000852	-0.0984843	0.00482655
0	0	-1302	-0.00084818	-0.100533	0.00506415
0	0	-1300	-0.00084026	-0.102266	0.00525093
0	0	-1298	-0.00082803	-0.103624	0.0053828
0	0	-1296	-0.00081161	-0.104546	0.0054552
0	0	-1294	-0.00079139	-0.104969	0.00546573
0	0	-1292	-0.00076638	-0.104826	0.00541349
0	0	-1290	-0.00073642	-0.104048	0.00529945
0	0	-1288	-0.00070095	-0.102567	0.00512586
0	0	-1286	-0.00066031	-0.100316	0.00489731
0	0	-1284	-0.00061449	-0.097233	0.00461892
0	0	-1282	-0.00056312	-0.0932576	0.00429693
0	0	-1280	-0.0005066	-0.0883378	0.00393837
0	0	-1278	-0.00044486	-0.0824286	0.003552
0	0	-1276	-0.00037754	-0.0754956	0.00314656
0	0	-1274	-0.00030487	-0.0675162	0.00273018
0	0	-1272	-0.00022732	-0.058482	0.00231176
0	0	-1270	-0.00014512	-0.0483965	0.00189893
0	0	-1268	-5.785e-05	-0.0372767	0.00150003
0	0	-1266	3.321e-05	-0.0251584	0.00112259
0	0	-1264	0.00012763	-0.0120925	0.00077052
0	0	-1262	0.00022563	0.00185849	0.00045043
0	0	-1260	0.00032698	0.0166164	0.0001658
0	0	-1258	0.00042988	0.0320906	-7.97e-05
0	0	-1256	0.00053449	0.0481771	-0.00028321
0	0	-1254	0.00064055	0.0647634	-0.00044483
0	0	-1252	0.00074643	0.0817266	-0.00056469
0	0	-1250	0.00085183	0.0989386	-0.00064014
0	0	-1248	0.00095623	0.11626	-0.00067306
0	0	-1246	0.00105805	0.133551	-0.00066733
0	0	-1244	0.00115735	0.15067	-0.00062241
0	0	-1242	0.00125222	0.167473	-0.0005404
0	0	-1240	0.00134346	0.183813	-0.00042395
0	0	-1238	0.0014289	0.199546	-0.00027698
0	0	-1236	0.00150809	0.214535	-0.00010283
0	0	-1234	0.00158066	0.228646	9.66e-05
0	0	-1232	0.0016459	0.241748	0.00031734
0	0	-1230	0.00170257	0.253721	0.00055503
0	0	-1228	0.00175078	0.264454	0.00080575
0	0	-1226	0.0017903	0.273847	0.00106663
0	0	-1224	0.0018197	0.28181	0.00133394
0	0	-1222	0.00183946	0.288265	0.00160332
0	0	-1220	0.00184834	0.293149	0.00187162
0	0	-1218	0.00184718	0.296416	0.00213477
0	0	-1216	0.00183541	0.29803	0.00238942
0	0	-1214	0.0018136	0.297969	0.0026327
0	0	-1212	0.00178101	0.296231	0.00286148
0	0	-1210	0.00173797	0.292824	0.00307257
0	0	-1208	0.00168509	0.287771	0.00326376
0	0	-1206	0.00162232	0.281109	0.00343324
0	0	-1204	0.00155042	0.272883	0.00357878
0	0	-1202	0.00146944	0.263153	0.00369842
0	0	-1200	0.00138048	0.25199	0.00379286
0	0	-1198	0.0012831	0.239468	0.00386066
0	0	-1196	0.00117837	0.225672	0.00390048
0	0	-1194	0.00106688	0.21069	0.00391359
0	0	-1192	0.00094936	0.194614	0.00390085
0	0	-1190	0.00082655	0.17754	0.00386222
0	0	-1188	0.00069918	0.159562	0.00380008
0	0	-1186	0.00056786	0.140777	0.00371467
0	0	-1184	0.00043323	0.121278	0.00360755
0	0	-1182	0.00029499	0.101163	0.003481
0	0	-1180	0.00015643	0.0805219	0.00333543
0	0	-1178	1.623e-05	0.059442	0.00317357
0	0	-1176	-0.00012507	0.038012	0.0029973
0	0	-1174	-0.00026665	0.01632	0.00280697
0	0	-1172	-0.00040731	-0.00554948	0.00260447
0	0	-1170	-0.00054691	-0.0275146	0.00239096
0	0	-1168	-0.00068467	-0.049492	0.00216915
0	0	-1166	-0.00082019	-0.0713933	0.00193878
0	0	-1164	-0.00095243	-0.0931349	0.00170067
0	0	-1162	-0.00108125	-0.114632	0.00145922
0	0	-1160	-0.00120666	-0.135795	0.00121203
0	0	-1158	-0.00132725	-0.15653	0.00096109
0	0	-1156	-0.00144264	-0.176742	0.00070856
0	0	-1154	-0.00155251	-0.196338	0.00045494
0	0	-1152	-0.00165633	-0.215219	0.00020252
0	0	-1150	-0.00175337	-0.233281	-4.96e-05
0	0	-1148	-0.00184354	-0.250421	-0.00029792
0	0	-1146	-0.00192506	-0.266538	-0.00054227
0	0	-1144	-0.00199895	-0.281532	-0.0007811
0	0	-1142	-0.00206467	-0.295301	-0.00101187
0	0	-1140	-0.00212077	-0.307752	-0.00123533
0	0	-1138	-0.00216736	-0.318798	-0.00144998
0	0	-1136	-0.00220454	-0.328354	-0.00165402
0	0	-1134	-0.00223181	-0.336346	-0.0018469
0	0	-1132	-0.00224813	-0.342711	-0.00202754
0	0	-1130	-0.00225431	-0.347398	-0.00219551
0	0	-1128	-0.0022502	-0.350366	-0.0023504
0	0	-1126	-0.002235	-0.351586	-0.00249183
0	0	-1124	-0.00221014	-0.351048	-0.00262043
0	0	-1122	-0.00217445	-0.348749	-0.00273598
0	0	-1120	-0.0021287	-0.344705	-0.00283873
0	0	-1118	-0.00207372	-0.338945	-0.00292922
0	0	-1116	-0.00200889	-0.331508	-0.00300816
0	0	-1114	-0.00193489	-0.322447	-0.00307643
0	0	-1112	-0.00185251	-0.311827	-0.00313536
0	0	-1110	-0.00176246	-0.29972	-0.00318499
0	0	-1108	-0.0016649	-0.286211	-0.00322719
0	0	-1106	-0.00156057	-0.271388	-0.00326196
0	0	-1104	-0.0014503	-0.255345	-0.00329008
0	0	-1102	-0.00133406	-0.238181	-0.00331298
0	0	-1100	-0.00121337	-0.219997	-0.00333238
0	0	-1098	-0.00108903	-0.200894	-0.00334719
0	0	-1096	-0.00096037	-0.180972	-0.00335742
0	0	-1094	-0.00082887	-0.160335	-0.00336393
0	0	-1092	-0.0006959	-0.13908	-0.00336721
0	0	-1090	-0.00056106	-0.117304	-0.00336721
0	0	-1088	-0.00042549	-0.0950989	-0.00336212
0	0	-1086	-0.00028917	-0.072556	-0.00335097
0	0	-1084	-0.00015313	-0.0497684	-0.0033343
0	0	-1082	-1.927e-05	-0.0268221	-0.00331094
0	0	-1080	0.00011387	-0.00380108	-0.00327817
0	0	-1078	0.00024557	0.019207	-0.00323522
0	0	-1076	0.0003742	0.0421131	-0.00318214
0	0	-1074	0.00049986	0.0648328	-0.0031182
0	0	-1072	0.00062234	0.0872825	-0.00303859
0	0	-1070	0.00074086	0.109368	-0.00294221
0	0	-1068	0.00085438	0.130994	-0.00283113
0	0	-1066	0.00096279	0.152071	-0.00270277
0	0	-1064	0.00106541	0.172503	-0.00255546
0	0	-1062	0.0011617	0.192188	-0.00238921
0	0	-1060	0.0012519	0.211023	-0.00220436
0	0	-1058	0.00133474	0.228909	-0.00200004
0	0	-1056	0.00141003	0.245746	-0.00177772
0	0	-1054	0.00147706	0.26143	-0.00153753
0	0	-1052	0.00153606	0.275863	-0.00128167
0	0	-1050	0.00158623	0.288955	-0.00101228
0	0	-1048	0.00162754	0.300615	-0.00073001
0	0	-1046	0.00165965	0.31076	-0.00043759
0	0	-1044	0.00168273	0.31932	-0.00013921
0	0	-1042	0.00169521	0.326233	0.00016288
0	0	-1040	0.00169853	0.331446	0.00046713
0	0	-1038	0.00169217	0.334921	0.00076937
0	0	-1036	0.00167586	0.336632	0.00106619
0	0	-1034	0.00164977	0.336566	0.00135514
0	0	-1032	0.00161483	0.334724	0.00163325
0	0	-1030	0.00157043	0.331122	0.00189759
0	0	-1028	0.00151698	0.325789	0.00214585
0	0	-1026	0.00145456	0.318766	0.00237756
0	0	-1024	0.00138389	0.310106	0.00258955
0	0	-1022	0.00130641	0.299873	0.00278125
0	0	-1020	0.00122169	0.288142	0.00295064
0	0	-1018	0.00112986	0.274996	0.00309814
0	0	-1016	0.00103162	0.260523	0.00322464
0	0	-1014	0.00092817	0.244816	0.0033283
0	0	-1012	0.00081947	0.227978	0.00340905
0	0	-1010	0.00070628	0.210109	0.00346971
0	0	-1008	0.00058929	0.191307	0.00351004
0	0	-1006	0.00046942	0.171674	0.00353063
0	0	-1004	0.00034652	0.151313	0.00353254
0	0	-1002	0.00022126	0.130323	0.00351653
0	0	-1000	9.407e-05	0.108797	0.00348426
0	0	-998	-3.364e-05	0.0868296	0.0034352
0	0	-996	-0.00016184	0.0645147	0.00337087
0	0	-994	-0.00029024	0.041943	0.00329152
0	0	-992	-0.00041802	0.0191972	0.00319914
0	0	-990	-0.00054544	-0.00363594	0.00309262
0	0	-988	-0.00067094	-0.0264656	0.00297253
0	0	-986	-0.00079395	-0.0492042	0.00284017
0	0	-984	-0.00091495	-0.0717702	0.00269299
0	0	-982	-0.00103254	-0.0940755	0.00253361
0	0	-980	-0.00114655	-0.116026	0.00236168
0	0	-978	-0.00125695	-0.137529	0.00217633
0	0	-976	-0.00136238	-0.15849	0.00197986
0	0	-974	-0.00146255	-0.178813	0.00177011
0	0	-972	-0.001557	-0.198393	0.00154963
0	0	-970	-0.00164563	-0.217131	0.00131896
0	0	-968	-0.00172764	-0.234925	0.00107923
0	0	-966	-0.0018021	-0.25167	0.00083024
0	0	-964	-0.00186893	-0.267264	0.00057412
0	0	-962	-0.00192768	-0.281608	0.00031305
0	0	-960	-0.00197759	-0.294606	4.864e-05
0	0	-958	-0.00201889	-0.306168	-0.00021857
0	0	-956	-0.00205138	-0.316212	-0.00048592
0	0	-954	-0.00207408	-0.324664	-0.00075076
0	0	-952	-0.00208632	-0.33146	-0.00101101
0	0	-950	-0.00208915	-0.33655	-0.00126607
0	0	-948	-0.00208171	-0.339892	-0.00151321
0	0	-946	-0.00206425	-0.341461	-0.00174989
0	0	-944	-0.00203657	-0.341245	-0.00197509
0	0	-942	-0.00199906	-0.339246	-0.00218713
0	0	-940	-0.00195203	-0.335479	-0.00238353
0	0	-938	-0.00189503	-0.329974	-0.0025644
0	0	-936	-0.00182922	-0.322774	-0.00272819
0	0	-934	-0.00175487	-0.313932	-0.00287412
0	0	-932	-0.00167232	-0.303515	-0.00300192
0	0	-930	-0.00158147	-0.2916	-0.00311088
0	0	-928	-0.00148353	-0.278272	-0.00320218
0	0	-926	-0.00137912	-0.263619	-0.00327443
0	0	-924	-0.00126892	-0.247739	-0.00332923
0	0	-922	-0.00115347	-0.230735	-0.00336709
0	0	-920	-0.00103365	-0.212707	-0.00338818
0	0	-918	-0.00090921	-0.193756	-0.00339389
0	0	-916	-0.00078184	-0.173986	-0.00338474
0	0	-914	-0.00065144	-0.153498	-0.00336157
0	0	-912	-0.00051861	-0.132394	-0.0033246
0	0	-910	-0.00038456	-0.110765	-0.00327538
0	0	-908	-0.00024966	-0.0887078	-0.00321432
0	0	-906	-0.00011435	-0.0663156	-0.00314119
0	0	-904	2.08e-05	-0.0436744	-0.0030573
0	0	-902	0.00015546	-0.0208689	-0.00296305
0	0	-900	0.00028897	0.00201397	-0.00285768
0	0	-898	0.00042058	0.0248885	-0.00274104
0	0	-896	0.00055002	0.0476674	-0.00261451
0	0	-894	0.00067636	0.0702692	-0.00247751
0	0	-892	0.0007998	0.0926054	-0.00232873
0	0	-890	0.00091997	0.114586	-0.00216984
0	0	-888	0.00103491	0.13612	-0.00200125
0	0	-886	0.0011451	0.157115	-0.00182071
0	0	-884	0.00124987	0.177471	-0.00162968
0	0	-882	0.00134875	0.197089	-0.0014296
0	0	-880	0.00144103	0.215868	-0.00121974
0	0	-878	0.00152588	0.233706	-0.00100238
0	0	-876	0.00160306	0.2505	-0.00077606
0	0	-874	0.00167269	0.266146	-0.00054556
0	0	-872	0.00173363	0.280547	-0.00031026
0	0	-870	0.00178486	0.293608	-7.09e-05
0	0	-868	0.00182635	0.305238	0.00016873
0	0	-866	0.00185858	0.315354	0.00040763
0	0	-864	0.00188023	0.323883	0.00064421
0	0	-862	0.00189201	0.330763	0.00087563
0	0	-860	0.00189332	0.33594	0.00110007
0	0	-858	0.00188347	0.339374	0.00131565
0	0	-856	0.00186262	0.34104	0.00152102
0	0	-854	0.00183157	0.340924	0.00171415
0	0	-852	0.00179	0.339027	0.00189318
0	0	-850	0.00173823	0.335363	0.0020575
0	0	-848	0.00167693	0.329964	0.002206
0	0	-846	0.0016058	0.322869	0.0023374
0	0	-844	0.00152543	0.314132	0.00245218
0	0	-842	0.00143633	0.303818	0.00254921
0	0	-840	0.00134036	0.292002	0.00262798
0	0	-838	0.0012368	0.278766	0.00269025
0	0	-836	0.00112535	0.264201	0.00273582
0	0	-834	0.00100863	0.248402	0.00276413
0	0	-832	0.00088663	0.231469	0.00277673
0	0	-830	0.00075981	0.213503	0.00277612
0	0	-828	0.00062941	0.194604	0.00276072
0	0	-826	0.00049563	0.174877	0.00273332
0	0	-824	0.00035853	0.154422	0.0026929
0	0	-822	0.00021924	0.133339	0.00264082
0	0	-820	7.934e-05	0.111723	0.0025799
0	0	-818	-6.07e-05	0.0896704	0.00250787
0	0	-816	-0.00020145	0.0672768	0.00242609
0	0	-814	-0.00034135	0.0446293	0.00233621
0	0	-812	-0.00048077	0.0218126	0.00223677
0	0	-810	-0.00061886	-0.00108349	0.0021285
0	0	-808	-0.00075448	-0.0239718	0.00201101
0	0	-806	-0.0008875	-0.046765	0.00188374
0	0	-804	-0.00101731	-0.069377	0.00174811
0	0	-802	-0.00114359	-0.0917203	0.00160368
0	0	-800	-0.00126616	-0.113701	0.00144909
0	0	-798	-0.00138405	-0.135231	0.00128518
0	0	-796	-0.00149645	-0.156215	0.0011113
0	0	-794	-0.00160382	-0.176554	0.00092847
0	0	-792	-0.00170557	-0.196146	0.0007369
0	0	-790	-0.00180123	-0.214893	0.00053596
0	0	-788	-0.00188947	-0.232694	0.00032721
0	0	-786	-0.00197137	-0.249444	0.00011186
0	0	-784	-0.00204603	-0.265043	-0.00010885
0	0	-782	-0.00211238	-0.279393	-0.00033463
0	0	-780	-0.00217108	-0.292401	-0.00056253
0	0	-778	-0.00222141	-0.303976	-0.00079056
0	0	-776	-0.00226337	-0.314036	-0.00101781
0	0	-774	-0.00229718	-0.322512	-0.00124226
0	0	-772	-0.00232121	-0.329339	-0.00146188
0	0	-770	-0.00233724	-0.334466	-0.00167412
0	0	-768	-0.00234317	-0.337853	-0.00187745
0	0	-766	-0.00234003	-0.339476	-0.00207054
0	0	-764	-0.0023281	-0.339323	-0.0022512
0	0	-762	-0.00230631	-0.337394	-0.00241841
0	0	-760	-0.00227534	-0.333704	-0.00257055
0	0	-758	-0.00223542	-0.328282	-0.0027064
0	0	-756	-0.00218637	-0.32117	-0.00282537
0	0	-754	-0.00212773	-0.312421	-0.00292693
0	0	-752	-0.00206002	-0.302102	-0.00301205
0	0	-750	-0.00198372	-0.290286	-0.00307902
0	0	-748	-0.00189941	-0.277056	-0.00312857
0	0	-746	-0.0018063	-0.2625	-0.00316204
0	0	-744	-0.00170591	-0.246713	-0.00317972
0	0	-742	-0.00159842	-0.229796	-0.00318154
0	0	-740	-0.00148321	-0.211847	-0.00316859
0	0	-738	-0.00136215	-0.19297	-0.0031429
0	0	-736	-0.0012347	-0.173266	-0.00310577
0	0	-734	-0.00110183	-0.152838	-0.00305711
0	0	-732	-0.00096542	-0.13178	-0.00299644
0	0	-730	-0.00082407	-0.110189	-0.00292508
0	0	-728	-0.00067845	-0.0881601	-0.00284506
0	0	-726	-0.00053083	-0.0657873	-0.00275538
0	0	-724	-0.00038017	-0.0431575	-0.00265634
0	0	-722	-0.00022882	-0.020359	-0.00254855
0	0	-720	-7.561e-05	0.00252169	-0.00243121
0	0	-718	7.812e-05	0.0253988	-0.00230465
0	0	-716	0.0002309	0.0481858	-0.00216819
0	0	-714	0.00038272	0.0707971	-0.00202044
0	0	-712	0.00053374	0.0931434	-0.00186317
0	0	-710	0.00068147	0.11513	-0.00169675
0	0	-708	0.00082686	0.136669	-0.00151938
0	0	-706	0.00096807	0.157668	-0.00132939
0	0	-704	0.00110498	0.178025	-0.00112961
0	0	-702	0.00123736	0.197639	-0.00092065
0	0	-700	0.00136359	0.21641	-0.00070093
0	0	-698	0.00148346	0.234239	-0.00047277
0	0	-696	0.00159727	0.25102	-0.00023657
0	0	-694	0.00170243	0.266648	7.12e-06
0	0	-692	0.00179887	0.28103	0.00025512
0	0	-690	0.00188649	0.294071	0.00050654
0	0	-688	0.0019646	0.305678	0.00075968
0	0	-686	0.00203235	0.315771	0.00101213
0	0	-684	0.0020902	0.324278	0.00126244
0	0	-682	0.00213735	0.331135	0.00150897
0	0	-680	0.00217303	0.336291	0.00174877
0	0	-678	0.00219768	0.339705	0.00198065
0	0	-676	0.00221048	0.341352	0.00220216
0	0	-674	0.00221274	0.341218	0.00241101
0	0	-672	0.00220326	0.339307	0.00260745
0	0	-670	0.00218228	0.335633	0.00278929
0	0	-668	0.00215078	0.330223	0.00295607
0	0	-666	0.00210943	0.32312	0.00310585
0	0	-664	0.00205758	0.314378	0.00323907
0	0	-662	0.00199504	0.304061	0.00335469
0	0	-660	0.00192367	0.292244	0.00345264
0	0	-658	0.00184398	0.279011	0.00353461
0	0	-656	0.00175588	0.264452	0.00359897
0	0	-654	0.00165998	0.248659	0.00364683
0	0	-652	0.00155754	0.231734	0.00367859
0	0	-650	0.0014484	0.213777	0.00369573
0	0	-648	0.00133337	0.194888	0.00369699
0	0	-646	0.00121349	0.175174	0.003684
0	0	-644	0.00108911	0.154733	0.00366006
0	0	-642	0.00096145	0.133664	0.00362303
0	0	-640	0.00083064	0.11206	0.00357209
0	0	-638	0.00069654	0.0900194	0.00351087
0	0	-636	0.00056059	0.0676337	0.00343776
0	0	-634	0.00042344	0.0449892	0.00335371
0	0	-632	0.00028579	0.0221744	0.00325764
0	0	-630	0.00014782	-0.00072148	0.00315126
0	0	-628	1.005e-05	-0.0236139	0.00303453
0	0	-626	-0.00012582	-0.046421	0.0029038
0	0	-624	-0.00026112	-0.0690547	0.00276308
0	0	-622	-0.00039383	-0.0914235	0.00261217
0	0	-620	-0.00052389	-0.113438	0.00244899
0	0	-618	-0.00065034	-0.135008	0.00227527
0	0	-616	-0.00077314	-0.156038	0.00209059
0	0	-614	-0.00089107	-0.176429	0.00189573
0	0	-612	-0.00100329	-0.196082	0.00169085
0	0	-610	-0.00110963	-0.214897	0.00147703
0	0	-608	-0.00121018	-0.232772	0.0012554
0	0	-606	-0.00130347	-0.2496	0.00102829
0	0	-604	-0.00138874	-0.26528	0.00079591
0	0	-602	-0.00146616	-0.279715	0.00056015
0	0	-600	-0.00153451	-0.29281	0.00032296
0	0	-598	-0.00159429	-0.304474	8.664e-05
0	0	-596	-0.00164489	-0.314625	-0.0001472
0	0	-594	-0.00168474	-0.323189	-0.0003763
0	0	-592	-0.00171437	-0.330102	-0.0005995
0	0	-590	-0.00173381	-0.335314	-0.00081431
0	0	-588	-0.00174267	-0.338783	-0.00101925
0	0	-586	-0.00174041	-0.340483	-0.00121337
0	0	-584	-0.00172733	-0.340402	-0.001395
0	0	-582	-0.00170411	-0.338542	-0.00156378
0	0	-580	-0.00167008	-0.334918	-0.0017181
0	0	-578	-0.00162504	-0.329557	-0.00185838
0	0	-576	-0.00157005	-0.322503	-0.00198341
0	0	-574	-0.00150587	-0.313808	-0.00209316
0	0	-572	-0.00143191	-0.30354	-0.00218927
0	0	-570	-0.00134949	-0.291772	-0.00227126
0	0	-568	-0.00125878	-0.278588	-0.0023389
0	0	-566	-0.00115966	-0.26408	-0.00239422
0	0	-564	-0.00105383	-0.248343	-0.00243803
0	0	-562	-0.00094145	-0.231475	-0.00247031
0	0	-560	-0.0008229	-0.213579	-0.00249157
0	0	-558	-0.00069975	-0.194756	-0.00250251
0	0	-556	-0.00057174	-0.175109	-0.00250606
0	0	-554	-0.00044037	-0.154741	-0.0025014
0	0	-552	-0.00030551	-0.133747	-0.00248847
0	0	-550	-0.00016805	-0.112224	-0.00246743
0	0	-548	-2.927e-05	-0.0902677	-0.00243925
0	0	-546	0.00011088	-0.0679662	-0.0024054
0	0	-544	0.00025139	-0.0454073	-0.00236233
0	0	-542	0.0003915	-0.0226801	-0.00231205
0	0	-540	0.00053136	0.00012949	-0.00225417
0	0	-538	0.00066978	0.022938	-0.00218736
0	0	-536	0.00080667	0.0456625	-0.00211132
0	0	-534	0.00094093	0.0682172	-0.00202441
0	0	-532	0.00107227	0.0905129	-0.00192776
0	0	-530	0.00119986	0.112461	-0.00181985
0	0	-528	0.0013238	0.133973	-0.00170044
0	0	-526	0.00144335	0.154952	-0.0015687
0	0	-524	0.00155748	0.1753	-0.00142524
0	0	-522	0.0016667	0.194917	-0.0012701
0	0	-520	0.00176893	0.213707	-0.0011022
0	0	-518	0.00186581	0.231563	-0.00092356
0	0	-516	0.00195518	0.248381	-0.00073628
0	0	-514	0.00203662	0.264059	-0.00053924
0	0	-512	0.00211101	0.278499	-0.00033405
0	0	-510	0.00217709	0.291605	-0.00012254
0	0	-508	0.00223446	0.303286	9.14e-05
0	0	-506	0.00228287	0.313459	0.00030797
0	0	-504	0.00232175	0.32205	0.00052499
0	0	-502	0.00235176	0.328995	0.00073926
0	0	-500	0.00237236	0.334239	0.00094872
0	0	-498	0.00238314	0.337745	0.0011509
0	0	-496	0.00238485	0.339483	0.00134445
0	0	-494	0.00237622	0.339441	0.00152696
0	0	-492	0.00235748	0.337622	0.00169632
0	0	-490	0.00232967	0.334037	0.00185214
0	0	-488	0.00229314	0.328716	0.00199284
0	0	-486	0.00224738	0.3217	0.00211723
0	0	-484	0.0021923	0.313042	0.00222536
0	0	-482	0.0021288	0.302811	0.00231603
0	0	-480	0.00205784	0.291076	0.00238939
0	0	-478	0.0019791	0.277921	0.00244665
0	0	-476	0.00189378	0.26344	0.00248843
0	0	-474	0.00180104	0.247728	0.00251536
0	0	-472	0.00170268	0.23088	0.00252758
0	0	-470	0.00159894	0.212999	0.00252633
0	0	-468	0.00148988	0.194188	0.00251376
0	0	-466	0.00137642	0.174548	0.00249019
0	0	-464	0.00125877	0.154181	0.00245687
0	0	-462	0.00113824	0.133184	0.00241629
0	0	-460	0.00101457	0.111657	0.00236777
0	0	-458	0.00088846	0.0896911	0.00231194
0	0	-456	0.00076083	0.0673781	0.0022488
0	0	-454	0.00063233	0.0448053	0.00217989
0	0	-452	0.00050242	0.0220637	0.00210625
0	0	-450	0.00037241	-0.00076012	0.00202531
0	0	-448	0.0002431	-0.0235835	0.00193877
0	0	-446	0.00011389	-0.0463197	0.00184585
0	0	-444	-1.346e-05	-0.0688816	0.00174617
0	0	-442	-0.00013899	-0.0911828	0.00164063
0	0	-440	-0.00026213	-0.113132	0.00152699
0	0	-438	-0.00038165	-0.134641	0.00140453
0	0	-436	-0.00049802	-0.155614	0.00127437
0	0	-434	-0.00061016	-0.175951	0.00113769
0	0	-432	-0.00071753	-0.195556	0.00099239
0	0	-430	-0.00081912	-0.214327	0.00083748
0	0	-428	-0.00091512	-0.232165	0.00067734
0	0	-426	-0.00100502	-0.248964	0.00051114
0	0	-424	-0.00108717	-0.264625	0.00033744
0	0	-422	-0.00116166	-0.279049	0.00015991
0	0	-420	-0.00122831	-0.292143	-2.08e-05
0	0	-418	-0.00128723	-0.303815	-0.00020327
0	0	-416	-0.00133608	-0.313986	-0.00038642
0	0	-414	-0.00137537	-0.322585	-0.00056801
0	0	-412	-0.00140515	-0.329545	-0.00074739
0	0	-410	-0.00142544	-0.334813	-0.00092232
0	0	-408	-0.00143518	-0.338353	-0.00109134
0	0	-406	-0.00143488	-0.340136	-0.00125286
0	0	-404	-0.00142467	-0.34015	-0.0014065
0	0	-402	-0.00140467	-0.338394	-0.00155139
0	0	-400	-0.00137412	-0.334882	-0.00168608
0	0	-398	-0.00133358	-0.32964	-0.00180964
0	0	-396	-0.00128409	-0.32271	-0.00192152
0	0	-394	-0.00122566	-0.314145	-0.00202278
0	0	-392	-0.00115841	-0.304008	-0.00211341
0	0	-390	-0.00108324	-0.292368	-0.00219223
0	0	-388	-0.00099974	-0.279309	-0.00225917
0	0	-386	-0.00090974	-0.264919	-0.00231656
0	0	-384	-0.00081361	-0.249292	-0.00236577
0	0	-382	-0.00071067	-0.232522	-0.00240462
0	0	-380	-0.0006029	-0.214713	-0.00243576
0	0	-378	-0.00049036	-0.195964	-0.00246007
0	0	-376	-0.00037343	-0.176375	-0.00247625
0	0	-374	-0.00025313	-0.156044	-0.00248483
0	0	-372	-0.00012921	-0.135072	-0.00248819
0	0	-370	-3.25e-06	-0.113557	-0.00248562
0	0	-368	0.00012418	-0.0915913	-0.00247796
0	0	-366	0.0002538	-0.069266	-0.00246339
0	0	-364	0.00038464	-0.0466708	-0.00244257
0	0	-362	0.00051574	-0.0238951	-0.00241609
0	0	-360	0.00064706	-0.00102357	-0.00238279
0	0	-358	0.00077802	0.0218558	-0.00234088
0	0	-356	0.00090817	0.0446565	-0.00229096
0	0	-354	0.00103759	0.0672896	-0.00223195
0	0	-352	0.00116461	0.0896655	-0.00216405
0	0	-350	0.00128968	0.111696	-0.00208535
0	0	-348	0.00141197	0.133289	-0.00199517
0	0	-346	0.00153138	0.154348	-0.00189419
0	0	-344	0.00164638	0.17477	-0.00178317
0	0	-342	0.00175694	0.19446	-0.00165932
0	0	-340	0.00186245	0.213314	-0.00152328
0	0	-338	0.00196277	0.23123	-0.00137604
0	0	-336	0.00205679	0.248103	-0.0012198
0	0	-334	0.00214391	0.263834	-0.0010536
0	0	-332	0.00222441	0.278322	-0.00087773
0	0	-330	0.00229699	0.29147	-0.00069491
0	0	-328	0.00236055	0.30319	-0.00050753
0	0	-326	0.00241535	0.3134	-0.00031592
0	0	-324	0.00246133	0.322025	-0.0001221
0	0	-322	0.00249827	0.329002	7.174e-05
0	0	-320	0.00252578	0.334279	0.00026392
0	0	-318	0.00254181	0.337815	0.00045261
0	0	-316	0.00254822	0.339584	0.00063565
0	0	-314	0.00254435	0.339573	0.00081185
0	0	-312	0.00252971	0.337784	0.00098012
0	0	-310	0.00250493	0.334231	0.00113925
0	0	-308	0.0024701	0.32894	0.00128704
0	0	-306	0.00242498	0.321958	0.00142395
0	0	-304	0.00236946	0.313336	0.00154907
0	0	-302	0.0023043	0.30314	0.0016629
0	0	-300	0.00222987	0.291443	0.00176461
0	0	-298	0.00214627	0.278328	0.00185412
0	0	-296	0.00205403	0.263889	0.00193281
0	0	-294	0.00195294	0.248218	0.00200018
0	0	-292	0.0018441	0.231413	0.00205666
0	0	-290	0.0017285	0.213581	0.00210387
0	0	-288	0.00160498	0.194823	0.00214255
0	0	-286	0.00147547	0.175237	0.00217255
0	0	-284	0.00134056	0.154924	0.00219424
0	0	-282	0.00120047	0.133985	0.0022087
0	0	-280	0.00105485	0.112516	0.00221576
0	0	-278	0.000905	0.0906096	0.0022162
0	0	-276	0.00075125	0.0683563	0.00220823
0	0	-274	0.00059506	0.0458467	0.00219302
0	0	-272	0.00043566	0.0231669	0.00217085
0	0	-270	0.00027542	0.0004009	0.00213958
0	0	-268	0.00011415	-0.0223679	0.00209982
0	0	-266	-4.839e-05	-0.0450529	0.00205005
0	0	-264	-0.00021035	-0.0675666	0.00198877
0	0	-262	-0.00037077	-0.0898223	0.00191851
0	0	-260	-0.0005293	-0.111736	0.00183495
0	0	-258	-0.00068529	-0.133211	0.00173875
0	0	-256	-0.00083825	-0.154155	0.00163017
0	0	-254	-0.00098636	-0.174472	0.00150705
0	0	-252	-0.00112921	-0.194062	0.00137131
0	0	-250	-0.00126499	-0.212822	0.00122176
0	0	-248	-0.00139421	-0.230649	0.0010595
0	0	-246	-0.00151603	-0.24744	0.00088464
0	0	-244	-0.00162873	-0.263097	0.00069664
0	0	-242	-0.00173113	-0.277518	0.00049978
0	0	-240	-0.00182362	-0.290604	0.00029341
0	0	-238	-0.00190511	-0.302267	7.966e-05
0	0	-236	-0.00197512	-0.312426	-0.00013928
0	0	-234	-0.00203235	-0.321005	-0.00036213
0	0	-232	-0.00207694	-0.327938	-0.00058548
0	0	-230	-0.00210847	-0.333174	-0.00080829
0	0	-228	-0.00212692	-0.336673	-0.00102863
0	0	-226	-0.00213216	-0.338407	-0.00124419
0	0	-224	-0.00212419	-0.338362	-0.00145301
0	0	-222	-0.00210313	-0.33654	-0.00165329
0	0	-220	-0.00206856	-0.332954	-0.00184388
0	0	-218	-0.00202193	-0.327633	-0.00202248
0	0	-216	-0.00196291	-0.32062	-0.00218912
0	0	-214	-0.00189202	-0.311967	-0.00234225
0	0	-212	-0.0018099	-0.30174	-0.00248212
0	0	-210	-0.00171744	-0.290011	-0.00260723
0	0	-208	-0.00161564	-0.276867	-0.00271975
0	0	-206	-0.00150458	-0.262398	-0.00281855
0	0	-204	-0.00138551	-0.246699	-0.00290279
0	0	-202	-0.00125925	-0.229867	-0.00297419
0	0	-200	-0.00112649	-0.212007	-0.00303327
0	0	-198	-0.00098887	-0.193221	-0.00308188
0	0	-196	-0.00084679	-0.17361	-0.00311878
0	0	-194	-0.00070073	-0.153275	-0.00314451
0	0	-192	-0.00055225	-0.132314	-0.00316
0	0	-190	-0.00040162	-0.110825	-0.00316534
0	0	-188	-0.00024999	-0.0888991	-0.00316182
0	0	-186	-9.803e-05	-0.066628	-0.00314812
0	0	-184	5.352e-05	-0.0441023	-0.00312388
0	0	-182	0.00020363	-0.0214092	-0.00309231
0	0	-180	0.00035183	0.00136959	-0.0030481
0	0	-178	0.00049797	0.0241504	-0.00299188
0	0	-176	0.00064072	0.0468442	-0.002925
0	0	-174	0.00077961	0.0693659	-0.00284532
0	0	-172	0.00091522	0.0916292	-0.00275181
0	0	-170	0.00104558	0.113549	-0.00264449
0	0	-168	0.00117065	0.135029	-0.00252364
0	0	-166	0.00129006	0.155976	-0.00238757
0	0	-164	0.00140354	0.176297	-0.00223621
0	0	-162	0.00151014	0.195891	-0.00206967
0	0	-160	0.00160961	0.214655	-0.00188852
0	0	-158	0.00170143	0.232483	-0.00169282
0	0	-156	0.0017854	0.249277	-0.0014822
0	0	-154	0.00186161	0.264936	-0.00125988
0	0	-152	0.00192907	0.279357	-0.00102586
0	0	-150	0.00198779	0.292445	-0.00078287
0	0	-148	0.00203767	0.30411	-0.00053262
0	0	-146	0.00207781	0.314268	-0.00027662
0	0	-144	0.00210853	0.322845	-1.676e-05
0	0	-142	0.00212959	0.329775	0.00024258
0	0	-140	0.0021411	0.335007	0.00050144
0	0	-138	0.00214302	0.338501	0.00075694
0	0	-136	0.00213554	0.340226	0.00100525
0	0	-134	0.00211789	0.340171	0.00124556
0	0	-132	0.0020911	0.338334	0.00147557
0	0	-130	0.00205503	0.334733	0.0016934
0	0	-128	0.0020102	0.329392	0.00189743
0	0	-126	0.0019567	0.322354	0.0020875
0	0	-124	0.00189412	0.313672	0.00226093
0	0	-122	0.00182307	0.303411	0.00241794
0	0	-120	0.0017436	0.291646	0.00255888
0	0	-118	0.00165741	0.278461	0.00268318
0	0	-116	0.00156421	0.263946	0.00279045
0	0	-114	0.00146369	0.248196	0.00288244
0	0	-112	0.0013567	0.231309	0.00295882
0	0	-110	0.00124467	0.213387	0.00302024
0	0	-108	0.0011266	0.194536	0.00306895
0	0	-106	0.00100364	0.174856	0.00310246
0	0	-104	0.00087619	0.154448	0.00312306
0	0	-102	0.00074408	0.133414	0.00313404
0	0	-100	0.00060867	0.111848	0.0031322
0	0	-98	0.00047015	0.0898423	0.00311871
0	0	-96	0.00032832	0.0674892	0.00309579
0	0	-94	0.00018454	0.0448812	0.00306201
0	0	-92	3.93e-05	0.0221067	0.003019
0	0	-90	-0.00010754	-0.00075196	0.00296384
0	0	-88	-0.00025549	-0.0236119	0.00289698
0	0	-86	-0.00040389	-0.0463829	0.00282089
0	0	-84	-0.00055135	-0.0689781	0.00273291
0	0	-82	-0.00069867	-0.0913146	0.00263233
0	0	-80	-0.00084544	-0.113303	0.0025192
0	0	-78	-0.00099003	-0.134846	0.00239423
0	0	-76	-0.00113194	-0.155851	0.00225675
0	0	-74	-0.00127172	-0.176225	0.00210588
0	0	-72	-0.00140785	-0.195869	0.00194086
0	0	-70	-0.00153974	-0.214676	0.00176352
0	0	-68	-0.00166749	-0.232545	0.00157558
0	0	-66	-0.00179012	-0.249375	0.00137567
0	0	-64	-0.00190769	-0.265062	0.00116428
0	0	-62	-0.00201942	-0.279509	0.00094453
0	0	-60	-0.00212532	-0.292619	0.00071773
0	0	-58	-0.00222417	-0.304304	0.00048356
0	0	-56	-0.00231506	-0.314481	0.0002456
0	0	-54	-0.0023995	-0.323072	6.13e-06
0	0	-52	-0.00247615	-0.330016	-0.00023433
0	0	-50	-0.00254512	-0.335261	-0.00047289
0	0	-48	-0.00260621	-0.338767	-0.00070765
0	0	-46	-0.00265928	-0.340506	-0.00093723
0	0	-44	-0.00270386	-0.340464	-0.00116027
0	0	-42	-0.00274038	-0.338643	-0.00137469
0	0	-40	-0.00276876	-0.335055	-0.00157854
0	0	-38	-0.00278887	-0.329731	-0.00177104
0	0	-36	-0.00280046	-0.322712	-0.00195216
0	0	-34	-0.00280372	-0.314048	-0.00212043
0	0	-32	-0.0027986	-0.303806	-0.00227626
0	0	-30	-0.0027857	-0.292059	-0.00241857
0	0	-28	-0.00276451	-0.278892	-0.00254878
0	0	-26	-0.00273511	-0.264394	-0.00266628
0	0	-24	-0.00269738	-0.248658	-0.00276986
0	0	-22	-0.00265207	-0.231785	-0.00286208
0	0	-20	-0.00259844	-0.213874	-0.00294243
0	0	-18	-0.002537	-0.195031	-0.00301216
0	0	-16	-0.00246753	-0.175352	-0.00307022
0	0	-14	-0.00239073	-0.154943	-0.00311747
0	0	-12	-0.00230645	-0.133904	-0.00315592
0	0	-10	-0.00221473	-0.112329	-0.00318307
0	0	-8	-0.00211584	-0.0903115	-0.00320033
0	0	-6	-0.00200931	-0.0679432	-0.0032078
0	0	-4	-0.00189646	-0.0453193	-0.00320536
0	0	-2	-0.00177834	-0.0225255	-0.00319237
0	0	0	-0.00165353	0.00035315	-0.00316662
0	0	2	-0.0015233	0.0232288	-0.00312953
0	0	4	-0.00138889	0.0460132	-0.0030802
0	0	6	-0.00124999	0.0686219	-0.00301682
0	0	8	-0.00110738	0.0909684	-0.00293839
0	0	10	-0.00096196	0.11296	-0.00284515
0	0	12	-0.00081418	0.134499	-0.00273979
0	0	14	-0.00066574	0.155496	-0.00261734
0	0	16	-0.00051664	0.175856	-0.00247776
0	0	18	-0.00036785	0.195478	-0.00232336
0	0	20	-0.00022151	0.214259	-0.00215248
0	0	22	-7.791e-05	0.232096	-0.00196621
0	0	24	6.183e-05	0.248891	-0.00176532
0	0	26	0.00019716	0.264541	-0.00155113
0	0	28	0.00032608	0.278946	-0.00132512
0	0	30	0.00044793	0.292013	-0.00108814
0	0	32	0.0005612	0.303655	-0.00084267
0	0	34	0.0006648	0.31379	-0.00059052
0	0	36	0.00075905	0.322344	-0.00033416
0	0	38	0.00084282	0.329254	-7.629e-05
0	0	40	0.00091464	0.334469	0.00018091
0	0	42	0.00097523	0.337949	0.00043539
0	0	44	0.00102273	0.339668	0.00068399
0	0	46	0.00105837	0.339613	0.00092505
0	0	48	0.00108096	0.337784	0.00115584
0	0	50	0.00109137	0.334196	0.00137494
0	0	52	0.00108916	0.328878	0.00158049
0	0	54	0.00107561	0.32187	0.00177135
0	0	56	0.00105019	0.313226	0.00194608
0	0	58	0.00101416	0.303009	0.00210409
0	0	60	0.00096813	0.291293	0.00224602
0	0	62	0.00091158	0.278161	0.00237089
0	0	64	0.00084572	0.263703	0.00247917
0	0	66	0.00077284	0.248013	0.00257119
0	0	68	0.00069215	0.231188	0.00264784
0	0	70	0.00060451	0.213332	0.00270973
0	0	72	0.00051099	0.194542	0.00275692
0	0	74	0.0004124	0.174921	0.00279209
0	0	76	0.00030974	0.15457	0.00281619
0	0	78	0.00020343	0.133592	0.0028276
0	0	80	9.521e-05	0.112077	0.00283008
0	0	82	-1.574e-05	0.090118	0.00282168
0	0	84	-0.00012849	0.0678107	0.00280528
0	0	86	-0.00024178	0.0452446	0.00278002
0	0	88	-0.00035525	0.0225046	0.00274443
0	0	90	-0.00046854	-0.00032505	0.00270043
0	0	92	-0.00058118	-0.0231555	0.00264766
0	0	94	-0.00069148	-0.0458987	0.00258582
0	0	96	-0.00079997	-0.068473	0.00251312
0	0	98	-0.00090662	-0.0907922	0.00243005
0	0	100	-0.00101015	-0.112764	0.00233601
0	0	102	-0.00110967	-0.134294	0.00223144
0	0	104	-0.00120622	-0.15529	0.00211393
0	0	106	-0.00129758	-0.175656	0.00198505
0	0	108	-0.0013838	-0.19529	0.00184432
0	0	110	-0.0014655	-0.214091	0.00169157
0	0	112	-0.00154083	-0.231959	0.00152785
0	0	114	-0.00160987	-0.24879	0.00135335
0	0	116	-0.00167243	-0.264481	0.00116908
0	0	118	-0.00172764	-0.278932	0.00097648
0	0	120	-0.00177564	-0.292049	0.00077688
0	0	122	-0.00181543	-0.303744	0.00057162
0	0	124	-0.00184713	-0.313931	0.00036211
0	0	126	-0.00187073	-0.322538	0.00015058
0	0	128	-0.00188422	-0.3295	-5.978e-05
0	0	130	-0.00188951	-0.334764	-0.00026821
0	0	132	-0.00188566	-0.338288	-0.00047296
0	0	134	-0.00187275	-0.340046	-0.00067181
0	0	136	-0.00185032	-0.340024	-0.00086325
0	0	138	-0.00181855	-0.338221	-0.00104576
0	0	140	-0.00177705	-0.334651	-0.00121768
0	0	142	-0.00172701	-0.329344	-0.00137941
0	0	144	-0.00166736	-0.322339	-0.0015299
0	0	146	-0.00159951	-0.313689	-0.00166797
0	0	148	-0.00152234	-0.303458	-0.00179358
0	0	150	-0.00143703	-0.291721	-0.00190843
0	0	152	-0.00134367	-0.27856	-0.00201174
0	0	154	-0.00124349	-0.264063	-0.00210389
0	0	156	-0.0011359	-0.248329	-0.00218522
0	0	158	-0.00102221	-0.231456	-0.00225733
0	0	160	-0.00090271	-0.213548	-0.00232224
0	0	162	-0.00077777	-0.194701	-0.00237679
0	0	164	-0.00064804	-0.175019	-0.00242433
0	0	166	-0.00051438	-0.154605	-0.0024649
0	0	168	-0.00037758	-0.133562	-0.00249879
0	0	170	-0.00023722	-0.111982	-0.00252637
0	0	172	-9.481e-05	-0.0899612	-0.00254698
0	0	174	4.883e-05	-0.0675949	-0.00256141
0	0	176	0.00019373	-0.0449707	-0.00256855
0	0	178	0.00033878	-0.0221741	-0.00256661
0	0	180	0.00048409	0.00070878	-0.00255537
0	0	182	0.00062958	0.0235855	-0.00253531
0	0	184	0.00077327	0.0463712	-0.00250469
0	0	186	0.00091516	0.0689838	-0.00246222
0	0	188	0.00105436	0.0913341	-0.00240724
0	0	190	0.00119113	0.113327	-0.00233721
0	0	192	0.00132418	0.134873	-0.00225509
0	0	194	0.00145395	0.155883	-0.00215797
0	0	196	0.00157922	0.176256	-0.00204395
0	0	198	0.0016992	0.19589	-0.00191535
0	0	200	0.00181342	0.214686	-0.00177106
0	0	202	0.00192173	0.232545	-0.00161246
0	0	204	0.00202372	0.249364	-0.00143942
0	0	206	0.00211802	0.26504	-0.00125359
0	0	208	0.0022048	0.279475	-0.00105725
0	0	210	0.00228315	0.292574	-0.00085097
0	0	212	0.00235246	0.30425	-0.00063667
0	0	214	0.00241255	0.314421	-0.00041648
0	0	216	0.00246289	0.323011	-0.00019207
0	0	218	0.00250342	0.329959	3.401e-05
0	0	220	0.00253441	0.335212	0.00025906
0	0	222	0.00255474	0.33873	0.00048174
0	0	224	0.00256394	0.340485	0.0006997
0	0	226	0.00256197	0.340465	0.00091103
0	0	228	0.00255044	0.33867	0.00111527
0	0	230	0.00252792	0.335112	0.00130946
0	0	232	0.00249462	0.329822	0.00149327
0	0	234	0.00245124	0.322839	0.00166606
0	0	236	0.00239837	0.314216	0.00182669
0	0	238	0.00233607	0.304017	0.00197539
0	0	240	0.00226459	0.292316	0.00211131
0	0	242	0.00218461	0.279194	0.00223514
0	0	244	0.00209648	0.264739	0.00234614
0	0	246	0.00200135	0.249048	0.00244641
0	0	248	0.00189879	0.232223	0.00253473
0	0	250	0.00179014	0.21436	0.00261126
0	0	252	0.00167537	0.195561	0.00267715
0	0	254	0.00155565	0.175927	0.00273291
0	0	256	0.00143184	0.155562	0.00277928
0	0	258	0.0013036	0.134563	0.00281464
0	0	260	0.00117172	0.113023	0.00283944
0	0	262	0.00103728	0.0910396	0.0028554
0	0	264	0.00090083	0.0687073	0.0028602
0	0	266	0.00076293	0.0461124	0.00285437
0	0	268	0.00062393	0.0233392	0.00283567
0	0	270	0.00048444	0.00047425	0.00280356
0	0	272	0.00034528	-0.0223932	0.00275884
0	0	274	0.00020666	-0.0451767	0.00269998
0	0	276	6.932e-05	-0.0677943	0.00262543
0	0	278	-6.685e-05	-0.0901557	0.00253434
0	0	280	-0.00020036	-0.112169	0.00242674
0	0	282	-0.00033092	-0.133745	0.00230318
0	0	284	-0.00045722	-0.154792	0.00216162
0	0	286	-0.00057981	-0.175208	0.00200184
0	0	288	-0.0006973	-0.194894	0.00182698
0	0	290	-0.00080934	-0.213748	0.00163622
0	0	292	-0.00091577	-0.231669	0.00143059
0	0	294	-0.00101603	-0.248555	0.00121077
0	0	296	-0.00110879	-0.264302	0.0009798
0	0	298	-0.00119358	-0.27881	0.00073972
0	0	300	-0.00126993	-0.291985	0.00049102
0	0	302	-0.00133802	-0.303736	0.0002373
0	0	304	-0.001397	-0.313981	-1.912e-05
0	0	306	-0.00144628	-0.322644	-0.00027503
0	0	308	-0.00148612	-0.329663	-0.00052872
0	0	310	-0.00151542	-0.334984	-0.00077826
0	0	312	-0.00153404	-0.338566	-0.0010197
0	0	314	-0.00154207	-0.340382	-0.00125078
0	0	316	-0.00153954	-0.34042	-0.00147016
0	0	318	-0.00152589	-0.338677	-0.00167536
0	0	320	-0.00150207	-0.33517	-0.00186476
0	0	322	-0.00146835	-0.329925	-0.00203839
0	0	324	-0.00142467	-0.322983	-0.00219316
0	0	326	-0.00137037	-0.314398	-0.00232923
0	0	328	-0.00130677	-0.304235	-0.00244674
0	0	330	-0.00123367	-0.292567	-0.00254413
0	0	332	-0.00115314	-0.279477	-0.00262302
0	0	334	-0.00106418	-0.265052	-0.00268275
0	0	336	-0.00096727	-0.249391	-0.00272443
0	0	338	-0.00086326	-0.232592	-0.00274829
0	0	340	-0.00075347	-0.214756	-0.00275615
0	0	342	-0.00063757	-0.195984	-0.00274814
0	0	344	-0.00051698	-0.176379	-0.00272538
0	0	346	-0.00039262	-0.156043	-0.00268967
0	0	348	-0.00026396	-0.135072	-0.00264031
0	0	350	-0.00013198	-0.113563	-0.00257875
0	0	352	1.91e-06	-0.0916122	-0.00250536
0	0	354	0.00013785	-0.0693136	-0.00242103
0	0	356	0.00027487	-0.0467518	-0.00232629
0	0	358	0.00041188	-0.0240162	-0.00222078
0	0	360	0.00054916	-0.00119309	-0.00210617
0	0	362	0.00068556	0.0216312	-0.00198054
0	0	364	0.00082068	0.0443731	-0.00184292
0	0	366	0.00095332	0.0669461	-0.00169591
0	0	368	0.00108289	0.0892588	-0.00153855
0	0	370	0.00120925	0.111223	-0.00137026
0	0	372	0.00133193	0.132749	-0.0011916
0	0	374	0.00145009	0.153746	-0.00100205
0	0	376	0.00156272	0.174112	-0.00080324
0	0	378	0.0016691	0.193749	-0.0005949
0	0	380	0.00176972	0.212558	-0.00037811
0	0	382	0.00186278	0.230438	-0.00015354
0	0	384	0.00194858	0.247285	7.581e-05
0	0	386	0.00202628	0.262999	0.00031088
0	0	388	0.00209545	0.277483	0.00054893
0	0	390	0.00215531	0.290642	0.00078884
0	0	392	0.00220621	0.302386	0.0010284
0	0	394	0.00224852	0.312633	0.00126515
0	0	396	0.00227993	0.321309	0.00149729
0	0	398	0.00230111	0.328353	0.00172234
0	0	400	0.00231229	0.333712	0.00193817
0	0	402	0.0023132	0.337345	0.00214366
0	0	404	0.0023039	0.339224	0.00233668
0	0	406	0.00228448	0.339336	0.0025145
0	0	408	0.0022551	0.33768	0.00267632
0	0	410	0.00221548	0.334271	0.00282108
0	0	412	0.00216631	0.329135	0.00294682
0	0	414	0.00210796	0.322311	0.00305263
0	0	416	0.00204088	0.313852	0.00313786
0	0	418	0.00196474	0.303821	0.00320249
0	0	420	0.00188049	0.292292	0.00324697
0	0	422	0.00178914	0.279342	0.00327061
0	0	424	0.00169121	0.265061	0.00327387
0	0	426	0.00158643	0.249543	0.00325841
0	0	428	0.0014759	0.232885	0.00322502
0	0	430	0.00135966	0.215183	0.00317295
0	0	432	0.0012396	0.19654	0.00310551
0	0	434	0.00111501	0.177059	0.0030249
0	0	436	0.00098734	0.156837	0.00292925
0	0	438	0.00085712	0.13597	0.00282068
0	0	440	0.00072457	0.114558	0.00270081
0	0	442	0.00058966	0.0926928	0.00257129
0	0	444	0.00045377	0.0704654	0.00243312
0	0	446	0.00031792	0.047964	0.00228483
0	0	448	0.00018189	0.0252785	0.00212858
0	0	450	4.618e-05	0.00249389	0.00196543
0	0	452	-8.822e-05	-0.0203019	0.00179418
0	0	454	-0.00022179	-0.0430262	0.00161481
0	0	456	-0.00035347	-0.0655915	0.00142733
0	0	458	-0.00048242	-0.0879084	0.00123322
0	0	460	-0.0006083	-0.109885	0.00103326
0	0	462	-0.00073009	-0.131429	0.00082598
0	0	464	-0.00084861	-0.15245	0.00061079
0	0	466	-0.00096286	-0.172846	0.00038879
0	0	468	-0.00107232	-0.192516	0.00016147
0	0	470	-0.00117624	-0.211361	-7.164e-05
0	0	472	-0.00127419	-0.229277	-0.00030966
0	0	474	-0.00136578	-0.246159	-0.00055168
0	0	476	-0.00144978	-0.261905	-0.00079625
0	0	478	-0.00152602	-0.276418	-0.00104238
0	0	480	-0.00159467	-0.289601	-0.00128847
0	0	482	-0.00165486	-0.301363	-0.00153264
0	0	484	-0.00170618	-0.31162	-0.00177304
0	0	486	-0.00174843	-0.320299	-0.0020072
0	0	488	-0.0017816	-0.327335	-0.00223348
0	0	490	-0.00180425	-0.332674	-0.00245073
0	0	492	-0.00181647	-0.336275	-0.00265673
0	0	494	-0.00181973	-0.338112	-0.00284881
0	0	496	-0.00181192	-0.338171	-0.00302556
0	0	498	-0.00179387	-0.336449	-0.00318659
0	0	500	-0.00176679	-0.332965	-0.00332974
0	0	502	-0.00172932	-0.327743	-0.0034539
0	0	504	-0.00168236	-0.320826	-0.003558
0	0	506	-0.00162505	-0.312266	-0.0036422
0	0	508	-0.00155891	-0.30213	-0.00370562
0	0	510	-0.00148417	-0.290489	-0.00374849
0	0	512	-0.00140107	-0.277428	-0.00377128
0	0	514	-0.00131121	-0.263038	-0.00377414
0	0	516	-0.00121355	-0.247412	-0.00375796
0	0	518	-0.0011084	-0.23065	-0.00372393
0	0	520	-0.0009974	-0.212854	-0.00367247
0	0	522	-0.00088124	-0.194125	-0.00360476
0	0	524	-0.0007602	-0.174566	-0.00352246
0	0	526	-0.00063386	-0.154279	-0.00342573
0	0	528	-0.00050463	-0.133362	-0.00331578
0	0	530	-0.00037184	-0.111911	-0.00319399
0	0	532	-0.00023715	-0.0900226	-0.00306099
0	0	534	-0.0001001	-0.0677823	-0.00291703
0	0	536	3.917e-05	-0.0452805	-0.00276295
0	0	538	0.00017872	-0.0226074	-0.00259966
0	0	540	0.00031786	0.00015125	-0.00242716
0	0	542	0.00045656	0.022914	-0.00224566
0	0	544	0.00059456	0.0455959	-0.00205343
0	0	546	0.00073099	0.0681113	-0.00185253
0	0	548	0.00086498	0.0903713	-0.00164373
0	0	550	0.0009955	0.112288	-0.00142788
0	0	552	0.00112322	0.13377	-0.00120232
0	0	554	0.00124687	0.154725	-0.00096797
0	0	556	0.00136622	0.175054	-0.00072733
0	0	558	0.00147996	0.194659	-0.00048016
0	0	560	0.00158767	0.213442	-0.0002264
0	0	562	0.0016893	0.231297	3.097e-05
0	0	564	0.0017841	0.248121	0.00029128
0	0	566	0.00187208	0.263814	0.0005532
0	0	568	0.00195217	0.278278	0.00081514
0	0	570	0.00202518	0.291416	0.00107608
0	0	572	0.00208832	0.303139	0.00133302
0	0	574	0.00214327	0.313363	0.0015841
0	0	576	0.00218938	0.322016	0.00182799
0	0	578	0.00222619	0.329031	0.00206321
0	0	580	0.00225335	0.334356	0.00228666
0	0	582	0.00227094	0.337949	0.0024966
0	0	584	0.00227964	0.339783	0.00269201
0	0	586	0.00227773	0.339845	0.00287256
0	0	588	0.00226747	0.338133	0.00303632
0	0	590	0.00224764	0.33466	0.00318196
0	0	592	0.00221725	0.329455	0.00330914
0	0	594	0.0021783	0.322558	0.0034181
0	0	596	0.00212978	0.31402	0.00350809
0	0	598	0.00207321	0.303907	0.00357988
0	0	600	0.00200772	0.292288	0.00363282
0	0	602	0.00193389	0.279247	0.00366663
0	0	604	0.00185222	0.264875	0.00368293
0	0	606	0.00176284	0.249265	0.00368399
0	0	608	0.00166662	0.232514	0.00367034
0	0	610	0.00156341	0.214722	0.00364114
0	0	612	0.00145301	0.195992	0.00359799
0	0	614	0.00133736	0.176426	0.00354495
0	0	616	0.00121583	0.156124	0.00347899
0	0	618	0.00108946	0.135184	0.00340247
0	0	620	0.00095839	0.113704	0.00331591
0	0	622	0.00082302	0.0917791	0.00322064
0	0	624	0.00068486	0.0694967	0.00311656
0	0	626	0.00054328	0.046947	0.00300383
0	0	628	0.00039924	0.0242192	0.00288139
0	0	630	0.00025419	0.00140196	0.00275148
0	0	632	0.00010745	-0.0214201	0.00261556
0	0	634	-3.912e-05	-0.0441639	0.00246909
0	0	636	-0.00018559	-0.0667414	0.00231276
0	0	638	-0.00033188	-0.0890603	0.00214904
0	0	640	-0.00047737	-0.111036	0.00197747
0	0	642	-0.00061995	-0.132577	0.00179705
0	0	644	-0.00075975	-0.153584	0.00160693
0	0	646	-0.00089721	-0.173961	0.00140838
0	0	648	-0.00103068	-0.193609	0.0012039
0	0	650	-0.00115943	-0.212429	0.00099236
0	0	652	-0.00128324	-0.230316	0.00077316
0	0	654	-0.0014023	-0.247166	0.0005507
0	0	656	-0.00151507	-0.26288	0.0003263
0	0	658	-0.00162124	-0.277361	0.00010037
0	0	660	-0.00172119	-0.290511	-0.00012591
0	0	662	-0.00181385	-0.302242	-0.00034944
0	0	664	-0.00189871	-0.312472	-0.00056775
0	0	666	-0.00197579	-0.321128	-0.00077916
0	0	668	-0.00204562	-0.328144	-0.00098285
0	0	670	-0.0021077	-0.33347	-0.00117607
0	0	672	-0.00216203	-0.337066	-0.00135622
0	0	674	-0.0022078	-0.338902	-0.00152276
0	0	676	-0.00224594	-0.338967	-0.00167467
0	0	678	-0.00227564	-0.33726	-0.00181013
0	0	680	-0.00229755	-0.333796	-0.00192837
0	0	682	-0.00231153	-0.3286	-0.00202922
0	0	684	-0.00231725	-0.321713	-0.00211239
0	0	686	-0.00231564	-0.313189	-0.00217877
0	0	688	-0.0023069	-0.303091	-0.00222775
0	0	690	-0.00229071	-0.291488	-0.00226025
0	0	692	-0.00226711	-0.278465	-0.00227726
0	0	694	-0.00223668	-0.264112	-0.00227959
0	0	696	-0.00219908	-0.248521	-0.00227031
0	0	698	-0.00215505	-0.23179	-0.00224865
0	0	700	-0.00210459	-0.214017	-0.00221572
0	0	702	-0.00204812	-0.195308	-0.00217363
0	0	704	-0.00198546	-0.175761	-0.00212229
0	0	706	-0.00191688	-0.155476	-0.00206363
0	0	708	-0.00184305	-0.134554	-0.00199841
0	0	710	-0.00176386	-0.113092	-0.00192656
0	0	712	-0.00167923	-0.091184	-0.00185094
0	0	714	-0.00158981	-0.068918	-0.00176917
0	0	716	-0.0014957	-0.0463846	-0.00168102
0	0	718	-0.00139658	-0.0236756	-0.00158686
0	0	720	-0.00129457	-0.0008774	-0.00148913
0	0	722	-0.0011903	0.0219268	-0.00138418
0	0	724	-0.00108082	0.0446471	-0.00127089
0	0	726	-0.00096936	0.0671968	-0.00115063
0	0	728	-0.00085596	0.0894889	-0.00102314
0	0	730	-0.00074087	0.111437	-0.00088627
0	0	732	-0.00062442	0.132944	-0.00073865
0	0	734	-0.00050796	0.153914	-0.00058157
0	0	736	-0.00039179	0.174253	-0.00041546
0	0	738	-0.00027637	0.193859	-0.00023868
0	0	740	-0.00016285	0.212632	-5.028e-05
0	0	742	-5.219e-05	0.230469	0.00014801
0	0	744	5.539e-05	0.24727	0.0003531
0	0	746	0.00015867	0.262933	0.00056663
0	0	748	0.00025671	0.277359	0.00078787
0	0	750	0.0003487	0.290451	0.00101426
0	0	752	0.00043403	0.302122	0.00124356
0	0	754	0.00051116	0.31229	0.00147344
0	0	756	0.00058053	0.320883	0.00170296
0	0	758	0.0006418	0.327835	0.00192974
0	0	760	0.00069366	0.333095	0.00214967
0	0	762	0.00073619	0.336622	0.00236207
0	0	764	0.00076917	0.33839	0.00256367
0	0	766	0.00079214	0.338384	0.00275181
0	0	768	0.00080594	0.336607	0.00292425
0	0	770	0.00081021	0.333073	0.00307991
0	0	772	0.00080502	0.327808	0.00321774
0	0	774	0.00079083	0.320853	0.00333467
0	0	776	0.00076806	0.312265	0.00343063
0	0	778	0.00073668	0.302105	0.0035052
0	0	780	0.00069816	0.290448	0.00355767
0	0	782	0.00065228	0.277375	0.00358825
0	0	784	0.00059944	0.262978	0.00359685
0	0	786	0.00054054	0.247351	0.00358475
0	0	788	0.00047621	0.23059	0.00355147
0	0	790	0.00040722	0.2128	0.00349983
0	0	792	0.00033323	0.194086	0.00342895
0	0	794	0.00025555	0.174546	0.00334308
0	0	796	0.00017496	0.154275	0.00324123
0	0	798	9.079e-05	0.133377	0.00312406
0	0	800	3.65e-06	0.111951	0.00299535
0	0	802	-8.528e-05	0.0900887	0.00285566
0	0	804	-0.00017642	0.0678754	0.00270498
0	0	806	-0.00026862	0.0454045	0.00254353
0	0	808	-0.00036182	0.0227659	0.00237505
0	0	810	-0.00045568	3.861e-05	0.0021987
0	0	812	-0.00055022	-0.0226928	0.00201449
0	0	814	-0.00064532	-0.0453405	0.00182277
0	0	816	-0.00074061	-0.0678173	0.00162639
0	0	818	-0.00083501	-0.0900399	0.00142479
0	0	820	-0.00092845	-0.111919	0.00121664
0	0	822	-0.00102104	-0.133364	0.00100333
0	0	824	-0.00111265	-0.15428	0.00078561
0	0	826	-0.00120176	-0.174571	0.00056635
0	0	828	-0.00128842	-0.19414	0.00034315
0	0	830	-0.00137299	-0.212884	0.0001175
0	0	832	-0.00145348	-0.2307	-0.00010888
0	0	834	-0.00153012	-0.247491	-0.00033435
0	0	836	-0.00160298	-0.263152	-0.00055893
0	0	838	-0.00167101	-0.277584	-0.00078228
0	0	840	-0.00173387	-0.290691	-0.00100133
0	0	842	-0.00179137	-0.302385	-0.00121454
0	0	844	-0.00184246	-0.312583	-0.00142168
0	0	846	-0.00188602	-0.32121	-0.00162212
0	0	848	-0.00192362	-0.328203	-0.00181318
0	0	850	-0.00195358	-0.333506	-0.00199406
0	0	852	-0.0019765	-0.337081	-0.00216442
0	0	854	-0.00199155	-0.3389	-0.00232257
0	0	856	-0.001998	-0.338945	-0.00246778
0	0	858	-0.00199644	-0.33722	-0.00260172
0	0	860	-0.00198671	-0.333737	-0.00272246
0	0	862	-0.00196845	-0.328522	-0.00282972
0	0	864	-0.00194187	-0.321615	-0.00292485
0	0	866	-0.00190763	-0.313069	-0.00300809
0	0	868	-0.00186609	-0.302947	-0.00307849
0	0	870	-0.00181601	-0.29132	-0.00313723
0	0	872	-0.00175797	-0.278273	-0.00318605
0	0	874	-0.00169313	-0.263894	-0.003225
0	0	876	-0.00162163	-0.248274	-0.00325367
0	0	878	-0.00154384	-0.231513	-0.00327404
0	0	880	-0.00146046	-0.213714	-0.00328697
0	0	882	-0.00137111	-0.194977	-0.00329303
0	0	884	-0.00127676	-0.175402	-0.00329226
0	0	886	-0.00117779	-0.15509	-0.00328365
0	0	888	-0.00107469	-0.134139	-0.00326932
0	0	890	-0.0009682	-0.112648	-0.00324799
0	0	892	-0.00085794	-0.0907109	-0.00321947
0	0	894	-0.00074471	-0.0684183	-0.00318354
0	0	896	-0.00063021	-0.0458596	-0.00313839
0	0	898	-0.00051372	-0.0231256	-0.00308576
0	0	900	-0.0003964	-0.00029994	-0.00302192
0	0	902	-0.00027753	0.0225323	-0.00294648
0	0	904	-0.00015842	0.0452822	-0.0028594
0	0	906	-4.007e-05	0.0678619	-0.00275981
0	0	908	7.742e-05	0.0901837	-0.00264666
0	0	910	0.00019467	0.11216	-0.00251741
0	0	912	0.00030901	0.133698	-0.00237409
0	0	914	0.00042165	0.154701	-0.00221381
0	0	916	0.00053166	0.175073	-0.00203627
0	0	918	0.00063863	0.194717	-0.00184268
0	0	920	0.00074123	0.213528	-0.00163162
0	0	922	0.00083928	0.231403	-0.00140676
0	0	924	0.0009328	0.248243	-0.00116706
0	0	926	0.00102077	0.263947	-0.00091321
0	0	928	0.00110307	0.278415	-0.00064902
0	0	930	0.00117849	0.291551	-0.00037638
0	0	932	0.00124789	0.303264	-9.667e-05
0	0	934	0.00131018	0.313476	0.00018668
0	0	936	0.00136467	0.32211	0.00047088
0	0	938	0.00141138	0.329102	0.00075254
0	0	940	0.00145016	0.3344	0.00102951
0	0	942	0.00148159	0.337963	0.00129901
0	0	944	0.00150421	0.339764	0.00155741
0	0	946	0.00151849	0.339787	0.00180338
0	0	948	0.00152437	0.338034	0.00203262
0	0	950	0.00152242	0.334518	0.00224352
0	0	952	0.00151245	0.329267	0.00243511
0	0	954	0.00149414	0.32232	0.00260598
0	0	956	0.00146783	0.313732	0.00275434
0	0	958	0.00143388	0.303564	0.00288023
0	0	960	0.00139338	0.291893	0.00298279
0	0	962	0.00134569	0.278801	0.00306303
0	0	964	0.00129123	0.264377	0.00312019
0	0	966	0.00123116	0.248714	0.00315459
0	0	968	0.00116541	0.231913	0.00316703
0	0	970	0.00109347	0.214077	0.00316025
0	0	972	0.00101704	0.195307	0.00313471
0	0	974	0.00093605	0.175707	0.00309258
0	0	976	0.00085115	0.155375	0.00303391
0	0	978	0.00076263	0.134415	0.00295944
0	0	980	0.0006711	0.112921	0.0028715
0	0	982	0.00057704	0.090987	0.00277154
0	0	984	0.00048108	0.0687066	0.00265873
0	0	986	0.00038331	0.046171	0.00253695
0	0	988	0.00028457	0.0234667	0.00240372
0	0	990	0.00018579	0.00068094	0.00225993
0	0	992	8.631e-05	-0.0221042	0.00210636
0	0	994	-1.196e-05	-0.0447987	0.00194377
0	0	996	-0.00010927	-0.0673169	0.00177465
0	0	998	-0.00020547	-0.0895721	0.00159555
0	0	1000	-0.00029922	-0.111476	0.00140702
0	0	1002	-0.00039013	-0.132936	0.00121323
0	0	1004	-0.00047779	-0.153857	0.00101147
0	0	1006	-0.00056179	-0.174146	0.00080267
0	0	1008	-0.00064146	-0.193705	0.00058703
0	0	1010	-0.00071617	-0.21243	0.00036659
0	0	1012	-0.00078539	-0.230219	0.00014327
0	0	1014	-0.00084831	-0.246973	-8.341e-05
0	0	1016	-0.0009055	-0.26259	-0.00031166
0	0	1018	-0.00095541	-0.276972	-0.00053906
0	0	1020	-0.00099836	-0.290023	-0.00076428
0	0	1022	-0.0010332	-0.301655	-0.00098612
0	0	1024	-0.00106025	-0.311787	-0.00120216
0	0	1026	-0.00107903	-0.320343	-0.001411
0	0	1028	-0.00108957	-0.327259	-0.00161003
0	0	1030	-0.00109085	-0.332483	-0.00179822
0	0	1032	-0.00108412	-0.335975	-0.00197378
0	0	1034	-0.00106848	-0.337706	-0.00213462
0	0	1036	-0.0010439	-0.337662	-0.00228048
0	0	1038	-0.00101139	-0.335843	-0.00241053
0	0	1040	-0.00097033	-0.332263	-0.00252262
0	0	1042	-0.00092189	-0.326949	-0.00261742
0	0	1044	-0.00086499	-0.31994	-0.00269328
0	0	1046	-0.00080174	-0.311289	-0.00275108
0	0	1048	-0.00073158	-0.301058	-0.00279148
0	0	1050	-0.00065511	-0.289321	-0.0028129
0	0	1052	-0.00057368	-0.276163	-0.00281915
0	0	1054	-0.00048676	-0.261672	-0.00280857
0	0	1056	-0.00039554	-0.245938	-0.002784
0	0	1058	-0.0003003	-0.229062	-0.00274548
0	0	1060	-0.00020196	-0.211145	-0.0026932
0	0	1062	-0.00010101	-0.192287	-0.0026296
0	0	1064	1.96e-06	-0.172589	-0.00255702
0	0	1066	0.00010697	-0.152155	-0.00247495
0	0	1068	0.00021292	-0.131083	-0.00238406
0	0	1070	0.00031962	-0.109468	-0.00228612
0	0	1072	0.00042644	-0.0874013	-0.00218142
0	0	1074	0.00053347	-0.0649773	-0.00207005
0	0	1076	0.00064016	-0.0422864	-0.00195285
0	0	1078	0.00074531	-0.0194153	-0.00183142
0	0	1080	0.00084902	0.00355194	-0.00170387
0	0	1082	0.0009511	0.0265287	-0.00157007
0	0	1084	0.00105161	0.0494289	-0.00143043
0	0	1086	0.00114924	0.0721671	-0.00128362
0	0	1088	0.00124493	0.0946573	-0.00113021
0	0	1090	0.00133728	0.116811	-0.00096763
0	0	1092	0.00142624	0.138532	-0.00079842
0	0	1094	0.00151131	0.159729	-0.00062085
0	0	1096	0.00159269	0.180309	-0.00043445
0	0	1098	0.00166954	0.20017	-0.00023971
0	0	1100	0.00174201	0.219212	-3.683e-05
0	0	1102	0.00180883	0.237332	0.00017411
0	0	1104	0.00187015	0.254429	0.00039333
0	0	1106	0.00192609	0.270403	0.00061972
0	0	1108	0.00197625	0.285153	0.00084982
0	0	1110	0.00201985	0.298587	0.00108371
0	0	1112	0.00205761	0.310615	0.00132117
0	0	1114	0.0020884	0.321153	0.00155746
0	0	1116	0.00211229	0.330128	0.00179141
0	0	1118	0.00212931	0.337477	0.00202037
0	0	1120	0.00213958	0.343146	0.00224339
0	0	1122	0.00214233	0.347096	0.00245786
0	0	1124	0.00213866	0.3493	0.00265978
0	0	1126	0.00212771	0.349744	0.00284797
0	0	1128	0.00210945	0.348426	0.00301933
0	0	1130	0.00208414	0.345363	0.00317258
0	0	1132	0.00205172	0.340582	0.00330649
0	0	1134	0.00201362	0.334124	0.0034183
0	0	1136	0.00196875	0.326039	0.00350675
0	0	1138	0.00191725	0.316393	0.00357203
0	0	1140	0.00186055	0.305262	0.00361288
0	0	1142	0.00179779	0.292726	0.00362934
0	0	1144	0.001729	0.278876	0.00362048
0	0	1146	0.00165523	0.263805	0.00358765
0	0	1148	0.00157661	0.247613	0.00353143
0	0	1150	0.00149346	0.230401	0.00345252
0	0	1152	0.00140587	0.212268	0.0033523
0	0	1154	0.00131429	0.193318	0.00323111
0	0	1156	0.00121961	0.173655	0.00309245
0	0	1158	0.00112126	0.153377	0.00293682
0	0	1160	0.00102018	0.132579	0.00276391
0	0	1162	0.00091674	0.111355	0.00257644
0	0	1164	0.00081069	0.0897973	0.00237571
0	0	1166	0.00070329	0.0679964	0.00216287
0	0	1168	0.0005943	0.0460381	0.00194063
0	0	1170	0.0004843	0.024008	0.00170674
0	0	1172	0.00037314	0.00199469	0.00146581
0	0	1174	0.00026155	-0.0199185	0.00121786
0	0	1176	0.00015076	-0.0416483	0.00096319
0	0	1178	3.973e-05	-0.0631091	0.00070393
0	0	1180	-7.078e-05	-0.0842116	0.00043996
0	0	1182	-0.00017964	-0.104865	0.00017424
0	0	1184	-0.00028687	-0.124978	-9.316e-05
0	0	1186	-0.00039256	-0.14446	-0.00036011
0	0	1188	-0.00049548	-0.163214	-0.00062464
0	0	1190	-0.00059591	-0.181142	-0.00088597
0	0	1192	-0.00069357	-0.198147	-0.00114269
0	0	1194	-0.00078725	-0.214133	-0.00139145
0	0	1196	-0.00087634	-0.229003	-0.00163127
0	0	1198	-0.00096081	-0.242661	-0.00186095
0	0	1200	-0.00104133	-0.25502	-0.00207635
0	0	1202	-0.00111687	-0.265996	-0.00227827
0	0	1204	-0.00118635	-0.275512	-0.00246443
0	0	1206	-0.00125028	-0.283501	-0.00263172
0	0	1208	-0.0013088	-0.289904	-0.00277984
0	0	1210	-0.00136074	-0.294674	-0.00290748
0	0	1212	-0.00140653	-0.29778	-0.00301298
0	0	1214	-0.00144595	-0.299199	-0.00309609
0	0	1216	-0.00147955	-0.298927	-0.00315603
0	0	1218	-0.00150626	-0.296972	-0.00319152
0	0	1220	-0.00152735	-0.293358	-0.00320396
0	0	1222	-0.00154233	-0.288126	-0.00319344
0	0	1224	-0.00155122	-0.281326	-0.0031616
0	0	1226	-0.00155405	-0.273029	-0.00310824
0	0	1228	-0.00155173	-0.263317	-0.00303476
0	0	1230	-0.00154524	-0.252285	-0.00294485
0	0	1232	-0.00153333	-0.240036	-0.00284064
0	0	1234	-0.0015168	-0.226687	-0.00272471
0	0	1236	-0.00149651	-0.212363	-0.00260138
0	0	1238	-0.00147361	-0.197197	-0.00247378
0	0	1240	-0.00144771	-0.181324	-0.00234531
0	0	1242	-0.00141943	-0.164883	-0.00222153
0	0	1244	-0.00138918	-0.148019	-0.00210534
0	0	1246	-0.00135753	-0.130878	-0.00200247
0	0	1248	-0.00132525	-0.113603	-0.00191701
0	0	1250	-0.00129272	-0.0963328	-0.00185335
0	0	1252	-0.00126014	-0.0792051	-0.00181441
0	0	1254	-0.00122815	-0.0623532	-0.00180397
0	0	1256	-0.00119659	-0.0459029	-0.00182428
0	0	1258	-0.00116626	-0.0299702	-0.00187832
0	0	1260	-0.00113762	-0.0146636	-0.0019685
0	0	1262	-0.00111041	-8.174e-05	-0.00209367
0	0	1264	-0.00108574	0.0136893	-0.00225461
0	0	1266	-0.00106287	0.0265762	-0.00244857
0	0	1268	-0.00104184	0.0385212	-0.00267208
0	0	1270	-0.00102378	0.0494785	-0.00292276
0	0	1272	-0.00100743	0.059416	-0.00319491
0	0	1274	-0.00099358	0.068318	-0.0034813
0	0	1276	-0.00098191	0.0761825	-0.00377598
0	0	1278	-0.00097242	0.0830204	-0.00407065
0	0	1280	-0.00096404	0.0888538	-0.00435619
0	0	1282	-0.00095693	0.093718	-0.00462385
0	0	1284	-0.00095127	0.0976573	-0.0048661
0	0	1286	-0.00094654	0.100722	-0.00507452
0	0	1288	-0.00094196	0.10297	-0.00524155
0	0	1290	-0.00093698	0.104463	-0.00536073
0	0	1292	-0.00093257	0.105266	-0.00542762
0	0	1294	-0.00092808	0.105444	-0.00543829
0	0	1296	-0.00092256	0.105063	-0.0053916
0	0	1298	-0.00091628	0.104187	-0.00528674
0	0	1300	-0.00090879	0.102879	-0.00512581
0	0	1302	-0.00090015	0.101197	-0.00491213
0	0	1304	-0.00089018	0.0991979	-0.00464944
0	0	1306	-0.00087955	0.0969326	-0.00434423
0	0	1308	-0.00086813	0.0944491	-0.00400259
0	0	1310	-0.00085507	0.0917914	-0.00363172
0	0	1312	-0.00084092	0.0889993	-0.00323952
0	0	1314	-0.00082602	0.0861086	-0.00283281
0	0	1316	-0.00081007	0.083152	-0.00241867
0	0	1318	-0.00079381	0.0801566	-0.00200467
0	0	1320	-0.000777	0.0771479	-0.00159715
0	0	1322	-0.00075862	0.0741478	-0.00120087
0	0	1324	-0.00074026	0.0711745	-0.00082026
0	0	1326	-0.00072253	0.0682439	-0.00046007
0	0	1328	-0.00070434	0.0653704	-0.00012148
0	0	1330	-0.00068563	0.0625644	0.00019228
0	0	1332	-0.00066663	0.0598341	0.00047978
0	0	1334	-0.00064807	0.0571863	0.00074085
0	0	1336	-0.00062973	0.0546271	0.00097528
0	0	1338	-0.00061151	0.05216	0.00118353
0	0	1340	-0.00059256	0.0497866	0.00136606
0	0	1342	-0.00057473	0.0475085	0.0015248
0	0	1344	-0.0005574	0.0453263	0.0016609
0	0	1346	-0.00053969	0.0432391	0.00177506
0	0	1348	-0.000523	0.0412454	0.00186981
0	0	1350	-0.00050648	0.0393435	0.00194635
0	0	1352	-0.00048986	0.0375309	0.00200658
0	0	1354	-0.00047362	0.0358058	0.00205195
0	0	1356	-0.00045769	0.0341636	0.00208425
0	0	1358	-0.00044251	0.0326021	0.00210474
0	0	1360	-0.00042809	0.031119	0.00211466
0	0	1362	-0.0004135	0.0297096	0.00211569
0	0	1364	-0.00039919	0.0283704	0.0021081
0	0	1366	-0.0003855	0.0270992	0.00209458
0	0	1368	-0.00037253	0.0258922	0.00207467
0	0	1370	-0.0003603	0.0247465	0.00204976
0	0	1372	-0.00034685	0.023659	0.00202066
0	0	1374	-0.00033479	0.0226263	0.00198817
0	0	1376	-0.00032314	0.0216456	0.00195296
0	0	1378	-0.00031151	0.0207141	0.00191572
0	0	1380	-0.00030049	0.0198295	0.00187594
0	0	1382	-0.00029049	0.0189892	0.00183459
0	0	1384	-0.00028076	0.0181908	0.00179342
0	0	1386	-0.00027053	0.0174317	0.00175124
0	0	1388	-0.00026065	0.0167098	0.00170871
0	0	1390	-0.00025136	0.0160232	0.00166579
0	0	1392	-0.00024228	0.0153699	0.00162283
0	0	1394	-0.00023311	0.0147484	0.00158061
0	0	1396	-0.00022474	0.0141565	0.00153859
0	0	1398	-0.00021733	0.0135924	0.00149662
0	0	1400	-0.0002098	0.0130547	0.00145511
0	0	1402	-0.00020232	0.0125428	0.0014153
0	0	1404	-0.00019476	0.012055	0.00137612
0	0	1406	-0.00018815	0.011589	0.001337
0	0	1408	-0.00018193	0.0111444	0.00129955
0	0	1410	-0.0001757	0.0107206	0.00126232
0	0	1412	-0.00016992	0.010316	0.00122637
0	0	1414	-0.00016377	0.00992889	0.00119162
0	0	1416	-0.00015786	0.00955922	0.00115791
0	0	1418	-0.00015259	0.00920595	0.0011248
0	0	1420	-0.00014757	0.00886822	0.00109198
0	0	1422	-0.00014213	0.00854482	0.00106068
0	0	1424	-0.00013659	0.00823519	0.00103084
0	0	1426	-0.00013189	0.00793945	0.00100123
0	0	1428	-0.00012778	0.00765636	0.00097288
0	0	1430	-0.00012375	0.00738482	0.00094544
0	0	1432	-0.00011987	0.00712467	0.00091848
0	0	1434	-0.0001156	0.00687503	0.00089262
0	0	1436	-0.00011191	0.00663564	0.00086794
0	0	1438	-0.00010861	0.00640667	0.00084389
0	0	1440	-0.00010494	0.00618679	0.00082047
0	0	1442	-0.00010131	0.00597557	0.00079735
0	0	1444	-9.743e-05	0.00577278	0.00077555
0	0	1446	-9.453e-05	0.00557802	0.00075442
0	0	1448	-9.146e-05	0.00539121	0.0007335
0	0	1450	-8.85e-05	0.00521173	0.0007135
0	0	1452	-8.59e-05	0.0050392	0.00069439
0	0	1454	-8.308e-05	0.0048731	0.00067616
0	0	1456	-8.034e-05	0.00471378	0.00065835
0	0	1458	-7.781e-05	0.00456056	0.00064036
0	0	1460	-7.506e-05	0.00441267	0.00062365
0	0	1462	-7.333e-05	0.00427071	0.00060754
0	0	1464	-7.14e-05	0.00413418	0.00059185
0	0	1466	-6.894e-05	0.0040033	0.00057651
0	0	1468	-6.65e-05	0.00387628	0.00056162
0	0	1470	-6.457e-05	0.00375424	0.00054753
0	0	1472	-6.28e-05	0.00363715	0.00053337
0	0	1474	-6.064e-05	0.00352414	0.0005199
0	0	1476	-5.886e-05	0.00341517	0.00050704
0	0	1478	-5.746e-05	0.00331021	0.00049441
0	0	1480	-5.583e-05	0.00320886	0.00048221
0	0	1482	-5.43e-05	0.00311101	0.00047079
0	0	1484	-5.309e-05	0.0030174	0.00045906
0	0	1486	-5.137e-05	0.00292612	0.00044847
0	0	1488	-4.976e-05	0.00283825	0.00043755
0	0	1490	-4.836e-05	0.00275403	0.0004268
0	0	1492	-4.717e-05	0.00267244	0.00041692
0	0	1494	-4.584e-05	0.00259353	0.00040757
0	0	1496	-4.452e-05	0.00251709	0.00039815
0	0	1498	-4.288e-05	0.00244354	0.0003889
0	0	1500	-4.198e-05	0.00237275	0.00037995
0	0	1502	-4.089e-05	0.00230396	0.00037155
0	0	1504	-4.009e-05	0.00223748	0.00036281
0	0	1506	-3.889e-05	0.00217348	0.00035448
0	0	1508	-3.784e-05	0.00211125	0.00034686
0	0	1510	-3.697e-05	0.0020518	0.00033978
0	0	1512	-3.62e-05	0.00199373	0.00033206
0	0	1514	-3.527e-05	0.00193743	0.00032453
0	0	1516	-3.428e-05	0.00188314	0.00031741
0	0	1518	-3.313e-05	0.00183144	0.00031095
0	0	1520	-3.279e-05	0.00178108	0.00030427
0	0	1522	-3.2e-05	0.00173218	0.00029755
0	0	1524	-3.103e-05	0.0016845	0.00029151
0	0	1526	-3.058e-05	0.00163873	0.00028547
0	0	1528	-2.991e-05	0.00159451	0.00027948
0	0	1530	-2.941e-05	0.00155096	0.00027386
0	0	1532	-2.857e-05	0.00150932	0.00026875
0	0	1534	-2.827e-05	0.0014692	0.00026358
0	0	1536	-2.781e-05	0.00143057	0.00025838
0	0	1538	-2.682e-05	0.00139252	0.00025344
0	0	1540	-2.618e-05	0.00135593	0.00024902
0	0	1542	-2.596e-05	0.00132042	0.00024348
0	0	1544	-2.537e-05	0.00128559	0.00023879
0	0	1546	-2.512e-05	0.00125207	0.00023423
0	0	1548	-2.435e-05	0.00122024	0.00022969
0	0	1550	-2.447e-05	0.00118868	0.00022552
0	0	1552	-2.397e-05	0.00115776	0.00022116
0	0	1554	-2.361e-05	0.00112822	0.00021683
0	0	1556	-2.293e-05	0.0011	0.00021341
0	0	1558	-2.271e-05	0.0010722	0.00020957
0	0	1560	-2.279e-05	0.00104505	0.00020591
0	0	1562	-2.251e-05	0.00101875	0.00020227
0	0	1564	-2.161e-05	0.00099351	0.00019876
0	0	1566	-2.138e-05	0.0009691	0.00019538
0	0	1568	-2.118e-05	0.00094497	0.00019209
0	0	1570	-2.102e-05	0.00092162	0.00018894
0	0	1572	-2.109e-05	0.00089884	0.00018561
0	0	1574	-2.056e-05	0.00087687	0.00018228
0	0	1576	-1.982e-05	0.00085583	0.00017924
0	0	1578	-2e-05	0.00083489	0.00017643
0	0	1580	-2.003e-05	0.00081481	0.0001736
0	0	1582	-2.031e-05	0.00079535	0.00017103
0	0	1584	-1.985e-05	0.00077636	0.00016784
0	0	1586	-1.948e-05	0.00075819	0.00016546
0	0	1588	-1.923e-05	0.00073978	0.00016279
0	0	1590	-1.935e-05	0.00072237	0.00016023
0	0	1592	-1.916e-05	0.00070551	0.00015763
0	0	1594	-1.95e-05	0.00068904	0.00015504
0	0	1596	-1.97e-05	0.00067333	0.00015279
0	0	1598	-1.948e-05	0.00065725	0.00015108
0	0	1600	-1.916e-05	0.00064168	0.00014835
0	0	1602	-1.982e-05	0.00062745	0.0001462
0	0	1604	-2.025e-05	0.00061341	0.000144
0	0	1606	-1.992e-05	0.00059884	0.00014218
0	0	1608	-1.974e-05	0.00058511	0.00014029
0	0	1610	-2.004e-05	0.00057186	0.0001386
0	0	1612	-2.043e-05	0.00055888	0.00013622
0	0	1614	-2.014e-05	0.00054663	0.0001343
0	0	1616	-2.043e-05	0.00053429	0.00013233
0	0	1618	-2.093e-05	0.0005224	0.00013109
0	0	1620	-2.156e-05	0.00051074	0.00012954
0	0	1622	-2.217e-05	0.00049895	0.00012717
0	0	1624	-2.28e-05	0.00048737	0.00012499
0	0	1626	-2.325e-05	0.00047657	0.00012396
0	0	1628	-2.337e-05	0.00046598	0.00012262
0	0	1630	-2.381e-05	0.0004558	0.00012058
0	0	1632	-2.445e-05	0.00044596	0.00011884
0	0	1634	-2.495e-05	0.00043597	0.00011769
0	0	1636	-2.53e-05	0.00042632	0.0001162
0	0	1638	-2.594e-05	0.00041686	0.0001148
0	0	1640	-2.658e-05	0.00040749	0.00011288
0	0	1642	-2.783e-05	0.00039794	0.00011153
0	0	1644	-2.811e-05	0.00038973	0.0001101
0	0	1646	-2.93e-05	0.00038113	0.0001082
0	0	1648	-3.025e-05	0.00037223	0.00010667
0	0	1650	-3.061e-05	0.00036448	0.00010561
