X[mm]	Y[mm]	Z[mm]	Bx[T]	By[T]	Bz[T]
----------------------------------------------------------------------------------------------------------------------------------------------------------------
0	0	-1650	-8.85e-06	-0.00042775	-4.683e-05
0	0	-1648	-9.49e-06	-0.00043633	-4.804e-05
0	0	-1646	-9.65e-06	-0.00044507	-4.894e-05
0	0	-1644	-9.83e-06	-0.00045412	-5.004e-05
0	0	-1642	-1.005e-05	-0.00046399	-5.041e-05
0	0	-1640	-9.85e-06	-0.00047347	-5.105e-05
0	0	-1638	-1.005e-05	-0.00048284	-5.163e-05
0	0	-1636	-1.023e-05	-0.00049178	-5.284e-05
0	0	-1634	-1.029e-05	-0.00050215	-5.354e-05
0	0	-1632	-1.028e-05	-0.00051237	-5.439e-05
0	0	-1630	-1.042e-05	-0.00052279	-5.582e-05
0	0	-1628	-1.052e-05	-0.00053352	-5.646e-05
0	0	-1626	-1.046e-05	-0.00054497	-5.711e-05
0	0	-1624	-1.072e-05	-0.00055625	-5.786e-05
0	0	-1622	-1.088e-05	-0.00056776	-5.892e-05
0	0	-1620	-1.058e-05	-0.00058002	-5.974e-05
0	0	-1618	-1.103e-05	-0.00059202	-6.091e-05
0	0	-1616	-1.125e-05	-0.00060446	-6.192e-05
0	0	-1614	-1.101e-05	-0.00061725	-6.294e-05
0	0	-1612	-1.074e-05	-0.00063048	-6.429e-05
0	0	-1610	-1.088e-05	-0.00064391	-6.508e-05
0	0	-1608	-1.151e-05	-0.00065692	-6.579e-05
0	0	-1606	-1.182e-05	-0.00067103	-6.726e-05
0	0	-1604	-1.193e-05	-0.00068545	-6.877e-05
0	0	-1602	-1.186e-05	-0.00070047	-7.007e-05
0	0	-1600	-1.178e-05	-0.00071561	-7.155e-05
0	0	-1598	-1.231e-05	-0.00073113	-7.272e-05
0	0	-1596	-1.251e-05	-0.00074713	-7.32e-05
0	0	-1594	-1.289e-05	-0.00076303	-7.457e-05
0	0	-1592	-1.298e-05	-0.00077967	-7.632e-05
0	0	-1590	-1.298e-05	-0.00079669	-7.786e-05
0	0	-1588	-1.373e-05	-0.00081456	-7.879e-05
0	0	-1586	-1.39e-05	-0.00083233	-8.042e-05
0	0	-1584	-1.358e-05	-0.00085094	-8.166e-05
0	0	-1582	-1.369e-05	-0.00086965	-8.333e-05
0	0	-1580	-1.427e-05	-0.00088872	-8.49e-05
0	0	-1578	-1.448e-05	-0.00090892	-8.617e-05
0	0	-1576	-1.431e-05	-0.00092966	-8.759e-05
0	0	-1574	-1.449e-05	-0.00094992	-8.948e-05
0	0	-1572	-1.478e-05	-0.00097163	-9.119e-05
0	0	-1570	-1.498e-05	-0.00099379	-9.319e-05
0	0	-1568	-1.607e-05	-0.00101664	-9.468e-05
0	0	-1566	-1.564e-05	-0.00103919	-9.592e-05
0	0	-1564	-1.523e-05	-0.00106338	-9.768e-05
0	0	-1562	-1.592e-05	-0.00108806	-9.978e-05
0	0	-1560	-1.633e-05	-0.00111255	-0.0001014
0	0	-1558	-1.714e-05	-0.00113811	-0.00010258
0	0	-1556	-1.774e-05	-0.00116423	-0.00010461
0	0	-1554	-1.778e-05	-0.00119172	-0.00010679
0	0	-1552	-1.799e-05	-0.0012198	-0.00010899
0	0	-1550	-1.83e-05	-0.0012481	-0.00011098
0	0	-1548	-1.803e-05	-0.00127764	-0.0001131
0	0	-1546	-1.793e-05	-0.00130829	-0.00011484
0	0	-1544	-1.881e-05	-0.0013388	-0.00011718
0	0	-1542	-1.953e-05	-0.00137016	-0.000119
0	0	-1540	-1.964e-05	-0.00140289	-0.00012149
0	0	-1538	-1.947e-05	-0.00143695	-0.00012355
0	0	-1536	-1.941e-05	-0.00147123	-0.00012622
0	0	-1534	-1.981e-05	-0.0015071	-0.00012886
0	0	-1532	-2.052e-05	-0.00154357	-0.00013144
0	0	-1530	-2.119e-05	-0.00158083	-0.00013327
0	0	-1528	-2.17e-05	-0.00161925	-0.00013561
0	0	-1526	-2.233e-05	-0.00165855	-0.0001379
0	0	-1524	-2.243e-05	-0.00169897	-0.00014041
0	0	-1522	-2.305e-05	-0.00174049	-0.00014269
0	0	-1520	-2.302e-05	-0.00178369	-0.00014513
0	0	-1518	-2.357e-05	-0.00182802	-0.00014769
0	0	-1516	-2.418e-05	-0.00187325	-0.00015073
0	0	-1514	-2.451e-05	-0.00191992	-0.00015319
0	0	-1512	-2.439e-05	-0.0019677	-0.000156
0	0	-1510	-2.565e-05	-0.00201673	-0.00015899
0	0	-1508	-2.657e-05	-0.00206772	-0.00016153
0	0	-1506	-2.701e-05	-0.00212	-0.00016421
0	0	-1504	-2.732e-05	-0.00217329	-0.00016719
0	0	-1502	-2.73e-05	-0.00222876	-0.00017087
0	0	-1500	-2.82e-05	-0.00228539	-0.00017403
0	0	-1498	-2.894e-05	-0.00234388	-0.00017715
0	0	-1496	-2.937e-05	-0.0024042	-0.00018014
0	0	-1494	-2.952e-05	-0.00246555	-0.00018302
0	0	-1492	-3.047e-05	-0.0025293	-0.00018582
0	0	-1490	-3.153e-05	-0.00259538	-0.00018866
0	0	-1488	-3.214e-05	-0.00266225	-0.00019249
0	0	-1486	-3.304e-05	-0.00273175	-0.00019613
0	0	-1484	-3.34e-05	-0.00280262	-0.00019919
0	0	-1482	-3.426e-05	-0.00287603	-0.00020292
0	0	-1480	-3.481e-05	-0.00295199	-0.00020665
0	0	-1478	-3.569e-05	-0.00302984	-0.00020959
0	0	-1476	-3.674e-05	-0.00310938	-0.00021322
0	0	-1474	-3.741e-05	-0.00319154	-0.00021674
0	0	-1472	-3.82e-05	-0.0032764	-0.00022006
0	0	-1470	-3.907e-05	-0.0033637	-0.00022364
0	0	-1468	-4.006e-05	-0.00345371	-0.00022735
0	0	-1466	-4.08e-05	-0.00354603	-0.00023093
0	0	-1464	-4.155e-05	-0.00364135	-0.00023427
0	0	-1462	-4.271e-05	-0.00374007	-0.00023785
0	0	-1460	-4.357e-05	-0.00384113	-0.00024157
0	0	-1458	-4.519e-05	-0.00394487	-0.00024514
0	0	-1456	-4.619e-05	-0.00405162	-0.00024817
0	0	-1454	-4.715e-05	-0.00416171	-0.00025159
0	0	-1452	-4.836e-05	-0.00427535	-0.00025537
0	0	-1450	-4.938e-05	-0.00439229	-0.00025876
0	0	-1448	-5.007e-05	-0.00451235	-0.0002621
0	0	-1446	-5.148e-05	-0.00463623	-0.00026525
0	0	-1444	-5.283e-05	-0.00476416	-0.00026807
0	0	-1442	-5.431e-05	-0.00489528	-0.0002714
0	0	-1440	-5.539e-05	-0.00503048	-0.00027465
0	0	-1438	-5.646e-05	-0.00516963	-0.00027737
0	0	-1436	-5.778e-05	-0.0053128	-0.00028066
0	0	-1434	-5.919e-05	-0.00546008	-0.00028366
0	0	-1432	-6.06e-05	-0.00561106	-0.00028591
0	0	-1430	-6.232e-05	-0.00576692	-0.00028804
0	0	-1428	-6.335e-05	-0.00592761	-0.00029009
0	0	-1426	-6.476e-05	-0.00609223	-0.0002917
0	0	-1424	-6.668e-05	-0.00626166	-0.0002931
0	0	-1422	-6.882e-05	-0.00643621	-0.00029484
0	0	-1420	-7.003e-05	-0.00661564	-0.00029584
0	0	-1418	-7.117e-05	-0.00679985	-0.0002961
0	0	-1416	-7.288e-05	-0.00698882	-0.00029609
0	0	-1414	-7.46e-05	-0.00718348	-0.00029659
0	0	-1412	-7.68e-05	-0.0073829	-0.00029661
0	0	-1410	-7.876e-05	-0.00758772	-0.0002957
0	0	-1408	-8.059e-05	-0.00779717	-0.0002941
0	0	-1406	-8.259e-05	-0.00801303	-0.00029239
0	0	-1404	-8.427e-05	-0.00823377	-0.00028958
0	0	-1402	-8.639e-05	-0.00845941	-0.00028671
0	0	-1400	-8.869e-05	-0.00869086	-0.00028375
0	0	-1398	-9.083e-05	-0.008928	-0.00027942
0	0	-1396	-9.255e-05	-0.00917007	-0.00027403
0	0	-1394	-9.482e-05	-0.00941752	-0.0002683
0	0	-1392	-9.659e-05	-0.00967015	-0.00026163
0	0	-1390	-9.864e-05	-0.00992787	-0.00025438
0	0	-1388	-0.00010121	-0.0101913	-0.00024648
0	0	-1386	-0.00010359	-0.0104584	-0.00023753
0	0	-1384	-0.00010601	-0.0107306	-0.00022703
0	0	-1382	-0.00010781	-0.0110069	-0.00021587
0	0	-1380	-0.00010986	-0.0112876	-0.00020373
0	0	-1378	-0.00011221	-0.0115719	-0.00019069
0	0	-1376	-0.00011465	-0.0118592	-0.00017634
0	0	-1374	-0.00011646	-0.0121492	-0.0001607
0	0	-1372	-0.00011916	-0.0124416	-0.00014426
0	0	-1370	-0.00012179	-0.0127359	-0.00012626
0	0	-1368	-0.00012409	-0.013031	-0.00010655
0	0	-1366	-0.0001264	-0.0133267	-8.57e-05
0	0	-1364	-0.00012848	-0.0136217	-6.408e-05
0	0	-1362	-0.00013059	-0.0139153	-4.173e-05
0	0	-1360	-0.00013274	-0.0142067	-1.768e-05
0	0	-1358	-0.00013452	-0.0144942	8.64e-06
0	0	-1356	-0.00013643	-0.0147771	3.525e-05
0	0	-1354	-0.00013852	-0.0150545	6.286e-05
0	0	-1352	-0.00014006	-0.0153242	9.199e-05
0	0	-1350	-0.00014177	-0.0155852	0.00012256
0	0	-1348	-0.0001433	-0.015835	0.00015428
0	0	-1346	-0.00014497	-0.0160727	0.00018634
0	0	-1344	-0.00014629	-0.0162953	0.00022015
0	0	-1342	-0.00014782	-0.0165015	0.00025421
0	0	-1340	-0.00014845	-0.0166894	0.0002886
0	0	-1338	-0.00014929	-0.0168563	0.00032394
0	0	-1336	-0.00014966	-0.0170003	0.00036003
0	0	-1334	-0.00015034	-0.0171175	0.00039574
0	0	-1332	-0.00015091	-0.0172056	0.00043227
0	0	-1330	-0.00015064	-0.0172627	0.00046842
0	0	-1328	-0.00015022	-0.0172852	0.00050394
0	0	-1326	-0.00014929	-0.0172703	0.00054003
0	0	-1324	-0.00014866	-0.0172147	0.00057462
0	0	-1322	-0.00014754	-0.0171152	0.00060859
0	0	-1320	-0.00014599	-0.0169682	0.0006418
0	0	-1318	-0.00014366	-0.0167708	0.0006743
0	0	-1316	-0.00014071	-0.0165196	0.00070472
0	0	-1314	-0.00013809	-0.0162106	0.00073398
0	0	-1312	-0.00013546	-0.0158416	0.00076187
0	0	-1310	-0.00013202	-0.0154092	0.00078773
0	0	-1308	-0.00012784	-0.0149103	0.00081148
0	0	-1306	-0.00012319	-0.0143412	0.00083323
0	0	-1304	-0.00011746	-0.0136995	0.00085304
0	0	-1302	-0.00011186	-0.0129829	0.00087043
0	0	-1300	-0.00010657	-0.0121893	0.00088553
0	0	-1298	-0.00010007	-0.0113161	0.00089843
0	0	-1296	-9.296e-05	-0.0103618	0.00090926
0	0	-1294	-8.534e-05	-0.00932508	0.00091817
0	0	-1292	-7.775e-05	-0.00820501	0.00092442
0	0	-1290	-6.962e-05	-0.00700182	0.0009285
0	0	-1288	-6.075e-05	-0.00571555	0.0009308
0	0	-1286	-5.147e-05	-0.00434702	0.00093154
0	0	-1284	-4.209e-05	-0.00289668	0.00093041
0	0	-1282	-3.21e-05	-0.00136755	0.00092786
0	0	-1280	-2.17e-05	0.00023845	0.00092389
0	0	-1278	-1.136e-05	0.0019172	0.00091885
0	0	-1276	-3.5e-07	0.00366545	0.00091328
0	0	-1274	1.09e-05	0.00547816	0.00090687
0	0	-1272	2.291e-05	0.00734984	0.00090095
0	0	-1270	3.482e-05	0.00927432	0.00089486
0	0	-1268	4.644e-05	0.011245	0.00088816
0	0	-1266	5.866e-05	0.0132538	0.00088187
0	0	-1264	7.045e-05	0.0152922	0.00087576
0	0	-1262	8.275e-05	0.0173522	0.00087068
0	0	-1260	9.491e-05	0.0194241	0.00086652
0	0	-1258	0.000107	0.0214976	0.00086353
0	0	-1256	0.00011911	0.0235617	0.00086123
0	0	-1254	0.00013048	0.0256062	0.00086022
0	0	-1252	0.0001415	0.0276197	0.00086147
0	0	-1250	0.00015265	0.029591	0.00086314
0	0	-1248	0.00016289	0.0315075	0.0008661
0	0	-1246	0.00017307	0.0333585	0.00087017
0	0	-1244	0.00018247	0.0351315	0.00087668
0	0	-1242	0.00019077	0.036814	0.00088374
0	0	-1240	0.00019906	0.0383965	0.00089142
0	0	-1238	0.00020635	0.0398659	0.00090028
0	0	-1236	0.00021329	0.0412111	0.00090984
0	0	-1234	0.00021897	0.0424227	0.00091976
0	0	-1232	0.00022368	0.0434894	0.0009307
0	0	-1230	0.00022736	0.044403	0.00094165
0	0	-1228	0.0002297	0.0451548	0.00095234
0	0	-1226	0.00023132	0.0457361	0.00096317
0	0	-1224	0.00023207	0.0461399	0.00097345
0	0	-1222	0.0002323	0.0463606	0.00098293
0	0	-1220	0.00023059	0.0463929	0.00099159
0	0	-1218	0.00022791	0.0462323	0.00099959
0	0	-1216	0.00022427	0.0458754	0.00100565
0	0	-1214	0.00021961	0.0453203	0.00101045
0	0	-1212	0.00021338	0.0445668	0.00101334
0	0	-1210	0.00020614	0.0436136	0.00101427
0	0	-1208	0.00019839	0.0424628	0.00101287
0	0	-1206	0.00018908	0.0411167	0.00100921
0	0	-1204	0.00017853	0.039579	0.00100281
0	0	-1202	0.00016732	0.0378526	0.00099371
0	0	-1200	0.00015458	0.0359451	0.00098251
0	0	-1198	0.00014104	0.0338625	0.00096781
0	0	-1196	0.00012675	0.031612	0.00095056
0	0	-1194	0.00011208	0.0292024	0.00093095
0	0	-1192	9.66e-05	0.0266438	0.00090774
0	0	-1190	7.983e-05	0.0239459	0.00088157
0	0	-1188	6.253e-05	0.0211195	0.00085316
0	0	-1186	4.577e-05	0.0181767	0.00082138
0	0	-1184	2.747e-05	0.0151313	0.00078631
0	0	-1182	9.22e-06	0.0119949	0.00074876
0	0	-1180	-9.79e-06	0.0087819	0.00070962
0	0	-1178	-2.911e-05	0.00550591	0.00066681
0	0	-1176	-4.797e-05	0.00218209	0.00062206
0	0	-1174	-6.722e-05	-0.00117522	0.00057526
0	0	-1172	-8.671e-05	-0.00455024	0.0005266
0	0	-1170	-0.00010576	-0.00792787	0.00047601
0	0	-1168	-0.00012469	-0.0112928	0.00042378
0	0	-1166	-0.00014318	-0.0146289	0.00036994
0	0	-1164	-0.00016133	-0.0179217	0.00031489
0	0	-1162	-0.00017937	-0.021155	0.00025894
0	0	-1160	-0.00019741	-0.0243148	0.00020212
0	0	-1158	-0.00021387	-0.0273846	0.00014456
0	0	-1156	-0.00022943	-0.0303509	8.721e-05
0	0	-1154	-0.00024489	-0.0331994	2.949e-05
0	0	-1152	-0.00025994	-0.0359171	-2.833e-05
0	0	-1150	-0.00027342	-0.0384901	-8.611e-05
0	0	-1148	-0.0002856	-0.0409056	-0.00014283
0	0	-1146	-0.00029726	-0.0431532	-0.00019866
0	0	-1144	-0.00030828	-0.0452207	-0.00025308
0	0	-1142	-0.00031755	-0.0470978	-0.00030692
0	0	-1140	-0.00032638	-0.0487754	-0.00035952
0	0	-1138	-0.00033398	-0.0502457	-0.00040946
0	0	-1136	-0.00033981	-0.0515005	-0.00045797
0	0	-1134	-0.00034459	-0.0525342	-0.00050543
0	0	-1132	-0.00034848	-0.053341	-0.00055038
0	0	-1130	-0.00035048	-0.0539158	-0.00059245
0	0	-1128	-0.00035185	-0.0542559	-0.00063204
0	0	-1126	-0.00035174	-0.05436	-0.00066971
0	0	-1124	-0.0003504	-0.0542262	-0.00070477
0	0	-1122	-0.00034826	-0.053856	-0.00073707
0	0	-1120	-0.00034464	-0.0532504	-0.00076647
0	0	-1118	-0.00033944	-0.0524113	-0.00079293
0	0	-1116	-0.00033305	-0.0513429	-0.00081619
0	0	-1114	-0.00032549	-0.0500511	-0.00083646
0	0	-1112	-0.00031765	-0.0485404	-0.00085385
0	0	-1110	-0.0003084	-0.046818	-0.00086822
0	0	-1108	-0.00029806	-0.0448925	-0.00087974
0	0	-1106	-0.00028702	-0.0427736	-0.00088737
0	0	-1104	-0.00027471	-0.0404697	-0.00089187
0	0	-1102	-0.00026149	-0.0379931	-0.00089387
0	0	-1100	-0.00024811	-0.0353541	-0.00089271
0	0	-1098	-0.00023417	-0.0325663	-0.00088845
0	0	-1096	-0.00021869	-0.029643	-0.00088055
0	0	-1094	-0.00020318	-0.0265967	-0.0008707
0	0	-1092	-0.00018766	-0.0234433	-0.00085756
0	0	-1090	-0.00017164	-0.0201979	-0.00084104
0	0	-1088	-0.0001553	-0.0168743	-0.00082195
0	0	-1086	-0.00013898	-0.0134884	-0.00080051
0	0	-1084	-0.00012233	-0.0100574	-0.00077613
0	0	-1082	-0.00010577	-0.00659631	-0.00074937
0	0	-1080	-8.875e-05	-0.00312237	-0.00071986
0	0	-1078	-7.196e-05	0.00034869	-0.00068808
0	0	-1076	-5.601e-05	0.00379996	-0.00065392
0	0	-1074	-4.03e-05	0.00721485	-0.00061827
0	0	-1072	-2.499e-05	0.0105786	-0.00058036
0	0	-1070	-9.95e-06	0.0138744	-0.00054056
0	0	-1068	5.08e-06	0.017087	-0.00049871
0	0	-1066	1.878e-05	0.0202004	-0.00045588
0	0	-1064	3.211e-05	0.0232004	-0.0004119
0	0	-1062	4.51e-05	0.0260721	-0.00036616
0	0	-1060	5.67e-05	0.0288026	-0.0003199
0	0	-1058	6.738e-05	0.0313791	-0.00027334
0	0	-1056	7.643e-05	0.0337886	-0.00022546
0	0	-1054	8.547e-05	0.03602	-0.00017765
0	0	-1052	9.408e-05	0.0380622	-0.00012952
0	0	-1050	0.00010151	0.0399059	-8.157e-05
0	0	-1048	0.00010743	0.041543	-3.394e-05
0	0	-1046	0.00011226	0.0429638	1.369e-05
0	0	-1044	0.00011586	0.0441627	5.992e-05
0	0	-1042	0.00011804	0.0451345	0.00010455
0	0	-1040	0.00011961	0.0458738	0.00014833
0	0	-1038	0.00012002	0.0463779	0.00019093
0	0	-1036	0.00011927	0.0466445	0.00023103
0	0	-1034	0.00011774	0.0466721	0.00027016
0	0	-1032	0.00011435	0.0464608	0.00030654
0	0	-1030	0.00011053	0.0460122	0.0003406
0	0	-1028	0.00010553	0.0453291	0.00037248
0	0	-1026	9.885e-05	0.0444147	0.00040165
0	0	-1024	9.195e-05	0.0432732	0.00042728
0	0	-1022	8.318e-05	0.041912	0.00045002
0	0	-1020	7.357e-05	0.0403367	0.00047037
0	0	-1018	6.374e-05	0.0385558	0.00048783
0	0	-1016	5.29e-05	0.0365777	0.00050127
0	0	-1014	4.154e-05	0.034414	0.0005119
0	0	-1012	2.927e-05	0.032074	0.0005192
0	0	-1010	1.598e-05	0.0295697	0.00052178
0	0	-1008	2.31e-06	0.0269142	0.00052188
0	0	-1006	-1.219e-05	0.0241204	0.00051898
0	0	-1004	-2.664e-05	0.0212016	0.00051172
0	0	-1002	-4.193e-05	0.0181728	0.00050182
0	0	-1000	-5.709e-05	0.0150484	0.00048862
0	0	-998	-7.238e-05	0.0118431	0.00047198
0	0	-996	-8.772e-05	0.00857388	0.00045268
0	0	-994	-0.00010333	0.00525684	0.00043057
0	0	-992	-0.00011898	0.0019077	0.00040487
0	0	-990	-0.00013497	-0.00145747	0.00037606
0	0	-988	-0.00015049	-0.00482215	0.00034556
0	0	-986	-0.0001651	-0.00816902	0.00031283
0	0	-984	-0.00018078	-0.0114828	0.00027766
0	0	-982	-0.00019485	-0.0147468	0.00023995
0	0	-980	-0.00020852	-0.017945	0.00020091
0	0	-978	-0.0002217	-0.0210616	0.00016047
0	0	-976	-0.00023512	-0.0240816	0.00011809
0	0	-974	-0.00024727	-0.0269903	7.43e-05
0	0	-972	-0.00025858	-0.0297725	3.044e-05
0	0	-970	-0.00026986	-0.032415	-1.43e-05
0	0	-968	-0.00027995	-0.0349053	-5.971e-05
0	0	-966	-0.00028825	-0.0372305	-0.00010583
0	0	-964	-0.00029614	-0.039379	-0.00015156
0	0	-962	-0.00030348	-0.0413391	-0.00019637
0	0	-960	-0.00030951	-0.0431034	-0.00024168
0	0	-958	-0.00031375	-0.0446612	-0.00028557
0	0	-956	-0.00031711	-0.0460053	-0.00032869
0	0	-954	-0.00031997	-0.0471288	-0.00037084
0	0	-952	-0.00032171	-0.0480259	-0.00041144
0	0	-950	-0.00032193	-0.0486919	-0.00045008
0	0	-948	-0.00032094	-0.0491235	-0.00048712
0	0	-946	-0.00031893	-0.0493186	-0.00052269
0	0	-944	-0.0003157	-0.0492759	-0.0005553
0	0	-942	-0.00031131	-0.0489954	-0.00058534
0	0	-940	-0.00030583	-0.0484786	-0.00061328
0	0	-938	-0.00029845	-0.0477277	-0.00063843
0	0	-936	-0.00029135	-0.0467465	-0.00066041
0	0	-934	-0.00028289	-0.0455401	-0.00068006
0	0	-932	-0.00027265	-0.0441137	-0.00069699
0	0	-930	-0.00026164	-0.0424744	-0.00070983
0	0	-928	-0.00025033	-0.0406308	-0.00072016
0	0	-926	-0.00023764	-0.0385919	-0.00072684
0	0	-924	-0.00022491	-0.0363675	-0.00073053
0	0	-922	-0.00021103	-0.0339679	-0.00073111
0	0	-920	-0.00019608	-0.031405	-0.00072906
0	0	-918	-0.00018071	-0.0286913	-0.00072312
0	0	-916	-0.00016494	-0.0258405	-0.00071355
0	0	-914	-0.00014861	-0.0228659	-0.00070205
0	0	-912	-0.00013173	-0.0197814	-0.00068689
0	0	-910	-0.000115	-0.0166023	-0.00066844
0	0	-908	-9.771e-05	-0.0133451	-0.00064807
0	0	-906	-8.031e-05	-0.010024	-0.0006248
0	0	-904	-6.337e-05	-0.00665585	-0.00059851
0	0	-902	-4.582e-05	-0.00325657	-0.00057037
0	0	-900	-2.921e-05	0.00015785	-0.0005391
0	0	-898	-1.193e-05	0.00357101	-0.00050589
0	0	-896	5.1e-06	0.00696543	-0.00047138
0	0	-894	2.152e-05	0.0103256	-0.0004347
0	0	-892	3.748e-05	0.0136356	-0.0003963
0	0	-890	5.291e-05	0.0168785	-0.00035611
0	0	-888	6.784e-05	0.0200391	-0.00031524
0	0	-886	8.19e-05	0.0231021	-0.00027382
0	0	-884	9.503e-05	0.0260536	-0.00023076
0	0	-882	0.00010771	0.0288783	-0.00018699
0	0	-880	0.00011945	0.031562	-0.00014336
0	0	-878	0.0001308	0.0340926	-9.979e-05
0	0	-876	0.00014062	0.0364578	-5.573e-05
0	0	-874	0.00014939	0.0386458	-1.245e-05
0	0	-872	0.00015713	0.0406457	3.061e-05
0	0	-870	0.0001636	0.0424483	7.258e-05
0	0	-868	0.00016949	0.0440441	0.00011382
0	0	-866	0.00017352	0.0454244	0.00015373
0	0	-864	0.00017677	0.0465847	0.00019217
0	0	-862	0.00017923	0.0475179	0.00022919
0	0	-860	0.0001801	0.0482192	0.00026453
0	0	-858	0.00017969	0.0486858	0.00029742
0	0	-856	0.00017871	0.0489153	0.00032803
0	0	-854	0.0001758	0.0489061	0.00035724
0	0	-852	0.00017138	0.0486591	0.00038419
0	0	-850	0.00016639	0.0481753	0.00040761
0	0	-848	0.00016007	0.0474567	0.00042788
0	0	-846	0.00015256	0.0465073	0.00044661
0	0	-844	0.00014414	0.0453322	0.000462
0	0	-842	0.00013453	0.0439366	0.00047449
0	0	-840	0.00012412	0.042327	0.00048389
0	0	-838	0.00011227	0.0405122	0.00048949
0	0	-836	9.996e-05	0.0385013	0.0004926
0	0	-834	8.689e-05	0.0363043	0.00049344
0	0	-832	7.325e-05	0.0339314	0.00049055
0	0	-830	5.823e-05	0.0313953	0.00048442
0	0	-828	4.288e-05	0.0287074	0.00047552
0	0	-826	2.697e-05	0.0258812	0.00046366
0	0	-824	1.068e-05	0.0229306	0.00044904
0	0	-822	-5.88e-06	0.0198699	0.00043096
0	0	-820	-2.291e-05	0.0167138	0.00041075
0	0	-818	-3.985e-05	0.0134781	0.00038794
0	0	-816	-5.753e-05	0.010179	0.0003626
0	0	-814	-7.465e-05	0.00683206	0.00033466
0	0	-812	-9.174e-05	0.00345275	0.000305
0	0	-810	-0.00010848	5.815e-05	0.00027322
0	0	-808	-0.00012604	-0.00333552	0.0002392
0	0	-806	-0.00014337	-0.00671166	0.00020379
0	0	-804	-0.00015941	-0.0100539	0.00016688
0	0	-802	-0.00017487	-0.0133457	0.00012861
0	0	-800	-0.00018978	-0.0165713	8.907e-05
0	0	-798	-0.00020473	-0.0197153	4.865e-05
0	0	-796	-0.00021898	-0.0227628	7.3e-06
0	0	-794	-0.0002324	-0.0256981	-3.436e-05
0	0	-792	-0.00024495	-0.0285071	-7.676e-05
0	0	-790	-0.00025671	-0.0311763	-0.00011854
0	0	-788	-0.00026783	-0.0336929	-0.00016039
0	0	-786	-0.00027769	-0.0360444	-0.00020219
0	0	-784	-0.0002859	-0.0382181	-0.00024345
0	0	-782	-0.00029362	-0.0402046	-0.0002842
0	0	-780	-0.00030009	-0.0419942	-0.00032351
0	0	-778	-0.00030499	-0.0435782	-0.00036153
0	0	-776	-0.00030876	-0.0449466	-0.00039851
0	0	-774	-0.00031139	-0.0460948	-0.00043341
0	0	-772	-0.00031307	-0.0470167	-0.00046656
0	0	-770	-0.00031333	-0.0477077	-0.00049788
0	0	-768	-0.00031168	-0.0481642	-0.00052665
0	0	-766	-0.00030909	-0.0483836	-0.00055385
0	0	-764	-0.00030499	-0.0483647	-0.0005787
0	0	-762	-0.00030024	-0.0481087	-0.0006005
0	0	-760	-0.00029413	-0.0476158	-0.0006191
0	0	-758	-0.00028597	-0.0468889	-0.00063553
0	0	-756	-0.00027667	-0.0459315	-0.00064881
0	0	-754	-0.00026697	-0.0447484	-0.00065882
0	0	-752	-0.00025539	-0.0433457	-0.00066563
0	0	-750	-0.00024314	-0.0417294	-0.00066961
0	0	-748	-0.00022932	-0.0399096	-0.00067035
0	0	-746	-0.00021483	-0.0378939	-0.00066789
0	0	-744	-0.00019935	-0.0356911	-0.00066239
0	0	-742	-0.00018242	-0.0333135	-0.00065337
0	0	-740	-0.00016485	-0.0307724	-0.00064131
0	0	-738	-0.00014653	-0.02808	-0.0006257
0	0	-736	-0.00012764	-0.02525	-0.00060774
0	0	-734	-0.00010812	-0.0222958	-0.00058613
0	0	-732	-8.762e-05	-0.0192311	-0.00056223
0	0	-730	-6.769e-05	-0.0160716	-0.00053517
0	0	-728	-4.628e-05	-0.0128336	-0.00050561
0	0	-726	-2.416e-05	-0.00953175	-0.00047331
0	0	-724	-2.62e-06	-0.00618188	-0.00043776
0	0	-722	1.937e-05	-0.00279976	-0.00040067
0	0	-720	4.113e-05	0.00059744	-0.0003614
0	0	-718	6.295e-05	0.00399262	-0.00031981
0	0	-716	8.493e-05	0.0073711	-0.00027613
0	0	-714	0.00010636	0.010715	-0.00023111
0	0	-712	0.00012717	0.0140087	-0.00018412
0	0	-710	0.00014806	0.0172369	-0.00013665
0	0	-708	0.00016837	0.0203829	-8.75e-05
0	0	-706	0.00018758	0.0234319	-3.8e-05
0	0	-704	0.00020674	0.0263696	1.297e-05
0	0	-702	0.00022534	0.0291805	6.423e-05
0	0	-700	0.00024269	0.0318512	0.00011521
0	0	-698	0.0002591	0.034369	0.00016656
0	0	-696	0.00027499	0.0367218	0.00021743
0	0	-694	0.00028964	0.0388972	0.00026804
0	0	-692	0.00030349	0.0408848	0.00031821
0	0	-690	0.00031603	0.0426755	0.00036717
0	0	-688	0.00032707	0.0442603	0.00041505
0	0	-686	0.00033665	0.04563	0.00046163
0	0	-684	0.00034609	0.0467786	0.00050717
0	0	-682	0.00035313	0.0477012	0.00054996
0	0	-680	0.0003588	0.0483931	0.00059199
0	0	-678	0.0003646	0.0488494	0.00063129
0	0	-676	0.0003684	0.0490687	0.00066839
0	0	-674	0.00037083	0.0490502	0.00070331
0	0	-672	0.00037143	0.0487934	0.00073583
0	0	-670	0.00037111	0.0482999	0.00076492
0	0	-668	0.00036907	0.0475719	0.00079128
0	0	-666	0.00036535	0.0466129	0.00081432
0	0	-664	0.00036106	0.0454281	0.00083457
0	0	-662	0.00035578	0.0440232	0.00085185
0	0	-660	0.00034949	0.0424049	0.00086572
0	0	-658	0.00034175	0.040582	0.00087629
0	0	-656	0.00033318	0.0385627	0.00088362
0	0	-654	0.00032322	0.0363565	0.00088811
0	0	-652	0.00031202	0.0339745	0.00088902
0	0	-650	0.00030067	0.0314287	0.00088645
0	0	-648	0.00028813	0.0287313	0.00088022
0	0	-646	0.00027457	0.0258959	0.0008707
0	0	-644	0.00026052	0.0229359	0.00085819
0	0	-642	0.00024576	0.0198665	0.00084278
0	0	-640	0.00023125	0.0167011	0.00082422
0	0	-638	0.00021619	0.0134552	0.00080302
0	0	-636	0.00020026	0.0101453	0.00077885
0	0	-634	0.00018394	0.0067873	0.00075186
0	0	-632	0.0001683	0.00339749	0.00072227
0	0	-630	0.0001522	-7.76e-06	0.0006902
0	0	-628	0.00013566	-0.00341222	0.00065672
0	0	-626	0.00011943	-0.0068001	0.00062067
0	0	-624	0.00010375	-0.0101543	0.00058296
0	0	-622	8.796e-05	-0.0134591	0.00054338
0	0	-620	7.307e-05	-0.0166975	0.0005021
0	0	-618	5.843e-05	-0.0198548	0.00045949
0	0	-616	4.361e-05	-0.0229154	0.00041564
0	0	-614	2.956e-05	-0.0258639	0.0003711
0	0	-612	1.704e-05	-0.028687	0.00032624
0	0	-610	4.85e-06	-0.0313708	0.00028039
0	0	-608	-6.72e-06	-0.0339017	0.00023431
0	0	-606	-1.703e-05	-0.0362675	0.00018782
0	0	-604	-2.69e-05	-0.0384565	0.00014222
0	0	-602	-3.556e-05	-0.0404576	9.715e-05
0	0	-600	-4.299e-05	-0.0422623	5.221e-05
0	0	-598	-4.918e-05	-0.0438618	8.86e-06
0	0	-596	-5.414e-05	-0.0452467	-3.464e-05
0	0	-594	-5.805e-05	-0.0464109	-7.661e-05
0	0	-592	-6.093e-05	-0.0473489	-0.00011696
0	0	-590	-6.274e-05	-0.048055	-0.00015583
0	0	-588	-6.353e-05	-0.048527	-0.00019333
0	0	-586	-6.247e-05	-0.0487615	-0.00022838
0	0	-584	-6.049e-05	-0.0487584	-0.00026067
0	0	-582	-5.706e-05	-0.0485185	-0.00029217
0	0	-580	-5.212e-05	-0.048041	-0.00032153
0	0	-578	-4.606e-05	-0.0473289	-0.00034762
0	0	-576	-3.929e-05	-0.0463861	-0.00037133
0	0	-574	-3.131e-05	-0.0452174	-0.00039212
0	0	-572	-2.194e-05	-0.0438289	-0.00041054
0	0	-570	-1.168e-05	-0.0422262	-0.00042659
0	0	-568	-2.8e-07	-0.040419	-0.00043922
0	0	-566	1.239e-05	-0.0384159	-0.00044887
0	0	-564	2.562e-05	-0.0362263	-0.00045616
0	0	-562	3.975e-05	-0.033861	-0.00046122
0	0	-560	5.503e-05	-0.0313311	-0.00046285
0	0	-558	7.076e-05	-0.0286502	-0.00046178
0	0	-556	8.687e-05	-0.0258305	-0.00045794
0	0	-554	0.00010381	-0.0228862	-0.00045214
0	0	-552	0.00012125	-0.0198313	-0.0004431
0	0	-550	0.00013942	-0.0166813	-0.00043157
0	0	-548	0.00015716	-0.0134509	-0.00041725
0	0	-546	0.00017542	-0.0101555	-0.00040112
0	0	-544	0.00019429	-0.00681147	-0.00038267
0	0	-542	0.00021304	-0.0034359	-0.00036193
0	0	-540	0.00023195	-4.429e-05	-0.00033953
0	0	-538	0.00025046	0.00334692	-0.00031469
0	0	-536	0.00026845	0.00672148	-0.00028835
0	0	-534	0.00028708	0.0100628	-0.00025985
0	0	-532	0.00030432	0.0133547	-0.00023025
0	0	-530	0.00032155	0.0165817	-0.00019954
0	0	-528	0.00033908	0.0197281	-0.00016727
0	0	-526	0.00035528	0.0227779	-0.00013462
0	0	-524	0.00037082	0.0257167	-0.00010058
0	0	-522	0.00038542	0.0285298	-6.565e-05
0	0	-520	0.00040019	0.0312047	-3.093e-05
0	0	-518	0.00041338	0.0337274	4.25e-06
0	0	-516	0.00042561	0.0360854	3.949e-05
0	0	-514	0.00043712	0.0382675	7.447e-05
0	0	-512	0.00044767	0.0402628	0.00010985
0	0	-510	0.00045714	0.0420607	0.00014414
0	0	-508	0.0004653	0.0436535	0.00017753
0	0	-506	0.00047229	0.0450331	0.00021095
0	0	-504	0.00047848	0.0461925	0.00024243
0	0	-502	0.000483	0.047126	0.00027305
0	0	-500	0.00048629	0.0478283	0.00030265
0	0	-498	0.00048853	0.0482974	0.00033019
0	0	-496	0.00048961	0.0485302	0.00035596
0	0	-494	0.0004893	0.0485253	0.00038033
0	0	-492	0.00048793	0.0482827	0.00040221
0	0	-490	0.00048485	0.0478035	0.00042211
0	0	-488	0.00048116	0.0470902	0.00043968
0	0	-486	0.0004765	0.0461462	0.00045548
0	0	-484	0.00047028	0.0449771	0.00046813
0	0	-482	0.00046254	0.0435888	0.00047889
0	0	-480	0.00045388	0.0419868	0.00048711
0	0	-478	0.00044488	0.0401793	0.00049252
0	0	-476	0.00043412	0.038176	0.00049586
0	0	-474	0.00042279	0.0359863	0.00049625
0	0	-472	0.0004105	0.0336208	0.00049409
0	0	-470	0.00039739	0.0310915	0.00049
0	0	-468	0.0003837	0.0284104	0.00048225
0	0	-466	0.00036953	0.0255908	0.0004725
0	0	-464	0.00035508	0.0226469	0.00045997
0	0	-462	0.00033952	0.019592	0.00044531
0	0	-460	0.00032315	0.0164419	0.00042858
0	0	-458	0.00030706	0.0132117	0.00040955
0	0	-456	0.00029076	0.00991628	0.00038759
0	0	-454	0.00027374	0.00657214	0.00036374
0	0	-452	0.00025675	0.00319499	0.00033906
0	0	-450	0.00023958	-0.00019745	0.00031175
0	0	-448	0.00022315	-0.00359046	0.00028266
0	0	-446	0.00020638	-0.00696686	0.0002528
0	0	-444	0.00018984	-0.0103102	0.00022049
0	0	-442	0.00017314	-0.0136049	0.00018796
0	0	-440	0.00015714	-0.0168344	0.00015357
0	0	-438	0.00014206	-0.0199835	0.00011839
0	0	-436	0.00012689	-0.0230371	8.206e-05
0	0	-434	0.00011271	-0.0259793	4.56e-05
0	0	-432	9.923e-05	-0.0287971	8.72e-06
0	0	-430	8.663e-05	-0.0314761	-2.892e-05
0	0	-428	7.428e-05	-0.0340037	-6.666e-05
0	0	-426	6.276e-05	-0.0363668	-0.00010457
0	0	-424	5.29e-05	-0.0385542	-0.00014167
0	0	-422	4.351e-05	-0.0405547	-0.00017856
0	0	-420	3.47e-05	-0.0423591	-0.00021533
0	0	-418	2.755e-05	-0.0439593	-0.00025108
0	0	-416	2.187e-05	-0.0453465	-0.00028599
0	0	-414	1.643e-05	-0.0465136	-0.00032031
0	0	-412	1.264e-05	-0.047455	-0.0003531
0	0	-410	9.88e-06	-0.0481657	-0.00038414
0	0	-408	8.44e-06	-0.0486426	-0.00041385
0	0	-406	8.4e-06	-0.0488832	-0.00044231
0	0	-404	9.54e-06	-0.0488867	-0.00046963
0	0	-402	1.109e-05	-0.0486526	-0.0004941
0	0	-400	1.444e-05	-0.0481825	-0.00051636
0	0	-398	1.905e-05	-0.0474777	-0.00053779
0	0	-396	2.389e-05	-0.0465431	-0.00055643
0	0	-394	3.079e-05	-0.0453826	-0.00057318
0	0	-392	3.944e-05	-0.044002	-0.00058725
0	0	-390	4.782e-05	-0.0424071	-0.00059868
0	0	-388	5.693e-05	-0.0406075	-0.0006079
0	0	-386	6.757e-05	-0.0386119	-0.00061481
0	0	-384	7.918e-05	-0.0364293	-0.0006194
0	0	-382	9.148e-05	-0.0340704	-0.00062166
0	0	-380	0.0001043	-0.0315467	-0.00062109
0	0	-378	0.0001182	-0.0288712	-0.00061899
0	0	-376	0.00013244	-0.0260561	-0.00061412
0	0	-374	0.00014762	-0.0231155	-0.00060661
0	0	-372	0.00016275	-0.0200644	-0.0005968
0	0	-370	0.00017869	-0.0169166	-0.00058408
0	0	-368	0.00019512	-0.0136875	-0.0005697
0	0	-366	0.00021192	-0.0103936	-0.00055352
0	0	-364	0.00022801	-0.00704996	-0.0005356
0	0	-362	0.00024398	-0.00367343	-0.0005153
0	0	-360	0.00026081	-0.00027928	-0.00049303
0	0	-358	0.00027738	0.00311567	-0.00046912
0	0	-356	0.00029311	0.00649361	-0.0004433
0	0	-354	0.0003088	0.00983933	-0.00041596
0	0	-352	0.00032414	0.0131367	-0.00038734
0	0	-350	0.00033922	0.0163698	-0.00035794
0	0	-348	0.00035333	0.0195234	-0.00032651
0	0	-346	0.00036727	0.0225807	-0.00029345
0	0	-344	0.00038063	0.0255278	-0.00026064
0	0	-342	0.00039375	0.0283503	-0.0002281
0	0	-340	0.00040517	0.0310349	-0.0001942
0	0	-338	0.00041561	0.0335676	-0.00015965
0	0	-336	0.00042574	0.0359364	-0.00012501
0	0	-334	0.00043458	0.0381299	-9.056e-05
0	0	-332	0.00044259	0.0401369	-5.614e-05
0	0	-330	0.00044904	0.0419479	-2.21e-05
0	0	-328	0.00045426	0.0435539	1.155e-05
0	0	-326	0.00045876	0.0449466	4.459e-05
0	0	-324	0.00046127	0.0461195	7.625e-05
0	0	-322	0.00046309	0.0470669	0.00010752
0	0	-320	0.00046408	0.0477844	0.00013698
0	0	-318	0.0004626	0.0482676	0.00016479
0	0	-316	0.00046012	0.0485148	0.00019188
0	0	-314	0.00045631	0.0485244	0.00021763
0	0	-312	0.00045128	0.0482973	0.00024111
0	0	-310	0.00044507	0.0478336	0.00026289
0	0	-308	0.00043721	0.0471358	0.00028272
0	0	-306	0.0004283	0.0462081	0.00030037
0	0	-304	0.0004185	0.0450545	0.00031535
0	0	-302	0.00040685	0.043681	0.00032854
0	0	-300	0.00039468	0.0420948	0.00033929
0	0	-298	0.00038127	0.0403039	0.00034737
0	0	-296	0.00036606	0.0383162	0.00035326
0	0	-294	0.00035005	0.0361417	0.00035616
0	0	-292	0.00033299	0.0337927	0.00035669
0	0	-290	0.00031501	0.0312797	0.00035511
0	0	-288	0.00029651	0.028615	0.00035104
0	0	-286	0.00027709	0.0258113	0.00034435
0	0	-284	0.00025687	0.0228824	0.00033519
0	0	-282	0.00023571	0.019844	0.00032349
0	0	-280	0.00021432	0.0167094	0.00030945
0	0	-278	0.00019272	0.0134945	0.00029274
0	0	-276	0.00017037	0.0102152	0.00027438
0	0	-274	0.00014801	0.00688657	0.00025353
0	0	-272	0.00012574	0.003525	0.00023055
0	0	-270	0.0001036	0.0001479	0.00020551
0	0	-268	8.109e-05	-0.00322916	0.00017806
0	0	-266	5.881e-05	-0.0065911	0.00014913
0	0	-264	3.651e-05	-0.00992021	0.0001187
0	0	-262	1.452e-05	-0.0131993	8.667e-05
0	0	-260	-7.14e-06	-0.0164143	5.285e-05
0	0	-258	-2.718e-05	-0.0195491	1.848e-05
0	0	-256	-4.738e-05	-0.0225883	-1.677e-05
0	0	-254	-6.768e-05	-0.0255164	-5.347e-05
0	0	-252	-8.63e-05	-0.0283202	-9.164e-05
0	0	-250	-0.00010441	-0.0309865	-0.00013024
0	0	-248	-0.00012127	-0.0335004	-0.0001687
0	0	-246	-0.00013727	-0.0358501	-0.00020727
0	0	-244	-0.00015194	-0.0380245	-0.00024649
0	0	-242	-0.00016586	-0.0400126	-0.00028581
0	0	-240	-0.00017823	-0.0418044	-0.00032418
0	0	-238	-0.00018962	-0.0433926	-0.00036206
0	0	-236	-0.00019965	-0.0447674	-0.00039944
0	0	-234	-0.00020794	-0.045923	-0.00043577
0	0	-232	-0.00021482	-0.0468531	-0.00047096
0	0	-230	-0.00022039	-0.0475529	-0.00050525
0	0	-228	-0.00022496	-0.0480191	-0.00053771
0	0	-226	-0.00022794	-0.0482494	-0.00056908
0	0	-224	-0.00022896	-0.0482427	-0.00059819
0	0	-222	-0.00022862	-0.0479997	-0.00062509
0	0	-220	-0.00022747	-0.0475204	-0.0006502
0	0	-218	-0.00022465	-0.046808	-0.00067287
0	0	-216	-0.00022059	-0.0458657	-0.00069351
0	0	-214	-0.00021507	-0.0446981	-0.00071146
0	0	-212	-0.00020795	-0.0433108	-0.00072744
0	0	-210	-0.00020021	-0.0417106	-0.00074016
0	0	-208	-0.00019123	-0.0399063	-0.00075004
0	0	-206	-0.00018135	-0.0379067	-0.00075735
0	0	-204	-0.00017002	-0.0357214	-0.0007618
0	0	-202	-0.00015736	-0.0333606	-0.00076331
0	0	-200	-0.000144	-0.0308359	-0.00076245
0	0	-198	-0.00013007	-0.0281603	-0.00075832
0	0	-196	-0.00011521	-0.0253465	-0.00075103
0	0	-194	-9.992e-05	-0.0224084	-0.00074083
0	0	-192	-8.449e-05	-0.0193601	-0.00072854
0	0	-190	-6.792e-05	-0.0162167	-0.00071274
0	0	-188	-5.068e-05	-0.0129934	-0.00069438
0	0	-186	-3.458e-05	-0.00970648	-0.00067398
0	0	-184	-1.801e-05	-0.0063706	-0.00065068
0	0	-182	-9.2e-07	-0.00300253	-0.00062499
0	0	-180	1.603e-05	0.00038156	-0.00059601
0	0	-178	3.32e-05	0.00376577	-0.00056523
0	0	-176	4.998e-05	0.00713267	-0.00053283
0	0	-174	6.649e-05	0.0104659	-0.00049791
0	0	-172	8.221e-05	0.0137498	-0.00046147
0	0	-170	9.745e-05	0.016969	-0.00042285
0	0	-168	0.00011229	0.0201064	-0.00038283
0	0	-166	0.00012662	0.0231482	-0.00034179
0	0	-164	0.00013971	0.0260785	-0.00029948
0	0	-162	0.00015242	0.0288844	-0.00025616
0	0	-160	0.00016423	0.0315513	-0.00021168
0	0	-158	0.00017446	0.0340654	-0.00016661
0	0	-156	0.0001836	0.0364147	-0.00012103
0	0	-154	0.00019288	0.0385882	-7.622e-05
0	0	-152	0.00019971	0.0405758	-3.062e-05
0	0	-150	0.00020612	0.0423664	1.501e-05
0	0	-148	0.00021093	0.043951	5.97e-05
0	0	-146	0.00021458	0.0453228	0.0001043
0	0	-144	0.00021708	0.0464745	0.00014716
0	0	-142	0.0002184	0.0473996	0.00018934
0	0	-140	0.00021756	0.048094	0.00023001
0	0	-138	0.00021576	0.0485549	0.00026966
0	0	-136	0.00021308	0.0487796	0.00030723
0	0	-134	0.00020921	0.0487666	0.00034263
0	0	-132	0.0002036	0.048516	0.00037648
0	0	-130	0.0001965	0.0480288	0.00040802
0	0	-128	0.00018823	0.0473075	0.00043725
0	0	-126	0.00017905	0.046357	0.0004644
0	0	-124	0.00016842	0.0451796	0.00048858
0	0	-122	0.00015613	0.0437818	0.00051012
0	0	-120	0.00014278	0.042172	0.00052847
0	0	-118	0.00012849	0.0403569	0.00054437
0	0	-116	0.00011243	0.0383458	0.00055742
0	0	-114	9.58e-05	0.0361479	0.00056717
0	0	-112	7.826e-05	0.0337744	0.00057361
0	0	-110	6.022e-05	0.0312369	0.00057724
0	0	-108	4.079e-05	0.0285483	0.00057829
0	0	-106	2.05e-05	0.0257216	0.00057589
0	0	-104	-4.9e-07	0.02277	0.00057095
0	0	-102	-2.203e-05	0.0197082	0.00056224
0	0	-100	-4.418e-05	0.0165511	0.00055126
0	0	-98	-6.703e-05	0.0133139	0.00053727
0	0	-96	-8.985e-05	0.010012	0.00052009
0	0	-94	-0.00011334	0.00666145	0.00050099
0	0	-92	-0.00013714	0.00327887	0.00047888
0	0	-90	-0.00016031	-0.00012006	0.00045392
0	0	-88	-0.00018454	-0.00351782	0.00042693
0	0	-86	-0.00020858	-0.00689861	0.00039729
0	0	-84	-0.00023266	-0.0102456	0.00036583
0	0	-82	-0.00025595	-0.0135439	0.00033257
0	0	-80	-0.00027922	-0.0167773	0.00029736
0	0	-78	-0.00030243	-0.0199287	0.0002605
0	0	-76	-0.00032522	-0.0229834	0.00022165
0	0	-74	-0.00034681	-0.0259274	0.00018233
0	0	-72	-0.00036882	-0.0287463	0.00014167
0	0	-70	-0.00038975	-0.0314256	0.0001001
0	0	-68	-0.00040993	-0.0339522	5.762e-05
0	0	-66	-0.0004296	-0.0363144	1.468e-05
0	0	-64	-0.00044792	-0.0385003	-2.861e-05
0	0	-62	-0.00046587	-0.0404981	-7.166e-05
0	0	-60	-0.00048227	-0.0422996	-0.00011473
0	0	-58	-0.00049783	-0.0438959	-0.00015752
0	0	-56	-0.00051247	-0.0452786	-0.00019973
0	0	-54	-0.00052617	-0.0464405	-0.00024087
0	0	-52	-0.00053845	-0.0473764	-0.00028131
0	0	-50	-0.00054947	-0.0480805	-0.00032114
0	0	-48	-0.00055875	-0.0485505	-0.00035895
0	0	-46	-0.00056722	-0.0487845	-0.00039507
0	0	-44	-0.00057387	-0.0487807	-0.00043026
0	0	-42	-0.00057932	-0.0485387	-0.00046287
0	0	-40	-0.00058442	-0.0480597	-0.00049413
0	0	-38	-0.00058794	-0.0473466	-0.00052285
0	0	-36	-0.00058918	-0.0464031	-0.00054902
0	0	-34	-0.00058966	-0.0452332	-0.00057301
0	0	-32	-0.00058899	-0.043843	-0.00059493
0	0	-30	-0.00058583	-0.0422392	-0.0006142
0	0	-28	-0.00058226	-0.0404309	-0.00062966
0	0	-26	-0.00057762	-0.0384272	-0.00064328
0	0	-24	-0.00057104	-0.0362359	-0.00065459
0	0	-22	-0.00056314	-0.0338683	-0.00066211
0	0	-20	-0.0005548	-0.0313377	-0.00066665
0	0	-18	-0.00054565	-0.0286554	-0.00066864
0	0	-16	-0.00053449	-0.0258337	-0.00066762
0	0	-14	-0.00052227	-0.0228872	-0.00066347
0	0	-12	-0.00050951	-0.019831	-0.00065664
0	0	-10	-0.00049604	-0.0166798	-0.00064746
0	0	-8	-0.00048116	-0.013448	-0.00063489
0	0	-6	-0.00046537	-0.0101506	-0.00061918
0	0	-4	-0.0004491	-0.00680514	-0.00060094
0	0	-2	-0.00043251	-0.00342819	-0.00058033
0	0	0	-0.00041497	-3.445e-05	-0.00055676
0	0	2	-0.00039684	0.0033589	-0.00053136
0	0	4	-0.00037853	0.00673496	-0.00050429
0	0	6	-0.00035979	0.0100776	-0.00047415
0	0	8	-0.00034099	0.0133715	-0.00044172
0	0	10	-0.00032197	0.0166001	-0.00040788
0	0	12	-0.00030278	0.0197469	-0.0003724
0	0	14	-0.00028379	0.0227973	-0.0003352
0	0	16	-0.0002652	0.0257379	-0.00029615
0	0	18	-0.00024661	0.0285525	-0.00025662
0	0	20	-0.00022886	0.0312273	-0.00021622
0	0	22	-0.00021125	0.0337498	-0.0001742
0	0	24	-0.0001941	0.0361084	-0.00013209
0	0	26	-0.00017727	0.0382912	-8.933e-05
0	0	28	-0.00016122	0.0402862	-4.711e-05
0	0	30	-0.00014604	0.0420851	-4.43e-06
0	0	32	-0.0001316	0.0436787	3.804e-05
0	0	34	-0.00011791	0.0450586	8.05e-05
0	0	36	-0.00010556	0.0462183	0.00012199
0	0	38	-9.354e-05	0.0471514	0.00016252
0	0	40	-8.314e-05	0.0478551	0.00020221
0	0	42	-7.345e-05	0.0483245	0.00024038
0	0	44	-6.45e-05	0.0485575	0.00027679
0	0	46	-5.704e-05	0.048553	0.00031184
0	0	48	-5.064e-05	0.0483113	0.000345
0	0	50	-4.534e-05	0.0478329	0.0003764
0	0	52	-4.144e-05	0.0471214	0.00040596
0	0	54	-3.844e-05	0.0461793	0.00043349
0	0	56	-3.623e-05	0.0450119	0.0004577
0	0	58	-3.538e-05	0.0436243	0.00047934
0	0	60	-3.587e-05	0.042024	0.00049878
0	0	62	-3.68e-05	0.0402186	0.0005154
0	0	64	-3.926e-05	0.0382171	0.00053006
0	0	66	-4.255e-05	0.0360299	0.00054119
0	0	68	-4.636e-05	0.0336672	0.00054987
0	0	70	-5.151e-05	0.0311408	0.0005559
0	0	72	-5.724e-05	0.028463	0.00055894
0	0	74	-6.375e-05	0.0256465	0.00055875
0	0	76	-7.11e-05	0.0227049	0.00055621
0	0	78	-7.867e-05	0.019654	0.00055101
0	0	80	-8.668e-05	0.016507	0.00054228
0	0	82	-9.58e-05	0.0132801	0.00053144
0	0	84	-0.00010423	0.00998808	0.00051858
0	0	86	-0.00011316	0.00664816	0.00050313
0	0	88	-0.00012287	0.00327539	0.00048492
0	0	90	-0.0001326	-0.00011333	0.00046393
0	0	92	-0.00014262	-0.00350147	0.00044131
0	0	94	-0.00015223	-0.00687291	0.00041561
0	0	96	-0.00016179	-0.0102115	0.00038844
0	0	98	-0.00017099	-0.0135016	0.00036032
0	0	100	-0.00017959	-0.0167268	0.0003305
0	0	102	-0.00018829	-0.0198708	0.00029881
0	0	104	-0.00019624	-0.022919	0.00026534
0	0	106	-0.00020427	-0.0258563	0.00023124
0	0	108	-0.00021116	-0.0286682	0.00019618
0	0	110	-0.00021761	-0.0313411	0.00016
0	0	112	-0.00022333	-0.0338622	0.00012309
0	0	114	-0.00022814	-0.0362192	8.639e-05
0	0	116	-0.00023236	-0.0384007	4.909e-05
0	0	118	-0.00023554	-0.0403942	1.104e-05
0	0	120	-0.00023713	-0.0421922	-2.577e-05
0	0	122	-0.00023818	-0.0437849	-6.262e-05
0	0	124	-0.00023892	-0.0451639	-9.936e-05
0	0	126	-0.00023769	-0.0463232	-0.00013566
0	0	128	-0.00023567	-0.0472559	-0.00017033
0	0	130	-0.00023244	-0.0479584	-0.00020404
0	0	132	-0.00022835	-0.0484275	-0.00023724
0	0	134	-0.00022315	-0.0486593	-0.00026891
0	0	136	-0.00021641	-0.0486537	-0.00029875
0	0	138	-0.00020913	-0.0484106	-0.00032717
0	0	140	-0.00020097	-0.0479316	-0.00035394
0	0	142	-0.0001908	-0.0472181	-0.00037865
0	0	144	-0.00017963	-0.046274	-0.00040064
0	0	146	-0.00016758	-0.0451045	-0.00042129
0	0	148	-0.00015471	-0.0437141	-0.00044036
0	0	150	-0.0001409	-0.0421099	-0.00045729
0	0	152	-0.00012582	-0.0403016	-0.00047074
0	0	154	-0.00011033	-0.0382974	-0.0004814
0	0	156	-9.352e-05	-0.0361054	-0.00049018
0	0	158	-7.611e-05	-0.0337388	-0.00049669
0	0	160	-5.714e-05	-0.0312087	-0.00050084
0	0	162	-3.813e-05	-0.0285257	-0.00050247
0	0	164	-1.903e-05	-0.0257039	-0.00050103
0	0	166	8.8e-07	-0.0227572	-0.00049781
0	0	168	2.105e-05	-0.0197012	-0.00049172
0	0	170	4.118e-05	-0.0165483	-0.00048344
0	0	172	6.281e-05	-0.0133148	-0.00047263
0	0	174	8.389e-05	-0.0100175	-0.0004594
0	0	176	0.00010483	-0.00667207	-0.00044451
0	0	178	0.00012629	-0.00329353	-0.00042729
0	0	180	0.00014774	0.00010151	-0.00040703
0	0	182	0.00016883	0.00349575	-0.00038506
0	0	184	0.00018991	0.00687312	-0.0003617
0	0	186	0.00020991	0.0102184	-0.00033579
0	0	188	0.00022982	0.0135145	-0.00030816
0	0	190	0.00024961	0.0167444	-0.00027901
0	0	192	0.00026858	0.0198937	-0.00024878
0	0	194	0.00028704	0.0229474	-0.00021643
0	0	196	0.00030483	0.0258901	-0.00018368
0	0	198	0.00032202	0.0287069	-0.00014913
0	0	200	0.00033783	0.031384	-0.00011377
0	0	202	0.00035265	0.0339099	-7.803e-05
0	0	204	0.00036709	0.0362716	-4.187e-05
0	0	206	0.00038043	0.0384566	-5.22e-06
0	0	208	0.00039156	0.0404553	3.115e-05
0	0	210	0.00040227	0.0422571	6.76e-05
0	0	212	0.00041206	0.0438536	0.00010454
0	0	214	0.00041994	0.0452362	0.0001413
0	0	216	0.00042712	0.0463987	0.00017665
0	0	218	0.00043301	0.0473352	0.00021133
0	0	220	0.00043671	0.0480405	0.00024548
0	0	222	0.00043979	0.0485118	0.00027825
0	0	224	0.00044173	0.0487468	0.00030999
0	0	226	0.00044204	0.0487438	0.00033964
0	0	228	0.00044124	0.0485037	0.00036807
0	0	230	0.00043973	0.0480265	0.00039481
0	0	232	0.00043566	0.047315	0.00041904
0	0	234	0.00042996	0.046373	0.00044189
0	0	236	0.00042443	0.0452052	0.000462
0	0	238	0.00041715	0.0438175	0.00048014
0	0	240	0.00040893	0.042216	0.00049567
0	0	242	0.00039923	0.0404095	0.0005091
0	0	244	0.00038872	0.0384063	0.0005199
0	0	246	0.00037709	0.036216	0.00052786
0	0	248	0.00036435	0.0338499	0.00053353
0	0	250	0.00035105	0.0313197	0.00053614
0	0	252	0.00033679	0.0286375	0.0005362
0	0	254	0.00032151	0.0258162	0.00053389
0	0	256	0.00030551	0.0228698	0.0005278
0	0	258	0.00028918	0.0198126	0.00051977
0	0	260	0.00027203	0.0166591	0.00050918
0	0	262	0.00025531	0.0134246	0.00049572
0	0	264	0.00023786	0.0101264	0.00048013
0	0	266	0.00021976	0.00677821	0.000462
0	0	268	0.00020151	0.00339689	0.00044104
0	0	270	0.00018307	-9.6e-07	0.00041767
0	0	272	0.00016552	-0.00339891	0.00039321
0	0	274	0.00014723	-0.00678041	0.00036632
0	0	276	0.00012944	-0.0101294	0.00033689
0	0	278	0.00011226	-0.0134296	0.00030636
0	0	280	9.534e-05	-0.0166648	0.00027376
0	0	282	7.84e-05	-0.0198198	0.00023998
0	0	284	6.267e-05	-0.0228798	0.00020495
0	0	286	4.719e-05	-0.0258288	0.00016909
0	0	288	3.215e-05	-0.0286524	0.00013248
0	0	290	1.795e-05	-0.031338	9.434e-05
0	0	292	4.26e-06	-0.0338717	5.657e-05
0	0	294	-7.93e-06	-0.0362414	1.891e-05
0	0	296	-1.939e-05	-0.0384344	-1.918e-05
0	0	298	-2.943e-05	-0.0404407	-5.771e-05
0	0	300	-3.94e-05	-0.0422516	-9.552e-05
0	0	302	-4.757e-05	-0.0438579	-0.00013171
0	0	304	-5.437e-05	-0.0452496	-0.00016758
0	0	306	-6.051e-05	-0.0464207	-0.00020202
0	0	308	-6.526e-05	-0.0473676	-0.00023574
0	0	310	-6.874e-05	-0.0480828	-0.00026836
0	0	312	-7.118e-05	-0.0485633	-0.00029832
0	0	314	-7.206e-05	-0.0488077	-0.00032572
0	0	316	-7.165e-05	-0.0488145	-0.00035212
0	0	318	-7.031e-05	-0.0485836	-0.00037592
0	0	320	-6.77e-05	-0.0481161	-0.00039704
0	0	322	-6.382e-05	-0.047414	-0.00041597
0	0	324	-5.809e-05	-0.046481	-0.00043157
0	0	326	-5.189e-05	-0.0453215	-0.00044431
0	0	328	-4.465e-05	-0.0439421	-0.0004549
0	0	330	-3.572e-05	-0.0423485	-0.00046232
0	0	332	-2.615e-05	-0.0405496	-0.00046676
0	0	334	-1.508e-05	-0.0385539	-0.00046847
0	0	336	-3.87e-06	-0.0363713	-0.00046662
0	0	338	8.38e-06	-0.0340121	-0.00046145
0	0	340	2.199e-05	-0.0314882	-0.00045392
0	0	342	3.649e-05	-0.028812	-0.00044344
0	0	344	5.155e-05	-0.0259964	-0.00042912
0	0	346	6.662e-05	-0.0230551	-0.00041214
0	0	348	8.261e-05	-0.0200021	-0.00039248
0	0	350	9.885e-05	-0.0168521	-0.00037044
0	0	352	0.00011512	-0.0136211	-0.00034577
0	0	354	0.00013247	-0.0103256	-0.00031818
0	0	356	0.00014993	-0.0069798	-0.0002889
0	0	358	0.00016719	-0.0036002	-0.00025663
0	0	360	0.00018435	-0.00020313	-0.00022239
0	0	362	0.00020103	0.00319474	-0.00018653
0	0	364	0.00021794	0.00657761	-0.00014893
0	0	366	0.00023471	0.00992903	-0.00011002
0	0	368	0.00025088	0.0132321	-6.932e-05
0	0	370	0.0002672	0.0164708	-2.826e-05
0	0	372	0.00028273	0.01963	1.338e-05
0	0	374	0.00029745	0.0226947	5.662e-05
0	0	376	0.00031101	0.0256501	0.00010001
0	0	378	0.00032472	0.0284813	0.00014363
0	0	380	0.00033718	0.0311756	0.00018703
0	0	382	0.0003487	0.0337187	0.00023008
0	0	384	0.00035975	0.0360982	0.00027214
0	0	386	0.00036918	0.0383037	0.00031404
0	0	388	0.00037773	0.0403238	0.00035558
0	0	390	0.00038577	0.0421483	0.00039517
0	0	392	0.00039227	0.0437688	0.00043283
0	0	394	0.00039759	0.0451779	0.00046899
0	0	396	0.00040108	0.0463669	0.00050373
0	0	398	0.00040409	0.0473306	0.00053706
0	0	400	0.00040615	0.0480657	0.00056768
0	0	402	0.00040586	0.0485672	0.00059535
0	0	404	0.00040475	0.0488332	0.00062055
0	0	406	0.00040214	0.0488625	0.00064322
0	0	408	0.00039844	0.0486548	0.00066356
0	0	410	0.00039319	0.0482112	0.00068001
0	0	412	0.00038768	0.0475338	0.00069331
0	0	414	0.00038042	0.0466258	0.00070321
0	0	416	0.00037175	0.0454921	0.00071079
0	0	418	0.00036248	0.044139	0.0007144
0	0	420	0.00035128	0.0425727	0.00071473
0	0	422	0.00033961	0.0408007	0.00071142
0	0	424	0.00032648	0.0388317	0.0007045
0	0	426	0.00031268	0.036676	0.00069522
0	0	428	0.00029857	0.0343436	0.00068291
0	0	430	0.00028308	0.0318461	0.00066637
0	0	432	0.00026661	0.0291963	0.0006469
0	0	434	0.00024985	0.0264074	0.0006248
0	0	436	0.00023306	0.023492	0.00059899
0	0	438	0.00021465	0.0204644	0.00057022
0	0	440	0.00019662	0.0173404	0.00053936
0	0	442	0.00017801	0.0141338	0.00050546
0	0	444	0.00015923	0.0108616	0.00046913
0	0	446	0.00014012	0.0075382	0.00043033
0	0	448	0.00012112	0.00418112	0.0003893
0	0	450	0.00010116	0.00080649	0.00034703
0	0	452	8.249e-05	-0.00257014	0.00030268
0	0	454	6.34e-05	-0.00593218	0.00025637
0	0	456	4.481e-05	-0.00926316	0.00020933
0	0	458	2.64e-05	-0.012547	0.00016074
0	0	460	8.56e-06	-0.0157677	0.00011169
0	0	462	-8.58e-06	-0.01891	6.154e-05
0	0	464	-2.552e-05	-0.0219575	1.12e-05
0	0	466	-4.171e-05	-0.024896	-3.965e-05
0	0	468	-5.743e-05	-0.027711	-8.981e-05
0	0	470	-7.262e-05	-0.0303893	-0.00014029
0	0	472	-8.637e-05	-0.0329172	-0.00019031
0	0	474	-9.887e-05	-0.0352822	-0.00023939
0	0	476	-0.00011059	-0.0374731	-0.00028764
0	0	478	-0.00012169	-0.0394789	-0.0003337
0	0	480	-0.00013141	-0.0412887	-0.00037925
0	0	482	-0.00014019	-0.0428958	-0.00042309
0	0	484	-0.0001469	-0.0442907	-0.00046463
0	0	486	-0.00015352	-0.0454661	-0.00050447
0	0	488	-0.00015872	-0.0464165	-0.0005418
0	0	490	-0.00016279	-0.0471383	-0.00057614
0	0	492	-0.00016497	-0.0476263	-0.00060811
0	0	494	-0.00016624	-0.0478791	-0.00063696
0	0	496	-0.00016648	-0.0478951	-0.00066363
0	0	498	-0.00016453	-0.047674	-0.000687
0	0	500	-0.00016118	-0.0472166	-0.00070703
0	0	502	-0.00015746	-0.0465263	-0.00072356
0	0	504	-0.00015268	-0.0456062	-0.00073681
0	0	506	-0.00014661	-0.04446	-0.00074607
0	0	508	-0.00013914	-0.0430945	-0.00075235
0	0	510	-0.00012985	-0.0415157	-0.00075496
0	0	512	-0.00012062	-0.0397326	-0.00075359
0	0	514	-0.00011013	-0.0377526	-0.00074844
0	0	516	-9.77e-05	-0.0355865	-0.00074041
0	0	518	-8.467e-05	-0.0332444	-0.00072858
0	0	520	-7.121e-05	-0.0307377	-0.00071286
0	0	522	-5.766e-05	-0.0280793	-0.00069422
0	0	524	-4.25e-05	-0.0252822	-0.00067203
0	0	526	-2.676e-05	-0.0223595	-0.00064634
0	0	528	-1.031e-05	-0.0193263	-0.0006178
0	0	530	6.32e-06	-0.0161962	-0.00058596
0	0	532	2.346e-05	-0.0129859	-0.00055116
0	0	534	4.102e-05	-0.0097103	-0.0005142
0	0	536	5.789e-05	-0.006384	-0.00047402
0	0	538	7.561e-05	-0.0030252	-0.00043218
0	0	540	9.363e-05	0.00035047	-0.0003885
0	0	542	0.00011132	0.00372677	-0.00034199
0	0	544	0.00012889	0.00708697	-0.00029392
0	0	546	0.00014646	0.0104168	-0.00024396
0	0	548	0.00016362	0.0136982	-0.0001926
0	0	550	0.00018034	0.0169151	-0.00014054
0	0	552	0.00019636	0.0200525	-8.747e-05
0	0	554	0.00021192	0.0230942	-3.348e-05
0	0	556	0.00022717	0.0260272	2.052e-05
0	0	558	0.00024111	0.0288364	7.467e-05
0	0	560	0.0002545	0.0315069	0.00012861
0	0	562	0.00026709	0.0340271	0.00018257
0	0	564	0.00027874	0.036384	0.00023589
0	0	566	0.00028938	0.0385662	0.00028867
0	0	568	0.00029808	0.0405617	0.00033997
0	0	570	0.00030689	0.0423624	0.00039003
0	0	572	0.00031428	0.0439598	0.00043896
0	0	574	0.00032071	0.0453446	0.00048597
0	0	576	0.00032573	0.0465092	0.00053046
0	0	578	0.00032921	0.0474495	0.00057353
0	0	580	0.00033162	0.0481604	0.0006142
0	0	582	0.00033277	0.0486372	0.00065274
0	0	584	0.00033322	0.0488787	0.00068836
0	0	586	0.00033144	0.0488831	0.00072127
0	0	588	0.00032801	0.048651	0.00075123
0	0	590	0.00032414	0.0481829	0.00077825
0	0	592	0.00031895	0.0474812	0.00080136
0	0	594	0.00031237	0.0465493	0.00082188
0	0	596	0.00030444	0.0453919	0.00083917
0	0	598	0.00029493	0.0440153	0.00085257
0	0	600	0.00028464	0.0424254	0.00086289
0	0	602	0.00027254	0.0406294	0.00086965
0	0	604	0.00025924	0.0386379	0.00087336
0	0	606	0.00024545	0.0364601	0.00087359
0	0	608	0.00023072	0.0341057	0.00087025
0	0	610	0.00021452	0.0315869	0.00086353
0	0	612	0.00019736	0.0289164	0.00085349
0	0	614	0.00017981	0.0261072	0.00084034
0	0	616	0.00016167	0.0231722	0.00082429
0	0	618	0.00014196	0.0201257	0.00080508
0	0	620	0.00012141	0.0169834	0.00078307
0	0	622	0.0001008	0.0137602	0.00075849
0	0	624	7.992e-05	0.010471	0.00073112
0	0	626	5.838e-05	0.00713221	0.00070097
0	0	628	3.65e-05	0.00376064	0.00066882
0	0	630	1.352e-05	0.00037187	0.00063485
0	0	632	-9.27e-06	-0.00301811	0.00059907
0	0	634	-3.164e-05	-0.00639226	0.00056149
0	0	636	-5.421e-05	-0.00973455	0.00052193
0	0	638	-7.623e-05	-0.0130285	0.00048115
0	0	640	-9.869e-05	-0.0162582	0.00043921
0	0	642	-0.00012131	-0.0194095	0.00039668
0	0	644	-0.00014315	-0.0224656	0.00035321
0	0	646	-0.00016466	-0.0254112	0.00030981
0	0	648	-0.00018508	-0.0282326	0.00026589
0	0	650	-0.00020598	-0.0309164	0.00022122
0	0	652	-0.00022665	-0.0334498	0.00017707
0	0	654	-0.00024551	-0.0358198	0.0001337
0	0	656	-0.0002641	-0.0380145	9.048e-05
0	0	658	-0.00028194	-0.0400236	4.868e-05
0	0	660	-0.00029876	-0.0418365	7.74e-06
0	0	662	-0.00031482	-0.0434463	-3.146e-05
0	0	664	-0.00033041	-0.0448432	-6.969e-05
0	0	666	-0.00034421	-0.0460209	-0.00010657
0	0	668	-0.0003574	-0.0469734	-0.0001414
0	0	670	-0.00036894	-0.047696	-0.00017376
0	0	672	-0.00038001	-0.0481853	-0.00020393
0	0	674	-0.00038988	-0.0484389	-0.00023174
0	0	676	-0.00039905	-0.0484559	-0.00025684
0	0	678	-0.00040675	-0.0482354	-0.00027961
0	0	680	-0.0004127	-0.0477789	-0.00029976
0	0	682	-0.00041781	-0.0470892	-0.00031734
0	0	684	-0.00042187	-0.0461691	-0.00033111
0	0	686	-0.00042517	-0.045024	-0.00034274
0	0	688	-0.00042689	-0.0436591	-0.00035082
0	0	690	-0.00042755	-0.0420796	-0.00035613
0	0	692	-0.00042681	-0.0402958	-0.00035866
0	0	694	-0.00042528	-0.0383171	-0.000358
0	0	696	-0.00042275	-0.0361508	-0.0003544
0	0	698	-0.00041928	-0.0338087	-0.00034754
0	0	700	-0.00041428	-0.0313025	-0.00033806
0	0	702	-0.00040847	-0.028644	-0.0003253
0	0	704	-0.00040179	-0.0258467	-0.00031015
0	0	706	-0.00039427	-0.0229234	-0.00029182
0	0	708	-0.00038554	-0.0198903	-0.00027095
0	0	710	-0.00037649	-0.0167606	-0.00024749
0	0	712	-0.00036702	-0.0135498	-0.0002216
0	0	714	-0.00035675	-0.0102732	-0.00019344
0	0	716	-0.00034559	-0.00694821	-0.00016341
0	0	718	-0.00033447	-0.00358983	-0.00013129
0	0	720	-0.00032237	-0.00021386	-9.707e-05
0	0	722	-0.00031018	0.00316261	-6.186e-05
0	0	724	-0.0002976	0.00652307	-2.497e-05
0	0	726	-0.00028444	0.00985119	1.34e-05
0	0	728	-0.00027118	0.0131308	5.32e-05
0	0	730	-0.00025814	0.0163466	9.383e-05
0	0	732	-0.00024523	0.0194826	0.00013479
0	0	734	-0.00023227	0.0225239	0.00017717
0	0	736	-0.00021909	0.0254553	0.00021874
0	0	738	-0.00020629	0.0282624	0.00026105
0	0	740	-0.00019407	0.0309315	0.00030389
0	0	742	-0.0001825	0.033449	0.00034655
0	0	744	-0.0001706	0.0358033	0.00038822
0	0	746	-0.00015995	0.0379835	0.00042858
0	0	748	-0.00014968	0.0399777	0.00046824
0	0	750	-0.00013956	0.0417761	0.00050721
0	0	752	-0.00012973	0.0433698	0.00054463
0	0	754	-0.00012189	0.0447518	0.00058066
0	0	756	-0.00011425	0.0459144	0.0006147
0	0	758	-0.00010749	0.0468526	0.00064645
0	0	760	-0.000101	0.0475604	0.00067568
0	0	762	-9.562e-05	0.0480356	0.00070315
0	0	764	-9.152e-05	0.048275	0.00072786
0	0	766	-8.853e-05	0.0482781	0.00074993
0	0	768	-8.539e-05	0.0480449	0.00076954
0	0	770	-8.366e-05	0.0475764	0.00078583
0	0	772	-8.334e-05	0.0468746	0.0007988
0	0	774	-8.457e-05	0.0459423	0.00080893
0	0	776	-8.562e-05	0.0447862	0.00081571
0	0	778	-8.747e-05	0.0434105	0.00081962
0	0	780	-9.055e-05	0.0418223	0.00081987
0	0	782	-9.424e-05	0.0400296	0.00081689
0	0	784	-9.887e-05	0.0380413	0.00080996
0	0	786	-0.0001046	0.0358672	0.00079996
0	0	788	-0.00011115	0.033518	0.00078664
0	0	790	-0.00011895	0.0310058	0.00077
0	0	792	-0.00012635	0.028342	0.0007502
0	0	794	-0.00013466	0.0255404	0.00072677
0	0	796	-0.00014385	0.0226145	0.00070117
0	0	798	-0.00015361	0.0195766	0.00067261
0	0	800	-0.00016266	0.0164447	0.00064075
0	0	802	-0.00017303	0.0132326	0.00060607
0	0	804	-0.00018392	0.00995588	0.00056878
0	0	806	-0.00019504	0.00662908	0.00052881
0	0	808	-0.00020627	0.00327059	0.0004873
0	0	810	-0.00021774	-0.00010402	0.00044336
0	0	812	-0.00022882	-0.00347961	0.00039772
0	0	814	-0.00024041	-0.00683922	0.00035064
0	0	816	-0.0002519	-0.0101651	0.00030215
0	0	818	-0.0002625	-0.0134425	0.00025224
0	0	820	-0.00027383	-0.0166558	0.00020099
0	0	822	-0.00028466	-0.0197887	0.00014906
0	0	824	-0.00029422	-0.0228262	9.677e-05
0	0	826	-0.00030478	-0.0257542	4.462e-05
0	0	828	-0.00031465	-0.0285576	-8.06e-06
0	0	830	-0.00032351	-0.0312232	-6.027e-05
0	0	832	-0.00033266	-0.0337372	-0.00011277
0	0	834	-0.00034051	-0.0360873	-0.00016485
0	0	836	-0.00034728	-0.0382629	-0.00021578
0	0	838	-0.00035427	-0.0402526	-0.00026569
0	0	840	-0.00036037	-0.0420466	-0.00031433
0	0	842	-0.00036509	-0.0436364	-0.00036174
0	0	844	-0.00036931	-0.0450136	-0.00040752
0	0	846	-0.00037263	-0.0461718	-0.00045156
0	0	848	-0.00037462	-0.0471046	-0.00049376
0	0	850	-0.00037558	-0.0478075	-0.00053359
0	0	852	-0.0003763	-0.0482778	-0.00057154
0	0	854	-0.00037603	-0.0485118	-0.00060729
0	0	856	-0.00037403	-0.0485092	-0.0006401
0	0	858	-0.00037176	-0.0482695	-0.00067013
0	0	860	-0.0003679	-0.0477943	-0.00069734
0	0	862	-0.00036315	-0.0470855	-0.00072161
0	0	864	-0.00035754	-0.0461469	-0.00074278
0	0	866	-0.00035117	-0.0449831	-0.00076174
0	0	868	-0.0003436	-0.0435997	-0.00077711
0	0	870	-0.00033522	-0.0420024	-0.00078967
0	0	872	-0.00032591	-0.040201	-0.00079908
0	0	874	-0.00031559	-0.0382031	-0.00080495
0	0	876	-0.00030377	-0.0360191	-0.00080797
0	0	878	-0.00029168	-0.033659	-0.00080799
0	0	880	-0.00027928	-0.031135	-0.00080458
0	0	882	-0.00026576	-0.0284592	-0.00079871
0	0	884	-0.00025151	-0.0256447	-0.00078964
0	0	886	-0.00023691	-0.0227055	-0.00077732
0	0	888	-0.00022144	-0.0196555	-0.00076158
0	0	890	-0.00020568	-0.0165096	-0.00074302
0	0	892	-0.00018945	-0.0132815	-0.00072198
0	0	894	-0.00017291	-0.00998936	-0.00069839
0	0	896	-0.00015596	-0.00664783	-0.00067253
0	0	898	-0.00013843	-0.00327298	-0.00064355
0	0	900	-0.00012155	0.00011862	-0.00061217
0	0	902	-0.00010353	0.00351074	-0.00057883
0	0	904	-8.632e-05	0.0068867	-0.00054342
0	0	906	-6.904e-05	0.0102306	-0.00050613
0	0	908	-5.179e-05	0.0135262	-0.00046709
0	0	910	-3.437e-05	0.0167576	-0.00042677
0	0	912	-1.784e-05	0.0199081	-0.00038475
0	0	914	-1.22e-06	0.0229643	-0.00034075
0	0	916	1.538e-05	0.0259101	-0.00029579
0	0	918	3.118e-05	0.0287313	-0.0002509
0	0	920	4.628e-05	0.0314153	-0.00020497
0	0	922	6.069e-05	0.0339469	-0.00015857
0	0	924	7.466e-05	0.0363149	-0.00011202
0	0	926	8.797e-05	0.0385081	-6.58e-05
0	0	928	0.00010085	0.0405158	-2.007e-05
0	0	930	0.00011232	0.0423276	2.525e-05
0	0	932	0.00012315	0.0439344	6.989e-05
0	0	934	0.00013353	0.0453291	0.00011363
0	0	936	0.00014291	0.0465043	0.00015589
0	0	938	0.00015107	0.0474545	0.00019697
0	0	940	0.00015849	0.0481746	0.00023636
0	0	942	0.000165	0.0486611	0.00027417
0	0	944	0.00017035	0.0489121	0.00030966
0	0	946	0.00017463	0.0489267	0.00034268
0	0	948	0.00017822	0.0487043	0.00037284
0	0	950	0.00018089	0.0482459	0.00040104
0	0	952	0.00018197	0.0475542	0.00042629
0	0	954	0.00018269	0.0466323	0.00044829
0	0	956	0.00018246	0.0454857	0.00046795
0	0	958	0.00018098	0.0441202	0.00048422
0	0	960	0.00017857	0.0425414	0.00049686
0	0	962	0.00017536	0.0407583	0.00050691
0	0	964	0.00017176	0.0387793	0.00051353
0	0	966	0.00016651	0.0366147	0.00051676
0	0	968	0.00016097	0.0342744	0.00051736
0	0	970	0.00015478	0.0317701	0.00051433
0	0	972	0.00014779	0.0291157	0.0005071
0	0	974	0.00014068	0.0263228	0.00049765
0	0	976	0.00013218	0.0234057	0.0004851
0	0	978	0.00012361	0.0203783	0.0004695
0	0	980	0.00011548	0.0172557	0.00045048
0	0	982	0.00010631	0.0140528	0.00042925
0	0	984	9.637e-05	0.0107856	0.00040578
0	0	986	8.634e-05	0.00747007	0.00037883
0	0	988	7.701e-05	0.00412281	0.00035008
0	0	990	6.693e-05	0.00075898	0.00031909
0	0	992	5.708e-05	-0.00260468	0.00028585
0	0	994	4.698e-05	-0.00595105	0.00025138
0	0	996	3.669e-05	-0.00926358	0.00021512
0	0	998	2.772e-05	-0.012527	0.00017714
0	0	1000	1.853e-05	-0.015726	0.00013854
0	0	1002	9.61e-06	-0.0188441	9.904e-05
0	0	1004	9.3e-07	-0.0218646	5.854e-05
0	0	1006	-6.94e-06	-0.0247744	1.728e-05
0	0	1008	-1.428e-05	-0.0275595	-2.395e-05
0	0	1010	-2.147e-05	-0.0302057	-6.531e-05
0	0	1012	-2.764e-05	-0.0326988	-0.00010612
0	0	1014	-3.282e-05	-0.0350273	-0.00014641
0	0	1016	-3.779e-05	-0.0371802	-0.00018679
0	0	1018	-4.2e-05	-0.0391461	-0.00022554
0	0	1020	-4.495e-05	-0.040914	-0.00026365
0	0	1022	-4.78e-05	-0.0424769	-0.00030063
0	0	1024	-4.94e-05	-0.0438272	-0.00033551
0	0	1026	-4.986e-05	-0.0449565	-0.00036917
0	0	1028	-4.902e-05	-0.0458586	-0.00040033
0	0	1030	-4.828e-05	-0.0465295	-0.00042949
0	0	1032	-4.603e-05	-0.0469664	-0.00045658
0	0	1034	-4.283e-05	-0.0471666	-0.00048121
0	0	1036	-3.911e-05	-0.0471281	-0.00050338
0	0	1038	-3.416e-05	-0.046851	-0.00052307
0	0	1040	-2.804e-05	-0.046337	-0.00053986
0	0	1042	-2.15e-05	-0.0455886	-0.00055332
0	0	1044	-1.321e-05	-0.0446081	-0.00056475
0	0	1046	-5.31e-06	-0.0434005	-0.00057225
0	0	1048	3.82e-06	-0.0419713	-0.00057678
0	0	1050	1.409e-05	-0.0403288	-0.0005788
0	0	1052	2.451e-05	-0.0384803	-0.00057785
0	0	1054	3.617e-05	-0.0364338	-0.00057324
0	0	1056	4.856e-05	-0.034199	-0.00056626
0	0	1058	6.096e-05	-0.0317866	-0.00055578
0	0	1060	7.394e-05	-0.0292088	-0.00054203
0	0	1062	8.764e-05	-0.0264774	-0.00052579
0	0	1064	0.00010189	-0.0236049	-0.00050682
0	0	1066	0.00011602	-0.0206065	-0.00048539
0	0	1068	0.00013052	-0.0174957	-0.00046091
0	0	1070	0.00014505	-0.0142867	-0.00043358
0	0	1072	0.00016032	-0.0109954	-0.00040432
0	0	1074	0.00017563	-0.00763668	-0.00037256
0	0	1076	0.00019091	-0.00422724	-0.00033933
0	0	1078	0.00020641	-0.00078308	-0.00030417
0	0	1080	0.00022101	0.00268021	-0.00026761
0	0	1082	0.00023476	0.00614504	-0.00022918
0	0	1084	0.00024911	0.00959625	-0.00018944
0	0	1086	0.00026354	0.0130172	-0.00014859
0	0	1088	0.00027686	0.0163912	-0.00010613
0	0	1090	0.00028991	0.0197033	-6.273e-05
0	0	1092	0.00030244	0.0229367	-1.928e-05
0	0	1094	0.00031462	0.0260775	2.416e-05
0	0	1096	0.00032597	0.0291096	6.771e-05
0	0	1098	0.00033672	0.0320192	0.00011111
0	0	1100	0.00034656	0.0347927	0.00015426
0	0	1102	0.00035585	0.0374174	0.00019691
0	0	1104	0.00036462	0.03988	0.00023863
0	0	1106	0.00037219	0.0421689	0.00027952
0	0	1108	0.00037891	0.0442736	0.00031949
0	0	1110	0.00038432	0.0461835	0.00035737
0	0	1112	0.00038873	0.0478908	0.00039377
0	0	1114	0.00039302	0.0493869	0.00042747
0	0	1116	0.0003952	0.0506649	0.0004597
0	0	1118	0.0003967	0.0517185	0.0004897
0	0	1120	0.00039724	0.0525436	0.00051697
0	0	1122	0.0003974	0.0531358	0.00054128
0	0	1124	0.00039586	0.0534928	0.00056288
0	0	1126	0.00039321	0.0536137	0.00058132
0	0	1128	0.00038954	0.0534976	0.00059628
0	0	1130	0.00038544	0.0531455	0.00060827
0	0	1132	0.00037973	0.0525594	0.00061681
0	0	1134	0.00037255	0.051743	0.00062159
0	0	1136	0.00036492	0.050701	0.00062316
0	0	1138	0.00035608	0.0494379	0.00062083
0	0	1140	0.00034616	0.0479607	0.00061466
0	0	1142	0.000336	0.0462762	0.00060528
0	0	1144	0.00032442	0.0443944	0.00059154
0	0	1146	0.00031238	0.0423232	0.000574
0	0	1148	0.00029896	0.0400729	0.00055322
0	0	1150	0.00028525	0.0376558	0.00052891
0	0	1152	0.00027112	0.035083	0.00050097
0	0	1154	0.00025619	0.0323666	0.00046933
0	0	1156	0.00023977	0.029521	0.0004351
0	0	1158	0.00022331	0.0265588	0.00039767
0	0	1160	0.00020629	0.0234945	0.00035747
0	0	1162	0.00018922	0.0203432	0.0003147
0	0	1164	0.0001716	0.0171185	0.00026898
0	0	1166	0.00015326	0.0138362	0.00022089
0	0	1168	0.00013424	0.0105124	0.00017122
0	0	1170	0.00011547	0.00716179	0.00011891
0	0	1172	9.678e-05	0.00379988	6.53e-05
0	0	1174	7.777e-05	0.00044297	1.039e-05
0	0	1176	5.86e-05	-0.00289451	-4.623e-05
0	0	1178	3.95e-05	-0.00619743	-0.00010292
0	0	1180	2.082e-05	-0.00945065	-0.00015981
0	0	1182	1.74e-06	-0.0126394	-0.00021812
0	0	1184	-1.698e-05	-0.0157498	-0.00027666
0	0	1186	-3.561e-05	-0.0187683	-0.00033464
0	0	1188	-5.36e-05	-0.0216816	-0.00039248
0	0	1190	-7.162e-05	-0.0244768	-0.00044956
0	0	1192	-8.921e-05	-0.027143	-0.00050599
0	0	1194	-0.00010664	-0.0296688	-0.00056063
0	0	1196	-0.00012322	-0.0320435	-0.00061523
0	0	1198	-0.00013903	-0.0342581	-0.00066808
0	0	1200	-0.00015461	-0.0363045	-0.00071842
0	0	1202	-0.00016961	-0.0381754	-0.00076701
0	0	1204	-0.00018434	-0.0398633	-0.00081433
0	0	1206	-0.00019788	-0.0413627	-0.00085904
0	0	1208	-0.00021104	-0.0426708	-0.00090167
0	0	1210	-0.00022364	-0.0437832	-0.00094211
0	0	1212	-0.00023611	-0.0446971	-0.00098021
0	0	1214	-0.00024733	-0.0454127	-0.00101566
0	0	1216	-0.00025793	-0.0459297	-0.00104869
0	0	1218	-0.00026744	-0.0462489	-0.0010796
0	0	1220	-0.00027638	-0.0463728	-0.00110754
0	0	1222	-0.00028457	-0.0463045	-0.00113258
0	0	1224	-0.00029263	-0.0460486	-0.00115613
0	0	1226	-0.00029939	-0.0456108	-0.00117701
0	0	1228	-0.00030618	-0.0449975	-0.00119575
0	0	1230	-0.00031194	-0.0442151	-0.00121255
0	0	1232	-0.00031651	-0.0432725	-0.00122677
0	0	1234	-0.00032127	-0.0421776	-0.00123882
0	0	1236	-0.00032509	-0.0409399	-0.00124973
0	0	1238	-0.0003284	-0.0395713	-0.00125899
0	0	1240	-0.00033121	-0.0380801	-0.00126613
0	0	1242	-0.00033312	-0.0364785	-0.00127169
0	0	1244	-0.00033499	-0.0347768	-0.00127579
0	0	1246	-0.00033587	-0.0329876	-0.00127909
0	0	1248	-0.0003368	-0.031123	-0.00128126
0	0	1250	-0.00033726	-0.0291933	-0.00128179
0	0	1252	-0.00033746	-0.027211	-0.00128206
0	0	1254	-0.00033677	-0.0251875	-0.00128098
0	0	1256	-0.00033575	-0.0231352	-0.00127965
0	0	1258	-0.0003348	-0.0210643	-0.00127752
0	0	1260	-0.00033365	-0.0189854	-0.00127412
0	0	1262	-0.00033189	-0.0169099	-0.00127066
0	0	1264	-0.00032993	-0.0148471	-0.00126592
0	0	1266	-0.00032797	-0.012807	-0.00126096
0	0	1268	-0.00032603	-0.0107974	-0.00125542
0	0	1270	-0.00032355	-0.00882638	-0.00124819
0	0	1272	-0.00032126	-0.00690205	-0.0012399
0	0	1274	-0.0003182	-0.0050308	-0.00123146
0	0	1276	-0.00031571	-0.00321958	-0.00122139
0	0	1278	-0.00031269	-0.00147289	-0.00120971
0	0	1280	-0.00031004	0.0002049	-0.00119727
0	0	1282	-0.00030677	0.00180922	-0.00118331
0	0	1284	-0.00030326	0.00333639	-0.00116801
0	0	1286	-0.00030027	0.00478486	-0.00115079
0	0	1288	-0.00029685	0.00615214	-0.00113233
0	0	1290	-0.00029357	0.00743667	-0.001112
0	0	1292	-0.00028997	0.00863833	-0.0010896
0	0	1294	-0.0002861	0.00975648	-0.0010656
0	0	1296	-0.00028207	0.0107921	-0.00103919
0	0	1298	-0.00027905	0.0117453	-0.00101107
0	0	1300	-0.00027567	0.0126181	-0.00098228
0	0	1302	-0.0002719	0.0134115	-0.00095086
0	0	1304	-0.0002682	0.0141277	-0.00091743
0	0	1306	-0.00026487	0.0147684	-0.00088242
0	0	1308	-0.00026109	0.0153367	-0.00084613
0	0	1310	-0.00025697	0.0158359	-0.0008087
0	0	1312	-0.00025327	0.0162684	-0.00076948
0	0	1314	-0.00024938	0.0166368	-0.00072888
0	0	1316	-0.0002453	0.0169447	-0.00068735
0	0	1318	-0.00024132	0.0171953	-0.00064471
0	0	1320	-0.00023753	0.0173925	-0.00060162
0	0	1322	-0.0002341	0.0175391	-0.00055818
0	0	1324	-0.00023017	0.0176376	-0.00051464
0	0	1326	-0.00022614	0.0176924	-0.00047093
0	0	1328	-0.00022153	0.0177059	-0.00042677
0	0	1330	-0.00021767	0.0176828	-0.00038282
0	0	1332	-0.00021372	0.0176239	-0.00033919
0	0	1334	-0.00020965	0.0175338	-0.00029647
0	0	1336	-0.00020585	0.0174146	-0.00025421
0	0	1338	-0.00020177	0.0172691	-0.00021289
0	0	1340	-0.00019802	0.0170996	-0.0001719
0	0	1342	-0.00019376	0.0169091	-0.00013241
0	0	1344	-0.00019026	0.0166999	-9.391e-05
0	0	1346	-0.00018679	0.0164739	-5.706e-05
0	0	1348	-0.00018261	0.0162334	-2.154e-05
0	0	1350	-0.00017879	0.0159803	1.312e-05
0	0	1352	-0.0001752	0.0157158	4.617e-05
0	0	1354	-0.00017131	0.0154426	7.809e-05
0	0	1356	-0.00016791	0.0151616	0.00010779
0	0	1358	-0.00016399	0.0148749	0.00013642
0	0	1360	-0.00016039	0.0145829	0.00016308
0	0	1362	-0.00015649	0.0142874	0.00018867
0	0	1364	-0.00015285	0.0139891	0.00021274
0	0	1366	-0.00014955	0.0136888	0.00023448
0	0	1368	-0.0001461	0.0133885	0.00025564
0	0	1370	-0.00014288	0.0130885	0.00027542
0	0	1372	-0.00013951	0.0127896	0.00029351
0	0	1374	-0.00013628	0.0124919	0.0003105
0	0	1376	-0.00013287	0.0121966	0.00032574
0	0	1378	-0.00013011	0.0119048	0.00033951
0	0	1380	-0.0001273	0.0116157	0.00035212
0	0	1382	-0.00012369	0.0113303	0.00036391
0	0	1384	-0.0001208	0.0110483	0.0003744
0	0	1386	-0.0001179	0.010771	0.00038319
0	0	1388	-0.00011482	0.0104983	0.00039169
0	0	1390	-0.0001117	0.0102305	0.00039926
0	0	1392	-0.00010896	0.00996791	0.00040578
0	0	1394	-0.00010628	0.00970953	0.00041089
0	0	1396	-0.00010331	0.00945694	0.00041543
0	0	1398	-0.00010111	0.00920988	0.00041927
0	0	1400	-9.841e-05	0.00896816	0.00042248
0	0	1402	-9.627e-05	0.00873182	0.00042491
0	0	1404	-9.44e-05	0.00850033	0.00042626
0	0	1406	-9.134e-05	0.00827451	0.00042735
0	0	1408	-8.916e-05	0.00805463	0.00042759
0	0	1410	-8.719e-05	0.00783968	0.0004284
0	0	1412	-8.523e-05	0.00763036	0.00042791
0	0	1414	-8.278e-05	0.00742579	0.00042631
0	0	1416	-8.051e-05	0.00722686	0.00042504
0	0	1418	-7.812e-05	0.00703302	0.00042342
0	0	1420	-7.599e-05	0.00684466	0.00042103
0	0	1422	-7.45e-05	0.00666115	0.0004186
0	0	1424	-7.278e-05	0.00648178	0.00041586
0	0	1426	-7.076e-05	0.0063078	0.00041307
0	0	1428	-6.859e-05	0.00613837	0.00041016
0	0	1430	-6.726e-05	0.0059742	0.00040668
0	0	1432	-6.542e-05	0.00581425	0.0004028
0	0	1434	-6.385e-05	0.00565848	0.00039906
0	0	1436	-6.23e-05	0.00550744	0.00039528
0	0	1438	-6.062e-05	0.00536029	0.00039085
0	0	1440	-5.9e-05	0.00521724	0.00038622
0	0	1442	-5.795e-05	0.00507867	0.00038212
0	0	1444	-5.618e-05	0.00494357	0.0003775
0	0	1446	-5.52e-05	0.00481221	0.00037328
0	0	1448	-5.368e-05	0.0046852	0.00036942
0	0	1450	-5.258e-05	0.00456144	0.00036433
0	0	1452	-5.122e-05	0.00444036	0.00035929
0	0	1454	-5.002e-05	0.00432296	0.00035415
0	0	1456	-4.896e-05	0.00421005	0.00034974
0	0	1458	-4.772e-05	0.00410009	0.00034506
0	0	1460	-4.677e-05	0.00399308	0.00034034
0	0	1462	-4.529e-05	0.00388919	0.00033596
0	0	1464	-4.427e-05	0.00378799	0.00033149
0	0	1466	-4.34e-05	0.00368982	0.00032655
0	0	1468	-4.235e-05	0.00359438	0.00032217
0	0	1470	-4.132e-05	0.0035015	0.00031729
0	0	1472	-3.992e-05	0.00341155	0.00031202
0	0	1474	-3.905e-05	0.00332408	0.00030769
0	0	1476	-3.83e-05	0.00323921	0.0003033
0	0	1478	-3.746e-05	0.00315657	0.00029833
0	0	1480	-3.659e-05	0.00307618	0.00029384
0	0	1482	-3.574e-05	0.00299825	0.00028931
0	0	1484	-3.487e-05	0.00292212	0.00028537
0	0	1486	-3.404e-05	0.00284859	0.00028113
0	0	1488	-3.319e-05	0.0027773	0.00027636
0	0	1490	-3.22e-05	0.00270765	0.00027186
0	0	1492	-3.162e-05	0.00264009	0.00026806
0	0	1494	-3.108e-05	0.00257448	0.00026394
0	0	1496	-3.018e-05	0.00250984	0.00025985
0	0	1498	-2.982e-05	0.00244815	0.00025589
0	0	1500	-2.923e-05	0.00238782	0.00025155
0	0	1502	-2.912e-05	0.00232929	0.00024791
0	0	1504	-2.839e-05	0.00227238	0.00024419
0	0	1506	-2.783e-05	0.00221656	0.00024042
0	0	1508	-2.742e-05	0.00216261	0.00023673
0	0	1510	-2.684e-05	0.00211036	0.00023288
0	0	1512	-2.616e-05	0.00205991	0.00022926
0	0	1514	-2.534e-05	0.00201082	0.00022548
0	0	1516	-2.495e-05	0.00196171	0.00022203
0	0	1518	-2.472e-05	0.00191434	0.00021877
0	0	1520	-2.445e-05	0.00186913	0.00021577
0	0	1522	-2.386e-05	0.00182465	0.00021231
0	0	1524	-2.359e-05	0.00178143	0.00020834
0	0	1526	-2.318e-05	0.00173949	0.00020586
0	0	1528	-2.283e-05	0.00169834	0.0002029
0	0	1530	-2.274e-05	0.00165858	0.00019933
0	0	1532	-2.183e-05	0.00162029	0.00019677
0	0	1534	-2.139e-05	0.00158284	0.00019413
0	0	1536	-2.123e-05	0.00154607	0.00019111
0	0	1538	-2.101e-05	0.0015099	0.00018808
0	0	1540	-2.044e-05	0.0014751	0.00018496
0	0	1542	-2.042e-05	0.0014414	0.00018252
0	0	1544	-2.055e-05	0.00140794	0.00017961
0	0	1546	-2.052e-05	0.00137569	0.00017744
0	0	1548	-1.992e-05	0.00134493	0.00017527
0	0	1550	-1.927e-05	0.00131447	0.00017271
0	0	1552	-1.963e-05	0.001285	0.00016953
0	0	1554	-1.915e-05	0.00125617	0.00016716
0	0	1556	-1.835e-05	0.00122757	0.00016456
0	0	1558	-1.851e-05	0.0012002	0.00016219
0	0	1560	-1.824e-05	0.00117303	0.00015976
0	0	1562	-1.837e-05	0.00114682	0.0001575
0	0	1564	-1.822e-05	0.00112116	0.00015549
0	0	1566	-1.802e-05	0.00109661	0.00015309
0	0	1568	-1.753e-05	0.00107293	0.00015135
0	0	1570	-1.747e-05	0.00105017	0.0001494
0	0	1572	-1.724e-05	0.00102697	0.00014728
0	0	1574	-1.675e-05	0.00100455	0.00014553
0	0	1576	-1.714e-05	0.00098232	0.00014337
0	0	1578	-1.717e-05	0.00096099	0.00014133
0	0	1580	-1.709e-05	0.00094036	0.00013972
0	0	1582	-1.677e-05	0.00092036	0.00013763
0	0	1584	-1.686e-05	0.00090041	0.00013553
0	0	1586	-1.714e-05	0.00088171	0.0001345
0	0	1588	-1.726e-05	0.00086284	0.00013329
0	0	1590	-1.72e-05	0.00084423	0.00013126
0	0	1592	-1.729e-05	0.00082614	0.00012946
0	0	1594	-1.752e-05	0.00080871	0.00012759
0	0	1596	-1.738e-05	0.00079169	0.0001259
0	0	1598	-1.79e-05	0.00077536	0.00012485
0	0	1600	-1.778e-05	0.00075899	0.00012312
0	0	1602	-1.798e-05	0.0007428	0.0001216
0	0	1604	-1.837e-05	0.00072728	0.00012046
0	0	1606	-1.81e-05	0.00071267	0.00011919
0	0	1608	-1.845e-05	0.0006977	0.00011792
0	0	1610	-1.856e-05	0.00068274	0.00011634
0	0	1612	-1.809e-05	0.00066825	0.00011503
0	0	1614	-1.894e-05	0.00065458	0.00011357
0	0	1616	-1.923e-05	0.00064114	0.00011267
0	0	1618	-1.902e-05	0.00062806	0.00011135
0	0	1620	-1.945e-05	0.00061513	0.00010988
0	0	1622	-2.028e-05	0.00060247	0.00010882
0	0	1624	-2.055e-05	0.00059049	0.00010759
0	0	1626	-2.069e-05	0.00057832	0.00010637
0	0	1628	-2.099e-05	0.00056628	0.00010571
0	0	1630	-2.177e-05	0.00055457	0.00010396
0	0	1632	-2.226e-05	0.00054373	0.00010267
0	0	1634	-2.276e-05	0.00053241	0.00010181
0	0	1636	-2.364e-05	0.00052124	0.00010041
0	0	1638	-2.489e-05	0.00051041	9.933e-05
0	0	1640	-2.546e-05	0.00049995	9.814e-05
0	0	1642	-2.651e-05	0.00048975	9.681e-05
0	0	1644	-2.676e-05	0.00047914	9.592e-05
0	0	1646	-2.691e-05	0.00046867	9.444e-05
0	0	1648	-2.809e-05	0.00045925	9.336e-05
0	0	1650	-2.925e-05	0.00044985	9.162e-05
