X[mm]	Y[mm]	Z[mm]	Bx[T]	By[T]	Bz[T]
----------------------------------------------------------------------------------------------------------------------------------------------------------------
0	0	-1650	-5.83e-06	-0.00027688	-5.406e-05
0	0	-1648	-6.5e-06	-0.00028339	-5.486e-05
0	0	-1646	-6.51e-06	-0.00028947	-5.647e-05
0	0	-1644	-6.73e-06	-0.00029547	-5.744e-05
0	0	-1642	-6.89e-06	-0.00030203	-5.868e-05
0	0	-1640	-6.99e-06	-0.00030916	-6.008e-05
0	0	-1638	-7.43e-06	-0.0003162	-6.108e-05
0	0	-1636	-6.66e-06	-0.00032338	-6.202e-05
0	0	-1634	-6.93e-06	-0.00033038	-6.325e-05
0	0	-1632	-7.71e-06	-0.00033806	-6.48e-05
0	0	-1630	-8.05e-06	-0.0003454	-6.645e-05
0	0	-1628	-8.09e-06	-0.00035301	-6.742e-05
0	0	-1626	-8.18e-06	-0.00036109	-6.895e-05
0	0	-1624	-7.94e-06	-0.00036914	-7.074e-05
0	0	-1622	-8.23e-06	-0.00037759	-7.198e-05
0	0	-1620	-8.8e-06	-0.00038685	-7.344e-05
0	0	-1618	-9.1e-06	-0.00039609	-7.453e-05
0	0	-1616	-8.97e-06	-0.00040496	-7.637e-05
0	0	-1614	-8.92e-06	-0.00041406	-7.827e-05
0	0	-1612	-9.24e-06	-0.00042394	-7.974e-05
0	0	-1610	-9.11e-06	-0.00043429	-8.146e-05
0	0	-1608	-9.57e-06	-0.00044465	-8.354e-05
0	0	-1606	-1.011e-05	-0.00045562	-8.554e-05
0	0	-1604	-1.013e-05	-0.00046666	-8.728e-05
0	0	-1602	-1.058e-05	-0.00047753	-8.901e-05
0	0	-1600	-1.071e-05	-0.00048863	-9.119e-05
0	0	-1598	-1.116e-05	-0.00050058	-9.315e-05
0	0	-1596	-1.126e-05	-0.0005131	-9.489e-05
0	0	-1594	-1.139e-05	-0.00052559	-9.659e-05
0	0	-1592	-1.176e-05	-0.00053903	-9.885e-05
0	0	-1590	-1.148e-05	-0.0005519	-0.00010131
0	0	-1588	-1.185e-05	-0.00056611	-0.00010347
0	0	-1586	-1.254e-05	-0.00058058	-0.00010575
0	0	-1584	-1.264e-05	-0.00059487	-0.00010816
0	0	-1582	-1.252e-05	-0.00061009	-0.00011065
0	0	-1580	-1.254e-05	-0.00062553	-0.00011308
0	0	-1578	-1.308e-05	-0.00064123	-0.00011591
0	0	-1576	-1.321e-05	-0.00065771	-0.00011814
0	0	-1574	-1.381e-05	-0.00067446	-0.00012123
0	0	-1572	-1.412e-05	-0.00069187	-0.00012432
0	0	-1570	-1.434e-05	-0.00071032	-0.0001275
0	0	-1568	-1.491e-05	-0.00072884	-0.00013041
0	0	-1566	-1.475e-05	-0.00074799	-0.00013329
0	0	-1564	-1.547e-05	-0.00076699	-0.0001367
0	0	-1562	-1.593e-05	-0.00078785	-0.00014009
0	0	-1560	-1.639e-05	-0.00080916	-0.00014361
0	0	-1558	-1.663e-05	-0.00083076	-0.00014669
0	0	-1556	-1.693e-05	-0.00085328	-0.0001505
0	0	-1554	-1.741e-05	-0.00087639	-0.00015415
0	0	-1552	-1.772e-05	-0.00090033	-0.00015793
0	0	-1550	-1.842e-05	-0.00092458	-0.00016234
0	0	-1548	-1.858e-05	-0.0009505	-0.00016637
0	0	-1546	-1.929e-05	-0.00097689	-0.00017046
0	0	-1544	-2.01e-05	-0.00100432	-0.00017482
0	0	-1542	-2.036e-05	-0.00103258	-0.00017943
0	0	-1540	-2.078e-05	-0.00106172	-0.00018418
0	0	-1538	-2.089e-05	-0.00109163	-0.00018843
0	0	-1536	-2.138e-05	-0.0011226	-0.00019328
0	0	-1534	-2.235e-05	-0.0011546	-0.00019847
0	0	-1532	-2.31e-05	-0.0011874	-0.00020396
0	0	-1530	-2.378e-05	-0.00122176	-0.00020937
0	0	-1528	-2.46e-05	-0.00125739	-0.0002149
0	0	-1526	-2.535e-05	-0.00129396	-0.00022035
0	0	-1524	-2.59e-05	-0.00133205	-0.00022613
0	0	-1522	-2.642e-05	-0.00137117	-0.00023263
0	0	-1520	-2.684e-05	-0.00141179	-0.00023966
0	0	-1518	-2.76e-05	-0.0014546	-0.00024604
0	0	-1516	-2.866e-05	-0.0014976	-0.00025288
0	0	-1514	-2.941e-05	-0.00154257	-0.00026009
0	0	-1512	-3.023e-05	-0.0015894	-0.00026745
0	0	-1510	-3.048e-05	-0.00163804	-0.00027518
0	0	-1508	-3.129e-05	-0.00168829	-0.00028279
0	0	-1506	-3.299e-05	-0.00173992	-0.00029139
0	0	-1504	-3.391e-05	-0.00179356	-0.00030009
0	0	-1502	-3.513e-05	-0.00184926	-0.00030901
0	0	-1500	-3.589e-05	-0.00190691	-0.00031822
0	0	-1498	-3.68e-05	-0.0019675	-0.00032752
0	0	-1496	-3.811e-05	-0.00202964	-0.00033789
0	0	-1494	-3.899e-05	-0.00209405	-0.00034808
0	0	-1492	-4.046e-05	-0.00216063	-0.00035901
0	0	-1490	-4.169e-05	-0.00222987	-0.00037041
0	0	-1488	-4.28e-05	-0.00230193	-0.00038188
0	0	-1486	-4.426e-05	-0.0023765	-0.00039365
0	0	-1484	-4.63e-05	-0.00245371	-0.00040642
0	0	-1482	-4.742e-05	-0.00253407	-0.0004197
0	0	-1480	-4.931e-05	-0.00261787	-0.00043322
0	0	-1478	-5.114e-05	-0.00270498	-0.00044764
0	0	-1476	-5.305e-05	-0.00279509	-0.00046326
0	0	-1474	-5.507e-05	-0.00288795	-0.00047889
0	0	-1472	-5.658e-05	-0.00298526	-0.00049514
0	0	-1470	-5.819e-05	-0.00308655	-0.00051202
0	0	-1468	-5.997e-05	-0.00319165	-0.00052988
0	0	-1466	-6.227e-05	-0.00330062	-0.00054843
0	0	-1464	-6.4e-05	-0.00341419	-0.00056755
0	0	-1462	-6.668e-05	-0.00353252	-0.00058797
0	0	-1460	-6.939e-05	-0.00365525	-0.00060935
0	0	-1458	-7.119e-05	-0.00378331	-0.00063185
0	0	-1456	-7.381e-05	-0.00391662	-0.00065557
0	0	-1454	-7.631e-05	-0.00405511	-0.00068005
0	0	-1452	-7.871e-05	-0.00419893	-0.00070529
0	0	-1450	-8.177e-05	-0.00434913	-0.00073283
0	0	-1448	-8.521e-05	-0.00450608	-0.0007616
0	0	-1446	-8.846e-05	-0.00466942	-0.00079077
0	0	-1444	-9.173e-05	-0.00483896	-0.00082262
0	0	-1442	-9.502e-05	-0.00501672	-0.00085556
0	0	-1440	-9.914e-05	-0.00520118	-0.00089026
0	0	-1438	-0.00010301	-0.0053935	-0.00092679
0	0	-1436	-0.00010675	-0.00559447	-0.00096491
0	0	-1434	-0.0001104	-0.00580411	-0.00100534
0	0	-1432	-0.00011492	-0.00602311	-0.00104842
0	0	-1430	-0.00011969	-0.00625196	-0.00109321
0	0	-1428	-0.00012497	-0.00649144	-0.00114057
0	0	-1426	-0.00013019	-0.00674127	-0.00119159
0	0	-1424	-0.0001356	-0.00700133	-0.00124486
0	0	-1422	-0.00014097	-0.00727466	-0.00130134
0	0	-1420	-0.00014689	-0.00755945	-0.00136133
0	0	-1418	-0.00015282	-0.00785815	-0.00142502
0	0	-1416	-0.00015907	-0.00817074	-0.00149246
0	0	-1414	-0.00016614	-0.00849783	-0.00156314
0	0	-1412	-0.00017317	-0.00884066	-0.00163872
0	0	-1410	-0.00018058	-0.00919994	-0.00171861
0	0	-1408	-0.0001889	-0.00957658	-0.00180389
0	0	-1406	-0.00019718	-0.0099719	-0.00189545
0	0	-1404	-0.00020577	-0.0103871	-0.00199187
0	0	-1402	-0.00021467	-0.0108224	-0.00209433
0	0	-1400	-0.00022477	-0.0112805	-0.00220414
0	0	-1398	-0.00023512	-0.0117621	-0.00232084
0	0	-1396	-0.00024612	-0.0122691	-0.00244541
0	0	-1394	-0.00025754	-0.012803	-0.00257819
0	0	-1392	-0.00026889	-0.0133654	-0.00271997
0	0	-1390	-0.00028121	-0.0139589	-0.00287167
0	0	-1388	-0.00029522	-0.0145855	-0.00303338
0	0	-1386	-0.00030982	-0.0152481	-0.00320631
0	0	-1384	-0.00032485	-0.0159489	-0.00339199
0	0	-1382	-0.00034123	-0.0166908	-0.00359026
0	0	-1380	-0.00035794	-0.0174771	-0.00380293
0	0	-1378	-0.0003754	-0.0183118	-0.00403005
0	0	-1376	-0.0003943	-0.0191983	-0.00427285
0	0	-1374	-0.00041443	-0.0201417	-0.00453315
0	0	-1372	-0.00043559	-0.0211471	-0.004812
0	0	-1370	-0.00045827	-0.0222204	-0.00511052
0	0	-1368	-0.00048222	-0.023368	-0.00542922
0	0	-1366	-0.00050751	-0.0245968	-0.00576977
0	0	-1364	-0.00053479	-0.0259161	-0.00613448
0	0	-1362	-0.00056432	-0.0273345	-0.00652268
0	0	-1360	-0.00059511	-0.0288619	-0.00693581
0	0	-1358	-0.00062824	-0.030511	-0.00737411
0	0	-1356	-0.00066328	-0.0322962	-0.0078389
0	0	-1354	-0.00070118	-0.0342337	-0.00832974
0	0	-1352	-0.0007415	-0.0363403	-0.00884431
0	0	-1350	-0.00078476	-0.0386372	-0.0093814
0	0	-1348	-0.00083097	-0.0411489	-0.00993828
0	0	-1346	-0.00088062	-0.0439039	-0.0105097
0	0	-1344	-0.00093395	-0.0469311	-0.0110875
0	0	-1342	-0.00099138	-0.0502675	-0.0116617
0	0	-1340	-0.00105355	-0.0539552	-0.0122192
0	0	-1338	-0.00111992	-0.0580395	-0.0127408
0	0	-1336	-0.00119146	-0.0625728	-0.013199
0	0	-1334	-0.0012694	-0.0676139	-0.0135634
0	0	-1332	-0.00135271	-0.073228	-0.0137915
0	0	-1330	-0.00144287	-0.0794824	-0.01383
0	0	-1328	-0.00154074	-0.0864486	-0.0136135
0	0	-1326	-0.00164597	-0.0942018	-0.0130635
0	0	-1324	-0.00175908	-0.102812	-0.0120887
0	0	-1322	-0.00188189	-0.112338	-0.0105869
0	0	-1320	-0.00201566	-0.122823	-0.00845288
0	0	-1318	-0.0021595	-0.134299	-0.00558847
0	0	-1316	-0.00231463	-0.14677	-0.00192028
0	0	-1314	-0.00248189	-0.160218	0.00258372
0	0	-1312	-0.00266264	-0.174626	0.00788955
0	0	-1310	-0.00285701	-0.19	0.0138828
0	0	-1308	-0.00306459	-0.206371	0.0203716
0	0	-1306	-0.00328217	-0.223838	0.0270939
0	0	-1304	-0.00350592	-0.242568	0.0337437
0	0	-1302	-0.00372784	-0.262782	0.0400034
0	0	-1300	-0.00393601	-0.284712	0.0455684
0	0	-1298	-0.00411548	-0.308577	0.0501655
0	0	-1296	-0.00424974	-0.334526	0.0535586
0	0	-1294	-0.00432021	-0.362573	0.0555678
0	0	-1292	-0.00431322	-0.39254	0.0560674
0	0	-1290	-0.00422151	-0.42401	0.0549778
0	0	-1288	-0.00404729	-0.456246	0.0522898
0	0	-1286	-0.00380362	-0.488145	0.0480739
0	0	-1284	-0.00350921	-0.51826	0.042483
0	0	-1282	-0.00318723	-0.544866	0.0357532
0	0	-1280	-0.00285682	-0.566093	0.0281964
0	0	-1278	-0.00253184	-0.580126	0.0201683
0	0	-1276	-0.00221869	-0.585378	0.012012
0	0	-1274	-0.0019176	-0.580589	0.00403624
0	0	-1272	-0.00162363	-0.564895	-0.00349221
0	0	-1270	-0.00132954	-0.537895	-0.0103506
0	0	-1268	-0.00102807	-0.499669	-0.0163486
0	0	-1266	-0.00071205	-0.450819	-0.021337
0	0	-1264	-0.00037866	-0.392477	-0.0252704
0	0	-1262	-2.608e-05	-0.326092	-0.0281925
0	0	-1260	0.00034529	-0.253215	-0.0302086
0	0	-1258	0.00073139	-0.175349	-0.0314746
0	0	-1256	0.00112976	-0.0938441	-0.032185
0	0	-1254	0.0015355	-0.00973943	-0.0325104
0	0	-1252	0.00194631	0.0762144	-0.0325528
0	0	-1250	0.00235719	0.163468	-0.0324098
0	0	-1248	0.00276361	0.251616	-0.0321723
0	0	-1246	0.00316211	0.340464	-0.0318724
0	0	-1244	0.00354859	0.429936	-0.0314971
0	0	-1242	0.00391858	0.519905	-0.0310009
0	0	-1240	0.00426875	0.610071	-0.0303376
0	0	-1238	0.00459597	0.69993	-0.0294147
0	0	-1236	0.00489568	0.788671	-0.0281175
0	0	-1234	0.00516275	0.875115	-0.026395
0	0	-1232	0.00539348	0.957807	-0.0242387
0	0	-1230	0.00558491	1.03518	-0.0216672
0	0	-1228	0.00573421	1.10571	-0.0187243
0	0	-1226	0.00584028	1.16793	-0.0154963
0	0	-1224	0.00590654	1.22066	-0.0120987
0	0	-1222	0.00593556	1.26308	-0.00863067
0	0	-1220	0.00592933	1.29474	-0.00516153
0	0	-1218	0.00589311	1.31551	-0.00172445
0	0	-1216	0.00583109	1.32545	0.00168982
0	0	-1214	0.00574597	1.32464	0.00511636
0	0	-1212	0.00563956	1.31314	0.00858031
0	0	-1210	0.00551357	1.29095	0.0120663
0	0	-1208	0.00536742	1.25818	0.0155001
0	0	-1206	0.00519984	1.21516	0.0187484
0	0	-1204	0.00500912	1.16262	0.021642
0	0	-1202	0.00479336	1.1017	0.024037
0	0	-1200	0.00454863	1.03389	0.0258353
0	0	-1198	0.00427189	0.960873	0.0269826
0	0	-1196	0.00396285	0.884393	0.0274963
0	0	-1194	0.00362152	0.806073	0.0274551
0	0	-1192	0.00325096	0.727268	0.0269687
0	0	-1190	0.00285447	0.649042	0.0261501
0	0	-1188	0.00243689	0.572152	0.0250992
0	0	-1186	0.00200273	0.497037	0.0239241
0	0	-1184	0.00155825	0.423879	0.0227132
0	0	-1182	0.00110796	0.352692	0.021517
0	0	-1180	0.00065569	0.283351	0.0203805
0	0	-1178	0.00020357	0.215603	0.0193277
0	0	-1176	-0.00024527	0.149152	0.018387
0	0	-1174	-0.00068945	0.0836783	0.0175651
0	0	-1172	-0.00112802	0.0188195	0.0168519
0	0	-1170	-0.0015585	-0.0458055	0.0162451
0	0	-1168	-0.00198091	-0.110567	0.0157383
0	0	-1166	-0.00239295	-0.175832	0.0153254
0	0	-1164	-0.0027931	-0.24198	0.0149891
0	0	-1162	-0.00317971	-0.309379	0.0147127
0	0	-1160	-0.00355193	-0.378351	0.0144896
0	0	-1158	-0.00390786	-0.449164	0.0143063
0	0	-1156	-0.00424618	-0.522046	0.0141397
0	0	-1154	-0.00456614	-0.597093	0.0139639
0	0	-1152	-0.00486629	-0.67423	0.0137511
0	0	-1150	-0.00514474	-0.753183	0.0134518
0	0	-1148	-0.00539914	-0.833401	0.0130109
0	0	-1146	-0.00562602	-0.914026	0.0123711
0	0	-1144	-0.00582309	-0.993853	0.0114857
0	0	-1142	-0.00598796	-1.0714	0.0103292
0	0	-1140	-0.00611679	-1.14498	0.00888838
0	0	-1138	-0.00621036	-1.21281	0.00720109
0	0	-1136	-0.00626922	-1.27317	0.00533842
0	0	-1134	-0.00629398	-1.32465	0.00338058
0	0	-1132	-0.00628768	-1.3662	0.00141706
0	0	-1130	-0.00625289	-1.39721	-0.00049334
0	0	-1128	-0.00619158	-1.41741	-0.00233043
0	0	-1126	-0.00610476	-1.42672	-0.00410968
0	0	-1124	-0.00599237	-1.42515	-0.00586827
0	0	-1122	-0.0058537	-1.41269	-0.007634
0	0	-1120	-0.00568628	-1.38932	-0.00939127
0	0	-1118	-0.00548678	-1.35512	-0.0110851
0	0	-1116	-0.00525293	-1.31046	-0.0126407
0	0	-1114	-0.00498344	-1.25607	-0.0139603
0	0	-1112	-0.0046787	-1.19309	-0.0149663
0	0	-1110	-0.00434122	-1.12303	-0.0156332
0	0	-1108	-0.003975	-1.04761	-0.0159889
0	0	-1106	-0.003586	-0.9686	-0.0160858
0	0	-1104	-0.00317975	-0.887606	-0.015979
0	0	-1102	-0.00276249	-0.806038	-0.0157646
0	0	-1100	-0.00234005	-0.725001	-0.0155292
0	0	-1098	-0.00191497	-0.645255	-0.015324
0	0	-1096	-0.00149044	-0.567266	-0.0151777
0	0	-1094	-0.00106845	-0.491275	-0.0151188
0	0	-1092	-0.00065039	-0.41732	-0.0151737
0	0	-1090	-0.00023492	-0.345262	-0.0153279
0	0	-1088	0.00017534	-0.274884	-0.0155761
0	0	-1086	0.00058038	-0.205912	-0.0159185
0	0	-1084	0.00097864	-0.138018	-0.0163622
0	0	-1082	0.00136874	-0.0708305	-0.0169122
0	0	-1080	0.00174958	-0.00397114	-0.0175573
0	0	-1078	0.0021194	0.0629275	-0.0183032
0	0	-1076	0.00247633	0.130252	-0.0191486
0	0	-1074	0.00282025	0.198395	-0.0200845
0	0	-1072	0.00315016	0.267716	-0.0210951
0	0	-1070	0.00346553	0.338535	-0.0221532
0	0	-1068	0.00376566	0.411138	-0.0232378
0	0	-1066	0.00405013	0.485749	-0.0243101
0	0	-1064	0.00431927	0.562462	-0.0253131
0	0	-1062	0.00457251	0.641212	-0.0261743
0	0	-1060	0.00480733	0.721738	-0.0268033
0	0	-1058	0.00502005	0.803497	-0.0271058
0	0	-1056	0.0052091	0.885619	-0.0269766
0	0	-1054	0.00536853	0.966909	-0.0263199
0	0	-1052	0.0054943	1.04587	-0.0250711
0	0	-1050	0.00558321	1.12076	-0.0232123
0	0	-1048	0.00563291	1.18979	-0.020779
0	0	-1046	0.00564295	1.25126	-0.0178555
0	0	-1044	0.00561445	1.30372	-0.0145768
0	0	-1042	0.00555118	1.34613	-0.0110867
0	0	-1040	0.00545563	1.37791	-0.00750285
0	0	-1038	0.00533139	1.39882	-0.00390857
0	0	-1036	0.00518263	1.40881	-0.00033751
0	0	-1034	0.00500977	1.40795	0.00320416
0	0	-1032	0.00481434	1.39622	0.0067099
0	0	-1030	0.00459699	1.37363	0.0101445
0	0	-1028	0.00435686	1.34027	0.0134319
0	0	-1026	0.00409557	1.29645	0.0164604
0	0	-1024	0.00381389	1.24287	0.0191073
0	0	-1022	0.00351308	1.18063	0.0212589
0	0	-1020	0.00319666	1.11123	0.022856
0	0	-1018	0.00286825	1.03635	0.0238971
0	0	-1016	0.00253083	0.957738	0.0244193
0	0	-1014	0.00218791	0.877039	0.024509
0	0	-1012	0.00184177	0.79568	0.0242579
0	0	-1010	0.00149385	0.714761	0.0237748
0	0	-1008	0.00114493	0.635072	0.0231624
0	0	-1006	0.00079437	0.557106	0.0224914
0	0	-1004	0.00044357	0.481114	0.0218237
0	0	-1002	9.262e-05	0.407121	0.0211976
0	0	-1000	-0.00025936	0.335017	0.0206467
0	0	-998	-0.00061073	0.264589	0.0201856
0	0	-996	-0.00096057	0.195557	0.0198183
0	0	-994	-0.00130754	0.127584	0.0195551
0	0	-992	-0.00165144	0.0603089	0.0193938
0	0	-990	-0.00199245	-0.00664255	0.0193341
0	0	-988	-0.00232898	-0.0736434	0.0193653
0	0	-986	-0.00266213	-0.141073	0.0194844
0	0	-984	-0.00299203	-0.209316	0.0196867
0	0	-982	-0.00331592	-0.278743	0.0199553
0	0	-980	-0.00363205	-0.349683	0.0202763
0	0	-978	-0.00393869	-0.422422	0.0206317
0	0	-976	-0.00423085	-0.497177	0.020995
0	0	-974	-0.00450581	-0.574058	0.0213262
0	0	-972	-0.00476064	-0.652998	0.0215714
0	0	-970	-0.00499403	-0.733724	0.0216705
0	0	-968	-0.00520294	-0.815692	0.0215464
0	0	-966	-0.00538718	-0.898045	0.0211189
0	0	-964	-0.00554601	-0.979559	0.0203164
0	0	-962	-0.00567767	-1.05872	0.0190869
0	0	-960	-0.00578259	-1.1338	0.017422
0	0	-958	-0.00585806	-1.20299	0.0153402
0	0	-956	-0.00590412	-1.26456	0.0129085
0	0	-954	-0.00592123	-1.31707	0.0102275
0	0	-952	-0.00590893	-1.35947	0.00740598
0	0	-950	-0.00586588	-1.39116	0.00453217
0	0	-948	-0.0057936	-1.41187	0.00165565
0	0	-946	-0.00569313	-1.42155	-0.00121136
0	0	-944	-0.00556218	-1.4202	-0.00408218
0	0	-942	-0.00539775	-1.40781	-0.00696757
0	0	-940	-0.00519961	-1.38434	-0.00984324
0	0	-938	-0.00496371	-1.34987	-0.0126377
0	0	-936	-0.00468677	-1.30472	-0.0152526
0	0	-934	-0.00436956	-1.24962	-0.0175632
0	0	-932	-0.00401326	-1.18575	-0.0194576
0	0	-930	-0.00362323	-1.11463	-0.0208734
0	0	-928	-0.00320648	-1.03804	-0.0217979
0	0	-926	-0.00277175	-0.957784	-0.0222611
0	0	-924	-0.00232933	-0.875553	-0.0223231
0	0	-922	-0.00188788	-0.79284	-0.0220755
0	0	-920	-0.00145514	-0.710784	-0.0216083
0	0	-918	-0.001036	-0.63022	-0.0209974
0	0	-916	-0.00063483	-0.5517	-0.0203229
0	0	-914	-0.00025469	-0.475517	-0.019643
0	0	-912	0.00010437	-0.40172	-0.0190098
0	0	-910	0.00044152	-0.33018	-0.0184618
0	0	-908	0.00076038	-0.260631	-0.0180176
0	0	-906	0.00106463	-0.192727	-0.0176896
0	0	-904	0.00135921	-0.126048	-0.0174679
0	0	-902	0.00164958	-0.0601547	-0.0173448
0	0	-900	0.00194109	0.00537969	-0.0173154
0	0	-898	0.00223953	0.0709714	-0.0173773
0	0	-896	0.00254915	0.137045	-0.017528
0	0	-894	0.00287383	0.204044	-0.0177661
0	0	-892	0.00321626	0.272389	-0.0180955
0	0	-890	0.00357622	0.342461	-0.0185083
0	0	-888	0.00395243	0.414604	-0.0189779
0	0	-886	0.00434153	0.489062	-0.019463
0	0	-884	0.00473494	0.565914	-0.0199173
0	0	-882	0.00512533	0.645042	-0.020293
0	0	-880	0.00550311	0.72611	-0.0205046
0	0	-878	0.00585639	0.808515	-0.020468
0	0	-876	0.00617526	0.89133	-0.0201184
0	0	-874	0.00645242	0.973311	-0.0193852
0	0	-872	0.00668124	1.05293	-0.0182092
0	0	-870	0.00685686	1.12845	-0.0165709
0	0	-868	0.00697794	1.19802	-0.0145075
0	0	-866	0.00704717	1.25994	-0.0121056
0	0	-864	0.00706718	1.31275	-0.00946542
0	0	-862	0.00704326	1.35539	-0.00670562
0	0	-860	0.00697975	1.38726	-0.00392756
0	0	-858	0.00688177	1.40813	-0.00119078
0	0	-856	0.00675163	1.41798	0.00149684
0	0	-854	0.00658924	1.41687	0.00415175
0	0	-852	0.00639508	1.40481	0.00678413
0	0	-850	0.00616749	1.38181	0.00937301
0	0	-848	0.00590505	1.34798	0.0118588
0	0	-846	0.0056064	1.30364	0.0141436
0	0	-844	0.00527249	1.24952	0.0161241
0	0	-842	0.00490443	1.18674	0.0177118
0	0	-840	0.004504	1.11679	0.0188521
0	0	-838	0.00407567	1.04138	0.0195476
0	0	-836	0.00362602	0.962266	0.0198312
0	0	-834	0.00316056	0.881098	0.019776
0	0	-832	0.00268592	0.799313	0.019472
0	0	-830	0.00220958	0.71802	0.0189975
0	0	-828	0.00173721	0.637999	0.0184349
0	0	-826	0.00127338	0.559743	0.0178488
0	0	-824	0.00082177	0.483506	0.0172948
0	0	-822	0.00038439	0.409307	0.0168049
0	0	-820	-3.946e-05	0.337028	0.0163966
0	0	-818	-0.0004515	0.266459	0.0160869
0	0	-816	-0.00085384	0.197328	0.0158831
0	0	-814	-0.00125048	0.129289	0.0157854
0	0	-812	-0.00164225	0.0619744	0.0157895
0	0	-810	-0.00203057	-0.00498431	0.0158963
0	0	-808	-0.00241509	-0.0719563	0.0161059
0	0	-806	-0.00279335	-0.13933	0.0164065
0	0	-804	-0.00316335	-0.207488	0.0167895
0	0	-802	-0.00352043	-0.276783	0.0172489
0	0	-800	-0.00385763	-0.347548	0.0177665
0	0	-798	-0.0041698	-0.420087	0.0183131
0	0	-796	-0.00445087	-0.494609	0.01886
0	0	-794	-0.0046961	-0.571196	0.0193679
0	0	-792	-0.00490126	-0.649798	0.0197723
0	0	-790	-0.00506393	-0.730151	0.0200084
0	0	-788	-0.00518438	-0.811698	0.019997
0	0	-786	-0.00526401	-0.893565	0.019656
0	0	-784	-0.00530529	-0.974569	0.0189216
0	0	-782	-0.00531357	-1.05321	0.0177368
0	0	-780	-0.00529503	-1.12776	0.0160972
0	0	-778	-0.0052578	-1.19643	0.0140358
0	0	-776	-0.00521047	-1.25752	0.0116252
0	0	-774	-0.00516082	-1.3096	0.00897571
0	0	-772	-0.00511668	-1.35165	0.00619526
0	0	-770	-0.00508357	-1.38307	0.003375
0	0	-768	-0.0050661	-1.40362	0.00056731
0	0	-766	-0.00506585	-1.41326	-0.00221836
0	0	-764	-0.0050837	-1.41201	-0.00499197
0	0	-762	-0.00511685	-1.39987	-0.00775225
0	0	-760	-0.00516135	-1.37683	-0.0104698
0	0	-758	-0.00521221	-1.34298	-0.013074
0	0	-756	-0.00526036	-1.29864	-0.0154524
0	0	-754	-0.0052955	-1.24452	-0.0174813
0	0	-752	-0.00531036	-1.18178	-0.0190759
0	0	-750	-0.00529642	-1.11192	-0.0201958
0	0	-748	-0.00524803	-1.03662	-0.0208292
0	0	-746	-0.00516068	-0.957649	-0.0210267
0	0	-744	-0.00503318	-0.876672	-0.020873
0	0	-742	-0.00486536	-0.795104	-0.020464
0	0	-740	-0.0046563	-0.714036	-0.0198921
0	0	-738	-0.0044066	-0.634263	-0.0192371
0	0	-736	-0.00412008	-0.556291	-0.0185799
0	0	-734	-0.00379931	-0.480335	-0.0179658
0	0	-732	-0.00344802	-0.406404	-0.0174188
0	0	-730	-0.00307157	-0.334389	-0.0169726
0	0	-728	-0.00267739	-0.264076	-0.0166406
0	0	-726	-0.00227015	-0.195157	-0.0164228
0	0	-724	-0.00185563	-0.127288	-0.0163202
0	0	-722	-0.0014384	-0.0601201	-0.0163343
0	0	-720	-0.0010222	0.00673098	-0.0164625
0	0	-718	-0.00060757	0.0736581	-0.0166907
0	0	-716	-0.0001933	0.141032	-0.0170107
0	0	-714	0.00022159	0.209222	-0.0174173
0	0	-712	0.0006415	0.278595	-0.0178943
0	0	-710	0.00106897	0.349483	-0.0184162
0	0	-708	0.00150716	0.422159	-0.0189575
0	0	-706	0.00195876	0.496825	-0.0194891
0	0	-704	0.00242348	0.573597	-0.0199576
0	0	-702	0.00289876	0.652397	-0.0203056
0	0	-700	0.00337971	0.732928	-0.0204692
0	0	-698	0.00385808	0.814658	-0.0203691
0	0	-696	0.00432315	0.896729	-0.0199273
0	0	-694	0.00476321	0.977916	-0.019077
0	0	-692	0.00516662	1.05672	-0.0177907
0	0	-690	0.00552287	1.13146	-0.0160646
0	0	-688	0.00582375	1.20033	-0.0139374
0	0	-686	0.00606448	1.26161	-0.0114975
0	0	-684	0.00624415	1.3139	-0.00885088
0	0	-682	0.00636621	1.35616	-0.00611171
0	0	-680	0.00643381	1.3878	-0.00336444
0	0	-678	0.00645258	1.40855	-0.00065249
0	0	-676	0.00643011	1.41839	0.00201703
0	0	-674	0.00637021	1.41734	0.00466019
0	0	-672	0.00627758	1.40539	0.00729203
0	0	-670	0.00615335	1.38255	0.00989525
0	0	-668	0.00600089	1.3489	0.0124055
0	0	-666	0.00581948	1.30474	0.0147279
0	0	-664	0.00560996	1.2508	0.016763
0	0	-662	0.00537248	1.18821	0.0184314
0	0	-660	0.00510469	1.11843	0.0196731
0	0	-658	0.00480858	1.04317	0.0204886
0	0	-656	0.00448649	0.964201	0.0209269
0	0	-654	0.00413892	0.883189	0.021045
0	0	-652	0.00377235	0.80152	0.0209187
0	0	-650	0.00338972	0.72033	0.0206342
0	0	-648	0.00299523	0.640442	0.0202718
0	0	-646	0.00259358	0.562341	0.0198876
0	0	-644	0.00218734	0.486244	0.0195164
0	0	-642	0.0017804	0.412202	0.0192003
0	0	-640	0.00137326	0.340102	0.0189526
0	0	-638	0.00096808	0.269714	0.0187805
0	0	-636	0.00056636	0.200737	0.0186879
0	0	-634	0.00017004	0.132852	0.018678
0	0	-632	-0.00022089	0.0657003	0.0187523
0	0	-630	-0.00060497	-0.00112858	0.0188971
0	0	-628	-0.00098138	-0.0680119	0.0191139
0	0	-626	-0.00134921	-0.135316	0.0194025
0	0	-624	-0.00170855	-0.203443	0.0197506
0	0	-622	-0.00205881	-0.272779	0.0201454
0	0	-620	-0.00239999	-0.343639	0.0205713
0	0	-618	-0.00273269	-0.416316	0.0210113
0	0	-616	-0.00305755	-0.491048	0.021416
0	0	-614	-0.00337492	-0.567964	0.0217344
0	0	-612	-0.00368334	-0.646982	0.0219144
0	0	-610	-0.00398278	-0.727826	0.0218869
0	0	-608	-0.00426988	-0.809985	0.0215697
0	0	-606	-0.00454223	-0.892587	0.0208837
0	0	-604	-0.00479614	-0.974374	0.019784
0	0	-602	-0.00502817	-1.05384	0.0182555
0	0	-600	-0.00523484	-1.12929	0.0162992
0	0	-598	-0.00541397	-1.19887	0.0139801
0	0	-596	-0.00556453	-1.26082	0.0114007
0	0	-594	-0.00568528	-1.31372	0.00868395
0	0	-592	-0.0057768	-1.35654	0.00594347
0	0	-590	-0.00584079	-1.38864	0.00325849
0	0	-588	-0.00587905	-1.40975	0.00066178
0	0	-586	-0.00589198	-1.41985	-0.001851
0	0	-584	-0.00587928	-1.41896	-0.00430151
0	0	-582	-0.00584014	-1.40706	-0.00671787
0	0	-580	-0.0057738	-1.38414	-0.00908956
0	0	-578	-0.00567458	-1.35027	-0.0113495
0	0	-576	-0.00553733	-1.30577	-0.0134044
0	0	-574	-0.00535946	-1.25138	-0.0151695
0	0	-572	-0.00513767	-1.18825	-0.0165595
0	0	-570	-0.00487059	-1.11785	-0.0175257
0	0	-568	-0.00455934	-1.04193	-0.0180945
0	0	-566	-0.00420989	-0.96233	-0.0183198
0	0	-564	-0.00382724	-0.8807	-0.0182607
0	0	-562	-0.00341764	-0.798445	-0.0179832
0	0	-560	-0.00298934	-0.716776	-0.0175807
0	0	-558	-0.00255006	-0.636567	-0.0171282
0	0	-556	-0.00210692	-0.558338	-0.0166596
0	0	-554	-0.00166508	-0.482376	-0.0162167
0	0	-552	-0.00122948	-0.408787	-0.0158461
0	0	-550	-0.00080377	-0.337465	-0.0155766
0	0	-548	-0.00038703	-0.268105	-0.0154101
0	0	-546	2.059e-05	-0.200358	-0.0153538
0	0	-544	0.00041927	-0.133864	-0.0154195
0	0	-542	0.00081014	-0.0681725	-0.0155957
0	0	-540	0.00119483	-0.00282969	-0.0158649
0	0	-538	0.00157131	0.0625702	-0.0162237
0	0	-536	0.00194007	0.128429	-0.0166746
0	0	-534	0.00229895	0.195203	-0.0172114
0	0	-532	0.00264693	0.263335	-0.0178151
0	0	-530	0.00298292	0.333209	-0.0184826
0	0	-528	0.00330558	0.405171	-0.0191928
0	0	-526	0.00361536	0.479503	-0.0198973
0	0	-524	0.00391053	0.556313	-0.0205428
0	0	-522	0.00418957	0.635491	-0.0210691
0	0	-520	0.00445191	0.716737	-0.0214075
0	0	-518	0.00469698	0.799468	-0.0214673
0	0	-516	0.00492183	0.882751	-0.0211714
0	0	-514	0.00512483	0.965329	-0.0204514
0	0	-512	0.00530167	1.04568	-0.0192547
0	0	-510	0.00545135	1.12204	-0.0175722
0	0	-508	0.0055718	1.19252	-0.0154368
0	0	-506	0.00566227	1.25534	-0.0129303
0	0	-504	0.00572131	1.30903	-0.0101601
0	0	-502	0.00575153	1.3525	-0.00724942
0	0	-500	0.00575653	1.38511	-0.00430367
0	0	-498	0.00573829	1.40662	-0.00137963
0	0	-496	0.00569913	1.41702	0.00150528
0	0	-494	0.00564043	1.41637	0.00435731
0	0	-492	0.00556355	1.4047	0.00718076
0	0	-490	0.00546916	1.38203	0.00994703
0	0	-488	0.00535424	1.34846	0.0125781
0	0	-486	0.00521615	1.30434	0.014967
0	0	-484	0.00505409	1.25037	0.016996
0	0	-482	0.00486828	1.18769	0.0185662
0	0	-480	0.00465703	1.11779	0.019616
0	0	-478	0.00442132	1.04239	0.0201514
0	0	-476	0.00416495	0.963283	0.0202365
0	0	-474	0.00389032	0.882125	0.0199507
0	0	-472	0.00360217	0.800329	0.0193946
0	0	-470	0.00330513	0.719032	0.0186894
0	0	-468	0.00300214	0.639047	0.0179263
0	0	-466	0.00269652	0.56086	0.0171778
0	0	-464	0.00239002	0.484705	0.0164887
0	0	-462	0.00208375	0.410638	0.0159042
0	0	-460	0.00177858	0.338543	0.0154479
0	0	-458	0.00147561	0.268195	0.0151187
0	0	-456	0.00117442	0.1993	0.0149214
0	0	-454	0.00087482	0.131527	0.0148554
0	0	-452	0.00057657	0.0645115	0.0149222
0	0	-450	0.00027959	-0.00213208	0.0151086
0	0	-448	-1.696e-05	-0.0687885	0.0154028
0	0	-446	-0.00031356	-0.135843	0.0157966
0	0	-444	-0.00061055	-0.203684	0.0162754
0	0	-442	-0.00090837	-0.272677	0.0168337
0	0	-440	-0.00120683	-0.343156	0.0174449
0	0	-438	-0.00150491	-0.415417	0.0180793
0	0	-436	-0.00180152	-0.489677	0.0187184
0	0	-434	-0.0020954	-0.566028	0.0193212
0	0	-432	-0.0023852	-0.644418	0.0198231
0	0	-430	-0.00267014	-0.724595	0.0201451
0	0	-428	-0.00294743	-0.806012	0.0202256
0	0	-426	-0.00321612	-0.887791	0.0199944
0	0	-424	-0.00347287	-0.968752	0.019364
0	0	-422	-0.00371497	-1.04742	0.0182912
0	0	-420	-0.00393897	-1.12205	0.0167742
0	0	-418	-0.0041433	-1.19086	0.0148536
0	0	-416	-0.00432328	-1.25216	0.0125962
0	0	-414	-0.00447601	-1.30452	0.0101023
0	0	-412	-0.00459972	-1.3469	0.007493
0	0	-410	-0.00469268	-1.37869	0.0048651
0	0	-408	-0.00475435	-1.39967	0.00227106
0	0	-406	-0.00478514	-1.40981	-0.00027826
0	0	-404	-0.00478423	-1.40917	-0.00279233
0	0	-402	-0.00475146	-1.39777	-0.00528233
0	0	-400	-0.00468447	-1.37561	-0.00772965
0	0	-398	-0.00458174	-1.34277	-0.0100764
0	0	-396	-0.00444032	-1.29958	-0.0122321
0	0	-394	-0.00425768	-1.24673	-0.014102
0	0	-392	-0.00403598	-1.1853	-0.01561
0	0	-390	-0.00377776	-1.11672	-0.0167011
0	0	-388	-0.00348931	-1.04267	-0.017386
0	0	-386	-0.00318	-0.964853	-0.0177074
0	0	-384	-0.00285881	-0.884895	-0.017736
0	0	-382	-0.00253383	-0.804186	-0.017551
0	0	-380	-0.00221266	-0.723834	-0.0172273
0	0	-378	-0.00190048	-0.644629	-0.0168504
0	0	-376	-0.00159998	-0.567061	-0.0164711
0	0	-374	-0.00131132	-0.491366	-0.0161298
0	0	-372	-0.00103343	-0.417601	-0.0158605
0	0	-370	-0.00076436	-0.34567	-0.0156774
0	0	-368	-0.00050053	-0.275352	-0.0155967
0	0	-366	-0.00023885	-0.206377	-0.015619
0	0	-364	2.343e-05	-0.138426	-0.0157437
0	0	-362	0.00028886	-0.0711397	-0.0159704
0	0	-360	0.00056042	-0.0041526	-0.0162966
0	0	-358	0.00083968	0.0629083	-0.0167212
0	0	-356	0.00112778	0.130422	-0.0172369
0	0	-354	0.00142629	0.198757	-0.0178364
0	0	-352	0.00173625	0.268268	-0.0185096
0	0	-350	0.00205859	0.3393	-0.0192432
0	0	-348	0.00239339	0.412142	-0.0200117
0	0	-346	0.00274094	0.486999	-0.0207823
0	0	-344	0.0030988	0.563971	-0.0215146
0	0	-342	0.00346422	0.64302	-0.0221538
0	0	-340	0.00383161	0.723886	-0.0226259
0	0	-338	0.00419544	0.806035	-0.0228468
0	0	-336	0.00454775	0.888603	-0.0227302
0	0	-334	0.00487967	0.970417	-0.0222039
0	0	-332	0.00518389	1.04998	-0.0212059
0	0	-330	0.00545319	1.12555	-0.0197161
0	0	-328	0.00568311	1.1953	-0.0177653
0	0	-326	0.0058714	1.25753	-0.0154293
0	0	-324	0.0060183	1.31075	-0.0128245
0	0	-322	0.00612676	1.3539	-0.010071
0	0	-320	0.00620073	1.38634	-0.0072794
0	0	-318	0.00624424	1.40779	-0.00451691
0	0	-316	0.00626106	1.41822	-0.00180801
0	0	-314	0.00625266	1.41764	0.00085017
0	0	-312	0.00622034	1.40604	0.00346449
0	0	-310	0.00616377	1.38341	0.00601675
0	0	-308	0.00608122	1.34981	0.00844563
0	0	-306	0.0059727	1.30556	0.0106647
0	0	-304	0.00583847	1.25136	0.0125809
0	0	-302	0.00567765	1.18835	0.0141114
0	0	-300	0.00549207	1.11801	0.0152196
0	0	-298	0.00528382	1.04213	0.0159087
0	0	-296	0.00505623	0.962484	0.0162281
0	0	-294	0.00481188	0.880753	0.0162501
0	0	-292	0.00455311	0.798402	0.0160495
0	0	-290	0.00428412	0.716633	0.0157139
0	0	-288	0.00400755	0.636289	0.0153102
0	0	-286	0.00372425	0.557923	0.0149004
0	0	-284	0.00343581	0.481836	0.0145327
0	0	-282	0.0031428	0.408101	0.0142424
0	0	-280	0.00284301	0.3366	0.0140548
0	0	-278	0.00253468	0.267068	0.0139813
0	0	-276	0.00221439	0.199157	0.0140335
0	0	-274	0.00187952	0.132472	0.0142085
0	0	-272	0.0015266	0.0665916	0.0144936
0	0	-270	0.00115475	0.00109207	0.0148864
0	0	-268	0.00076391	-0.0644433	0.0153841
0	0	-266	0.00035352	-0.130434	0.0159857
0	0	-264	-7.675e-05	-0.197304	0.0166766
0	0	-262	-0.00052673	-0.265479	0.0174419
0	0	-260	-0.00099696	-0.335372	0.0182683
0	0	-258	-0.00148529	-0.407332	0.0191271
0	0	-256	-0.0019897	-0.481597	0.0199777
0	0	-254	-0.00250448	-0.558264	0.0207674
0	0	-252	-0.00302191	-0.637254	0.0214467
0	0	-250	-0.00353329	-0.718253	0.021957
0	0	-248	-0.00402795	-0.800658	0.022212
0	0	-246	-0.00449554	-0.883578	0.022132
0	0	-244	-0.00492725	-0.965813	0.0216361
0	0	-242	-0.00531489	-1.04584	0.0206766
0	0	-240	-0.00565297	-1.1219	0.0192252
0	0	-238	-0.00593782	-1.19214	0.0172971
0	0	-236	-0.00616946	-1.25483	0.0149775
0	0	-234	-0.00634871	-1.30845	0.0123826
0	0	-232	-0.00647833	-1.35192	0.00963823
0	0	-230	-0.00656338	-1.38457	0.00684978
0	0	-228	-0.00660667	-1.40616	0.00408971
0	0	-226	-0.00661038	-1.41663	0.00138392
0	0	-224	-0.00657809	-1.41602	-0.00127467
0	0	-222	-0.00650983	-1.40433	-0.00389212
0	0	-220	-0.00640402	-1.38155	-0.00644769
0	0	-218	-0.00625624	-1.34776	-0.00888596
0	0	-216	-0.00606427	-1.30329	-0.0111234
0	0	-214	-0.0058261	-1.24886	-0.0130547
0	0	-212	-0.0055395	-1.18561	-0.014612
0	0	-210	-0.00520591	-1.11504	-0.0157561
0	0	-208	-0.00483028	-1.03892	-0.0164971
0	0	-206	-0.00441795	-0.959064	-0.0168753
0	0	-204	-0.00397607	-0.877138	-0.016946
0	0	-202	-0.00351415	-0.794608	-0.0168024
0	0	-200	-0.00303984	-0.71267	-0.0165213
0	0	-198	-0.00256192	-0.632191	-0.0161648
0	0	-196	-0.00208704	-0.553714	-0.0157914
0	0	-194	-0.00162142	-0.477542	-0.0154545
0	0	-192	-0.00116854	-0.403756	-0.015199
0	0	-190	-0.00073094	-0.332234	-0.0150492
0	0	-188	-0.00030938	-0.262709	-0.0150207
0	0	-186	9.679e-05	-0.19483	-0.0151223
0	0	-184	0.00048959	-0.128207	-0.0153551
0	0	-182	0.00086961	-0.0624162	-0.0157177
0	0	-180	0.00123926	0.00297836	-0.0161895
0	0	-178	0.00160054	0.0683937	-0.0167623
0	0	-176	0.00195395	0.134239	-0.0174376
0	0	-174	0.00230076	0.200949	-0.0182045
0	0	-172	0.00263918	0.268959	-0.0190432
0	0	-170	0.00297092	0.338676	-0.0199233
0	0	-168	0.00329483	0.410449	-0.0208281
0	0	-166	0.00360946	0.48454	-0.0217067
0	0	-164	0.00391333	0.561067	-0.02251
0	0	-162	0.00420409	0.639951	-0.0231785
0	0	-160	0.00447801	0.720873	-0.0236393
0	0	-158	0.00473279	0.803251	-0.0238257
0	0	-156	0.00496338	0.886202	-0.0236523
0	0	-154	0.00516713	0.968512	-0.0230414
0	0	-152	0.0053407	1.04865	-0.0219397
0	0	-150	0.0054815	1.12485	-0.0203247
0	0	-148	0.0055894	1.19528	-0.0182308
0	0	-146	0.00566307	1.25816	-0.0157261
0	0	-144	0.00570522	1.31198	-0.0129295
0	0	-142	0.00571971	1.35563	-0.00997279
0	0	-140	0.00570977	1.38849	-0.00696101
0	0	-138	0.00567957	1.41026	-0.00396809
0	0	-136	0.00563205	1.4209	-0.00102166
0	0	-134	0.00557118	1.42046	0.00188102
0	0	-132	0.0054961	1.40895	0.00474169
0	0	-130	0.00540764	1.38635	0.00753455
0	0	-128	0.00530611	1.35275	0.0101995
0	0	-126	0.00519069	1.30847	0.0126401
0	0	-124	0.00505952	1.25421	0.0147484
0	0	-122	0.00491268	1.19111	0.0164306
0	0	-120	0.00475045	1.12068	0.0176459
0	0	-118	0.00457339	1.04468	0.0184082
0	0	-116	0.00438306	0.964885	0.0187604
0	0	-114	0.00418237	0.882957	0.0187871
0	0	-112	0.00397313	0.800371	0.01858
0	0	-110	0.00375727	0.718308	0.01824
0	0	-108	0.00353714	0.637608	0.0178443
0	0	-106	0.00331362	0.55881	0.0174416
0	0	-104	0.00308681	0.48224	0.0170855
0	0	-102	0.00285645	0.407972	0.0167968
0	0	-100	0.00262086	0.335888	0.0165816
0	0	-98	0.0023769	0.265749	0.0164518
0	0	-96	0.00212151	0.197244	0.016403
0	0	-94	0.00185043	0.129991	0.0164351
0	0	-92	0.00156083	0.063582	0.0165478
0	0	-90	0.00125066	-0.00240034	0.0167385
0	0	-88	0.00091861	-0.0683601	0.0170083
0	0	-86	0.00056561	-0.13472	0.0173499
0	0	-84	0.00019255	-0.201892	0.0177714
0	0	-82	-0.0001977	-0.270299	0.0182717
0	0	-80	-0.00059952	-0.340342	0.0188363
0	0	-78	-0.00100902	-0.412361	0.019447
0	0	-76	-0.00141885	-0.486603	0.0200822
0	0	-74	-0.00182257	-0.563197	0.0207106
0	0	-72	-0.00221371	-0.642071	0.0212687
0	0	-70	-0.00258579	-0.722915	0.021687
0	0	-68	-0.00293214	-0.805146	0.0218899
0	0	-66	-0.00324825	-0.887883	0.0217859
0	0	-64	-0.00353302	-0.969915	0.0212826
0	0	-62	-0.00378595	-1.04972	0.0203153
0	0	-60	-0.0040076	-1.12554	0.0188586
0	0	-58	-0.00419777	-1.19556	0.016937
0	0	-56	-0.00435995	-1.25801	0.0146334
0	0	-54	-0.00449891	-1.31139	0.012067
0	0	-52	-0.00461747	-1.35462	0.00935685
0	0	-50	-0.00472215	-1.38708	0.00662214
0	0	-48	-0.00481737	-1.40851	0.00392954
0	0	-46	-0.00491145	-1.41888	0.00130053
0	0	-44	-0.00501113	-1.41823	-0.00126911
0	0	-42	-0.00512009	-1.4066	-0.0037836
0	0	-40	-0.00524498	-1.38399	-0.00622477
0	0	-38	-0.00538577	-1.35049	-0.008537
0	0	-36	-0.00554108	-1.30645	-0.0106413
0	0	-34	-0.0057101	-1.25258	-0.0124574
0	0	-32	-0.00588639	-1.19	-0.0139296
0	0	-30	-0.00606274	-1.12021	-0.0150409
0	0	-28	-0.00623381	-1.04493	-0.0157993
0	0	-26	-0.00639237	-0.965919	-0.0162523
0	0	-24	-0.00653178	-0.884831	-0.0164651
0	0	-22	-0.00664605	-0.803105	-0.0165069
0	0	-20	-0.00672889	-0.721855	-0.0164368
0	0	-18	-0.00677481	-0.641888	-0.0163065
0	0	-16	-0.00677932	-0.563695	-0.0161757
0	0	-14	-0.00673933	-0.487526	-0.0160776
0	0	-12	-0.00665493	-0.413412	-0.0160313
0	0	-10	-0.00652675	-0.341231	-0.0160489
0	0	-8	-0.00635886	-0.270757	-0.0161448
0	0	-6	-0.00615581	-0.201702	-0.016332
0	0	-4	-0.00592395	-0.133738	-0.0166056
0	0	-2	-0.00566688	-0.0665005	-0.0169615
0	0	0	-0.00538862	0.00038446	-0.0174003
0	0	2	-0.00508878	0.0672942	-0.0179219
0	0	4	-0.00476658	0.134611	-0.0185215
0	0	6	-0.00441696	0.202707	-0.0191835
0	0	8	-0.00403462	0.271945	-0.0198974
0	0	10	-0.00361277	0.342655	-0.0206579
0	0	12	-0.00314293	0.415115	-0.0214431
0	0	14	-0.00262021	0.489541	-0.0222129
0	0	16	-0.00204125	0.566048	-0.0229237
0	0	18	-0.00140776	0.644594	-0.0235323
0	0	20	-0.00072583	0.724908	-0.0239717
0	0	22	-7.03e-06	0.806449	-0.0241504
0	0	24	0.00073307	0.888387	-0.023984
0	0	26	0.0014765	0.969548	-0.023399
0	0	28	0.00220321	1.04842	-0.0223418
0	0	30	0.00289046	1.12331	-0.0207743
0	0	32	0.00352201	1.19244	-0.0187326
0	0	34	0.00408138	1.2541	-0.0162939
0	0	36	0.00455872	1.30682	-0.0135665
0	0	38	0.00494934	1.34956	-0.0106805
0	0	40	0.00524917	1.3817	-0.00773804
0	0	42	0.0054614	1.40297	-0.00480895
0	0	44	0.00558805	1.41333	-0.00192156
0	0	46	0.00563347	1.41281	0.00092246
0	0	48	0.00560202	1.40141	0.00372052
0	0	50	0.00549664	1.37913	0.00644989
0	0	52	0.00531969	1.34606	0.00905473
0	0	54	0.00507483	1.30249	0.0114411
0	0	56	0.00476615	1.24911	0.0134998
0	0	58	0.0043991	1.18702	0.0151464
0	0	60	0.00398059	1.1177	0.0163309
0	0	62	0.00351906	1.04284	0.0170506
0	0	64	0.00302319	0.964207	0.0173495
0	0	66	0.00250402	0.883463	0.0173062
0	0	68	0.00197148	0.802048	0.0170204
0	0	70	0.00143615	0.721076	0.016581
0	0	72	0.00090689	0.641357	0.0160703
0	0	74	0.00039032	0.563395	0.0155576
0	0	76	-0.00010706	0.487447	0.0150979
0	0	78	-0.00058217	0.413545	0.0147193
0	0	80	-0.00103385	0.341574	0.0144349
0	0	82	-0.001462	0.27132	0.0142611
0	0	84	-0.00186843	0.202497	0.014205
0	0	86	-0.00225412	0.134773	0.0142704
0	0	88	-0.00262001	0.0677828	0.0144495
0	0	90	-0.00296798	0.00114702	0.0147417
0	0	92	-0.00329835	-0.0655156	0.0151508
0	0	94	-0.00360953	-0.132578	0.0156644
0	0	96	-0.00390072	-0.200424	0.0162726
0	0	98	-0.0041682	-0.269432	0.0169649
0	0	100	-0.004411	-0.339931	0.017725
0	0	102	-0.00462574	-0.412201	0.0185254
0	0	104	-0.00481126	-0.486461	0.0193204
0	0	106	-0.00496673	-0.562843	0.0200781
0	0	108	-0.00509433	-0.641298	0.0207381
0	0	110	-0.0051957	-0.721566	0.0212299
0	0	112	-0.00527443	-0.803143	0.0214693
0	0	114	-0.00533451	-0.885214	0.0213701
0	0	116	-0.00537922	-0.966583	0.0208672
0	0	118	-0.00541219	-1.04576	0.0198993
0	0	120	-0.00543654	-1.12104	0.0184434
0	0	122	-0.00545466	-1.19063	0.0165391
0	0	124	-0.00546723	-1.25279	0.0142615
0	0	126	-0.00547691	-1.30602	0.0117343
0	0	128	-0.00548449	-1.34927	0.00907784
0	0	130	-0.00549052	-1.38188	0.00640095
0	0	132	-0.0054975	-1.40357	0.00377122
0	0	134	-0.00550753	-1.4143	0.00121077
0	0	136	-0.0055207	-1.41409	-0.00128126
0	0	138	-0.0055362	-1.40294	-0.00370817
0	0	140	-0.00555329	-1.38085	-0.00605229
0	0	142	-0.0055653	-1.34788	-0.00825639
0	0	144	-0.00556524	-1.30432	-0.0102331
0	0	146	-0.00554171	-1.25086	-0.0118872
0	0	148	-0.00548558	-1.1886	-0.0131516
0	0	150	-0.00538874	-1.119	-0.013999
0	0	152	-0.00524383	-1.04377	-0.0144338
0	0	154	-0.00504807	-0.964709	-0.0145196
0	0	156	-0.00480038	-0.883532	-0.0143487
0	0	158	-0.00450217	-0.801674	-0.0140188
0	0	160	-0.00415719	-0.720286	-0.013636
0	0	162	-0.00376765	-0.640178	-0.0132618
0	0	164	-0.00334037	-0.561853	-0.0129646
0	0	166	-0.00288221	-0.485557	-0.0127883
0	0	168	-0.00240118	-0.411331	-0.0127455
0	0	170	-0.00190719	-0.339064	-0.0128488
0	0	172	-0.00140993	-0.268535	-0.0130869
0	0	174	-0.00092143	-0.199461	-0.0134597
0	0	176	-0.00045197	-0.131502	-0.0139554
0	0	178	-8.63e-06	-0.0642954	-0.0145537
0	0	180	0.00040084	0.00254363	-0.0152411
0	0	182	0.00077364	0.0693845	-0.0160028
0	0	184	0.00110974	0.136607	-0.0168241
0	0	186	0.00141229	0.204589	-0.0176922
0	0	188	0.00168861	0.273702	-0.0185859
0	0	190	0.00194657	0.344267	-0.0194879
0	0	192	0.0021987	0.416565	-0.0203753
0	0	194	0.00245535	0.490827	-0.0212057
0	0	196	0.0027274	0.567164	-0.0219244
0	0	198	0.00302253	0.64552	-0.022466
0	0	200	0.00334266	0.725638	-0.0227684
0	0	202	0.00368687	0.807017	-0.02275
0	0	204	0.00404974	0.888829	-0.0223447
0	0	206	0.00442138	0.969892	-0.0215024
0	0	208	0.00479066	1.04872	-0.0202041
0	0	210	0.00514448	1.12362	-0.01846
0	0	212	0.00547162	1.19281	-0.0163209
0	0	214	0.00576243	1.25457	-0.013884
0	0	216	0.00601069	1.30744	-0.0112625
0	0	218	0.00621258	1.35037	-0.00857746
0	0	220	0.00636865	1.38272	-0.0059193
0	0	222	0.0064824	1.40422	-0.00333604
0	0	224	0.00655675	1.41482	-0.00083665
0	0	226	0.00659428	1.41456	0.00159914
0	0	228	0.00659773	1.40344	0.00399183
0	0	230	0.00657068	1.38146	0.00633744
0	0	232	0.00651149	1.34867	0.00859473
0	0	234	0.00642004	1.30538	0.010697
0	0	236	0.00629381	1.25226	0.0125518
0	0	238	0.00613366	1.19039	0.0140878
0	0	240	0.00593679	1.12124	0.0152593
0	0	242	0.00570311	1.04648	0.016066
0	0	244	0.00543351	0.967865	0.0165377
0	0	246	0.00513076	0.887089	0.0167208
0	0	248	0.00480038	0.805601	0.0166952
0	0	250	0.00444422	0.724531	0.0165385
0	0	252	0.00406845	0.644698	0.0163238
0	0	254	0.00367838	0.566622	0.0161108
0	0	256	0.00327815	0.490565	0.0159428
0	0	258	0.00287154	0.41657	0.0158619
0	0	260	0.00246276	0.344521	0.0158924
0	0	262	0.00205419	0.274213	0.0160389
0	0	264	0.00164944	0.205373	0.0163007
0	0	266	0.00125239	0.137647	0.0166722
0	0	268	0.00086374	0.0706677	0.0171423
0	0	270	0.00048564	0.00405118	0.0176853
0	0	272	0.00011998	-0.0625766	0.0182846
0	0	274	-0.00023366	-0.129615	0.0189172
0	0	276	-0.00057667	-0.197459	0.0195681
0	0	278	-0.00090921	-0.266485	0.0202238
0	0	280	-0.00123138	-0.337036	0.0208571
0	0	282	-0.00154585	-0.409426	0.0214452
0	0	284	-0.00185357	-0.483903	0.0219569
0	0	286	-0.00215598	-0.560579	0.0223545
0	0	288	-0.00245237	-0.639404	0.0225883
0	0	290	-0.0027439	-0.720123	0.022597
0	0	292	-0.00303015	-0.802222	0.0223224
0	0	294	-0.00330925	-0.884848	0.0217037
0	0	296	-0.00357874	-0.966793	0.0206935
0	0	298	-0.00383544	-1.04655	0.0192606
0	0	300	-0.00407453	-1.12238	0.0174063
0	0	302	-0.00429307	-1.19247	0.0151868
0	0	304	-0.0044875	-1.25507	0.0126749
0	0	306	-0.00465522	-1.30869	0.00997134
0	0	308	-0.00479329	-1.35228	0.00717976
0	0	310	-0.00490114	-1.38518	0.00438322
0	0	312	-0.00497982	-1.40712	0.00163217
0	0	314	-0.00503105	-1.41803	-0.00106994
0	0	316	-0.00505383	-1.41792	-0.00373407
0	0	318	-0.00505006	-1.40678	-0.00636814
0	0	320	-0.00501668	-1.3846	-0.00894936
0	0	322	-0.00495332	-1.35143	-0.0114126
0	0	324	-0.00485811	-1.3076	-0.0136531
0	0	326	-0.00472863	-1.25382	-0.0155687
0	0	328	-0.00456661	-1.19128	-0.0170796
0	0	330	-0.00437386	-1.1215	-0.0181343
0	0	332	-0.0041527	-1.04622	-0.0187393
0	0	334	-0.00390782	-0.967234	-0.0189418
0	0	336	-0.00364385	-0.886215	-0.0188301
0	0	338	-0.00336306	-0.804582	-0.0184944
0	0	340	-0.00306886	-0.723449	-0.0180144
0	0	342	-0.00276111	-0.643618	-0.0174735
0	0	344	-0.00244188	-0.565587	-0.0169403
0	0	346	-0.00211128	-0.489594	-0.0164661
0	0	348	-0.00176827	-0.415668	-0.0160721
0	0	350	-0.00141156	-0.343702	-0.0157771
0	0	352	-0.00104088	-0.273486	-0.0156044
0	0	354	-0.00065679	-0.204726	-0.0155546
0	0	356	-0.00025876	-0.137079	-0.0156178
0	0	358	0.00015302	-0.070199	-0.0157731
0	0	360	0.00057565	-0.00369954	-0.0160154
0	0	362	0.00100665	0.062803	-0.0163274
0	0	364	0.00144504	0.129678	-0.0166803
0	0	366	0.00188715	0.19731	-0.0170556
0	0	368	0.00232832	0.266057	-0.0174419
0	0	370	0.00276543	0.336265	-0.0178283
0	0	372	0.0031933	0.40823	-0.0181964
0	0	374	0.00360784	0.482196	-0.0185203
0	0	376	0.00400533	0.558282	-0.0187753
0	0	378	0.00438063	0.636448	-0.018923
0	0	380	0.00472993	0.716455	-0.0189229
0	0	382	0.00504888	0.797817	-0.0187064
0	0	384	0.00533301	0.879715	-0.0182137
0	0	386	0.00557851	0.960999	-0.0173909
0	0	388	0.00578245	1.04021	-0.0161918
0	0	390	0.00594103	1.11565	-0.0145972
0	0	392	0.00605654	1.18548	-0.0126187
0	0	394	0.00612946	1.24792	-0.0103148
0	0	396	0.00616118	1.30145	-0.00777567
0	0	398	0.00615524	1.34497	-0.00509644
0	0	400	0.00611733	1.37778	-0.00236399
0	0	402	0.00605153	1.39962	0.00037039
0	0	404	0.00596095	1.41045	0.00309076
0	0	406	0.00584726	1.41036	0.00580215
0	0	408	0.00571269	1.39937	0.00850836
0	0	410	0.00555704	1.37752	0.0111825
0	0	412	0.00537875	1.34489	0.0137526
0	0	414	0.00517615	1.30181	0.0161164
0	0	416	0.00494616	1.24895	0.018157
0	0	418	0.00469072	1.1874	0.0197679
0	0	420	0.00440907	1.11862	0.0208833
0	0	422	0.00410133	1.04427	0.021496
0	0	424	0.0037709	0.966099	0.0216462
0	0	426	0.00342262	0.885766	0.0213934
0	0	428	0.00306087	0.804691	0.0208347
0	0	430	0.00269051	0.723994	0.0200805
0	0	432	0.00231641	0.644498	0.0192192
0	0	434	0.00194223	0.56671	0.018327
0	0	436	0.00157109	0.49087	0.0174492
0	0	438	0.00120475	0.417022	0.0166359
0	0	440	0.00084627	0.345063	0.0159221
0	0	442	0.00049702	0.274783	0.0153092
0	0	444	0.00015622	0.205903	0.0148043
0	0	446	-0.00017414	0.138101	0.014414
0	0	448	-0.0004931	0.0710178	0.0141443
0	0	450	-0.00080153	0.00428389	0.0139872
0	0	452	-0.00109934	-0.0624684	0.0139307
0	0	454	-0.00138734	-0.129624	0.0139699
0	0	456	-0.00166645	-0.197565	0.0140986
0	0	458	-0.00193797	-0.266649	0.0143026
0	0	460	-0.00220211	-0.337208	0.0145619
0	0	462	-0.00245999	-0.409553	0.0148533
0	0	464	-0.00271323	-0.483923	0.015155
0	0	466	-0.00296156	-0.560425	0.015427
0	0	468	-0.0032042	-0.639027	0.0156207
0	0	470	-0.00344188	-0.7195	0.0156762
0	0	472	-0.00367296	-0.801332	0.0155349
0	0	474	-0.00389601	-0.883667	0.0151291
0	0	476	-0.00410828	-0.965333	0.014394
0	0	478	-0.004308	-1.04486	0.0132887
0	0	480	-0.00449082	-1.1205	0.0118003
0	0	482	-0.00465355	-1.19044	0.00994776
0	0	484	-0.00479328	-1.2529	0.00779957
0	0	486	-0.00490968	-1.30644	0.00543975
0	0	488	-0.00500005	-1.34995	0.0029583
0	0	490	-0.00506311	-1.38278	0.00042956
0	0	492	-0.00510059	-1.40463	-0.00210367
0	0	494	-0.00511287	-1.41547	-0.00463172
0	0	496	-0.00509815	-1.41529	-0.0071664
0	0	498	-0.00505684	-1.4041	-0.00970855
0	0	500	-0.00498667	-1.38188	-0.0122249
0	0	502	-0.00488575	-1.3487	-0.0146446
0	0	504	-0.00475092	-1.30486	-0.0168582
0	0	506	-0.00457907	-1.25106	-0.018745
0	0	508	-0.00437126	-1.18843	-0.0202166
0	0	510	-0.00412856	-1.11845	-0.0212165
0	0	512	-0.0038543	-1.04286	-0.0217414
0	0	514	-0.00355387	-0.963441	-0.0218351
0	0	516	-0.00323363	-0.881875	-0.0215811
0	0	518	-0.00289928	-0.799636	-0.0210665
0	0	520	-0.0025555	-0.71788	-0.0203726
0	0	522	-0.0022074	-0.637482	-0.0195896
0	0	524	-0.00185793	-0.55902	-0.0187837
0	0	526	-0.00150994	-0.482801	-0.0180005
0	0	528	-0.00116485	-0.4089	-0.0172746
0	0	530	-0.00082297	-0.33721	-0.0166351
0	0	532	-0.00048372	-0.267496	-0.0161016
0	0	534	-0.00014578	-0.199411	-0.0156711
0	0	536	0.00019406	-0.13256	-0.0153444
0	0	538	0.00053637	-0.0665415	-0.0151185
0	0	540	0.0008831	-0.0009519	-0.0149891
0	0	542	0.00123476	0.0646363	-0.014947
0	0	544	0.00159268	0.130644	-0.0149827
0	0	546	0.00195674	0.197488	-0.0150971
0	0	548	0.0023264	0.265575	-0.0152734
0	0	550	0.00270227	0.335319	-0.0154906
0	0	552	0.00308226	0.407073	-0.015725
0	0	554	0.00346404	0.481086	-0.0159291
0	0	556	0.00384252	0.557437	-0.0160635
0	0	558	0.00421278	0.636073	-0.0160734
0	0	560	0.00456801	0.716698	-0.0159096
0	0	562	0.00490038	0.798711	-0.0155144
0	0	564	0.00520382	0.881216	-0.0148286
0	0	566	0.00547293	0.963045	-0.0138267
0	0	568	0.00570325	1.04271	-0.0124846
0	0	570	0.00589175	1.11845	-0.0108004
0	0	572	0.00603988	1.18846	-0.00882102
0	0	574	0.0061476	1.251	-0.00662475
0	0	576	0.0062204	1.3046	-0.00430665
0	0	578	0.00626435	1.34814	-0.00195033
0	0	580	0.00628612	1.38098	0.00037167
0	0	582	0.00629113	1.40287	0.00262863
0	0	584	0.00628356	1.41376	0.00483768
0	0	586	0.00626749	1.41371	0.00702064
0	0	588	0.00624437	1.40274	0.00919201
0	0	590	0.00621411	1.38086	0.0113385
0	0	592	0.00617551	1.34817	0.0134034
0	0	594	0.00612627	1.30498	0.0152944
0	0	596	0.00606419	1.25197	0.0169031
0	0	598	0.00598453	1.19022	0.0181446
0	0	600	0.00588468	1.12119	0.0189797
0	0	602	0.00576259	1.04657	0.0194011
0	0	604	0.00561582	0.968096	0.0194475
0	0	606	0.00544281	0.887465	0.0191935
0	0	608	0.00524264	0.806096	0.0187328
0	0	610	0.00501556	0.725112	0.0181545
0	0	612	0.00476269	0.645349	0.0175316
0	0	614	0.00448202	0.567346	0.0169229
0	0	616	0.00417517	0.491338	0.0163747
0	0	618	0.00384365	0.417354	0.0159166
0	0	620	0.00348837	0.345312	0.0155633
0	0	622	0.00311112	0.275005	0.0153095
0	0	624	0.00271498	0.206107	0.0151589
0	0	626	0.00230359	0.138272	0.0151188
0	0	628	0.00187907	0.0711565	0.0151754
0	0	630	0.00144683	0.00439056	0.0153262
0	0	632	0.00100828	-0.0624457	0.0155622
0	0	634	0.00056847	-0.129722	0.0158779
0	0	636	0.00013182	-0.197798	0.0162595
0	0	638	-0.00029923	-0.267023	0.0166927
0	0	640	-0.00072123	-0.337764	0.0171636
0	0	642	-0.00112979	-0.41028	0.0176421
0	0	644	-0.00152219	-0.484754	0.0181012
0	0	646	-0.00189676	-0.561306	0.0184924
0	0	648	-0.00225045	-0.639902	0.0187609
0	0	650	-0.00257997	-0.720255	0.0188396
0	0	652	-0.00288381	-0.801818	0.0186512
0	0	654	-0.00315998	-0.883777	0.0181317
0	0	656	-0.00340714	-0.964954	0.0172201
0	0	658	-0.00362324	-1.04385	0.0158801
0	0	660	-0.00380823	-1.11878	0.014128
0	0	662	-0.00396355	-1.18796	0.0120183
0	0	664	-0.00408993	-1.24971	0.00964097
0	0	666	-0.00418907	-1.30255	0.00710702
0	0	668	-0.00426531	-1.34545	0.00454054
0	0	670	-0.00432554	-1.3778	0.00203113
0	0	672	-0.00437513	-1.39932	-0.00038683
0	0	674	-0.00441781	-1.40999	-0.00271007
0	0	676	-0.00446016	-1.40982	-0.00494739
0	0	678	-0.00450634	-1.39884	-0.00710865
0	0	680	-0.0045577	-1.37703	-0.00917782
0	0	682	-0.00461368	-1.34448	-0.0110981
0	0	684	-0.00467231	-1.30148	-0.012787
0	0	686	-0.00472808	-1.2487	-0.0141544
0	0	688	-0.00477591	-1.18722	-0.0151343
0	0	690	-0.00481059	-1.11848	-0.015705
0	0	692	-0.00482795	-1.04414	-0.0158898
0	0	694	-0.0048257	-0.965961	-0.0157523
0	0	696	-0.00480043	-0.885614	-0.0153635
0	0	698	-0.00475088	-0.804504	-0.0148267
0	0	700	-0.00467676	-0.723738	-0.0142282
0	0	702	-0.00457689	-0.64416	-0.0136346
0	0	704	-0.00445165	-0.566286	-0.0130977
0	0	706	-0.00430305	-0.490335	-0.0126527
0	0	708	-0.00413444	-0.416362	-0.0123227
0	0	710	-0.00394818	-0.344283	-0.0121075
0	0	712	-0.0037516	-0.273906	-0.0120075
0	0	714	-0.00354916	-0.204915	-0.0120201
0	0	716	-0.00334435	-0.136991	-0.0121416
0	0	718	-0.00314059	-0.0698122	-0.0123591
0	0	720	-0.00293758	-0.00300576	-0.0126717
0	0	722	-0.00273569	0.0638311	-0.0130695
0	0	724	-0.0025287	0.131063	-0.0135463
0	0	726	-0.0023105	0.19904	-0.0140895
0	0	728	-0.0020727	0.26814	-0.0146916
0	0	730	-0.00180513	0.338731	-0.015337
0	0	732	-0.00149876	0.411069	-0.0160021
0	0	734	-0.00114726	0.485359	-0.0166599
0	0	736	-0.00074633	0.56173	-0.0172791
0	0	738	-0.00029536	0.64015	-0.0178056
0	0	740	0.00019945	0.720347	-0.0181647
0	0	742	0.0007287	0.801794	-0.0182887
0	0	744	0.00127819	0.883691	-0.0181034
0	0	746	0.00183004	0.964867	-0.0175288
0	0	748	0.00236573	1.04383	-0.0165042
0	0	750	0.00286862	1.1189	-0.0150239
0	0	752	0.0033219	1.18828	-0.0131135
0	0	754	0.00371168	1.25027	-0.010818
0	0	756	0.00402961	1.30339	-0.00823607
0	0	758	0.00427233	1.34657	-0.00548294
0	0	760	0.00443929	1.37915	-0.00264939
0	0	762	0.0045338	1.40083	0.00021192
0	0	764	0.00455942	1.41156	0.00307124
0	0	766	0.00452404	1.41135	0.00591681
0	0	768	0.00443281	1.40019	0.00873944
0	0	770	0.00429216	1.37806	0.0114977
0	0	772	0.00410895	1.34502	0.014111
0	0	774	0.00388979	1.30138	0.0164702
0	0	776	0.00364113	1.24783	0.0184603
0	0	778	0.00337116	1.18549	0.0199825
0	0	780	0.00308681	1.1158	0.0209892
0	0	782	0.00279543	1.0405	0.0214966
0	0	784	0.00250353	0.961374	0.0215402
0	0	786	0.00221643	0.880084	0.0211944
0	0	788	0.00194004	0.798068	0.020559
0	0	790	0.00167664	0.716533	0.0197294
0	0	792	0.00142862	0.636364	0.018795
0	0	794	0.00119841	0.558103	0.0178172
0	0	796	0.00098617	0.482054	0.0168564
0	0	798	0.00079081	0.408328	0.0159611
0	0	800	0.00061072	0.336826	0.0151602
0	0	802	0.00044458	0.267285	0.0144654
0	0	804	0.00028743	0.199364	0.0138778
0	0	806	0.00013524	0.132689	0.0134006
0	0	808	-1.537e-05	0.0668446	0.0130328
0	0	810	-0.00016688	0.00139044	0.0127592
0	0	812	-0.00032272	-0.064059	0.0125693
0	0	814	-0.00048637	-0.129916	0.012464
0	0	816	-0.00065926	-0.19661	0.0124519
0	0	818	-0.0008441	-0.264549	0.0125093
0	0	820	-0.00104398	-0.334117	0.0126165
0	0	822	-0.00126023	-0.40568	0.0127614
0	0	824	-0.00149403	-0.47948	0.0129274
0	0	826	-0.00174508	-0.555612	0.013068
0	0	828	-0.00201144	-0.63401	0.0131281
0	0	830	-0.00228925	-0.71438	0.0130747
0	0	832	-0.00257392	-0.796147	0.0128624
0	0	834	-0.00286078	-0.878443	0.0124306
0	0	836	-0.00314468	-0.960076	0.0117274
0	0	838	-0.0034201	-1.03957	0.0107319
0	0	840	-0.00368191	-1.11521	0.00946312
0	0	842	-0.00392574	-1.18516	0.00792376
0	0	844	-0.00414673	-1.24769	0.00617203
0	0	846	-0.00434265	-1.30133	0.00430126
0	0	848	-0.0045107	-1.34496	0.00239349
0	0	850	-0.00465181	-1.37791	0.00051306
0	0	852	-0.00476569	-1.39992	-0.00131292
0	0	854	-0.00485349	-1.41093	-0.00308393
0	0	856	-0.00491487	-1.411	-0.00482496
0	0	858	-0.00495156	-1.40015	-0.00655756
0	0	860	-0.00496263	-1.37838	-0.00827449
0	0	862	-0.00494417	-1.34578	-0.00993763
0	0	864	-0.00489214	-1.30267	-0.0114762
0	0	866	-0.00480337	-1.24972	-0.012805
0	0	868	-0.0046736	-1.18802	-0.0138435
0	0	870	-0.00450008	-1.11902	-0.0145579
0	0	872	-0.00428347	-1.04443	-0.0149508
0	0	874	-0.00402593	-0.966008	-0.0150637
0	0	876	-0.00373277	-0.885403	-0.0149655
0	0	878	-0.00340865	-0.804061	-0.0147324
0	0	880	-0.00306091	-0.72314	-0.0144543
0	0	882	-0.00269692	-0.643445	-0.01419
0	0	884	-0.00232198	-0.565479	-0.0139861
0	0	886	-0.00194247	-0.489496	-0.013863
0	0	888	-0.00156291	-0.415549	-0.0138436
0	0	890	-0.0011891	-0.343527	-0.0139339
0	0	892	-0.0008241	-0.273219	-0.0141193
0	0	894	-0.00047274	-0.204332	-0.0143984
0	0	896	-0.00013741	-0.13654	-0.0147656
0	0	898	0.0001805	-0.0694817	-0.0152208
0	0	900	0.00048033	-0.00276996	-0.0157495
0	0	902	0.00076335	0.0639686	-0.0163457
0	0	904	0.00103161	0.131106	-0.0170135
0	0	906	0.00128815	0.199006	-0.0177423
0	0	908	0.00153703	0.268031	-0.0185195
0	0	910	0.00178021	0.33851	-0.0193227
0	0	912	0.00201994	0.410726	-0.0201251
0	0	914	0.00225746	0.484893	-0.0208881
0	0	916	0.00249196	0.561135	-0.0215517
0	0	918	0.00272389	0.63942	-0.0220434
0	0	920	0.00295058	0.719501	-0.0222918
0	0	922	0.00316883	0.80087	-0.0222203
0	0	924	0.003376	0.882719	-0.0217537
0	0	926	0.00356694	0.963902	-0.0208164
0	0	928	0.00373846	1.04294	-0.0193883
0	0	930	0.00388667	1.11814	-0.0174815
0	0	932	0.00400871	1.18768	-0.0151421
0	0	934	0.00410415	1.24984	-0.012456
0	0	936	0.00417424	1.30316	-0.00953612
0	0	938	0.00422039	1.34655	-0.00650454
0	0	940	0.00424478	1.37935	-0.0034502
0	0	942	0.00425023	1.40128	-0.0004242
0	0	944	0.00423811	1.41227	0.00255203
0	0	946	0.00420878	1.41236	0.00548077
0	0	948	0.00416306	1.40154	0.00836078
0	0	950	0.00409972	1.3798	0.0111572
0	0	952	0.00401898	1.34722	0.0137972
0	0	954	0.00391936	1.30409	0.0161814
0	0	956	0.00379972	1.25109	0.0182025
0	0	958	0.0036605	1.18928	0.0197683
0	0	960	0.00350418	1.12012	0.0208228
0	0	962	0.00333063	1.04531	0.0213763
0	0	964	0.00314215	0.966604	0.0214819
0	0	966	0.00294105	0.885661	0.0212081
0	0	968	0.00273001	0.80394	0.0206561
0	0	970	0.00251036	0.722605	0.0199188
0	0	972	0.00228258	0.642488	0.0191067
0	0	974	0.00204902	0.564102	0.0182873
0	0	976	0.00181005	0.487729	0.0175007
0	0	978	0.00156524	0.413418	0.0167877
0	0	980	0.00131392	0.341073	0.016172
0	0	982	0.00105727	0.27049	0.0156695
0	0	984	0.00079464	0.201389	0.0152677
0	0	986	0.0005268	0.133456	0.0149609
0	0	988	0.00025386	0.0663303	0.0147515
0	0	990	-2.401e-05	-0.00037563	0.0146336
0	0	992	-0.00030467	-0.0670291	0.0145936
0	0	994	-0.00058655	-0.134008	0.0146157
0	0	996	-0.00086805	-0.201704	0.0147057
0	0	998	-0.0011467	-0.270492	0.0148475
0	0	1000	-0.00142129	-0.340711	0.0150201
0	0	1002	-0.00168944	-0.412669	0.0152032
0	0	1004	-0.00194884	-0.4866	0.015367
0	0	1006	-0.0021989	-0.562629	0.0154831
0	0	1008	-0.00243691	-0.640734	0.0154965
0	0	1010	-0.00266262	-0.720665	0.0153541
0	0	1012	-0.00287571	-0.801891	0.0150034
0	0	1014	-0.00307586	-0.883607	0.0143857
0	0	1016	-0.00325909	-0.964659	0.0134648
0	0	1018	-0.00342426	-1.04356	0.0122105
0	0	1020	-0.00356983	-1.1186	0.0106336
0	0	1022	-0.0036906	-1.18802	0.00877983
0	0	1024	-0.0037852	-1.25009	0.00671256
0	0	1026	-0.00385141	-1.30333	0.00451925
0	0	1028	-0.00388681	-1.34667	0.00228185
0	0	1030	-0.00389051	-1.37944	6.375e-05
0	0	1032	-0.00386134	-1.40134	-0.00210546
0	0	1034	-0.00379904	-1.4123	-0.00423513
0	0	1036	-0.00370315	-1.4123	-0.00634434
0	0	1038	-0.0035719	-1.40132	-0.0084418
0	0	1040	-0.00340503	-1.37932	-0.010509
0	0	1042	-0.00320307	-1.34636	-0.0124861
0	0	1044	-0.00296434	-1.30273	-0.0142713
0	0	1046	-0.00269245	-1.24914	-0.0157606
0	0	1048	-0.00239387	-1.18674	-0.0168711
0	0	1050	-0.00207753	-1.11702	-0.0175668
0	0	1052	-0.00175263	-1.04175	-0.0178542
0	0	1054	-0.00142953	-0.962724	-0.0177716
0	0	1056	-0.00111695	-0.8816	-0.0174012
0	0	1058	-0.00082217	-0.799794	-0.0168257
0	0	1060	-0.00054783	-0.718448	-0.0161284
0	0	1062	-0.00029494	-0.638372	-0.0153854
0	0	1064	-6.241e-05	-0.560061	-0.0146526
0	0	1066	0.00015078	-0.483753	-0.0139836
0	0	1068	0.00034922	-0.409513	-0.0133965
0	0	1070	0.00053775	-0.337239	-0.0129076
0	0	1072	0.00071965	-0.266711	-0.0125262
0	0	1074	0.00089943	-0.197651	-0.0122495
0	0	1076	0.00107948	-0.129759	-0.012087
0	0	1078	0.0012621	-0.0626757	-0.0120322
0	0	1080	0.00144972	0.00399276	-0.0120938
0	0	1082	0.0016446	0.0706117	-0.0122639
0	0	1084	0.00184804	0.137558	-0.0125399
0	0	1086	0.00206345	0.205228	-0.0129241
0	0	1088	0.00229145	0.274006	-0.0133985
0	0	1090	0.00253258	0.344228	-0.0139493
0	0	1092	0.00278572	0.416192	-0.0145499
0	0	1094	0.00304871	0.490149	-0.0151738
0	0	1096	0.00331922	0.566242	-0.0157798
0	0	1098	0.00359106	0.644449	-0.0163069
0	0	1100	0.00385906	0.724538	-0.0166989
0	0	1102	0.00411679	0.806046	-0.0168822
0	0	1104	0.00435794	0.888184	-0.0167808
0	0	1106	0.00457575	0.969821	-0.0163199
0	0	1108	0.00476676	1.04951	-0.0154523
0	0	1110	0.00492612	1.12557	-0.0141492
0	0	1112	0.00505173	1.19614	-0.0124151
0	0	1114	0.00514462	1.25945	-0.0103157
0	0	1116	0.00520615	1.31393	-0.0079278
0	0	1118	0.00523846	1.35842	-0.0053486
0	0	1120	0.0052444	1.39219	-0.00266828
0	0	1122	0.00522864	1.41495	5.516e-05
0	0	1124	0.00519498	1.42666	0.00279596
0	0	1126	0.00514482	1.42737	0.00555051
0	0	1128	0.00507888	1.41714	0.00830876
0	0	1130	0.00499976	1.39601	0.0110365
0	0	1132	0.00490784	1.3641	0.0136632
0	0	1134	0.00480144	1.32173	0.0160891
0	0	1136	0.00467964	1.26958	0.0181989
0	0	1138	0.00454294	1.20872	0.0198942
0	0	1140	0.00439147	1.14061	0.0211163
0	0	1142	0.00422671	1.06692	0.0218464
0	0	1144	0.00405107	0.989398	0.022114
0	0	1146	0.00386458	0.909695	0.0219804
0	0	1148	0.00367127	0.829265	0.021534
0	0	1150	0.00347327	0.749262	0.0208649
0	0	1152	0.00327159	0.670497	0.020055
0	0	1154	0.00306805	0.593499	0.019181
0	0	1156	0.00286327	0.518541	0.0182971
0	0	1158	0.00265737	0.445684	0.0174506
0	0	1160	0.00244878	0.374821	0.0166638
0	0	1162	0.00223659	0.305737	0.015952
0	0	1164	0.00201971	0.238158	0.0153194
0	0	1166	0.00179591	0.171771	0.0147668
0	0	1168	0.00156428	0.106215	0.0142912
0	0	1170	0.00132524	0.0411106	0.0138775
0	0	1172	0.00107733	-0.0239025	0.0135172
0	0	1174	0.00082095	-0.0891992	0.0131968
0	0	1176	0.00055595	-0.155159	0.012907
0	0	1178	0.00028312	-0.222137	0.012641
0	0	1180	3.07e-06	-0.290458	0.0123755
0	0	1182	-0.00028339	-0.360405	0.0121073
0	0	1184	-0.00057592	-0.432211	0.0118233
0	0	1186	-0.00087182	-0.505997	0.0114982
0	0	1188	-0.00116974	-0.581727	0.0111077
0	0	1190	-0.00146726	-0.659172	0.0106177
0	0	1192	-0.00176131	-0.73784	0.00999674
0	0	1194	-0.00205003	-0.816929	0.0092083
0	0	1196	-0.00232923	-0.895295	0.00821847
0	0	1198	-0.00259531	-0.971502	0.00701468
0	0	1200	-0.00284523	-1.04389	0.00559931
0	0	1202	-0.00307591	-1.1107	0.00398734
0	0	1204	-0.00328488	-1.17025	0.00223187
0	0	1206	-0.00346969	-1.2211	0.00039214
0	0	1208	-0.00363183	-1.26222	-0.00147613
0	0	1210	-0.0037707	-1.29295	-0.00333533
0	0	1212	-0.0038865	-1.31301	-0.00517803
0	0	1214	-0.0039812	-1.32229	-0.00701811
0	0	1216	-0.00405627	-1.32074	-0.00887582
0	0	1218	-0.00411183	-1.30824	-0.0107518
0	0	1220	-0.00414529	-1.28464	-0.0126015
0	0	1222	-0.00415514	-1.24985	-0.0143333
0	0	1224	-0.0041375	-1.20403	-0.0158169
0	0	1226	-0.00409026	-1.14773	-0.0169135
0	0	1228	-0.0040113	-1.08194	-0.0175092
0	0	1230	-0.00390154	-1.00808	-0.0175449
0	0	1232	-0.00376327	-0.927786	-0.0170313
0	0	1234	-0.00360108	-0.84278	-0.0160242
0	0	1236	-0.00341944	-0.754695	-0.0146326
0	0	1238	-0.00322187	-0.664965	-0.0129706
0	0	1240	-0.00301212	-0.574712	-0.0111484
0	0	1242	-0.0027924	-0.484767	-0.00927361
0	0	1244	-0.00256314	-0.395706	-0.00740921
0	0	1246	-0.00232428	-0.307877	-0.00560848
0	0	1248	-0.00207763	-0.221441	-0.003899
0	0	1250	-0.00182643	-0.136491	-0.00228292
0	0	1252	-0.00157416	-0.0531283	-0.00075128
0	0	1254	-0.00132594	0.0284679	0.00070347
0	0	1256	-0.0010867	0.107955	0.00207664
0	0	1258	-0.00086293	0.184738	0.00336181
0	0	1260	-0.00065897	0.257936	0.00450974
0	0	1262	-0.000482	0.326374	0.00542531
0	0	1264	-0.00033906	0.388673	0.00597149
0	0	1266	-0.00023805	0.44336	0.00598047
0	0	1268	-0.00018749	0.489072	0.00527496
0	0	1270	-0.00019578	0.524766	0.00369366
0	0	1272	-0.00027086	0.549845	0.00113637
0	0	1274	-0.00041708	0.56422	-0.00241997
0	0	1276	-0.0006353	0.568303	-0.0069299
0	0	1278	-0.00092336	0.562955	-0.0122684
0	0	1280	-0.00127212	0.549434	-0.0182219
0	0	1282	-0.00166552	0.529312	-0.0244874
0	0	1284	-0.00207832	0.504339	-0.0306851
0	0	1286	-0.0024808	0.476267	-0.0363931
0	0	1288	-0.00284381	0.446694	-0.0412071
0	0	1290	-0.00314032	0.41692	-0.0447885
0	0	1292	-0.00335264	0.387896	-0.0468983
0	0	1294	-0.00347413	0.360246	-0.0474005
0	0	1296	-0.00350962	0.334314	-0.0462695
0	0	1298	-0.00346945	0.310211	-0.0435781
0	0	1300	-0.00336888	0.287876	-0.0394808
0	0	1302	-0.00322555	0.267138	-0.0342145
0	0	1304	-0.00305551	0.247769	-0.0280806
0	0	1306	-0.00287282	0.229528	-0.0214334
0	0	1308	-0.00268738	0.212215	-0.0146546
0	0	1310	-0.00250737	0.195708	-0.00811626
0	0	1312	-0.00233776	0.179976	-0.00213943
0	0	1314	-0.00218251	0.165057	0.00304716
0	0	1316	-0.00204234	0.15103	0.00732017
0	0	1318	-0.00191724	0.137981	0.0106596
0	0	1320	-0.00180745	0.125971	0.0131241
0	0	1322	-0.00170934	0.11502	0.0148191
0	0	1324	-0.00162268	0.105108	0.0158736
0	0	1326	-0.0015449	0.0961884	0.0164154
0	0	1328	-0.00147558	0.0881933	0.0165605
0	0	1330	-0.00141227	0.0810398	0.0164104
0	0	1332	-0.00135469	0.0746445	0.0160468
0	0	1334	-0.00130084	0.0689237	0.015535
0	0	1336	-0.00124965	0.0638019	0.0149256
0	0	1338	-0.00120133	0.0592072	0.0142569
0	0	1340	-0.00115546	0.0550747	0.0135582
0	0	1342	-0.00111151	0.0513486	0.0128508
0	0	1344	-0.00106914	0.0479801	0.0121502
0	0	1346	-0.00102885	0.0449249	0.0114665
0	0	1348	-0.00098905	0.0421452	0.0108054
0	0	1350	-0.00095109	0.0396086	0.0101733
0	0	1352	-0.00091365	0.0372881	0.00957307
0	0	1354	-0.00087711	0.0351585	0.00900489
0	0	1356	-0.00084291	0.033198	0.00847026
0	0	1358	-0.00080868	0.0313893	0.00796742
0	0	1360	-0.00077585	0.0297167	0.00749611
0	0	1362	-0.00074437	0.0281654	0.00705536
0	0	1364	-0.00071378	0.0267231	0.00664263
0	0	1366	-0.00068455	0.0253806	0.00625733
0	0	1368	-0.00065655	0.024128	0.00589814
0	0	1370	-0.00062895	0.0229564	0.00556259
0	0	1372	-0.00060216	0.0218595	0.00525033
0	0	1374	-0.0005766	0.0208301	0.00495889
0	0	1376	-0.00055267	0.0198638	0.00468609
0	0	1378	-0.00052966	0.0189541	0.00443173
0	0	1380	-0.0005073	0.0180969	0.00419432
0	0	1382	-0.00048622	0.017289	0.00397192
0	0	1384	-0.00046519	0.0165257	0.00376442
0	0	1386	-0.00044553	0.0158042	0.00357063
0	0	1388	-0.00042681	0.0151217	0.00338871
0	0	1390	-0.00040876	0.0144755	0.00321851
0	0	1392	-0.00039151	0.0138627	0.00305913
0	0	1394	-0.00037486	0.013282	0.00291013
0	0	1396	-0.00035925	0.0127297	0.00276996
0	0	1398	-0.00034404	0.0122052	0.00263824
0	0	1400	-0.00032962	0.0117065	0.00251473
0	0	1402	-0.00031543	0.0112323	0.00239833
0	0	1404	-0.00030241	0.0107811	0.00228879
0	0	1406	-0.00028953	0.0103511	0.00218596
0	0	1408	-0.00027775	0.00994106	0.00208955
0	0	1410	-0.00026688	0.00955033	0.00199784
0	0	1412	-0.00025567	0.00917745	0.00191121
0	0	1414	-0.00024472	0.00882192	0.00183044
0	0	1416	-0.00023458	0.00848259	0.00175316
0	0	1418	-0.00022553	0.0081584	0.00168007
0	0	1420	-0.00021617	0.00784859	0.00161187
0	0	1422	-0.00020752	0.00755214	0.00154681
0	0	1424	-0.00019907	0.00726928	0.00148509
0	0	1426	-0.00019121	0.00699831	0.00142661
0	0	1428	-0.0001837	0.00673862	0.00137092
0	0	1430	-0.00017671	0.00649065	0.00131789
0	0	1432	-0.00016958	0.0062533	0.00126778
0	0	1434	-0.00016274	0.00602548	0.00122023
0	0	1436	-0.00015694	0.00580723	0.00117514
0	0	1438	-0.00015123	0.00559856	0.00113209
0	0	1440	-0.00014518	0.00539828	0.00109107
0	0	1442	-0.00014015	0.00520608	0.00105218
0	0	1444	-0.00013441	0.0050225	0.00101555
0	0	1446	-0.00012956	0.00484611	0.0009801
0	0	1448	-0.00012485	0.00467667	0.00094597
0	0	1450	-0.00012048	0.00451409	0.00091416
0	0	1452	-0.00011575	0.00435797	0.00088304
0	0	1454	-0.00011113	0.00420849	0.00085309
0	0	1456	-0.00010717	0.00406445	0.00082486
0	0	1458	-0.00010308	0.00392639	0.00079823
0	0	1460	-9.955e-05	0.00379325	0.00077317
0	0	1462	-9.629e-05	0.00366539	0.00074845
0	0	1464	-9.296e-05	0.00354306	0.00072489
0	0	1466	-8.97e-05	0.0034255	0.00070214
0	0	1468	-8.648e-05	0.00331175	0.00068043
0	0	1470	-8.361e-05	0.00320292	0.00065962
0	0	1472	-8.043e-05	0.00309824	0.00063981
0	0	1474	-7.757e-05	0.00299729	0.0006208
0	0	1476	-7.505e-05	0.00290025	0.00060219
0	0	1478	-7.289e-05	0.00280683	0.00058487
0	0	1480	-7.054e-05	0.00271737	0.00056779
0	0	1482	-6.833e-05	0.00263079	0.00055164
0	0	1484	-6.605e-05	0.0025467	0.00053647
0	0	1486	-6.36e-05	0.00246677	0.00052118
0	0	1488	-6.188e-05	0.00238942	0.00050659
0	0	1490	-5.963e-05	0.0023149	0.00049234
0	0	1492	-5.775e-05	0.00224323	0.00047914
0	0	1494	-5.585e-05	0.00217353	0.00046628
0	0	1496	-5.422e-05	0.0021069	0.00045416
0	0	1498	-5.234e-05	0.0020424	0.0004421
0	0	1500	-5.054e-05	0.00198093	0.00043004
0	0	1502	-4.93e-05	0.00192118	0.00041922
0	0	1504	-4.764e-05	0.00186312	0.00040849
0	0	1506	-4.658e-05	0.00180754	0.00039833
0	0	1508	-4.536e-05	0.0017536	0.00038858
0	0	1510	-4.366e-05	0.00170187	0.00037875
0	0	1512	-4.279e-05	0.00165215	0.0003691
0	0	1514	-4.118e-05	0.00160309	0.00035994
0	0	1516	-4.034e-05	0.00155647	0.00035174
0	0	1518	-3.912e-05	0.00151147	0.00034275
0	0	1520	-3.765e-05	0.0014679	0.00033518
0	0	1522	-3.662e-05	0.00142653	0.00032747
0	0	1524	-3.604e-05	0.00138597	0.00031966
0	0	1526	-3.494e-05	0.00134641	0.00031247
0	0	1528	-3.416e-05	0.00130839	0.00030498
0	0	1530	-3.344e-05	0.00127185	0.00029852
0	0	1532	-3.257e-05	0.00123657	0.00029189
0	0	1534	-3.148e-05	0.00120236	0.00028526
0	0	1536	-3.071e-05	0.00116924	0.00027905
0	0	1538	-3.034e-05	0.00113632	0.0002733
0	0	1540	-2.975e-05	0.00110518	0.00026738
0	0	1542	-2.869e-05	0.00107541	0.00026155
0	0	1544	-2.761e-05	0.00104633	0.00025571
0	0	1546	-2.745e-05	0.00101829	0.00025058
0	0	1548	-2.668e-05	0.00099134	0.00024588
0	0	1550	-2.622e-05	0.00096532	0.00024054
0	0	1552	-2.545e-05	0.00093954	0.00023547
0	0	1554	-2.508e-05	0.00091442	0.00023111
0	0	1556	-2.485e-05	0.00089044	0.00022615
0	0	1558	-2.47e-05	0.0008674	0.0002221
0	0	1560	-2.387e-05	0.00084521	0.00021789
0	0	1562	-2.343e-05	0.00082363	0.00021374
0	0	1564	-2.318e-05	0.00080238	0.0002093
0	0	1566	-2.29e-05	0.00078154	0.00020529
0	0	1568	-2.24e-05	0.00076167	0.00020137
0	0	1570	-2.162e-05	0.00074234	0.0001975
0	0	1572	-2.133e-05	0.0007239	0.00019348
0	0	1574	-2.164e-05	0.0007059	0.00019024
0	0	1576	-2.098e-05	0.00068835	0.00018682
0	0	1578	-2.048e-05	0.00067122	0.00018324
0	0	1580	-2.062e-05	0.00065478	0.00018053
0	0	1582	-2.077e-05	0.00063884	0.00017734
0	0	1584	-2.002e-05	0.00062333	0.00017402
0	0	1586	-1.935e-05	0.00060799	0.00017122
0	0	1588	-1.947e-05	0.00059345	0.00016858
0	0	1590	-1.919e-05	0.00057933	0.00016578
0	0	1592	-1.926e-05	0.00056533	0.00016244
0	0	1594	-1.94e-05	0.00055194	0.00016004
0	0	1596	-1.977e-05	0.00053899	0.00015751
0	0	1598	-1.959e-05	0.00052579	0.0001546
0	0	1600	-1.978e-05	0.0005131	0.00015233
0	0	1602	-1.959e-05	0.00050107	0.00015023
0	0	1604	-1.976e-05	0.00048947	0.00014719
0	0	1606	-2.011e-05	0.00047825	0.00014533
0	0	1608	-1.954e-05	0.00046705	0.0001437
0	0	1610	-2.004e-05	0.0004567	0.00014142
0	0	1612	-2.022e-05	0.00044649	0.0001392
0	0	1614	-1.999e-05	0.0004367	0.00013726
0	0	1616	-2.089e-05	0.00042675	0.00013528
0	0	1618	-2.133e-05	0.00041678	0.00013325
0	0	1620	-2.147e-05	0.0004076	0.00013112
0	0	1622	-2.105e-05	0.00039848	0.00012932
0	0	1624	-2.113e-05	0.00038942	0.00012767
0	0	1626	-2.163e-05	0.0003803	0.00012595
0	0	1628	-2.212e-05	0.00037218	0.00012389
0	0	1630	-2.231e-05	0.00036368	0.00012196
0	0	1632	-2.309e-05	0.00035526	0.00012047
0	0	1634	-2.392e-05	0.00034794	0.0001193
0	0	1636	-2.442e-05	0.00033981	0.00011796
0	0	1638	-2.499e-05	0.00033207	0.00011612
0	0	1640	-2.561e-05	0.00032457	0.0001145
0	0	1642	-2.653e-05	0.00031745	0.00011248
0	0	1644	-2.704e-05	0.00031048	0.00011095
0	0	1646	-2.714e-05	0.0003036	0.00010931
0	0	1648	-2.803e-05	0.00029653	0.00010758
0	0	1650	-2.916e-05	0.00029006	0.0001062
