
Curva de Excitacao - Bobina Girante (Dados Brutos)

Arquivo..............: C:\Arq\Wiggler\Medidas Wiggler - Corretoras\Bobina Tungstenio\Gap24\Translado24_X=6_#027.dat
Data.................: 11/02/2005
Hora.................: 10:06:24
Ganho................: 5
N. de Coletas........: 1
N. de Voltas.........: 10
Intervalo de Análise.: 4 - 8

-19600
-12500
-14600
-13500
-9000
-8800
-5000
-9200
-4900
-5200
600
-2400
1500
4600
1200
5600
2900
10400
8800
11800
15800
17500
17400
15800
22200
18000
33400
28800
31200
27000
27100
21900
14100
15000
10700
14600
2800
7400
7200
12500
13000
12900
18000
22100
26600
21200
28000
18300
21000
12200
12300
9800
5900
6000
200
-5400
-15900
-12900
-16400
-16000
-17900
-15400
-25500
-27500
-23400
-19100
-18000
-15400
-15600
-22200
-16500
-13900
-17300
-16000
-5800
-14900
-20100
-20100
-24000
-34400
-36200
-45000
-55300
-59600
-56800
-71900
-71700
-64800
-70700
-68000
-56200
-38300
-37400
-25200
-23800
-23300
-26700
-25600
-31000
-34800
-33000
-45500
-43600
-49200
-44400
-48000
-46400
-49000
-51800
-49300
-45500
-48500
-51300
-41500
-40200
-41500
-46300
-34700
-32800
-35700
-32400
-30600
-24100
-28800
-23800
-21500
-19500
-23000

-14800
-13600
-13400
-11000
-12000
-6200
-9600
-7300
-3800
-2040
-1500
-1200
200
3300
5600
3500
8600
6600
11300
9500
13300
16800
18200
23600
17300
27300
27500
26700
26100
31200
33100
23900
16100
13700
13300
5300
9600
2900
12300
13900
12200
17800
18300
25500
19400
22100
21100
23400
20700
19900
15400
9900
5700
900
-2100
-6500
-6900
-10100
-15900
-19900
-22500
-17500
-20500
-18500
-19300
-26700
-22300
-18600
-15100
-19700
-7800
-14300
-15500
-15900
-10500
-17400
-17600
-15200
-29500
-31400
-37000
-39400
-58100
-52200
-62600
-71800
-74400
-66600
-69400
-60800
-46200
-48400
-35300
-33900
-17100
-26500
-20900
-25200
-36700
-32400
-39700
-37200
-44800
-39900
-52900
-47000
-49000
-45600
-54200
-49700
-40900
-51200
-47200
-46100
-37800
-42800
-40700
-37800
-34100
-32900
-33400
-27700
-28500
-23300
-26400
-20100
-20300
-17500

-16600
-17000
-10500
-13400
-9700
-8700
-5300
-7700
-4200
-3000
200
-600
-1700
4700
2100
7100
3900
10400
10600
12300
13800
16600
21100
17200
21000
23700
33100
23500
30600
30500
27800
24900
17500
18700
11300
8500
3200
6600
11100
11500
15200
15400
21900
22000
22800
21900
22500
22200
17900
18600
11200
11800
5500
5600
-1000
-7400
-10200
-13800
-11200
-19400
-14400
-24400
-21300
-22500
-21300
-22600
-14500
-15000
-24600
-16700
-16000
-10600
-16100
-5700
-16100
-18100
-15300
-18100
-28700
-29600
-29200
-50400
-52500
-57100
-59800
-71700
-66200
-68700
-74200
-60000
-55300
-41700
-33800
-21300
-28100
-23300
-24400
-25400
-32500
-31700
-33500
-47900
-38400
-46400
-46600
-49700
-45300
-48400
-52200
-48800
-45700
-46800
-49000
-41900
-43100
-38300
-42100
-36700
-32800
-33000
-29900
-32000
-24700
-26500
-23000
-24100
-17800
-16900

-17300
-11700
-12700
-10000
-13800
-4400
-7400
-6900
-4700
-2000
2200
-3800
1500
3200
6500
3900
8400
8600
13400
10800
10900
18400
17000
24300
19300
26700
27700
27700
30000
30300
31100
23200
18300
12200
15500
9500
8100
5300
10800
13800
12300
20100
16900
26700
21200
23000
22400
22000
24400
15200
16200
9100
7000
-800
2600
-5800
-6100
-12100
-17500
-16500
-22900
-16900
-20000
-15900
-25900
-22300
-20000
-19000
-17000
-13500
-12400
-20800
-11400
-12700
-13600
-16900
-9600
-22500
-30000
-27300
-35200
-44800
-51700
-50900
-67700
-71200
-69100
-69600
-66000
-58500
-52100
-50100
-30400
-29200
-18900
-21400
-21400
-28900
-34300
-28300
-40700
-40500
-40600
-41100
-52200
-48000
-46200
-48600
-50100
-50200
-41400
-51200
-44000
-46000
-39200
-40500
-41700
-36300
-32800
-31300
-34300
-27800
-27000
-22700
-27800
-18700
-17700
-19700

-16000
-14900
-8300
-14700
-7400
-7300
-5600
-8500
-2900
0
-2100
500
-1200
6800
1200
9300
5200
9300
15200
10200
16200
13800
22800
17900
23600
25700
30800
28200
28600
29100
25800
30100
16100
18200
11600
10300
4700
6300
14400
12400
15000
15000
21500
22400
25200
23100
23400
21800
19100
17700
13300
15600
6100
4700
-3500
-5800
-10400
-11500
-10600
-15500
-19400
-23400
-18900
-21000
-19700
-19200
-17200
-20900
-20000
-12500
-15000
-12800
-9700
-11300
-16200
-14100
-12300
-24300
-22800
-28100
-36900
-48900
-46200
-55800
-63000
-65700
-70300
-71300
-71100
-57800
-55900
-39000
-29800
-29800
-24000
-20100
-20000
-31400
-27900
-32400
-37100
-44400
-37300
-45500
-46300
-44700
-48900
-46300
-52200
-46000
-48500
-44700
-48300
-41400
-40900
-38600
-41400
-36100
-29100
-35000
-31200
-30200
-22400
-27700
-22500
-19800
-17900
-16800

-16700
-11300
-13600
-9500
-11000
-5800
-6800
-4800
-1500
-3400
1500
-3600
3900
3700
5900
6200
7900
8900
11400
15000
12000
21400
18300
21300
18700
28300
30300
28100
33200
27900
31600
21300
18700
15200
16700
10500
6600
6900
10200
15400
13400
21000
18400
25200
22300
23900
23600
22100
23400
18000
12600
9300
9900
3700
-300
-3400
-7900
-14800
-15800
-13900
-18300
-18000
-19200
-20700
-23300
-20400
-15500
-19000
-15300
-17500
-16000
-13500
-10300
-11800
-12400
-9300
-19500
-22400
-25300
-25500
-40700
-39800
-48800
-59600
-63100
-67000
-68500
-70000
-61400
-63800
-56200
-44800
-26300
-30200
-19400
-15700
-27200
-25000
-33500
-27600
-41600
-37200
-40700
-45200
-47000
-46000
-45200
-48700
-47000
-52500
-42500
-47500
-43800
-46200
-39400
-37100
-42100
-33800
-34400
-29600
-34300
-27900
-26600
-22700
-23700
-21000
-17900
-17600

-14300
-16600
-7200
-12100
-9900
-7200
-4100
-5000
-6800
-700
1000
1500
-900
6100
5400
5900
6300
11300
15700
9700
15500
15000
20500
20200
25000
27900
28000
29600
27700
32000
28500
29800
16900
18100
11600
8300
10200
4900
13400
11800
16700
14300
22600
26200
22800
23800
21600
23000
19000
19600
14300
14800
6900
1400
-1700
-6300
-3900
-12400
-9500
-17800
-20500
-22700
-17600
-17100
-20200
-18400
-21700
-18200
-20000
-10900
-14100
-9300
-12300
-14800
-11700
-15900
-12500
-20700
-20400
-34200
-34700
-42100
-48900
-57600
-59800
-65900
-76400
-68100
-69000
-57900
-55000
-35400
-35200
-30800
-20200
-20700
-21100
-30100
-25400
-35800
-35800
-41900
-38800
-45200
-46400
-43600
-50000
-44400
-52400
-45400
-45200
-46400
-46300
-42600
-38000
-40700
-37800
-38100
-29800
-35000
-29200
-31200
-23300
-22300
-25500
-19000
-18400
-15000

-18200
-10500
-12300
-10200
-11200
-4700
-3100
-7100
-900
-2900
3400
-2600
600
5500
7300
6400
6100
12400
9800
12600
13700
22400
18400
21300
22200
24400
31300
28800
33800
26900
30100
24800
19500
16900
15600
14100
3700
7500
10700
17500
14200
19900
20300
24400
25300
20700
27000
23200
24100
14400
14200
10600
9000
5700
1500
-3900
-12500
-11000
-14600
-12600
-18400
-15300
-20800
-23100
-20300
-20000
-15500
-16600
-14300
-19100
-13400
-12500
-11600
-9500
-10800
-13900
-19800
-18000
-25700
-27600
-34100
-40600
-53700
-58200
-58400
-70600
-67500
-65900
-65400
-67700
-52800
-39600
-31500
-26700
-18800
-18600
-27900
-23900
-33100
-27600
-37800
-38600
-40700
-43000
-45000
-50000
-46100
-46800
-48000
-51500
-41000
-47500
-46900
-41500
-38400
-39100
-43000
-33400
-32900
-31500
-31600
-27700
-25100
-24200
-23000
-21900
-15400
-19300

