
Curva de Excitacao - Bobina Girante (Dados Brutos)

Arquivo..............: C:\Arq\Wiggler\Medidas Wiggler - Corretoras\Bobina Tungstenio\Gap24\Translado24_X=-16_#005.dat
Data.................: 11/02/2005
Hora.................: 09:12:12
Ganho................: 5
N. de Coletas........: 1
N. de Voltas.........: 10
Intervalo de Análise.: 4 - 8

47800
58900
48100
39400
37400
26500
18200
6300
-4900
-9000
-17800
-38600
-46900
-57200
-83300
-89500
-87100
-90500
-84700
-84800
-84500
-71700
-54500
-15600
6100
45900
60100
79900
102600
117300
117400
114900
112400
93900
83500
53900
51900
26100
22800
2900
-600
-2000
-14400
-9900
-10000
-3500
-10800
-3300
-9100
-2100
-6900
-1100
-8300
-4800
2600
-14300
-2800
-7700
-6700
-16300
-10400
-15000
-16800
-12600
-16100
-20600
-24400
-18100
-34600
-24600
-27100
-29800
-35100
-30100
-34300
-51500
-33600
-39900
-47700
-53300
-37800
-55100
-48600
-40500
-44900
-52200
-40900
-25300
-39500
-6200
-2700
800
-19400
-6800
-42500
-42100
-36100
-73800
-120600
-133100
-135600
-184800
-133000
-125000
-136600
-129600
-89100
-101200
-101600
-55300
-49400
-48800
-18600
-2400
-16600
-300
19900
14300
25200
46600
44300
39900
57700
52300
46200
64500
62100
50000

53800
54700
45700
41000
35200
28600
20800
10600
-700
-10900
-27400
-43500
-50800
-52600
-76700
-76000
-85500
-99400
-101700
-93200
-71900
-59000
-37200
-29300
1700
24900
66700
84100
115300
118200
113400
117400
103100
100800
74100
67500
45200
34600
16500
6000
-5000
-1500
-8700
-12500
-4300
-14900
-3700
-9500
-1500
-5500
-2500
-3200
-9600
800
-3000
-8500
-9600
-1400
-12100
-11600
-8700
-10400
-15500
-17600
-15800
-25200
-16800
-22400
-24200
-28200
-26000
-34100
-34400
-29200
-36700
-44200
-39300
-36700
-55700
-40900
-41600
-50400
-54400
-42800
-48800
-50100
-30700
-27000
-29800
-20800
-5000
-21100
4800
-600
-18400
-50400
-54300
-96500
-128200
-102400
-134300
-157700
-152000
-127700
-154800
-123400
-92700
-93500
-90400
-51900
-47800
-55500
-27100
-8500
-11100
5500
23900
20400
26300
38600
36900
45000
61600
51900
50000
61200
59500
48600

54800
58100
43900
42900
34800
29800
19900
9100
-3600
-11000
-21800
-38200
-43200
-61500
-79500
-88800
-84200
-91700
-85700
-85800
-84400
-70200
-53200
-14700
8500
46700
59100
80600
102900
117600
117800
114900
113300
92500
88000
54500
50300
26300
22500
4700
-2100
600
-14100
-9500
-10700
-4000
-10000
-4000
-7700
-1600
-3200
-3600
-4400
-3400
-800
-13400
-2500
-4900
-7700
-12700
-9100
-12400
-18200
-12900
-16400
-20300
-22000
-19500
-31500
-25200
-23100
-30300
-35700
-30900
-35100
-45600
-33800
-38300
-47500
-46500
-43700
-52700
-49800
-40200
-45400
-49500
-36700
-27700
-33100
-8900
-1800
-8200
-8500
-9100
-38200
-36900
-41000
-78500
-120500
-122300
-144500
-171400
-136900
-128800
-140000
-124100
-91000
-101600
-92100
-54100
-45200
-51000
-20200
-10000
-11300
500
19000
21100
29500
46700
40400
45600
53300
50000
50600
65800
60100
51000

57500
52700
47100
40700
38500
27500
21500
8800
900
-10500
-25700
-40700
-49500
-53900
-76400
-75000
-86300
-97900
-97600
-91800
-73400
-61900
-35600
-29300
5900
25500
68500
83000
114700
122100
114400
119900
100700
101400
74500
64900
45000
37100
17500
3500
-3200
-2400
-7000
-12700
-6400
-11000
-4800
-8200
-2800
-2400
-3100
-3900
-9000
500
-2300
-8800
-7000
-2800
-10500
-11600
-9600
-12000
-12700
-15700
-17100
-22600
-17200
-20800
-27600
-25800
-25700
-33300
-34100
-29900
-34500
-43600
-36100
-39900
-49700
-43500
-41500
-51600
-50300
-45000
-49300
-45700
-31900
-24600
-32400
-13100
-10300
-16100
2900
-3400
-18500
-45800
-52400
-102700
-116400
-113300
-134900
-159000
-142400
-134800
-151100
-119200
-97100
-96500
-87300
-48700
-51000
-48000
-26400
-13500
-11100
10300
23000
17400
30200
38600
38300
45100
61300
52500
51900
60300
58300
53100

53800
58000
44400
45800
31600
30500
20700
9900
-2800
-11700
-19600
-39500
-43600
-61800
-77500
-87100
-83400
-88900
-86900
-84200
-85300
-67300
-54700
-15800
8000
45700
59300
82300
105400
115700
119800
115900
111300
95600
86000
57200
47800
29800
19100
8500
-3500
600
-13200
-6800
-8500
-6800
-4400
-5100
-6300
-3900
400
-5200
-4300
-1000
-100
-10800
-5500
-2600
-7900
-10700
-11200
-12800
-14100
-14900
-17200
-19900
-18800
-23100
-29100
-24100
-23600
-32800
-31500
-30800
-39000
-43600
-34800
-37400
-50000
-41200
-45400
-52300
-49300
-44000
-45200
-48100
-31100
-35000
-26800
-10000
-3000
-9600
-5600
-11400
-37800
-32200
-47200
-77300
-119100
-117900
-153400
-163300
-137900
-132500
-138100
-121000
-94200
-107500
-83700
-57400
-47700
-46200
-19800
-13800
-8400
6900
14800
21800
32300
48000
36000
49500
54200
50000
51300
67200
60600
50100

57700
52400
48600
39400
39900
28700
21000
10000
300
-8300
-28000
-37100
-49800
-55900
-75800
-75300
-86100
-95400
-96600
-93600
-74400
-60400
-34300
-25900
6500
26500
62700
87500
114300
123900
115500
118100
101200
101400
78900
64000
47900
33600
22400
1600
500
-4100
-6200
-10700
-6000
-9500
-5400
-3800
-5900
-1100
-2400
-3700
-8000
2000
-500
-9100
-2200
-4500
-8300
-13000
-9200
-11300
-13800
-13800
-16800
-20600
-19100
-18400
-28000
-22300
-27900
-31700
-31900
-30200
-36000
-42800
-33300
-43300
-47600
-43200
-41400
-49700
-48600
-42400
-52000
-43100
-35300
-23800
-31000
-10900
-11000
-13600
4200
-7100
-18400
-41600
-47200
-106100
-112600
-118000
-135000
-154000
-138800
-137600
-151400
-116800
-99800
-90900
-86300
-48000
-55100
-46000
-27200
-13900
-6500
9900
20800
17400
35200
36100
40500
47100
59100
51400
54500
63700
56700
53400

55200
57300
45300
44700
35700
30500
21200
9200
1700
-13700
-19300
-39200
-42700
-63800
-75400
-83100
-86000
-89300
-89300
-81100
-83400
-64800
-53100
-17400
8800
47100
65200
82500
104100
114700
119600
117600
113000
100400
83400
59900
45900
32100
19100
8700
-700
-400
-9900
-10200
-5300
-7800
-1500
-8100
-5200
-2100
-400
-3500
-2400
1300
-3700
-7600
-5700
-1900
-10000
-7000
-11000
-12600
-12000
-15200
-15500
-21400
-15300
-23900
-26000
-23600
-25300
-29600
-33300
-28700
-39300
-38700
-35800
-37100
-47700
-41700
-45700
-51300
-44100
-47000
-41600
-48000
-31500
-35700
-21600
-11400
-5300
-6600
-3300
-10100
-36500
-28000
-54300
-78200
-113900
-112800
-153700
-160400
-139300
-137600
-133300
-116600
-93900
-105000
-83900
-61600
-47800
-41900
-20400
-13400
-8400
8500
11900
24400
32700
44200
38100
49900
54800
50700
56200
61500
61700
52500

58600
51300
51300
42500
36400
29500
22400
13300
-1000
-7000
-27800
-36000
-49500
-56200
-71200
-78600
-84100
-96400
-93000
-92700
-73700
-59100
-37300
-23300
5400
33000
61200
87300
110400
124600
118000
117800
105400
98500
82200
60400
54300
33300
19200
3200
800
-1400
-8500
-6800
-8200
-5200
-8200
-3800
-6000
900
100
-5300
-3800
-1900
2600
-8900
-2400
-5500
-6000
-9200
-11700
-9500
-13100
-12100
-22400
-17800
-17700
-21600
-26500
-21400
-26800
-33200
-28500
-31500
-34000
-42600
-32500
-43500
-47800
-40900
-44600
-46000
-49300
-44200
-50400
-39200
-37100
-26200
-28600
-11100
-12400
-9300
6400
-8800
-17300
-43000
-50300
-102100
-108700
-119500
-136700
-148300
-141400
-137700
-149200
-114500
-102900
-89100
-84400
-54600
-52500
-42400
-23600
-16900
-300
8500
19300
18600
34300
36800
40600
51200
56200
56100
51900
64200
57100
54800

