
Curva de Excitacao - Bobina Girante (Dados Brutos)

Arquivo..............: C:\Arq\Wiggler\Medidas Wiggler - Corretoras\Bobina Tungstenio\Gap24\Translado24_X=-3_#018.dat
Data.................: 11/02/2005
Hora.................: 09:44:36
Ganho................: 5
N. de Coletas........: 1
N. de Voltas.........: 10
Intervalo de Análise.: 4 - 8

-18200
-5500
-6900
-9800
-300
6000
1800
3000
3200
4900
9800
13800
13500
10300
9400
7300
7800
1600
7800
-4000
1000
-1100
-3300
-400
3400
7800
5700
12300
8400
17700
15900
19500
12500
16800
23300
20600
21900
20400
24700
17100
23300
19300
19800
25100
19000
16300
15100
14600
8100
8700
7700
6300
3800
4300
5700
-3600
-1200
-4600
-3500
-7200
-8100
-7400
-12300
-14700
-17500
-14600
-19500
-15200
-21000
-24800
-27400
-23600
-26500
-32000
-24800
-31600
-29700
-36000
-30700
-32600
-31500
-30000
-37300
-34800
-39400
-38600
-44600
-37400
-49800
-45900
-51300
-52900
-54900
-63100
-59700
-61800
-56700
-63400
-61100
-56500
-54500
-63300
-55600
-51700
-60300
-54800
-53100
-52200
-54900
-42100
-38100
-44000
-36400
-39100
-36800
-32700
-29900
-32300
-29600
-28100
-33500
-24400
-19800
-19200
-25800
-14500
-15100
-17200

-10600
-5000
-5000
-9200
-1000
-3100
4400
2400
10000
3600
10900
9300
8300
13600
10400
11300
2400
6400
1700
700
-1100
3200
-800
-1900
3500
2700
14100
8600
16100
11200
20200
17100
12600
25000
20100
19700
18000
24200
21700
24100
20800
21500
21700
20300
21400
13700
19600
11200
10800
9200
9700
8600
1800
3400
600
2200
-3100
-2800
-2500
-5000
-9900
-11900
-7900
-13400
-13200
-20400
-16300
-20800
-19800
-23900
-22500
-20900
-29200
-29600
-30600
-29000
-32000
-28200
-34000
-32200
-32300
-32000
-32300
-37100
-31500
-42800
-40700
-43200
-43200
-46700
-52000
-51400
-54500
-58100
-63300
-56900
-60500
-60100
-62600
-54000
-57200
-60500
-48500
-60300
-57200
-56300
-49600
-54000
-49200
-43500
-46800
-39000
-36400
-34400
-38200
-27900
-39700
-34400
-25200
-25300
-28800
-28800
-17800
-28600
-17700
-15700
-9000
-16800

-10500
-9600
-7100
-1300
-2900
3500
200
6100
1100
10800
13800
10800
8100
11600
14000
4100
9800
6300
6000
-1900
-400
-1800
-1000
5000
500
6500
9300
12800
10200
14800
22000
18000
16300
19700
23700
17400
25100
19300
21800
26000
23100
22700
18700
25200
15000
17500
15300
17400
11500
9400
10300
5300
6100
1700
6700
-3000
-700
-5700
-1900
-4100
-9400
-7000
-10800
-11200
-18800
-14800
-16400
-15600
-22600
-25600
-22500
-25500
-25900
-27600
-25400
-33700
-28900
-31000
-32300
-30300
-30900
-32100
-38000
-32000
-36000
-38600
-40800
-37800
-45500
-48900
-49000
-55400
-49500
-64600
-55200
-59800
-57400
-61400
-59700
-53000
-61500
-55400
-56500
-50700
-62100
-49700
-59000
-50000
-46300
-45000
-40300
-43000
-35000
-45400
-29500
-30700
-32600
-33700
-25000
-29400
-33700
-19800
-19400
-19700
-25900
-13200
-17300
-12800

-10400
-5600
-3400
-6500
-3100
-1300
6900
2800
7900
7800
10900
9200
9600
15600
11200
11400
3900
7300
3100
1800
2400
-1800
800
-1000
2200
3600
15800
10700
12200
15900
16700
20000
13700
23100
18300
23000
21200
20000
24400
24700
23200
18300
24700
21800
19700
14500
18200
13100
11100
11600
8000
9300
2100
4100
1600
2200
100
-2000
-2200
-7700
-8100
-9700
-9600
-11900
-11900
-18400
-18300
-17200
-21900
-20300
-23900
-24100
-30700
-26800
-28600
-29900
-26300
-30000
-29900
-33900
-29500
-33900
-32000
-34200
-34100
-41600
-39400
-38700
-47300
-43400
-52600
-47500
-56400
-59000
-58900
-57500
-62000
-60900
-56200
-57300
-52500
-59800
-50800
-61400
-53500
-56000
-53300
-48600
-49800
-48400
-41800
-33700
-40700
-38000
-32100
-31100
-43200
-27800
-22700
-29000
-29600
-24300
-22200
-24000
-16700
-13800
-13700
-12800

-12100
-9200
-5400
-1800
-3100
2900
3100
1100
5900
11100
14100
8400
12400
11500
11600
9400
9300
6000
5100
2700
-5700
300
1200
6700
-2600
8000
12700
8400
14400
16100
22000
15700
19700
17300
23000
22900
22400
18900
24800
26600
17600
24200
22300
22300
16600
19300
17900
11300
16500
8600
8000
6400
7800
3200
2700
2100
-3100
-2600
-3900
-2300
-9800
-7600
-12000
-10800
-13800
-17900
-13300
-18200
-19400
-26700
-21100
-25300
-24500
-26300
-27900
-29700
-31100
-28600
-32400
-27300
-33800
-28800
-35400
-33400
-32900
-38300
-36500
-42900
-42600
-49900
-49100
-51900
-51200
-61500
-56000
-55400
-63100
-57100
-61100
-53800
-58800
-51300
-56800
-55100
-54000
-55400
-56500
-50100
-43500
-49800
-37400
-39100
-41800
-38500
-27400
-28700
-39200
-26800
-29000
-32500
-27500
-19400
-21700
-21400
-18300
-20400
-13500
-8800

-7700
-11000
-1300
-5000
-5500
2300
8800
5200
3200
12600
8300
11600
10800
18200
10500
9600
6600
4800
8000
-200
2200
-3200
3700
-1500
900
10100
15000
11100
12000
19300
13500
24100
15900
22600
20400
24400
22800
17100
30100
23200
21700
20900
26300
22300
18100
19900
13700
15400
12800
13500
6500
10700
4800
3200
4200
1200
2200
-5500
-1200
-6200
-8300
-9900
-6000
-9100
-16000
-15500
-16600
-15800
-23500
-18000
-23600
-22700
-28400
-28000
-26300
-29000
-25100
-33500
-29100
-32700
-28400
-32200
-32300
-33700
-33800
-37500
-42900
-35000
-46500
-44500
-53200
-48900
-53000
-59100
-54600
-61200
-56800
-60600
-55900
-59800
-51500
-56600
-56500
-55500
-54500
-51900
-58300
-41500
-53700
-46500
-38200
-34000
-39500
-37100
-28500
-38200
-32300
-29700
-23200
-31300
-24700
-28000
-22700
-16600
-18000
-13100
-15500
-9500

-17400
-5700
-1800
-700
-4300
4300
5200
500
10200
10000
14500
7400
13100
11700
12600
12900
7700
9100
3200
2800
-4700
4100
1200
4100
2400
6400
12900
8900
19900
13400
19800
19100
18800
19800
22300
25900
18200
23800
23000
27900
20500
24500
21800
22400
21300
16400
17700
14400
15900
7700
11200
8700
5300
5700
4300
600
-1800
200
-3300
-3000
-9200
-6800
-9700
-11000
-13300
-16500
-11500
-19700
-20800
-22900
-22100
-23800
-24600
-25000
-30200
-29700
-29200
-27800
-32000
-25100
-31900
-32800
-32800
-32100
-30200
-42500
-36200
-40600
-42400
-49300
-45100
-49000
-53200
-55500
-60000
-56300
-61200
-52900
-64600
-52800
-53000
-56400
-55200
-52900
-53500
-61700
-48100
-48100
-48500
-48400
-31900
-42100
-42400
-30700
-29800
-30700
-37100
-27500
-33300
-25400
-25900
-21600
-19900
-19500
-21500
-18800
-6400
-12700

-10000
-7900
-1100
-7800
-1400
5600
5000
6400
7400
10000
7000
15600
12300
12300
13300
10300
8900
3500
11400
-300
600
-500
2100
900
2800
13200
8600
15600
13900
15700
17600
26000
19100
16900
27000
22600
22200
18000
29200
22300
24100
24600
21800
24400
20100
18400
13800
19200
11800
12700
9300
9600
5700
4500
7700
-800
2300
-2600
-1700
-6600
-5000
-7700
-10500
-7200
-14900
-16000
-17400
-13600
-19600
-20500
-22700
-24000
-25700
-28500
-23900
-29800
-26800
-32100
-30600
-30100
-30500
-28700
-34700
-29700
-36300
-37400
-40500
-34600
-46700
-46300
-48100
-50700
-50000
-60400
-53100
-64700
-51500
-60300
-59400
-54900
-50600
-58000
-56600
-48600
-59300
-51900
-52100
-45600
-55000
-42600
-33800
-40600
-38100
-34800
-32400
-36300
-29600
-29400
-25500
-26200
-27000
-27900
-21500
-15500
-20400
-14200
-13400
-11500

