
Curva de Excitacao - Bobina Girante (Dados Brutos)

Arquivo..............: C:\Arq\Wiggler\Medidas Wiggler - Corretoras\Bobina Tungstenio\Gap24\Translado24_X=-9_#012.dat
Data.................: 11/02/2005
Hora.................: 09:25:45
Ganho................: 5
N. de Coletas........: 1
N. de Voltas.........: 10
Intervalo de Análise.: 4 - 8

-11500
2600
-1300
-7100
-9800
-1200
-2900
-6300
-6000
-9100
-1100
800
13100
14200
21600
21800
34400
39400
50600
51500
52800
57100
45200
43300
25500
26600
11400
-900
-6200
-7700
-19100
-19000
-15200
-10900
2300
-5600
5000
8100
16500
9800
11700
18900
12300
16600
13000
16100
11100
15200
10500
8900
11100
8700
3600
3400
9200
-1300
-1900
-1300
-1300
-4500
-10400
-4700
-9300
-12000
-16600
-12900
-16800
-17600
-20100
-21500
-22300
-25000
-25400
-30100
-26900
-35300
-30500
-33700
-37000
-38700
-39500
-41000
-49400
-44900
-49200
-52600
-52100
-46600
-58000
-57000
-52700
-59700
-63000
-70200
-71500
-73300
-61600
-59500
-58500
-43300
-34300
-38100
-27800
-16600
-24200
-27900
-23700
-45300
-57400
-51300
-39800
-61400
-58500
-50400
-61900
-55600
-42500
-32600
-36600
-22500
-30700
-21500
-15200
-8800
-12300
-3100
600
-11800

-3800
-500
2200
-9200
1100
-5600
-8600
-11500
-1000
400
-2800
6000
2300
15800
15100
32700
34100
45000
47200
51900
54300
52200
50200
35700
36200
21800
18100
-3000
-6000
-11100
-17200
-11800
-22300
-6800
-3200
2700
1900
12700
14900
9500
13600
16400
17000
11800
19100
13200
15300
13000
9400
13000
10300
9200
1700
8200
6100
-2100
-1100
2400
500
-8000
-7100
-9100
-6600
-13300
-12900
-14800
-15400
-17300
-21500
-19700
-23400
-21900
-28700
-27600
-28400
-32900
-30700
-34500
-35100
-40300
-38300
-42900
-44600
-46000
-47700
-53200
-50900
-48000
-57200
-52100
-57300
-61100
-64100
-64900
-70300
-70600
-60700
-63800
-57900
-44100
-31200
-37000
-20600
-18500
-35000
-31600
-26800
-31200
-53200
-40900
-57400
-64300
-62800
-46900
-51500
-50300
-39000
-46300
-33900
-29200
-20700
-22900
-7500
-15200
-13100
-3900
-2100
-3000

-6300
5000
-10100
-4000
-6300
900
-6900
-5400
-3200
-8300
300
800
11700
13000
24800
22600
35800
41700
51300
51400
49700
58300
48000
43800
28500
25900
12400
-500
-4900
-13200
-14000
-17100
-15800
-10600
700
-1900
3400
12800
12900
14100
12000
19500
12000
16100
15600
12800
16500
12500
14300
8500
12200
7100
5600
6600
6200
1400
-1400
800
-4500
-3500
-8700
-5200
-10600
-9800
-13900
-16700
-13100
-17800
-19600
-22900
-20100
-25700
-26700
-25700
-27200
-31100
-33900
-30600
-38500
-37400
-41500
-40900
-46700
-47700
-44900
-53200
-48900
-53400
-54700
-55000
-52500
-60800
-59300
-67300
-73000
-67900
-67600
-56300
-60000
-36600
-41500
-34500
-25300
-18000
-23100
-26800
-23800
-51200
-48200
-48000
-43800
-63200
-51500
-55800
-59600
-50600
-42700
-35100
-35500
-23000
-31700
-18600
-13700
-9600
-10900
-3800
-1200
-10900

-1300
-2700
1500
-6400
-1600
-6200
-6700
-7600
-4600
1400
-1200
2600
3200
15900
20800
29000
36300
43900
49000
50000
54000
54300
48000
37800
33700
27200
12500
-900
-8400
-9000
-17100
-15500
-17000
-8600
800
-3300
7500
9200
15200
9800
16000
17400
15000
16500
13900
16400
13500
14400
9900
13000
10000
9800
5900
5800
7500
-1700
0
-1100
1900
-6100
-9300
-7300
-8100
-10600
-15300
-12600
-14700
-17700
-22400
-19600
-20700
-25300
-24700
-28500
-26300
-35100
-29000
-35200
-37000
-39400
-39100
-39900
-46100
-44100
-49700
-49300
-54200
-47500
-55400
-51100
-58200
-62600
-59600
-69000
-66000
-71500
-62000
-66800
-53200
-42300
-36800
-32300
-20000
-21500
-35600
-25100
-30000
-32300
-48000
-44700
-59600
-62100
-57000
-53700
-48000
-46500
-45400
-47000
-30500
-27400
-25200
-16400
-9600
-15900
-13300
-700
-3500
-6200

-2400
1500
-5700
-6400
-2100
-2300
-4700
-7700
-4800
-4300
-2100
1900
10100
18200
19000
26100
34700
44800
47500
52000
52900
54800
52000
39900
33900
19900
16100
-1600
-4500
-12000
-13300
-15600
-17200
-3800
-4500
100
800
13700
13600
12900
14200
14900
17400
14500
14900
11500
18100
11900
11100
11400
9700
9900
3200
9500
5100
200
-100
-300
-1700
-4900
-6300
-6300
-5200
-13800
-13400
-16300
-12500
-19100
-19400
-20700
-22000
-22100
-28500
-25800
-29700
-29200
-32100
-32600
-36000
-38000
-40200
-44000
-42800
-48100
-44200
-51700
-46500
-53100
-56000
-50100
-57200
-56400
-62300
-67000
-73600
-64700
-66000
-60300
-55200
-41500
-37400
-37000
-19300
-22200
-21700
-24700
-30000
-45200
-50500
-45000
-48600
-55500
-55500
-59900
-55000
-47100
-44300
-38000
-29000
-29100
-27600
-19000
-9500
-14100
-7000
-2000
-5700
-8300

-2100
2400
-3900
-2800
-5000
-4100
-8900
-3500
-3300
-200
2400
0
7100
12400
24600
26700
37500
43800
51200
52000
52900
55500
45900
43600
31700
27500
12200
300
-6100
-12600
-11000
-18600
-15100
-9900
1000
-2300
6900
11400
14300
15100
11700
20800
13500
17200
12800
18700
15300
10900
12400
11900
13500
6400
7500
6200
6600
-700
2100
1600
-1700
-3200
-8700
-7300
-9900
-6400
-13700
-15900
-12800
-14400
-20900
-22500
-19000
-24600
-25100
-27100
-25500
-32400
-33000
-29900
-36600
-36800
-43700
-36200
-45800
-45200
-48200
-49500
-49400
-49900
-51700
-54400
-54800
-61900
-56600
-71300
-66600
-66600
-65000
-60200
-56000
-39100
-37600
-28900
-22400
-23700
-30500
-24300
-26100
-35800
-41600
-52200
-56900
-61000
-53100
-53900
-49600
-46600
-49100
-37400
-33400
-25900
-26700
-12500
-15200
-12700
-9000
-3200
-2300
-4700

500
-4400
-1100
-5400
-2100
-3300
-1700
-4300
-6800
-2400
-1200
4600
8000
18300
20800
27100
36000
44800
53300
46600
56800
53700
54200
38000
32500
24700
13800
2400
-4800
-7700
-17900
-12100
-18900
-4300
-2700
-200
7100
9200
17200
12500
16200
16500
18000
15800
15800
15400
14900
15400
10900
14300
9000
9800
5700
7700
7600
1300
1200
-2300
2500
-5600
-6900
-7200
-5700
-9600
-14500
-13000
-14900
-14500
-22900
-18500
-21600
-24200
-26400
-25200
-26500
-33600
-28000
-34300
-33700
-39600
-38000
-42600
-43000
-45600
-46300
-48100
-54300
-49000
-54100
-51000
-58800
-54800
-55600
-72000
-67500
-68200
-61000
-64000
-49100
-43400
-38900
-31200
-21800
-20600
-23000
-19800
-36400
-39700
-49100
-45600
-49100
-50500
-57700
-61200
-48900
-49400
-44000
-36900
-26800
-32500
-27500
-15300
-10400
-12600
-8500
-1000
-5700
-3900

-4400
1000
-1000
-1800
-5600
-4100
-3400
-7600
-1100
-1000
3100
-1400
8300
15300
21800
30900
35300
47100
47000
55100
51800
58100
47800
42400
34900
25200
17500
-2700
-3800
-12400
-11900
-16600
-14500
-6300
-3300
3900
5700
12200
12600
17700
12900
16500
19500
17600
16900
12900
19200
10600
14500
11700
12900
9500
5500
10400
5300
3100
-1900
3500
-700
-3100
-8100
-5000
-6200
-12500
-11700
-14000
-11200
-18800
-18000
-20900
-20500
-20600
-26300
-24800
-29200
-27400
-31700
-33400
-36800
-33700
-39100
-42400
-40700
-47400
-44400
-52600
-48300
-50700
-50200
-52200
-57800
-56500
-60500
-64400
-70800
-62600
-68200
-59400
-53800
-41100
-36600
-28200
-19500
-28100
-22500
-26800
-27100
-34900
-41300
-54100
-56400
-54000
-58200
-51000
-47300
-44300
-54400
-36000
-29600
-29100
-24300
-13400
-11400
-18100
-5900
-3800
-2000
-4000

