
Curva de Excitacao - Bobina Girante (Dados Brutos)

Arquivo..............: C:\Arq\Wiggler\Medidas Wiggler - Corretoras\Bobina Tungstenio\Gap24\Translado24_X=-5_#016.dat
Data.................: 11/02/2005
Hora.................: 09:33:04
Ganho................: 5
N. de Coletas........: 1
N. de Voltas.........: 10
Intervalo de Análise.: 4 - 8

-18100
-3400
-9200
-5200
-3400
3500
1700
2300
8800
4800
14200
16000
23500
15200
22000
17900
21500
15500
16200
10700
7900
5800
-9300
-5600
-9000
200
-6600
-3600
6400
7600
8100
14200
16300
15900
24400
11900
19800
19800
21300
16200
17900
24600
13900
16700
16700
21100
15800
14200
12400
9000
9900
4600
4800
6300
6900
-4900
-700
-900
-5300
-4800
-11200
-4600
-13700
-14200
-15900
-14500
-18100
-17600
-19500
-26000
-204000
-25500
-23000
-30500
-23800
-30600
-31600
-29900
-32000
-31100
-37600
-30500
-39200
-38800
-43100
-44900
-46900
-45000
-52500
-56400
-50100
-58200
-59400
-65600
-56000
-59800
-55400
-52900
-61200
-58100
-60600
-65900
-63000
-58000
-59800
-52400
-42900
-47100
-41900
-34400
-30400
-47300
-36200
-30100
-40800
-38100
-33400
-28700
-41100
-27100
-30100
-23300
-25600
-20700
-21700
-17400
-12800
-16100

-4800
-7600
-2800
-10800
2800
-3300
400
4300
12700
2040
10800
18000
13200
24200
17200
26000
18100
20100
15600
5400
7100
5200
-1100
-11700
-1600
-7500
-3800
-4100
8300
9600
7500
16200
10700
22000
16800
18100
20000
22300
20600
13800
23200
21600
18900
15600
21600
15000
15200
14500
13300
16600
6900
8000
2000
6700
3200
-2000
300
-700
-2800
-11900
-7900
-8900
-8000
-15000
-13000
-16700
-18300
-18200
-21400
-20300
-24100
-19300
-31800
-25600
-26100
-29000
-29300
-30300
-30600
-36800
-32200
-36800
-36700
-40900
-36700
-47400
-46300
-42800
-57100
-51800
-57100
-54100
-60700
-58400
-58000
-61100
-56100
-57600
-57200
-60400
-57500
-70200
-57000
-60800
-61900
-47200
-45100
-42800
-48200
-29900
-39800
-37600
-33700
-29900
-40100
-39500
-32600
-38400
-28800
-31800
-23700
-32100
-20000
-25400
-19000
-13100
-12100
-13000

-12700
-4000
-13400
900
-1300
4800
-2300
5400
8900
9700
14400
13800
21600
18700
22300
16300
24100
20300
14400
9900
5600
8400
-8800
-3900
-5700
-2400
-6100
-1900
5000
7000
12900
11300
15500
18600
20500
13200
20800
23000
19100
20100
18700
23400
15300
20400
18700
18100
17800
13500
13400
10600
11700
5600
7500
6100
3900
-3900
-1900
1500
-4300
-6300
-9800
-4000
-13000
-13900
-14600
-13400
-14800
-19900
-19800
-24000
-20300
-25500
-23900
-27300
-23500
-32200
-30400
-26800
-32500
-30500
-35000
-33400
-39600
-37100
-39000
-46300
-42800
-47200
-52000
-55300
-51900
-60900
-55100
-61000
-57200
-54700
-58800
-53100
-64300
-53800
-65700
-61100
-59300
-58800
-61400
-49200
-44100
-49100
-37300
-35900
-32600
-46100
-29000
-37900
-34800
-33200
-35100
-32500
-35500
-28600
-35000
-19400
-23000
-20500
-20500
-11300
-15400
-15700

-6100
-6400
-6200
-7500
3100
-1800
2100
5000
11100
11900
10800
16800
17500
23700
18700
23000
22000
21100
13300
8600
9800
3000
-2200
-8000
-4400
-5900
-3600
600
4800
10200
9900
13900
10900
23000
19600
15200
23600
18300
22900
16400
21200
21400
21100
19700
17600
17500
16100
14100
9900
17400
9400
5300
5300
7900
3100
-2000
3500
-2300
-3600
-8700
-7000
-6900
-10600
-13000
-13600
-15800
-18500
-16300
-20500
-20700
-24200
-22200
-27700
-27100
-25200
-30600
-25700
-31800
-31600
-32400
-33600
-36300
-36400
-36800
-42300
-43400
-45300
-43600
-56500
-51700
-57100
-55700
-56800
-62800
-56200
-59200
-55300
-60800
-52700
-60000
-62000
-66100
-55500
-62900
-58900
-43300
-49100
-45400
-43600
-31200
-38500
-35600
-34000
-32700
-37600
-36400
-36800
-33100
-27900
-34400
-28300
-26000
-23300
-25700
-14000
-10100
-15900
-14200

-7000
-7100
-10700
-600
2300
800
2000
4700
9300
8900
15100
15900
21200
20300
20200
22000
19500
22100
13700
11700
6800
5800
-5500
-4200
-4200
-4800
-1100
-5100
7500
7500
13800
12200
18300
22200
16000
15900
21200
24500
17500
21200
19500
21300
17900
19900
19900
18100
20100
10400
15000
11600
9900
7700
7600
7900
1500
-900
-2200
1500
-4100
-4600
-8600
-7900
-9100
-14100
-11700
-16700
-15200
-20000
-20400
-22000
-19900
-22500
-26100
-22800
-28400
-27800
-30500
-27600
-33900
-30300
-34100
-33400
-35200
-40000
-37800
-47500
-41000
-50300
-50600
-53100
-54200
-57400
-55600
-59300
-60200
-52400
-60700
-54100
-57800
-55300
-66600
-60500
-56500
-64500
-57600
-46200
-46300
-47800
-35800
-35200
-35600
-39600
-32900
-35000
-34400
-33300
-37800
-31100
-29600
-33600
-29400
-21100
-21700
-25300
-15700
-12800
-15900
-13400

-4900
-5600
-7900
-3000
-1800
900
1000
8200
7600
13800
12800
14100
19100
21500
22800
19000
25800
18700
15700
6000
12600
3900
-3300
-3000
-7100
-2000
-4500
200
4300
14100
9600
13000
15200
22600
19900
14900
25000
18600
21700
18300
23500
22500
20100
21600
17200
19100
14200
15300
13100
16200
8700
6500
7300
5500
7100
-2200
-400
-2100
-3300
-6900
-7900
-5300
-8900
-11000
-17300
-13600
-15400
-16600
-21500
-19200
-19700
-26800
-23200
-26100
-24100
-32600
-23200
-30100
-31600
-31700
-32000
-33400
-37200
-35900
-43200
-41400
-45800
-43300
-53400
-49700
-54500
-58000
-56300
-64700
-53400
-58800
-57200
-58900
-51800
-57200
-61900
-60500
-60900
-61100
-58800
-42700
-49500
-43700
-39000
-35900
-34300
-36500
-32400
-36800
-31700
-38600
-37600
-31200
-28300
-30900
-29000
-20500
-26500
-21200
-18800
-10100
-16100
-10600

-7900
-7900
-5700
-4100
3000
1200
4600
1900
10900
11400
14200
16500
20700
25700
16100
23900
21600
24400
11700
13200
8700
4300
-3600
-5600
-1200
-5700
2300
-5300
9200
10400
12800
15300
15400
22000
15000
19900
18800
23300
21200
22500
20000
20700
23300
17600
21300
19000
18800
11300
15900
14700
10200
9000
6800
9400
2800
1300
-2200
2300
-1500
-7300
-6400
-8100
-7500
-13700
-11200
-14600
-14000
-20000
-19600
-19500
-23300
-20600
-26400
-22200
-28600
-26100
-27300
-28600
-30500
-30300
-32900
-35600
-32000
-40600
-36800
-45800
-42400
-47300
-49600
-50600
-54600
-53300
-60400
-58800
-57100
-53100
-61600
-53200
-53300
-59100
-61100
-60800
-57100
-64900
-53200
-49200
-46500
-41800
-38300
-34900
-35500
-33700
-39600
-32700
-34200
-34600
-38500
-28600
-32000
-35800
-23900
-21100
-20700
-25800
-11800
-17000
-13700
-12700

-5000
-4600
-6900
-2500
-2800
5100
1300
8100
10400
12800
12100
14700
22100
22600
23900
20900
26000
16700
16800
11300
8500
5900
-4100
-4100
-8300
-1500
-2400
200
4500
14000
10600
13300
19300
20000
22000
15900
22600
18600
24100
20800
18500
28100
20800
19700
16100
23400
16500
14400
16200
14800
11000
5900
8800
6500
6700
-1600
2100
-500
-2500
-3000
-9500
-4500
-9300
-11000
-14400
-13300
-14000
-18600
-17700
-20500
-20200
-25100
-22100
-26800
-24400
-29100
-25300
-29200
-29700
-28500
-36300
-31800
-35300
-37700
-41500
-39800
-46000
-46600
-48200
-52100
-52900
-55900
-54700
-64500
-51900
-56500
-57100
-54300
-53800
-57200
-64200
-56300
-61600
-58800
-58500
-43900
-49000
-41400
-38300
-36400
-30000
-38800
-31200
-36200
-28200
-40000
-34600
-28600
-29900
-33000
-28600
-17200
-27400
-18400
-18000
-11800
-16200
-9100

