
Curva de Excitacao - Bobina Girante (Dados Brutos)

Arquivo..............: C:\Arq\Wiggler\Medidas Wiggler - Corretoras\Bobina Tungstenio\Gap24\Translado24_X=20_#041.dat
Data.................: 11/02/2005
Hora.................: 10:29:53
Ganho................: 5
N. de Coletas........: 1
N. de Voltas.........: 10
Intervalo de Análise.: 4 - 8

-7200
-14800
-4200
-11700
-7900
-10600
-7800
-4200
4600
7400
2900
3600
5400
16500
7700
15700
11400
22900
29300
31800
44600
50700
65600
66600
85300
110100
159300
179200
187300
162400
135000
110200
66800
45600
-11000
-46900
-102000
-131300
-149500
-155300
-164700
-168600
-172600
-151400
-132600
-120800
-84900
-85200
-64200
-50500
-24900
-23300
4600
20800
29100
24200
23400
24700
22900
33300
27700
24300
7100
5600
-14100
-9300
-19400
-29400
-49700
-70300
-83400
-99300
-109900
-123000
-124800
-146000
-155900
-173700
-163000
-173900
-167200
-174100
-168900
-131000
-101000
-65000
-48300
2200
25800
71900
109600
166400
180900
202100
209400
198600
199700
162700
131100
66000
51500
-6400
-29300
-54500
-59000
-73800
-77100
-63700
-78200
-70100
-71700
-61700
-68800
-49900
-50300
-49600
-47700
-40000
-33900
-39800
-27700
-37400
-24900
-26000
-19900
-21800
-17100
-16700

-18800
-15500
-14600
-2400
-9500
1300
-8200
-2100
-2000
100
7000
5100
9500
8000
15700
11900
21000
20900
29600
27800
37500
50200
60400
82700
95800
122500
141500
158100
172900
175200
161900
124700
66700
19600
-17500
-53200
-82600
-123800
-150000
-160500
-171500
-172100
-159300
-148700
-135200
-126800
-94200
-83500
-58700
-38400
-23700
-16000
-1900
14700
11600
32000
29200
35300
24500
31400
19900
20200
13900
11900
-2800
-23300
-21500
-44700
-44600
-64300
-66500
-97100
-113800
-127500
-133700
-145000
-152100
-158300
-183000
-173100
-175000
-156700
-155800
-125200
-112900
-93700
-45400
2800
50100
75300
126000
139100
183300
194100
214000
202500
197500
171000
118600
90600
36500
-4600
-43700
-37500
-66600
-69900
-72500
-71100
-76100
-73400
-59600
-73400
-58300
-56700
-50000
-51100
-40800
-40300
-39400
-32200
-33000
-31500
-28900
-20000
-27400
-21500
-16200
-15700

-14600
-13400
-9200
-12600
-7500
-5000
-1800
-700
1700
500
3700
6100
5600
12600
14600
15500
17400
23200
30000
29300
40700
48700
59200
75100
99100
126100
149200
168800
168900
162300
141400
124100
85300
39300
-13500
-65300
-99200
-132300
-136300
-155300
-164000
-176800
-162100
-148600
-141500
-114200
-103200
-77600
-65700
-37100
-30600
-4600
1500
11200
13600
27400
32700
22100
38100
28100
29100
10600
16900
5000
-3100
-11000
-19400
-36400
-61600
-63800
-78000
-84200
-105800
-116700
-143900
-153700
-155400
-162900
-166600
-167500
-164900
-180500
-158900
-131600
-98400
-75200
-41500
-9300
31100
79200
123600
156300
180000
199900
198700
212600
200700
165300
116600
89200
40100
-5800
-28900
-45500
-69600
-71300
-69600
-73200
-78000
-66500
-65500
-68400
-57500
-55500
-53700
-48800
-40600
-42600
-36700
-32700
-33400
-33600
-25500
-19400
-26600
-19300
-18600
-16100

-19200
-11700
-7700
-7600
-8100
-6000
-1700
-4500
3400
1200
7900
2900
7800
10400
12400
20100
17200
26400
22800
34500
36100
53400
61900
80100
96500
118200
147100
158600
186400
171700
156700
108900
67700
28700
-8300
-40900
-93600
-131800
-154100
-154500
-173100
-159200
-162800
-147200
-139600
-118900
-100400
-81400
-52900
-46200
-27100
-13100
6800
8000
22600
27200
30500
26000
32000
28800
24400
24600
15900
6800
-9800
-13900
-23900
-33600
-46100
-59700
-83500
-98100
-108900
-117200
-133000
-141200
-154000
-175300
-175200
-173300
-166300
-159900
-143800
-137100
-119900
-85300
-39300
4000
44200
82000
110100
154600
180500
201100
199100
217900
193700
165000
128000
87300
35300
-12200
-21700
-53900
-61800
-71900
-69400
-76500
-69900
-72500
-68000
-65300
-58200
-53200
-55600
-40800
-49800
-40300
-39200
-29600
-33500
-30200
-23700
-28100
-23800
-21300
-13400
-18600

-12600
-16400
-9900
-9100
-8000
1400
-4700
-100
-4100
2700
4300
8900
9500
12000
11900
13900
20600
21300
32300
31400
39900
45500
59900
78700
98800
130300
149700
161900
164300
167300
150900
130200
81900
32200
-19100
-64400
-92600
-125400
-135000
-155900
-172500
-171300
-164300
-146500
-132600
-118300
-101300
-81400
-57500
-44500
-24200
-6700
4200
5000
20700
26700
28900
32600
34900
28700
19200
23200
10100
12200
-2900
-8700
-28000
-40900
-52100
-63100
-71200
-87700
-101800
-132800
-139900
-150600
-147700
-164700
-162300
-170500
-180800
-169300
-154100
-122500
-108500
-72200
-52900
-6200
37500
85900
119900
155800
187200
188300
208400
207600
203400
155100
133700
83600
37400
-1300
-28300
-49000
-69700
-63200
-78000
-72700
-73000
-67400
-67400
-62800
-57400
-61000
-48900
-46500
-41500
-42300
-32900
-36800
-34400
-27900
-25700
-21200
-22800
-18200
-22800
-16800

-13800
-10400
-10100
-6700
-7900
-6400
-2400
-900
3900
2100
7700
3600
5800
12400
16300
19100
19300
22500
24800
32700
38700
53100
64700
75600
96300
118200
150300
167200
180100
172200
146200
114900
70400
39300
-6800
-47100
-99700
-132100
-150200
-156300
-161100
-165800
-157700
-154800
-132200
-124800
-98700
-75300
-57000
-43800
-26700
-6200
-3000
16200
19000
32100
22800
33000
30500
27800
31700
20800
16700
2400
-3400
-16000
-17300
-34100
-46200
-67100
-82000
-92000
-105800
-115300
-132400
-143200
-164000
-171800
-169400
-166900
-163800
-162800
-153400
-142500
-110200
-78800
-36600
2500
46700
72500
111800
158900
183700
197700
206800
215000
189800
168400
127500
84000
33200
200
-26700
-53800
-61200
-69900
-73300
-71700
-69000
-72400
-69100
-62700
-59200
-53600
-49800
-44600
-49700
-41000
-34000
-33900
-28900
-29200
-24100
-27000
-22800
-20100
-14800
-14600

-14900
-13300
-10900
-5600
-8200
-800
-3900
500
-4200
3600
7400
8000
10500
10600
14600
13000
20300
23800
33000
33100
39300
50400
57800
80600
97900
128600
146200
162900
172100
168800
158100
123900
77100
25800
-13600
-58800
-89600
-122600
-141400
-158700
-170400
-167900
-168000
-140900
-135200
-118700
-101800
-76200
-59500
-45000
-19500
-8000
700
10200
21600
23400
32100
31900
35900
26600
24100
22100
12500
11100
-2500
-12400
-25000
-37400
-49000
-64200
-70800
-87000
-111400
-125900
-134700
-144400
-151100
-161300
-170300
-175600
-174800
-161300
-151200
-124500
-104800
-87200
-49800
-1900
48300
79300
126000
154600
177600
194900
209400
210200
192900
171200
124800
87700
36700
400
-36600
-47400
-60500
-70100
-74500
-70600
-71100
-74200
-59600
-64900
-57200
-60100
-47700
-47000
-45200
-37000
-36100
-32000
-34900
-28300
-26200
-18500
-25900
-20300
-17200
-16700

-11500
-13400
-4600
-11500
-5800
-5400
-100
-1900
3800
5600
4500
7000
6000
15200
10200
22100
18000
24600
28300
32800
41200
48900
65200
76000
99300
118600
154400
168000
177800
167300
143900
120500
76200
43000
-10400
-55400
-98800
-130400
-144500
-152400
-162100
-167200
-164100
-148900
-134200
-121800
-97600
-76300
-57700
-41000
-23100
-10100
300
14200
22700
25200
32900
30800
30600
28700
30400
21900
11800
7500
-2600
-12400
-22100
-30000
-52700
-63600
-78900
-88500
-106500
-117700
-130500
-152800
-157200
-166900
-163400
-169400
-163300
-170800
-157200
-133900
-104900
-74000
-40300
6300
31800
77600
116100
161800
180000
204000
205100
206400
200100
168700
126600
76600
45300
-7300
-25100
-49600
-61100
-72400
-73400
-67000
-74800
-69500
-66100
-62000
-63700
-51300
-48900
-46800
-46200
-39400
-32900
-36200
-29500
-30800
-24800
-24500
-21800
-20200
-17100
-14200

