
Curva de Excitacao - Bobina Girante (Dados Brutos)

Arquivo..............: C:\Arq\Wiggler\Medidas Wiggler - Corretoras\Bobina Tungstenio\Gap24\Translado24_X=18_#039.dat
Data.................: 11/02/2005
Hora.................: 10:26:49
Ganho................: 5
N. de Coletas........: 1
N. de Voltas.........: 10
Intervalo de Análise.: 4 - 8

-13900
-13500
-11600
-9400
-8800
-9100
-8800
-8600
1600
2800
3100
-1600
5500
7600
3100
5100
3600
16400
15000
17600
21100
26400
24600
25300
29500
39100
66800
80800
112300
130800
154600
165900
162600
157300
129300
106900
47700
2800
-41800
-65300
-92300
-110000
-131100
-133700
-129400
-129300
-104800
-112200
-93600
-90500
-67200
-64900
-41600
-25200
-18000
-15100
-19300
-9200
-14200
-500
-9300
-5800
-20400
-23000
-35700
-35000
-39200
-49000
-61800
-82200
-83600
-104300
-109100
-113800
-109900
-119800
-125800
-129800
-120700
-111900
-96400
-86000
-71300
-20000
8100
38700
66700
110600
127800
146300
176200
190400
184500
170800
142700
91000
52400
5600
-34200
-61900
-66600
-85100
-85200
-84300
-86100
-89900
-79800
-75400
-77500
-72200
-59900
-60700
-60100
-43800
-43300
-42400
-43100
-33600
-31700
-34200
-30700
-31500
-23900
-23700
-22800
-20700
-15500
-21500

-16200
-15800
-12600
-8600
-9200
-900
-9300
-3500
-3900
400
-400
3300
2900
5200
6300
6700
13100
8400
16100
9900
20100
24000
28600
33700
32700
47300
55300
75600
99300
136800
159100
180300
165500
153600
125200
86700
59500
3300
-27000
-69100
-96400
-116500
-121600
-125700
-130100
-130700
-119600
-109200
-96100
-72500
-69600
-55100
-49100
-32300
-28800
-12700
-9200
-5800
-8300
-7800
-9600
-12600
-13800
-16800
-29000
-42800
-44000
-58600
-63200
-73400
-77700
-94900
-107800
-116600
-122200
-126700
-120500
-121900
-123200
-108100
-102800
-78100
-60200
-20100
-3500
28500
73200
106500
133400
152000
184900
181800
189900
163200
142200
90200
54200
900
-34200
-51300
-73200
-82600
-87400
-76200
-94700
-84400
-84200
-72700
-81100
-68000
-59200
-64500
-52000
-50700
-40500
-45600
-33800
-38600
-31900
-33400
-29600
-28900
-26200
-20800
-28200
-18100
-21400
-16200

-17600
-12000
-11700
-12200
-8400
-7700
-900
-6600
3200
-3500
2400
-600
3400
6800
5800
11100
5700
14600
11600
17500
16300
25900
24400
30300
37200
45600
63600
73200
103300
127600
157300
173500
174300
163400
130300
86500
40600
2700
-31200
-57600
-90500
-114800
-127400
-133000
-132700
-125100
-117600
-107700
-95900
-80000
-70600
-52500
-42500
-30600
-29000
-16800
-12100
-11500
-600
-6300
-5500
-16900
-13100
-24400
-26000
-35600
-39500
-57000
-72200
-73000
-86900
-87900
-105000
-105500
-124800
-126500
-131800
-126400
-116900
-103100
-93000
-90900
-53500
-33200
7000
28700
78300
99500
134000
156600
177400
190200
181400
176200
129400
107000
45200
4300
-40000
-48200
-72600
-85000
-80200
-86300
-87200
-86400
-77900
-83700
-74900
-67900
-60300
-61000
-54200
-43900
-47900
-41100
-42100
-34000
-34100
-28300
-31100
-30000
-22700
-24100
-23400
-22600
-15200
-19900

-15200
-13400
-9700
-9800
-9700
-4400
-7500
-2900
-3900
3200
2400
1500
3000
5900
8000
6900
11000
11400
16600
13200
20800
26400
25700
29600
31800
50400
60900
77700
105100
134200
161000
167900
168700
155200
134200
94100
54300
2000
-34500
-67000
-96100
-107900
-125300
-121900
-135600
-127100
-122100
-107500
-90000
-83600
-66400
-58200
-38700
-37900
-19400
-17800
-7900
-13000
-3400
-5700
-11500
-5900
-15200
-17500
-36400
-30400
-46900
-52000
-64300
-70800
-88300
-100200
-102200
-112500
-115000
-122600
-120500
-133200
-120800
-114400
-97000
-73800
-52100
-25300
-7300
35500
65900
109400
132500
161400
174500
189500
189500
163900
137400
96000
52400
-1200
-27200
-52600
-73900
-84900
-79800
-83800
-91400
-80100
-82400
-77800
-76600
-67700
-62200
-60800
-48900
-49900
-44000
-40700
-39300
-38200
-31800
-28300
-31300
-26000
-24000
-22800
-27400
-16800
-17700
-17300

-14800
-13500
-9200
-12800
-8400
-4700
-3300
-6600
-1400
-200
2100
2200
4100
9700
3000
9200
7300
13900
15100
17000
20400
22100
28000
27600
36500
46400
65500
73100
103500
133200
159400
179100
168500
165100
124500
90100
44200
7500
-23400
-60700
-95200
-116700
-125500
-132900
-123700
-126600
-113900
-111700
-91700
-82900
-69600
-49700
-42700
-31700
-27100
-13200
-15900
-5100
-1800
-5700
-10800
-10200
-14700
-22200
-26100
-32600
-43100
-58900
-64400
-75300
-83100
-90000
-103600
-114100
-123500
-123700
-122900
-124000
-114400
-109700
-101000
-83900
-58200
-24300
6200
38400
69500
103400
131500
157500
175000
192300
188400
169200
137400
101300
50400
-3900
-26900
-53700
-73000
-84800
-76800
-87000
-88000
-83100
-82000
-80600
-73800
-66600
-64800
-56100
-54000
-49000
-45500
-37600
-39600
-35200
-29700
-32500
-30300
-29200
-20500
-26200
-21400
-19100
-17900
-19300

-13900
-8300
-12300
-7000
-11000
-3000
-6800
-1200
-700
1300
4100
-400
5300
5000
11300
6200
13400
10100
16200
17600
19700
28300
24300
31600
31500
49500
61100
79700
105300
133200
159200
170100
169400
157000
138600
93300
50700
-400
-34300
-65100
-94700
-105900
-121300
-128700
-133300
-130400
-121100
-103200
-89000
-82800
-66500
-54800
-44100
-32200
-20400
-13500
-13200
-7200
-6400
-6500
-6200
-5500
-16400
-20700
-29600
-38000
-40600
-52500
-60800
-76700
-85000
-97400
-103800
-111000
-111900
-121200
-128400
-129400
-120900
-107100
-97500
-72500
-56200
-28200
-2700
31300
73500
106600
143800
149900
177000
185200
191400
162000
141000
100700
46600
4000
-32100
-49600
-79200
-77900
-84300
-83200
-89800
-78900
-83300
-78900
-71300
-70200
-60200
-61800
-49200
-50600
-39500
-42100
-41100
-34800
-31300
-29400
-30800
-25000
-27100
-22800
-25700
-16700
-18600
-15200

-14400
-15100
-8900
-11500
-5800
-6200
-2300
-3000
-4000
1900
3100
5400
2200
8500
4700
10400
7800
15700
17100
14500
20900
22300
30200
28400
39500
46000
61500
76800
105200
135000
159000
176400
169800
159600
125600
93200
46800
8300
-23100
-65500
-92000
-116600
-128600
-127400
-125100
-124400
-119300
-106700
-96500
-82900
-66000
-47800
-45500
-31700
-23400
-18900
-8700
-8200
300
-10000
-5100
-12300
-14400
-18300
-26200
-33700
-45100
-53500
-70400
-71300
-83300
-86800
-107100
-112500
-121400
-126200
-121200
-123700
-111500
-114600
-97200
-86400
-56100
-25800
11500
36700
66200
103300
130600
157500
176400
200400
181600
170100
137700
101300
45000
3200
-26400
-58200
-70100
-82300
-78400
-88300
-83700
-83000
-82800
-73500
-75700
-66700
-61500
-55100
-56900
-46500
-42900
-37900
-41700
-34200
-28300
-34100
-26400
-30400
-22100
-21900
-20900
-21100
-17900
-14800

-15100
-10600
-9800
-7700
-12500
-2500
-3500
-2800
700
700
5700
-1400
6500
7100
7900
7900
11400
14000
15100
18400
18800
27600
24100
32300
34500
49200
62600
76200
106900
129200
161300
171100
173200
159300
135900
93500
47600
2200
-35300
-60200
-92900
-104300
-126800
-126600
-133600
-130800
-114200
-103700
-89900
-84100
-65700
-57000
-40800
-31800
-18800
-16300
-11300
-5900
-8600
-3800
-7100
-7000
-16000
-18300
-30000
-36100
-40200
-51700
-63500
-77300
-82600
-97300
-100600
-110300
-113900
-123500
-127200
-125900
-122500
-107000
-92500
-73900
-62100
-27700
-1300
35700
73900
112400
137500
149000
177900
188000
183500
169200
143600
97800
46200
7300
-32800
-54000
-72800
-77600
-84600
-81500
-84400
-85000
-80700
-77000
-73200
-73400
-57800
-58500
-52900
-48800
-39600
-40900
-41900
-33100
-31800
-29800
-30000
-24300
-26900
-22200
-22900
-19200
-15600
-17800

