
Curva de Excitacao - Bobina Girante (Dados Brutos)

Arquivo..............: C:\Arq\Wiggler\Medidas Wiggler - Corretoras\Bobina Tungstenio\Gap24\Translado24_X=14_#035.dat
Data.................: 11/02/2005
Hora.................: 10:20:38
Ganho................: 5
N. de Coletas........: 1
N. de Voltas.........: 10
Intervalo de Análise.: 4 - 8

-11600
-17100
-12200
-9600
-10000
-8500
-11300
-4400
-4100
5200
-2100
3700
3000
9000
5400
3700
4900
8900
11900
2700
13200
6000
7500
3400
6200
14300
19300
25600
28500
34000
24600
32100
31300
41300
57200
79700
101800
110400
112000
98100
95300
74600
44500
21900
-3700
-17800
-30700
-50000
-59600
-72600
-71200
-73300
-62800
-58700
-53800
-60300
-59500
-55200
-51100
-41400
-48700
-38600
-54000
-52100
-60000
-47500
-49500
-53800
-58400
-68100
-63900
-68800
-57200
-61200
-35000
-37400
-31100
-23500
4400
16500
29100
56900
59600
92400
94400
107300
77100
87400
54500
25100
-1000
-21800
-45600
-71600
-58200
-84000
-87300
-93200
-89300
-106700
-96700
-89600
-90200
-80900
-69500
-50300
-53700
-39400
-43800
-37800
-36300
-35800
-37000
-33000
-26700
-37000
-31600
-32800
-26100
-33500
-28200
-28100
-27800
-24100
-23600
-17600
-22500
-17100

-19000
-14300
-14000
-10700
-8200
-6100
-5900
-8800
-900
-2040
2300
300
5600
7600
3300
7100
8700
10500
5200
6600
6000
10200
6000
7100
12400
13600
18600
17000
27700
30400
32400
33600
33400
51700
57300
74100
91000
106700
116500
106700
91700
70900
51600
24300
3500
-26000
-39100
-56200
-59800
-56900
-65700
-65500
-76000
-62800
-65700
-52000
-53700
-44900
-49200
-52600
-50300
-48000
-39300
-51500
-45500
-59900
-55900
-65500
-55100
-58100
-57400
-56700
-68500
-59400
-51700
-32300
-32400
-7700
-4400
15400
30300
57100
70500
84700
99100
88000
95000
80800
58900
16800
9600
-23600
-51900
-60900
-65900
-80000
-92500
-84200
-98400
-102500
-96100
-92400
-86100
-78300
-66300
-61600
-51600
-44100
-40300
-36500
-29900
-39200
-37300
-31100
-31800
-32300
-34700
-28200
-30800
-32400
-28200
-26100
-24600
-25200
-23800
-21200
-20900
-20100

-12900
-13100
-14900
-12200
-10400
-3400
-7800
-3800
-100
-800
200
900
5700
6700
7500
5100
9700
6200
9000
7300
6900
8500
3600
10100
7000
17400
19000
20600
25300
31500
32900
30400
36100
45600
63100
71700
96000
105400
114800
109100
93300
77300
43500
24100
-6000
-16700
-34000
-46800
-63900
-67900
-69800
-68500
-60400
-61700
-56500
-65100
-55300
-53700
-43000
-46300
-43500
-46600
-52600
-50000
-52000
-48300
-53100
-54800
-66600
-64900
-62400
-55900
-59000
-50500
-47900
-47800
-32300
-14500
3200
18200
41100
48300
68000
85200
96200
89900
96900
81200
53800
28900
7700
-29900
-50700
-59700
-66500
-82400
-84900
-88300
-101500
-95700
-99300
-94800
-89400
-72500
-67700
-52800
-50600
-46800
-44000
-37100
-29100
-40100
-31300
-30800
-32400
-37500
-31400
-28400
-30600
-29400
-30200
-24400
-28500
-22500
-24100
-17800
-20500
-19300

-14100
-15400
-11000
-14000
-6200
-8000
-5800
-6800
-400
1800
400
4400
1900
9000
3800
10000
6500
11900
8200
6000
8400
7500
9100
4000
11200
13000
22100
20400
28700
31900
31000
32500
32500
50600
59200
78700
91700
108200
113600
104500
93000
73600
53900
26300
-700
-25800
-38500
-51800
-53700
-61900
-66800
-71900
-68600
-63900
-58700
-54400
-49700
-52600
-51900
-49400
-45500
-43000
-46500
-44800
-57400
-55500
-55400
-52800
-60100
-55700
-60400
-67700
-64900
-51400
-43600
-39700
-22500
-19400
-2100
11100
39600
51600
74500
90100
88500
95800
95100
83200
45400
36700
1200
-24500
-49500
-57900
-70300
-80400
-83000
-92900
-95600
-100100
-94400
-97800
-79100
-79400
-70200
-58500
-48000
-41600
-43900
-31500
-37300
-37500
-36500
-27400
-33500
-31200
-32300
-30900
-30300
-31900
-24000
-29400
-22600
-25900
-22900
-20800
-18100
-17600

-17100
-12200
-15600
-10900
-10900
-1400
-8100
-3600
-700
-900
3200
-1000
9300
5600
6700
4500
10000
9400
9900
7500
5700
11300
4100
9700
7800
18800
19500
19100
28400
30900
33800
29000
36000
47100
64600
74800
94000
106800
116100
109600
91900
72400
45700
25000
1900
-15600
-33100
-54700
-61100
-68400
-67300
-63000
-61800
-61600
-63400
-58300
-57400
-47100
-45600
-41900
-50900
-48300
-48300
-47800
-49500
-48900
-49000
-64700
-62600
-64600
-55900
-60100
-51800
-53600
-56800
-42700
-28000
-9800
-800
26500
28900
49800
66800
93000
92100
97200
99600
74500
57900
29200
5300
-33700
-41600
-61800
-68900
-77600
-85400
-90800
-98800
-93500
-102900
-93000
-86000
-74800
-67800
-53400
-48000
-49200
-39700
-37500
-29300
-38700
-30700
-34800
-31600
-31600
-31900
-28300
-30900
-27500
-32100
-25500
-26000
-21600
-24100
-19100
-18200
-21500

-15100
-13600
-9300
-13500
-6400
-5800
-6500
-5900
-700
4400
300
3500
3700
8600
4600
10200
11900
7700
10400
5100
10900
7800
9100
6800
11200
16400
20200
22600
25900
35400
29500
34500
32100
50100
62700
75300
96800
106200
118000
101100
93000
77500
56200
24800
-4100
-24700
-40000
-45700
-56100
-58600
-72700
-70500
-70200
-59800
-55300
-53500
-51200
-55100
-47400
-52200
-41400
-42900
-40600
-51200
-55700
-52600
-54500
-54900
-57600
-54300
-68000
-63700
-60900
-49300
-44900
-34300
-28700
-25200
2200
18200
37200
50200
78600
83700
91700
99700
95700
79400
54200
33400
-2200
-21300
-46700
-62800
-68500
-76500
-83900
-94900
-92600
-99000
-97000
-93000
-80900
-80100
-70400
-53000
-49400
-40600
-41200
-33400
-36900
-36500
-33500
-30100
-29100
-33700
-32400
-31300
-27500
-31400
-24600
-26100
-24600
-26100
-22600
-16100
-20800
-15400

-15700
-11800
-16000
-10300
-6300
-4100
-6100
-6300
200
-300
3100
2100
8200
7000
6500
6900
8400
13600
9000
9000
5400
10500
7300
7800
12000
15600
23000
17600
29300
30200
36000
29700
35800
48800
61500
78900
92300
113400
113000
110000
87800
73500
48700
29400
5700
-18000
-37800
-58100
-59200
-65700
-60500
-65000
-62700
-65100
-63300
-58100
-52600
-46200
-45100
-46600
-50900
-46700
-46700
-44400
-47400
-49800
-55400
-62600
-61100
-60500
-58100
-56400
-56100
-55700
-52300
-38900
-28900
-14000
7000
18100
30500
53400
75900
82700
92400
99100
97300
77200
59800
26700
0
-23000
-45200
-63700
-68300
-72500
-90100
-88000
-96600
-95000
-103600
-92200
-78500
-77100
-64600
-56800
-49500
-48400
-38700
-34600
-29700
-35900
-33300
-29900
-33500
-29400
-35200
-24800
-30800
-28800
-29600
-24100
-24000
-22900
-21600
-20200
-18500
-20800

-11900
-13500
-9800
-11400
-10400
-4700
-6300
-700
-1000
2300
800
2300
3500
9900
10000
8000
9700
7800
11900
4100
11800
9600
8500
7100
10100
20600
19100
24100
25900
33500
29100
33800
36600
50500
64700
75800
93500
100900
118000
108600
100200
77500
50200
21600
-6300
-19100
-34000
-43400
-56500
-64000
-71900
-68200
-63400
-60300
-55800
-56600
-53700
-54500
-46100
-43800
-45000
-42100
-46700
-48600
-55200
-50400
-51900
-54400
-59700
-60900
-62500
-62000
-53500
-54100
-42700
-40500
-30300
-19900
3800
17900
36400
59700
71300
87200
90200
101400
89100
84600
57900
28900
1200
-21800
-43600
-67600
-62400
-78800
-85500
-93200
-91600
-97700
-97200
-91100
-84900
-78600
-68600
-49600
-52000
-41900
-42800
-32400
-33200
-35900
-32000
-30600
-28100
-35100
-31200
-31800
-26100
-29200
-26700
-25300
-25600
-22400
-24400
-17100
-19900
-15300

