
Curva de Excitacao - Bobina Girante (Dados Brutos)

Arquivo..............: C:\Arq\Wiggler\Medidas Wiggler - Corretoras\Bobina Tungstenio\Gap24\Translado24_X=11_#032.dat
Data.................: 11/02/2005
Hora.................: 10:15:51
Ganho................: 5
N. de Coletas........: 1
N. de Voltas.........: 10
Intervalo de Análise.: 4 - 8

-17800
-12900
-14800
-12500
-13300
-6500
-9000
-6300
-4100
-1000
3900
-1700
4700
4900
9600
5700
8400
14300
17300
13200
15600
21000
12900
10700
4000
6200
10100
5800
5800
4600
13600
13300
16800
20600
31600
39000
37200
37700
41200
46800
46900
56300
53600
62300
52700
42600
35900
14900
5900
-14400
-18400
-29000
-29200
-35100
-34700
-42100
-50200
-46600
-49600
-37900
-47200
-36700
-48500
-46800
-52400
-39000
-35500
-36400
-34300
-44100
-32500
-35900
-19600
-18600
7500
8200
8900
15000
25300
32200
28000
37600
21600
27500
11400
-3700
-28000
-32700
-45900
-66100
-67700
-78000
-88500
-102400
-96600
-102400
-100600
-85400
-76400
-59100
-53700
-41400
-41900
-31800
-29900
-27000
-27100
-28400
-35100
-40400
-33500
-40600
-39800
-37800
-30800
-36400
-40700
-32400
-33300
-31300
-34100
-29500
-27200
-24500
-26300
-21000
-18500
-22600

-15900
-18300
-10900
-13600
-9200
-6500
-7700
-6300
-4600
-1000
-300
3900
1300
8700
6100
10800
11700
10200
18300
11700
16500
14500
17000
12200
8400
8800
4800
3900
-100
9000
11800
18000
16000
27300
31200
34600
35900
31500
49600
46200
54000
52200
59900
58900
51300
42100
29900
19600
1800
-1800
-20600
-20400
-37100
-37400
-42100
-42200
-40100
-43900
-43000
-49100
-44900
-47300
-39800
-44700
-39500
-46600
-43600
-42400
-35400
-34300
-29300
-22300
-26600
-16700
-7800
4900
9600
26600
27600
29600
31600
34300
27000
21200
12200
-8200
-22800
-29800
-49000
-61000
-68000
-77500
-89700
-100200
-95500
-103600
-93100
-86900
-77600
-66100
-50300
-42700
-32300
-28600
-32300
-28700
-32300
-28000
-38000
-32800
-32200
-38800
-40200
-38700
-31500
-37200
-35900
-36100
-31900
-35400
-29500
-30200
-27800
-23600
-26300
-19800
-23100
-17600

-19400
-14100
-14600
-10900
-11300
-8100
-3600
-7800
-1800
-5000
5300
-1500
2500
7500
9200
12100
6800
14900
13200
18700
12200
18400
15000
12700
9800
5500
10900
500
6500
2900
15200
16800
20800
30200
29600
35100
32200
36900
42100
53100
50600
59000
58000
59200
52600
40700
32100
17800
7400
-10200
-18700
-24000
-28500
-35100
-39300
-42500
-46200
-47900
-44000
-40100
-42800
-44800
-44800
-43600
-44100
-43800
-37900
-35600
-40400
-38100
-32100
-23200
-23000
-8700
-4100
800
8300
20200
28900
31200
40900
31500
29700
19500
13200
-11100
-17900
-32800
-49800
-57900
-68200
-76800
-92800
-93800
-102200
-99200
-98400
-83900
-79000
-56500
-49900
-45100
-34100
-34100
-26400
-31500
-24200
-33700
-35000
-35600
-33200
-36500
-38200
-32900
-38200
-33800
-41400
-33500
-33000
-29400
-31600
-31900
-23800
-26300
-23800
-24700
-17300
-20200

-16300
-16900
-10800
-11300
-12400
-5400
-7900
-4100
-6800
2400
2300
1500
1600
8200
10900
6900
13800
12800
19100
10900
17400
16900
16000
14900
6100
11700
5400
5600
1600
8300
12800
16900
20100
26100
35200
33000
36400
31500
45800
49300
54100
55800
58700
64500
50900
40200
29100
19600
6500
-8000
-13400
-25100
-32400
-39400
-37800
-41900
-42800
-43100
-43700
-44600
-49000
-40000
-44800
-38700
-46500
-40800
-42200
-39200
-37800
-33300
-25700
-33200
-19800
-16200
-800
-500
17700
20600
23100
33100
34400
36200
25400
29700
4600
-4500
-22600
-29600
-51200
-58400
-64600
-84000
-84300
-101000
-97000
-104200
-90400
-89300
-77100
-61200
-53100
-40400
-33900
-24000
-34700
-26800
-32000
-28000
-36600
-34800
-30100
-38200
-36700
-38500
-31100
-37000
-37400
-36600
-30500
-30300
-32300
-29200
-25200
-23900
-29300
-19500
-19000
-19600

-18100
-14200
-10800
-14600
-9400
-7200
-4900
-6900
-1300
-600
1300
2100
2400
10600
5500
12000
8400
15800
15300
17900
16800
15200
18100
10800
9700
6700
12900
2100
4600
5700
12800
19900
15600
29800
31700
38100
32400
35000
45400
47800
53800
54000
64300
57900
53100
40800
33000
18600
3700
-5000
-19900
-20700
-33800
-30200
-42300
-44300
-45900
-44000
-38900
-45600
-39300
-47800
-41800
-47500
-39900
-41900
-36200
-39600
-41900
-37100
-30300
-21600
-20700
-9000
-10100
3100
10300
21300
26500
36400
38000
29800
30600
21500
10900
-9400
-17400
-33200
-49600
-54300
-70300
-78800
-91300
-95700
-102700
-99300
-94100
-88900
-74400
-60300
-47700
-46700
-31800
-32300
-26700
-29600
-26500
-30200
-38500
-33300
-32900
-33400
-40500
-35500
-35000
-35800
-37500
-34000
-29200
-33000
-31300
-31300
-24700
-25600
-23500
-21500
-19000
-17900

-18200
-12300
-14200
-9900
-13500
-5400
-5900
-4900
-3100
-600
4400
-100
6100
4500
10400
9800
11200
13800
17900
16700
12900
18300
14900
16900
6400
11100
7500
3200
5800
3500
16500
16600
21400
24600
37500
34800
34200
35400
44200
51300
50200
60200
58400
62600
49000
43100
31300
17100
8500
-7100
-14900
-27500
-29500
-38800
-38300
-39800
-40500
-46400
-45800
-43700
-44700
-44600
-41400
-39000
-46800
-42500
-39000
-39500
-37500
-32600
-27100
-29300
-22700
-12000
-2900
4500
13300
18600
26700
34600
33800
35600
31700
24200
5700
-5900
-17100
-34100
-46100
-58200
-68200
-80300
-85000
-97800
-99000
-98400
-95700
-86200
-80300
-57500
-53600
-39600
-32900
-26600
-30300
-29500
-27100
-29400
-32400
-36700
-29600
-39100
-37000
-38200
-32800
-34200
-38700
-31800
-32200
-29800
-31600
-27900
-27400
-23400
-25000
-22600
-17100
-19200

-16800
-17000
-9300
-13000
-11100
-5700
-4300
-5000
-6800
3000
1900
4800
-100
9300
8300
10500
12400
13800
20600
12200
19000
13700
19000
12600
12500
9100
8500
6700
1500
9000
11700
22700
17100
29700
32100
35900
35800
33700
47900
48100
55000
54300
61800
64200
53400
42700
28600
18400
5000
-5200
-16100
-19400
-31300
-38200
-39200
-42300
-40900
-47200
-39100
-43400
-45400
-45000
-42000
-40800
-44600
-39500
-39300
-39800
-40600
-32900
-29800
-23400
-18100
-12300
-3400
500
14100
17700
30400
36400
34900
35200
30800
23600
7300
-1800
-22100
-31300
-49000
-54800
-70300
-77700
-86400
-101300
-95000
-101900
-89100
-90100
-73000
-62200
-50600
-43100
-32000
-26000
-30400
-24600
-32400
-27000
-37500
-31900
-33300
-34900
-37700
-38300
-31900
-35700
-34500
-35900
-28100
-31400
-31200
-30300
-24100
-22200
-27600
-19700
-19700
-17600

-19000
-12400
-10800
-12100
-10500
-5800
-4000
-7600
100
-1200
5200
-500
4400
8900
10400
12400
9100
16300
14500
17200
14600
20300
16000
15600
10300
8000
9900
3200
6500
3500
15500
20000
19200
29100
33400
37900
32400
36300
43600
54200
52900
56900
61400
58000
53100
39800
34600
18800
8900
-7300
-16200
-23700
-33100
-32300
-40500
-39800
-45300
-44100
-43100
-43300
-42800
-43400
-39000
-44100
-42600
-44400
-36700
-40000
-35300
-32700
-32400
-23600
-23200
-9500
-5000
11500
10500
18100
24800
35900
37100
31900
35900
19400
13700
-8300
-15100
-35300
-45200
-57700
-69200
-78300
-86900
-96300
-102400
-96300
-98000
-82000
-77800
-56400
-52800
-43300
-27700
-32500
-27700
-30300
-24600
-31300
-33000
-35900
-31200
-35600
-38400
-34300
-36800
-32000
-40000
-31000
-32600
-29000
-30200
-29700
-22300
-26000
-24300
-23500
-16300
-21300

