
Curva de Excitacao - Bobina Girante (Dados Brutos)

Arquivo..............: C:\Arq\Wiggler\Medidas Wiggler - Corretoras\Bobina Tungstenio\Gap24\Translado24_X=1_#022.dat
Data.................: 11/02/2005
Hora.................: 09:55:57
Ganho................: 5
N. de Coletas........: 1
N. de Voltas.........: 10
Intervalo de Análise.: 4 - 8

-16500
-6000
-11100
-8100
-7200
700
-6200
-2000
100
-4500
-300
2100
4200
-3400
1900
-200
1400
2600
6300
2100
8800
13300
4100
11400
11100
19200
14700
16200
21000
22600
22900
21200
20600
27700
32600
23600
28300
32300
27800
19200
18300
21400
12100
17400
10800
11900
11500
8000
7600
5100
7500
4200
6700
3500
4900
-2700
-2300
-2600
-6000
-4800
-13600
-3900
-14400
-16900
-18500
-12200
-16400
-21000
-16200
-26400
-2040
-27200
-24900
-36400
-26300
-33600
-37100
-41000
-38600
-38000
-44500
-33700
-41500
-36700
-34500
-28900
-34400
-28200
-29000
-34600
-30100
-37500
-38600
-49900
-39600
-48800
-51100
-50300
-53800
-54600
-58700
-58100
-61000
-56900
-62200
-51500
-53000
-56000
-53000
-47400
-43900
-54700
-43100
-42300
-39500
-41400
-34700
-32600
-35400
-26900
-31600
-23000
-25600
-21500
-22300
-14700
-18100
-19200

-8400
-9200
-7600
-13100
-1200
-5500
-3300
-2200
200
600
-500
2400
-3800
6500
-1600
3400
700
6700
3900
2500
10200
9600
10300
8000
18500
13900
17600
15800
18300
24000
22900
24500
20000
32700
26600
26100
27500
29900
30800
20100
23900
17400
18100
12800
12500
9500
11800
8400
6400
13100
5200
8700
2300
5500
1900
600
-1800
-3500
-700
-11000
-8600
-11900
-7200
-16400
-13000
-16800
-18300
-18000
-20900
-21800
-24300
-19600
-33300
-29400
-31900
-31800
-38000
-34800
-36300
-44700
-39500
-37700
-36700
-38400
-27400
-34300
-31300
-27900
-33400
-32600
-34700
-31200
-43500
-42700
-42800
-45400
-51300
-53300
-52000
-59400
-56000
-61300
-53400
-62400
-56900
-52200
-55000
-55400
-53900
-42700
-50900
-47800
-44900
-37500
-43100
-37300
-37100
-34700
-27400
-32800
-27000
-28000
-20200
-25900
-19600
-16800
-16000
-15100

-11600
-7900
-13400
-5700
-6100
-700
-4600
-1200
-300
-300
3900
-2800
1500
3200
3800
-3500
5500
4400
4000
5500
8000
13800
5100
14300
11700
17200
18600
16000
20300
20200
26100
20800
26500
28200
31300
24400
30400
27400
25900
27200
18600
21900
14100
16600
10100
12000
12800
9200
10400
7300
8600
4400
7100
3100
6400
-2000
-2400
-2100
-3100
-5600
-12400
-6400
-11600
-14200
-17000
-13300
-15700
-17300
-21200
-23600
-20400
-24200
-28300
-30300
-27500
-36200
-35900
-35300
-40500
-39000
-38700
-36200
-41900
-33100
-32200
-34300
-28100
-26900
-31900
-35500
-30500
-35400
-38500
-46400
-39800
-47200
-51600
-48900
-57000
-52600
-60100
-56200
-58300
-58600
-58800
-51400
-52400
-55800
-50900
-49100
-43800
-51800
-40800
-45000
-36000
-38100
-39500
-30800
-30600
-29500
-32400
-20200
-25200
-22500
-21200
-13100
-17700
-16700

-9100
-10100
-7100
-9300
-3300
-4100
-2700
-2700
900
2700
-300
400
200
5800
-1200
2800
4900
4700
3700
3400
11500
7600
12800
10700
14600
16900
19200
16500
17200
27500
21400
24100
21400
32300
27400
28200
30800
26700
31100
22100
23100
16600
19800
13200
11400
12100
10000
10800
7500
11200
7200
6900
3000
7000
4500
-1000
-100
-1200
-3300
-10100
-8100
-7600
-12400
-12600
-13900
-17000
-18100
-16300
-21500
-21600
-22000
-22200
-29800
-29700
-27500
-37200
-33000
-38400
-36700
-41800
-38000
-39800
-36400
-32700
-32800
-33500
-30700
-24000
-37500
-28900
-32900
-32900
-42200
-43500
-40000
-48200
-50800
-52300
-51600
-58200
-55500
-59600
-55300
-60100
-57400
-51700
-55200
-51100
-53600
-47300
-47600
-46400
-46900
-39700
-37000
-38500
-38000
-32200
-29600
-32800
-26400
-24400
-23500
-25500
-17200
-15800
-17100
-13800

-11800
-9400
-11300
-5500
-5500
-900
-3000
-2200
900
1300
1100
-2200
3900
2900
1400
900
3800
4700
3900
8300
6000
12000
10300
12300
10400
18700
22500
12400
21200
21200
24800
20700
27100
29400
30500
28600
27500
29500
27000
27800
17300
22600
16200
14800
11500
13400
12500
6700
11300
8800
8100
5000
6100
6200
4400
-1400
-2700
-600
-4300
-5400
-8600
-9300
-12400
-13400
-12500
-19500
-11600
-18200
-21900
-24000
-19700
-22700
-29700
-26100
-29700
-33500
-37700
-35300
-41700
-37200
-39600
-36900
-37400
-34400
-29400
-36400
-25400
-29800
-31400
-35200
-29300
-37600
-36900
-41800
-41100
-44200
-54500
-47600
-57700
-53800
-60100
-55500
-56200
-58700
-55400
-53100
-53200
-55000
-50700
-51000
-41600
-48800
-44800
-39400
-37300
-36800
-39400
-27200
-32300
-31300
-27900
-22400
-25500
-21300
-15200
-18900
-16700
-13900

-7200
-12400
-5800
-6500
-6300
-1800
-3500
-1100
-1400
5500
-800
0
600
5700
1600
2300
5800
2500
7500
2800
10100
10500
13500
9800
14000
19000
18000
16700
20800
27900
18500
25100
25300
29500
30700
27900
30200
26100
33500
23000
22100
18600
19400
14700
10200
14600
10800
11200
7300
11900
6300
7600
6500
5200
6200
-1600
1200
-4000
-2700
-7100
-8400
-9700
-9500
-10300
-17900
-14600
-15800
-14200
-23700
-17500
-22700
-25700
-26900
-27500
-29000
-36000
-29600
-39500
-39200
-38900
-37400
-40600
-36500
-30200
-34500
-29400
-31300
-25300
-34700
-26900
-34100
-35300
-37900
-45200
-38200
-48900
-47800
-53800
-50000
-58100
-55300
-58700
-54500
-56900
-59000
-50200
-55700
-49600
-53600
-45900
-46400
-47100
-45100
-39400
-35500
-43900
-36100
-31000
-27800
-33600
-23700
-23700
-24900
-22000
-20300
-12900
-17800
-12000

-14500
-7800
-7600
-6900
-3200
-600
-500
-6300
3800
400
2500
-2100
5200
3900
900
4100
2600
8100
4500
7200
5100
14800
11000
11200
15200
19000
19700
12300
24600
21700
24600
24400
24300
31200
28600
31100
26700
31900
28100
25500
20300
22100
18200
14200
15100
9800
14600
7800
12100
8000
11000
6800
5700
7700
3100
1100
-3600
1300
-3600
-4100
-9900
-6700
-9700
-13900
-13800
-16400
-10500
-21300
-19300
-20500
-20800
-24600
-24900
-25300
-33700
-31500
-33800
-39100
-39500
-33600
-39000
-40800
-34900
-32700
-30800
-34500
-24900
-30700
-31300
-32300
-30800
-34600
-37000
-39900
-44900
-43500
-53100
-47300
-57800
-51500
-57100
-57000
-52500
-58400
-56100
-56900
-48700
-53300
-52500
-49200
-41900
-47700
-47400
-36600
-37900
-37100
-38300
-27400
-32600
-29400
-27800
-22300
-21800
-21700
-17800
-18000
-12400
-15800

-10000
-8400
-6300
-9200
-3800
2200
-4500
-1700
2600
4500
-2500
2800
2900
4200
2000
2500
5800
2300
9900
4000
9800
12400
12500
12300
13300
21200
16400
18200
19800
26200
22600
26400
26200
29200
32900
25800
31100
28300
32600
22100
23900
21700
17400
16700
12500
14100
8700
11600
8000
12700
9100
7000
6500
5900
6900
-2400
2300
-1000
-3500
-7600
-8200
-7000
-9300
-11500
-15800
-12600
-16600
-17500
-20000
-18600
-22400
-23800
-23300
-31400
-29200
-32600
-30900
-41500
-36400
-36900
-40700
-36600
-34700
-31400
-34800
-29800
-29500
-26300
-32500
-29000
-33700
-36100
-33700
-45600
-35800
-48600
-46800
-52400
-51200
-54600
-57400
-56000
-56500
-55100
-60000
-49300
-53800
-50400
-54900
-45400
-41900
-49800
-43400
-39100
-35300
-42200
-34500
-30100
-27700
-32500
-25400
-24500
-24000
-20200
-19000
-12700
-17700
-13100

