
Curva de Excitacao - Bobina Girante (Dados Brutos)

Arquivo..............: C:\Arq\Wiggler\Medidas Wiggler - Corretoras\Bobina Tungstenio\Gap24\Translado24_X=17_#038.dat
Data.................: 11/02/2005
Hora.................: 10:25:17
Ganho................: 5
N. de Coletas........: 1
N. de Voltas.........: 10
Intervalo de Análise.: 4 - 8

-19100
-16700
-10500
-9900
-8700
-5800
-5400
-8300
-2600
-1800
1400
2200
600
4900
2200
8600
4700
9100
9100
8700
12800
18400
22800
20800
26100
29500
35900
37400
55000
80000
107300
138600
147100
166300
153500
139000
113900
73300
37200
-8100
-39700
-72300
-83200
-99000
-105300
-125100
-110100
-108400
-98900
-81900
-81000
-68600
-66300
-45800
-48800
-26900
-28800
-21900
-23400
-22500
-22400
-27100
-21400
-32200
-34800
-51600
-51200
-64200
-61700
-77200
-80500
-85400
-108100
-105800
-103700
-100900
-108700
-90300
-92300
-84600
-58400
-27600
-14800
17800
53800
62500
103400
142600
159100
144900
178500
164500
125200
95200
63700
800
-34100
-44600
-75900
-86700
-78300
-89400
-95100
-84900
-87400
-93900
-82600
-66600
-75600
-64200
-50200
-54900
-54700
-40800
-36800
-41200
-35300
-34000
-32600
-33100
-25200
-30200
-25500
-20700
-25800
-23700
-17900
-16100

-17300
-12600
-11700
-11300
-14100
-4400
-4000
-6100
-2000
-2500
2100
-2800
3800
5300
7600
2800
6000
8100
9500
12300
12900
21900
16100
24900
21300
31500
36200
41600
58800
77100
108600
127400
153700
163600
165000
135900
108000
66100
33700
6100
-37300
-67800
-95300
-100500
-115200
-109500
-108400
-105500
-103300
-91300
-80800
-70500
-52700
-48300
-41000
-34900
-28700
-28900
-17200
-19100
-20600
-25900
-28500
-33400
-38800
-41800
-46300
-58300
-74100
-80200
-83200
-85700
-98100
-95600
-105000
-113400
-204000
-90800
-88700
-72500
-51900
-44600
-18500
19700
57900
68000
115200
133200
147000
156800
181500
157400
122000
104200
52600
7300
-28300
-47200
-84900
-72800
-83100
-91400
-93900
-82800
-91500
-90400
-75800
-75200
-74900
-66100
-49100
-58600
-46600
-42800
-39700
-40700
-36500
-29300
-34800
-24500
-32000
-28100
-25400
-20900
-25700
-18100
-15600
-21800

-15700
-15300
-7700
-14600
-6700
-6300
-5400
-5500
-3500
2400
-700
3800
-600
6200
2100
8500
7000
9100
11700
9000
16800
14800
24200
21500
27700
29700
37400
40000
55900
82000
106800
134500
146700
165500
158100
144200
114300
70200
34600
-9800
-41700
-66700
-82100
-93900
-115200
-115700
-113600
-107600
-93900
-87900
-81000
-71200
-57400
-50800
-40400
-32100
-21900
-29300
-19700
-23200
-22500
-19800
-28000
-24800
-43000
-44600
-54900
-53700
-68800
-70000
-85300
-93800
-100000
-100600
-101400
-109000
-91800
-103000
-92700
-80500
-50500
-37700
-6300
25200
36100
72900
110000
142000
139600
173800
167100
157500
134200
103300
48300
2500
-16700
-62300
-74100
-77100
-80500
-101500
-81500
-83600
-96300
-85400
-77300
-73600
-77100
-56100
-57100
-56100
-47300
-40800
-40300
-37300
-32700
-36900
-30400
-30500
-27800
-29900
-20400
-23700
-26600
-17300
-17400
-17600

-17300
-10300
-14200
-11200
-10500
-4300
-5400
-2900
300
-3700
2900
-400
5100
3600
5700
5900
5200
10800
9500
12300
13300
20700
19700
22700
24200
31200
39500
39200
59200
78000
109300
131500
152500
168100
161800
139900
103300
70800
38800
4500
-41200
-68300
-90200
-103400
-105300
-112100
-106800
-113900
-94700
-91800
-80400
-65400
-53800
-49200
-43900
-29100
-32600
-21300
-20700
-15700
-25000
-23600
-27400
-31900
-35700
-43300
-46600
-63400
-68100
-78600
-77700
-89400
-93200
-100400
-111400
-106100
-102100
-95300
-88800
-66900
-62400
-40800
-10500
25600
46300
76100
113200
127300
153400
167200
171900
152400
142400
96800
46200
16200
-23600
-63000
-73300
-68100
-90600
-94000
-81500
-88200
-93800
-82700
-76200
-82500
-69600
-61200
-56100
-55100
-42900
-42800
-42700
-34000
-37000
-32300
-31500
-27700
-30000
-28900
-22600
-22600
-22100
-20200
-16500
-19500

-13500
-13200
-11000
-9800
-10900
-4200
-5400
-2300
-3900
2000
3100
900
0
6400
8400
3100
8100
6600
14100
8700
15100
21000
21500
25600
24400
34000
33800
46800
55800
82200
105500
135800
153300
162900
164900
140000
115000
67000
34800
-8200
-38500
-59600
-84000
-99500
-113800
-114500
-117900
-99200
-96300
-88400
-81800
-65600
-60300
-50200
-36900
-30500
-27400
-27500
-17600
-23700
-20300
-21700
-23800
-30800
-41100
-45100
-48900
-57400
-68500
-71200
-83400
-92800
-96900
-100600
-101600
-101800
-101100
-106800
-88700
-69600
-55500
-34300
-7500
18300
41700
79200
109100
130700
158100
164000
163900
161100
144600
88900
51600
16200
-26700
-62900
-66400
-74200
-93800
-85700
-86100
-88700
-93100
-78700
-85100
-75600
-67300
-62300
-58300
-53900
-42300
-47300
-35200
-35800
-37800
-35100
-27300
-28900
-30200
-25500
-24600
-22700
-25500
-16000
-18200
-14600

-16600
-14700
-10000
-10700
-7700
-6800
-2600
-5700
-1600
-200
3400
1200
3100
7900
3700
8000
5200
11000
9700
12900
14800
18600
23300
21200
27700
30300
40600
39100
61300
78900
107400
136100
151700
169600
157500
141300
105700
74900
39500
-200
-40500
-69200
-87800
-99200
-104000
-114100
-111100
-107900
-97200
-92200
-76600
-64100
-60500
-47500
-39900
-33000
-26800
-21300
-16400
-22900
-21400
-24700
-26500
-30600
-35500
-40500
-50800
-60400
-69900
-70600
-84100
-84500
-97000
-101700
-110400
-103700
-99200
-98200
-79700
-77100
-60400
-40300
-4600
18600
49900
78100
104600
132600
157600
166300
161300
170800
132300
95200
52400
19400
-34600
-57000
-64500
-80600
-86500
-88600
-80500
-95400
-86100
-84300
-80600
-75400
-69100
-62800
-55500
-46500
-51600
-43200
-39000
-32300
-42100
-29100
-27500
-32400
-29400
-27200
-20300
-25300
-19900
-20900
-17900
-18600

-12900
-12400
-10200
-8400
-12500
-2500
-6300
-1700
-1900
1400
3600
400
3600
4700
8300
5600
8300
7500
14000
11900
14300
21500
21600
26800
22700
32600
36300
43800
58400
81500
109700
133100
151500
165200
164300
143200
114300
68200
32100
-2000
-36900
-59800
-89700
-98800
-113000
-114500
-108300
-104200
-94800
-91700
-77000
-70200
-57400
-47800
-35800
-34100
-27100
-21300
-24200
-16100
-21600
-18800
-28400
-28800
-39900
-43800
-46300
-56800
-63700
-79100
-81200
-91700
-92200
-103200
-98100
-104500
-105500
-101500
-87700
-68200
-56600
-29500
-15100
20200
44300
82200
105700
137000
158800
156000
170600
162100
139800
86800
61000
11200
-28000
-54200
-69000
-78100
-88100
-84100
-90700
-87600
-90500
-82100
-82800
-72100
-68600
-66600
-52700
-53800
-46400
-44200
-34200
-39500
-38200
-31100
-28700
-28900
-29300
-23700
-27500
-21400
-23500
-18000
-18300
-15900

-13900
-15500
-8800
-11100
-5700
-6800
-3200
-4900
-1800
200
3800
4200
100
6800
5100
8500
5400
11500
14700
11000
16200
17800
22800
20500
28800
31800
40400
43400
55300
82200
105500
137300
151000
168900
159500
140700
111800
73300
41400
-5700
-37000
-71800
-85500
-95900
-106200
-114300
-113900
-106200
-100400
-85700
-78900
-63400
-60500
-45400
-42800
-31900
-24800
-23000
-17900
-22500
-18600
-26900
-23100
-27900
-35500
-43600
-49600
-57700
-70000
-73200
-79300
-85400
-100800
-100400
-104800
-105200
-98600
-95900
-86700
-79600
-55800
-38000
-8900
25300
52800
71100
102900
138700
155100
164500
168500
164700
130700
98000
56100
8200
-27900
-52700
-69000
-81700
-80800
-90000
-89400
-88000
-87200
-86100
-82000
-70300
-73800
-60900
-53300
-51000
-51100
-41300
-37800
-38300
-34800
-32100
-28300
-33500
-25800
-28500
-21900
-21600
-22800
-20400
-18000
-13900

