
Curva de Excitacao - Bobina Girante (Dados Brutos)

Arquivo..............: C:\Arq\Wiggler\Medidas Wiggler - Corretoras\Bobina Tungstenio\Gap24\Translado24_X=-10_#011.dat
Data.................: 11/02/2005
Hora.................: 09:24:13
Ganho................: 5
N. de Coletas........: 1
N. de Voltas.........: 10
Intervalo de Análise.: 4 - 8

-7100
3600
-6800
-1400
-7000
-2100
-5700
-12400
-12900
-19200
-6400
-8900
6000
800
6900
9300
22600
35800
47400
57700
58100
68200
55000
61300
43700
43100
35200
17700
12900
-2200
-11300
-22100
-18800
-17200
-11500
-16200
-3800
1600
5200
7800
4600
14000
8900
12700
9900
16900
13600
6400
11200
9200
6500
4400
5600
5600
5000
-1500
400
-2900
-5600
-3600
-12000
-6900
-11000
-13000
-15200
-15500
-16600
-20800
-21300
-23400
-23600
-26600
-25200
-30000
-30800
-34300
-35800
-34900
-40200
-38700
-45300
-40500
-45000
-52200
-49100
-53900
-52300
-56200
-52500
-61000
-61300
-64100
-68200
-76900
-70700
-57100
-60000
-43600
-38900
-28100
-28400
-23200
-15900
-21500
-20800
-36900
-45100
-67200
-59800
-69800
-54900
-64100
-68200
-65000
-61100
-50500
-50300
-26100
-31300
-25800
-23900
-8600
-13300
-8400
-1000
-1900
1000
-6100

5900
-2200
4100
-5100
-3600
-8900
-10000
-9200
-9000
-5000
-13300
-5700
-11800
7000
6000
21900
28700
36800
44600
46800
60900
61800
65900
56400
57500
43100
33400
14000
6300
2100
-13700
-13400
-22500
-13800
-16100
-10300
-3300
-2400
7200
4200
10000
13100
13600
9500
12900
14600
10500
9300
10700
14900
4500
6300
4200
4900
5800
-1800
1400
-1900
-400
-8700
-7500
-9800
-6500
-13900
-15700
-13900
-17700
-19100
-22200
-18600
-25900
-24700
-28300
-28900
-28100
-35100
-31200
-39000
-37200
-42700
-42000
-41000
-46500
-49200
-50700
-48100
-57800
-49200
-57600
-59500
-67800
-63800
-67000
-75100
-60500
-64100
-56500
-52800
-33500
-32100
-21300
-18200
-17900
-25900
-35800
-30300
-47300
-40700
-65800
-66300
-75800
-67200
-67700
-58300
-46700
-54600
-46100
-42500
-26100
-31200
-12900
-12600
-9500
-9800
-5300
2300
-1800
5600

-2900
2400
-6700
500
-7200
-1400
-6200
-13200
-10100
-14700
-6500
-10200
3800
4400
8300
10900
27500
38500
44200
54400
57900
67200
59300
60200
51100
44600
33700
16300
11700
-2500
-11800
-17800
-18600
-16100
-14300
-12200
-5200
3700
4600
9400
7700
14700
12100
10600
14700
12600
15100
7500
14200
9900
7900
6100
6800
6700
3000
1100
-3000
900
-4300
-4300
-9800
-4900
-9900
-14900
-13000
-15100
-14700
-21600
-18600
-22000
-24000
-25400
-26200
-26300
-33000
-31100
-34000
-33800
-40900
-38000
-44800
-41500
-45500
-50400
-43700
-54600
-51700
-55000
-56000
-60900
-60500
-63200
-68900
-72800
-68200
-54500
-62300
-42300
-42100
-26000
-28800
-19000
-15900
-20400
-21200
-40200
-44700
-63300
-57500
-67600
-55400
-67800
-68200
-62500
-55400
-50400
-48400
-28400
-32300
-26800
-23800
-8000
-11800
-8000
-1700
500
1800
-6100

3900
600
2900
-4900
-3000
-6200
-10000
-10900
-7600
-5700
-13100
-7100
-6100
3900
7900
19900
28800
37200
45000
51000
58600
63000
63700
59000
55200
47100
31300
15800
6200
2900
-11600
-15300
-20200
-16100
-11900
-14600
-2300
-700
8700
4600
8800
16300
13900
12300
10900
17100
11300
8800
9900
15000
8100
5600
6100
5400
5900
-3200
600
-300
-1200
-8200
-9700
-5200
-9500
-12300
-14800
-13500
-18100
-17200
-21400
-21700
-22200
-25000
-25700
-31100
-26000
-34700
-32000
-37700
-34900
-41800
-43100
-40200
-47700
-47500
-49600
-49200
-55900
-47900
-57200
-58600
-65500
-64900
-65200
-75200
-58700
-65400
-56200
-51000
-34200
-29500
-20600
-18500
-18400
-22000
-34900
-31300
-45000
-43600
-66100
-66600
-68900
-67100
-67200
-58400
-47400
-54400
-47300
-38000
-27200
-28800
-16200
-10800
-10600
-9500
-1800
500
-800
2100

1000
1800
-2000
-3000
-2000
-4300
-6000
-11200
-9600
-12200
-9200
-6700
-900
5200
7400
15900
25700
38300
46600
54900
59800
66000
64400
55100
53500
43600
36000
15600
11000
-100
-10900
-16800
-19500
-12700
-16600
-9000
-7600
3400
6500
8800
9900
12500
15600
9700
13100
13200
14700
8600
13400
11600
6000
9700
5400
8600
1900
600
-1100
200
-2300
-6100
-6000
-7500
-7700
-15000
-12600
-15200
-14000
-20200
-18800
-21300
-23700
-23600
-28800
-26700
-30600
-31500
-35300
-33300
-36600
-40700
-42200
-43200
-44400
-50200
-44500
-53200
-52000
-52300
-54300
-59000
-62900
-61000
-70100
-71800
-68000
-58100
-58900
-43300
-38400
-29900
-25100
-18700
-13900
-20400
-25000
-36800
-45800
-57400
-60400
-62400
-59200
-67700
-68400
-61400
-53700
-52300
-43800
-29800
-30300
-27700
-18900
-12200
-8300
-8000
800
-100
-200
-1300

1700
4100
800
-500
-5600
-4900
-7900
-8400
-9000
-6400
-8300
-9600
-3100
3100
14200
15900
30200
38700
45000
52200
60100
67800
60100
61700
54100
50400
30000
17500
9500
1100
-8000
-17700
-14600
-18100
-9700
-13900
-1400
700
6700
9000
8600
18200
10400
15000
10800
17200
11600
10900
10500
11500
12100
6100
6700
4700
7300
-1600
1600
0
-100
-5200
-10200
-3900
-9300
-10200
-14700
-13300
-14800
-18700
-19500
-21600
-20200
-25300
-24400
-28500
-29000
-34500
-31600
-32600
-39000
-38600
-43000
-38400
-50400
-47600
-47700
-50500
-52900
-48500
-53700
-59000
-61700
-66400
-64700
-74000
-60900
-62800
-55000
-47700
-37600
-26100
-21000
-17800
-18600
-21300
-31100
-35000
-41900
-47000
-60700
-66400
-64900
-70900
-66600
-58400
-48900
-51000
-45800
-34800
-31000
-22500
-19400
-8400
-10800
-5200
-4200
2900
2400
1100

3300
1800
200
-6200
-2800
-2400
-4700
-10700
-10000
-9600
-11800
-3900
-700
6300
7300
17400
25200
38300
49600
54000
64900
63000
65800
54200
55600
43300
38000
17600
12200
1700
-13600
-11900
-21300
-11800
-14600
-9400
-5600
3200
9700
7900
10800
13100
14900
9900
16800
14700
14500
10700
10800
13300
7100
10700
4500
9300
5500
300
-1400
800
900
-7600
-6200
-6500
-8000
-14300
-10800
-13400
-15600
-16700
-20300
-19700
-25000
-21000
-28600
-27500
-29100
-31100
-30800
-35100
-35500
-41400
-40400
-43900
-43500
-49700
-44100
-51400
-53700
-46700
-57000
-56700
-63700
-61300
-68900
-70400
-63300
-62000
-53300
-45600
-35200
-31700
-20500
-21600
-14300
-19200
-24600
-35400
-46200
-51100
-66000
-58700
-60100
-64100
-70000
-60100
-51400
-55300
-42800
-29100
-24500
-29600
-18700
-13000
-6700
-8300
900
2700
300
2100

-1500
6300
-900
-600
-3500
-3000
-9800
-9700
-5000
-7500
-6700
-10800
1500
-600
12800
18900
31900
39400
45300
56400
56000
70000
63500
61600
52000
49600
34300
16300
10800
1200
-6700
-17800
-15400
-16300
-10700
-9800
-3000
5200
5900
9400
7300
19300
13300
15500
13600
14900
14000
9200
15600
11400
13400
5800
7700
6000
7400
1500
-300
3200
-1900
-3100
-9400
-3300
-9500
-10700
-13300
-14600
-12700
-18100
-17900
-21900
-21000
-23600
-26900
-26800
-28200
-31100
-32700
-32500
-38900
-37200
-42700
-39600
-46100
-47100
-44400
-52800
-49300
-50600
-51000
-61400
-60100
-66100
-64600
-69800
-64000
-58800
-56900
-43700
-41100
-22300
-22800
-15600
-17600
-21000
-29700
-35600
-38300
-49400
-59400
-67700
-63300
-72400
-62200
-54900
-49800
-49800
-48900
-31900
-32500
-22900
-18600
-6100
-8900
-7300
-2900
1300
2600
300

