
Curva de Excitacao - Bobina Girante (Dados Brutos)

Arquivo..............: C:\Arq\Wiggler\Medidas Wiggler - Corretoras\Bobina Tungstenio\Gap24\Translado24_X=5_#026.dat
Data.................: 11/02/2005
Hora.................: 10:03:47
Ganho................: 5
N. de Coletas........: 1
N. de Voltas.........: 10
Intervalo de Análise.: 4 - 8

-17200
-13700
-12400
-14200
-10800
-9100
-6600
-7700
-5300
-5400
-2800
-800
200
2000
100
6800
100
8100
8700
6100
14700
17300
17500
10300
18000
18100
29400
25300
32300
31200
29000
28900
16400
24600
18100
21500
8300
9300
8300
4100
9800
9000
13200
15500
18700
15200
23000
16600
17800
12900
8400
9400
5900
6000
3000
-1500
-10500
-13400
-14300
-13200
-16300
-11200
-17800
-25200
-26100
-18200
-16200
-16500
-14200
-20100
-21300
-18100
-19800
-23600
-13200
-18400
-26600
-32600
-30600
-44800
-44700
-49000
-57200
-66800
-59200
-64200
-68300
-53300
-52300
-45700
-42100
-25100
-29700
-27200
-23200
-26800
-32600
-34900
-34300
-43400
-40400
-50400
-48200
-54200
-46900
-52400
-51300
-50300
-54000
-48600
-51700
-49300
-52300
-41700
-42400
-40400
-42200
-36700
-34400
-35900
-31000
-32600
-25200
-27100
-24900
-22700
-18200
-19500

-18800
-13400
-13700
-11700
-12700
-5100
-9500
-7200
-5000
-3100
300
-2400
0
1200
3400
300
6500
8900
9100
7500
8800
16200
12900
20000
17300
25000
23600
24500
26100
28900
37100
29400
26900
21500
21000
8700
13800
8700
11200
12500
4900
12400
10800
19000
15700
17500
16800
16600
17100
16000
14900
9600
7300
-200
-700
-2900
-5600
-3800
-9200
-15500
-22700
-15900
-17100
-16100
-16300
-19800
-21600
-23200
-15400
-20200
-11000
-14400
-19300
-23400
-18300
-23300
-27400
-21800
-35200
-41300
-48500
-46200
-62900
-56700
-57800
-66200
-66600
-58600
-51700
-50000
-28600
-30600
-25200
-32600
-18000
-31100
-32300
-28500
-43000
-34700
-46300
-43400
-50900
-47300
-54400
-50700
-51400
-51700
-51700
-51300
-44100
-52500
-47400
-46300
-40500
-40900
-43000
-37000
-34200
-32700
-35700
-26900
-26400
-24800
-27500
-19400
-18300
-21500

-15600
-15600
-10300
-15400
-9500
-7100
-6700
-7200
-4900
-1900
-4500
-1500
-3600
4900
900
5700
5500
8000
8000
8000
15800
13600
16200
15200
18500
19900
29000
26000
26300
32500
27200
29600
22000
29300
21800
15100
9200
5600
10500
7800
12500
10100
16600
15000
16100
18700
18300
21800
14600
17100
8900
10300
5300
8700
2400
-4900
-8100
-12300
-7600
-17900
-11100
-16700
-17700
-22500
-20400
-18600
-17700
-13000
-22100
-17900
-20200
-13000
-21600
-13300
-17000
-24100
-25400
-30100
-33400
-40500
-36800
-53800
-57700
-60200
-60800
-67700
-60400
-49500
-57900
-45400
-40300
-25700
-26700
-21300
-23200
-29200
-30900
-35100
-37900
-40400
-40000
-51200
-43200
-49900
-53000
-51200
-49200
-47700
-59300
-49600
-46600
-48500
-50900
-43000
-39700
-41400
-40400
-38000
-30500
-35800
-31200
-30900
-25400
-26600
-24200
-18000
-20800
-18400

-18200
-10700
-14300
-11100
-10700
-5900
-7100
-7100
-3100
-4200
3000
-4300
400
300
5600
3600
5100
9700
9100
11300
7600
17900
14900
21900
17900
22000
28100
22000
30100
28400
36600
28100
26700
20600
18800
17400
9900
11400
8200
11800
6000
12900
13600
20600
16700
18300
17200
15500
21000
14600
16100
10100
7400
2000
1800
-2900
-4200
-3900
-13500
-14000
-20200
-17200
-17500
-13700
-18600
-22700
-18400
-18700
-19000
-19000
-9800
-18200
-19400
-19100
-17900
-23200
-20800
-25600
-38400
-38800
-44100
-50300
-57700
-53800
-62200
-69800
-61100
-58500
-52900
-42500
-32300
-31300
-23900
-26000
-25200
-25600
-31400
-29500
-41200
-35400
-45900
-45900
-44600
-46100
-51100
-51500
-48800
-52800
-51400
-52000
-44500
-52700
-45800
-44500
-42100
-40900
-41900
-33800
-36300
-32800
-32500
-27000
-27300
-24400
-24000
-21000
-17700
-19100

-15300
-15900
-9300
-13000
-11300
-6300
-5600
-5700
-6600
-500
-2300
-1500
-2900
6700
2900
3300
5400
6100
15900
8500
17100
12900
20000
15200
21500
25100
27800
30200
27100
34100
27500
31600
24900
25300
21600
15400
10600
3600
14100
8900
11500
9500
14300
18000
17900
20300
19800
21000
15400
14200
10200
12600
8400
5700
3000
-5600
-7000
-10000
-8900
-11300
-14900
-18600
-19700
-18800
-20400
-18000
-15400
-16400
-21700
-17500
-14800
-18500
-15400
-14700
-17000
-25300
-21000
-30300
-34300
-35800
-41500
-54500
-56000
-56000
-63800
-61200
-61200
-53300
-57100
-42400
-37700
-27300
-19800
-27700
-21200
-29800
-27300
-38800
-33400
-38900
-41600
-46900
-44400
-48100
-54100
-46500
-53400
-49400
-55700
-47800
-48600
-47900
-47500
-44500
-38200
-42100
-41700
-37000
-30400
-35800
-31100
-28900
-24600
-23700
-24500
-19600
-19700
-15800

-17600
-12900
-10100
-11000
-10600
-7300
-3300
-9400
-2400
-1800
1000
-5000
2200
4400
2700
5700
5000
11100
8700
11000
8600
17600
19100
18900
18900
23400
28100
21800
32300
29700
33400
28600
24600
24200
20200
19300
10500
8700
8800
11500
7800
12000
15700
18000
18400
15600
20600
17300
20800
17200
14400
11300
5800
5200
1200
100
-4900
-9000
-12700
-12900
-17300
-14600
-11800
-17900
-18700
-21700
-16800
-20000
-14700
-12700
-17500
-16300
-15400
-15100
-22700
-14400
-23400
-30200
-35500
-34700
-45400
-50900
-49500
-59900
-61200
-68200
-60800
-59600
-45800
-43100
-37500
-28200
-23300
-25600
-24700
-19500
-34600
-31200
-38800
-33900
-46600
-46000
-42800
-50100
-48700
-53500
-48600
-50900
-48900
-53100
-44100
-47300
-47400
-43400
-40800
-39200
-44700
-33000
-32900
-33700
-32300
-25500
-24500
-25800
-22600
-21300
-15800
-18900

-14300
-15100
-8500
-10700
-10700
-3200
-6500
-4300
-5300
-1100
-2400
800
700
3600
5200
3200
8000
6300
14500
10200
13800
14000
17400
18800
17700
28100
26000
28000
26000
33300
30800
32200
27400
25900
24300
12500
12400
6200
13900
9700
10800
11400
15500
20800
15900
21900
19000
20800
15400
17500
14700
11800
10800
4500
2400
-6000
-3600
-9500
-6900
-10900
-16500
-17500
-18800
-14600
-20800
-14000
-17800
-17600
-19300
-14200
-17600
-14200
-8900
-19600
-19500
-23000
-19700
-32400
-28600
-36300
-45000
-49300
-55000
-57000
-62900
-57500
-64100
-55200
-55500
-43600
-36700
-23900
-20400
-29000
-19600
-28600
-28600
-36700
-34300
-38100
-41900
-44000
-46200
-45700
-53000
-46300
-52800
-47200
-55200
-48100
-44300
-49300
-45700
-43900
-36200
-43400
-37900
-37100
-31100
-33800
-28900
-28800
-26000
-21400
-26100
-16600
-19400
-15800

-15900
-10500
-11600
-13000
-6900
-7700
-3900
-7800
700
-3200
1500
-300
-900
4900
4600
8900
2700
12300
10100
10500
10400
19800
19500
17400
22000
21100
29800
23900
34000
29900
33500
32400
22800
28700
22000
19700
9500
10900
8500
9300
12800
13900
16500
17300
19600
16100
21900
18600
21900
17100
14000
11200
6400
9200
2300
400
-5700
-8000
-12500
-11900
-14400
-14500
-13000
-18900
-19500
-19900
-14900
-16100
-15200
-17100
-15800
-12900
-17500
-17300
-18400
-15600
-25000
-28800
-32600
-37600
-41300
-47300
-54200
-62200
-57400
-65900
-60900
-54100
-47300
-43800
-38400
-24300
-26700
-25500
-21700
-22700
-32700
-30400
-38500
-37000
-39700
-46600
-42300
-51000
-48500
-52500
-46300
-50300
-50600
-47700
-44900
-47900
-47600
-40600
-42300
-39500
-41100
-33500
-33700
-30900
-28900
-30800
-22200
-25500
-22900
-21500
-14600
-17900

