
Curva de Excitacao - Bobina Girante (Dados Brutos)

Arquivo..............: C:\Arq\Wiggler\Medidas Wiggler - Corretoras\Bobina Tungstenio\Gap24\Translado24_X=4_#025.dat
Data.................: 11/02/2005
Hora.................: 10:02:12
Ganho................: 5
N. de Coletas........: 1
N. de Voltas.........: 10
Intervalo de Análise.: 4 - 8

-14500
-13800
-10100
-13700
-7500
-7400
-5900
-3800
-5300
-6300
-200
200
-2200
2400
2300
5800
1600
6100
11400
6800
14300
13700
15600
9900
18000
17800
25700
27300
25100
29400
27900
33300
21800
33000
23700
26100
16500
14900
16600
7900
11600
3700
7900
12000
18800
14200
18800
16100
11800
10200
7500
12400
9300
6000
2000
-900
-7900
-8200
-5800
-7200
-14200
-12400
-17500
-19600
-19300
-12800
-14700
-16200
-17800
-20900
-19300
-16800
-20700
-27900
-19100
-29300
-28700
-37300
-34400
-48300
-46200
-52800
-59700
-60000
-49600
-48700
-56600
-42400
-42000
-30400
-30100
-17100
-28900
-32500
-29900
-36200
-33300
-40800
-39300
-45500
-42800
-55400
-49800
-54500
-51500
-53400
-53500
-47600
-56000
-50200
-50800
-47500
-49900
-45100
-40600
-36800
-41000
-37500
-31300
-31900
-30600
-32500
-21700
-23300
-25900
-19700
-16000
-17200

-17400
-11200
-11900
-9800
-11200
-5200
-6300
-5900
-3800
-3800
2400
-3100
-400
1100
5200
2300
5300
8900
8000
9400
9000
15100
12900
18800
16000
21300
21600
23400
27400
26200
36700
28200
28000
26400
29500
23000
20400
14300
11100
13200
6600
10400
9800
16600
12000
10100
15200
16400
18700
13200
12900
9800
4800
3500
2900
2900
-5400
-5300
-10100
-10800
-15600
-9700
-13100
-17200
-16700
-21700
-16800
-18800
-12600
-20900
-14800
-20000
-21700
-22600
-22800
-25800
-32900
-29700
-45000
-43700
-47900
-46800
-61400
-56100
-52300
-61000
-48400
-43300
-32900
-37100
-25400
-29800
-22700
-30500
-27000
-33400
-38000
-35900
-49200
-39700
-48000
-48400
-54100
-49800
-55100
-54700
-51900
-51700
-51100
-53000
-44900
-49000
-43000
-47400
-40900
-35900
-41000
-36500
-33500
-29600
-34300
-27600
-24200
-21600
-24600
-19500
-13700
-20200

-13100
-15200
-8200
-12700
-7800
-6300
-5400
-4000
-5800
0
-1500
1000
-4000
4700
400
5000
4400
5700
11000
8000
14000
10200
15700
15500
18800
20500
25200
25600
23800
27600
28300
35700
28000
31700
27100
21200
18700
9800
17300
11300
10600
5300
11600
13500
14500
16700
13700
17100
12700
14900
8700
15100
8500
6300
2300
-4600
-200
-7800
-3400
-12700
-10500
-16700
-13900
-15900
-13800
-15900
-17700
-12800
-24700
-17100
-17600
-12300
-23900
-20700
-24200
-29000
-26900
-33900
-38700
-45700
-42900
-55800
-56200
-54300
-51000
-55100
-52600
-40000
-43400
-29500
-28900
-21200
-26900
-28900
-30100
-34700
-33000
-40900
-41900
-46000
-43800
-55000
-47900
-53500
-53600
-51500
-51900
-49300
-57900
-49700
-48200
-45800
-48100
-44100
-38600
-39200
-39800
-38900
-29300
-34300
-27700
-29600
-23900
-24100
-22400
-18000
-19300
-13700

-17000
-11600
-12200
-7900
-11600
-5500
-4800
-6400
-2800
-4000
2900
-3400
400
200
4800
4700
4600
7100
7900
13400
7000
14800
15000
20900
14600
18000
27400
22000
30500
26000
31800
28900
31000
28300
27300
27600
18300
14400
9900
14800
6800
11800
10900
15800
13700
13300
16700
14300
20700
11900
14000
7000
8600
5600
4600
1500
-5500
-5400
-11900
-8600
-12300
-10100
-16200
-12900
-19000
-21000
-13500
-15000
-16800
-21000
-15600
-20600
-20600
-19900
-22600
-28500
-29000
-34900
-43100
-40700
-45500
-50100
-57400
-55300
-56500
-57000
-47100
-42100
-37900
-32800
-26800
-27500
-23300
-26800
-31100
-30500
-37400
-35900
-47500
-37800
-48900
-51000
-49400
-50500
-52300
-56600
-50900
-52400
-50900
-54600
-44200
-47500
-45800
-45300
-39300
-36900
-41500
-34000
-35100
-27600
-33000
-27800
-25500
-21100
-22200
-22300
-15600
-16800

-13600
-16700
-7000
-9300
-10800
-5000
-3200
-4600
-6800
800
-1400
1100
-1800
4600
3000
2900
5800
5100
14000
8500
12900
9700
18900
16600
16500
23300
23800
26300
23400
31000
28800
36900
28500
29100
27300
25000
23000
9800
18000
10300
9500
6300
12100
15400
15200
17100
13200
16700
13900
15900
11100
15200
7600
3200
2900
-1700
-300
-6500
-5900
-9700
-13400
-16900
-13200
-12000
-16800
-17300
-16200
-17500
-21700
-14100
-15100
-18900
-18500
-21300
-24900
-29000
-24900
-35400
-39500
-42400
-47200
-53300
-54100
-51000
-57500
-53500
-52100
-42100
-39400
-27600
-28700
-25400
-21200
-32200
-25900
-34000
-32100
-44500
-39900
-43300
-46200
-51000
-50400
-46700
-55300
-48500
-55400
-47800
-54700
-48500
-48900
-45700
-45500
-43600
-38500
-39900
-37300
-36700
-30900
-31500
-28700
-30500
-23800
-20000
-22900
-20300
-17200
-12200

-17700
-11800
-8400
-8500
-10000
-6700
-3000
-6500
-1400
-2600
1900
-2500
1300
2700
5200
7400
2700
9300
6800
11700
9600
16600
15600
18400
16800
19300
27100
22800
32200
25200
32100
32400
32100
29100
28000
28900
17400
13700
12500
16800
9400
10300
11100
14800
16400
12200
18500
16700
18500
12100
11600
12400
8700
9100
2300
2800
-4000
-5700
-8000
-7000
-9800
-15100
-12500
-16300
-16400
-17800
-11000
-18100
-16100
-16200
-20600
-17200
-18600
-17800
-26600
-23300
-30100
-34900
-41100
-38600
-47400
-52800
-52500
-57900
-51600
-55800
-45000
-46400
-33900
-31700
-28600
-22900
-21800
-27200
-34600
-27300
-37100
-35400
-46200
-38400
-47600
-52000
-46000
-52000
-50100
-55200
-48800
-52100
-49400
-53600
-43400
-48000
-45000
-43300
-41100
-34200
-41900
-33900
-33900
-29200
-30800
-28500
-22200
-21600
-22800
-21900
-12200
-18100

-13600
-13400
-7400
-9300
-8100
-3600
-5900
-3300
-4300
200
-2100
2300
300
2700
5700
4700
7200
4500
13500
8400
12500
12500
16800
20200
17600
24200
20900
28300
25200
29600
32700
38200
28300
28000
31000
22700
22800
12300
17300
10900
9800
9300
11200
18000
14400
14800
14600
19000
14800
15800
13400
11200
9300
4100
4200
-1100
-300
-6400
-6100
-9700
-12000
-11700
-14300
-11100
-18900
-13900
-19000
-15100
-16500
-14600
-16700
-17400
-16800
-24100
-22200
-26700
-23800
-37100
-36200
-42800
-47600
-48200
-52400
-53000
-58800
-49200
-53200
-36600
-38100
-26400
-29400
-24900
-20700
-29900
-26500
-34000
-31400
-42300
-41000
-42400
-45300
-49000
-47800
-47700
-57900
-49800
-52800
-47200
-55600
-49100
-43600
-46000
-44500
-45100
-37900
-39300
-36200
-38200
-29600
-29500
-29300
-29100
-23600
-19000
-26100
-16000
-17900
-12800

-16900
-10500
-9700
-8000
-7300
-6600
-3500
-5300
-900
-5000
2600
1500
-1300
4500
4200
7900
1800
11000
10400
13300
9400
16300
17400
15900
20600
18600
27600
24600
28600
26000
33400
35300
27300
36000
27300
27200
16400
16600
12900
14700
12900
10900
11500
13600
18800
13000
16800
15300
19600
12800
11600
14100
9200
9500
2800
1200
-4700
-2500
-7800
-6200
-12800
-13000
-13000
-16900
-13700
-16800
-10800
-16900
-15200
-19200
-16600
-14700
-18900
-19700
-23900
-24800
-32200
-31800
-37100
-40600
-44800
-49800
-54900
-59500
-50700
-53000
-48900
-43300
-34200
-30700
-26900
-19500
-23400
-26700
-32200
-28200
-38100
-35600
-45000
-40200
-45500
-50100
-45800
-53200
-49900
-54700
-49700
-51900
-49700
-100
-95300
-45100
-46200
-41000
-41300
-33300
-40000
-35600
-32600
-27700
-28600
-29100
-20800
-23500
-19100
-21800
-13300
-16000

