
Curva de Excitacao - Bobina Girante (Dados Brutos)

Arquivo..............: C:\Arq\Wiggler\Medidas Wiggler - Corretoras\Bobina Tungstenio\Gap24\Translado24_X=7_#028.dat
Data.................: 11/02/2005
Hora.................: 10:09:25
Ganho................: 5
N. de Coletas........: 1
N. de Voltas.........: 10
Intervalo de Análise.: 4 - 8

-18600
-11500
-16800
-11400
-11400
-6100
-10700
-6500
-3200
-4700
-3300
0
6300
-1500
5400
4600
4500
10900
13900
11500
17300
22000
15100
19800
20800
28100
28400
28600
31900
23000
19800
9000
9100
6500
8500
4900
7200
15100
14000
16900
18900
25000
21000
27600
26700
31500
31300
20800
22900
14300
14100
5400
7000
2100
-5000
-12600
-17300
-17200
-23800
-18000
-28900
-18400
-28700
-29500
-30300
-21100
-20500
-23500
-11400
-23300
-16800
-15900
-8300
-19200
200
600
-14900
-12700
-11100
-21800
-37300
-22800
-45700
-53800
-53900
-58600
-79400
-75800
-73500
-86300
-73500
-62600
-50500
-52200
-23600
-27000
-26400
-18100
-23400
-27700
-33200
-29200
-45100
-41700
-44300
-39800
-46900
-47000
-46100
-49600
-42700
-54000
-46800
-42100
-38900
-44700
-38900
-34400
-38500
-34600
-32900
-28000
-31100
-25100
-25300
-20000
-21000
-21500

-13600
-16800
-11700
-15600
-5800
-9000
-9900
-6700
-2100
-3300
-3400
2100
-2700
5100
2500
7000
7200
12100
13800
6600
16500
20400
20100
20500
27100
26600
25200
24800
24900
29000
20500
17200
7000
11000
3900
3900
8200
10600
19400
13400
24400
23900
27400
24300
28000
27200
25200
23800
21700
26100
9300
10300
-300
0
-6900
-10100
-13200
-19000
-15500
-27500
-27100
-25600
-19800
-31300
-20500
-23300
-26400
-24300
-17300
-16000
-17800
-4200
-16100
-11700
-6700
-5200
-15800
-8000
-7900
-28100
-26500
-29600
-42100
-55500
-49500
-66600
-79900
-69700
-76900
-80200
-72900
-56000
-60200
-47100
-29000
-23700
-23700
-17000
-22400
-31700
-29200
-34300
-36500
-44300
-41100
-44200
-47100
-44700
-49100
-42800
-46600
-48500
-46700
-40200
-43600
-41400
-39300
-35900
-34100
-37400
-28500
-30700
-25900
-28600
-24100
-20300
-20400
-19600

-16200
-13400
-17000
-10600
-11700
-5100
-8700
-5400
-2700
-4000
-200
-3000
3800
4400
6600
2200
8900
12200
9600
13600
16100
22800
14600
25200
23800
27600
30300
25200
29000
20700
25100
10800
12000
9800
8100
2300
8000
12100
12900
21300
20900
28100
20900
30200
26800
28000
27900
22600
23700
16700
15800
5800
7300
-1400
-1800
-14300
-16400
-16900
-18500
-21400
-27300
-17900
-27000
-26700
-27600
-20100
-24400
-20100
-17100
-20800
-15300
-10300
-9500
-11500
-1300
-10700
-10800
-8300
-12700
-23400
-24800
-27700
-49300
-48400
-53300
-67200
-72600
-71800
-78500
-84200
-69100
-62900
-56200
-42900
-23400
-27800
-24900
-17700
-27200
-25100
-30100
-33000
-41000
-40200
-41500
-42700
-43300
-47400
-46300
-47000
-41400
-51500
-43700
-42800
-41100
-42100
-42900
-33300
-36100
-31500
-33500
-27800
-28300
-25300
-25900
-18600
-20100
-21400

-12900
-15000
-12700
-15400
-5300
-8000
-8200
-6800
-3000
-400
-2800
800
-700
7700
2200
6200
10400
12100
13000
7800
20900
17100
21700
21400
27500
28000
28500
26400
24800
30800
19800
17300
5400
14100
5900
4500
9000
10900
17500
16200
23300
23200
28200
26900
29800
25900
27000
25100
21000
21400
13400
11900
100
2600
-5600
-11800
-14300
-13700
-18400
-27200
-24000
-21800
-25500
-26000
-21300
-24800
-25800
-20300
-18100
-18100
-12100
-10000
-14400
-9400
-2100
-11600
-8900
-6100
-15200
-24400
-23200
-31900
-44200
-47600
-52700
-70200
-74300
-69500
-83900
-74600
-69000
-62500
-60000
-42600
-27100
-29200
-18300
-20400
-23600
-30500
-26500
-37500
-34700
-40300
-42900
-42900
-45200
-43900
-52000
-41600
-44600
-47900
-47500
-39600
-39400
-44000
-39600
-34100
-32400
-37600
-30100
-29000
-26200
-28300
-23100
-18200
-22500
-18900

-16400
-12700
-17100
-12100
-8300
-6000
-8700
-6400
-800
-3300
-500
-2900
3900
4900
4500
5400
9700
12500
10800
15600
15100
22500
18400
24300
23000
29800
31400
24900
27900
25800
24400
10300
12900
10700
9300
2600
7500
13900
14700
20100
18700
28300
25000
25700
27800
30600
27400
22700
24800
18000
14600
8600
6100
1200
-4900
-11800
-16400
-15000
-18900
-22900
-22200
-22000
-27800
-26100
-21600
-25200
-20600
-18400
-21300
-20600
-10400
-10100
-14700
-2600
-4300
-10100
-11800
-5400
-17800
-19900
-21700
-31100
-44600
-47200
-53500
-70400
-67900
-73700
-81800
-79200
-66400
-66800
-52900
-39000
-29300
-26100
-24100
-16000
-29200
-22000
-30900
-33000
-37200
-39600
-43400
-41900
-41500
-48300
-46100
-45900
-40900
-52400
-42100
-40200
-40800
-41600
-40900
-31900
-36100
-32900
-33400
-26300
-29100
-23900
-23200
-21100
-19700
-19300

-12100
-16400
-12200
-11400
-8700
-7400
-5600
-5800
-3900
700
-1800
-300
300
8700
2700
6200
11600
10900
13800
10900
20200
17700
24300
21800
26100
29300
30100
26700
26100
30700
19700
17700
7800
11900
6500
4900
11100
10500
20100
15500
22700
25100
28800
28200
27700
31000
25200
24500
23000
23400
12700
10600
4200
-700
-3300
-11800
-11100
-17300
-17400
-23900
-24200
-22500
-22600
-22700
-26200
-23500
-21200
-18000
-23700
-13100
-9700
-12700
-13500
-5100
-4000
-12400
-2200
-10100
-16400
-21800
-19700
-35800
-41500
-43100
-58500
-65900
-72200
-69600
-84600
-70800
-72200
-62600
-54800
-41700
-28900
-26900
-15800
-21900
-22200
-29000
-27100
-38600
-32100
-40600
-43400
-38900
-45000
-43800
-51000
-42200
-44800
-46500
-45300
-41000
-39800
-41700
-38200
-36700
-32400
-36100
-27800
-29100
-26000
-26800
-23400
-18600
-21100
-16200

-17000
-12200
-14700
-10100
-10300
-3400
-5500
-7800
-1900
-2100
2100
-3900
4900
6300
4800
4600
10200
14100
11000
14600
17000
22200
18400
22700
24700
30300
32100
24200
30100
25800
23400
12700
12000
11000
7200
6600
6800
14000
15000
22000
21100
26400
26500
29400
29700
27500
29200
22900
24500
17500
15800
10300
6000
3600
-4800
-10700
-16200
-12700
-20500
-18700
-24800
-22600
-24700
-24200
-23300
-24400
-15900
-22100
-19700
-17700
-9100
-13600
-8900
-1800
-9600
-8000
-6300
-7300
-20300
-13000
-23800
-34300
-41600
-44200
-57000
-68600
-63100
-76900
-80600
-77400
-66100
-65000
-50100
-41400
-32100
-22900
-21700
-16600
-27100
-20500
-32200
-32400
-35100
-39000
-43500
-42800
-39500
-49300
-46400
-45400
-38300
-49400
-43800
-39600
-39800
-40100
-42700
-32200
-34800
-32800
-31700
-26000
-27100
-23900
-22300
-20100
-16800
-22300

-12700
-15200
-10500
-13700
-7600
-4300
-8000
-5700
-2300
3800
-2600
-400
2500
6600
3600
8400
11800
10400
15000
11000
19000
20800
23000
22100
25700
31400
26900
28300
27700
30700
20800
17700
9800
10100
9400
6600
8900
8500
21500
16600
22800
27100
29500
29300
27200
30300
24900
28600
22100
24200
15300
9500
3500
1700
-1500
-12100
-9500
-18400
-16900
-26100
-20200
-24300
-22000
-20500
-26800
-23200
-20700
-18500
-22000
-11100
-13000
-11700
-10300
-4900
-6700
-8800
-2400
-13600
-13700
-17700
-21000
-35100
-38200
-44800
-61600
-64300
-70100
-71400
-82400
-70300
-73200
-64400
-52100
-41900
-25700
-26100
-17000
-23000
-23600
-26200
-25700
-35100
-33300
-39500
-43300
-37500
-44100
-44700
-51000
-41000
-43100
-48800
-45300
-38500
-38300
-43900
-36700
-34000
-32200
-36900
-27900
-27500
-28100
-23700
-22500
-18400
-21300
-15400

