
Curva de Excitacao - Bobina Girante (Dados Brutos)

Arquivo..............: C:\Arq\Wiggler\Medidas Wiggler - Corretoras\Bobina Tungstenio\Gap24\Translado24_X=16_#037.dat
Data.................: 11/02/2005
Hora.................: 10:23:45
Ganho................: 5
N. de Coletas........: 1
N. de Voltas.........: 10
Intervalo de Análise.: 4 - 8

-11300
-14900
-14400
-8300
-8800
-9400
-8200
-7100
200
1400
400
100
5000
6400
800
5200
-500
10500
8600
8500
11000
16300
14900
13800
18100
21000
35200
28500
40700
42700
57900
78700
95900
126200
137300
161500
143600
123200
81800
54900
25200
-6400
-45500
-71300
-78500
-87900
-79500
-98900
-91100
-101300
-85200
-81500
-64700
-49100
-47900
-47300
-51000
-37400
-41400
-23000
-32700
-30000
-41800
-46300
-52900
-47100
-44200
-58200
-68200
-81200
-204000
-89000
-83300
-88900
-80600
-80600
-83800
-78200
-51200
-33200
-21500
-2000
15700
55400
83200
116100
118500
143500
144700
138900
124200
102000
59000
9900
-9000
-43700
-69500
-77300
-77000
-93400
-89700
-90500
-91800
-98800
-85300
-80900
-74800
-68500
-61000
-55500
-51300
-41900
-46500
-35400
-35700
-35700
-38200
-29100
-28300
-32300
-26100
-31200
-24800
-26300
-18800
-21600
-19100
-18200

-16000
-16100
-13700
-7700
-11000
-2500
-9400
-4200
-4300
1700
1800
-1100
4700
4000
5500
1700
11000
5300
10200
2900
12300
15700
13500
21700
19000
29500
24200
29200
31600
47900
58400
79400
103500
130200
146600
141600
147500
119300
94900
50800
14300
-12500
-36000
-54800
-77700
-95100
-100600
-98800
-92400
-79200
-80900
-76900
-75100
-63000
-55200
-41700
-37900
-33900
-36100
-37000
-37600
-33200
-31500
-37000
-45800
-56300
-57200
-68900
-60700
-69800
-71700
-85100
-92500
-95000
-89500
-79900
-74400
-61800
-62500
-42200
-29900
13100
27700
57800
75400
97300
124900
143300
155400
127500
138600
95000
64600
9100
-7500
-51600
-69200
-72300
-83700
-85200
-93500
-86100
-99200
-87600
-90700
-79300
-79100
-62900
-60500
-54100
-42800
-52600
-39800
-41400
-31200
-38500
-31200
-30200
-30900
-30400
-29800
-22800
-28400
-20100
-27700
-16700
-20400
-17300

-14000
-14000
-10100
-16600
-7900
-6900
-1400
-8600
2100
-1100
400
0
2600
8800
2200
6100
4300
11100
6100
8700
12100
14000
15400
16800
24900
25600
32100
26600
34300
45000
58300
80600
100800
133800
145700
145200
135500
117700
98100
62100
25700
-15900
-45000
-66000
-79000
-83200
-89100
-92100
-101100
-88700
-86100
-71000
-65200
-57000
-54900
-51400
-39900
-40100
-24800
-35600
-27600
-39500
-38400
-43300
-40800
-46000
-52100
-61400
-77000
-73700
-83100
-69700
-86300
-82000
-93900
-91000
-82700
-68400
-46900
-37900
-13500
-9500
27600
49100
87300
99800
132300
143700
142800
141700
127400
102700
46300
26400
-15900
-42200
-66400
-75100
-83300
-86100
-86400
-97400
-89400
-90800
-87900
-82400
-72600
-66400
-66700
-50700
-45800
-45400
-43100
-34100
-39000
-37900
-32300
-28200
-29000
-30900
-26200
-28800
-24000
-25400
-21100
-17800
-18400
-18300

-17600
-11400
-12500
-10700
-8700
-5100
-7700
-5000
100
-400
3500
-800
4500
2500
5500
6800
7100
10500
5700
9700
7300
18400
14000
19900
20400
28200
31500
24300
37600
42700
63100
74300
102100
128900
147100
154500
141700
123800
86300
54000
13400
-4500
-34600
-53000
-82900
-96000
-95500
-97500
-83800
-88700
-78900
-83500
-65600
-62300
-48300
-44600
-38000
-38300
-38400
-31100
-36700
-27400
-38800
-35300
-50200
-51100
-57200
-57200
-63000
-71900
-78100
-88800
-89500
-85900
-79100
-82600
-75400
-73400
-59700
-44700
-18000
8300
33000
58100
72000
97800
129200
147100
142900
143900
129900
100300
58700
19200
-19100
-46300
-65200
-73600
-86100
-81400
-90200
-94800
-88600
-91200
-88200
-82200
-73400
-68900
-59000
-52100
-46000
-51200
-37900
-34700
-38000
-33800
-35100
-29400
-33300
-26000
-26900
-25000
-23800
-23800
-21900
-22100
-16000
-19700

-10500
-16700
-11800
-11200
-9100
-2600
-6000
-1400
-4400
2800
-800
3300
2500
8100
4700
3400
8600
6800
12000
4400
13400
13400
17500
16000
21000
31000
28900
28100
32400
49700
55700
80400
99500
134000
147200
146300
141600
116200
100700
57900
20100
-19000
-43900
-59400
-72300
-84100
-91800
-100200
-97500
-88700
-84800
-67600
-64900
-59200
-53100
-47600
-43400
-34500
-29600
-32100
-35900
-35800
-38700
-38200
-43600
-46600
-52300
-63500
-72500
-74900
-71600
-81500
-82400
-88800
-89300
-91800
-74200
-64800
-52600
-36300
-24400
-1900
23800
66900
76700
106900
124100
144800
143500
143500
129600
91500
65700
16700
-11200
-49900
-59500
-83300
-79100
-85100
-88200
-92900
-89600
-89500
-92900
-72500
-78300
-67800
-65000
-49500
-46800
-46700
-37000
-40000
-34100
-36900
-30800
-32900
-25500
-30700
-28600
-26600
-24000
-20900
-24900
-16700
-21700
-17300

-17100
-10700
-11000
-10700
-8600
-7300
-3700
-7400
1300
0
3100
-900
3300
7200
3700
6500
6800
8500
5000
9100
9100
17100
16900
17500
24500
25100
31600
25000
37100
44900
60800
79700
100600
134100
145700
154400
141200
118400
86100
56400
24100
-5600
-33000
-65000
-81600
-95600
-93500
-91100
-90300
-87900
-85700
-74900
-72600
-55100
-51300
-41000
-45000
-36600
-34300
-35700
-29000
-33000
-32500
-43900
-45300
-53700
-49300
-62600
-64600
-69700
-81500
-84200
-89700
-79100
-88900
-78500
-82500
-74000
-56300
-30200
-15600
-1600
32200
49900
78000
98400
137600
138800
151000
141700
127500
100400
58000
18500
-21400
-38600
-67400
-75500
-82300
-81800
-90700
-93700
-85500
-95700
-87000
-81500
-70900
-69300
-58500
-50600
-48700
-46400
-41300
-34000
-35900
-34600
-38100
-27800
-28000
-28400
-26500
-26500
-22100
-27400
-22000
-17600
-17800
-19300

-11800
-12700
-14000
-8700
-8100
-3600
-7800
-2100
-2200
1300
700
2400
6000
3900
6000
4600
9600
5800
10500
7900
9500
16400
14400
21000
21300
29000
28700
28800
33400
45000
64400
76200
106600
129300
148000
144300
142600
124200
99200
58800
13900
-13500
-45000
-51900
-76700
-85300
-96900
-99300
-93100
-88100
-75700
-75000
-66500
-62700
-51500
-49900
-34600
-35100
-29500
-34700
-36500
-32800
-37100
-33900
-46500
-46400
-58000
-64700
-68100
-68300
-72400
-79600
-86900
-95100
-89500
-82100
-71800
-67200
-49900
-38300
-28300
0
31800
61100
77700
105400
126300
140600
150700
140600
125400
97900
61800
17300
-12200
-43800
-69400
-76100
-80000
-84300
-92700
-89100
-90300
-88600
-89900
-77000
-77300
-67500
-59400
-52500
-43600
-48000
-40600
-38100
-31900
-34700
-34100
-28400
-29600
-30900
-29800
-23800
-24200
-19900
-22800
-17800
-19700
-18600

-11700
-13900
-8900
-14100
-6500
-6400
-4500
-4300
1000
1500
900
2300
1700
10400
3500
7900
5200
8600
9800
7000
14900
13200
19300
15600
23100
26700
30800
28800
34000
48500
57800
82100
97900
136400
147700
152700
139500
115000
93900
57000
27900
-8400
-38900
-66700
-77400
-89700
-89100
-90900
-92100
-89100
-88100
-75200
-65200
-54500
-49700
-44900
-42900
-39900
-31300
-30900
-31200
-32800
-36200
-42500
-48000
-45500
-49900
-57600
-69900
-73700
-80900
-82500
-83400
-83100
-81300
-87000
-80700
-74600
-49300
-36600
-16000
1500
26900
55300
78700
109300
124100
146300
145500
144500
125700
102500
54700
16400
-11400
-43200
-64600
-78700
-76500
-89100
-88000
-94500
-86500
-93300
-87300
-75100
-75200
-64600
-63900
-50300
-50200
-43500
-40500
-34900
-33700
-36200
-33000
-32000
-24300
-31000
-26300
-27700
-23900
-23200
-22600
-17000
-18300
-14600

