
Curva de Excitacao - Bobina Girante (Dados Brutos)

Arquivo..............: C:\Arq\Wiggler\Medidas Wiggler - Corretoras\Bobina Tungstenio\Gap24\Translado24_X=8_#029.dat
Data.................: 11/02/2005
Hora.................: 10:10:57
Ganho................: 5
N. de Coletas........: 1
N. de Voltas.........: 10
Intervalo de Análise.: 4 - 8

-20000
-13400
-15300
-12200
-12600
-6800
-6300
-8900
-3300
-3500
1000
-3300
3200
3600
6100
6000
4600
14600
14900
13400
17100
24000
18100
20900
21300
25800
30900
22200
24100
10600
14700
4000
900
4800
7700
12600
12300
21300
20800
25400
25100
32000
29000
33100
35300
31500
35800
21200
24800
12100
12600
7000
200
-3800
-10900
-15600
-27300
-22800
-27200
-21900
-34700
-23400
-31300
-34300
-31600
-23800
-20500
-26700
-19500
-27000
-15200
-14900
-6900
-10400
8500
1700
-7100
-3100
-3400
-8800
-16200
-13600
-33400
-38600
-40100
-57800
-71600
-72200
-79600
-92400
-84600
-77500
-77800
-66800
-49600
-43100
-35900
-20000
-23100
-22800
-24700
-26900
-34200
-34500
-34100
-40100
-41000
-43000
-45100
-48500
-38600
-44900
-47600
-38300
-39800
-41100
-44600
-33700
-35200
-32900
-33300
-29000
-25300
-27600
-25700
-24000
-15600
-23100

-16600
-15100
-12200
-13800
-8700
-5400
-9300
-5600
-5800
-400
-1000
1100
1600
4600
6100
5000
11300
10400
18000
10500
18800
21600
20600
25700
22000
30100
24300
23100
16100
19800
12600
8000
1900
3400
11700
6100
17200
15800
29100
24000
26500
29700
30800
37100
30100
33200
27700
27600
20800
21600
11800
7600
-1900
-8900
-9900
-17700
-19400
-23500
-21300
-31100
-31700
-28600
-26600
-31200
-26800
-28600
-28200
-23100
-19100
-21600
-13300
-7700
-12300
-9100
600
800
-3500
3800
-3800
-11300
-13900
-16300
-34800
-35500
-42800
-58800
-71800
-67600
-82100
-89900
-79500
-81700
-78000
-71100
-47200
-45400
-29100
-20300
-24200
-22000
-25000
-26700
-35500
-29100
-41100
-38700
-41700
-38900
-46800
-44400
-38300
-47200
-44000
-44400
-35700
-43200
-39800
-35100
-35700
-34300
-31600
-27400
-29200
-24600
-26800
-18000
-23400
-20100

-17600
-13300
-12700
-14100
-9900
-7600
-5500
-7300
-3600
-3600
1200
-100
-1300
8400
4700
9200
5600
15000
13500
15800
18900
21700
24600
20100
25800
22400
32600
20100
20300
16100
12000
7500
1100
8200
4800
11300
11600
18000
25200
27900
28500
28600
33300
32300
32000
31200
33200
27600
22800
17600
9200
5200
600
-6300
-9500
-18500
-23300
-25200
-22900
-27200
-27300
-30500
-29800
-31600
-30700
-27400
-24200
-18400
-25900
-20300
-16300
-7400
-13600
-2600
100
-5000
700
500
-400
-13100
-6200
-22800
-31600
-38700
-44000
-60200
-65900
-67900
-87100
-85900
-86400
-78200
-80600
-62100
-52800
-42600
-33100
-25000
-20600
-22500
-18900
-34900
-27600
-38600
-35200
-41100
-38100
-40500
-47300
-42900
-43400
-45100
-47200
-39500
-40800
-40300
-41300
-34400
-33000
-35500
-29600
-32600
-24700
-27300
-23900
-21400
-19400
-18000

-17900
-11700
-14100
-10500
-12900
-4000
-6500
-6500
-4000
-700
3000
-3600
2500
5400
7400
3800
9900
12400
15200
14500
13700
22700
22500
24600
22300
27800
27400
21300
19500
16800
16900
6500
3200
3100
9900
10800
13500
17300
23600
31300
25600
31100
31600
36000
31000
30600
33300
26300
26600
16000
16000
4600
-2400
-6900
-10900
-15000
-20800
-18700
-27800
-26600
-33700
-26000
-28800
-24700
-27400
-31600
-23800
-25000
-19000
-20400
-7500
-16200
-10300
-5700
-200
-4300
1400
5100
-9300
-5300
-13200
-18500
-34000
-32400
-44900
-62300
-63100
-72200
-82700
-87500
-77300
-86000
-76700
-69100
-48600
-42100
-29700
-20700
-28200
-18100
-27700
-27900
-31000
-29400
-38400
-43000
-39300
-40300
-44000
-46500
-37300
-46600
-43500
-42900
-38000
-39500
-42400
-33300
-34600
-32000
-34400
-30100
-26500
-24400
-25300
-21100
-17300
-21800

-15500
-15500
-10100
-15700
-9400
-5200
-6100
-6800
-4300
1600
-2200
500
600
7100
4900
7300
11400
10600
17600
12600
19000
19100
25500
21200
22800
28800
27700
23500
17600
18300
10500
9200
1500
6800
9700
9500
15700
14700
29400
25700
28300
27500
33600
36200
32500
34900
29600
31400
19600
19900
11900
10600
-2500
-4100
-9400
-19300
-19900
-23900
-20400
-30000
-24900
-29600
-29900
-29500
-27500
-26200
-23900
-20200
-25700
-18700
-14200
-9600
-10000
-700
-600
-4200
3000
-1900
-3500
-5800
-7600
-23300
-28900
-33100
-47400
-57100
-66400
-70900
-87600
-81400
-83600
-82200
-71800
-65000
-51400
-47000
-26700
-25100
-21600
-19400
-21700
-31900
-30600
-31700
-40000
-36400
-41200
-39200
-50800
-40600
-39700
-45400
-44600
-40100
-34200
-43700
-37900
-36000
-30400
-36700
-30400
-27300
-26400
-23100
-25700
-18400
-21200
-17200

-16900
-13400
-12600
-12100
-10000
-8000
-3500
-8900
-1200
-2600
1700
-1300
2200
7200
6100
10700
6100
14400
13100
17400
14600
23700
25500
21800
25400
27000
31500
16700
21800
16500
14300
7400
2200
8300
7600
13200
10100
19800
25000
29100
26400
30900
35300
33800
34400
29700
32500
27300
27000
18400
13900
7200
-900
-6700
-11500
-13700
-18400
-22800
-25900
-27500
-28400
-28700
-23800
-26600
-28900
-31200
-23400
-24000
-21600
-14100
-13000
-12000
-11100
-1500
-3200
1600
2600
-2300
-4800
-5400
-11600
-23300
-24200
-37000
-46500
-58300
-62000
-74400
-81300
-80400
-86200
-80800
-76800
-63400
-54400
-33800
-30300
-23900
-23900
-17900
-21900
-31400
-23800
-36700
-35200
-42000
-36000
-41900
-44300
-42500
-40600
-44700
-46400
-38000
-40900
-36500
-42200
-32600
-35000
-31400
-30400
-29900
-24300
-26900
-22400
-24000
-15500
-19400

-16700
-13200
-11500
-9700
-12000
-3800
-7600
-4700
-6900
900
3200
100
4800
4400
9000
5900
12300
9700
18800
13300
18100
23700
23800
25200
22400
30400
25800
25000
18300
18500
13800
7500
4800
4400
11200
9400
16400
17000
27300
28300
27400
31200
31400
38700
30200
33000
30900
30400
25000
16900
14800
6200
300
-5400
-9300
-17000
-20500
-22700
-22900
-23200
-30700
-28600
-30000
-27400
-30900
-24000
-20700
-25900
-21600
-19600
-10800
-13400
-3400
-3800
-3100
-3500
4200
300
-4600
-1600
-14600
-19000
-29900
-32700
-50400
-55200
-64100
-74300
-82500
-84900
-81800
-84700
-68200
-68900
-50300
-44400
-28400
-25000
-20500
-13700
-27700
-27900
-31800
-29800
-40900
-35700
-38700
-41300
-46400
-44000
-35100
-47000
-42300
-44400
-34200
-40000
-39600
-36100
-31200
-31400
-34800
-27400
-26500
-22700
-27600
-18400
-17500
-18800

-15600
-14100
-8200
-16000
-8700
-5800
-4700
-8500
-1200
1000
-1400
2700
500
9400
5400
9300
7300
13800
16500
15300
19000
20800
27900
22500
25800
25700
29200
23200
19400
17400
13800
10800
-1600
9000
8200
13500
12100
17600
29400
27700
30000
29900
33400
32700
34600
30900
31900
30600
23000
21200
12500
10100
-4400
-5400
-7900
-15400
-18500
-24600
-21200
-30700
-26900
-28400
-22400
-27900
-29400
-28300
-25000
-20900
-21200
-12200
-17000
-10200
-11600
-3600
-1600
4700
2800
-3300
-2400
-7000
-8800
-24100
-23300
-37200
-45400
-56500
-66600
-72200
-83500
-79700
-89400
-79900
-76600
-64300
-50200
-37400
-27500
-26600
-21600
-20900
-22000
-30900
-26400
-35700
-37500
-38000
-38800
-39400
-47900
-40000
-43000
-42600
-47100
-37600
-36800
-38500
-39500
-35100
-29600
-35500
-29800
-30100
-22700
-27000
-24200
-18900
-19400
-16500

