
Curva de Excitacao - Bobina Girante (Dados Brutos)

Arquivo..............: C:\Arq\Wiggler\Medidas Wiggler - Corretoras\Bobina Tungstenio\Gap24\Translado24_X=10_#031.dat
Data.................: 11/02/2005
Hora.................: 10:14:10
Ganho................: 5
N. de Coletas........: 1
N. de Voltas.........: 10
Intervalo de Análise.: 4 - 8

-14100
-16600
-12500
-15800
-9400
-6200
-10400
-5200
-4500
900
-4200
2400
3300
8500
4700
7800
8700
11400
20800
11500
23700
19700
19900
12400
13000
16700
13500
11300
2700
6800
2900
7300
4500
18200
24300
28000
33700
32900
38300
32600
41900
41900
44000
47000
45300
47500
40800
26500
13700
4100
-5600
-13800
-16600
-20300
-25900
-37300
-39800
-40300
-39400
-36700
-42800
-35900
-42400
-44000
-46300
-30600
-34300
-34300
-29300
-32900
-25200
-19900
-11600
-19300
8600
10500
10100
9500
27100
18700
12100
19200
1900
-4000
-12700
-18200
-51300
-43600
-61400
-75300
-85000
-84400
-95300
-104800
-83100
-93700
-80700
-66800
-45600
-43800
-29900
-25800
-30500
-25400
-31700
-25100
-37100
-29700
-41000
-35300
-38900
-41700
-41800
-38500
-33500
-42600
-37600
-35000
-31700
-36500
-31800
-29200
-27900
-26300
-27300
-19000
-22200
-20400

-19100
-14900
-14000
-13000
-6600
-9000
-8400
-9200
-100
-4600
3200
900
2500
7300
6500
9300
9900
17900
14100
13400
16500
24300
19200
17200
19800
15000
13400
1600
6000
3900
8400
5900
7100
22400
21500
27600
28500
34900
37800
36800
40300
43000
47600
48000
49000
39100
34500
24600
18200
13100
-5400
-8000
-26000
-24300
-32600
-30100
-36100
-36500
-37800
-43300
-41200
-41000
-32200
-45200
-33400
-42700
-35400
-39600
-26700
-29200
-23800
-12600
-20800
-9300
300
10100
300
23900
23900
16300
17900
19300
4700
-9900
-4500
-32300
-41100
-45500
-58100
-77300
-80300
-84800
-104100
-99900
-89300
-84600
-82100
-59600
-55900
-42900
-31800
-25600
-21900
-30700
-25900
-33500
-31800
-35100
-36200
-37300
-35400
-42000
-41900
-35500
-39300
-39100
-40500
-31100
-33500
-35400
-30300
-29700
-26500
-29000
-24300
-22200
-19300
-21900

-16400
-12600
-15300
-11800
-13700
-4900
-7800
-4700
-4800
-800
1800
-2000
3500
8200
10800
5700
11600
13800
16100
15300
19300
24900
16400
18600
13700
18000
12700
7400
3800
4900
8600
3900
12600
17600
27300
24400
30800
30900
36700
42000
37600
47200
42800
50300
42800
47400
37700
28700
17100
2800
-400
-13400
-13100
-26600
-25500
-38000
-38500
-39700
-34900
-37400
-42500
-37100
-43100
-40100
-41600
-33500
-35900
-29500
-33100
-33000
-23700
-15000
-15800
-8400
5000
3000
11000
19200
21800
15000
24800
16100
-100
-400
-9400
-29700
-40400
-45300
-62300
-78100
-74800
-89600
-98000
-99500
-87900
-92300
-79200
-59300
-54400
-36500
-33600
-26000
-28300
-25000
-28300
-29600
-28800
-35400
-38700
-39600
-32000
-42900
-39200
-39100
-35100
-38100
-39900
-31900
-34000
-32100
-33900
-27800
-29800
-24800
-25000
-19900
-19700
-22100

-15500
-15100
-11900
-14800
-6800
-7400
-8500
-6900
-3100
2500
0
2300
400
10500
5000
8500
13500
16100
18000
11900
21000
18200
23200
17200
17600
14400
13300
6100
2000
8500
4400
7900
5500
22200
25300
28400
31800
32800
39800
34800
39900
41600
52100
50100
47500
41700
35500
26900
17800
10200
-2300
-9400
-23200
-24800
-27900
-32400
-35000
-35500
-38800
-43300
-40600
-38400
-39400
-36600
-37700
-39500
-37400
-31200
-30600
-28700
-20400
-20500
-16900
-7400
5000
0
14800
19800
17400
18500
22300
14200
2800
4800
-15600
-30100
-38500
-39400
-70000
-69600
-78300
-91600
-99600
-97500
-86800
-92300
-71300
-66600
-53500
-42300
-28800
-30400
-20800
-23700
-33800
-29200
-32300
-28300
-43200
-33000
-37300
-40600
-40600
-37700
-34800
-40200
-35500
-35900
-31900
-36600
-29600
-28300
-26800
-25900
-26400
-18200
-24100
-18100

-17200
-12600
-14400
-12600
-8400
-7700
-5000
-8400
0
-3900
2500
-800
5400
9300
7300
7800
9400
17800
13600
18800
17200
22700
19500
17600
16900
16800
15600
3600
6200
3400
9400
5600
11700
20700
24900
29300
27200
33900
38600
39700
38300
44500
48700
47200
46400
44600
38700
26300
17000
5700
-2400
-7400
-19200
-20300
-31500
-33300
-39500
-35400
-36600
-38600
-38000
-41700
-39100
-41300
-34700
-41500
-30200
-31700
-34900
-33700
-19200
-16800
-18500
1600
-1900
3400
9000
23100
14200
24400
24200
9100
8700
1000
-13000
-34000
-30800
-49900
-65400
-69300
-76700
-91600
-95700
-93400
-98300
-87000
-78300
-61300
-54700
-33300
-32100
-32700
-20000
-27200
-28800
-28100
-27500
-39100
-39000
-34500
-34200
-41500
-40200
-34700
-37600
-38300
-40200
-33600
-32600
-32500
-31500
-27900
-26400
-27000
-21800
-22600
-19200
-21000

-14200
-15700
-11600
-10400
-12100
-3900
-7500
-4400
-5300
2800
2100
-700
5200
7500
9500
6600
15400
14000
17700
14900
18600
23200
20200
22100
13600
20600
11500
5400
6900
7900
6300
5700
14200
15500
28200
26800
34400
30600
38700
41000
37300
47500
46100
54200
43600
43500
34000
28600
20100
9200
1700
-14000
-18900
-27000
-25000
-36200
-31700
-37600
-38400
-40100
-41200
-35500
-39800
-34700
-42400
-37900
-34100
-31800
-33500
-24400
-18600
-24500
-14800
-3500
2100
2400
18500
14000
17200
26100
20800
10800
8600
5000
-20000
-26000
-31800
-48500
-63300
-67700
-80100
-95000
-91200
-99400
-90800
-85400
-73600
-67200
-54100
-34600
-35700
-24900
-21600
-22900
-32000
-26000
-32000
-35000
-35400
-36800
-33900
-43200
-37000
-39900
-33500
-37700
-39100
-32700
-32300
-32000
-33200
-25100
-28000
-25700
-26300
-17800
-19500
-19500

-15000
-14700
-9800
-14200
-9300
-6000
-3500
-6400
-2700
2700
300
1700
2900
10900
6200
9700
11900
14500
19000
15900
23200
18200
23300
14600
18600
17300
16400
7200
5200
8300
3600
9500
7600
22500
24200
30700
31900
32500
41000
37500
41700
42000
50200
49200
48200
44300
38800
27700
14700
9800
-1900
-8000
-18700
-20200
-29600
-35900
-35300
-36500
-34900
-38600
-38500
-42400
-38600
-36800
-38600
-33300
-31300
-35900
-35800
-25300
-22000
-19400
-8900
-2900
-1000
5000
17400
12700
21200
26900
18800
9800
14300
2500
-20900
-22800
-36500
-49100
-65400
-64000
-83600
-88600
-90300
-99700
-92800
-86500
-71700
-68200
-45600
-38800
-33900
-31300
-17600
-24000
-29200
-23400
-32800
-34300
-40700
-31800
-37800
-38100
-39800
-36600
-34700
-37100
-37200
-35900
-27400
-35800
-29600
-28400
-25900
-25300
-23200
-16900
-21100
-17700

-15900
-11700
-14000
-9900
-8900
-5900
-6100
-6400
1900
-800
3300
-800
6400
6700
8600
11600
12300
18600
16200
17700
15100
26700
21500
19800
15800
17500
17400
3300
7600
3700
9600
5900
10700
22600
26900
32400
28100
35200
35700
40500
39400
48100
48800
50600
48500
40400
37600
27100
21700
9700
-1100
-11000
-21800
-21600
-27000
-30100
-35300
-37600
-40300
-38800
-38300
-39600
-33300
-37100
-41100
-41200
-30300
-34600
-29000
-23900
-23100
-19700
-14600
-900
-3500
11700
11500
15000
20200
27900
19200
12000
14900
-5600
-14700
-24900
-33500
-54300
-57600
-66900
-82400
-89900
-94400
-98100
-92900
-78800
-79700
-64300
-52200
-36100
-33300
-25600
-17700
-31300
-27400
-30400
-27200
-36400
-33900
-35900
-36700
-37800
-40500
-35900
-37400
-35300
-40200
-30500
-33300
-32800
-28900
-28000
-24600
-28100
-21600
-22600
-18300
-18900

