
Curva de Excitacao - Bobina Girante (Dados Brutos)

Arquivo..............: C:\Arq\Wiggler\Medidas Wiggler - Corretoras\Bobina Tungstenio\Gap24\Translado24_X=13_#034.dat
Data.................: 11/02/2005
Hora.................: 10:19:00
Ganho................: 5
N. de Coletas........: 1
N. de Voltas.........: 10
Intervalo de Análise.: 4 - 8

-12100
-15700
-10000
-11900
-8700
-9400
-8400
-4300
-2000
5900
-1200
3500
4500
10200
3900
7600
7300
12600
14700
8200
14400
7200
7700
2100
4100
5600
15300
16800
21500
30200
25000
32400
24800
32300
38600
54000
64600
77600
86900
83600
92700
81800
69000
50700
30400
12000
1200
-22200
-36000
-50700
-55300
-59600
-56500
-50600
-50500
-56800
-59000
-56200
-51100
-46000
-46000
-41400
-53100
-53600
-57300
-45700
-45800
-45500
-54400
-58600
-52800
-52200
-46900
-40300
-16900
-18900
-9300
-4400
21400
34600
46100
57300
60900
84600
74500
69400
37500
39700
-1000
-17100
-36100
-49000
-63900
-74900
-73400
-93000
-95300
-102800
-98200
-102200
-85200
-82200
-72100
-63200
-52100
-37300
-37000
-29000
-40600
-31500
-32600
-33200
-38200
-29100
-28100
-36900
-33900
-31800
-25900
-34800
-27600
-29700
-25700
-25700
-22800
-17600
-21100
-18300

-18800
-13200
-14700
-8900
-9300
-4600
-6900
-7500
1900
-3500
5400
1000
8100
6200
7500
9300
11500
12600
10300
10400
6800
11800
7000
7000
5400
9800
13300
8400
21900
26300
33700
29100
31200
38600
39700
45500
56700
72700
89300
93700
88800
84100
70200
53800
37600
6100
-6800
-29400
-33400
-39600
-49200
-53900
-62900
-57000
-63200
-49800
-51400
-45600
-53700
-50200
-51500
-50400
-41000
-47300
-44700
-60800
-49800
-59300
-49000
-51400
-42100
-47000
-52100
-39300
-35600
-15100
-10500
13800
12300
34100
41800
63000
69400
76500
73900
57200
57300
30000
7200
-24200
-26400
-54800
-64300
-71300
-78200
-89000
-98800
-96300
-106200
-95300
-92900
-77800
-64800
-59700
-52600
-47600
-33800
-36500
-33600
-30900
-25900
-38800
-35500
-32600
-31900
-30800
-35800
-28600
-32500
-30300
-29200
-27200
-24200
-24300
-23400
-22600
-19200
-19800

-13600
-14100
-10100
-13200
-11400
-4100
-6400
-3200
-2700
1300
800
1700
4500
10800
10700
7300
11500
9600
13600
8300
11300
10400
7800
7400
2400
13200
12100
13900
17400
29000
29700
30900
32600
36800
44000
44000
61400
68700
88800
93500
93000
87400
68600
53600
24500
15200
-4900
-17200
-38800
-46600
-53400
-55700
-51400
-55300
-52600
-61000
-54700
-55800
-42200
-48700
-44500
-48800
-50600
-47700
-52500
-44400
-48600
-49500
-60200
-53000
-52500
-44100
-41300
-33200
-30400
-27800
-8600
2700
20900
36000
52200
53200
70000
78200
72400
60700
52900
31400
3200
-11600
-33600
-54000
-61800
-72700
-75500
-92000
-94700
-101300
-102200
-92000
-92200
-81400
-72300
-56900
-52200
-37600
-37600
-34600
-36700
-31800
-29900
-35300
-29800
-33600
-31000
-35700
-33800
-32600
-25800
-28700
-31100
-25700
-26700
-22900
-25700
-16500
-19100
-19800

-16000
-13900
-10300
-14000
-7200
-7000
-4600
-8300
1400
2500
2400
3600
4400
10700
4400
10700
11000
14300
10400
9700
10300
8800
10100
4300
9500
6900
15900
12000
19700
26700
30300
35000
28100
40100
40300
50000
54800
75000
88800
91400
90500
81800
75900
55800
33400
5500
-7800
-24300
-31700
-41500
-48400
-55700
-62500
-58600
-55200
-50900
-49700
-51100
-50500
-52700
-49100
-44700
-45200
-45300
-52500
-51600
-52900
-51200
-51800
-46200
-50900
-53000
-45400
-37800
-28400
-19900
-1400
100
17700
30000
52700
56300
74400
77300
68800
65200
51800
33600
-800
-9200
-38700
-48100
-64900
-70500
-80600
-86400
-95300
-103100
-99500
-97500
-88700
-84900
-60800
-62200
-51500
-43300
-35400
-32900
-37200
-26600
-32200
-32800
-37100
-29700
-32000
-31300
-34000
-30000
-26400
-33500
-26400
-27300
-22400
-27700
-21500
-20000
-19200
-18400

-14500
-11100
-15000
-10700
-10800
-2300
-7800
-3300
200
-900
4500
400
9300
5000
11200
7600
11300
11700
13200
11800
8400
12700
6000
9300
2800
13000
13100
12300
21000
25500
35000
29400
30700
35500
45000
47800
58400
73500
89200
94300
89700
86400
67800
54200
31800
14200
-2900
-25000
-35100
-48600
-51500
-51900
-52900
-54800
-59300
-54900
-55800
-48600
-47900
-42300
-50700
-48500
-49500
-46200
-48100
-50100
-45500
-55800
-52100
-56200
-47300
-46100
-38100
-37500
-34700
-20900
-8600
10300
17700
41500
40800
61400
67200
79100
69000
65800
56600
26300
10000
-18100
-32000
-55900
-56600
-75500
-76900
-86200
-97000
-100700
-102200
-90800
-94600
-80000
-69100
-57800
-50300
-39500
-35300
-38800
-33100
-32100
-26400
-36200
-30900
-33100
-31500
-32000
-34800
-27900
-30000
-29300
-30700
-24900
-25100
-22000
-23800
-18300
-17400
-20200

-13500
-14400
-10400
-11300
-7700
-4900
-4600
-3600
-2300
5100
1300
4500
1400
11000
8900
8800
12900
11800
14600
5900
12500
10200
11000
5400
6400
13700
11500
16800
17600
30400
29100
32500
29200
38500
45300
46400
62200
71000
92400
88800
92900
86000
75500
55000
28700
9900
-11200
-17700
-33000
-40700
-54800
-55500
-59500
-56700
-52000
-52900
-50200
-55900
-46900
-52800
-42600
-46500
-41800
-48600
-54000
-49800
-51600
-49700
-53000
-46600
-52800
-48000
-44700
-35800
-26100
-17100
-8100
0
22100
33600
49600
59200
72000
74300
72600
68400
49400
30700
7300
-13800
-37900
-46700
-60000
-76800
-74900
-88100
-94800
-104500
-98400
-97400
-88800
-77600
-67000
-58400
-54300
-37000
-38200
-31400
-33800
-31100
-31100
-33800
-32000
-33300
-26900
-32900
-32100
-33100
-28000
-29400
-27800
-26900
-25400
-22500
-25200
-17100
-19800
-15000

-16900
-12200
-12300
-12300
-6700
-3700
-3600
-7400
600
200
4500
1400
7100
10800
6300
10700
9200
16000
11600
10600
9900
10100
8800
4400
10400
8300
16800
10100
23900
24500
32700
34200
30900
40400
39100
51600
54900
76100
87100
98300
91900
83600
71100
52100
35400
11700
-4200
-26100
-34900
-45500
-47200
-50900
-55900
-56600
-57900
-55900
-53000
-48500
-44000
-48600
-50100
-48700
-45100
-46500
-45800
-47600
-50600
-55000
-54000
-48900
-49900
-39900
-43100
-39400
-33900
-18700
-7400
6000
24400
32000
48700
58100
74900
71500
75600
62600
52000
33600
6900
-15100
-35900
-44300
-66100
-71200
-79000
-83500
-99500
-97000
-98900
-95300
-90800
-83400
-62900
-61200
-47500
-43200
-36800
-35900
-34200
-27800
-28100
-31700
-36300
-28700
-33800
-29400
-34900
-26900
-28500
-31000
-27600
-28000
-21600
-26300
-21000
-19600
-17700
-20900

-12400
-12100
-10800
-10500
-9900
-3000
-7500
-1300
0
2600
3600
2700
6200
8800
12400
7100
13200
10700
14700
8700
11500
14200
8200
8300
3500
12900
12300
15000
20700
28300
35200
31100
32000
35200
46800
48900
58200
71600
90000
94900
88900
90200
72900
55100
24500
11100
-3500
-19200
-29200
-45900
-51500
-59000
-54200
-56200
-51400
-53900
-53600
-52500
-49900
-44700
-48100
-40500
-50200
-46700
-52300
-50600
-46300
-48900
-49300
-55600
-47200
-51000
-40600
-37500
-22200
-21300
-11300
6500
20500
38600
45100
63700
65700
81800
71700
66200
50600
33200
8200
-18900
-30500
-52600
-58900
-77400
-72900
-86700
-95500
-100700
-101300
-89500
-91900
-77700
-69700
-57800
-53500
-37400
-35600
-32500
-32800
-31700
-27200
-37000
-29600
-31800
-28200
-34000
-32000
-29000
-28400
-25800
-29900
-25000
-26400
-22100
-24400
-17800
-18100
-17000

