
Curva de Excitacao - Bobina Girante (Dados Brutos)

Arquivo..............: C:\Arq\Wiggler\Medidas Wiggler - Corretoras\Bobina Tungstenio\Gap24\Translado24_X=-12_#009.dat
Data.................: 11/02/2005
Hora.................: 09:21:02
Ganho................: 5
N. de Coletas........: 1
N. de Voltas.........: 10
Intervalo de Análise.: 4 - 8

6800
16400
4600
6200
-4200
-1900
-5300
-14100
-17100
-32100
-24500
-31400
-18500
-27100
-21600
-24100
-14300
1100
14900
41300
47100
68700
60500
80300
74000
82000
80300
69000
64900
40600
26500
6700
300
-9500
-11000
-22600
-16900
-15700
-15200
-5600
-8200
700
-1300
1900
3200
12600
10100
2300
8100
6300
600
1300
5000
4800
1900
-2400
-2100
-2900
-8400
-5600
-10400
-8500
-12500
-16600
-13500
-15000
-18700
-23000
-22500
-25000
-27640
-26300
-26100
-32400
-35200
-35200
-40400
-37900
-40800
-42400
-47400
-44800
-46600
-55300
-50200
-59500
-59300
-62900
-61800
-68700
-64300
-54800
-57600
-57100
-44400
-23200
-29600
-5800
-5900
-8100
-20800
-33200
-40100
-61200
-48800
-78600
-84400
-106400
-95500
-100800
-77700
-69700
-69000
-57000
-54300
-47700
-44200
-12500
-18100
-10000
-4100
8200
600
6000
16900
12500
14800
9400

18400
5700
13200
4300
3300
-4600
-12800
-12500
-17600
-17600
-27300
-24600
-37400
-25400
-28200
-11400
-1500
6000
16200
20700
46800
57100
76900
78100
91000
81100
78800
62900
57900
44400
22700
17200
-1900
-4300
-19600
-21700
-14600
-17000
-11900
-12600
-5000
700
3400
2600
9100
6900
3800
4900
8000
11300
2200
4200
2700
500
3100
-2400
-200
-2400
-3400
-9700
-9800
-8000
-10100
-15000
-15600
-14900
-19900
-21600
-21500
-21300
-28000
-28600
-29000
-31500
-30500
-37800
-33700
-40400
-40500
-46000
-45400
-43600
-49900
-50200
-53000
-55100
-66000
-55400
-64900
-67600
-67500
-58600
-55500
-57500
-30100
-31500
-22000
-19200
-6100
-15600
-10300
-18000
-38100
-56100
-80500
-76300
-98200
-76800
-92500
-87300
-89600
-83300
-77300
-58700
-39800
-47300
-31000
-25400
-15300
-21300
2600
4800
6200
7800
12300
15100
10500
19600

11100
14200
4500
7200
-2400
900
-8000
-13300
-15200
-28200
-25800
-31600
-21100
-23800
-22000
-23600
-10500
2300
17200
38100
47100
65500
63100
79900
80800
86400
79500
66600
64000
42600
25600
8700
700
-6600
-13800
-19900
-16400
-15900
-15100
-6600
-6200
2200
-600
2200
7800
8200
9900
2000
10300
5100
3300
4000
4600
5000
2100
-2500
-4200
-500
-4900
-5600
-10400
-7200
-11600
-17100
-11400
-16300
-16300
-22600
-19800
-23200
-27500
-27000
-26700
-30200
-35100
-33200
-38300
-35900
-42700
-39900
-46700
-44400
-50100
-53600
-44400
-59400
-58200
-62600
-63200
-69500
-63300
-56400
-58600
-53800
-40600
-23800
-30000
-4100
-8300
-6800
-24400
-29300
-39700
-54700
-54500
-79200
-84500
-104700
-92500
-99400
-73200
-75300
-69800
-61100
-50900
-45900
-39000
-13800
-18500
-9400
-5400
7300
500
9400
17300
15100
16500
9100

15900
8600
12800
4000
4700
-4100
-11800
-13700
-16100
-16600
-27600
-26500
-34100
-25700
-26900
-10500
-900
5700
14100
25100
46200
59000
75800
79100
87300
82300
78700
66300
56700
45700
22900
16700
-200
-5600
-17300
-20900
-12800
-17100
-11200
-12600
-4000
1500
4000
3100
6400
9700
4200
4800
7500
13300
3100
3300
3900
5000
2400
-4400
1800
-2900
-2800
-11100
-8400
-6600
-11000
-13600
-15000
-13200
-22200
-19100
-20800
-20500
-28200
-26400
-26100
-34900
-29500
-36500
-33400
-41500
-40000
-44700
-43400
-43800
-49600
-50800
-53300
-54400
-64100
-52800
-65400
-65300
-67900
-58400
-55500
-56000
-29800
-31700
-20900
-19300
-4900
-14000
-9000
-24000
-36000
-54800
-78000
-79300
-92400
-78600
-94900
-84900
-88100
-81400
-77600
-55500
-41700
-45700
-33100
-24700
-15400
-17900
700
6800
6400
7100
13600
15600
11600
17100

13300
13800
5600
5400
2000
-900
-7500
-13100
-16000
-27400
-27400
-28800
-21600
-23800
-22800
-20800
-10700
3900
18300
37400
49200
62000
65000
77800
84500
85100
83000
66300
63500
43600
25400
8800
2100
-3600
-14700
-19900
-17100
-14200
-15000
-8100
-2500
2700
500
1300
9900
7800
8900
4300
10700
6200
3500
5500
6100
5900
0
-1300
-3000
800
-6000
-4900
-9000
-6000
-10500
-15800
-13000
-16200
-15400
-23300
-19300
-24100
-25500
-25600
-28300
-28700
-34400
-33800
-37700
-35200
-42300
-39600
-46200
-45900
-48800
-53900
-46400
-57600
-57200
-63400
-60500
-68700
-63100
-58200
-56300
-51900
-40700
-22600
-26800
-5100
-10100
-5700
-23700
-27400
-40300
-50000
-58600
-77700
-86300
-101000
-95400
-93500
-73300
-77900
-68400
-59600
-49900
-46500
-36700
-14400
-16300
-10500
-5200
4700
2500
9700
17000
15400
16000
10900

15800
10900
11900
4800
4000
-3100
-10000
-12300
-16200
-16400
-26300
-26800
-32800
-25500
-24200
-13400
-2100
6600
16500
26500
47400
62400
72500
80700
87400
86700
76400
67000
57100
47600
25600
15000
2000
-5000
-13600
-23800
-13500
-14300
-9600
-13900
-2500
4400
1400
5200
7200
10500
4700
7700
8600
11600
4000
6800
3500
3300
5000
-2900
1200
-2300
-2000
-9300
-7500
-5700
-9700
-12300
-15500
-13500
-18800
-18200
-22500
-19000
-25800
-26800
-27600
-29800
-29200
-38300
-32900
-38100
-40700
-45300
-41400
-41200
-49600
-49900
-52600
-54500
-63400
-52500
-66200
-63500
-65000
-57500
-56400
-52000
-32800
-31500
-19400
-16000
-5400
-12400
-7000
-21100
-36900
-57000
-74500
-77800
-88300
-80600
-95400
-84800
-87800
-79900
-73400
-53400
-43000
-45600
-32500
-24000
-15900
-12600
700
5600
7400
10500
13100
15000
13000
18300

13300
15200
6800
5600
2000
1400
-4700
-14100
-15400
-25000
-25700
-29000
-20700
-23000
-23100
-19100
-8600
5600
19100
35800
50300
63000
67900
77600
86300
84800
82200
66800
64900
43400
26200
12900
1000
-4600
-13100
-17800
-18300
-13300
-13200
-4600
-5200
3600
2800
2500
10500
8200
10200
4700
10400
7400
6300
6200
4300
7500
2200
-2300
-2800
2600
-4600
-6900
-6600
-5800
-11100
-15900
-10300
-15900
-15100
-21600
-19300
-22700
-24500
-25000
-27400
-27600
-34100
-32500
-35700
-35000
-42000
-38900
-44400
-45100
-48200
-51800
-45200
-58200
-56300
-60400
-61800
-68300
-60300
-58300
-56000
-51400
-37700
-26700
-22600
-6400
-8800
-6700
-21800
-26500
-38200
-49900
-58800
-77100
-86700
-100000
-95700
-91000
-71800
-75500
-70100
-58800
-48200
-45400
-35900
-14200
-15600
-10800
-3700
6500
5100
8500
18200
16500
16400
12400

16100
12900
10900
6900
3000
-1300
-10100
-12300
-15500
-16300
-25500
-26400
-29000
-27700
-22100
-13700
1900
5500
15500
28500
47000
64100
74500
82600
86700
85700
78300
69600
56500
48200
26800
16900
2500
-5700
-12700
-20300
-13400
-14700
-10600
-10600
-4100
3600
4200
5500
6600
11000
5300
7700
8800
12800
5600
4300
6700
4400
4900
-2700
3200
-1400
-1100
-8600
-6200
-6100
-10300
-11100
-16000
-13400
-17500
-18700
-20800
-19500
-25900
-25200
-26100
-30200
-30000
-36300
-31000
-39900
-39200
-42700
-41900
-42400
-48400
-49100
-53000
-52600
-60100
-55000
-65800
-62400
-63800
-58900
-53800
-52000
-32200
-29700
-19400
-15900
-6000
-9100
-9600
-21900
-36000
-56500
-74200
-77400
-85600
-80600
-92600
-87400
-85700
-82300
-71600
-53600
-40600
-44300
-33100
-22700
-15800
-13900
2600
7700
6200
9800
12700
17700
12700
18200

