
Curva de Excitacao - Bobina Girante (Dados Brutos)

Arquivo..............: C:\Arq\Wiggler\Medidas Wiggler - Corretoras\Bobina Tungstenio\Gap24\Translado24_X=3_#024.dat
Data.................: 11/02/2005
Hora.................: 10:00:29
Ganho................: 5
N. de Coletas........: 1
N. de Voltas.........: 10
Intervalo de Análise.: 4 - 8

-18200
-9700
-13100
-8800
-10400
-4500
-5300
-4700
-1700
-9200
3300
-2600
800
-2000
4100
4000
1300
5400
5700
10900
7900
15300
11100
13900
13600
13700
23800
21300
26400
21000
31000
26700
25400
30300
28100
33300
23200
20900
16700
17200
10500
10000
4600
10100
14700
10200
16700
10700
13700
6600
7300
8700
9700
6600
3100
1900
-5800
-5300
-9400
-4700
-11200
-7900
-17700
-17200
-17800
-15400
-12600
-17100
-15500
-25500
-19000
-21400
-24100
-30100
-22900
-29900
-37900
-36900
-39800
-46700
-48300
-46400
-56200
-52600
-41400
-42200
-41700
-34700
-28300
-31200
-27500
-24400
-30600
-35400
-36800
-39800
-44200
-38300
-50400
-44800
-52400
-54200
-56400
-57400
-52200
-58100
-52400
-53200
-50600
-54000
-46700
-48000
-46200
-45200
-41100
-35500
-41800
-33100
-36200
-28700
-32200
-28100
-25000
-21800
-23300
-22500
-14800
-16100

-12900
-14600
-8800
-9400
-8900
-6600
-4700
-1700
-6000
-1800
-1300
600
-2000
2900
2100
2200
5400
3900
10700
5300
12000
9300
14100
17500
15600
19700
17600
24300
19200
28000
26700
33300
27100
29300
29400
27100
29000
16700
21300
14100
14600
8100
11100
14000
10400
11500
8100
13800
14200
12900
8700
11300
5300
2600
3600
1100
0
-5100
-6000
-11300
-12300
-9700
-12400
-14300
-14800
-18600
-20600
-15300
-16000
-19900
-17900
-20700
-24800
-30000
-24600
-33400
-31900
-35500
-44200
-48800
-45800
-44300
-57100
-44900
-44800
-45600
-45300
-27200
-30200
-27800
-25700
-30200
-28500
-37900
-30900
-44100
-37900
-44200
-49000
-50100
-48700
-52400
-55900
-51300
-58300
-52800
-58700
-46700
-54100
-51900
-48600
-44300
-43500
-47600
-38600
-37900
-38400
-39600
-29700
-30400
-29100
-29800
-24600
-20600
-22900
-19800
-17500
-14000

-17200
-12800
-9300
-8700
-7800
-7900
-1700
-5800
-3500
-2800
1700
-2100
-800
4200
-200
5900
2100
8200
6300
10500
9900
11600
13000
15200
17300
15000
25700
19000
26300
21000
28600
30500
30300
33400
27800
30500
21500
18500
18100
20000
14200
7900
10100
10300
14000
9500
14000
12500
14200
10500
8600
12100
7700
7600
1600
600
-3700
-4000
-3500
-8100
-8500
-15000
-11400
-17300
-12100
-17600
-13400
-16500
-22200
-19800
-20400
-15200
-26800
-20800
-31700
-32000
-33900
-35300
-44200
-42800
-42400
-53000
-51800
-50600
-39200
-49000
-34200
-33500
-32000
-28300
-27300
-26900
-31400
-28800
-39000
-37000
-42600
-40000
-52300
-46000
-48800
-55800
-51200
-56400
-52600
-57800
-53000
-52300
-53100
-52000
-45700
-44700
-48100
-43400
-40600
-36100
-41300
-34100
-32900
-30500
-28100
-29400
-20800
-24700
-20800
-21900
-16500
-15400

-13400
-11000
-9400
-7700
-11000
-2900
-5800
-1900
-5600
-1500
200
-400
1000
-100
4800
3700
6500
1100
10700
9100
9700
11000
13100
19000
12400
19000
19100
24200
24400
26000
28200
30400
31300
26800
32200
29600
28600
16400
18700
16200
11600
14000
8400
15400
8600
13200
9300
13800
15300
13500
11600
7300
9500
2900
7300
-2600
2800
-5700
-9100
-7000
-9700
-9200
-15100
-8200
-18100
-19000
-17700
-12800
-18300
-18800
-17600
-25200
-22200
-25500
-24700
-34900
-28800
-40400
-44700
-44100
-44800
-48000
-52800
-45400
-50900
-42700
-40600
-28600
-31800
-25100
-27600
-31800
-26300
-34800
-33800
-42100
-37600
-45000
-49500
-44600
-51900
-54800
-56300
-50200
-57600
-54800
-55700
-49200
-52400
-54200
-43500
-48100
-43200
-46900
-37400
-40700
-35900
-36300
-32700
-28000
-30900
-26100
-28600
-16400
-24000
-18600
-18000
-11400

-14700
-14300
-6900
-9800
-6500
-6900
-2300
-6400
-700
-1700
300
1700
-1800
3400
1200
6600
1500
6400
10400
9100
10100
11000
16600
12800
17200
17900
22300
19700
26300
25100
26300
36400
26700
32400
26000
32900
23100
20300
20200
17600
14400
6600
11200
10600
16300
9400
13600
12400
14800
11200
9300
12900
7000
6700
-700
900
-400
-2900
-3800
-6600
-9700
-14700
-12500
-11800
-14400
-17100
-13400
-17000
-21200
-17800
-16600
-21000
-22700
-24200
-31000
-32600
-30800
-37400
-40700
-43600
-46700
-53600
-49300
-48600
-42700
-42600
-38400
-34900
-32000
-23400
-30500
-26700
-27900
-32300
-40300
-37900
-37000
-45600
-47300
-48200
-46400
-57000
-51500
-56100
-54600
-55700
-53300
-49900
-53000
-48200
-49600
-44600
-47100
-41100
-42500
-34200
-38300
-35200
-32100
-29800
-26000
-31600
-22200
-20700
-21100
-23700
-12900
-12400

-15400
-12500
-9700
-6900
-9900
-2700
-5100
-3500
-3400
-1900
1700
-500
600
1300
5600
2400
4300
5500
10100
9700
7700
15400
12300
18500
14500
20300
18500
23200
30700
22100
29300
29800
31200
25200
33500
31400
27100
19600
17900
19300
10400
13900
7100
14900
11000
11800
12100
14500
15900
10500
11700
8900
9100
4000
6300
3100
-1200
-4400
-7300
-4600
-10600
-9300
-11000
-13000
-18000
-17300
-13400
-16400
-14600
-18100
-21100
-23100
-20600
-24200
-26500
-27100
-32700
-38900
-44600
-40200
-48100
-45800
-51700
-48300
-45900
-44000
-34700
-36100
-23700
-30300
-28100
-31100
-24000
-37300
-35200
-36300
-40200
-41400
-50600
-42000
-53000
-51800
-55400
-52200
-54800
-52800
-52700
-51700
-49500
-53400
-45200
-48600
-41000
-45500
-39200
-35500
-38800
-33000
-33500
-27500
-30900
-27300
-23400
-19500
-23500
-19800
-14900
-15700

-12300
-13100
-5200
-9700
-6500
-5800
-3900
-2000
-1800
1100
-2200
1600
-1800
4000
2500
6400
4800
6200
10100
8500
13200
10000
16800
14400
16700
18400
22300
25200
22800
24500
27700
34800
28500
32600
29400
30000
26600
17800
23900
15100
14600
6100
10800
14400
13700
12800
13400
14600
11600
15100
9100
13200
8100
7500
3300
-1100
2000
-4500
-1500
-8100
-8800
-14100
-10900
-10600
-14400
-11700
-18300
-16400
-19200
-16600
-21400
-15800
-21200
-26600
-27600
-31400
-29600
-39600
-35900
-45600
-49300
-49700
-46400
-47700
-44400
-38800
-42900
-32000
-31800
-21500
-31800
-23700
-27800
-33500
-36100
-37200
-35900
-47100
-46200
-50000
-48700
-55600
-47300
-54700
-56600
-52000
-53200
-47800
-54600
-49800
-47500
-43700
-44600
-44100
-37900
-36900
-36900
-38300
-27000
-29900
-27000
-29500
-22500
-21600
-21400
-16800
-16700
-10900

-16400
-9500
-11800
-3400
-8400
-5300
-2900
-1600
0
-4900
3800
300
1200
1400
4800
6000
4300
8400
7400
13800
7800
14500
14300
18700
16500
15400
25300
21600
28200
21800
32700
29100
29600
32700
31500
32900
25900
22900
15200
20300
14200
12400
9000
13600
14000
9500
14700
13500
18000
10700
12300
8800
9800
8100
5200
3000
-2500
-2600
-7400
-4200
-11300
-8900
-12100
-13400
-14500
-16600
-11700
-15600
-15100
-21100
-18600
-18600
-21000
-24300
-26200
-28100
-35500
-36800
-40600
-41900
-47300
-43800
-50900
-52200
-42700
-41200
-36500
-33100
-25500
-29500
-28100
-26500
-25500
-32800
-36800
-34700
-42800
-39900
-51100
-42700
-51000
-51400
-52400
-55400
-51500
-54800
-51100
-54000
-48800
-51500
-42700
-47200
-42700
-45400
-40100
-32500
-39800
-32300
-33300
-25400
-31400
-28200
-21500
-19400
-20500
-21500
-13900
-15200

