
Curva de Excitacao - Bobina Girante (Dados Brutos)

Arquivo..............: C:\Arq\Wiggler\Medidas Wiggler - Corretoras\Bobina Tungstenio\Gap24\Translado24_X=-20_#001.dat
Data.................: 11/02/2005
Hora.................: 09:03:48
Ganho................: 10
N. de Coletas........: 1
N. de Voltas.........: 10
Intervalo de Análise.: 4 - 8

99000
115900
97300
97000
90300
83800
76200
67700
55100
54000
53900
7400
200
-700
-37600
-67400
-70500
-95500
-121700
-123200
-148600
-171900
-176400
-161200
-176700
-161500
-144900
-141000
-99400
-58500
-13700
11500
50700
65000
90200
107700
131300
126400
108400
96300
72600
73200
52700
44200
33000
28100
16700
6000
8100
-600
-600
-4300
-7900
-7400
-1300
-12200
-7900
-6400
-14300
-20300
-14100
-14000
-21200
-17100
-11800
-26200
-27800
-22600
-30200
-31200
-22400
-31300
-39600
-29900
-27200
-46100
-34500
-25400
-42900
-41500
-21300
-31100
-32200
-12700
-16900
-51200
-38700
-28000
-69300
-66100
-76000
-126800
-169200
-149000
-171400
-184400
-150200
-153900
-180900
-141800
-121600
-134900
-113100
-70800
-77800
-78300
-25200
-29900
-45000
-2900
28200
1400
28800
63100
38100
37800
69400
71100
62300
92400
94700
83800
93800
101900
91900
106000
111700
98400

103700
101000
96200
100100
95000
88000
80300
75300
50300
48900
42100
15700
900
1400
-41200
-59200
-59400
-98000
-125400
-134500
-140300
-171300
-171200
-173500
-179900
-162600
-140500
-118500
-96100
-59600
-43200
5000
47000
94000
101800
110300
119600
106900
110600
94000
89600
71100
57700
37400
34100
22800
14500
9900
5500
4500
-6200
0
-6700
-4500
-3200
-14000
-10200
-8300
-11300
-17000
-9800
-12100
-21700
-21200
-17800
-24700
-22900
-18000
-30300
-31000
-27000
-31800
-37000
-29500
-27600
-46000
-34600
-26200
-44300
-33600
-22300
-27500
-43800
-19000
-20600
-36900
-25500
-21000
-71400
-90300
-83400
-130100
-141600
-144900
-164900
-196200
-160300
-159500
-170800
-138000
-118900
-131900
-114300
-74100
-84400
-74900
-34500
-21400
-37800
7600
22600
300
20500
53000
42100
44800
80500
72700
65300
81500
89600
85800
99400
104400
93100
105100
105800
100100

102300
112500
99000
95700
91400
81700
83300
72700
58700
47600
45300
10600
5200
-3400
-38500
-55800
-65500
-93600
-126000
-130100
-147300
-170400
-173000
-165300
-170900
-161400
-144500
-137300
-95500
-61200
-19700
11300
50400
74600
92100
108800
126000
123900
107900
98300
76000
73100
54600
44000
33700
24400
15600
7000
6200
2200
800
-100
-8900
-4300
-3700
-13800
-11200
-3500
-11600
-17600
-14700
-11400
-19200
-19600
-14600
-24600
-24800
-24200
-29700
-26800
-25600
-29700
-39300
-30300
-32900
-42400
-32500
-24600
-41800
-38000
-22000
-34000
-30300
-18600
-14600
-43500
-33700
-30200
-67400
-70500
-82400
-122300
-159000
-149000
-175900
-183300
-157600
-155300
-169200
-138900
-120200
-135800
-113100
-79100
-78900
-75900
-27200
-25500
-36100
-3400
21600
6500
25400
55700
40700
45500
67300
74400
68100
88500
90900
85200
97000
98400
97800
104000
111800
98400

104000
103500
100000
98800
93700
88000
78400
75700
53000
51800
41700
15700
6700
-5400
-39200
-59400
-62000
-97800
-120300
-133400
-141500
-168200
-172700
-170400
-179700
-161000
-144300
-120300
-94300
-60500
-37700
5600
48500
86800
103600
110000
121500
110700
111400
94200
86800
73300
56000
40900
31100
25600
14900
9100
6500
4800
-2100
-3700
-5600
-4000
-2400
-13700
-10400
-6300
-11900
-15800
-12400
-9600
-22800
-19900
-18700
-23400
-23700
-20100
-27400
-31400
-27000
-32100
-33900
-30100
-27700
-43300
-34300
-28600
-42900
-32200
-24200
-25300
-39800
-19200
-23500
-35100
-27600
-27700
-62500
-84900
-84500
-132200
-140800
-150200
-164700
-190000
-160000
-160000
-167500
-136900
-125700
-125100
-114600
-76600
-84300
-69200
-33300
-25500
-34500
3000
23700
3200
25200
49200
47000
45900
73000
73100
68900
81100
89100
91000
97800
103000
94400
105300
104400
103300

105500
107800
101600
96400
92400
82000
85000
73500
60600
48500
39900
14900
2400
-2100
-38500
-52900
-66600
-92400
-125100
-131000
-147300
-168000
-170000
-170500
-170200
-162300
-144600
-132400
-96900
-58500
-23200
13100
47500
79100
93300
111600
122300
121400
111900
95000
82400
72800
55800
41100
36000
24400
17400
6900
7300
4600
-1800
-800
-6500
-3400
-6400
-10600
-8100
-5900
-11800
-15900
-11600
-16200
-17400
-18800
-16600
-23400
-23500
-22500
-30600
-27500
-26500
-28100
-38700
-29900
-31300
-40300
-30200
-28700
-38800
-38900
-23800
-32000
-28900
-18300
-15300
-39200
-36500
-32000
-66900
-65000
-87100
-117500
-156300
-154800
-173800
-180200
-156100
-159800
-163200
-141800
-120000
-136000
-108100
-80400
-74700
-70800
-33300
-28600
-33400
900
16500
11800
25500
54800
40300
48000
67900
72500
72100
85000
92100
86300
97000
96200
98200
106400
111100
102200

102000
104300
97200
100900
93800
89600
79000
73600
54700
50700
44900
16700
8900
-7200
-36300
-59200
-63200
-96400
-120200
-131600
-144400
-161800
-175000
-172400
-178000
-159500
-142400
-120300
-91000
-62000
-35200
3900
50000
86900
104600
112000
120300
112600
107800
98500
86200
75200
55400
42500
31800
24100
17500
9300
10400
2100
-500
-4000
-4900
-4000
-3100
-10300
-10300
-6700
-12100
-12400
-14900
-10700
-20000
-18100
-19500
-22500
-19000
-23000
-25800
-31500
-26300
-33400
-32400
-29200
-28600
-41300
-34900
-28500
-41100
-29200
-25400
-25000
-38500
-20700
-22800
-33400
-23200
-31900
-58600
-86700
-87100
-130000
-136600
-154000
-165900
-183700
-160500
-160900
-169100
-133300
-130000
-123000
-109800
-78600
-81800
-70200
-35900
-29100
-25900
600
23300
6000
24400
45200
47800
53900
72000
72600
68100
83500
86100
93300
99000
102500
94200
105100
105700
100500

107200
106900
104300
94700
93100
83600
83000
73600
61300
52300
37400
18000
3200
-4800
-38300
-52700
-66800
-93900
-119500
-132700
-147000
-168900
-170600
-170500
-166200
-159500
-147500
-131500
-99400
-55000
-25200
17900
48600
78100
92900
110700
124700
117400
113000
96100
85800
69600
56800
41800
35200
26400
18000
10900
4100
6800
-2400
900
-6700
-2300
-3900
-13100
-6300
-7500
-8300
-17300
-11800
-15600
-16100
-19500
-14300
-20600
-25400
-21100
-29200
-23700
-30100
-28000
-35300
-29800
-32400
-38600
-27400
-32300
-35600
-39100
-26800
-31600
-23500
-18500
-18700
-35800
-38700
-33700
-63700
-64800
-89600
-116300
-151900
-156500
-173200
-178200
-157600
-163500
-156100
-141300
-125700
-131200
-108300
-85400
-76600
-60800
-35400
-24800
-34200
300
13000
17600
29000
52200
43300
47500
65700
72300
77000
83700
93000
89200
95000
95800
99100
110600
109800
103000

100700
107800
97200
99800
94800
91700
80500
72000
60900
47500
40300
19000
11800
-9500
-34000
-55000
-68300
-95200
-120100
-127300
-146300
-159900
-173500
-173900
-177600
-160700
-138600
-120400
-89200
-62200
-32500
2500
49800
86500
106000
114400
118700
117400
107700
98200
82500
74700
58400
41600
34200
23100
19700
7200
9500
3900
1200
-4100
-3900
-1600
-4900
-6300
-10000
-5000
-13600
-12200
-13300
-10700
-17300
-18800
-18700
-23000
-18700
-24500
-23500
-30200
-26600
-32200
-31300
-29100
-30300
-37500
-37000
-29800
-39400
-26700
-27400
-24700
-31300
-25500
-22000
-32700
-23800
-33800
-53900
-83100
-92200
-125900
-138100
-152600
-167700
-173300
-165800
-161700
-165800
-135800
-132000
-121100
-104900
-81000
-78400
-70100
-38200
-31000
-20100
1300
19000
10800
25800
43900
44300
55300
68300
76800
70200
83000
84800
93200
99500
102500
99300
104500
105800
99500

