
Curva de Excitacao - Bobina Girante (Dados Brutos)

Arquivo..............: C:\Arq\Wiggler\Medidas Wiggler - Corretoras\Bobina Tungstenio\Gap24\Translado24_X=-18_#003.dat
Data.................: 11/02/2005
Hora.................: 09:08:39
Ganho................: 5
N. de Coletas........: 1
N. de Voltas.........: 10
Intervalo de Análise.: 4 - 8

78400
82300
74600
53240
66100
55800
46800
32700
23000
21700
7700
-17300
-31800
-39500
-75100
-83300
-93500
-115400
-121600
-126900
-130400
-138800
-127600
-113700
-104300
-72700
-42900
-12600
32200
59400
85500
103100
123600
122400
123400
107500
108700
83500
70000
52400
36900
28200
11400
9700
2300
3600
-6700
-1000
-5300
-8000
-9800
-8300
-7900
-5900
-2000
-14300
-3600
-11300
-12900
-17300
-7800
-12500
-22200
-15600
-14400
-22900
-27300
-17100
-32700
-26300
-27640
-30900
-32900
-32300
-31300
-50100
-33300
-44800
-44300
-42800
-27800
-47600
-34400
-24500
-32100
-33300
-18300
-400
-34200
-5400
-19200
-38000
-65200
-62000
-109600
-142800
-132500
-177000
-179100
-165100
-141100
-167400
-128800
-110800
-120100
-100500
-66800
-67400
-70400
-21600
-22600
-25800
8800
30100
11900
21100
53800
41100
46100
67400
73300
63600
80400
78500
73300
85300
82500
78900

82100
81700
68600
72500
64900
55700
46600
43000
27300
12100
2400
-18800
-28300
-42700
-72200
-75300
-90000
-114300
-127100
-127600
-133900
-135100
-128700
-111500
-97100
-72500
-43200
-15400
24600
60900
81500
115600
121100
131000
111900
113700
101900
85900
70900
53200
38800
26800
15500
6500
12300
-6200
-1100
-9800
-100
-6700
-9400
-2000
-7800
-4300
-10600
-9600
-8800
-3600
-16700
-10300
-10800
-15800
-19000
-17800
-13500
-28600
-19400
-24300
-26200
-30300
-25300
-31500
-35900
-31400
-38300
-41400
-37400
-32300
-51900
-34700
-37600
-42600
-39100
-25900
-25500
-36100
-7700
-13400
-20900
-19200
-5300
-50000
-53700
-72500
-108700
-137200
-142500
-153700
-189100
-152500
-162900
-155900
-134100
-108300
-118000
-97400
-66700
-75800
-60600
-22100
-17400
-29000
5900
25400
8600
27600
53400
49000
43200
66800
66700
67800
76300
78600
77500
85100
86500
76500

82200
80900
73400
71200
64900
56300
49000
40100
22500
16000
3300
-15600
-27300
-43000
-70200
-81700
-89900
-115500
-123000
-127700
-132000
-135800
-130900
-108500
-100900
-71100
-45600
-11100
31500
57800
84800
101900
129800
121700
125400
107900
110700
80600
69000
53700
39100
33100
9500
13000
2700
800
-7500
-2100
-4400
-3900
-9300
-7500
-3800
-8200
-2600
-13800
-4200
-10300
-11200
-12200
-12000
-10600
-22200
-13600
-19500
-20800
-24600
-20900
-29200
-26200
-27600
-32100
-32800
-33500
-34700
-45500
-32000
-39000
-46700
-38700
-35000
-41500
-38700
-24600
-30600
-28400
-17000
-3200
-27000
-11100
-17400
-40600
-59000
-68100
-105000
-138400
-140400
-172100
-175700
-161900
-147100
-158900
-131800
-116600
-120400
-93400
-68100
-68300
-62900
-23000
-19400
-24700
8400
21500
14800
26100
51100
44000
49500
68400
69400
66500
76000
80900
74500
84900
82700
79700

83200
80400
75100
70100
66300
54800
48700
39500
29500
15900
-300
-16200
-28500
-42000
-70300
-75800
-90500
-114900
-125000
-129000
-128700
-138600
-124300
-115400
-94300
-76200
-41400
-12600
28500
59100
81500
117100
120300
130800
110700
115000
103500
88800
71400
53600
41400
24100
15000
6700
11400
-4300
-2000
-5400
-2500
-4200
-9200
-1700
-10600
-2600
-8900
-8900
-8000
-3900
-12700
-12900
-10500
-14000
-16000
-19400
-13000
-25400
-19400
-23600
-27200
-25800
-29000
-31700
-33800
-31600
-37200
-39500
-34100
-38200
-47400
-37200
-34500
-43200
-35700
-27100
-26700
-31600
-11900
-10500
-21600
-13500
-14000
-45700
-53900
-74000
-107900
-134900
-139800
-160000
-178400
-160000
-160200
-154500
-130400
-112800
-115300
-93500
-72900
-74600
-59200
-20800
-15000
-22600
3600
17600
14800
29600
50800
48100
49100
62500
70800
67200
78000
77200
80100
83800
82300
79200

81900
83100
71300
73000
64600
58200
47800
40500
27100
14400
2500
-15300
-23300
-48300
-68700
-79400
-92300
-113000
-121800
-122500
-136000
-134800
-131300
-108900
-99400
-71000
-43400
-11000
29700
57900
89900
102700
126000
124200
125300
111800
105400
85400
65100
56900
37500
34600
12500
10300
3600
1100
-3900
-4200
0
-6000
-8200
-8900
-2900
-5400
-4600
-11200
-4200
-8700
-13400
-10100
-11000
-12000
-20100
-15000
-18100
-22400
-21000
-20700
-26400
-28800
-26800
-32700
-31900
-33300
-33600
-41100
-35200
-38400
-45700
-35400
-38400
-42000
-35700
-26500
-28500
-28300
-12700
-10200
-19400
-13100
-16100
-41000
-56200
-71400
-105700
-132300
-145600
-168700
-176000
-156500
-152100
-155500
-131400
-121900
-118100
-92400
-66200
-70000
-55000
-27200
-20500
-24900
10400
23500
17700
27700
45600
46800
49900
66300
67300
72200
75700
78300
79400
85500
84500
79400

85700
78300
74800
70300
65800
55800
49800
44100
26400
17800
-100
-13800
-31600
-43000
-68400
-73600
-91600
-115000
-123100
-130000
-128100
-135700
-123400
-116200
-94100
-74000
-43700
-8500
26000
65300
80300
117200
120400
130600
114100
115100
105200
86500
76400
50900
41300
24500
17400
8000
9100
-300
-4300
-4800
-4500
-2900
-9700
-2600
-6100
-4300
-8400
-8500
-2900
-8200
-11400
-12800
-10900
-15100
-16800
-14900
-14800
-21500
-21500
-20400
-28000
-26300
-27800
-31300
-33600
-30800
-35000
-40500
-33400
-39000
-42700
-38600
-36100
-41900
-36100
-25600
-29300
-28500
-15100
-7000
-18300
-15300
-16500
-42000
-50200
-79000
-101700
-135500
-137900
-167000
-172400
-161700
-161900
-151800
-127300
-113800
-115800
-91400
-74800
-71100
-58800
-21300
-19500
-18600
5500
19400
15800
30600
51100
45800
53300
62500
69100
69400
78800
80500
78400
88100
82600
81200

80400
81500
73400
72600
65100
58900
51400
38200
30000
11700
5400
-15700
-23200
-46600
-68900
-78200
-92500
-109200
-122700
-123300
-134100
-134400
-131000
-110800
-95800
-71300
-40900
-11700
32000
58300
84900
107700
128300
127400
122300
114800
104300
86000
66400
57200
40500
33700
13600
9500
6500
-2300
-700
-5600
-100
-5700
-6400
-6700
-2900
-4300
-5100
-8900
-8000
-6500
-13700
-8900
-11200
-11400
-16600
-18300
-15300
-21500
-21100
-23900
-23800
-26600
-29200
-30700
-31000
-32600
-37700
-38600
-34500
-37000
-44700
-35500
-36900
-41700
-33200
-29700
-23900
-31200
-10900
-10400
-18700
-13800
-18900
-36500
-55800
-69500
-107600
-128600
-149900
-167100
-173900
-153400
-154100
-151200
-131500
-122900
-115600
-91900
-66200
-68500
-53800
-30300
-20000
-18800
7000
22800
15500
33700
46400
49300
49700
67300
67900
71900
76200
77800
80600
84600
86400
77500

85000
80900
76200
70000
66200
59500
47300
43100
28100
18400
-1600
-11500
-28700
-43600
-65800
-75800
-89200
-115200
-121800
-129900
-128700
-134900
-125200
-112900
-94500
-70600
-47000
-6800
25500
66300
83900
115600
124300
126100
119500
111800
111800
84800
73700
52400
41100
27600
16800
10800
6400
2700
-5400
-4900
-3700
-800
-6400
-5300
-2400
-5000
-6500
-9700
-3000
-6600
-10100
-11000
-10000
-11000
-18500
-14500
-16400
-19900
-22800
-21600
-24300
-24900
-28900
-30400
-29100
-34900
-34000
-41200
-32600
-39300
-42100
-35800
-38200
-37800
-36400
-25200
-30900
-22800
-16100
-6700
-18300
-13500
-16600
-40000
-46500
-81500
-100300
-133200
-138000
-166600
-171700
-160600
-161100
-149400
-128200
-110600
-118900
-88800
-74100
-68000
-59700
-21800
-17900
-20200
6600
18600
18800
28100
50300
48300
51900
62100
70600
71400
75200
81500
78000
88800
80700
81600

