
Curva de Excitacao - Bobina Girante (Dados Brutos)

Arquivo..............: C:\Arq\Wiggler\Medidas Wiggler - Corretoras\Bobina Tungstenio\Gap24\Translado24_X=-15_#006.dat
Data.................: 11/02/2005
Hora.................: 09:13:48
Ganho................: 5
N. de Coletas........: 1
N. de Voltas.........: 10
Intervalo de Análise.: 4 - 8

41700
42500
38900
29800
23900
17600
7600
-1800
-13300
-20100
-25300
-36300
-48700
-58400
-74800
-80500
-72900
-69800
-60500
-54800
-48600
-32900
-11500
28700
49900
77600
84600
98700
114600
110600
105600
99900
87900
64300
51100
28100
25700
2900
-600
-6800
-11000
-10300
-19300
-8400
-6300
-1800
-9800
-600
-3300
-1700
-3000
-700
-1100
-3000
100
-9000
400
-7100
-8200
-11800
-10900
-8800
-18300
-10500
-14600
-20000
-24500
-19500
-28200
-24100
-26000
-29100
-30100
-35100
-32500
-45700
-36100
-40000
-45600
-48100
-44400
-52200
-50500
-46300
-56000
-60700
-52000
-39100
-49400
-27200
-12400
-13600
-14300
-10100
-9400
-12800
-11000
-29500
-65400
-102400
-107700
-141200
-121500
-121600
-131800
-133500
-118900
-116500
-103700
-68000
-63200
-59100
-35700
-22900
-27800
-16900
6900
7400
14900
30700
33600
33900
39100
41600
41800
49500
47200
44300

45700
40200
36800
30700
27900
16200
9800
2300
-5900
-21200
-32700
-42300
-52900
-53700
-68900
-63600
-72300
-79900
-75200
-61700
-34900
-21000
3300
18100
44900
60600
91300
104000
119300
115900
98800
103600
79700
72300
43400
35500
21300
9200
-3100
-9400
-8700
-11400
-11500
-14400
-1700
-12000
-4200
-4600
1500
400
-5500
600
-4000
1400
-3000
-4800
-5800
-1100
-9500
-11700
-5800
-10400
-16200
-18900
-12000
-21200
-19600
-19900
-21700
-26100
-31000
-28300
-32600
-31300
-34900
-39100
-37700
-40800
-47900
-43800
-43300
-54100
-52500
-49600
-52500
-58500
-44300
-38500
-47000
-34000
-20500
-17600
-4600
1900
-700
-17100
-29400
-47400
-69300
-70900
-99300
-128500
-138500
-138800
-146200
-123300
-107100
-106200
-98700
-73300
-68900
-64800
-38300
-21400
-22500
-10700
6600
9100
14300
23600
33200
36200
43500
39900
44900
48700
45400
44700

45200
44900
32200
34100
24400
18900
8900
2500
-9600
-22100
-25700
-40100
-44600
-61900
-72500
-74700
-70900
-69000
-63600
-52600
-50400
-28600
-11100
29700
52300
76300
88900
97600
113000
109100
106700
96900
91600
66900
52400
28900
22900
8400
-2600
-6500
-11100
-7400
-17900
-9000
-6100
-5800
-5400
-3600
900
-1800
400
-1800
700
-800
-2600
-7600
-1200
-900
-10100
-7700
-8900
-9600
-17600
-13200
-13300
-19800
-20900
-21200
-24100
-24900
-25700
-28800
-31500
-33600
-35100
-38300
-36300
-39200
-48600
-43000
-48800
-50300
-52100
-47800
-50900
-59000
-48300
-43500
-42900
-30200
-15600
-15800
-9800
-5000
-8700
-6100
-18300
-32300
-70000
-88400
-114800
-131900
-122200
-128300
-135800
-129200
-111900
-116300
-95500
-74000
-64100
-60900
-35700
-25700
-26000
-8800
4900
12200
13800
28400
30100
36500
38300
43600
46200
49500
48300
42000

49600
37400
36600
32700
27800
15800
10300
5900
-8200
-18000
-33700
-39200
-53400
-54700
-65700
-66500
-72100
-80200
-68800
-61200
-34500
-22400
2000
17700
45900
65200
91700
107000
116500
116600
98300
104100
81800
70800
47400
36100
24600
6000
-1500
-11100
-7700
-10900
-11100
-11500
-4200
-6500
-7500
-300
500
600
-5500
200
-400
-1300
-1200
-5200
-2100
-5900
-9500
-9500
-5600
-11300
-13800
-13100
-17000
-19300
-20700
-17700
-25500
-25900
-27800
-29900
-31200
-30900
-30400
-42700
-34600
-43100
-45400
-43300
-44100
-51100
-53000
-48800
-55000
-51800
-48300
-38500
-46500
-32500
-21800
-16100
-2200
1300
3400
-18800
-26000
-53100
-61000
-76300
-98500
-124700
-138300
-139900
-147700
-116100
-113200
-107100
-97500
-68800
-69200
-63800
-37200
-27800
-17200
-10900
9600
4100
18300
24800
33900
35600
41500
43700
43300
51700
43100
46500

44000
43700
33300
34200
27400
16900
12400
0
-7300
-22900
-26000
-40100
-45900
-60400
-72600
-71600
-72500
-67400
-66500
-52100
-48200
-28100
-9900
27400
54800
74600
90700
98000
116700
108600
105900
100800
89500
71200
49200
35000
19400
8800
-5400
-3900
-9500
-10300
-14000
-10600
-3600
-8000
-5000
-3600
1000
-2200
-300
1100
0
1600
-4100
-5100
-3400
-1800
-7700
-9200
-7800
-11100
-13300
-17400
-10400
-19900
-19200
-22500
-22900
-25200
-27800
-26400
-30900
-30600
-39300
-35700
-35400
-40500
-47300
-44200
-46600
-53700
-48100
-50200
-47700
-59100
-46300
-44700
-41900
-28500
-18300
-13200
-10200
-3700
-9700
-4900
-20700
-32500
-67500
-87800
-112600
-131600
-120000
-135200
-131500
-128200
-114000
-119500
-93300
-70100
-65300
-56100
-38800
-23600
-26400
-8500
1200
13300
18300
27800
30300
35400
42800
39700
49400
48300
48100
41100

48500
42300
35300
33800
25800
21300
7300
4500
-7900
-18300
-34900
-38000
-48700
-59200
-64800
-68100
-69000
-79500
-69600
-57900
-37200
-22400
1600
23200
43800
68400
86300
109100
116400
119300
102500
98700
85300
68500
51600
32100
25600
6400
-600
-10100
-8600
-7700
-14800
-7800
-4900
-5800
-8700
-2000
2700
300
-1200
-2300
2300
-1300
-500
-6800
-900
-3600
-9200
-8000
-8800
-6500
-15500
-13000
-16300
-17800
-20800
-17900
-22300
-25500
-27100
-30400
-28400
-34200
-32500
-39700
-35100
-41300
-46100
-41200
-46200
-49300
-54700
-49100
-56400
-50000
-47100
-39200
-42500
-32200
-19500
-17900
100
-4500
4100
-13800
-24600
-51300
-62200
-72400
-102300
-117500
-139400
-143100
-149200
-115600
-110800
-105700
-92500
-74200
-68300
-64000
-34000
-27600
-16900
-8500
5600
8500
17900
25400
29700
41100
38000
45100
45700
51000
42900
44500

47900
40900
36500
33300
28900
15500
12000
1800
-6300
-21800
-27900
-37300
-47800
-57300
-71300
-70900
-74100
-68400
-62600
-54100
-42800
-31600
-4700
23300
56900
75300
91600
99500
112400
113500
104200
105300
85100
72900
47200
33500
22000
7500
800
-7800
-5800
-9800
-14000
-12400
400
-7500
-4400
-2700
1000
2400
-4900
1200
700
100
-5600
-4900
-1000
-3600
-6200
-9700
-7000
-13300
-10500
-14300
-12900
-18900
-18400
-19300
-24900
-22500
-28500
-26200
-30600
-32200
-36700
-36600
-33400
-41800
-43600
-44900
-44200
-52800
-46900
-53600
-47700
-54500
-48000
-42100
-43000
-25300
-21700
-9700
-9300
-4900
-7100
-5900
-19400
-38300
-59000
-90800
-115300
-128600
-117400
-134400
-132800
-124900
-118600
-113800
-92500
-66700
-69000
-53100
-39000
-26600
-22900
-6100
4500
11200
20700
24200
35600
36700
42100
38500
50200
48900
46800
46000

46800
43300
33900
35900
25500
20800
9600
4600
-6200
-19000
-29100
-41400
-48200
-58600
-62900
-68100
-69200
-76000
-72000
-55000
-40700
-15000
-1100
21400
43700
67600
91600
108900
120600
111900
104300
97500
88000
68700
52200
34400
22800
8900
-3300
-2700
-10800
-6800
-15100
-7900
-3700
-6800
-3000
-2900
5400
-600
-2300
-1700
3300
-600
-200
-2600
-3800
-2700
-8700
-6700
-8600
-7300
-13500
-13500
-14200
-18300
-16600
-22500
-18600
-26000
-27700
-29300
-26400
-30700
-34000
-37200
-36600
-39200
-47900
-39100
-46000
-47400
-51300
-50800
-51100
-54000
-44500
-42300
-39200
-32400
-18000
-16200
-4200
-2700
2000
-8100
-28600
-47600
-64800
-73400
-104100
-116900
-132900
-143400
-145200
-119700
-106700
-107000
-89000
-78200
-69200
-59800
-32600
-26500
-19300
-6000
700
12500
18500
27400
28400
42800
39800
41700
48100
50700
47400
42800

