
Curva de Excitacao - Bobina Girante (Dados Brutos)

Arquivo..............: C:\Arq\Wiggler\Medidas Wiggler - Corretoras\Bobina Tungstenio\Gap24\Translado24_X=-6_#015.dat
Data.................: 11/02/2005
Hora.................: 09:30:26
Ganho................: 5
N. de Coletas........: 1
N. de Voltas.........: 10
Intervalo de Análise.: 4 - 8

-5000
-8300
2600
-2040
-2600
-4200
1600
1900
9200
13100
12800
17000
12600
27800
23400
32200
24200
30400
26700
17400
15000
11500
8800
-6100
-4300
-9300
-6400
-11300
-2200
2100
3600
10700
4800
19900
16400
16600
17700
18100
22900
14900
19700
17600
20000
16800
18300
15400
15900
15800
11100
14800
9400
10000
1700
6200
3800
1700
-1500
-1000
2300
-9100
-8700
-10900
-5700
-13600
-13500
-16500
-16600
-17700
-22300
-19800
-2040
-19400
-28500
-26300
-27100
-30000
-29200
-31200
-31100
-37500
-34700
-37200
-39200
-41500
-41700
-47500
-51100
-46300
-57300
-53300
-59900
-54100
-57000
-57700
-53000
-56600
-55000
-66100
-62600
-63600
-60700
-68500
-55200
-53500
-52900
-40700
-38400
-29900
-41400
-29200
-41400
-37500
-39400
-29500
-36200
-39000
-39100
-43300
-29900
-33900
-24400
-27400
-18300
-27600
-20400
-10600
-10300
-8800

-13200
-4000
-11400
-2400
-4300
4700
2100
2300
5800
7300
14600
15400
22500
23700
28700
24900
28100
29200
25700
19700
15600
15600
1800
-1200
-6400
-5100
-6400
-10400
-3700
-3000
8200
9300
11600
16800
18600
17700
15400
20500
19000
23500
16900
21100
18100
18200
17700
13800
19900
13800
14500
10200
11700
7800
6800
7400
5800
900
-4400
-700
-3800
-3500
-7900
-6100
-9000
-12900
-14100
-16800
-13800
-18400
-20300
-24100
-21300
-24100
-25600
-23200
-26600
-29200
-30100
-28500
-35000
-31900
-36700
-37000
-39300
-41700
-41100
-51300
-45200
-49700
-53500
-57300
-55200
-56500
-55400
-58000
-60100
-50900
-56900
-55800
-69000
-59200
-69800
-62900
-54900
-52600
-50000
-45200
-35600
-41500
-32500
-34300
-26400
-39000
-37000
-42900
-38300
-35500
-38600
-31600
-32700
-31900
-37500
-21400
-18900
-18700
-20100
-13100
-13800
-16300

-6300
-4700
-1600
-6400
-3500
-200
300
4300
8900
12600
11400
14700
19100
25200
28500
27800
30500
27900
28600
18100
16200
11600
5500
-700
-8900
-4800
-9000
-6600
-5100
2600
6900
7600
9500
15900
21600
14400
20600
16900
23400
18000
18500
20800
19800
21800
14100
17800
15400
15500
10800
15100
13600
7100
6000
4100
6500
-1800
3000
-1300
-1700
-6200
-9700
-6000
-10100
-8300
-14400
-15400
-18000
-16500
-21300
-21700
-18700
-24000
-24800
-28200
-23600
-30800
-27200
-31800
-32000
-32700
-36700
-34700
-42300
-37300
-44800
-43800
-49400
-47300
-54400
-54200
-55100
-58400
-51200
-62700
-53400
-56100
-55300
-62600
-60600
-59600
-65500
-63900
-58700
-52600
-51600
-39300
-37800
-33300
-35800
-35200
-34200
-35000
-33300
-37100
-34400
-39400
-44300
-36300
-28200
-29500
-30100
-22600
-22700
-24700
-18800
-10800
-9800
-11700

-8200
-8500
-4400
-5000
900
-100
2900
3600
4200
11800
14700
18300
17300
28400
24500
29600
24400
30300
27000
21200
16600
11100
8000
-4000
-3500
-9500
-2900
-12300
-4400
1300
7600
11900
7800
21800
15400
17800
17400
18800
23200
20900
20500
17400
21400
18300
18000
14700
20200
15400
12500
14400
8000
11800
5300
8000
4200
800
-600
-2900
1300
-4200
-7100
-9500
-7600
-12000
-14200
-15700
-12400
-15800
-22200
-20100
-22900
-21200
-26900
-22900
-27100
-28800
-28500
-30500
-31400
-33700
-32800
-38300
-37400
-42200
-40800
-48200
-47800
-47900
-55100
-51500
-60500
-51900
-55300
-58800
-56800
-51400
-52900
-61600
-60800
-64800
-65200
-65500
-51000
-54300
-49500
-41000
-40200
-34000
-35600
-28100
-33200
-34300
-40700
-41800
-33900
-32400
-36800
-37000
-29400
-37200
-28900
-24500
-15900
-20800
-17400
-12300
-14300
-10100

-9400
-1800
-5500
-2200
-6600
2400
3500
4000
9400
10600
18100
11400
21600
24000
30700
25700
31400
31300
24500
21700
14800
15900
4200
3100
-8100
-5900
-6000
-7000
-1900
-100
11000
5800
12200
15600
21900
18900
18300
20800
19700
23600
15600
21700
18800
23800
16600
16200
20000
13000
16900
12200
14400
7200
7500
4800
6500
3300
-300
2300
-3100
-3800
-10700
-5600
-6400
-9100
-15000
-14800
-11800
-18400
-18300
-21200
-19400
-23600
-24100
-25300
-27700
-27000
-27600
-29100
-34400
-29900
-36000
-34800
-38600
-40600
-41600
-47800
-45500
-51800
-49500
-55000
-54900
-56400
-51500
-58400
-57800
-50600
-59500
-57800
-63500
-57300
-68800
-60700
-56100
-54600
-48200
-40900
-32100
-38500
-32500
-38800
-28700
-34600
-34300
-36400
-34300
-37900
-45400
-30600
-29900
-28200
-32800
-18900
-21900
-23100
-17300
-11200
-7800
-13100

-6100
-8500
-3500
-5400
200
4300
3400
4200
4600
13300
11800
18700
21100
28200
26200
27600
29800
26500
30700
20200
18700
10700
7000
300
-6100
-4100
-5300
-6600
-7300
3900
7000
12700
9200
18500
20800
15500
19800
16200
25900
20800
20000
20000
20500
20700
16000
21200
17700
15800
12000
15500
10400
11400
8600
6400
7500
-2300
1700
-2000
1400
-3100
-7200
-7400
-8600
-9100
-14400
-13100
-15900
-13300
-21100
-20700
-21600
-21100
-23400
-25100
-25900
-29900
-25700
-33700
-28800
-30700
-36300
-34200
-38600
-38200
-43800
-44100
-49800
-45700
-53100
-51300
-57500
-54200
-51200
-62900
-50600
-54700
-53400
-62900
-58800
-63600
-63400
-60700
-55300
-49800
-49800
-39200
-41500
-30600
-34900
-31500
-31200
-32000
-40500
-41200
-29000
-37300
-37900
-33800
-29500
-36200
-28500
-20500
-18900
-19700
-17300
-11800
-13200
-8100

-10500
-3900
-300
-3100
-2700
-900
6500
2100
9400
12100
17600
14900
19300
28200
26000
31400
28500
32100
24400
22700
15800
13900
10100
-1900
-4600
-8900
-600
-10400
-1500
4400
9100
9900
9600
20700
16700
22300
17600
20500
21200
20900
19400
20200
25200
18300
19700
15700
19500
15200
16900
14900
10600
12500
4500
7200
5500
6700
-500
-1100
800
-4100
-6900
-8600
-3600
-11300
-12700
-16200
-12000
-16900
-20200
-16800
-21700
-20300
-27700
-22500
-27000
-25200
-28400
-29400
-30300
-32700
-32200
-37200
-34500
-43200
-39400
-46600
-46900
-47200
-50500
-51400
-59900
-50400
-54400
-56400
-55900
-51100
-58700
-55900
-59400
-62000
-63500
-63500
-52700
-55400
-44800
-41900
-36200
-32300
-35200
-34500
-30900
-30400
-37500
-35300
-35100
-38400
-41300
-31100
-27600
-31000
-26900
-24000
-20400
-21600
-16300
-13100
-8100
-8900

-10100
-5900
-4300
-900
-2700
4700
4700
4000
4200
13000
16900
16000
23000
25900
29800
25200
29200
29800
29000
22600
16700
14500
4000
3000
-6900
-2700
-5200
-8200
-2800
1600
10800
9100
14500
15800
21000
16200
20200
20400
24200
24800
15700
23400
19200
23200
16600
19300
19800
16000
15100
12100
12800
10100
8800
5100
7100
2700
1100
-400
0
-1100
-8700
-6200
-9600
-8300
-14700
-12900
-10600
-18500
-19300
-21000
-19000
-22700
-21500
-25200
-25300
-29000
-28500
-28500
-33500
-27600
-36400
-33000
-40100
-38200
-41800
-47100
-47000
-49800
-48100
-55300
-54100
-56700
-52200
-59800
-52000
-52000
-56300
-54800
-65800
-59100
-66000
-58300
-56700
-50900
-47000
-43500
-35300
-33600
-31400
-35500
-26500
-37300
-38300
-38500
-29300
-36000
-40500
-30700
-34200
-31100
-30000
-20100
-19000
-19400
-18400
-13600
-8200
-11800

