
Curva de Excitacao - Bobina Girante (Dados Brutos)

Arquivo..............: C:\Arq\Wiggler\Medidas Wiggler - Corretoras\Bobina Tungstenio\Gap24\Translado24_X=-4_#017.dat
Data.................: 11/02/2005
Hora.................: 09:41:58
Ganho................: 5
N. de Coletas........: 1
N. de Voltas.........: 10
Intervalo de Análise.: 4 - 8

-5800
-7200
-100
-9500
0
-1700
4000
6600
9100
10600
10600
15400
10300
23200
13900
16100
12000
12700
9500
-600
4000
-500
-2200
-7900
2000
-400
6300
6700
8400
14200
16600
19000
10600
25500
20000
17000
20400
22900
24700
17700
23000
19400
21200
20700
18700
17200
17900
17000
7900
14100
10400
9600
500
7000
2800
500
-400
-2300
1300
-9600
-8500
-11100
-5200
-12700
-13400
-16000
-16600
-18600
-22900
-19800
-22800
-21300
-29800
-27200
-26200
-29800
-28700
-30100
-28900
-34500
-31100
-34000
-35200
-35500
-34700
-43600
-45800
-40200
-51400
-48500
-56200
-52700
-55600
-59600
-58200
-60600
-55100
-64100
-54200
-55000
-55600
-64100
-51300
-59100
-62700
-52300
-50600
-44300
-50700
-35100
-45100
-36400
-34000
-33900
-34100
-31200
-33600
-40500
-22000
-29900
-28300
-29400
-15400
-26200
-20300
-11100
-12100
-13900

-12000
-2000
-10300
-500
-2000
5900
2300
3700
8700
2040
17100
10700
16400
17700
19100
11200
14400
14300
7100
4300
-500
2600
-6300
300
-2000
800
7400
5800
11100
11000
21400
14900
16000
21300
23300
19600
18900
22900
20200
25300
18600
25000
19000
25000
17300
14600
21900
14500
14700
9400
12800
5900
4900
6100
7300
0
-3000
-200
-3800
-3500
-9900
-4600
-9500
-12400
-12500
-17000
-12400
-18300
-19600
-23700
-21600
-24900
-25800
-24600
-25700
-29700
-31100
-27100
-32500
-30400
-32800
-32000
-35600
-34900
-36000
-44400
-38600
-45000
-47900
-51900
-50500
-57200
-54700
-61800
-59600
-53400
-60800
-52100
-61100
-48300
-62000
-58400
-54400
-56300
-59200
-55000
-49100
-52800
-41300
-41900
-34000
-40400
-32600
-39900
-31800
-28700
-36100
-30200
-29700
-28400
-35800
-17100
-19000
-21900
-19700
-12400
-14300
-14900

-5600
-6100
-4700
-6200
1300
1500
3800
5300
8600
12400
11700
14400
15000
18800
17300
14900
13000
12500
10900
3200
3400
-1400
-500
-2600
-4300
3500
6100
9500
7200
17800
15400
18300
14700
21200
24600
17400
22900
18900
26300
19800
20500
19000
24500
23100
16200
20000
16800
15500
9600
14600
9800
8100
6300
4100
5000
-600
1400
-2000
-2500
-7200
-7000
-8300
-10700
-8300
-12800
-16200
-18300
-15100
-20300
-23100
-19800
-21800
-27800
-28600
-22300
-30900
-26800
-30700
-28500
-32600
-31500
-31000
-36300
-33700
-40100
-39200
-43700
-41600
-51400
-47500
-53500
-54600
-52500
-63200
-55400
-59700
-55800
-62000
-52300
-54400
-55300
-60400
-53300
-60600
-60800
-48400
-53400
-46500
-46200
-40700
-40000
-34300
-34200
-35500
-30500
-32900
-39200
-31400
-22500
-30800
-29600
-22200
-22100
-24000
-18100
-11100
-15700
-11700

-9300
-8600
-5600
-1200
400
1800
5500
3200
8300
12200
16900
12400
13200
21800
14500
17300
11800
16400
7800
4700
500
300
-100
-3000
-1800
400
10200
2000
13200
15400
19100
16200
16600
25100
18800
22300
18500
21200
22200
26700
19300
20800
24800
19800
18700
16600
24300
11400
14700
12600
9700
9600
5100
7500
3100
1200
-2300
-1500
-2100
-2600
-7800
-8900
-6700
-13200
-13500
-17100
-11700
-18000
-21800
-21500
-22400
-21500
-27600
-22500
-27300
-28900
-29300
-27900
-30500
-29500
-31500
-33100
-31500
-39400
-32300
-42800
-39700
-45900
-46300
-48100
-55100
-51100
-55000
-58200
-60200
-52400
-62400
-57300
-56300
-51000
-58800
-56700
-51400
-61600
-57200
-52200
-51400
-48400
-41500
-40000
-36800
-34200
-38600
-35400
-29600
-26400
-38800
-31800
-26000
-32600
-27500
-20200
-19800
-25500
-16600
-14700
-14100
-11700

-6400
-6200
-4800
-1000
-3300
4300
5000
6300
5400
14300
15900
12400
17700
18700
19600
12000
19500
11600
11100
2800
4500
600
-2100
400
-6800
4900
6600
8500
8300
20300
18600
14200
19700
20100
23700
17600
24900
19900
25400
23600
20100
21900
22800
26000
15000
19700
17300
16100
12800
13500
12700
6800
6900
3800
6700
400
2000
-1700
-1700
-5500
-9700
-5600
-8400
-8200
-18000
-13500
-14300
-17700
-21100
-20200
-18600
-26300
-23300
-27200
-25200
-29600
-23500
-30400
-31700
-27100
-31900
-32300
-36200
-32300
-39000
-36800
-41900
-42800
-48400
-49200
-50900
-56100
-50400
-65500
-53700
-58900
-57500
-56900
-54800
-51400
-59200
-53400
-59000
-58100
-60100
-47600
-53000
-45600
-42200
-44100
-32700
-36600
-33100
-39200
-27200
-35500
-36000
-28300
-24800
-29900
-30400
-18200
-25800
-18800
-18900
-10700
-14400
-13700

-8000
-6100
-1900
-4600
1100
2000
6000
2200
12600
12300
12800
15500
15300
21200
13800
19300
12700
14700
9100
5800
2800
-700
2000
-4800
-1000
100
12400
3200
12000
16600
17100
20700
14000
26700
19100
22100
19100
21400
27200
22900
22000
20200
25300
20500
20900
17600
21100
15200
11700
15400
10100
12000
3500
7800
5300
-300
-1600
1500
1400
-6000
-6400
-8400
-7200
-10900
-12000
-15500
-13700
-16300
-22000
-18700
-23000
-19900
-27400
-22500
-27600
-28500
-26200
-29000
-27600
-30300
-30300
-34400
-31500
-35700
-33900
-42600
-40800
-41100
-48200
-46600
-55200
-48700
-58300
-56500
-59300
-55700
-57900
-54700
-53100
-57800
-51000
-59200
-52900
-60700
-53900
-55900
-50000
-41600
-46100
-40900
-35100
-31200
-43400
-31200
-26300
-33800
-37700
-27300
-25500
-34000
-24600
-21800
-20000
-24200
-15400
-16100
-11100
-9200

-10200
-4800
-3800
-1600
-3500
6600
4400
6300
10400
14000
14300
12000
20400
17400
19900
15300
17000
10300
12600
7700
-1100
3700
-700
200
-6900
8200
7300
5600
12900
16000
19800
15700
21000
17400
24500
21300
23300
21600
23900
25900
17400
28300
22100
23800
18300
22100
18600
14900
18600
11100
14400
8600
8700
3000
7500
4000
-800
-800
-400
-2100
-9000
-5200
-9600
-8600
-13900
-15300
-12300
-16500
-17400
-22300
-19900
-23100
-23600
-27300
-22900
-27400
-28900
-26600
-30000
-28100
-34600
-28800
-34800
-34100
-34900
-39800
-41700
-43100
-43300
-53200
-50900
-53300
-50600
-63700
-54100
-57500
-59200
-51700
-57700
-52200
-57300
-52700
-61200
-57000
-53800
-52400
-51400
-44800
-43000
-45300
-28500
-37400
-35800
-33700
-26700
-35800
-36100
-22900
-28100
-29600
-27900
-19700
-25600
-16700
-17400
-15000
-12100
-8800

-9100
-9900
200
-4100
600
3900
8000
4300
8000
16100
14100
14900
15800
22600
15900
16500
15600
13400
14700
2100
3100
-200
3800
-4700
-1500
5700
7900
7400
9900
18400
14600
21300
16000
23600
21900
21600
23400
20100
27900
19300
23200
22000
23900
20200
21600
21900
16900
16400
13100
13200
8900
11700
5500
4500
6500
3800
300
-3800
3100
-3500
-9100
-9100
-4800
-9900
-15800
-12100
-13100
-16900
-22100
-17300
-21700
-21400
-24900
-23900
-25500
-30100
-25500
-29900
-26800
-31300
-29200
-32600
-32500
-33900
-36400
-37100
-44200
-38800
-49400
-45600
-55000
-50500
-55600
-59900
-52700
-59200
-55000
-58900
-52600
-57200
-52500
-58500
-55800
-55800
-56800
-52000
-52200
-41400
-47200
-39600
-34700
-34600
-38100
-32400
-26000
-34200
-33400
-30400
-26200
-30700
-25300
-25000
-18400
-18900
-19500
-12800
-10800
-9800

