
Curva de Excitacao - Bobina Girante (Dados Brutos)

Arquivo..............: C:\Arq\Wiggler\Medidas Wiggler - Corretoras\Bobina Tungstenio\Gap24\Translado24_X=-11_#010.dat
Data.................: 11/02/2005
Hora.................: 09:22:39
Ganho................: 5
N. de Coletas........: 1
N. de Voltas.........: 10
Intervalo de Análise.: 4 - 8

200
5800
4500
-3800
-5900
-4400
-3800
-15200
-16800
-22000
-20600
-18000
-9900
-8000
-8000
-2700
7600
18400
37700
50000
63100
69000
66600
71000
63400
65100
58000
45000
32800
19900
-2600
-7200
-18400
-15200
-17400
-23600
-13100
-14200
900
-1400
0
6300
6800
5700
6900
16000
9800
7000
6100
11000
-500
6800
3900
4100
4800
-2400
200
-5700
-3600
-7500
-9700
-8900
-8500
-16100
-14500
-12700
-21900
-18800
-24200
-22400
-28300
-23200
-26400
-32100
-31000
-36000
-37300
-41400
-35700
-45400
-43200
-44200
-44800
-53300
-49600
-54200
-62600
-54400
-63400
-65200
-68800
-58400
-73600
-70200
-54100
-48700
-43300
-27200
-15700
-21800
-10800
-21300
-22000
-35700
-30200
-55200
-66300
-76700
-86000
-88000
-70400
-66400
-74100
-59500
-56200
-59100
-47700
-22600
-24900
-21400
-7600
-5700
-8500
-100
6900
6300
3400
5100

6700
3100
5800
400
-1500
-7200
-12100
-15000
-12000
-15100
-15700
-18400
-20900
-12100
-10900
7600
15900
28800
30700
42300
53000
67500
73500
74900
78200
62000
58700
32000
33900
16100
5200
-6800
-13900
-13600
-24100
-17300
-13800
-7400
-6700
-700
-100
11400
7500
6200
14000
8400
10300
2700
13400
9800
5600
4900
2900
4100
1500
-300
-2000
1400
-3700
-7800
-9800
-8300
-8400
-16900
-12800
-18000
-15900
-23200
-18100
-23100
-25600
-25700
-29800
-29200
-32500
-33800
-36200
-36400
-41100
-42300
-45100
-42000
-48800
-51600
-47000
-56100
-55800
-55900
-59200
-71000
-66800
-62700
-68500
-67100
-51900
-48000
-46000
-28300
-21400
-16600
-9900
-11900
-23400
-33300
-48400
-57900
-67300
-59500
-79600
-81800
-79400
-81600
-79800
-56200
-46200
-50600
-41800
-29400
-32000
-25900
-6000
-4100
-1000
-800
4800
900
6900
10100

5700
5800
700
300
-6300
-500
-11200
-10300
-16300
-20200
-20600
-18000
-10400
-9300
-3700
-6100
13200
19800
38300
47300
61700
68400
66000
72700
67300
71500
54300
43900
29400
20900
1800
-7200
-12900
-17000
-16900
-23500
-11000
-13500
-200
-900
2000
9600
5300
7500
8900
15300
8400
8200
12000
9600
6200
4900
6600
3200
5100
-4800
-1600
-2100
-2100
-5400
-9800
-5900
-12900
-13300
-16100
-13500
-17600
-19500
-21300
-21400
-25700
-27600
-27200
-30500
-29600
-37000
-33600
-38100
-39300
-40000
-47000
-41200
-51500
-48700
-47400
-52800
-57700
-54200
-61200
-68900
-64900
-65700
-64800
-69000
-50800
-49900
-42700
-25300
-23000
-13800
-18100
-13900
-27200
-28200
-37700
-56100
-64000
-76700
-82000
-87500
-65300
-76900
-70200
-63000
-54700
-57800
-39600
-23600
-27000
-19200
-13000
-3100
-10300
4800
3900
8800
7300
3900

4200
4600
8600
-2500
1300
-8300
-9600
-17000
-10100
-12500
-17700
-18000
-20400
-9900
-11300
7300
15400
28700
29800
44600
56700
64800
74100
72200
75800
62900
59000
36600
30900
20800
1400
-4200
-16400
-13500
-22800
-17700
-11800
-8400
-2500
-4100
3000
8300
10400
6600
12700
10400
10100
6500
9400
13700
5900
6800
1800
6700
2200
-1000
-1100
-300
-2000
-10400
-7100
-7300
-8800
-15700
-14100
-15400
-18100
-18700
-21900
-19800
-26000
-24600
-28600
-29700
-30200
-34400
-32200
-39500
-37700
-43900
-41400
-46200
-45900
-50600
-46900
-54800
-56700
-49100
-64400
-62100
-71200
-63400
-70300
-65000
-52200
-51500
-39600
-32700
-19800
-17600
-4900
-20300
-19200
-33100
-48400
-58000
-62700
-61500
-83200
-76000
-80700
-79000
-79700
-53700
-49900
-50200
-39400
-31500
-27100
-24900
-6500
-6700
-600
-1800
5100
4600
6300
8600

6600
9300
-800
100
-2500
-1800
-8700
-11100
-14400
-20300
-18700
-19200
-8900
-10700
-3800
-4300
11800
22400
36200
51300
59200
69300
66000
71500
69700
70400
58100
42000
36400
16700
3600
-10900
-12400
-15200
-17700
-19700
-13400
-7300
-4800
1500
3000
9200
4700
8800
10000
12500
11700
8100
10700
7800
6900
4400
6800
6400
3200
-3600
-1700
1400
-4400
-6300
-9100
-5300
-11500
-13200
-13800
-15100
-16000
-22100
-18600
-24100
-22400
-27100
-26000
-28700
-30700
-34200
-35500
-33800
-41900
-38700
-45800
-43500
-49900
-47500
-44600
-55900
-53500
-58300
-57500
-68900
-64600
-67300
-64200
-64800
-56200
-45900
-42300
-22600
-26300
-10700
-18000
-15200
-23500
-23900
-41500
-54300
-60400
-78500
-83700
-81500
-65200
-80800
-66300
-62200
-55700
-53700
-40100
-22500
-26000
-16500
-13700
-7400
-6200
3700
6600
8400
7900
2300

7100
5300
6800
-1000
1400
-5900
-11200
-10500
-14100
-12000
-19300
-16200
-19800
-10400
-6100
6200
16100
26600
35800
40800
58300
67300
75100
75400
75000
69600
54300
40200
30600
21700
2400
-4100
-13500
-15900
-18400
-20600
-9600
-8500
-700
-5500
5400
9500
9000
10000
12100
13300
6700
10200
8900
13500
6700
8600
3400
3600
6800
-2200
2400
-3500
1600
-9000
-6300
-7200
-8500
-11700
-15500
-13100
-18800
-17500
-22700
-18600
-25500
-24700
-26700
-28900
-28700
-37100
-30100
-37400
-39300
-43600
-40700
-41500
-49500
-46800
-50600
-51300
-58900
-48400
-64900
-60700
-67700
-63900
-63300
-66300
-51700
-50900
-36800
-33600
-18400
-15700
-5800
-16500
-20800
-33000
-48100
-52000
-63900
-65200
-81200
-73500
-80800
-81000
-73300
-56800
-49200
-49500
-37500
-33200
-24600
-21000
-9300
-4300
-600
1600
3400
8300
6500
8900

5800
10000
1200
100
-900
-1400
-6100
-13800
-11400
-19900
-19000
-19400
-8300
-7400
-7500
1800
10400
25600
35800
52600
62200
68500
69900
70300
72900
65900
61800
41000
36500
18800
2700
-5500
-12800
-12500
-19400
-17500
-16000
-7200
-4100
3700
4200
9700
8800
5700
14100
10300
12900
6800
12200
9400
6000
8200
5400
8800
2700
-500
-2600
2000
-2000
-6300
-6600
-6500
-9100
-15900
-11900
-15400
-14200
-20300
-19400
-21400
-25200
-22900
-28100
-26600
-33300
-31400
-34100
-34100
-40200
-38900
-43000
-45400
-45200
-49900
-44300
-54900
-53000
-56500
-60200
-64400
-65000
-63600
-66700
-64300
-55900
-45100
-40300
-25600
-21200
-12200
-15300
-17900
-14600
-28900
-38800
-53800
-62000
-78600
-82000
-76100
-69100
-72500
-69900
-62000
-57600
-50500
-40600
-24200
-22100
-19300
-12500
-4700
1000
-800
7400
9500
8000
3300

7800
8800
3000
3700
-300
-3200
-12800
-11100
-11100
-12500
-17400
-18900
-14300
-14400
-4100
4600
20500
25400
34800
44900
56800
69500
72700
78800
71800
69700
54600
41600
29400
22400
6500
-4500
-11300
-16000
-15700
-20000
-10500
-7400
-1600
-600
2000
13700
8000
12100
9100
13300
8500
9300
11600
12500
9800
4600
7800
3800
5900
-1100
1900
-200
-2100
-5600
-8100
-4100
-10800
-10600
-15200
-13000
-16700
-18400
-19000
-21000
-22900
-24900
-26200
-29300
-27300
-33700
-31200
-34900
-40000
-39000
-44500
-40000
-48000
-48300
-49200
-50400
-54900
-54000
-58100
-65400
-63800
-66700
-62400
-64100
-51000
-48900
-39000
-28700
-20000
-8400
-11700
-12300
-22300
-32000
-48800
-53400
-57900
-67000
-78500
-78500
-76200
-83700
-68500
-55800
-48000
-49200
-40600
-30200
-26600
-17700
-10500
1100
-1800
1500
1000
9500
7700
7200

