
Curva de Excitacao - Bobina Girante (Dados Brutos)

Arquivo..............: C:\Arq\Wiggler\Medidas Wiggler - Corretoras\Bobina Tungstenio\Gap24\Translado24_X=2_#023.dat
Data.................: 11/02/2005
Hora.................: 09:58:37
Ganho................: 5
N. de Coletas........: 1
N. de Voltas.........: 10
Intervalo de Análise.: 4 - 8

-20500
-8100
-11500
-10500
-7900
-4900
-1400
-9300
-1200
-5300
300
-2900
4700
0
-1600
4800
-800
4200
4000
6400
9900
14800
8300
10000
14300
14600
21600
15200
24900
20700
22400
25200
22500
33400
28600
32100
22800
29700
23200
20100
16200
11000
11300
8300
12600
8500
16600
6500
9400
4200
8000
6700
5200
8800
1200
800
-8600
-1100
-8200
-5300
-12200
-8700
-14600
-20800
-18000
-14000
-13400
-21800
-17900
-24600
-23900
-24700
-24700
-31500
-30100
-31400
-37900
-41900
-40200
-41100
-45400
-46200
-44900
-45300
-36400
-36500
-32000
-29700
-29300
-30900
-29600
-29000
-38000
-42900
-41300
-39600
-50200
-47300
-50500
-52600
-53000
-58300
-56300
-62400
-53800
-57900
-50900
-57400
-53900
-48100
-44800
-51800
-51200
-39300
-41000
-39900
-42600
-31000
-35100
-30700
-30700
-26200
-22100
-24100
-22400
-19800
-16700
-20100

-11100
-11400
-8900
-10300
-7200
-2000
-8900
-4200
-2200
600
-3600
-300
-2000
-1918000
0
2000
-900
8600
6300
7400
7900
11000
13200
8800
16100
16300
22300
14100
21000
21700
27100
29000
24300
36100
29100
26800
24200
28600
25000
21900
17400
12500
14600
9700
12600
9700
11700
9700
9400
8600
7500
10700
4400
6500
1800
-2300
-3200
-3100
-1500
-8300
-10100
-14500
-11100
-15800
-13300
-16100
-15400
-17500
-24400
-20900
-22600
-18000
-30200
-26400
-31700
-34300
-37000
-37900
-39300
-45000
-40600
-47400
-43800
-43100
-33300
-39200
-29000
-27400
-32000
-29100
-33900
-26600
-38100
-37100
-41000
-37700
-48800
-47000
-52300
-53400
-52700
-61300
-51700
-61800
-56700
-55200
-52000
-54700
-55400
-46700
-48000
-48700
-47800
-40600
-41700
-38000
-40100
-34500
-30200
-31700
-29200
-27500
-21600
-26000
-22200
-18500
-15300
-16800

-14200
-7900
-11600
-7900
-10300
-300
-6100
-3500
-2200
300
1200
-3900
1400
900
5500
-1300
5700
5100
6500
6000
9200
14700
10300
16300
10300
18100
17700
21200
21900
23100
27300
23000
27700
28500
33900
28000
30500
24300
23100
21200
16000
16200
9900
14700
8500
8900
9000
13000
12700
7100
10200
4400
6600
3500
8600
-600
-2900
-1800
-5300
-6700
-13000
-4200
-14000
-12800
-18500
-16400
-16900
-16600
-17200
-24100
-19300
-26700
-24400
-29800
-26500
-37200
-32000
-40100
-44900
-40400
-44300
-40500
-48400
-36200
-40300
-37000
-33100
-25200
-30400
-30800
-26000
-35000
-32400
-43400
-34800
-43400
-44300
-46700
-52100
-49700
-58100
-54800
-58500
-55200
-60200
-54600
-54600
-54300
-52500
-51400
-43100
-52000
-43000
-46100
-35600
-40300
-41200
-32100
-30600
-29800
-32100
-23000
-26500
-21900
-22800
-16000
-15700
-18000

-12200
-12700
-6100
-11100
-3200
-5100
-3800
-6800
-1700
2000
-900
-700
-400
5300
-2400
3100
2700
7000
7300
6100
10500
8100
15700
11300
16600
15900
23200
14600
19000
26700
24000
29700
23300
33200
28200
30600
26800
26300
29900
19500
16500
11200
16900
10900
13000
9800
11700
10000
8800
12200
6700
11000
3800
5300
2300
-400
-800
-1700
-2300
-9400
-9300
-12800
-10600
-15500
-11600
-17500
-16200
-17400
-22800
-20100
-21400
-19400
-28500
-27000
-32400
-32600
-33900
-39100
-40700
-43800
-43600
-48000
-40900
-40400
-35600
-37000
-30500
-26800
-32300
-27100
-31800
-30200
-36100
-37400
-37100
-41700
-45000
-49200
-48500
-55100
-52300
-58800
-50800
-59300
-56600
-54900
-52800
-50400
-55800
-46700
-47000
-45300
-50600
-40000
-37300
-39700
-41900
-32400
-27600
-35300
-27500
-26300
-22500
-25100
-18200
-19200
-17400
-13500

-12000
-10200
-10400
-5500
-9100
-2400
-4500
-3800
-700
900
100
-4500
3300
3100
2800
1000
5600
4000
7800
8800
6500
14800
13200
15200
9100
21100
22900
17200
23200
23200
28500
22600
29900
28800
32600
30900
27800
27000
25100
24400
13300
18700
12700
12800
7400
13100
12200
8100
14800
9900
9200
5700
9400
6900
3700
1600
-700
-3900
-6500
-4700
-10100
-8800
-10900
-10800
-17200
-17000
-13200
-17100
-20900
-21100
-20500
-23500
-24400
-26900
-28400
-31000
-35600
-39900
-42900
-39100
-46100
-41400
-44100
-40100
-36800
-35100
-28600
-31000
-24900
-31500
-27600
-34000
-31700
-40800
-37700
-38600
-47900
-45000
-53500
-48100
-58500
-53700
-55100
-55100
-57700
-52700
-51200
-54300
-49600
-52700
-43100
-49200
-44400
-43900
-37300
-39300
-39100
-29900
-32400
-29700
-30200
-24400
-25200
-21100
-20800
-16900
-15700
-15900

-11400
-13200
-5800
-8600
-5600
-4700
-2100
-4600
-2100
4000
-600
1700
-1100
5600
400
3100
5200
7100
10200
3900
11200
10300
16100
11600
16800
19600
19400
18000
19500
29400
23300
31100
23500
33000
30700
30000
31000
27200
27600
18700
18900
12100
15200
14100
12600
10200
9800
12600
9100
12100
10300
10900
6200
3500
4700
-100
1000
-4200
-3100
-6300
-11100
-11500
-10000
-10100
-17300
-14200
-15200
-16700
-23200
-16300
-21100
-21600
-25000
-26900
-29500
-34100
-29800
-42100
-39700
-42300
-41200
-46600
-42300
-37400
-37200
-33400
-32300
-24800
-33400
-24700
-32300
-27700
-32400
-38000
-37500
-40700
-41000
-50000
-47900
-54100
-48000
-59900
-51200
-57000
-56400
-52600
-55100
-48500
-55900
-45600
-46700
-44500
-46700
-40900
-38100
-37900
-36300
-35500
-28400
-31300
-27300
-27800
-19100
-21500
-24300
-16500
-15800
-12500

-15700
-6400
-9000
-9300
-7800
-500
-2000
-6200
2100
-1900
1700
-3200
3300
4100
3700
2700
2000
10000
5800
8500
8700
17100
8800
13800
15800
19500
21000
18300
26500
19800
28000
27000
29600
31200
33900
31600
26200
28800
26200
25200
16300
18700
12000
14600
11000
8900
14800
9800
11900
8500
10800
8100
7400
7700
5600
1500
-4000
1300
-5000
-4500
-10500
-7700
-11000
-13400
-13600
-17100
-11100
-19100
-17500
-21700
-19400
-21300
-24100
-26900
-30500
-31600
-34600
-37600
-43100
-37800
-43800
-43300
-43200
-39000
-35900
-37800
-28000
-28500
-26600
-31500
-26400
-31500
-32600
-38200
-38700
-38200
-49200
-44200
-54900
-46500
-54800
-55400
-53900
-55600
-54600
-57000
-50200
-53700
-51500
-51200
-40100
-49900
-45700
-40300
-38100
-38100
-39200
-28800
-32800
-29600
-29600
-24200
-21800
-21800
-18800
-18100
-12400
-17500

-11700
-9400
-6100
-9900
-4100
-200
-6400
-2700
-1300
3500
-1400
2100
-1100
3000
2000
3800
7600
4800
12400
2200
11000
12700
16400
14500
15300
19900
17400
22000
19900
28000
25700
30700
25200
28800
35400
29900
30700
23900
29800
19100
17200
15200
15600
14300
9800
14000
8800
12100
9500
15000
8000
9700
6400
4900
5700
-2200
3100
-3600
-2800
-9100
-8000
-9100
-10500
-11500
-16100
-14400
-18700
-14400
-19400
-18700
-21800
-20200
-25400
-31000
-25200
-31900
-33300
-40900
-37900
-41600
-44300
-43900
-40600
-37800
-38400
-32600
-32800
-24100
-33300
-25000
-29500
-28800
-32200
-41300
-34500
-44600
-41300
-50000
-47500
-52300
-52100
-55100
-51800
-54500
-59300
-50800
-56300
-49200
-56100
-47400
-44000
-47600
-44300
-41700
-35600
-40200
-35300
-36200
-28600
-33500
-24600
-25600
-24000
-20400
-22800
-14700
-17200
-13000

