
Curva de Excitacao - Bobina Girante (Dados Brutos)

Arquivo..............: C:\Arq\Wiggler\Medidas Wiggler - Corretoras\Bobina Tungstenio\Gap24\Translado24_X=-17_#004.dat
Data.................: 11/02/2005
Hora.................: 09:10:29
Ganho................: 5
N. de Coletas........: 1
N. de Voltas.........: 10
Intervalo de Análise.: 4 - 8

64200
66200
62500
57800
50000
38500
32300
16300
9600
5500
-12100
-30900
-40100
-50400
-79600
-89200
-101300
-115900
-107500
-105200
-104100
-105000
-101200
-83500
-54100
-7300
22700
44600
76800
88700
107600
122400
130200
111100
104900
82600
85100
57600
43000
25000
14800
8500
-4500
-3100
-5800
-4900
-11400
-3300
-9200
-6400
-8900
-8600
-6600
-3800
-2600
-16100
-3000
-10200
-12800
-14800
-8300
-17200
-20300
-14300
-17400
-22300
-23600
-20400
-35800
-25200
-29400
-33600
-30500
-29600
-36800
-52100
-32300
-45400
-47600
-41800
-36900
-57100
-41000
-34000
-44000
-37500
-22000
-14000
-37100
-3300
-7800
-7000
-15200
-25900
-82900
-98000
-93200
-138800
-143300
-151100
-157300
-189000
-134900
-127700
-132600
-106900
-85200
-94400
-78300
-33100
-45900
-39500
-4400
7700
-1500
17900
34500
23300
36300
55400
56300
58500
71600
61900
58400
71800
69200
68600

72200
65800
54600
56100
48200
43800
35300
23100
12100
-1100
-15000
-31500
-38100
-57400
-82100
-78800
-87300
-108500
-115900
-120800
-118900
-105900
-84000
-60400
-43500
-26100
4000
36600
83100
107900
109100
124700
117900
121200
98200
95400
75100
59000
40800
29500
17000
9000
-3200
-5700
1700
-13900
-5600
-12100
-2300
-6200
-7000
-4800
-9400
-2200
-9100
-9900
-6400
-2300
-17300
-11700
-10500
-14100
-17300
-17100
-16000
-26700
-18300
-27300
-25500
-26000
-27700
-35400
-34200
-30400
-41800
-41200
-34400
-40800
-56700
-36500
-44000
-50200
-42100
-33900
-42100
-46200
-17300
-21200
-13900
-4900
-1600
-34700
-22000
-33800
-56600
-70800
-96400
-144200
-174600
-142000
-168900
-159600
-138600
-127700
-140500
-103800
-83800
-95800
-71800
-37800
-38500
-41000
-3800
4100
-5800
16300
34100
35800
42300
53200
46600
57700
65900
61900
68900
76300
70400
61100

67600
67000
60600
56700
50200
41900
32000
22700
10100
1900
-15400
-29400
-36900
-54600
-76200
-85000
-96000
-115600
-110200
-105500
-106100
-105100
-100400
-76100
-50600
-7900
19600
45700
75200
91800
107900
121300
131300
115000
106900
83200
83400
55300
42800
25300
16600
12300
-5400
-600
-6800
-5200
-11200
-3500
-9300
-3700
-8400
-7900
-3800
-3400
-5300
-16400
-1800
-8100
-13300
-12800
-8800
-13100
-22000
-13200
-18100
-20900
-22900
-22100
-31800
-24900
-29100
-32400
-29800
-32900
-38400
-45900
-32300
-45600
-47600
-37300
-41000
-52500
-44700
-33400
-42300
-32200
-22500
-16800
-30300
-5100
-5400
-11600
-11400
-31900
-75200
-90900
-97400
-138700
-145200
-146400
-162800
-175000
-135900
-131300
-136500
-104800
-85000
-89800
-73000
-35900
-41300
-39900
-6000
2800
2600
19600
33900
28600
38200
53100
55500
62500
66700
61900
63700
73300
66500
69100

72400
65500
58500
55500
51100
40200
35100
22300
12900
600
-14500
-28900
-40800
-57500
-79400
-77900
-90700
-108000
-114700
-117900
-115800
-105300
-82200
-66600
-42500
-26800
7800
39500
84200
107300
109800
126100
118100
121100
97300
93100
76000
61500
41100
28100
18800
7100
-2000
-5300
300
-12400
-6100
-8300
-3900
-4400
-7800
-4400
-8800
-400
-10300
-8700
-5900
-5500
-14800
-12100
-9100
-16000
-14700
-15400
-16400
-26500
-18200
-24200
-28100
-24000
-28700
-34000
-34200
-29600
-40300
-40000
-34100
-42200
-52400
-40600
-42000
-50100
-38200
-36700
-41500
-40800
-19300
-20600
-15000
-2400
-5900
-27600
-21200
-35200
-58900
-70400
-97600
-144700
-163000
-148000
-166900
-161800
-136500
-133400
-134900
-103000
-86000
-95500
-72200
-36700
-40800
-31700
-3700
1000
-3300
18900
33900
32500
43400
51700
54500
55700
66100
63200
71000
74100
68300
65800

69000
66400
59100
60000
47900
44000
33600
23900
11400
1100
-15800
-28800
-35800
-56000
-74900
-85000
-95300
-112200
-110600
-105500
-107200
-103700
-101000
-74200
-49400
-10300
19000
47300
75100
93300
110100
121800
129100
115300
108100
86000
82800
58800
40500
28000
17300
12800
-5700
-1000
-4600
-6800
-10900
-5200
-4900
-6100
-5000
-8600
-2900
-4800
-4700
-13300
-3600
-8500
-11300
-8600
-10700
-12800
-19000
-14600
-20300
-20200
-19400
-22700
-27800
-26000
-26500
-34600
-28500
-31700
-40600
-43200
-32800
-42100
-47400
-37500
-43700
-50100
-44500
-35100
-40400
-32800
-19100
-19400
-24100
-7900
-5400
-12800
-10300
-33900
-71400
-87200
-101400
-135500
-145900
-142700
-168400
-168800
-139100
-133400
-133600
-101600
-85700
-90300
-66900
-42100
-42300
-37900
-2600
600
5600
21400
31500
29900
39100
52600
53400
66400
66200
62700
64800
75800
69200
67000

72700
65300
62100
54100
51400
42400
35100
22800
13900
2700
-16100
-27900
-40600
-56500
-79200
-76600
-90100
-106700
-112200
-117800
-112400
-106200
-83200
-67700
-39500
-24000
8500
43000
80500
107900
109700
129000
117900
122200
99800
93200
78000
60300
44300
25700
20600
7100
-100
-4800
600
-10300
-6300
-8100
-5500
-2500
-8200
-3900
-7700
-1000
-7800
-9400
-2800
-6300
-10900
-12200
-9400
-14100
-14600
-15700
-15500
-21800
-21600
-22400
-26600
-22600
-30900
-33000
-32100
-30100
-40000
-38600
-30500
-43400
-47800
-41500
-42900
-48300
-37300
-36600
-40400
-38100
-21000
-15300
-16500
-2500
-8700
-20300
-19600
-39100
-57200
-72000
-95200
-144100
-154000
-153600
-166700
-162200
-134200
-132800
-132200
-100800
-88100
-88800
-73200
-37800
-40400
-26900
-7500
1700
-200
20300
31400
33600
46700
49000
54300
59200
67500
61300
71200
76100
68700
66300

67500
69100
58800
60700
49900
44400
33500
22800
16500
-1500
-13100
-29900
-34500
-57400
-71400
-84900
-94700
-110700
-110500
-105000
-108600
-101000
-99400
-72400
-49200
-10400
18600
49000
80100
93800
110400
122500
128600
117800
107400
89300
81200
58500
40600
29400
17400
12800
-2300
-2000
-3300
-7200
-6500
-8000
-3100
-4300
-6000
-8300
-900
-1600
-5900
-9700
-4000
-5300
-13500
-9100
-10100
-11500
-17300
-15500
-16500
-20700
-18000
-23500
-24400
-26400
-28700
-31400
-28900
-32700
-38600
-39800
-33600
-42400
-47000
-36800
-44500
-49800
-41900
-37300
-34700
-33500
-19100
-22000
-19600
-9000
-6300
-10200
-11100
-34500
-66800
-80600
-106400
-134200
-147600
-141800
-168200
-162700
-140300
-135700
-130300
-100800
-84200
-91300
-65400
-41900
-38300
-35900
-5300
1500
5600
23700
30100
33900
40300
54800
53500
64300
63900
63700
68700
73400
71100
67600

74700
64500
61600
55800
51700
42600
35200
27200
12400
3900
-16100
-24400
-42800
-56200
-75000
-79200
-89700
-105700
-110600
-118600
-111800
-104100
-83500
-66900
-39600
-20300
7600
46300
78600
108400
110200
128700
121000
120600
103100
90800
81700
58500
45000
26800
20500
7200
300
-3300
-200
-4400
-9500
-6500
-4300
-1300
-7800
-3600
-3900
-1600
-6300
-8400
-1900
-7200
-9800
-11400
-8600
-13500
-13800
-14100
-18100
-18800
-20300
-21400
-25800
-22800
-29000
-31800
-29900
-32700
-37400
-38800
-32600
-42700
-46100
-41500
-41500
-45300
-39800
-35900
-42200
-33500
-25400
-13700
-15400
-1300
-8200
-18000
-20500
-40000
-51300
-73900
-96300
-144600
-149800
-154900
-164700
-155600
-134700
-131600
-133100
-98100
-91400
-86300
-71300
-39800
-39800
-26500
-6500
-300
5300
19100
30600
34000
47700
49500
54900
58700
65900
65800
70800
77200
67700
69700

