
Curva de Excitacao - Bobina Girante (Dados Brutos)

Arquivo..............: C:\Arq\Wiggler\Medidas Wiggler - Corretoras\Bobina Tungstenio\Gap24\Translado24_X=19_#040.dat
Data.................: 11/02/2005
Hora.................: 10:28:21
Ganho................: 5
N. de Coletas........: 1
N. de Voltas.........: 10
Intervalo de Análise.: 4 - 8

-9300
-14400
-10900
-8900
-8500
-9300
-7800
-6400
1500
2800
2900
2000
6100
10200
6000
8800
5700
19100
22900
23200
28500
34500
39000
39100
51100
70600
111400
134800
166400
166400
166900
158800
136600
118200
67500
28500
-32800
-67600
-100700
-113900
-133300
-145600
-160400
-151700
-136200
-128700
-98500
-102800
-84400
-75600
-47900
-45700
-20500
-4400
2300
4500
500
7400
3700
17700
8600
5800
-5300
-11100
-26200
-21700
-30000
-41700
-59600
-78800
-84200
-100100
-110300
-122900
-121000
-134300
-148500
-153300
-138200
-143800
-137300
-133500
-122800
-79100
-40500
-4600
12700
60400
87400
115200
150400
193100
199000
199400
198100
168500
138500
88700
44300
-13100
-24200
-56300
-68200
-79500
-76200
-85300
-81700
-72800
-78900
-72800
-66500
-61500
-67600
-47900
-46800
-46600
-45800
-34900
-34800
-36700
-28000
-35500
-25800
-24200
-18500
-22200
-17300
-18800

-17000
-16500
-10600
-4300
-11200
0
-8900
-3100
-4200
2100
3500
2000
5700
7300
12000
7300
17000
13500
21900
16100
27200
33500
39000
51000
55600
80100
96700
124300
148300
178900
186500
174600
131900
95200
59300
21600
-8100
-62800
-97100
-124600
-141600
-148700
-145100
-141300
-140000
-137500
-113800
-99200
-78700
-58600
-49500
-40200
-27600
-10200
-10200
9900
9500
11500
7400
13000
1000
6200
2200
-5000
-20700
-31800
-35000
-55500
-50700
-68000
-76400
-99900
-114500
-126200
-127000
-135500
-137600
-144600
-158300
-147400
-142400
-110000
-107700
-76800
-60400
-29400
17100
68300
104100
117200
163800
172100
198900
194200
203900
163300
136700
94300
40200
5000
-34200
-54400
-80200
-66400
-84700
-81300
-82500
-71800
-79200
-74000
-60400
-70600
-56900
-55400
-43500
-49600
-38900
-38800
-36500
-32000
-32000
-27600
-27300
-21800
-30600
-17500
-17600
-15400

-16100
-11800
-10000
-15500
-7400
-4600
-400
-6800
600
-1500
3100
3100
5100
10800
6300
10700
10300
18500
20700
23200
28000
31400
36600
44300
60900
78400
107000
128300
151400
168000
169100
171700
151200
117800
62700
7600
-32500
-65400
-83000
-110300
-134100
-158700
-154400
-145600
-138300
-122200
-111500
-99400
-90000
-60600
-54100
-29900
-21400
-11300
-9200
1600
10200
6400
19600
8000
10700
-3600
-1300
-13000
-11300
-22600
-32600
-48500
-69300
-73100
-84300
-82800
-107100
-116000
-139000
-144600
-144300
-141200
-141500
-141500
-135000
-143100
-109000
-78000
-37700
-18800
22600
51000
85200
125000
166600
187200
188600
204700
185900
180100
138500
91700
31700
5300
-27700
-61700
-65700
-73300
-81900
-82900
-75900
-78100
-81900
-66700
-62400
-66300
-59900
-50100
-51100
-47900
-38900
-36700
-31800
-34200
-33300
-32300
-23300
-22000
-23500
-18600
-18500
-20200

-17400
-9100
-9600
-8100
-9100
-6800
-6200
-3400
3600
600
6500
500
4700
5800
10400
14200
14300
18300
17700
21900
23600
37200
36400
47700
56200
79000
105600
123600
160000
173900
185200
157700
132600
104000
74900
32000
-20500
-68300
-107500
-117500
-139700
-137100
-148100
-141400
-147400
-131900
-114700
-96600
-72300
-67300
-50500
-40900
-18500
-16400
700
4100
9500
8200
10500
8400
7800
10600
-2100
-7300
-21700
-28100
-37700
-40500
-54800
-69600
-86500
-102100
-111200
-113700
-122600
-135400
-144200
-157900
-154400
-145200
-128000
-116600
-100200
-85900
-67300
-25800
28800
68600
95500
126000
150500
179400
197600
208300
187700
176000
136900
90000
41000
7300
-34300
-63500
-61300
-77000
-82100
-81700
-73800
-82500
-74600
-70600
-65900
-68900
-55200
-49300
-49700
-40500
-44800
-38400
-38800
-29800
-31100
-26500
-24500
-25400
-24600
-21600
-13400
-17900

-12200
-17400
-9800
-11700
-7500
-1300
-3100
-1600
-4800
1900
1600
6600
5300
11900
8100
9600
12200
15700
25600
19800
28600
30600
39000
43800
59400
83400
105600
126700
147600
170400
176800
179900
145600
109400
57500
10300
-23700
-60500
-79100
-117600
-143700
-153100
-153400
-143400
-131700
-123600
-116000
-101400
-80200
-68700
-48900
-29600
-19900
-16100
-3300
3100
5000
13300
16200
10300
3300
5200
-5900
-1700
-16400
-21800
-35300
-50300
-65000
-67900
-74900
-93300
-105600
-124000
-133600
-144500
-132300
-145400
-140700
-147400
-146100
-130900
-106500
-63600
-49900
-15900
8400
53900
90500
133900
160700
182400
200600
194400
198200
171400
141200
79100
48100
3100
-32200
-57700
-67100
-74100
-84500
-72900
-83200
-76700
-77800
-68700
-67300
-60500
-55500
-56400
-47800
-45400
-38900
-41000
-29600
-34900
-32300
-30100
-23800
-21700
-23500
-17300
-20700
-17200

-16900
-8700
-9700
-8200
-8600
-5900
-2600
-4900
3000
3100
5600
-500
5200
10000
9900
13400
14300
18800
17300
23200
26100
35600
40000
46700
60500
75500
105900
126300
159800
175500
176200
164500
134300
113800
73400
30500
-28500
-72300
-100200
-115800
-131000
-141300
-145400
-152000
-140000
-132400
-110700
-93900
-77800
-66900
-50800
-32400
-27900
-8000
-1900
9000
3400
11500
9800
11200
12400
4400
2000
-11600
-19100
-28500
-27000
-46600
-54300
-71000
-88400
-98400
-106500
-111000
-127700
-132100
-149200
-155100
-148100
-136100
-131500
-124500
-103300
-87800
-54600
-18100
30200
58200
99500
119400
151900
186000
202600
199100
189600
181200
132100
91600
42900
2400
-39600
-54500
-61700
-78100
-80100
-81400
-78400
-78000
-72300
-72600
-67100
-61400
-57900
-50700
-47300
-41600
-47400
-36200
-31600
-32900
-29400
-27500
-24000
-27800
-23100
-18800
-15700
-17700

-13600
-11000
-11300
-7800
-9300
-1300
-5100
-1900
-3600
1500
4600
5000
8600
7300
9300
9700
15600
16700
22600
22300
27500
34000
35100
48600
57500
84700
103000
126500
151900
174000
185800
170600
142100
99800
62700
18200
-17400
-59100
-88000
-121600
-144200
-146300
-151900
-134300
-139800
-127300
-117900
-98200
-81200
-66200
-46000
-33200
-20400
-13100
-2600
1400
13700
9900
15500
10900
5500
4900
-500
-2800
-17100
-22900
-37500
-50600
-57700
-67900
-80600
-90400
-106700
-125700
-132400
-133300
-136900
-148200
-146200
-148900
-143000
-119200
-98200
-75100
-53100
-22900
11900
56700
105900
130500
160400
182000
194000
195900
197400
180500
131200
90000
45400
7100
-35300
-52300
-70200
-75500
-81200
-78500
-80000
-75900
-74300
-73600
-61400
-64500
-55800
-55800
-44100
-44700
-43000
-35400
-35000
-31400
-31400
-25300
-26900
-19300
-24600
-20200
-17500
-15800

-12300
-14400
-7100
-11700
-6100
-5800
700
-1700
-100
1300
3200
6400
2400
11900
8600
13800
13000
19300
21500
21800
29600
31200
40800
45100
62800
79800
105600
127700
155000
172700
174700
170100
140400
118500
69700
19200
-31000
-69800
-90500
-112000
-128800
-146400
-154500
-149900
-137300
-126100
-110400
-94100
-82000
-64600
-50700
-31900
-20900
-10200
-2700
4000
8800
6800
16800
12200
10800
3300
-1900
-8500
-17700
-21500
-31300
-42400
-63700
-74100
-84200
-89300
-104800
-115600
-125900
-143000
-146800
-151500
-139900
-140100
-127200
-128100
-113800
-84100
-48100
-9400
20100
64100
87400
122600
155000
193700
194300
203100
195400
172000
140100
91100
46100
-5300
-27300
-58900
-63000
-75200
-79700
-79000
-80300
-74000
-80100
-69300
-66200
-58500
-58400
-51600
-46800
-46000
-40600
-38200
-29200
-33600
-28000
-31100
-24600
-22300
-21600
-17600
-17800
-15000

