
Curva de Excitacao - Bobina Girante (Dados Brutos)

Arquivo..............: C:\Arq\Wiggler\Medidas Wiggler - Corretoras\Bobina Tungstenio\Gap24\Translado24_X=0_#021.dat
Data.................: 11/02/2005
Hora.................: 09:51:51
Ganho................: 5
N. de Coletas........: 1
N. de Voltas.........: 10
Intervalo de Análise.: 4 - 8

-18500
-7300
-9600
-5200
-6700
2200
-2500
-2100
2300
-2600
900
3400
7700
-3300
2400
-500
2200
2400
4000
1200
6700
12300
2800
7000
11300
19200
13000
14700
23900
18300
16000
20300
20100
24300
31100
23200
26000
30200
27800
24700
22800
26300
13900
17800
13200
14000
12600
10600
11000
3400
5100
2900
5300
5600
5200
-2200
-4300
-3500
-6800
-2200
-13400
-2800
-14300
-17100
-18900
-13300
-14100
-21500
-16800
-28300
-25100
-28800
-24300
-33500
-28100
-32800
-38300
-36900
-36500
-33800
-39900
-29200
-38000
-33500
-33300
-29500
-31800
-30700
-33500
-39100
-34300
-42400
-42300
-53400
-44700
-52200
-55200
-51300
-60600
-57900
-60900
-59400
-62400
-58100
-60300
-52200
-49800
-57600
-50600
-47900
-42400
-57000
-43200
-38900
-40000
-37800
-32100
-29400
-36700
-27200
-31700
-22600
-23900
-19600
-23300
-18100
-14400
-17700

-7900
-7900
-5400
-13100
400
-4400
-4900
300
4700
1800
-2300
6800
-1100
5700
-1800
5300
1600
3000
3500
-1500
9800
8800
9200
6900
18300
13400
11800
16800
17200
23400
18500
24900
18800
28300
26600
22800
29000
29400
31500
18200
27800
20700
19200
18400
15500
13700
8200
10100
7100
12600
4600
6500
900
3900
2800
-2400
3000
-2500
-2600
-12400
-10700
-9900
-6800
-14100
-13700
-15300
-20700
-19600
-20500
-19900
-26200
-20400
-32000
-34500
-31700
-30900
-32100
-35800
-35000
-40300
-37600
-33400
-32200
-32400
-29000
-30900
-34900
-28700
-37800
-34600
-38100
-39000
-44900
-46500
-46100
-54800
-52000
-58800
-55800
-61600
-55000
-60400
-55800
-61100
-61400
-48400
-55500
-52800
-57200
-41800
-50900
-48800
-41000
-37800
-40600
-40000
-33100
-35900
-28200
-30600
-24400
-26800
-21700
-23100
-20700
-13100
-18500
-14600

-11700
-6700
-14400
-3500
-500
-1700
-3500
-800
3600
-1900
5100
1500
4400
2600
1800
100
2200
5500
100
4400
6100
10600
4200
11500
14300
12400
19600
12700
20400
15600
21700
21200
22700
32400
24700
26200
25900
31900
23700
29700
25400
23900
16900
15000
17200
11000
13100
7800
10900
6900
4400
5300
7000
8300
0
-1700
-3400
-1200
-4200
-4400
-9000
-8700
-12800
-16700
-12500
-15300
-15900
-18400
-22400
-24600
-24900
-21500
-28200
-28700
-30200
-34800
-38100
-34800
-34300
-36200
-34900
-34800
-33000
-36900
-28100
-33900
-26700
-32800
-34900
-36300
-37700
-39100
-45300
-45700
-49300
-49200
-58100
-53300
-60100
-57000
-59000
-60000
-53700
-63700
-54600
-52100
-54100
-58900
-46400
-43600
-48700
-50000
-41200
-40000
-42700
-34600
-36100
-31500
-32900
-28400
-28000
-23000
-21300
-24000
-17900
-17300
-18800
-15900

-5900
-8500
-11000
-5000
-2600
-2100
-2900
2600
0
2000
3100
500
3400
4400
4400
-1300
5300
2500
700
1100
9600
9500
4500
15000
10600
17400
13200
18800
17600
23000
20500
18600
23600
25400
27600
22000
34900
26900
26700
24100
25400
22500
17200
21600
13400
12600
8300
8900
10500
11100
9000
2300
4500
1900
4400
-1600
1100
-400
-5800
-9100
-10100
-3700
-12900
-11100
-16800
-17200
-19300
-17600
-18200
-23500
-20600
-28200
-28000
-31100
-27200
-35900
-30600
-34400
-38100
-35500
-37100
-28500
-36000
-27500
-33600
-31900
-32600
-28000
-35100
-35400
-33800
-42900
-41500
-51700
-43300
-54200
-54400
-54900
-57500
-57000
-61500
-55600
-59900
-58600
-59600
-46300
-56800
-54500
-49700
-48700
-44800
-49300
-40200
-43800
-37200
-38500
-37500
-30700
-28200
-28200
-30100
-21400
-26800
-21500
-19500
-12400
-17700
-16500

-7500
-12300
-7700
-6800
1300
-3700
-400
-1700
2800
4300
400
4300
1200
7600
-3500
3900
4000
5500
2600
3000
10600
4400
10200
9200
14400
14100
21100
14200
17900
24800
17700
23700
20700
32600
22600
25400
27700
28000
30800
26200
27100
20500
19100
13300
18500
15100
12600
9600
8900
11200
3100
9400
4500
8200
500
-2000
-700
-1700
200
-8800
-5400
-10500
-10300
-16100
-10200
-15300
-15600
-19000
-24000
-20600
-25500
-21000
-29500
-26900
-31800
-34300
-32900
-35500
-33500
-36100
-32100
-36800
-31000
-32700
-27400
-31100
-28300
-28900
-38600
-31000
-39600
-37500
-44400
-45200
-46000
-50700
-56500
-57000
-53500
-62000
-56300
-60700
-51900
-61500
-55400
-49200
-56300
-50900
-50600
-46300
-50400
-44500
-46000
-38500
-37800
-36100
-35600
-31000
-28000
-35200
-23400
-23000
-21900
-25500
-14600
-16000
-19800
-10100

-8600
-7000
-11600
-2700
-5400
-500
-1900
700
3500
2200
4500
-900
6000
4000
2200
3500
5200
2900
300
6600
5800
10500
6400
14100
11000
14800
18800
13100
23400
20500
22600
17300
26000
25800
28500
27100
28300
29900
26800
29800
20000
29500
20800
18200
13400
13600
14300
5900
13700
10700
6900
3000
8500
4900
2400
900
300
-1700
-7100
-4600
-8800
-6200
-9800
-10600
-15900
-18000
-15000
-18900
-20100
-20800
-21300
-27500
-29600
-26900
-28500
-31000
-34400
-34400
-39000
-34200
-37200
-32800
-30900
-31900
-29400
-33200
-27700
-32300
-33800
-35100
-35200
-40900
-41400
-48100
-47000
-48200
-58700
-51400
-58100
-57000
-62100
-56800
-56500
-61700
-54600
-52100
-51600
-54800
-48000
-50400
-41400
-49400
-41900
-39000
-37300
-37900
-38400
-25600
-31500
-30200
-24800
-20800
-26900
-19700
-15800
-16500
-16200
-14300

-6500
-11800
-6800
-5500
-1300
-100
-2000
400
1700
5600
1400
3100
3500
6500
1700
2200
7600
2700
5400
1400
8400
7500
9300
10600
14000
20900
13100
15600
18700
26000
17900
23900
23700
27400
27300
23400
33400
26200
33300
23700
26700
23900
18700
18700
15500
16600
10200
9600
8600
11500
7400
6500
8100
4900
4100
-3000
2300
-1500
-1300
-5500
-9000
-9000
-10900
-10200
-14900
-13800
-15300
-20100
-23800
-19200
-20700
-25400
-24500
-30300
-28800
-37400
-30100
-35400
-33800
-33800
-36400
-31900
-33700
-27400
-32900
-26700
-31200
-26800
-37200
-32000
-35900
-41000
-37800
-50400
-41900
-54200
-52800
-54800
-55500
-60300
-57300
-55300
-59100
-56300
-57400
-47900
-56900
-49600
-52000
-47600
-43500
-49300
-41300
-39600
-36100
-40800
-34900
-30600
-29300
-30700
-25100
-20500
-25600
-17000
-20600
-15100
-16100
-10500

-10500
-7900
-5600
-6100
-1200
-1300
900
-3100
7000
3000
1200
3300
6400
7700
-1800
4600
2500
5200
1800
6700
8800
9600
10200
6700
17300
13800
19000
13100
23800
22600
17900
25400
22300
29500
25400
29700
25900
31100
29100
24900
27800
24100
23900
13600
17800
12800
12400
10100
11300
11900
6200
6800
2900
10400
3800
1400
-1300
1000
-4000
-8100
-6200
-7800
-7000
-15100
-13800
-16500
-12900
-17500
-20600
-18700
-25800
-22900
-29200
-25700
-31700
-29800
-32900
-35200
-34000
-35600
-31900
-35500
-27600
-33500
-29200
-33200
-25600
-28800
-34800
-31400
-38200
-35900
-45800
-43400
-47300
-50000
-55600
-50100
-54900
-60100
-54400
-60000
-53400
-62800
-54100
-53700
-50200
-50400
-52700
-43800
-43000
-45700
-47200
-36100
-38500
-37800
-35200
-28200
-29300
-32300
-21500
-25600
-22600
-22800
-13500
-16500
-16100
-13100

