
Curva de Excitacao - Bobina Girante (Dados Brutos)

Arquivo..............: C:\Arq\Wiggler\Medidas Wiggler - Corretoras\Bobina Tungstenio\Gap24\Translado24_X=15_#036.dat
Data.................: 11/02/2005
Hora.................: 10:22:13
Ganho................: 5
N. de Coletas........: 1
N. de Voltas.........: 10
Intervalo de Análise.: 4 - 8

-13400
-13700
-14200
-7800
-9000
-9100
-9000
-7200
1800
700
2500
300
5000
5500
4100
5100
300
10500
8800
6400
8400
12600
8800
9000
11700
17600
31600
26200
35100
31500
36500
42100
51400
75900
94000
128800
135500
137400
111500
91700
69200
43400
4100
-23300
-40700
-57700
-54800
-78500
-76800
-91800
-81900
-80900
-67100
-54300
-54400
-54000
-58400
-47000
-50400
-32100
-42700
-34200
-48600
-51800
-56100
-51700
-46100
-55400
-61600
-78200
-71100
-80600
-74800
-73800
-55300
-57100
-58100
-44300
-24100
-6000
11100
34400
43000
83200
104700
117000
112600
129300
109200
81100
64800
28000
-12700
-41500
-48300
-72100
-82000
-79400
-87500
-95600
-94200
-94100
-95000
-91800
-77800
-73000
-61100
-54200
-51800
-46900
-39100
-40000
-41300
-30700
-32000
-34700
-35800
-26500
-30700
-31200
-26700
-29700
-24500
-24200
-19600
-21000
-18500
-19600

-16300
-16700
-11400
-8500
-10300
-1300
-10200
-3400
-4000
2040
2100
1100
4300
5600
6300
4200
9900
5700
9000
1000
9600
11200
9800
14300
15800
27000
20800
24800
25400
36600
37000
46300
56200
80900
102400
111800
134600
128300
127400
91200
64200
36500
11400
-9800
-38200
-58700
-75300
-79300
-79900
-70200
-77000
-72600
-76400
-68000
-61200
-51200
-44700
-43700
-41000
-46500
-44300
-42400
-37600
-43300
-47500
-59200
-58600
-65300
-61800
-63100
-61700
-71200
-80900
-77200
-70100
-60400
-48400
-31200
-30000
-9500
7000
38700
51400
84600
97100
103100
123800
128900
111400
75600
72000
20100
-8000
-40200
-46900
-77400
-79200
-81800
-90700
-91100
-95500
-94000
-96700
-83000
-85100
-71100
-67900
-50900
-52000
-44200
-34300
-44100
-34700
-37200
-28900
-36300
-29500
-33100
-28600
-31000
-28200
-24500
-26300
-20600
-27500
-19400
-21500
-16300

-16300
-11500
-11700
-15200
-8600
-7000
-900
-8700
3100
-1600
1300
-600
4900
11300
3000
7900
3600
11500
3900
8000
7800
10900
10000
10900
17700
20400
28900
21500
30400
31100
38200
44500
54700
82000
101200
118900
127600
130200
119400
101200
73000
38800
5400
-23900
-41600
-54400
-60100
-73600
-84100
-82600
-81600
-74200
-66700
-59200
-57500
-57800
-52700
-48400
-37400
-42400
-35500
-44400
-44700
-49300
-48500
-49700
-50200
-59000
-73100
-68100
-73500
-66400
-75200
-61100
-71800
-67600
-55300
-40100
-20200
-3700
22400
18700
57800
76800
102100
103300
132200
123200
103800
92400
62900
25700
-19500
-27000
-60000
-66100
-80000
-81000
-91900
-89100
-92400
-103200
-89200
-88400
-80300
-74100
-59700
-57100
-53700
-42400
-38300
-39100
-37500
-28300
-37000
-33600
-34900
-25700
-28300
-29800
-26400
-28400
-22100
-26700
-20600
-19600
-16000
-20300

-15800
-12400
-12600
-9300
-9800
-2900
-8900
-3400
-1400
1600
2000
1400
5600
3700
6100
5500
9500
7300
9400
6600
7500
11500
10000
14800
13800
25000
25700
25600
28800
32800
39500
42000
60100
77500
102900
119900
132000
131700
118600
93700
62100
41600
12700
-7500
-43800
-59900
-71600
-79600
-71800
-78200
-72100
-82400
-69200
-68300
-55900
-52800
-43200
-46700
-47900
-41300
-45600
-35700
-44500
-36500
-55800
-54100
-57500
-59800
-63200
-63500
-66200
-80700
-73400
-75000
-62900
-60000
-43800
-46400
-28900
-7300
11700
36200
58100
86700
85600
114200
124000
125300
104200
93600
62100
22000
-3200
-40400
-55200
-70800
-74300
-84600
-89300
-86000
-97600
-97400
-91000
-85500
-86300
-70200
-63100
-55300
-49800
-40900
-37800
-44700
-34300
-33400
-32400
-34100
-31100
-30100
-29900
-28500
-28200
-23800
-25200
-22800
-24100
-18800
-18200
-18000

-13300
-15200
-10500
-13400
-7600
-6100
-3800
-3400
-1400
1100
400
2400
3500
8800
4400
7300
6000
8400
9900
4200
10200
9200
12800
9500
17700
24100
27700
23600
28500
36400
34200
46300
52800
84900
100400
121000
129700
128300
126500
97100
73800
32400
6100
-20500
-33800
-53000
-63700
-77500
-82900
-81600
-83000
-66000
-68100
-61300
-63500
-54200
-50900
-44900
-38000
-39000
-41900
-46300
-42100
-46000
-47700
-48700
-49800
-64800
-69500
-68300
-69500
-69100
-67400
-68600
-75200
-64200
-50000
-39200
-20500
-2400
9600
29900
57400
81400
95200
114600
123800
120000
112500
94000
56600
23200
-5500
-37100
-54900
-68100
-74700
-89200
-83500
-91800
-94600
-98200
-87500
-90200
-80800
-65900
-64700
-56800
-54300
-39900
-40700
-37800
-34900
-33600
-34100
-31400
-30300
-32500
-24000
-30100
-26500
-28600
-21800
-22800
-23500
-16800
-19000
-16300

-17200
-10000
-12500
-9100
-10800
-4100
-4500
-6500
2000
200
5400
-1700
6100
5800
7700
6000
9200
9300
6500
8200
5400
15700
8500
14200
15800
25000
28500
23100
31300
31900
39700
41000
58300
80400
105300
119700
131500
132800
115500
96000
66200
46200
11400
-13300
-42100
-62700
-69900
-72800
-73500
-79300
-78300
-77800
-71200
-63200
-55000
-48200
-50800
-46400
-43400
-43200
-40500
-37200
-36800
-47600
-51300
-53600
-52500
-60900
-59200
-64000
-74100
-76100
-73000
-67200
-66900
-52600
-54900
-44100
-27200
-5700
12300
37400
63200
75700
96900
109300
129500
118000
115700
84600
61700
28700
-6400
-39900
-56100
-63500
-82600
-81600
-88400
-86200
-101700
-93300
-90300
-87800
-82800
-70600
-58900
-58000
-46100
-46900
-37500
-42300
-34900
-32500
-30100
-30600
-36300
-28100
-29600
-24900
-29200
-22900
-24300
-25100
-23400
-18400
-15700
-20000

-12800
-14300
-10700
-12500
-6400
-2900
-6500
-2400
-2300
3900
-1200
4400
4300
8200
5100
6800
9400
7300
11100
4400
10800
8200
13300
12800
18700
24500
26300
26500
27200
36500
36900
46200
53400
80900
105300
120300
131400
130700
126200
97500
68800
33900
7900
-12400
-37000
-49500
-70200
-78400
-84000
-80000
-74200
-70100
-66600
-64900
-58600
-58200
-46300
-45100
-35400
-43300
-42200
-41300
-44700
-40600
-47400
-44600
-58100
-60900
-69500
-66200
-69700
-63200
-69500
-75300
-68000
-64700
-47800
-42100
-13600
-8900
8100
31100
58800
83300
97100
116200
116600
125400
111000
92500
56600
30100
-7400
-40900
-47200
-70000
-77600
-86600
-83000
-92400
-95600
-96000
-89400
-86700
-81400
-65600
-67800
-54100
-53700
-39700
-36900
-37400
-36500
-33900
-29300
-34000
-32900
-28900
-25800
-32200
-26600
-25600
-24000
-21000
-23400
-15400
-21400
-17300

-15200
-10600
-11000
-10600
-7200
-5500
-4600
-4700
3400
-400
5200
700
4400
7900
6500
9400
5500
10900
5600
8200
8300
13000
11900
13800
19900
21300
30800
23400
31700
30800
39200
46000
55800
85000
102200
124100
127500
131300
117900
97100
70100
44200
12800
-20300
-40100
-61600
-64100
-73400
-71600
-80200
-80900
-75400
-70300
-58300
-56200
-49200
-52500
-45000
-44000
-38100
-39600
-35700
-40100
-48300
-48500
-54900
-50200
-58900
-59700
-69300
-71300
-72800
-73200
-65800
-60600
-58800
-59800
-41700
-24200
-5000
16700
38300
55400
75600
99200
111800
123400
126200
113700
84600
63200
31600
-12200
-37700
-52800
-66300
-82400
-79700
-86500
-90000
-93600
-96900
-88900
-92500
-76800
-71400
-60100
-56200
-48500
-44200
-38500
-38700
-38000
-27700
-32600
-31400
-35200
-27700
-28200
-26900
-26500
-25500
-23700
-24300
-21500
-21200
-15500
-17200

