
Curva de Excitacao - Bobina Girante (Dados Brutos)

Arquivo..............: C:\Arq\Wiggler\Medidas Wiggler - Corretoras\Bobina Tungstenio\Gap24\Translado24_X=-13_#008.dat
Data.................: 11/02/2005
Hora.................: 09:19:28
Ganho................: 5
N. de Coletas........: 1
N. de Voltas.........: 10
Intervalo de Análise.: 4 - 8

18500
24800
13400
12900
6300
3800
-4700
-12800
-19400
-30400
-27400
-34700
-31000
-41900
-42700
-43700
-32600
-22100
-6500
15500
25700
50700
52100
78000
73900
94800
94200
96400
92800
71200
51400
33800
27400
6800
7200
-15800
-10300
-19600
-15900
-13500
-11900
-4200
-9500
100
-2900
9200
2900
5500
4500
5300
1700
-700
3700
4000
3500
-6700
400
-3800
-8100
-6300
-9000
-7500
-13900
-12900
-14600
-14600
-19900
-19600
-24000
-25100
-25000
-27500
-26000
-33200
-32600
-39200
-36000
-39900
-43200
-40600
-45800
-48200
-47500
-52700
-57900
-60800
-61300
-59600
-64100
-55800
-52300
-46100
-39400
-36200
-28900
-7000
-2100
-700
-5600
-20500
-38600
-64900
-54900
-83400
-90200
-104100
-101100
-122600
-106100
-88200
-82200
-75300
-57800
-46800
-50000
-35500
-25200
-13100
-7500
7500
6500
16600
14500
14300
23100
26700
24200
18400

28300
17900
17700
11000
10700
-1800
-7500
-8700
-15700
-21200
-35400
-32800
-46300
-37300
-44200
-29700
-26800
-21200
-8800
300
28200
39300
69100
71700
96600
88900
96100
82400
84700
75100
53900
47600
21500
16000
-9000
-10100
-13000
-13800
-15900
-18200
-8800
-6300
-5000
-4400
8100
600
3000
2500
6500
10600
700
3900
1700
2800
0
-2700
400
-500
-4900
-9300
-8500
-10600
-10800
-15100
-13900
-16500
-17800
-21300
-22300
-20500
-27400
-28000
-29900
-29000
-33500
-37500
-32400
-41200
-42600
-43500
-44800
-48100
-50100
-51100
-56200
-57400
-60600
-56100
-63700
-59500
-59200
-47600
-33500
-34300
-15400
-10300
-6900
-15500
-8400
-13500
-32600
-48100
-64500
-82700
-115200
-92700
-107500
-102300
-103900
-83000
-89500
-82400
-61900
-53400
-39000
-31300
-17800
-17100
-1200
-6200
6200
14600
22400
16600
21100
30200
21500
24900

22100
25400
10900
14500
5700
6000
-5300
-12000
-13900
-29100
-27800
-38600
-31800
-40000
-40500
-42400
-30800
-18200
-7900
13700
23700
50600
51600
76700
82300
98400
96100
92100
89800
69900
53100
35300
28100
12000
3300
-12600
-11200
-16400
-18800
-12400
-10600
-2900
-9700
-700
2800
4400
6000
2000
6300
4600
5200
1800
4500
5300
700
-4100
-2900
0
-6500
-5100
-8300
-6800
-12100
-15900
-13400
-15600
-17200
-22100
-20700
-22300
-26400
-28100
-28200
-28900
-36100
-36100
-35900
-36900
-44800
-38800
-45800
-49200
-50100
-52400
-49700
-60700
-57800
-63100
-60600
-56900
-54600
-46700
-37800
-32300
-23800
-2100
-10000
2100
-10200
-15400
-43800
-56500
-55500
-86400
-90900
-103200
-98500
-121400
-96800
-95100
-82700
-75200
-57600
-50300
-45600
-30500
-29600
-9200
-5100
4600
2600
17600
15000
15400
25600
27800
26000
18100

27500
18000
18300
11700
11900
600
-7000
-9900
-16900
-20000
-34600
-33300
-42300
-38100
-42800
-32200
-24800
-21100
-7800
2100
28600
40500
66000
75300
94600
94100
92800
85800
83600
76300
53400
46200
23600
12500
-2700
-11900
-7600
-15900
-16200
-17100
-9700
-5800
-4800
-300
2700
4700
2700
2100
4200
10500
2900
2700
3600
4000
500
-5400
3000
-2500
-2300
-9600
-8300
-6900
-11700
-13000
-15800
-15000
-20700
-19800
-20300
-21100
-26300
-27700
-25000
-33100
-31000
-37900
-32100
-42400
-41400
-41600
-45100
-46300
-50900
-49800
-58600
-55400
-61600
-56200
-62700
-56900
-57500
-50200
-31600
-35800
-10500
-13500
-4900
-17000
-2900
-16600
-30500
-47600
-63100
-82800
-113000
-92200
-110900
-102100
-102700
-82300
-87900
-79200
-62900
-55400
-35100
-32400
-19200
-17400
-1400
-5100
5600
18800
19100
18400
22600
31600
18400
25600

24400
23600
11600
15100
11000
900
-3200
-11500
-14700
-29400
-27500
-35000
-32600
-40100
-41500
-36400
-32100
-19900
-7600
12300
27100
48400
57100
72800
85900
94600
98300
91200
91000
72300
53300
38600
25200
17800
-300
-11600
-14200
-11900
-17600
-13700
-9000
-4900
-3600
-4100
5600
2500
7300
3300
9600
5500
2100
4900
3300
6600
-1000
-2300
-1000
-300
-6100
-5200
-7400
-9100
-9400
-16000
-11800
-17400
-14300
-23200
-21300
-22500
-25800
-25400
-29700
-26800
-36800
-35100
-36700
-36400
-42800
-41300
-44300
-49000
-46600
-56100
-49500
-61200
-57100
-61700
-59100
-57200
-55900
-43500
-39800
-31000
-26200
200
-8800
2600
-10500
-16800
-40700
-54600
-58400
-85900
-90400
-102100
-102000
-116900
-97100
-90400
-84500
-73200
-59900
-49400
-45700
-30000
-28400
-8700
-3600
2700
7300
16000
18300
13700
27200
26900
27000
20100

26400
21100
16600
14400
8100
4000
-6800
-9000
-17400
-19100
-31100
-34900
-37700
-39200
-39400
-34900
-26400
-19300
-7700
5600
27800
46800
61400
77900
91800
96200
92100
87300
86600
76200
58600
43100
27600
9500
300
-13600
-9700
-13300
-15000
-16800
-10200
-2100
-6600
2700
3100
6800
2100
3100
7800
7600
6200
2300
5000
1100
2900
-2700
1300
-600
-3200
-7100
-9900
-4700
-11200
-11200
-16300
-13800
-17200
-19700
-19000
-22700
-23200
-29100
-26100
-31600
-30200
-37300
-34000
-37000
-42300
-40900
-46600
-41800
-52300
-49100
-56200
-55300
-61400
-56000
-58900
-59600
-53000
-47900
-34100
-34900
-11700
-11400
-7400
-11000
-5700
-13100
-32500
-44300
-67100
-84800
-104600
-92600
-109500
-103500
-101000
-88200
-84400
-75600
-62800
-56000
-35600
-29700
-20700
-13600
-3200
-1000
6200
19300
17500
21500
23200
28100
21600
23000

26100
22400
17200
12500
10400
2800
-1900
-11700
-15000
-23900
-31000
-32400
-35300
-37300
-42300
-36600
-28500
-19400
-4500
9200
30400
43900
62500
71900
89100
93500
98900
93600
89200
75400
49700
42700
23600
16700
-200
-7700
-12000
-16900
-13700
-13800
-7500
-6000
-2700
-3700
3900
5900
6600
5000
5500
10200
-100
5600
3300
7700
600
-1900
-800
-1200
-1700
-8800
-4700
-8700
-9100
-16100
-11100
-14000
-17400
-19900
-20900
-19300
-28900
-23600
-27800
-29900
-33700
-33900
-32700
-39900
-39000
-42500
-44100
-48700
-44900
-54800
-50400
-57900
-59900
-57800
-61600
-57900
-56100
-42000
-38500
-33400
-19100
-4400
-6100
-3300
-4900
-21100
-39500
-48100
-57400
-85900
-93900
-97600
-105500
-110300
-98800
-89300
-83500
-71900
-59900
-49600
-38900
-34200
-25300
-8200
500
-2100
7700
18500
17500
13600
28400
31000
23300
23300

25000
23600
14600
16500
9100
4000
-5100
-8800
-12200
-23700
-29600
-35300
-36500
-40900
-37700
-34400
-25800
-17000
-10000
11800
22700
48900
59300
80000
92000
95400
96200
85900
89500
73300
61300
41900
28500
10700
-1300
-8900
-10900
-9800
-16800
-12400
-13300
-1300
-4000
2200
4800
5900
5200
300
11000
9100
6100
1000
7100
4100
2100
-500
-300
900
-4900
-4400
-8500
-5700
-10100
-11800
-13100
-15400
-16100
-21000
-17700
-22800
-24400
-26200
-26000
-30800
-31600
-33500
-36200
-37400
-41000
-39800
-46700
-43400
-48100
-52800
-51100
-56700
-56800
-58300
-57300
-60400
-55500
-45600
-33900
-30500
-15000
-5200
-11400
-7100
-5200
-10700
-32200
-46900
-63600
-89200
-97000
-97600
-104400
-106900
-98100
-88500
-83300
-76600
-62600
-49000
-37800
-28700
-24900
-8400
-5200
200
6400
19300
19600
19700
26000
26100
24300
23500

