
Curva de Excitacao - Bobina Girante (Dados Brutos)

Arquivo..............: C:\Arq\Wiggler\Medidas Wiggler - Corretoras\Bobina Tungstenio\Gap24\Translado24_X=-7_#014.dat
Data.................: 11/02/2005
Hora.................: 09:28:54
Ganho................: 5
N. de Coletas........: 1
N. de Voltas.........: 10
Intervalo de Análise.: 4 - 8

-16600
-2700
-6000
-13100
-4600
1700
1800
1000
1600
300
11100
14300
21000
24100
26400
28400
32100
30000
38100
31400
28700
25000
14500
5000
-3300
-4800
-9300
-10000
-16200
-9300
-7000
6500
-2900
9700
16200
11800
13900
15300
22500
13200
17200
15100
14100
18500
17900
13300
16600
16500
7300
9200
8300
9200
4500
4100
7600
-300
-1400
-5600
-2600
-5600
-7300
-9200
-11200
-12300
-17200
-14100
-18000
-15800
-20900
-24200
-27640
-21200
-25800
-29700
-25000
-31100
-31800
-35600
-31700
-39000
-36300
-39700
-40500
-44700
-48700
-50000
-53600
-50700
-60100
-50000
-56500
-56800
-57100
-56700
-60900
-62000
-56900
-70300
-71400
-63700
-58300
-68300
-46300
-39600
-42800
-36000
-27500
-36100
-38200
-28900
-33700
-44700
-38800
-42800
-52300
-40700
-38100
-40400
-35900
-25700
-37700
-29100
-17000
-17400
-22500
-9900
-8600
-17200

-9600
-4300
-4100
-6500
-400
-6400
-1300
-1400
5000
4900
12300
14800
13500
25000
26300
34300
30400
39800
32900
32700
21900
24900
17600
7500
1600
-7700
-7200
-17100
-9400
-13700
100
-700
-1400
11900
13300
16200
12600
18900
15100
17800
16200
17800
16500
19100
18000
10000
18600
12000
13100
11000
13100
7500
2100
7100
2300
2000
-2100
400
-3700
-5600
-9200
-9900
-6900
-13400
-12700
-19200
-15100
-19500
-19500
-23600
-23100
-20300
-29700
-25800
-28600
-28800
-34200
-31200
-35900
-36600
-38400
-39700
-41900
-46100
-44300
-51800
-49100
-54400
-56000
-54800
-57700
-55800
-53200
-53000
-62900
-58300
-62600
-70100
-73200
-60000
-62700
-63400
-43000
-43600
-45800
-34300
-27000
-33800
-35600
-30200
-44500
-41100
-39300
-39700
-48700
-37600
-41500
-46800
-33600
-29000
-31600
-29500
-12600
-26600
-19200
-13400
-6900
-12600

-8700
-5300
-10400
-2200
-6500
0
-3400
5400
-2000
7100
10500
14100
18600
23900
33300
25600
33700
30800
38800
29600
28800
26500
15700
8600
-4100
-1400
-10100
-10100
-16600
-9800
-2500
2100
1500
8600
17400
9900
17000
13900
19000
19300
18300
16900
13700
21400
12000
15000
16200
17300
11900
8400
12800
7800
5800
4000
7100
-1100
-1100
-4500
-1600
-2400
-9700
-6700
-12400
-10000
-17600
-13900
-16000
-16300
-21000
-23800
-20400
-24900
-24900
-28700
-24100
-33500
-29000
-32800
-34300
-34300
-40200
-36500
-45800
-41500
-48200
-49200
-50900
-52300
-56400
-52700
-54800
-60000
-48800
-62500
-57100
-59700
-60100
-69000
-70500
-57100
-69000
-57500
-49500
-37600
-45700
-31200
-33300
-35200
-28500
-35000
-34800
-44500
-31900
-56100
-41900
-38200
-40200
-42800
-31000
-27600
-38900
-21900
-20800
-17500
-23400
-4600
-13200
-11900

-9200
-5800
-1200
-7600
-1500
-6500
2500
-2000
4400
7600
13200
14700
15300
24700
25500
34000
31100
39800
35100
31900
26700
21700
19700
6300
1600
-8000
-5300
-13100
-12400
-8900
-2600
2900
-2100
12000
11700
18100
16100
15200
20200
19100
17000
12100
21000
19500
15400
10900
17200
15000
10200
14000
8900
10300
4200
5700
2300
3200
1100
-3200
-700
-7200
-6800
-10700
-8000
-11700
-12700
-18000
-17300
-14200
-21300
-22100
-23400
-19900
-28300
-28400
-26800
-29700
-29800
-33300
-31200
-36400
-36400
-41600
-40500
-45400
-45400
-50900
-51000
-50000
-56200
-49600
-62700
-52400
-54700
-55900
-60500
-56500
-64100
-70200
-64000
-65500
-60500
-62600
-42800
-48900
-37200
-33800
-31200
-31500
-32700
-34900
-44100
-32100
-42000
-45200
-43300
-35900
-49500
-41200
-26900
-32100
-30400
-25200
-16800
-27900
-14400
-10900
-10200
-10800

-7700
-6200
-8500
-3600
-4900
-100
-500
3600
-100
7100
12300
12800
19500
24700
30000
31200
32000
35300
37500
34800
26100
25100
13800
9900
-1900
-2700
-5500
-14400
-10400
-11400
900
-3300
5800
10400
14300
16000
15300
16000
17900
24000
13500
17200
17200
20800
12400
14800
21400
13800
13700
8200
12100
8200
8900
6000
4000
900
-2000
-1300
-2600
-2900
-9100
-7700
-11000
-10200
-13100
-16500
-13500
-18100
-18400
-24700
-20400
-22900
-25500
-27400
-26500
-28400
-32700
-30000
-35400
-32500
-40100
-36100
-42300
-45400
-44000
-50300
-50200
-54600
-51300
-56500
-55800
-57100
-49800
-61300
-58600
-54100
-64700
-68500
-70100
-60400
-67100
-54300
-46900
-44200
-40000
-31000
-36200
-31600
-28200
-36200
-35200
-39400
-41000
-52000
-36000
-35000
-47900
-38900
-29300
-32900
-35400
-21100
-19800
-20900
-14400
-12100
-12200
-12100

-5400
-7700
-2300
-2900
-5700
-3500
1500
3200
900
10200
11700
14800
14600
26000
30900
32200
35900
34800
39600
27700
29900
21700
18900
9600
-1900
-2100
-9200
-9600
-16300
-4000
-3700
1800
1000
13200
15200
14400
20200
11900
21500
17400
20300
16400
20400
21200
13500
17300
14500
15900
11900
14500
10400
10900
6500
3700
7500
1000
2700
-4200
800
-5400
-8200
-8600
-7000
-7300
-16700
-15400
-15700
-14400
-23600
-19000
-21000
-22900
-25400
-26800
-24700
-32400
-26900
-33400
-33300
-36700
-36300
-37000
-42700
-42000
-46600
-46900
-54400
-49200
-56200
-52200
-57600
-52800
-48500
-61000
-54600
-60500
-61600
-70300
-65000
-66100
-60700
-54400
-49200
-44500
-38100
-28200
-36600
-26600
-32500
-37500
-37900
-34200
-38600
-46200
-35200
-42400
-45500
-39700
-28400
-32800
-30400
-20100
-21100
-20500
-17500
-10000
-11800
-7100

-9000
-8500
-3300
-3900
-3500
-1700
5400
-1500
4600
4400
14400
14100
20300
26200
28600
33800
31600
39200
35500
35600
27300
24800
15300
8800
1000
-5200
-4400
-14700
-9900
-11200
600
2900
2400
13600
12200
18900
13600
17000
19400
23800
16200
17400
20900
17800
18200
13900
20500
13600
15100
10400
11000
12200
7200
7500
4400
2400
-2000
-900
-800
-2700
-7300
-8200
-8400
-11200
-11200
-16600
-12800
-17000
-20800
-21300
-21400
-20800
-27200
-23800
-28500
-27300
-30100
-30700
-34100
-34000
-36500
-40500
-38600
-45000
-42600
-52000
-49400
-51300
-50800
-55000
-58300
-51800
-54600
-55800
-57300
-55300
-65500
-62900
-68300
-66300
-59200
-55400
-47500
-47400
-32000
-36600
-33500
-26900
-29700
-36900
-34200
-31900
-49500
-43800
-37600
-37500
-46500
-32000
-32400
-36600
-29100
-22300
-17400
-21100
-11900
-15900
-9100
-9300

-7800
-5500
-2600
-2500
-8200
700
200
3800
3000
11100
12100
13800
19100
23800
31200
32500
37000
33100
39000
34500
26100
25600
17400
13300
-3900
-1600
-6800
-10100
-11500
-6900
-1100
1400
8200
6800
16800
17400
19600
11700
22500
22500
14600
20700
19400
22200
14200
18100
14400
15300
15500
11600
11900
9500
9200
1900
7600
3800
1400
-1700
-1000
-1700
-8900
-5200
-9800
-7700
-15000
-13800
-14800
-15200
-18100
-22100
-19400
-22000
-25400
-28700
-24800
-28300
-28900
-32000
-32700
-31100
-41000
-35400
-41600
-42200
-44900
-45700
-53200
-49700
-50200
-57800
-54300
-54700
-47800
-60700
-52300
-60300
-64300
-61700
-69000
-63000
-63200
-49400
-53400
-41700
-36200
-31900
-35600
-25900
-31500
-41700
-30700
-37800
-41500
-45000
-32100
-45800
-45100
-33800
-32300
-32400
-28100
-20700
-25900
-15500
-16700
-12900
-9200
-4100

