
Curva de Excitacao - Bobina Girante (Dados Brutos)

Arquivo..............: C:\Arq\Wiggler\Medidas Wiggler - Corretoras\Bobina Tungstenio\Gap24\Translado24_X=-19_#002.dat
Data.................: 11/02/2005
Hora.................: 09:07:05
Ganho................: 5
N. de Coletas........: 1
N. de Voltas.........: 10
Intervalo de Análise.: 4 - 8

96500
91500
84200
84100
82400
68800
63000
63800
39100
27800
19400
1200
-17400
-22700
-57400
-71200
-80600
-109500
-128000
-138700
-139500
-161000
-156900
-147000
-140400
-122100
-98800
-70700
-38000
5500
27000
71800
92900
122400
116500
123700
122400
100500
94500
74700
67400
48600
35800
21500
20800
7700
1400
-600
2800
-1700
-11300
-1200
-7300
-7800
-6900
-10400
-9300
-8500
-11400
-15800
-12400
-13000
-19000
-19800
-15100
-24500
-25600
-21400
-27100
-30900
-28500
-28700
-36000
-34500
-31100
-44500
-36400
-31600
-43200
-38500
-28800
-32200
-39200
-19400
-17900
-28700
-20600
-9100
-35200
-49200
-38500
-82200
-106600
-122900
-134400
-180700
-168700
-168400
-177800
-154200
-136900
-137600
-129400
-98200
-99800
-81900
-56400
-43600
-49600
-11500
-1500
-9600
12900
40500
30400
30600
64500
62500
56500
71500
83900
77500
85700
90400
86700
96900
94600
91300

91200
97800
85200
83800
81300
68800
65400
57200
43100
27700
25500
-4000
-14700
-26500
-54100
-70500
-83700
-105700
-131300
-134500
-144000
-154700
-159800
-143300
-140800
-124900
-95500
-75300
-31700
-4400
39000
67200
102700
113600
117900
117600
121500
108400
91000
79700
59500
53000
32100
25200
19700
9500
3000
-1400
1700
-3300
-7400
-4200
-5700
-7400
-5800
-10500
-10300
-6000
-11900
-14700
-13800
-10300
-20600
-18900
-14000
-22900
-25200
-22400
-26900
-29000
-29100
-27900
-35800
-32200
-33400
-40800
-36500
-31500
-43100
-38000
-27700
-34500
-32900
-24200
-14300
-32200
-19000
-9400
-39200
-41200
-43200
-70700
-114800
-118100
-149100
-169900
-167800
-163400
-174600
-159500
-138800
-145200
-119600
-100000
-92800
-89500
-54400
-50000
-44400
-14400
2900
-5800
10300
39500
31500
37300
57200
65700
55200
75200
81900
79300
87300
88400
90600
93200
97100
89100

97200
92600
85200
85200
82000
72700
60900
61600
40300
30100
20600
2500
-12300
-28400
-55300
-73500
-79800
-109700
-125100
-137500
-140700
-158900
-156500
-143700
-141300
-123000
-102600
-68800
-35100
3400
30500
70400
96200
117500
121400
122000
123700
102000
93300
75900
66000
51500
32800
25000
17600
10200
2100
1900
500
-1000
-7800
-3700
-6100
-6500
-4400
-11600
-8200
-7800
-12200
-14200
-12700
-9800
-20600
-18300
-16200
-23200
-24600
-20700
-23700
-31100
-28400
-30300
-31500
-36000
-29900
-40800
-34800
-34600
-42000
-35500
-32300
-29400
-36600
-20400
-21700
-25400
-20400
-9900
-32500
-45800
-40100
-85100
-102400
-124200
-136200
-177000
-169400
-169200
-176300
-150900
-141700
-131000
-130100
-101100
-101200
-78400
-54900
-46800
-47000
-15200
3300
-9000
16700
33700
34500
33000
63000
62600
57300
73000
82100
81700
82900
91800
89600
96700
93100
91700

92900
95500
86800
86100
82100
66800
64900
57800
45800
27900
22100
2000
-15700
-27100
-54400
-67500
-85800
-105900
-129700
-133300
-142300
-156500
-157200
-148900
-137100
-123300
-95200
-75300
-34300
-700
36500
73900
99500
118900
115400
121100
120700
110000
93400
78100
61500
51100
35100
22900
21700
9000
3100
-1700
1900
-1300
-8200
-1800
-5800
-5000
-9700
-8600
-7600
-7800
-10800
-15200
-11200
-14000
-16800
-19900
-14300
-23200
-23800
-22200
-27900
-27100
-28900
-26700
-37100
-32100
-33200
-39500
-36000
-33800
-36800
-38600
-28700
-35800
-31000
-25600
-13500
-27900
-19200
-11200
-36400
-38300
-47900
-68500
-111800
-120900
-148700
-167800
-166000
-167400
-169800
-159300
-138700
-143500
-118900
-103800
-90200
-85600
-57500
-49900
-41200
-11000
-2100
-3900
11900
39800
31400
39000
58500
61800
60400
72400
83200
77700
89800
88400
90200
94600
97200
91700

94800
94500
84700
86600
78800
73400
63100
61500
41300
31300
23500
1000
-13300
-30000
-52300
-71400
-80800
-107400
-125500
-135000
-143300
-153200
-157900
-146100
-140200
-121100
-101900
-69500
-32000
3000
33900
68200
99000
117500
121200
124200
121300
105600
92100
80900
62400
53500
33600
24600
18100
11300
5200
-500
4200
-3100
-6300
-5000
-4200
-6200
-5100
-9300
-7400
-6600
-11800
-12700
-13500
-9800
-19600
-17600
-15800
-21200
-22000
-23000
-22600
-30200
-27700
-31600
-31400
-33800
-32200
-38100
-34900
-31000
-43100
-35000
-33300
-28600
-34700
-18700
-18600
-27200
-16900
-12200
-26400
-49000
-40900
-80400
-97300
-128400
-138800
-172100
-170400
-167100
-172100
-147900
-147100
-133500
-126500
-100600
-97100
-79900
-54300
-49300
-41600
-18100
2700
-4200
18200
32800
33500
39300
58800
63900
60000
73700
78700
84300
85000
91400
88200
99200
96500
89300

97700
93900
87700
82200
83500
70700
65700
58400
46300
30700
19300
2400
-15300
-24600
-54800
-68900
-83300
-106200
-125300
-135900
-139700
-157200
-157300
-148600
-136200
-120600
-98400
-69000
-35400
3900
32300
74600
97800
117500
118000
122200
124000
105900
97200
76200
65000
50500
36400
25700
20800
11800
2800
2400
-500
1600
-8500
-700
-5600
-5400
-4800
-11400
-4800
-9100
-8600
-15400
-12100
-11800
-16600
-20500
-14800
-18800
-26500
-19400
-26000
-26200
-31200
-27300
-33400
-34200
-31100
-38300
-32800
-37200
-36800
-38100
-28800
-34100
-29300
-24600
-15600
-24000
-21400
-9000
-33700
-35200
-51100
-67900
-109200
-123800
-143200
-167700
-164400
-174600
-164900
-160900
-138100
-137600
-118100
-106200
-95000
-77900
-59200
-45900
-44800
-9100
-2300
-300
12800
37400
34200
38600
59200
61800
63600
71100
82600
80900
87700
87900
91200
98300
95000
92700

93900
98100
83000
86500
82700
73300
63100
60500
45200
28900
22400
3900
-11200
-32200
-51800
-69200
-83500
-103800
-125900
-133200
-145300
-152700
-158300
-145100
-137900
-120000
-99300
-70100
-30200
1500
35000
69800
100700
117000
122200
122700
121600
109000
91800
81300
63100
52100
36400
24800
21600
9900
5600
-1900
5600
-2100
-5300
-5000
-3000
-4400
-5700
-7400
-9700
-5200
-13300
-12000
-13000
-9100
-18300
-18700
-14000
-22500
-21900
-23100
-22700
-30500
-27700
-28800
-32000
-33500
-31000
-35500
-39400
-30600
-40400
-32200
-33400
-29900
-32700
-23200
-15700
-27500
-17000
-13800
-24100
-46300
-45200
-75400
-99200
-124900
-143100
-165000
-174200
-168600
-173200
-147300
-145100
-131900
-124400
-103200
-95800
-78500
-55300
-51400
-39500
-14900
3200
-4400
16300
35500
33600
41200
54800
67100
60900
74300
78800
84200
87200
89800
91600
97200
95200
89700

98200
94200
87300
85600
82300
71300
62900
62500
43600
30900
18800
5300
-15800
-27100
-49800
-70500
-82700
-106300
-123300
-137800
-141000
-154900
-154000
-147700
-137000
-118200
-101200
-68500
-34600
3600
33900
72600
101600
114900
121700
119600
127000
105000
96600
76000
64600
52900
34100
26500
19300
14500
600
2700
800
2400
-7700
-2300
-3100
-7400
-4100
-9500
-4800
-9800
-9000
-14900
-11300
-11800
-17700
-15400
-17600
-18800
-25400
-19900
-25800
-26200
-29900
-28200
-32000
-34700
-29700
-39500
-33200
-37200
-35900
-38000
-31500
-28900
-31300
-22700
-19500
-22100
-24500
-9700
-32300
-36700
-49900
-68900
-104800
-129400
-141300
-166900
-163500
-174500
-165400
-159300
-142200
-133200
-118200
-102800
-96700
-76900
-61600
-47100
-40800
-10400
-2200
1200
16900
30300
36600
39900
58100
59300
65700
72300
82400
83200
86400
88800
91000
99300
94300
93300

