
Curva de Excitacao - Bobina Girante (Dados Brutos)

Arquivo..............: C:\Arq\Wiggler\Medidas Wiggler - Corretoras\Bobina Tungstenio\Gap35\Translado35_X=-15_#006.dat
Data.................: 03/02/2005
Hora.................: 08:58:21
Ganho................: 10
N. de Coletas........: 1
N. de Voltas.........: 10
Intervalo de Análise.: 4 - 8

36600
33600
34000
26950
30300
27550
19750
18650
14850
9100
-400
-600
-7750
-9950
-20550
-21100
-23750
-29100
-32650
-39600
-31150
-37050
-33600
-31800
-28250
-31850
-26250
-24600
-20750
-14150
-20350
-15400
-18400
-12950
-18450
-16300
-12950
-18200
-16650
-19150
-16350
-15000
-14150
-15050
-14100
-12600
-14450
-14800
-10750
-5750
-13850
-12450
-10600
-10000
-9400
-12950
-7850
-11550
-11300
-14650
-12650
-10650
-13400
-15650
-13750
-12450
-18950
-16300
-14600
-15750
-20150
-18000
-19150
-23800
-18450
-23400
-21800
-26900
-24100
-30200
-29900
-25950
-31800
-32750
-33350
-34950
-42050
-29750
-36300
-39650
-39250
-37450
-43150
-48050
-31400
-47450
-46450
-48700
-46650
-56950
-46950
-45450
-51550
-46500
-45000
-42300
-45100
-27900
-34800
-26500
-18150
-16550
-14500
-2350
4100
-4300
10050
18650
17400
14800
29100
27750
27000
33350
36000
36150
33300
36150

32350
37000
31550
33450
29900
24550
20150
17700
16750
3800
6050
-1750
-6400
-13350
-17700
-23050
-26450
-28050
-34550
-32850
-34350
-32700
-39300
-32200
-31100
-25700
-22600
-26700
-19100
-19550
-18800
-17700
-13950
-11500
-17600
-19100
-16050
-14600
-16700
-16000
-16900
-14150
-17200
-18350
-11100
-12750
-12500
-16950
-8350
-10850
-14450
-10450
-8450
-9350
-13000
-12700
-11050
-10300
-11550
-12550
-13450
-10750
-12800
-17600
-12150
-14500
-14550
-18200
-15200
-17050
-19150
-14200
-20450
-20850
-21950
-22750
-26300
-22050
-25500
-27250
-29200
-28050
-31800
-36750
-26200
-36850
-36800
-36150
-35800
-42600
-37300
-34050
-42650
-43000
-42750
-43250
-53100
-39050
-48600
-48450
-51200
-49450
-50150
-47800
-40700
-46000
-36850
-35100
-31500
-28100
-16000
-17250
-13200
150
0
2000
7700
19900
12900
20650
30100
29350
29950
30200
35450
33800
38050
35200

37150
35000
33350
31000
28750
27100
20100
19250
12500
7900
3550
-1000
-8150
-11450
-16600
-23350
-23550
-28600
-33700
-37250
-32350
-33400
-35050
-30250
-30750
-28100
-27900
-23750
-19000
-15500
-17350
-18350
-15450
-16050
-14400
-18650
-13300
-15500
-15650
-18050
-16650
-11300
-17100
-13900
-14900
-11700
-14450
-13150
-9350
-9000
-12400
-12100
-9750
-11900
-8950
-12100
-10150
-10500
-10400
-12350
-14650
-9300
-14500
-13250
-15900
-12950
-16400
-15300
-15600
-16950
-16150
-19300
-18100
-22950
-17400
-24850
-21150
-25250
-26850
-28200
-27650
-25300
-34000
-31450
-31950
-35950
-39250
-28800
-37400
-39850
-36300
-39250
-42500
-45550
-32950
-45650
-46400
-47400
-49100
-51850
-46950
-46000
-50250
-46100
-47200
-41850
-39600
-30300
-34800
-26250
-14050
-18450
-12850
-4100
2600
-100
12450
17450
16000
20600
27450
29000
27300
34200
34950
37700
35150
35400

35550
36950
35350
28700
30950
25400
22150
17200
17150
7150
3650
-350
-6650
-9200
-20400
-21000
-25400
-28200
-33450
-33250
-29900
-36300
-36650
-34050
-27050
-26850
-23950
-24350
-20150
-17500
-21050
-13450
-15600
-12000
-17250
-17000
-16150
-15800
-14250
-16550
-15050
-15950
-15150
-17500
-9900
-12500
-12750
-13100
-9750
-8450
-14500
-7350
-11200
-7250
-11150
-12100
-11650
-8500
-9300
-14100
-11050
-10750
-13050
-18000
-9500
-13500
-16550
-15300
-15500
-16350
-19500
-16150
-20150
-20950
-20300
-23000
-22350
-22950
-24350
-29450
-27550
-29450
-31500
-32400
-25950
-38050
-36400
-32050
-39450
-39450
-36500
-32600
-42550
-43600
-40900
-45550
-46000
-41400
-46650
-50750
-47250
-50450
-49700
-45900
-41350
-43600
-37350
-32900
-34850
-23650
-17250
-17000
-12350
2150
200
-250
11200
17050
16550
19300
30550
29550
30800
29250
34550
37550
36450
37000

35950
38400
31150
31350
29950
28100
21150
19800
15150
6450
5900
-1450
-4500
-12950
-16450
-20750
-22250
-29100
-34050
-31600
-33950
-30800
-34850
-30250
-30700
-26900
-26650
-24600
-16200
-15050
-16900
-19700
-13000
-15150
-14550
-16200
-12800
-14800
-17100
-15850
-16100
-10850
-16400
-13850
-14200
-11600
-13350
-12750
-6350
-9200
-12800
-11400
-8150
-9800
-8950
-11200
-10800
-7900
-11900
-11850
-12450
-7350
-13450
-12800
-12250
-13900
-13950
-15700
-14600
-18200
-16200
-18050
-19600
-19950
-16750
-21450
-24150
-22450
-26450
-27200
-28350
-25050
-33000
-31900
-29650
-35900
-35900
-32250
-34400
-39750
-36850
-39400
-40750
-41100
-37400
-42000
-46850
-42500
-51800
-46750
-46800
-46550
-48450
-47150
-45050
-42950
-35450
-35850
-31050
-25250
-14250
-18850
-9050
-650
-550
3400
10900
20400
15850
23400
25850
31050
29600
34450
35950
37050
36200
33350

38700
35050
35650
32100
31450
25400
21450
21600
13050
9650
3700
450
-7850
-8800
-17100
-21250
-23800
-28450
-29950
-35000
-29050
-36000
-34750
-34450
-26900
-24000
-24600
-23250
-19750
-16350
-20000
-14000
-14650
-12050
-15700
-17350
-11950
-15900
-13100
-17750
-14450
-13550
-15800
-13950
-12250
-10300
-13850
-12350
-10700
-7400
-12900
-8600
-8900
-8950
-9100
-12600
-8600
-11100
-8850
-12650
-10500
-10350
-12400
-12050
-13050
-12650
-16050
-13850
-17600
-14400
-17150
-17300
-18350
-20000
-17500
-25850
-20800
-22900
-24500
-27500
-26250
-28000
-33050
-28000
-29050
-33150
-37300
-31250
-39300
-38100
-35450
-35250
-40000
-44750
-37250
-47250
-42500
-45600
-44950
-49950
-47600
-50250
-48300
-42450
-46600
-40050
-38200
-32800
-34450
-20050
-18000
-17950
-10600
-100
3800
2100
13200
13600
18300
21200
27400
30000
31950
32500
32700
40350
36300
36600

35950
37300
32550
31450
31550
26050
24050
17350
16350
7600
6350
-3700
-3600
-10250
-18250
-20400
-22850
-26850
-35000
-33100
-32750
-31300
-35300
-31400
-27850
-28100
-25150
-24750
-13200
-16400
-17900
-15800
-14700
-11700
-16400
-14900
-15150
-12700
-17650
-16150
-14650
-10800
-15000
-16250
-9500
-13950
-11100
-13500
-9150
-10100
-10550
-9200
-11500
-6050
-8550
-9600
-12050
-6850
-11250
-13800
-10450
-9200
-11800
-15500
-10650
-14600
-12950
-16500
-12850
-16450
-17900
-17050
-20050
-16300
-19200
-22750
-22400
-21850
-27000
-26500
-24200
-28700
-30600
-32200
-29000
-39550
-33000
-30350
-37100
-39200
-37800
-36250
-43850
-38400
-40550
-40150
-47250
-44550
-50100
-43900
-46600
-50300
-45500
-47650
-44800
-44600
-33200
-35150
-30850
-23750
-16550
-16150
-10500
600
-1000
3600
10050
20550
18450
20850
26050
30200
32600
31100
37000
37600
37750
32850

38600
37150
33700
33700
29100
28050
20300
19950
14850
10150
4200
-100
-4700
-11650
-16150
-22200
-22850
-30000
-28650
-32100
-32900
-32550
-35800
-30550
-29350
-22800
-25400
-25350
-19050
-16500
-16850
-15200
-10850
-14950
-13850
-18600
-12950
-15400
-12350
-16300
-16500
-10700
-16800
-13250
-12600
-9000
-13200
-12650
-10100
-9500
-9700
-10700
-8700
-10450
-7450
-13050
-9000
-8350
-10000
-12600
-12600
-7550
-15350
-12650
-11950
-11700
-16200
-14950
-13950
-17400
-15650
-17950
-18200
-20700
-17750
-24450
-21600
-20950
-24450
-26450
-29300
-27100
-32600
-28950
-31350
-32850
-36850
-32450
-38000
-38000
-33000
-37300
-38050
-45500
-39250
-45950
-41700
-42450
-48350
-46650
-50550
-47800
-47800
-42400
-47450
-39900
-38200
-34150
-30000
-22650
-16000
-19450
-7700
-2750
1550
2400
13000
16400
16850
21750
27300
33100
29350
33300
34650
39200
36700
37300

