
Curva de Excitacao - Bobina Girante (Dados Brutos)

Arquivo..............: C:\Arq\Wiggler\Medidas Wiggler - Corretoras\Bobina Tungstenio\Gap35\Translado35_X=-2_#019.dat
Data.................: 03/02/2005
Hora.................: 09:21:17
Ganho................: 10
N. de Coletas........: 1
N. de Voltas.........: 10
Intervalo de Análise.: 4 - 8

-13100
-9200
-9100
-8800
-9650
-11150
-7000
-12150
-12600
-15400
-5150
-12150
-13550
-12350
-15400
-14100
-17150
-12850
-14150
-15900
-16000
-13050
-16050
-14950
-15150
-15950
-8050
-13750
-8850
-6550
-4850
-5250
-9350
350
-3550
2600
-850
2750
2500
2600
900
-650
1150
2200
2850
-2500
4200
-5300
-3150
-6000
-6900
-5300
-7650
-8450
-10500
-10250
-14400
-14600
-14950
-11850
-15850
-17200
-16400
-17600
-19300
-18300
-14250
-16400
-18450
-17800
-17300
-13900
-15800
-15750
-12750
-13700
-13400
-13300
-10400
-12500
-11950
-10600
-9350
-14700
-10300
-12650
-15650
-12250
-14850
-15800
-20900
-16800
-24650
-27100
-28100
-23400
-30100
-32500
-30400
-31200
-34250
-38550
-30800
-2040
-33900
-36350
-32650
-34150
-30550
-30550
-30200
-26950
-30000
-27950
-25150
-20250
-25750
-20700
-18000
-17650
-19100
-14000
-9550
-15950
-14200
-11350
-8750
-11250

-9200
-8300
-8250
-8800
-13500
-7750
-8900
-9100
-12300
-11100
-9750
-14500
-12550
-11700
-12700
-15500
-13300
-15050
-15450
-13800
-15800
-13450
-16500
-11750
-15700
-12700
-10150
-12550
-8000
-10250
-4200
-6200
-3850
-2950
250
-1800
1700
-1450
3700
7300
-750
2600
1700
4450
-1750
350
850
-1650
-1850
-4100
-4350
-6350
-9500
-11150
-8700
-10250
-13550
-11950
-14250
-14550
-19500
-14750
-16400
-15300
-16900
-19700
-15400
-18450
-14650
-18200
-13950
-16050
-15350
-16000
-14100
-11400
-12200
-9200
-15100
-8850
-12300
-8200
-15200
-10350
-8500
-13800
-14700
-14100
-13050
-20950
-15400
-19600
-19200
-28300
-23500
-26800
-32350
-31250
-33300
-28900
-35950
-34200
-34800
-34850
-33850
-33850
-35650
-32500
-32750
-34900
-28200
-28500
-27850
-27200
-22950
-23400
-27800
-18100
-18400
-18450
-20700
-13200
-13750
-12850
-12250
-10700
-8250
-12800

-9400
-12000
-5500
-11050
-10350
-8000
-9300
-11850
-11750
-7350
-12650
-11750
-14550
-10900
-16050
-11400
-13450
-15500
-11650
-17850
-14600
-16450
-11350
-14950
-15200
-13000
-8800
-12300
-10800
-6000
-7350
-3150
-7550
-150
-1050
0
700
-2100
6300
2500
950
1200
4350
2200
-100
650
-1700
650
-4850
-3550
-7000
-2850
-9050
-8050
-7250
-14950
-11900
-14600
-9150
-17500
-14550
-16300
-16050
-18650
-15800
-15800
-19000
-14150
-17850
-17200
-17600
-10050
-16650
-15350
-12350
-14250
-12200
-12750
-9700
-12800
-9100
-11950
-11400
-10100
-8250
-13000
-15400
-8450
-17200
-17500
-19900
-16750
-22450
-27350
-22050
-27950
-28800
-32700
-30550
-34800
-32100
-35650
-34650
-34550
-35800
-33900
-37850
-26700
-35300
-31400
-28800
-27600
-31250
-26700
-19150
-25700
-23500
-21250
-14250
-23500
-14750
-13800
-13400
-13250
-12550
-9150
-12500
-7600

-11650
-7500
-8750
-8600
-11100
-7300
-6500
-13000
-9150
-13000
-10500
-14800
-10150
-12650
-12250
-12400
-15700
-15300
-13550
-12450
-19100
-11900
-13700
-14150
-15500
-11400
-6350
-14550
-6950
-9500
-4950
-5250
-4700
-800
-750
2500
-1900
1550
2750
5400
50
4900
2250
1500
2050
-1050
-600
-3850
1350
-4300
-6750
-5350
-5900
-8500
-9900
-10250
-12850
-12650
-14400
-13150
-17500
-15200
-15850
-15800
-17500
-19950
-14950
-15050
-16200
-18100
-14200
-14400
-16250
-13350
-12500
-12700
-12400
-11050
-12600
-10250
-9550
-10400
-9850
-11850
-8300
-15050
-11550
-12950
-15400
-17550
-18150
-18100
-23000
-23500
-25750
-25800
-31700
-29000
-34500
-29650
-33600
-35550
-34200
-34550
-32400
-35950
-30800
-33900
-32900
-33450
-24300
-28200
-30100
-24800
-24350
-21700
-24800
-17100
-19550
-17150
-17150
-15250
-13800
-11850
-11800
-11900
-7450
-11150

-9050
-9750
-6050
-8900
-11500
-6350
-9750
-9200
-12100
-8250
-10350
-12650
-13750
-10950
-11500
-15300
-13700
-14600
-11600
-17750
-13700
-11950
-13850
-13300
-15650
-8650
-12050
-9800
-10000
-7000
-5050
-3100
-4300
-3200
1650
-400
2450
-1650
5400
3650
2350
2700
1400
6650
150
200
-1500
650
-2350
-4000
-3750
-5000
-5900
-9850
-7200
-13100
-10850
-13050
-12700
-12250
-17650
-15250
-17150
-13300
-18300
-16150
-15150
-16600
-18250
-14950
-11800
-15850
-13650
-14600
-13450
-15250
-7800
-11150
-13650
-9000
-10800
-8500
-13350
-6600
-11550
-11550
-13500
-11150
-14000
-16450
-18200
-21650
-17950
-26350
-23000
-27450
-26050
-31400
-33200
-28650
-32450
-35300
-34550
-31550
-37350
-33150
-32200
-29050
-34050
-31950
-24900
-30700
-28700
-25950
-19950
-24850
-23500
-20350
-16150
-16200
-17750
-13200
-13250
-10300
-15950
-8750
-6750
-9200

-10500
-7250
-3850
-12250
-8050
-7850
-6950
-12550
-9100
-9700
-11500
-9150
-12950
-9100
-14200
-12350
-15350
-10850
-13700
-14500
-13550
-14550
-12300
-15900
-12250
-12950
-7550
-11450
-8150
-7950
-4100
-50
-7450
200
450
2900
-500
2400
5550
3700
4150
1900
3050
3300
3350
-2100
2350
1300
-3150
-2300
-5500
-2300
-10400
-6250
-8050
-10450
-13150
-11650
-11250
-15300
-14300
-16900
-12700
-17500
-15850
-18000
-13650
-14450
-17350
-13250
-17250
-12500
-16100
-9250
-14750
-11850
-9900
-12650
-10900
-8800
-7750
-13050
-8850
-10050
-9200
-14500
-10550
-11250
-16500
-14250
-18950
-17150
-21800
-22650
-27000
-26450
-25600
-32450
-31350
-31750
-30150
-38250
-31600
-34050
-33550
-34300
-32150
-31050
-35400
-26600
-27300
-28450
-30350
-23750
-24150
-22350
-21850
-19100
-16250
-19050
-13750
-17350
-9300
-12950
-11600
-9200
-8350
-9050

-10900
-5650
-8350
-6500
-11000
-5800
-10700
-8800
-7850
-10350
-9100
-12850
-11000
-13550
-8650
-12250
-14700
-13050
-11700
-14750
-16800
-10350
-14150
-11350
-15650
-11250
-9450
-9800
-7050
-9650
-1550
-5200
-3450
-2900
2750
400
1700
3250
3750
4700
1000
6400
800
6250
1600
800
150
-1050
850
-4700
-3050
-5100
-5750
-8850
-7950
-9300
-12150
-11050
-13550
-12100
-16950
-14150
-15900
-13750
-15950
-17550
-15200
-15500
-14050
-16600
-12450
-13650
-13650
-14650
-11850
-10750
-10700
-11500
-11750
-8400
-12100
-8450
-10500
-8750
-9150
-12550
-10300
-13500
-11450
-17850
-16750
-19150
-17950
-26200
-24050
-24500
-29200
-29350
-34350
-26200
-34550
-33400
-33350
-32450
-34850
-33400
-30100
-33250
-30600
-31650
-25250
-31450
-25750
-24500
-22750
-22550
-23750
-16750
-19150
-13950
-18300
-13150
-13350
-10200
-12900
-9400
-6850
-9550

-7300
-11250
-4950
-8200
-8700
-7900
-7500
-9100
-11800
-8550
-9550
-10050
-14200
-9350
-11850
-12850
-13050
-14000
-10200
-17200
-13850
-14450
-11500
-13450
-13700
-10800
-10050
-8250
-10550
-5050
-6700
-1600
-4100
150
900
1800
4350
-1200
6450
4750
3900
650
4150
5250
350
1950
200
600
-3400
-1750
-5300
-2200
-7600
-7800
-7400
-10350
-9550
-14750
-10550
-12550
-16150
-14900
-14550
-13200
-18150
-15150
-15600
-13300
-17200
-15300
-14900
-13800
-11600
-14250
-9400
-13750
-7800
-13550
-8100
-10800
-9650
-8650
-10800
-8550
-10550
-8550
-14650
-9950
-14650
-14100
-19800
-17000
-17500
-26700
-23550
-25600
-25550
-32950
-29450
-30200
-32850
-36200
-32600
-32700
-35700
-32150
-35050
-29450
-31900
-28650
-28250
-27850
-27150
-27900
-20450
-21950
-21450
-21600
-15050
-16450
-17350
-13700
-10600
-9950
-14500
-8900
-9350
-7350

