
Curva de Excitacao - Bobina Girante (Dados Brutos)

Arquivo..............: C:\Arq\Wiggler\Medidas Wiggler - Corretoras\Bobina Tungstenio\Gap35\Translado35_X=12_#005.dat
Data.................: 03/02/2005
Hora.................: 10:00:22
Ganho................: 10
N. de Coletas........: 1
N. de Voltas.........: 10
Intervalo de Análise.: 4 - 8

-18850
-16750
-15200
-13450
-15400
-11800
-12250
-14050
-10700
-11750
-7600
-10400
-8800
-4200
-5400
-3050
-3400
-600
-950
-850
1450
4800
5150
7750
7000
4400
9800
7100
11450
10150
13450
12550
6250
11200
9050
9600
5000
3250
-100
-450
-5750
-10500
-11900
-20400
-19600
-30650
-26150
-30800
-28500
-32000
-34850
-35150
-35100
-29800
-34800
-27950
-35100
-29150
-33050
-29350
-32650
-28650
-31650
-35500
-34550
-39300
-36450
-41200
-36250
-45800
-41300
-43400
-43800
-43500
-42300
-43100
-40700
-31300
-34050
-26100
-23550
-18800
-22050
-10550
-5650
-7650
-200
3850
-400
-1550
4250
800
900
950
1450
-6650
-2200
-1500
-7300
-2500
-4700
-9550
-6500
-7400
-11300
-14150
-9050
-11350
-17150
-17100
-11750
-18950
-20800
-18800
-19650
-18850
-23200
-20050
-19650
-20250
-20000
-21600
-17850
-19550
-19000
-19100
-16400
-18550

-16700
-16200
-15400
-13800
-15800
-10400
-14050
-10450
-13000
-11450
-9050
-7950
-7250
-6750
-4050
-5700
-1400
-3750
2150
-50
3200
2800
3250
6700
4800
11200
7800
9350
8000
10350
11650
13200
10350
9150
10250
5650
8350
500
5600
-2600
-7150
-11450
-102000
-16100
-22650
-23300
-30200
-31750
-30950
-30550
-34250
-33100
-33050
-32750
-34850
-31900
-30650
-31150
-30150
-31050
-31850
-32600
-32450
-31600
-33250
-39550
-36950
-38950
-41100
-43450
-40150
-44000
-45350
-42400
-41600
-41350
-37450
-33900
-37050
-25850
-24700
-20800
-17150
-6800
-9600
-9200
900
0
1800
1100
5650
-3650
4050
-700
-1350
-2350
600
-3750
-9700
-800
-7850
-7400
-8250
-5900
-14400
-9200
-10700
-13750
-16350
-14800
-13200
-22900
-16800
-20950
-16600
-21900
-19650
-20700
-19500
-19000
-20850
-19700
-21050
-16050
-21600
-17750
-19000
-14650

-16850
-17250
-13050
-14600
-14100
-15450
-10650
-13000
-9550
-11800
-7550
-7900
-9250
-4300
-5200
-1800
-5200
-1500
-50
700
2250
4850
6850
3800
5250
8550
11300
7650
12450
10850
9950
11100
8100
13050
9750
9800
6450
850
2450
-2500
-4700
-9300
-15450
-18700
-21100
-25800
-27450
-29250
-30100
-32450
-37050
-31050
-34150
-31950
-31800
-31850
-31550
-32700
-27100
-32600
-28200
-34550
-30600
-33950
-35600
-36050
-34550
-37450
-45950
-38800
-44600
-40950
-46400
-37750
-45650
-41100
-35650
-38050
-30500
-27450
-21300
-25500
-12750
-12950
-6750
-5550
1050
-2350
300
6500
-1750
3800
2200
150
-5600
2300
-2100
-4950
-3250
-2900
-6350
-10850
-2200
-10850
-9450
-11150
-10650
-13050
-16250
-15300
-15250
-16250
-19800
-18600
-20000
-17900
-23100
-20750
-17700
-20300
-18950
-22150
-18100
-18100
-19000
-19200
-15850
-15900

-18050
-16400
-14650
-12400
-16950
-10750
-12050
-12700
-11600
-10150
-6450
-9600
-7450
-5500
-5500
-4400
-2050
-700
1100
2150
-200
5400
3750
7700
6000
9250
10100
6500
12750
8700
14500
11950
10150
7850
11200
8700
6500
4850
1450
300
-10400
-7500
-16200
-14200
-20700
-25000
-29400
-30250
-27000
-35050
-32100
-34000
-31950
-35000
-30600
-32150
-29350
-30500
-30950
-29250
-34250
-29300
-32000
-29750
-39650
-35550
-37650
-39800
-39300
-38800
-44150
-46100
-40800
-45400
-42350
-38450
-34300
-36800
-31850
-28550
-26700
-18750
-13550
-11650
-7700
-1350
-1900
-1050
3400
1350
550
3700
4300
-3400
650
1200
-4100
-4050
-3650
-3700
-8100
-6550
-7050
-9100
-9250
-9850
-10400
-12800
-14150
-17500
-13850
-18600
-17300
-20300
-17850
-17700
-21800
-17850
-21450
-17850
-22050
-20000
-18700
-17350
-19750
-18100
-14800
-17750

-15200
-16750
-12650
-16250
-14400
-11450
-12700
-10550
-11150
-8050
-10700
-5600
-9050
-4200
-4850
-2300
-2900
-2900
3250
-750
5250
3300
6050
4650
8200
8650
9750
11950
9650
10850
10750
15050
8350
12350
10650
9400
5950
2600
4900
-1850
-4000
-11500
-15300
-16300
-19650
-24200
-27500
-29050
-31400
-32200
-32250
-32700
-32400
-31300
-31850
-32850
-29600
-30550
-28600
-30750
-31050
-30900
-32600
-32450
-34950
-32450
-38900
-39850
-39650
-42250
-42750
-39250
-41550
-48100
-40400
-39650
-36250
-37450
-26100
-29800
-25450
-18250
-16500
-9900
-6200
-1100
-7750
4300
2050
3200
950
6500
1150
-3400
2100
-1450
-1000
-5050
-1800
-5950
-4050
-6950
-5500
-7500
-11050
-9050
-13550
-9150
-17650
-13450
-14250
-16400
-19800
-18800
-15550
-20700
-20500
-21750
-16550
-22050
-18000
-20700
-17300
-16950
-18750
-15700
-18550
-15250

-16950
-13700
-16200
-12800
-14000
-12250
-12200
-11050
-9050
-12250
-5400
-8100
-8600
-5600
-3350
-1750
-3750
-150
1150
1450
1750
5050
5550
7950
5400
7800
12600
9000
11150
10700
13200
11200
8550
13850
10700
10450
6350
3850
250
0
-4600
-9900
-14000
-16500
-18800
-28750
-24350
-30400
-28350
-33200
-33900
-32250
-33050
-29950
-32800
-29500
-32650
-28550
-32050
-27950
-30300
-29500
-31550
-34200
-32700
-38600
-35200
-37800
-37650
-45600
-40200
-40650
-44100
-41450
-39750
-39650
-41950
-32050
-32250
-26700
-22600
-16200
-17350
-11800
-3200
-6400
-800
1300
3900
-550
3850
3050
3150
1150
-250
-600
-3600
-550
-7400
-1000
-5050
-8050
-6650
-7050
-7900
-11600
-9100
-13450
-13850
-16600
-12550
-17850
-17900
-18050
-19400
-16900
-21550
-18750
-19650
-17550
-18950
-20850
-18350
-17750
-16450
-18950
-15050
-16500

-14000
-16650
-13900
-12050
-14450
-10900
-12550
-10050
-12400
-8450
-6850
-8050
-8250
-3450
-2750
-4900
-750
-800
2750
100
3050
5050
5100
8150
6600
11050
9450
10300
8700
12050
13000
13650
10800
10600
11500
7400
10050
1900
3800
-1350
-4950
-9750
-14300
-12900
-20900
-23900
-30350
-27700
-30350
-30450
-32950
-31700
-31400
-33800
-31350
-31000
-28050
-31050
-27600
-31550
-31500
-30800
-30450
-30150
-35450
-35500
-38500
-36550
-42050
-39750
-38950
-41800
-45150
-41800
-42100
-40950
-34250
-32350
-33850
-28450
-20700
-18700
-18100
-8200
-6350
-6150
-500
1700
2900
3050
4050
700
4400
-1000
900
-2600
750
-3450
-4900
-2050
-5450
-5350
-7950
-5800
-11800
-8750
-11400
-11050
-14100
-14800
-13200
-18900
-16150
-20200
-16400
-19550
-18900
-21350
-18400
-18650
-20650
-18750
-18500
-14750
-21100
-16500
-16700
-15600

-15700
-14800
-12450
-15250
-12300
-13450
-9100
-13450
-8550
-9400
-7600
-8400
-7400
-3550
-5400
-400
-4150
50
-900
3750
3700
4800
7750
4950
7750
7450
12950
8800
12600
10200
12550
14450
9150
12700
11050
11800
5500
1600
4400
650
-5300
-9600
-13600
-16400
-21050
-24250
-26500
-28800
-28850
-32300
-34450
-31650
-31400
-31000
-31750
-31200
-30150
-30950
-27600
-30050
-28350
-30950
-32850
-33050
-33400
-34750
-36100
-36500
-42450
-38750
-44500
-40450
-43250
-39100
-44650
-40450
-35050
-36900
-29800
-26450
-19850
-24850
-12850
-9500
-5950
-5450
950
1800
450
5050
350
4650
2800
2100
-3250
700
-950
-3850
-4550
-1450
-5750
-10850
-2050
-8650
-8850
-11750
-9500
-11850
-16050
-13250
-14900
-16450
-19800
-16900
-18350
-17350
-22300
-18850
-18150
-20250
-17050
-20850
-16600
-19450
-17300
-17700
-15400
-16750

