
Curva de Excitacao - Bobina Girante (Dados Brutos)

Arquivo..............: C:\Arq\Wiggler\Medidas Wiggler - Corretoras\Bobina Tungstenio\Gap35\Translado35_X=3_#024.dat
Data.................: 03/02/2005
Hora.................: 09:31:15
Ganho................: 10
N. de Coletas........: 1
N. de Voltas.........: 10
Intervalo de Análise.: 4 - 8

-16450
-13350
-16100
-14900
-16650
-12600
-16450
-15950
-13600
-14600
-14350
-16700
-14050
-14600
-13700
-15100
-12750
-14500
-11300
-12350
-12950
-6700
-9800
-7500
-9200
-1550
-3350
-3550
-550
400
4650
1250
2450
5050
6100
2200
4300
2600
6550
6150
950
4150
-500
400
-2750
-2650
-2500
-6950
-5450
-9200
-11500
-14500
-15350
-16150
-18000
-20100
-22000
-19800
-24200
-22200
-26550
-23900
-26300
-25550
-24800
-27350
-24100
-26600
-21400
-27200
-20200
-21450
-20150
-22050
-17450
-16200
-17450
-13200
-14950
-9100
-15150
-9150
-12850
-7700
-7900
-10350
-7150
-8100
-7700
-11650
-5750
-9950
-9400
-15750
-9800
-16050
-18600
-17350
-22650
-19200
-25850
-24900
-28400
-26800
-32900
-29850
-30750
-30550
-33400
-31400
-25700
-35050
-31200
-27600
-25700
-28000
-29250
-21250
-26450
-23200
-23400
-19100
-21800
-19550
-20150
-16000
-16450
-19000

-14850
-17250
-12550
-17300
-14900
-14350
-13750
-16150
-14200
-13550
-14900
-13950
-17150
-12350
-15750
-13500
-14250
-11900
-10300
-14650
-10300
-9700
-7450
-10150
-5200
-3500
-2450
-3550
-1050
2900
1300
4300
550
5600
4650
4700
5550
3850
7600
1750
2750
1450
2900
200
-1100
-3200
-6600
-3900
-9650
-6050
-13700
-10950
-17850
-16000
-17650
-20350
-19950
-23300
-19600
-28000
-22850
-27550
-21600
-25800
-25200
-27600
-24050
-22600
-26450
-23050
-24700
-18450
-24400
-17850
-18700
-17600
-14400
-15400
-13000
-15200
-9450
-11750
-8900
-11450
-7150
-9650
-7350
-5150
-10800
-8150
-9600
-6350
-12400
-12850
-11950
-14900
-16350
-20050
-19800
-22250
-23550
-28550
-25800
-29150
-31350
-30300
-29850
-30100
-35600
-28000
-29800
-32500
-31350
-27300
-27550
-27800
-26500
-25950
-22650
-25150
-22350
-22650
-18050
-18700
-20500
-16900
-16900
-15900

-17900
-12500
-16000
-14400
-18250
-10600
-13800
-16350
-13150
-14700
-12600
-17850
-13750
-13200
-13600
-15000
-13800
-11200
-12700
-11800
-11400
-6450
-10800
-6900
-7450
-4250
-950
-3800
1700
-1500
3900
1500
3400
5000
6400
5700
4000
5700
4800
7850
150
3800
-1100
2150
-1100
-3250
-2750
-6100
-6750
-11900
-10800
-13550
-13200
-16550
-17200
-20500
-21500
-21300
-22000
-22150
-27400
-23200
-25800
-24250
-26350
-24950
-22550
-25500
-26300
-23900
-21250
-21550
-20850
-20500
-17900
-17000
-14350
-15450
-14450
-11200
-11600
-12050
-9400
-7800
-7250
-10550
-6150
-8000
-8650
-8350
-7150
-10350
-9300
-13050
-12750
-12850
-17050
-15750
-23850
-20050
-25250
-24950
-26050
-28100
-30000
-29550
-28700
-33550
-30400
-31800
-26950
-33200
-28050
-28750
-27050
-26100
-29650
-24250
-23400
-21850
-25200
-20150
-19600
-19050
-19300
-15100
-14450
-18950

-15500
-15350
-13750
-16950
-14000
-11800
-14750
-14650
-13950
-12450
-14650
-13200
-16250
-12200
-14450
-14350
-12600
-13550
-10200
-14600
-7900
-10400
-6500
-7400
-6000
-4800
-1900
-2100
-650
2850
2100
4300
350
6400
6500
6400
6400
3200
6800
3650
2050
2650
3800
2900
-3000
-2800
-2900
-6000
-8600
-5800
-10200
-13500
-15350
-15600
-14600
-20900
-19150
-22150
-22150
-23300
-24150
-22400
-24750
-23600
-27300
-24750
-24500
-23950
-24850
-23300
-22300
-21500
-18350
-20500
-16650
-18400
-12400
-17450
-12950
-10950
-10650
-10300
-10300
-6900
-10200
-6950
-7900
-4900
-11550
-7400
-9050
-8500
-8650
-14700
-10300
-15800
-14600
-20700
-19250
-22000
-23250
-27600
-24550
-27550
-31400
-26650
-30750
-28050
-34550
-27800
-28750
-31650
-30000
-27400
-24700
-29050
-26900
-23950
-20950
-25400
-21550
-19750
-18150
-18850
-20650
-14300
-17350
-14600

-16200
-12950
-15300
-14900
-13200
-13500
-12300
-16050
-11700
-16200
-12150
-14700
-13250
-12900
-13250
-13150
-14950
-10100
-11850
-10700
-11650
-6850
-8900
-8050
-5350
-3450
1600
-4100
700
150
4350
3250
3500
8300
5450
6850
4400
5550
6300
7400
2300
2150
2500
1300
1750
-3500
-2700
-7000
-6050
-8450
-10450
-11150
-15200
-13900
-19750
-18250
-20250
-18750
-23050
-22600
-24250
-23650
-22350
-25200
-23500
-28150
-21150
-25100
-22800
-24050
-19650
-19200
-22550
-17550
-19300
-12950
-16650
-11650
-13800
-9700
-11950
-8700
-8500
-9850
-5700
-10750
-5900
-7650
-4650
-8750
-7950
-6800
-8850
-13050
-12250
-11100
-17700
-16900
-21150
-18550
-23400
-27050
-23600
-30450
-28100
-29950
-28100
-32250
-30700
-30100
-27450
-31550
-30300
-26200
-27950
-25400
-28300
-22550
-24200
-21750
-21150
-20200
-18150
-19750
-15900
-17700
-14400
-18100

-13450
-15150
-12400
-13700
-15700
-11950
-14200
-13300
-15650
-11550
-13000
-15700
-14800
-11350
-11750
-14400
-10200
-13400
-10300
-13100
-9550
-7250
-7700
-6450
-7850
-1550
-3150
-600
-250
3900
1850
3400
4350
5650
8850
3700
7800
1850
9100
4950
4650
4200
2200
3150
-2750
-300
-4600
-2800
-7150
-7900
-12450
-11300
-12500
-16800
-14450
-21200
-18500
-23350
-19400
-22400
-24700
-23300
-24450
-23450
-26650
-23800
-24350
-22550
-25550
-22300
-21150
-19300
-19950
-20150
-15400
-17350
-13750
-14600
-11550
-12650
-10650
-10100
-10400
-8300
-7300
-8000
-9250
-4850
-8400
-8350
-7850
-6250
-8050
-15850
-10050
-14050
-16300
-18450
-18550
-21550
-23850
-23200
-27200
-27650
-30250
-26100
-32600
-28500
-32300
-30300
-28550
-31500
-28650
-30100
-22950
-27850
-26150
-25450
-20450
-23150
-22850
-17850
-20300
-16900
-19800
-15000
-16800
-14700

-15850
-14950
-13000
-14850
-13600
-13150
-11450
-17350
-13800
-11750
-12350
-15800
-13050
-9800
-16350
-12150
-13950
-9850
-11650
-9800
-11000
-9400
-4700
-7200
-5150
-3850
2000
-4700
850
2100
3800
5750
2250
6200
4250
8250
4100
5800
7950
6450
2450
2250
5700
1450
-50
-2500
-2250
-7800
-5250
-6850
-11100
-11450
-14250
-14800
-17750
-17950
-20950
-20400
-21050
-22700
-24250
-23100
-21850
-24850
-25050
-24050
-23600
-23750
-23350
-21950
-22800
-19150
-20400
-17250
-18350
-14900
-14550
-15600
-10700
-11550
-9500
-11250
-8600
-10150
-5200
-10250
-7050
-3800
-7050
-8300
-10000
-4050
-10800
-11750
-11850
-11650
-18250
-16850
-18300
-20850
-23050
-26050
-23800
-30150
-28000
-30900
-29000
-29350
-32200
-30100
-27650
-28550
-32600
-27450
-24600
-26500
-29450
-21600
-20700
-24950
-21600
-20100
-17450
-20700
-16350
-17250
-15000
-16250

-14600
-13000
-14200
-13000
-16150
-10200
-15300
-13550
-13250
-12300
-13750
-15150
-11650
-12550
-12200
-13900
-12350
-14050
-9900
-10800
-10350
-5700
-8400
-6000
-9550
-2000
-100
-1900
-500
2900
6150
2200
3900
5950
8500
4900
7350
4250
7250
6250
3200
3350
700
4400
-900
-1700
-2000
-5200
-5300
-10050
-10100
-13450
-12800
-15450
-15600
-20750
-18650
-18750
-22800
-20800
-25450
-21900
-25450
-22000
-25150
-24300
-23100
-23200
-22700
-25150
-18800
-20750
-18750
-20950
-14900
-16300
-14000
-13350
-13750
-9650
-12750
-7050
-10900
-5400
-7550
-8350
-8350
-4800
-6500
-9250
-4850
-9300
-7200
-14350
-9600
-14650
-14000
-15800
-22000
-19450
-24750
-24550
-27200
-24450
-31200
-28250
-28000
-29650
-32350
-32050
-22950
-32400
-29850
-28600
-23350
-28600
-26900
-21850
-23500
-20750
-22700
-18150
-20800
-16100
-19400
-15150
-14850
-15700

