
Curva de Excitacao - Bobina Girante (Dados Brutos)

Arquivo..............: C:\Arq\Wiggler\Medidas Wiggler - Corretoras\Bobina Tungstenio\Gap35\Translado35_X=-8_#013.dat
Data.................: 03/02/2005
Hora.................: 09:11:49
Ganho................: 10
N. de Coletas........: 1
N. de Voltas.........: 10
Intervalo de Análise.: 4 - 8

-1150
7600
1200
950
-1200
3050
-2950
-5050
-7350
-9200
-4900
-10200
-8050
-12500
-12800
-19000
-13700
-15350
-10950
-15600
-15050
-11900
-19600
-14850
-18350
-12600
-17900
-18350
-18600
-15450
-15000
-16200
-17250
-15150
-10150
-16750
-9800
-7750
-4550
-9850
-6550
-3800
-9000
-2000
-4350
-2050
-2350
-2050
-4050
-3800
-3550
-5950
-5200
-6400
-2100
-9400
-7650
-10000
-8450
-9000
-13100
-9850
-11900
-10750
-16000
-12650
-10900
-12200
-14400
-15150
-11500
-15300
-11950
-15000
-12450
-17650
-12850
-15300
-17600
-15700
-18550
-16850
-21200
-19700
-23750
-27050
-27150
-27000
-30600
-28650
-28750
-35050
-35850
-39100
-39900
-36800
-33250
-36200
-42700
-32400
-40200
-40300
-32150
-31200
-39050
-35800
-29600
-38300
-33400
-25150
-25150
-34400
-21550
-22650
-23700
-16400
-13900
-13050
-11650
-3450
-10300
0
1500
250
-4550
7300
5450
-3200

5950
5600
5100
-2750
2450
-2100
-1000
-5400
-2350
-5800
-10500
-9850
-14400
-6450
-14100
-10700
-15600
-13500
-15450
-17050
-11950
-13500
-12900
-19150
-14300
-17850
-12950
-19150
-15050
-16800
-16250
-15500
-21150
-9400
-12300
-12200
-13050
-7850
-6100
-9100
-5750
-4250
-2600
-4650
-3450
-5450
-900
-2950
-5750
-150
-4500
-2750
-9750
-3300
-5550
-9400
-8100
-7200
-6800
-12500
-10700
-11700
-8200
-13250
-11900
-13950
-11600
-12500
-14300
-11400
-14200
-11100
-16250
-12950
-14700
-14300
-13900
-16950
-14900
-15550
-15450
-20800
-19250
-21100
-22050
-25600
-23650
-23350
-33750
-28450
-35350
-32500
-33350
-34800
-37150
-36850
-37500
-43150
-34150
-34950
-34250
-42400
-29700
-39350
-39900
-30000
-28850
-32850
-37650
-25250
-32550
-26500
-25600
-19100
-21750
-16700
-16250
-15900
-4100
-9750
-5750
-3900
5700
-5850
1950
5950
5150
850

4150
6750
-1900
2600
750
4000
-4150
-3300
-6350
-7450
-6750
-10600
-8000
-1904400
-12550
-13450
-13900
-14100
-13050
-17100
-13050
-13050
-13750
-17500
-17250
-13650
-15500
-17350
-17150
-13900
-17250
-16250
-17500
-12000
-11750
-12850
-8300
-11850
-6300
-7400
-5200
-4900
-3100
-1400
-4050
-3150
-3150
-2250
-3250
-900
-4850
-4450
-7150
-4650
-4800
-7600
-5850
-10700
-7750
-10450
-12050
-10350
-8100
-10550
-14800
-12050
-12250
-11150
-15150
-9900
-13600
-13300
-13700
-13000
-11950
-16300
-12600
-16150
-14650
-16800
-16650
-17950
-18850
-22050
-22850
-21900
-26150
-25600
-29750
-28350
-36900
-30000
-30750
-38100
-36200
-35000
-37900
-41450
-32850
-35550
-38000
-37550
-32400
-40700
-34200
-28250
-33900
-34200
-31650
-29500
-31000
-24050
-23800
-23000
-16150
-14000
-18750
-13300
-3900
-9500
-5700
550
1000
-3600
2350
8050
2650
3400

4200
4200
2550
2400
950
1100
500
-5700
-6000
-6050
-4550
-11500
-10800
-10150
-13250
-12800
-13700
-10650
-14500
-14550
-15100
-12500
-16050
-13400
-14400
-15350
-13300
-20350
-15700
-17400
-13250
-16500
-16500
-10600
-13550
-11550
-11050
-6250
-6600
-5400
-8800
-3900
-2600
-3800
-2000
-3150
2250
-7050
-3150
-3200
-2300
-3700
-6550
-2650
-6100
-8000
-9700
-7400
-6850
-8400
-12250
-10800
-9800
-12700
-11300
-13400
-9800
-13850
-13650
-12900
-12150
-11650
-13750
-12000
-15400
-12850
-14400
-13700
-17450
-14250
-18550
-17650
-17950
-22000
-20200
-25850
-23900
-26500
-27850
-30750
-32150
-30550
-34900
-38350
-34200
-31950
-39200
-37000
-37300
-36450
-37850
-35000
-30850
-36350
-33950
-34100
-36050
-30650
-29300
-29500
-27700
-24300
-28600
-22750
-16350
-15250
-19250
-8100
-6750
-10450
-5250
1150
1050
-2600
5050
4750
5150
1500

6450
4850
4200
1850
200
3100
-2700
-2850
-3800
-4500
-10050
-9800
-8000
-10000
-10550
-15100
-12300
-15000
-10700
-15550
-13300
-11100
-13450
-14950
-17850
-12350
-15650
-14850
-17550
-14200
-15850
-15000
-15750
-13800
-8150
-13600
-10200
-11650
-2800
-6900
-7000
-750
-1900
-2350
-7150
150
-2200
-1250
-3300
-1250
-2800
-5400
-4650
-6150
-700
-9050
-6600
-8100
-6850
-10500
-11400
-7200
-10300
-9750
-12850
-11650
-12050
-10050
-12650
-13400
-10350
-12400
-12800
-14900
-9100
-15550
-12650
-16300
-13150
-15350
-18800
-15500
-20150
-19350
-22100
-22850
-26050
-24400
-28200
-31950
-29900
-30650
-31750
-40750
-32950
-36400
-39200
-35900
-33900
-34150
-38750
-34100
-38900
-32600
-33950
-31150
-35050
-28300
-32550
-33800
-23200
-25700
-23650
-23850
-13950
-21450
-16600
-7150
-6250
-8900
-3100
3650
-4800
1150
2350
6850
2150
6550

4450
3300
6100
1350
2850
50
1950
-6450
-3250
-5600
-6250
-8300
-11800
-9050
-13850
-9700
-15300
-10750
-12450
-13900
-15000
-13400
-11650
-15750
-14000
-15250
-12750
-21300
-14500
-13900
-15550
-13250
-17300
-10700
-13250
-10500
-10650
-6800
-4550
-6950
-6100
-4350
-700
-4650
-300
-2650
-600
-3950
-1500
-1300
-4950
-400
-6600
-4000
-6100
-5550
-8700
-7250
-5700
-9550
-10450
-10600
-7800
-12550
-9950
-11500
-9800
-12050
-13700
-11350
-12350
-9450
-15700
-11850
-12550
-12950
-14250
-14400
-14350
-16750
-16050
-16950
-17900
-22550
-17850
-25050
-26850
-23100
-27500
-28800
-34700
-28250
-36650
-36600
-33250
-33550
-39100
-36350
-35900
-38750
-32750
-35600
-32550
-37900
-31050
-37000
-33250
-28250
-29950
-30250
-26300
-23900
-30250
-17850
-16250
-17950
-17300
-6050
-7650
-10900
-2050
-650
2350
-500
5100
2100
6400
5250

3850
6200
5200
3450
-2850
4750
350
-2800
-5450
-3650
-5450
-11450
-8400
-9300
-10050
-16150
-11350
-12700
-12250
-13150
-13200
-10450
-16050
-14300
-17250
-11500
-14400
-17050
-14400
-15150
-15150
-16500
-13850
-12750
-8850
-12100
-9250
-9050
-5750
-3700
-8150
-550
-3950
-800
-4500
-500
-1050
-2100
-250
-3600
-2650
-3750
-3650
-5700
-1400
-6850
-8450
-7750
-7450
-7300
-12400
-7700
-8650
-11150
-13700
-11000
-8350
-12450
-12000
-13100
-10300
-13800
-11150
-12900
-11150
-14050
-12900
-12450
-15600
-13750
-18950
-15950
-20300
-17900
-20200
-23400
-24800
-23900
-27350
-33200
-28850
-30650
-32100
-39100
-32400
-36250
-38150
-33100
-37450
-33900
-37850
-33850
-37550
-31200
-33750
-31650
-30950
-30900
-32800
-31750
-20850
-27200
-26250
-21050
-14550
-18800
-16700
-6800
-7900
-5450
-5350
700
-800
3050
1500
6050
7250
3650

4200
6100
7350
0
3500
2950
-950
-3600
-3350
-2450
-7100
-8950
-10950
-8550
-13100
-11450
-12050
-11300
-11600
-15850
-12100
-13300
-11250
-15550
-13550
-14150
-14400
-17550
-16400
-13250
-16100
-12550
-18000
-11800
-10250
-10450
-9100
-8950
-1750
-8150
-6250
-3600
-1250
-2450
-1050
-300
-2800
-1950
-3050
200
-2650
-1100
-6650
-3250
-3500
-9150
-5300
-6000
-4600
-11100
-10550
-8950
-9200
-10050
-11350
-10100
-12450
-10350
-13800
-11550
-12350
-9300
-14350
-12650
-10450
-13950
-11200
-16150
-13450
-16500
-14850
-17300
-18050
-19050
-20100
-24700
-25000
-20900
-30650
-29350
-31400
-29800
-35100
-36550
-30950
-35950
-36300
-37950
-37000
-35500
-32200
-37700
-33300
-32500
-35750
-34800
-30350
-26650
-35450
-27900
-24100
-25950
-28300
-18950
-14850
-19100
-13600
-9400
-7400
-9250
-1750
-300
1300
1650
2600
6050
4900
5200

