
Curva de Excitacao - Bobina Girante (Dados Brutos)

Arquivo..............: C:\Arq\Wiggler\Medidas Wiggler - Corretoras\Bobina Tungstenio\Gap35\Translado35_X=-11_#010.dat
Data.................: 03/02/2005
Hora.................: 09:07:08
Ganho................: 10
N. de Coletas........: 1
N. de Voltas.........: 10
Intervalo de Análise.: 4 - 8

11000
18850
16300
9850
9150
9650
5000
3150
-2750
-3150
-2650
-7900
-9650
-10850
-16500
-21850
-17000
-20600
-14550
-19350
-16250
-15700
-19650
-14550
-19200
-9950
-15350
-15050
-16150
-12700
-18700
-15250
-16350
-18050
-12000
-19600
-13550
-15200
-7850
-14900
-12100
-7750
-11650
-5150
-8150
-4600
-7350
-3800
-7450
-5850
-4750
-4200
-6600
-8350
-450
-10950
-7050
-9200
-5700
-9300
-12750
-7050
-10500
-9550
-14200
-11500
-12700
-10200
-15400
-13950
-11200
-13950
-13700
-15800
-13800
-22050
-15450
-17050
-20500
-20650
-21300
-20350
-26700
-22450
-27950
-31800
-31050
-28200
-37750
-33100
-30200
-35150
-37250
-38500
-38150
-39400
-32200
-34950
-43050
-32650
-36600
-43750
-37950
-30500
-40000
-39750
-31150
-37600
-38150
-25800
-21450
-30750
-17750
-14800
-18300
-12050
-3400
-3250
-2200
8250
3950
9400
12550
14700
6950
20100
18900
11800

14950
17950
16600
7000
12250
8200
7550
-100
3800
-2050
-5750
-9300
-12650
-8500
-18500
-13600
-17450
-16150
-20650
-19350
-16700
-16200
-12400
-19800
-11850
-17150
-10700
-18850
-11150
-14450
-15600
-14650
-21050
-12850
-15700
-14000
-18100
-11150
-10500
-12950
-10150
-8000
-7700
-9650
-5350
-10100
-2900
-5250
-6650
-3000
-4300
-3550
-10450
-2350
-4450
-8450
-8550
-6100
-6650
-11900
-8800
-9150
-7650
-13000
-10000
-12350
-10400
-11100
-13950
-12000
-15200
-11150
-16950
-13450
-15700
-16500
-16550
-18850
-19300
-21150
-19850
-24150
-23250
-26350
-26100
-30550
-27900
-27300
-38000
-30800
-37650
-35850
-35650
-34250
-36700
-38750
-34800
-42000
-38050
-34000
-30800
-45050
-32850
-38000
-42700
-36050
-29150
-33000
-40050
-22950
-29600
-27450
-22600
-11900
-15900
-9400
-5350
-6200
3550
2300
7000
6600
19250
7350
13600
17450
18000
12800

14900
20750
10500
13400
9000
12250
3250
4100
850
-3800
-4150
-9800
-6650
-16600
-14100
-18250
-14450
-18100
-14850
-17700
-21000
-14800
-18550
-13750
-17700
-9350
-14600
-17900
-14350
-15200
-13600
-15650
-16350
-17300
-12450
-18500
-15200
-11200
-10950
-11500
-15450
-6450
-10150
-5850
-7600
-5950
-3750
-8850
-3400
-5550
-2650
-7100
-5250
-5600
-4600
-9050
-7550
-5950
-8950
-8300
-11650
-7950
-10900
-9850
-11500
-12800
-9200
-13000
-12000
-14950
-10800
-13700
-14250
-15650
-14250
-16450
-18400
-13850
-21000
-17550
-26200
-18750
-25300
-23800
-26800
-31550
-26950
-34050
-31850
-34000
-31800
-39000
-32700
-39100
-40100
-32350
-35150
-35500
-42950
-29350
-44600
-36800
-33850
-33050
-41850
-36400
-32350
-41250
-30000
-26850
-24000
-30100
-15250
-19650
-15200
-8050
-6700
-950
1100
6700
1450
12950
13200
11800
12250
19350
18300
11900

19200
14200
17000
10750
12300
7200
8000
4050
-600
-1100
-6150
-8050
-12750
-9750
-14150
-15000
-17200
-18900
-15800
-20350
-15250
-15000
-14500
-18950
-16650
-12000
-13050
-14000
-16050
-12950
-16650
-14450
-18650
-13500
-12550
-17550
-13850
-15600
-8450
-13250
-10200
-8700
-7500
-6650
-9000
-4050
-5100
-2200
-7600
-2450
-6400
-4900
-6700
-4050
-3500
-9950
-4800
-9400
-4550
-9250
-9650
-10850
-7950
-9150
-13100
-9650
-11400
-10450
-15700
-9300
-13600
-13550
-14450
-14000
-12750
-20800
-13600
-20300
-17450
-19700
-19450
-21550
-24400
-25250
-28650
-26200
-30450
-28050
-35800
-30650
-38450
-33600
-30450
-37600
-36700
-35850
-34250
-43650
-33900
-32900
-36300
-40800
-31650
-39450
-40700
-31200
-33200
-35300
-34250
-26800
-31500
-21700
-17100
-19350
-11800
-7300
-5550
-6100
7450
3350
3350
10400
15600
11100
12100
22350
15400
15600

14950
19100
13200
12600
11950
9450
8750
400
1050
-2350
-1750
-9850
-9050
-10650
-16900
-15200
-18100
-12900
-17650
-18650
-18000
-14850
-14700
-15900
-10900
-14550
-11850
-17400
-11900
-15200
-12150
-13200
-19150
-11650
-16200
-14400
-15800
-9500
-13100
-10250
-11000
-9100
-6400
-7600
-4350
-8300
-2150
-7700
-4300
-3400
-2150
-4100
-9300
-2250
-5700
-6400
-8850
-5050
-6150
-7350
-9300
-8800
-6100
-13500
-9750
-11850
-6950
-13650
-12250
-10850
-13500
-12550
-15700
-11400
-16850
-15200
-15900
-15950
-19500
-17600
-21550
-23350
-20900
-25600
-24900
-31300
-27850
-31300
-30800
-32150
-34850
-32950
-35300
-38200
-37200
-31750
-36950
-36350
-36200
-34600
-40450
-37600
-29150
-38700
-38400
-35600
-35350
-35100
-29900
-26800
-26800
-20550
-22000
-17850
-12500
-5000
-9650
-900
4150
3500
5200
12000
16200
8500
16500
18950
17700
13550

19050
17950
14200
14500
9150
12300
4800
5750
1750
-1250
-5100
-8800
-7100
-12150
-10700
-17950
-16200
-19700
-14100
-16950
-16550
-11950
-15800
-14550
-18150
-9300
-13450
-12200
-14200
-13900
-13100
-16300
-14500
-15250
-10400
-17850
-13600
-15400
-8000
-10700
-12300
-3450
-9450
-5400
-10150
-2300
-3650
-4200
-3950
-4050
-4050
-5550
-3150
-5550
-2550
-8000
-5900
-6800
-5900
-6600
-10900
-7050
-10550
-7250
-11550
-10350
-9200
-11600
-10950
-14850
-10100
-13850
-12350
-16300
-10800
-16150
-16400
-17400
-17600
-17000
-22700
-19200
-25850
-25550
-25900
-25900
-29500
-30150
-30000
-35200
-32650
-34750
-31550
-39300
-34550
-34500
-39850
-33850
-34200
-30650
-41800
-33450
-37750
-37850
-38700
-30500
-34850
-35450
-27950
-32650
-23000
-22750
-19200
-20400
-7550
-9600
-10150
2200
3900
4500
4100
17450
9350
12600
16000
19500
15650
16300

19700
14450
18200
11800
12050
8550
9650
1800
750
-150
-3900
-5700
-13050
-8700
-16400
-13400
-17700
-14600
-15700
-20300
-16350
-16250
-11550
-16450
-12350
-13400
-10800
-16050
-13250
-10250
-15550
-13450
-18850
-11750
-15950
-14750
-11850
-13150
-6500
-12800
-11700
-8300
-4750
-7000
-6850
-3050
-4650
-5300
-5050
550
-7500
-1700
-6450
-3650
-4950
-5750
-4750
-9050
-4450
-8850
-8700
-9050
-5950
-10700
-11000
-9300
-10500
-9900
-14450
-9650
-13150
-10300
-15100
-13000
-12450
-15850
-13850
-19550
-15050
-21750
-20650
-20800
-21700
-25250
-23900
-25350
-34550
-26350
-31550
-31000
-38450
-29400
-35700
-40250
-31950
-32700
-34400
-41150
-31500
-39600
-35850
-35550
-32750
-39200
-35650
-34100
-39550
-28650
-30950
-26800
-28800
-19500
-23900
-17750
-7400
-8450
-8600
-2200
8100
-350
9150
11050
15000
12450
15950
18400
14750
18450

14900
18250
15200
14900
8150
11500
10650
2200
2250
-2350
-1350
-11850
-7600
-10350
-12400
-16500
-16000
-14800
-17800
-17000
-16650
-11850
-17900
-13850
-13950
-12300
-9400
-16750
-10550
-14800
-11250
-17300
-13900
-11100
-14250
-14400
-14800
-10750
-13900
-6500
-11600
-6600
-7500
-5650
-5200
-7050
-1600
-6500
-2750
-5300
-1800
-3600
-5450
-3400
-4500
-4200
-9200
-5400
-6300
-6000
-10900
-7550
-5650
-10400
-9600
-11400
-5900
-14500
-10100
-13250
-11650
-12650
-12750
-11500
-15850
-14900
-17750
-14050
-19900
-15450
-21650
-21250
-22450
-26500
-21800
-29950
-25450
-30500
-30100
-35250
-32150
-29600
-32450
-37850
-36650
-32250
-39050
-33050
-35800
-33150
-38450
-35250
-36300
-38350
-30950
-35600
-34000
-34700
-30650
-32500
-22000
-19750
-21650
-15650
-10100
-7950
-11500
3850
3600
3700
6000
13700
12800
11200
18050
17900
19700
14050

