
Curva de Excitacao - Bobina Girante (Dados Brutos)

Arquivo..............: C:\Arq\Wiggler\Medidas Wiggler - Corretoras\Bobina Tungstenio\Gap35\Translado35_X=13_#006.dat
Data.................: 03/02/2005
Hora.................: 10:02:03
Ganho................: 10
N. de Coletas........: 1
N. de Voltas.........: 10
Intervalo de Análise.: 4 - 8

-12300
-18950
-11750
-14750
-13250
-14800
-12000
-11100
-11550
-7200
-8800
-6200
-8600
-1400
-6100
-3500
-5400
1850
5150
-800
7550
6050
6700
2150
5700
7550
14650
13350
14000
11400
10000
13200
3300
12800
9550
10200
5750
3050
-2500
-8000
-9050
-14100
-26350
-22100
-25400
-30550
-26500
-31900
-36550
-41500
-36200
-37750
-30100
-29800
-25600
-33050
-31950
-33000
-28950
-25300
-29200
-26150
-34000
-33000
-42600
-28600
-36000
-35800
-41850
-46050
-50300
-46100
-47250
-52650
-37050
-46200
-45050
-47600
-29450
-40900
-29350
-21750
-28600
-19400
-3000
2300
-13200
10750
1050
-3550
-1350
16450
2400
600
9850
-4250
-4000
-1700
6100
-9650
900
-5650
-9250
-11400
-3450
-9000
-11250
-4400
-18000
-15200
-13600
-13900
-21950
-15650
-14300
-19150
-20500
-18850
-16150
-22050
-16250
-23150
-17550
-16400
-17300
-16550
-16200
-16400

-17400
-15350
-14750
-11550
-14000
-8950
-11850
-12300
-9200
-9950
-6050
-8500
-6400
-3400
-3350
-4050
-400
1350
1400
-50
2750
6350
5800
10650
7400
7600
11400
8300
11100
12050
15500
14800
7700
12000
8750
8250
4850
2050
-3500
-5100
-10850
-17050
-16150
-23050
-25300
-37050
-30000
-37550
-29800
-31750
-32800
-36150
-37100
-31000
-35000
-23300
-30500
-25200
-32550
-28950
-33150
-24700
-28900
-32200
-31700
-40400
-38250
-42550
-35300
-46350
-39950
-44850
-51400
-51800
-43250
-45650
-45300
-35400
-44350
-36650
-29350
-19600
-26100
-10400
-8100
-16350
-3800
9750
3200
-550
12950
1750
-1950
4900
9050
-3450
1550
4100
-9500
-3450
-550
-6200
-5750
-2650
-9950
-15150
-7100
-7950
-16550
-13550
-8500
-19050
-18500
-14550
-17250
-18200
-20300
-17750
-19700
-18950
-18450
-19200
-16900
-18650
-18900
-17750
-14700
-17850

-14700
-14300
-14950
-14050
-14200
-8950
-13600
-9250
-11250
-8200
-8450
-6600
-6450
-3800
-2500
-4600
550
-1200
4450
0
5100
3850
6300
8200
5350
14000
11450
10700
7750
14650
12300
13450
11150
11200
10250
5350
6350
-3250
1850
-3450
-9550
-19200
-18000
-22600
-27700
-26500
-31600
-35450
-36100
-33700
-38700
-31400
-30100
-29900
-35300
-31650
-29000
-27700
-26550
-27450
-27800
-32250
-33150
-31350
-30050
-37200
-35600
-38150
-45300
-47950
-40600
-44550
-47750
-43300
-48850
-51550
-43550
-35950
-41100
-31550
-28250
-30750
-24850
-7850
-10150
-9800
3950
-1150
-2950
3550
12200
1050
8500
5500
-1150
-3300
4400
200
-6400
2950
-5950
-8150
-5200
-2000
-13600
-6300
-6700
-13700
-16700
-10850
-9900
-20150
-13000
-18950
-15950
-21100
-16050
-19900
-16950
-18450
-19400
-18150
-20000
-13800
-19450
-14500
-19050
-14300

-15500
-14750
-12500
-12800
-13700
-14400
-9000
-12900
-7950
-10100
-5250
-7950
-7700
-1650
-3800
-250
-2750
1000
750
2550
3500
8250
8500
5650
6750
9950
14300
7350
14650
12550
12000
12000
9400
11800
10750
11050
4200
-1150
-1200
-4400
-10200
-12550
-18250
-23900
-26200
-30800
-33600
-32200
-29550
-32650
-40050
-31250
-34250
-32300
-29000
-28400
-28950
-31350
-26750
-30200
-25450
-30450
-27950
-31950
-36250
-37450
-33750
-36700
-44300
-38750
-47750
-48250
-50050
-39050
-48300
-44000
-41500
-46850
-41350
-32200
-25400
-29200
-12450
-16800
-12550
-10100
5300
-1000
4450
11350
-650
3150
7150
5750
-1700
8350
1300
-5900
-3100
1650
-4000
-7600
550
-10900
-10800
-7550
-7450
-13350
-10650
-11800
-15400
-15100
-15450
-15100
-19000
-14100
-22450
-19300
-16400
-17550
-17550
-19150
-16100
-17450
-18150
-18400
-14300
-14850

-15700
-14650
-13800
-11950
-14950
-8700
-10700
-10900
-9600
-8000
-5450
-8400
-4950
-3850
-4050
-3050
500
1400
3300
3500
2200
8450
5150
9200
7700
11850
11600
8100
13450
11550
14900
13950
11600
8200
13550
7300
5600
1800
100
-3750
-14850
-12200
-22150
-18750
-25000
-28000
-34750
-33600
-32650
-36900
-31450
-32750
-31450
-36300
-29200
-32050
-26750
-26450
-27450
-27550
-31850
-28400
-30550
-27400
-36750
-32150
-38350
-41950
-41900
-38950
-43650
-47150
-42200
-51600
-49200
-44050
-38350
-44050
-34100
-33300
-35000
-26900
-15850
-12350
-9450
-1100
-6300
-2250
6700
6450
2900
10100
8250
-3400
3150
7650
100
-2300
1900
-2450
-8200
-3750
-3200
-7950
-5850
-6750
-11500
-11450
-10350
-14300
-11700
-15650
-15850
-18550
-15650
-15400
-20050
-15250
-17500
-17550
-20500
-16600
-17450
-15850
-18300
-16450
-15000
-16400

-13500
-14650
-11050
-14450
-13150
-10700
-10800
-10050
-8900
-6150
-9100
-4950
-7000
-1500
-3600
0
-1550
-50
4550
1000
7600
5900
9050
4950
9650
10100
12500
12800
12500
13000
10850
15650
8900
13100
12200
9450
4300
500
2000
-6100
-7100
-14800
-20000
-22500
-26550
-29850
-29400
-30500
-34100
-35550
-34150
-34450
-33100
-27800
-28950
-31200
-29050
-29800
-26400
-27000
-26350
-27800
-32050
-32400
-34450
-32100
-35650
-37000
-39000
-45800
-48750
-42600
-44150
-47950
-41250
-44950
-45350
-46450
-32100
-34800
-27200
-21000
-22500
-17050
-8850
-1550
-6550
8400
4150
2550
1250
12900
4900
1750
7600
1700
-1100
-1400
800
-3450
-600
-4750
-5800
-7200
-6450
-6600
-10950
-6700
-15600
-12900
-11900
-13150
-18000
-14300
-13500
-19150
-19550
-18600
-14800
-19850
-14650
-19100
-16100
-17500
-16300
-15250
-16100
-13550

-15800
-13050
-14800
-11550
-13150
-10550
-9950
-9850
-8050
-9700
-4150
-7100
-6200
-3850
-1550
-900
-1000
2850
2900
3400
2700
7650
7100
10000
7800
10700
14000
9650
14000
12550
16000
11900
10250
14000
10600
8950
6250
4000
-2850
-3200
-11200
-13750
-18400
-19050
-23850
-33900
-30450
-35600
-30950
-33250
-32700
-33450
-32500
-31450
-32750
-25850
-28250
-25850
-30200
-26750
-30650
-26500
-27500
-29100
-31800
-38800
-36400
-38600
-38350
-45550
-40450
-43350
-48950
-48000
-44550
-43150
-44650
-36600
-40200
-36100
-28650
-19900
-21400
-12000
-5450
-10300
-2500
3800
6450
2800
10450
4250
2950
4250
6800
2700
-700
4400
-6400
-1850
-2950
-3250
-5950
-4600
-6150
-10600
-8100
-10950
-9950
-14550
-9950
-17600
-16250
-15650
-15650
-15300
-18800
-16750
-19800
-16400
-18100
-18600
-17900
-15150
-16900
-18500
-13550
-15950

-13100
-16850
-10500
-13050
-13850
-9850
-10250
-9150
-11600
-6300
-6350
-6050
-7350
650
-2300
-2650
0
-300
4750
1450
7150
6400
7400
8150
7900
12050
12100
12100
11100
14350
12250
15700
10550
13100
12050
7000
6600
300
2450
-3450
-9150
-14900
-19550
-20550
-26250
-26750
-30550
-31700
-34350
-34800
-35000
-32550
-29250
-31700
-30300
-31600
-29100
-28200
-24500
-26850
-28150
-29150
-30100
-30200
-33650
-32500
-35350
-37250
-45450
-43250
-42500
-43600
-45400
-43900
-46850
-49950
-42500
-38800
-37300
-31700
-25900
-27100
-24250
-10200
-8800
-5850
600
3400
-150
4100
9900
5150
8550
3700
3300
-1100
3550
-50
-2200
50
-2900
-6900
-5650
-1900
-10200
-6650
-8700
-8550
-15650
-11100
-9900
-16500
-14750
-16850
-15500
-19100
-16850
-18750
-15050
-18400
-18400
-19350
-16700
-14900
-19050
-15050
-15200
-14900

