
Curva de Excitacao - Bobina Girante (Dados Brutos)

Arquivo..............: C:\Arq\Wiggler\Medidas Wiggler - Corretoras\Bobina Tungstenio\Gap35\Translado35_X=0_#021.dat
Data.................: 03/02/2005
Hora.................: 09:24:24
Ganho................: 10
N. de Coletas........: 1
N. de Voltas.........: 10
Intervalo de Análise.: 4 - 8

-18100
-9650
-15150
-11700
-15200
-10300
-12150
-14850
-14850
-15200
-11300
-14900
-11200
-16100
-15750
-19050
-14650
-14100
-14800
-15900
-13900
-11200
-18250
-13350
-13100
-9350
-7650
-9700
-4800
-4300
-3550
-3500
-3750
-600
1650
2350
2850
5350
3950
1400
150
4050
-1650
2550
-700
-1300
-100
-5400
-2300
-9100
-8550
-11350
-10900
-11700
-8750
-15900
-18100
-18300
-20800
-14450
-23350
-15500
-21700
-21800
-25150
-19100
-17050
-21350
-17850
-22700
-18750
-21450
-15250
-19350
-11900
-15350
-14750
-14800
-13500
-10700
-12500
-7900
-13000
-9350
-11450
-10850
-10500
-9300
-11950
-16300
-12550
-16050
-16800
-24450
-20400
-21800
-26600
-25300
-29100
-29300
-34850
-31200
-34200
-35150
-34350
-33750
-33750
-37000
-32800
-32500
-27600
-36050
-29100
-30150
-25800
-26250
-27900
-20050
-23250
-20550
-24900
-15200
-17150
-16500
-17900
-13250
-13000
-17200

-12100
-12250
-8950
-16050
-12750
-12200
-12400
-12900
-12550
-11100
-15850
-14550
-15950
-10700
-17050
-13500
-14000
-16050
-15400
-17400
-12000
-14500
-11900
-14550
-10700
-10200
-7900
-7700
-7800
-1550
-4000
-1300
-3800
3750
2200
-200
3550
500
7700
1150
3300
950
3550
1850
-900
-300
-2850
-3000
-7950
-2300
-8350
-6700
-13400
-11250
-12800
-16800
-14150
-15600
-16500
-22450
-19700
-20150
-18600
-19950
-18850
-22500
-22150
-20650
-19600
-19250
-17850
-15450
-19500
-19000
-14900
-102000
-13150
-13200
-11300
-12450
-12800
-9450
-11950
-8950
-9500
-11600
-11400
-9200
-14400
-13450
-13050
-13850
-18250
-21950
-16900
-25250
-26100
-28050
-28300
-30550
-29600
-33250
-31050
-37550
-36000
-31100
-35750
-32000
-37300
-30050
-31900
-31800
-31600
-25150
-25500
-29050
-27400
-22700
-19850
-25050
-18900
-18000
-17100
-19050
-15750
-12550
-15400
-13150

-13900
-12250
-14350
-12200
-12150
-11250
-11750
-15150
-11850
-14000
-12500
-15500
-13200
-14700
-16400
-13200
-15900
-13400
-16050
-14600
-16750
-12500
-12400
-13200
-12150
-10000
-6050
-12200
-4550
-5650
-2450
-2250
-1650
1950
2200
1950
950
2650
3350
4300
150
4250
2150
450
700
-1650
-2500
-3950
-4250
-6350
-9800
-7900
-11250
-10500
-13050
-15550
-18300
-17150
-16600
-18450
-18100
-20800
-19600
-23750
-18600
-22600
-18100
-18800
-21400
-21650
-19150
-14400
-19800
-14250
-15750
-14800
-17500
-11300
-11750
-11950
-8900
-11200
-10300
-12600
-6800
-14600
-7900
-9850
-13000
-14000
-14150
-13450
-19000
-19750
-20100
-20350
-28200
-25200
-30100
-30850
-31650
-32900
-30400
-36050
-32650
-33950
-34950
-35250
-33300
-31350
-30400
-32450
-32050
-26200
-27150
-25950
-27850
-19750
-22600
-23550
-18700
-16750
-16750
-17900
-14050
-15350
-13150
-15000

-11750
-11400
-12300
-10450
-15250
-8950
-13150
-12750
-13850
-10600
-13700
-16650
-12750
-13400
-13200
-17450
-13200
-16750
-13750
-16000
-14000
-12850
-13200
-11450
-14750
-7850
-8800
-7750
-5950
-2700
-4250
-2650
-600
-500
3450
1650
5250
1000
5600
2750
1300
5150
650
3550
-2400
1250
-3800
-4150
-2650
-5350
-6850
-10300
-8600
-14750
-10500
-15800
-13800
-17650
-17350
-18300
-23000
-15250
-20450
-16450
-25950
-19650
-20900
-18600
-20500
-18000
-16250
-20350
-15900
-17700
-12900
-18250
-8750
-14000
-13950
-11400
-11050
-9700
-11650
-7400
-10600
-10150
-12200
-8500
-13000
-12900
-12400
-16500
-14700
-23400
-17600
-23700
-25150
-27000
-28300
-25800
-34150
-31350
-34150
-32450
-36150
-31100
-35700
-32750
-32250
-33450
-28500
-33150
-27500
-29400
-24150
-28750
-26000
-21200
-19750
-20900
-22400
-14750
-18950
-15300
-16650
-10450
-13850
-14350

-12450
-12700
-10450
-14150
-10550
-10800
-11250
-15550
-11850
-10550
-13050
-13350
-14650
-11000
-17300
-15200
-13600
-12900
-14750
-15500
-11300
-14250
-12250
-13200
-10000
-10100
-6000
-10250
-5550
-2800
-2800
1000
-4000
3650
1200
3100
1650
3400
7250
3800
3050
450
3800
800
1750
-1400
0
-4100
-5150
-3550
-9750
-6950
-10650
-8650
-13900
-15700
-16350
-15200
-15050
-18150
-20100
-20350
-18600
-21250
-20450
-20050
-17150
-20200
-21250
-18850
-19250
-15900
-15500
-15150
-18000
-14550
-11050
-14250
-12100
-8350
-10400
-13300
-8500
-9550
-9000
-10750
-8800
-8600
-13800
-11050
-14800
-13400
-17350
-20000
-19100
-21450
-25600
-27300
-25650
-30850
-29950
-33600
-29150
-35450
-34500
-33000
-31900
-31500
-35300
-29600
-30300
-30350
-32350
-25400
-25850
-26050
-25300
-20250
-21250
-23200
-18100
-17550
-15800
-17700
-13600
-14250
-14650
-12350

-11900
-9200
-12700
-11600
-11900
-9500
-13750
-11950
-9550
-13500
-12000
-14800
-11150
-14100
-13050
-13650
-15400
-13250
-14350
-13200
-15200
-9100
-14200
-11350
-12750
-7950
-6150
-8850
-3050
-5550
-800
-3550
-450
1800
6200
2100
1700
5250
4550
5550
1400
7150
1250
2550
0
-1050
350
-2950
-1750
-5900
-7150
-9700
-10000
-9800
-11900
-12350
-15850
-14600
-18700
-17950
-19300
-17350
-17850
-18500
-20450
-22800
-16750
-19800
-17950
-19450
-17600
-16650
-16900
-15650
-14550
-12200
-14100
-11650
-14500
-8200
-12500
-8850
-8950
-9350
-7450
-12100
-7700
-10900
-10650
-13650
-10850
-15550
-16350
-20200
-18350
-21550
-27100
-23850
-28550
-26700
-32800
-32750
-29900
-34200
-34050
-33000
-29950
-35400
-33800
-31300
-26450
-33700
-29000
-24650
-25800
-27450
-25400
-18400
-22650
-20850
-18800
-17000
-18100
-14950
-13700
-13900
-11150
-14800

-10850
-11800
-10350
-12900
-11200
-8400
-12950
-13050
-12750
-9550
-13250
-12600
-15200
-11700
-13150
-15450
-13050
-13650
-10750
-17000
-14100
-11850
-11200
-12250
-10500
-6300
-8400
-8650
-6500
-1200
-1900
1300
-2600
1250
5200
550
5200
3350
9000
2050
3000
4200
3850
3850
500
750
-2750
-1900
-4300
-3700
-7200
-5300
-9500
-12800
-10050
-15300
-13450
-17500
-13400
-18900
-20000
-18650
-18650
-17200
-22000
-18100
-19800
-18500
-21950
-17400
-17250
-14600
-17000
-16500
-11550
-15750
-12150
-13900
-8900
-10450
-10100
-9200
-10900
-8600
-8000
-7900
-12750
-6800
-11900
-12350
-13000
-13850
-14550
-21700
-16300
-22400
-23000
-28150
-25450
-28800
-30450
-32400
-29850
-32700
-36100
-31400
-33700
-29900
-34200
-30400
-28700
-31500
-28650
-28850
-21500
-27350
-23650
-23600
-18200
-21650
-19750
-15700
-15300
-13450
-18600
-11050
-13900
-11050

-12950
-8500
-11450
-12550
-11650
-9050
-8550
-15900
-10200
-11450
-11900
-15800
-12050
-8700
-15200
-13250
-15250
-11550
-15600
-12700
-13750
-10850
-12000
-13100
-9900
-9700
-2600
-9350
-3700
-4550
-2000
-750
-650
4600
1050
4350
2300
4300
4250
6250
4000
3450
4200
1000
2850
-1850
1850
-3300
-2100
-4900
-7700
-6450
-10200
-8150
-12600
-12150
-16850
-14950
-16000
-16800
-19150
-16100
-17750
-21900
-19550
-19200
-18200
-19250
-17250
-18800
-19750
-15000
-16900
-14900
-14950
-11300
-12850
-13450
-10400
-9700
-9600
-10200
-7750
-10400
-6300
-13100
-7550
-7600
-10450
-12300
-15050
-12050
-17600
-18900
-19250
-17750
-26700
-24600
-27750
-28000
-30100
-33250
-29250
-35900
-30550
-32600
-32450
-34450
-32150
-29850
-28150
-29650
-30550
-25650
-25000
-25000
-27650
-19250
-17900
-22300
-20550
-15850
-13550
-18550
-12800
-12900
-12100
-14800

