
Curva de Excitacao - Bobina Girante (Dados Brutos)

Arquivo..............: C:\Arq\Wiggler\Medidas Wiggler - Corretoras\Bobina Tungstenio\Gap35\Translado35_X=17_#010.dat
Data.................: 03/02/2005
Hora.................: 10:09:19
Ganho................: 10
N. de Coletas........: 1
N. de Voltas.........: 10
Intervalo de Análise.: 4 - 8

-11100
-13300
-10700
-7350
-6050
-6550
-6500
-6600
-5300
-4300
150
900
-2500
3300
-200
4700
5550
9100
9800
6200
6750
9100
17250
14850
17600
14500
17350
7450
12750
15850
13450
15300
-350
-1050
-11550
-7050
-17800
-22450
-31050
-34650
-44700
-45300
-40350
-47500
-42550
-48900
-42850
-48300
-29200
-29600
-25350
-23950
-20400
-19650
-18350
-7850
-8600
-5000
-11350
-7050
-14800
-9250
-12650
-9900
-20450
-28500
-28100
-35250
-38850
-39250
-40250
-56300
-58650
-64200
-64450
-68850
-61700
-71300
-74700
-68850
-65900
-62000
-52150
-42950
-49000
-37750
-29400
-16200
-10250
7400
3100
5850
13300
13500
13300
19000
22900
10350
11850
10550
9750
-50
12850
2750
-2500
-1550
-2800
-3000
-5650
-1250
-8650
-6500
-10800
-7550
-13950
-6100
-11450
-14400
-11850
-12700
-11200
-16400
-7800
-13100
-12450
-15650
-10650
-10600

-9450
-9200
-10550
-7650
-13450
-4100
-6750
-1350
-6200
-3850
-2200
-2900
900
2200
5600
500
5000
3400
10850
8550
13400
12650
10850
11300
10250
20000
17650
17850
12000
12650
7300
10450
4950
3600
-3000
-12350
-23100
-29050
-25050
-33350
-37250
-44800
-47700
-49700
-44100
-45150
-40550
-39200
-33200
-38300
-28700
-20650
-19000
-14850
-15800
-10050
-15000
-5900
-7800
-2550
-11650
-11250
-15800
-17400
-20600
-20250
-21600
-38050
-37450
-46900
-46000
-54300
-47700
-61000
-68850
-70500
-71100
-70900
-67100
-58950
-71050
-61000
-62550
-48500
-44950
-25300
-25150
-22450
-8950
-6100
3900
9250
23350
8050
15850
15700
17200
11050
15050
17100
3400
7650
1850
3850
-1800
5350
-4650
-2450
-5250
-7900
-5300
-7350
-4650
-14450
-7300
-12200
-11450
-13650
-7400
-11950
-14350
-13250
-13200
-9850
-13750
-8650
-13050
-11400

-11150
-9400
-8000
-7800
-8000
-7850
-7500
-6900
-2800
-2100
0
-1400
-2450
1550
2350
6950
6100
6750
7500
6200
10600
12750
14800
15700
13150
13550
15850
15150
16450
17100
11650
9300
-3000
-50
-3050
-7950
-15300
-27150
-29200
-40700
-37750
-42500
-41750
-46850
-44550
-49850
-44000
-35850
-33600
-29000
-31600
-20550
-26050
-13200
-14850
-7650
-9700
-9300
-9050
-11150
-7100
-8400
-9700
-19550
-18500
-27200
-25900
-32200
-31600
-41500
-52500
-51500
-60200
-61150
-61250
-60700
-71650
-74000
-71750
-69200
-64850
-55600
-52150
-55000
-42250
-38000
-26450
-13350
-3450
-3850
1000
9550
11600
13700
21550
20800
11900
15100
12000
10200
8300
10250
5200
-400
-100
-100
-2150
-1000
-3750
-7550
-5600
-8550
-9000
-9150
-8050
-9200
-12750
-13050
-10600
-13200
-10150
-12250
-12750
-12150
-12800
-10950
-11950
-8250

-9450
-10800
-12300
-7000
-8000
-3950
-5600
-5450
-3800
-7300
1350
-1150
3200
350
3250
2300
4050
8800
10600
11250
8400
13150
9300
16600
13850
19600
18400
13150
12000
9950
17550
10350
6250
-1800
-3100
-16300
-17050
-22950
-26550
-32650
-42800
-46350
-51150
-39300
-45450
-42850
-43500
-39150
-38650
-31100
-25300
-22500
-17200
-17650
-15450
-14250
-5050
-5600
-6300
-9750
-8750
-13700
-14100
-12150
-16250
-23050
-29300
-32550
-39050
-44050
-43100
-46900
-58100
-63850
-66200
-67150
-68700
-63250
-67900
-73550
-67750
-61700
-57000
-45450
-36050
-36800
-27750
-19650
-8350
-4700
9200
13250
11450
13250
15700
18250
16500
20650
10300
11700
6950
6400
3550
5100
2900
-2650
250
-4250
-3950
-7050
100
-9700
-9150
-10300
-8850
-9850
-10350
-7450
-14200
-11000
-13500
-11950
-14200
-7150
-11400
-13750
-12950
-9950

-7550
-11900
-5550
-8800
-7350
-9300
-4350
-3900
-2750
-2200
-2550
-600
-3650
5250
3600
7250
4400
6300
8900
8850
13050
13800
15300
10700
12450
14950
21300
17150
16600
13400
9500
7250
3450
4900
-1150
-8800
-18300
-28800
-31650
-32050
-36850
-41100
-47700
-45100
-48550
-44200
-41650
-35650
-34450
-32400
-29500
-24300
-16250
-15250
-11450
-12550
-7800
-13200
-4500
-6850
-4400
-11450
-14250
-15200
-22850
-20350
-25000
-25650
-42150
-42900
-49600
-49300
-56200
-54900
-61450
-73750
-68550
-74550
-66850
-66900
-55900
-63350
-59950
-51350
-42300
-33550
-22200
-10500
-14150
-1450
450
10750
15150
21600
14600
15550
19100
13700
10650
12600
15250
3100
5300
1100
1900
450
0
-1800
-6600
-4100
-6550
-6450
-8200
-4950
-10750
-9650
-11350
-12900
-10050
-10200
-10500
-15950
-12000
-10300
-11100
-11450
-9400
-8900

-11800
-10800
-8450
-5650
-8450
-4350
-6600
-6700
-4100
-1550
1650
-500
100
1550
2050
5150
7500
9350
10100
8450
8600
12550
15250
16050
15950
15250
18650
11150
16850
15250
17700
10650
1000
-1250
-6050
-5850
-16400
-20900
-31700
-32200
-45800
-41600
-43550
-40900
-43500
-47400
-43900
-42300
-29150
-32300
-24050
-24100
-17800
-19650
-12350
-8650
-7500
-5800
-10200
-6750
-12600
-7400
-10400
-11600
-21450
-24400
-26700
-32650
-35600
-39050
-43050
-55100
-56350
-62200
-64150
-63750
-63100
-71400
-74550
-67250
-64050
-61200
-51850
-43900
-45000
-37200
-27350
-16550
-6550
2850
5500
7050
14850
15150
14700
22600
19400
14100
9300
13600
7400
6800
9250
3900
-150
-900
-100
-4400
-2650
-3800
-3950
-8900
-8300
-8150
-9150
-5350
-12700
-10600
-11200
-10600
-13900
-11300
-10900
-11400
-10900
-13150
-8550
-11500

-5700
-10700
-7650
-9800
-8100
-4200
-4950
-2800
-4450
-1200
-3900
1550
1350
5350
3100
4550
4750
5050
12250
9850
14450
10750
14150
12400
14250
19650
20200
17000
12350
13000
10350
14450
4400
3350
-4000
-10450
-18800
-27050
-25300
-31500
-38000
-46050
-46550
-45800
-43750
-42500
-39550
-39000
-35350
-33200
-26900
-21350
-16800
-13700
-14100
-13050
-8650
-6400
-5000
-5850
-8850
-11600
-14300
-13050
-19600
-19050
-24950
-34450
-39150
-43000
-46500
-47500
-49200
-63650
-67400
-67250
-66750
-73250
-63450
-62350
-68100
-62500
-59450
-47100
-41950
-24400
-28150
-18500
-9400
-1350
2950
13200
19700
11500
17700
15850
18750
12500
17800
12150
7950
6100
6050
3500
1000
4550
-4200
0
-6400
-3950
-4300
-4950
-7150
-10550
-7300
-11550
-10350
-11750
-7400
-13300
-10550
-12950
-11500
-9100
-10300
-9150
-13100
-8450

-11400
-9250
-7500
-5650
-7400
-6800
-5200
-4900
-500
-4100
1700
-1100
50
1250
4050
8950
5350
8400
8200
9650
10000
16900
14650
16100
14000
14850
18200
15650
18050
14900
13850
9350
950
1800
-900
-7550
-16850
-26150
-31550
-35500
-38200
-40550
-43400
-44850
-44400
-48400
-41000
-38600
-30450
-30900
-27600
-23200
-20700
-13050
-14350
-6450
-9350
-7900
-8950
-6000
-7950
-7000
-9600
-17600
-19800
-24800
-24600
-30800
-31600
-44300
-49200
-49450
-56650
-60050
-60800
-62350
-73700
-70350
-69850
-67450
-63000
-53800
-56100
-54050
-40600
-36100
-24950
-12550
-1900
-7400
3200
10200
13800
16800
20200
19800
15200
16700
9950
12600
11300
9650
4750
2650
2650
-2400
100
350
-1800
-7200
-5250
-7800
-7200
-8050
-8750
-8550
-12500
-10150
-12700
-9450
-9450
-12500
-11650
-11450
-10550
-12800
-8400
-8950

