
Curva de Excitacao - Bobina Girante (Dados Brutos)

Arquivo..............: C:\Arq\Wiggler\Medidas Wiggler - Corretoras\Bobina Tungstenio\Gap35\Translado35_X=1_#022.dat
Data.................: 03/02/2005
Hora.................: 09:25:58
Ganho................: 10
N. de Coletas........: 1
N. de Voltas.........: 10
Intervalo de Análise.: 4 - 8

-18950
-11800
-14900
-12400
-15450
-11500
-14550
-14600
-14050
-17450
-9600
-15000
-13100
-17300
-14350
-14350
-16100
-14200
-13100
-14300
-16100
-9450
-13050
-10200
-11150
-10250
-4800
-8250
-2900
-3450
2350
-550
-3200
800
850
7050
2600
5350
3950
5200
-1000
2500
-1900
3750
2550
-3800
450
-7150
-4200
-11600
-8350
-11700
-9700
-13100
-13650
-15850
-20100
-18050
-21700
-16250
-23450
-17750
-24850
-22850
-24000
-20950
-18450
-22100
-19600
-25550
-19600
-18500
-16100
-20950
-14550
-14600
-16800
-13500
-12000
-12250
-13400
-8800
-12850
-11800
-7850
-9750
-11700
-10250
-8300
-13600
-12650
-10700
-14700
-21150
-19200
-18900
-23500
-22600
-26950
-25150
-30500
-32650
-30950
-27640
-31950
-36500
-31800
-33250
-31550
-33400
-29400
-33300
-29500
-29950
-27100
-23600
-27600
-23100
-25200
-20150
-22350
-18150
-17250
-16050
-19950
-16450
-11950
-16450

-13600
-14700
-10700
-14200
-15650
-12550
-11600
-11000
-15750
-14100
-14000
-13600
-17250
-12550
-12350
-16250
-15250
-16100
-11400
-16100
-11350
-12250
-11600
-11200
-10950
-6900
-6450
-5100
-5650
-2800
-2150
1900
-700
3400
4750
950
6250
100
5800
4200
4900
1500
300
2350
-250
-2550
-3800
-1200
-5950
-6000
-10950
-9150
-11700
-15100
-13600
-14550
-16050
-20400
-18150
-20850
-21950
-20050
-20200
-20150
-22450
-23900
-22350
-20550
-20450
-20300
-18250
-19100
-18950
-19350
-13700
-16500
-13550
-12850
-14700
-13450
-10850
-6050
-14000
-8400
-7900
-11100
-13000
-6600
-9550
-12850
-11650
-12500
-11950
-20650
-15900
-23000
-21100
-25150
-27950
-25750
-27850
-30400
-32050
-30750
-34100
-31250
-36250
-31150
-35200
-32250
-29600
-28800
-30050
-30500
-26650
-25150
-26650
-25950
-21250
-20700
-22850
-21000
-17350
-15050
-19000
-14850
-13650
-15450

-16800
-14150
-10950
-13800
-13800
-13650
-11750
-16700
-13100
-13250
-10350
-15050
-16350
-13300
-16400
-12650
-15850
-12900
-14950
-14250
-14900
-12400
-9500
-10550
-9150
-11150
-4650
-7900
-2850
-4100
200
2300
-2500
2700
1950
5400
1800
2550
4050
5500
3000
600
3650
1450
-200
-3550
-2950
-3850
-5850
-6700
-9550
-7200
-14300
-11150
-14550
-16650
-17900
-18150
-16550
-21750
-20000
-22800
-19950
-24550
-18900
-23300
-20550
-20700
-22350
-21400
-20550
-13450
-20100
-15350
-18950
-15950
-15050
-11050
-12950
-13050
-8250
-13200
-12150
-10350
-4300
-13450
-8850
-7600
-12900
-11800
-12900
-10400
-15850
-15500
-19900
-18900
-21750
-22350
-28200
-26800
-25450
-33500
-28850
-32350
-32950
-35750
-30900
-29750
-34350
-30900
-30150
-28750
-32600
-26500
-25600
-23600
-28900
-24550
-20250
-22250
-20050
-20550
-14650
-19100
-17200
-16450
-13850
-14200

-13350
-11850
-14200
-13000
-16000
-9100
-13200
-12350
-14200
-14900
-12600
-14850
-12400
-15050
-11500
-15750
-14900
-15600
-10600
-12300
-14750
-10650
-13400
-8500
-12300
-6500
-5000
-5300
-3550
-5200
1450
100
2150
700
4550
3250
4850
1750
5000
7150
1300
4300
-150
4000
-1150
-1400
-2050
-3900
-4100
-7550
-7900
-12400
-10200
-13650
-11350
-16900
-16950
-16700
-20100
-19050
-22150
-18450
-22600
-19600
-23550
-22800
-21050
-18100
-19050
-23000
-18200
-19250
-17350
-18500
-13000
-16250
-13000
-14400
-15700
-9600
-9050
-9850
-12050
-8550
-9550
-11600
-7950
-7550
-10950
-11150
-11200
-14900
-12100
-18200
-18050
-18750
-21150
-23750
-28700
-22400
-31650
-31000
-31600
-28650
-34850
-31600
-31050
-33800
-32450
-34000
-25400
-32200
-28500
-30250
-25350
-26000
-25850
-22100
-22900
-21200
-22550
-17400
-20550
-14300
-15900
-15550
-14050
-14900

-13550
-16100
-9550
-13050
-14150
-13900
-11300
-12650
-14300
-11500
-12150
-12650
-18200
-12050
-14650
-12850
-14050
-15350
-10700
-16400
-11650
-12900
-7600
-11300
-9500
-7850
-5150
-5050
-3800
-550
-3000
3300
-2300
4900
2250
5900
6250
950
6100
4400
4100
700
3900
3000
1500
-1150
-4250
-2450
-4300
-5600
-9700
-7650
-12350
-13050
-13800
-15650
-15400
-19000
-16400
-18850
-20950
-22650
-19650
-18650
-23050
-20750
-20050
-21150
-24000
-18900
-17550
-18050
-17600
-17050
-15400
-17350
-9950
-14100
-11500
-11600
-10500
-10850
-10700
-6750
-9250
-7950
-11150
-8250
-10600
-7950
-14850
-12400
-11150
-18200
-17550
-19950
-17550
-26850
-25900
-26000
-27250
-32000
-28850
-30500
-33050
-31150
-33850
-28150
-34350
-31550
-30750
-29100
-29750
-28400
-23850
-25500
-25750
-25850
-19050
-20300
-19700
-20400
-15550
-15600
-18800
-13900
-12800
-11550

-17150
-12900
-11450
-12700
-14200
-11250
-8700
-14950
-12950
-14500
-10900
-14850
-12800
-11850
-14300
-14000
-15950
-11000
-13300
-11400
-14150
-11000
-11550
-8700
-9350
-7550
-2050
-6950
-2100
-5350
2350
1600
2000
2750
4350
5750
2900
4850
4250
7650
3850
2000
500
3600
2500
-2950
-250
-3900
-2150
-8050
-8300
-7750
-11450
-10700
-14500
-13450
-18400
-16300
-18250
-18000
-20000
-20500
-18200
-22950
-20550
-22850
-16750
-21050
-19650
-19650
-20300
-18100
-16850
-13550
-17950
-12500
-14000
-14050
-14500
-7150
-10450
-10350
-8850
-10650
-6200
-11350
-6500
-10100
-7500
-10900
-13650
-11950
-11100
-16900
-19900
-17500
-22050
-22500
-27150
-24950
-28400
-31150
-27000
-32400
-30900
-34500
-30100
-31550
-32300
-31900
-26700
-29300
-32200
-27700
-25700
-22350
-29050
-21700
-21100
-19600
-20850
-19750
-13550
-16500
-16050
-17300
-11400
-15750

-13200
-11650
-10300
-11850
-14300
-9800
-14050
-11400
-13500
-10800
-13950
-12950
-13750
-13750
-11250
-13650
-13500
-16450
-10250
-14350
-13650
-10450
-9500
-6950
-12800
-5400
-5500
-3800
-3950
-2050
150
2000
1500
450
7400
4300
7150
700
7050
5650
4150
4300
1800
5500
-1050
-950
-3450
-850
-4150
-4850
-7400
-9000
-9300
-13900
-12750
-16250
-13500
-17900
-17650
-18700
-21200
-19500
-21100
-19000
-21300
-20050
-22950
-19450
-19450
-19100
-18000
-17800
-15400
-18600
-15500
-14750
-11350
-13900
-11350
-10300
-11950
-7750
-10350
-7950
-8600
-7600
-10800
-8200
-8400
-10950
-11850
-12350
-11100
-19900
-16500
-19000
-20600
-24300
-25000
-23750
-29400
-29200
-31450
-29600
-33800
-30900
-31450
-29350
-33450
-32700
-27350
-31400
-27350
-28650
-22700
-27100
-25550
-22600
-20100
-18950
-20600
-17750
-19350
-14250
-18400
-13650
-14150
-11700

-13950
-14300
-10600
-13150
-11100
-12100
-10350
-13200
-12450
-13800
-10650
-10150
-15750
-12100
-13800
-12250
-16500
-12450
-10650
-13050
-13550
-12700
-7500
-10000
-7250
-8300
-3700
-5450
-2900
-1850
-150
5000
-1250
3900
3800
7000
4000
2800
7850
5650
5250
450
4000
2550
2350
-2100
-1100
-2100
-3150
-6000
-10200
-6050
-11300
-10800
-14700
-13700
-16200
-18100
-15600
-18600
-19300
-21900
-18550
-20650
-22100
-20850
-19650
-18000
-20700
-19850
-19850
-17500
-16950
-15250
-13350
-15550
-12250
-14050
-8650
-13250
-7900
-8850
-9550
-12100
-6200
-7350
-9950
-7200
-9450
-8550
-14400
-9800
-14050
-17100
-17500
-16450
-19850
-24300
-24950
-25750
-27600
-32450
-28800
-31400
-30200
-32550
-33000
-29350
-32700
-29800
-31050
-28350
-30550
-27050
-26550
-23000
-24800
-24150
-19550
-20550
-18950
-21250
-13850
-15450
-16450
-15050
-12650
-11500

