
Curva de Excitacao - Bobina Girante (Dados Brutos)

Arquivo..............: C:\Arq\Wiggler\Medidas Wiggler - Corretoras\Bobina Tungstenio\Gap35\Translado35_X=11_#004.dat
Data.................: 03/02/2005
Hora.................: 09:57:43
Ganho................: 10
N. de Coletas........: 1
N. de Voltas.........: 10
Intervalo de Análise.: 4 - 8

-18600
-15600
-14950
-13750
-16900
-13500
-14500
-15600
-10650
-11600
-7650
-12600
-7650
-7000
-8250
-5850
-5600
-1450
-1650
-800
300
5700
2250
3600
1750
3300
11300
7950
13800
9550
11850
6850
5500
6750
9850
15150
8700
7650
-200
900
-6150
-3450
-11700
-12050
-16500
-22800
-17600
-27450
-23600
-34000
-30650
-38150
-32100
-30450
-27250
-30700
-34900
-32600
-36700
-31000
-33500
-26400
-35050
-35950
-43350
-35700
-34350
-36200
-37950
-40100
-41100
-45400
-42900
-43650
-31450
-31800
-31800
-34800
-26450
-22450
-20050
-17050
-17000
-9100
-2950
-2400
-5800
3050
-850
-3100
-2400
2400
-1650
-5000
-400
-2350
-7550
-4200
-3850
-6550
-4100
-8150
-11000
-13550
-9800
-14200
-12800
-14000
-16250
-18050
-17600
-20250
-23350
-19800
-19950
-20500
-25900
-18000
-21550
-22300
-21850
-21700
-19850
-19750
-19050
-20250
-15650
-20250

-16450
-18500
-14800
-16450
-15550
-10300
-14050
-12850
-12750
-10850
-11650
-9050
-8950
-5900
-6350
-6500
-3450
-4100
2100
-3100
2250
1700
3300
4900
5200
9050
7550
7550
4950
10900
10950
13750
8250
11950
9150
4650
9200
3800
7350
1200
-1800
-9500
-9950
-11000
-14400
-20900
-23100
-27500
-29500
-27350
-29600
-30100
-31800
-32900
-35550
-33100
-30750
-28700
-32050
-32400
-35550
-32400
-34950
-31800
-33700
-36550
-39600
-41250
-38550
-41550
-36400
-38250
-38550
-45400
-37100
-37350
-31700
-28900
-26750
-23400
-22750
-12950
-16400
-4350
-8100
-5050
-4950
3600
-2350
-1350
4900
-1900
-1000
-5550
3450
-7950
-1550
-4350
-6550
-6200
-6700
-7000
-9050
-7600
-14650
-11500
-14850
-13600
-19900
-14600
-15950
-23000
-20050
-20800
-19000
-25350
-21000
-21100
-20000
-23750
-19350
-20700
-20800
-17450
-21800
-17400
-19750
-16750

-17700
-15500
-15900
-15150
-14850
-14500
-12500
-13600
-9700
-13100
-8850
-10400
-10100
-5950
-6200
-3850
-5800
-1900
-1600
-250
50
4950
5500
2000
4700
7900
11600
6250
10150
10150
10200
9600
7650
13300
10800
10450
5150
2050
3700
2350
300
-6700
-7750
-15400
-16700
-20800
-21000
-25900
-25200
-29800
-35750
-30350
-31650
-28050
-35150
-30850
-34200
-34550
-31000
-30250
-29800
-35650
-32650
-38050
-34450
-38700
-32450
-37500
-40400
-42950
-41550
-38200
-42400
-33900
-38650
-36550
-37100
-27900
-29000
-21650
-17700
-18300
-13000
-9500
-3700
-8500
1900
-650
-750
-1650
2300
-900
-2000
150
-3650
-2350
-5550
-2550
-7900
-4000
-6950
-10350
-6900
-10000
-12550
-13300
-9250
-17800
-17000
-16050
-16200
-21650
-20000
-18400
-22500
-20200
-23050
-20950
-20400
-20250
-20850
-23000
-17600
-19650
-20350
-18950
-16000
-18100

-17750
-16100
-15400
-13400
-16350
-11600
-14850
-13600
-12950
-9150
-8900
-10450
-7400
-6950
-5750
-7850
-1100
-1900
-50
-2200
350
5450
2500
7100
4150
9500
7350
6400
9600
10350
13000
9700
9850
7950
11450
8500
10750
3850
4750
1150
-6850
-4250
-10750
-6950
-17950
-20850
-26300
-24700
-25950
-28950
-29750
-30700
-32950
-35400
-29350
-32800
-30200
-32800
-29500
-35150
-33500
-30950
-32500
-32550
-36950
-36500
-38950
-37250
-39650
-37150
-40200
-41850
-41950
-37150
-37650
-36050
-30450
-30850
-29650
-23000
-18450
-17500
-9900
-7150
-7100
-6850
1050
-400
850
450
-200
-2150
1850
-3200
-3750
-500
-2550
-5650
-7350
-1900
-9200
-7850
-6400
-10750
-13700
-11100
-12800
-16350
-15500
-17250
-15350
-22600
-17750
-22250
-19000
-20850
-23750
-20250
-20050
-20450
-23650
-17800
-19600
-18200
-22600
-16100
-17500
-18950

-16250
-15950
-13150
-18150
-13950
-13700
-10900
-13550
-11050
-9100
-10850
-9450
-10300
-2500
-8800
-4250
-4250
-2050
-800
500
3350
2700
4300
2500
6200
7050
12150
6200
10100
10050
9350
13150
8700
12650
10300
9000
5100
3850
7350
3450
-3100
-6600
-9550
-13250
-15000
-18950
-21700
-24450
-28850
-30450
-31350
-28600
-31200
-32050
-31150
-34500
-31950
-31450
-28800
-33050
-31850
-33250
-34200
-32950
-36100
-32700
-37300
-37450
-42750
-38350
-41600
-37450
-36800
-38800
-40100
-36750
-29000
-35400
-23550
-22600
-18450
-19500
-8850
-9850
-7000
-1350
-2350
-150
-2100
3850
-3350
2750
-100
-3600
-1450
-750
-3700
-8300
-600
-6200
-6750
-9800
-4250
-11550
-10700
-10150
-14950
-13900
-17850
-14550
-18450
-17950
-22250
-18700
-19550
-21050
-23150
-19500
-18100
-24250
-20450
-20600
-18250
-21250
-17550
-17250
-18500
-16400

-17100
-14350
-16600
-13350
-15500
-12900
-14450
-12500
-10000
-10650
-7350
-9950
-7650
-8250
-5150
-4500
-2650
-2200
-1050
-250
-200
6200
4150
5850
4600
8200
10300
5950
12200
10850
12100
9000
8200
10700
13250
11000
6750
6850
2900
1500
-4400
-1900
-7950
-11400
-17100
-21100
-22100
-26250
-22750
-30000
-29100
-34100
-30850
-30850
-31500
-30050
-31500
-31750
-34850
-29100
-33150
-29000
-33500
-32700
-37200
-37050
-34450
-38650
-36650
-41500
-38850
-41500
-38950
-39450
-34200
-32150
-34200
-31950
-26200
-20850
-20950
-11450
-12650
-8250
-6100
-2450
-2200
800
3500
-1150
600
1450
900
-4900
400
-150
-6550
-3800
-4550
-3650
-8250
-5300
-7600
-10000
-10650
-10750
-11750
-14800
-16650
-17750
-12800
-21000
-19400
-19800
-18100
-19750
-24100
-18450
-20600
-20300
-20500
-20050
-19150
-17450
-18450
-19450
-15650
-17700

-15100
-18100
-13950
-15150
-14750
-11000
-12150
-11050
-13400
-8950
-9750
-7900
-9350
-5150
-5100
-5750
-3050
-2150
3450
-2450
3100
3000
3400
5000
7900
10400
7850
9450
8250
11150
9700
15650
9050
12400
10900
7900
9050
3750
9050
650
-1500
-8100
-8900
-9450
-12850
-20000
-22950
-24550
-28650
-27900
-30750
-27700
-31200
-32850
-32450
-32150
-29650
-31300
-28950
-31750
-33350
-33300
-31300
-31500
-35450
-35600
-37000
-38350
-39750
-38950
-38000
-37250
-39350
-40200
-36750
-35750
-31800
-28250
-26100
-23950
-19850
-13250
-13750
-6950
-4750
-3350
-3800
3400
650
450
1850
2050
750
-4350
1550
-3250
-2300
-4250
-4750
-5000
-4700
-7350
-8400
-6700
-11300
-11000
-14900
-11300
-17300
-16850
-15650
-19600
-19500
-22250
-17400
-19850
-20150
-22650
-18050
-21150
-19800
-21150
-18750
-16500
-20500
-17600
-16550
-15500

-17850
-13450
-13400
-15300
-14700
-12350
-10500
-14500
-8650
-10000
-7000
-11850
-8500
-4350
-4800
-3700
-4150
-50
-2800
250
1450
6550
4400
5450
6750
6300
11900
7800
11400
9550
12900
11550
8450
14100
12500
11300
5600
5700
3100
3400
150
-3850
-8450
-12950
-14600
-21750
-21000
-22850
-24050
-29950
-31050
-29200
-31500
-28600
-30750
-30550
-33900
-32150
-29650
-31150
-29900
-31200
-31250
-36750
-34300
-35600
-35000
-36450
-38050
-39500
-42150
-36550
-40250
-34150
-39400
-33850
-33650
-27850
-27300
-21050
-15850
-16400
-13400
-9000
-1650
-6800
1750
1850
-450
-750
2750
2350
-2450
-350
-850
-1600
-5650
-700
-5450
-2800
-5850
-9200
-4750
-10000
-9450
-13300
-9250
-14600
-17650
-16150
-14200
-19650
-20400
-17600
-20200
-19900
-23350
-18850
-20350
-20150
-19350
-20900
-16650
-19800
-17900
-17750
-15350
-19200

