
Curva de Excitacao - Bobina Girante (Dados Brutos)

Arquivo..............: C:\Arq\Wiggler\Medidas Wiggler - Corretoras\Bobina Tungstenio\Gap35\Translado35_X=20_#013.dat
Data.................: 03/02/2005
Hora.................: 10:15:26
Ganho................: 10
N. de Coletas........: 1
N. de Voltas.........: 10
Intervalo de Análise.: 4 - 8

-2750
-10300
-450
-6500
-600
-3950
-6000
-4600
1100
6250
-200
4900
2250
11300
1800
8350
7500
12300
14550
10000
19100
12150
20050
14150
11600
6650
17100
9400
5450
100
-4850
-14900
-30700
-26800
-42450
-39750
-43350
-53150
-62650
-57100
-59400
-59000
-57700
-46600
-47700
-34200
-23200
-30800
-19700
-9800
-3100
-10750
6850
8200
17200
13850
16350
12600
15200
14800
12500
14950
5000
6800
-6250
-3500
-16100
-12150
-28350
-33650
-102000
-47550
-63650
-64800
-61650
-80100
-75250
-91300
-91450
-99900
-84000
-99750
-102650
-81550
-84050
-81900
-71000
-46250
-57800
-35300
-28800
-19350
-14000
14950
14700
9150
27650
19850
19800
20500
35650
13100
22000
16250
11600
7850
14650
10550
-2450
9200
1100
-3500
-6350
6300
-6100
-4950
-4750
-6550
-6400
-6850
-4050
-11850
-5500
-8050
-7350
-7700
-5350
-6000

-5850
-5650
-8300
-3250
-4300
750
-3700
-250
1100
-750
3800
2750
4300
7400
8050
6600
10950
11200
14750
13150
12050
14700
15950
16700
14250
15050
16800
2250
1650
1050
-6550
-11300
-21100
-28300
-40600
-41050
-52050
-53550
-56250
-52450
-65900
-57550
-50750
-52650
-42400
-35450
-28950
-34600
-8850
-13600
-4850
-2250
7800
6400
8850
18150
13650
18800
13950
19300
8450
14700
3850
9250
-2650
-9700
-7350
-21650
-28450
-32500
-33400
-52150
-52050
-64650
-70500
-79800
-74000
-88400
-95900
-86300
-98900
-101050
-91250
-80100
-90850
-75900
-68400
-63150
-55550
-27850
-24550
-22900
100
-50
5050
18350
30750
18900
22950
27200
19150
15200
27400
19050
7550
15200
9650
2500
3450
9800
1850
-3250
550
-4000
-7400
250
-4500
-7450
-5000
-6800
-8450
-9050
-5100
-6750
-8000
-8250
-6250
-9100

-2750
-6450
-4000
-4000
-5400
-2300
-2250
1600
-850
3150
1850
2900
2000
-1857150
6150
8950
9450
14500
13500
13650
12800
17550
11950
2040
17750
15250
12550
4800
6200
-2950
-2900
-10700
-24550
-30950
-34950
-44550
-48050
-50300
-55550
-62000
-58800
-56800
-54650
-45200
-39250
-41650
-31800
-22750
-18800
-13100
-2250
3550
750
11350
10250
15250
14400
18800
18550
14500
12200
11750
10450
2050
2050
-6000
-11500
-23700
-19850
-33100
-41350
-41750
-56900
-66250
-69250
-68750
-85600
-85750
-89600
-96200
-101700
-89000
-88800
-91000
-76650
-82550
-77200
-59700
-38800
-40300
-23050
-12750
-10250
-3850
15900
24300
16350
30250
20900
21400
20750
30100
17550
15800
18100
8050
7200
8800
9150
0
7200
-1250
-4000
-2400
1550
-3000
-7850
-2900
-7150
-7350
-6700
-4550
-6100
-5000
-7650
-9250
-6200
-5700

-3250
-5600
-3800
-4900
-4450
-1200
-1400
950
2450
1850
1550
3950
5050
8450
8850
8950
12200
9950
13600
13000
17650
17500
14650
16100
11650
15400
14900
11600
2100
-950
-7050
-14550
-21450
-24400
-31750
-47250
-48000
-57050
-55700
-56500
-55350
-58200
-55850
-45300
-46000
-33850
-29550
-22950
-22000
-9000
-4950
-250
7250
10250
12350
12100
17500
14350
19700
13800
17300
12500
6950
2900
-700
-3950
-13100
-13300
-26400
-36600
-39950
-41950
-55700
-61550
-65850
-79100
-84400
-84600
-87200
-95450
-89450
-94800
-100650
-87750
-79550
-76800
-67350
-53550
-55150
-44500
-19750
-10000
-6500
5900
11900
10250
21250
29900
24600
24300
26850
20600
14350
20650
16750
11950
10850
7550
1050
3250
8400
-2600
1400
-900
-3600
-8000
-2600
-3100
-4750
-5500
-5600
-7800
-9750
-3500
-8150
-5150
-6900
-4200

-7400
-4650
-3500
-2700
-1700
-3300
300
-2500
2600
350
5900
4400
3300
7900
6950
12400
9250
14400
12250
13300
13750
18500
18500
16000
15500
12450
15350
4150
8450
1700
-4350
-13950
-24350
-26200
-36550
-38150
-46850
-55950
-60100
-55200
-59600
-55650
-49800
-47800
-44850
-37100
-29850
-25600
-14150
-9450
-6200
-50
6150
9900
11800
16300
17800
15650
17500
15550
18050
12050
8600
7150
-1500
-9300
-8550
-13300
-27300
-31600
-38900
-46300
-59850
-53900
-66550
-77850
-79200
-89450
-94600
-93050
-84900
-96450
-89700
-89550
-86700
-83800
-62200
-53800
-48500
-35850
-29550
-17450
-4900
11100
8500
21050
22150
20150
20600
30550
27950
17350
24100
15700
13100
9700
15650
6250
5650
5600
1150
-300
-200
3350
-5750
-200
-7650
-4850
-5500
-3500
-4850
-8150
-4750
-8500
-6750
-7700
-2450
-5350

-3900
-5650
-4900
-1650
-4400
1900
-1400
200
-1600
3700
4300
4550
6400
9000
8550
6700
13300
12350
16750
12350
15400
15550
16100
17650
15800
17900
14200
6100
3200
1050
-5050
-10200
-18450
-30900
-38000
-41350
-47050
-55100
-53950
-55050
-62100
-53600
-55000
-45550
-42800
-34800
-33150
-24800
-13550
-12100
-1600
-800
6850
6800
15250
11650
19850
18250
17600
17400
12050
13050
8250
8800
-4200
-4000
-9550
-19850
-28650
-25950
-35150
-49950
-51700
-62250
-71500
-76300
-73600
-88550
-90200
-90250
-96900
-98600
-88600
-82000
-86850
-74950
-71450
-61150
-46450
-31350
-26100
-16100
-350
-1300
7850
21350
26850
21750
24900
26400
19900
22900
23550
18450
11900
16550
6800
5850
7600
6400
3800
-850
1600
-5000
-2100
-500
-4700
-5650
-3400
-6900
-8850
-4000
-6600
-3000
-9150
-5250
-6150
-6400

-3350
-4550
-1800
-6150
-2450
-1900
1050
-1450
3300
2850
3950
4000
4400
11200
6650
11900
9200
11850
14100
13500
18650
16400
18700
14050
16250
13000
15800
9550
6450
-1450
-7800
-8650
-25400
-25000
-33850
-40800
-52650
-55250
-54600
-56950
-53900
-55650
-54750
-50850
-40350
-39650
-29200
-21750
-15400
-10800
-4500
-100
5150
12650
11100
15500
17650
17500
17700
17950
15550
10550
10400
3400
-2100
-1450
-7900
-20950
-24950
-30350
-42200
-44300
-50200
-62150
-72450
-71850
-81450
-92600
-81700
-88050
-94300
-97550
-94650
-93000
-82350
-68850
-68900
-55700
-47450
-39500
-33900
-6500
-2600
4050
12500
17650
17600
23650
32150
24250
25850
21200
20550
13250
17900
13900
9200
9750
4050
4450
1150
4450
-2600
-50
-2700
-3700
-6050
-3500
-2250
-7950
-3800
-8900
-5900
-7250
-4550
-4850
-5400
-5500

-7750
-3300
-5200
200
-2600
900
-3400
-1050
2400
950
6700
4850
8400
3200
9500
8850
12150
13200
14950
15100
12750
18700
15250
19950
15050
15900
10700
8150
5100
2150
0
-13700
-24350
-31500
-32550
-42500
-45250
-50550
-56800
-60350
-59350
-55650
-53450
-42450
-43850
-36350
-29550
-25650
-15150
-10750
-2750
-1900
7700
11100
10950
17650
19450
17200
17400
16300
12150
16200
9150
5900
400
-5500
-11850
-18150
-19150
-34050
-38800
-45200
-55650
-66200
-62350
-69400
-81150
-84850
-94300
-98800
-96200
-86300
-91200
-84450
-82600
-81600
-74400
-54550
-42900
-38550
-22250
-16500
-8000
2200
19150
18650
21900
24900
20350
25150
26850
25250
18000
20950
12350
9700
11150
11150
6050
2150
7400
-3300
-950
-200
1200
-2550
-5300
-3800
-7950
-3350
-4850
-4800
-7400
-3650
-8600
-7300
-4550
-4600

