
Curva de Excitacao - Bobina Girante (Dados Brutos)

Arquivo..............: C:\Arq\Wiggler\Medidas Wiggler - Corretoras\Bobina Tungstenio\Gap35\Translado35_X=-9_#012.dat
Data.................: 03/02/2005
Hora.................: 09:10:17
Ganho................: 10
N. de Coletas........: 1
N. de Voltas.........: 10
Intervalo de Análise.: 4 - 8

2400
11300
5600
4600
3900
850
1800
-6650
-2150
-8050
-5400
-10250
-10350
-12800
-17000
-14850
-16000
-13450
-16900
-13850
-14500
-13300
-19200
-16600
-14650
-17700
-15150
-19750
-13300
-16600
-18700
-16950
-19000
-13750
-15600
-15800
-12650
-9150
-11050
-10400
-6950
-7550
-5650
-7300
-3450
-6100
-1450
-5850
-3550
-2600
-5650
-7000
-8550
-2100
-6400
-8600
-7450
-6500
-11850
-11300
-9700
-11350
-9650
-14000
-11000
-13850
-10850
-14100
-14000
-13100
-15650
-12850
-14200
-13200
-17400
-15600
-14900
-16700
-17700
-18850
-18350
-22000
-17050
-24850
-23600
-30700
-25900
-28850
-33900
-28950
-34850
-32500
-38900
-37100
-42400
-33950
-39400
-37300
-38050
-34450
-38800
-42050
-30450
-40150
-36800
-35850
-30750
-41300
-31400
-25700
-31400
-30050
-22900
-18600
-24850
-12650
-15050
-10200
-8350
-2750
-1350
1800
4650
-1050
6300
9050
7700
3450

12650
7700
2700
4550
5100
3000
-3200
-350
-2750
-7150
-8650
-9800
-9350
-11950
-13850
-14600
-13750
-16400
-15650
-15650
-14950
-12250
-17400
-15100
-14150
-14800
-15700
-20000
-14300
-17850
-16050
-19200
-14600
-15050
-15000
-17350
-11900
-9950
-11050
-8850
-9400
-3350
-9500
-3650
-5550
-3550
-2850
-7000
-2100
-2400
-4350
-7650
-4450
-5450
-6800
-11050
-6100
-6250
-9800
-9050
-12400
-8350
-12600
-11450
-12800
-12000
-11450
-13950
-11700
-14350
-11900
-14300
-13500
-16000
-13150
-16400
-15250
-15800
-18850
-15900
-22250
-17450
-22500
-22900
-25900
-25950
-26000
-29400
-32100
-32950
-32900
-36150
-31650
-41100
-34950
-37800
-39250
-40550
-35500
-33950
-40150
-36800
-35050
-38000
-40600
-28600
-34150
-38300
-31800
-27100
-31600
-30150
-20500
-22900
-20600
-14550
-12500
-11400
-7050
-5450
-3200
2300
2250
1650
7250
7400
5250
5500

11550
5550
4350
5550
5950
1500
-1250
-1250
-4650
-5150
-8900
-7800
-12000
-12250
-15100
-14850
-12600
-16000
-13450
-19150
-12500
-15800
-15300
-18050
-13850
-14000
-17400
-17950
-16550
-13200
-21500
-15500
-18000
-11750
-16650
-15600
-8950
-11950
-9300
-12150
-6050
-6650
-6000
-6800
-3550
-3500
-5300
-5050
-3850
-1500
-8850
-5550
-4750
-5250
-5250
-10350
-6000
-10150
-6700
-11300
-9900
-10100
-10050
-13700
-13300
-10950
-13050
-11850
-15100
-11750
-15300
-12150
-15450
-14000
-12850
-18550
-14750
-16200
-15250
-19700
-20100
-19600
-19850
-23200
-25250
-25750
-29550
-26550
-31700
-31200
-34750
-33550
-34550
-41650
-34900
-36300
-37900
-39350
-36000
-38200
-41350
-33500
-33750
-39350
-38950
-29050
-38500
-36600
-30700
-26750
-32300
-28800
-21600
-24250
-17450
-17050
-12050
-10400
-4250
-7500
-2750
4050
1450
1650
4700
12500
3650
8750

7000
8200
4600
6050
4650
1550
1950
-4050
-300
-7550
-6050
-13450
-6850
-11750
-15750
-13600
-14200
-13700
-19150
-13050
-14900
-12050
-18200
-14150
-14400
-15400
-15100
-20450
-12950
-18400
-16350
-18950
-15500
-13450
-17150
-13700
-12550
-8850
-12600
-7900
-8900
-4650
-6000
-5750
-2450
-3900
-2700
-8200
-1150
-1500
-7050
-5850
-5500
-3250
-8200
-7050
-7300
-6150
-10550
-9550
-10400
-8400
-9800
-13500
-10600
-11900
-10400
-15200
-11400
-13000
-12950
-13900
-13750
-12700
-15700
-15350
-16000
-14900
-18100
-16050
-20150
-19650
-19950
-25500
-22600
-27700
-26400
-29800
-30650
-31450
-35800
-31150
-36950
-36600
-36950
-35150
-43650
-35500
-34900
-37000
-39750
-35550
-31500
-43150
-32150
-33450
-34300
-37700
-28800
-31550
-29250
-24650
-25850
-19550
-19600
-12300
-18400
-5450
-6800
-6850
-1950
4450
3700
-800
10600
7100
7050
5050

13500
6750
5750
6400
4500
4250
-2750
-900
-3600
-3550
-9000
-7500
-9650
-11750
-12800
-15000
-11300
-16600
-13950
-17600
-12000
-14300
-16650
-14300
-15100
-13750
-17600
-16500
-15950
-14300
-18650
-16600
-15700
-13950
-13800
-16050
-9950
-11550
-8600
-9050
-8500
-3500
-6900
-5700
-5350
-1450
-3350
-5150
-2700
-800
-4900
-7450
-4300
-4300
-4450
-11450
-5750
-7650
-8600
-10150
-10200
-7600
-12850
-11550
-11950
-10600
-13200
-11550
-12300
-12850
-12850
-14050
-12300
-15100
-13100
-16000
-14000
-16400
-16500
-17050
-21400
-17150
-21400
-21400
-25100
-24750
-28450
-27050
-29300
-32450
-31200
-33950
-32600
-41900
-31800
-38250
-38400
-37800
-35650
-38400
-39450
-32000
-37500
-36600
-37900
-30400
-39100
-31400
-31200
-29650
-27350
-28850
-23750
-21800
-14700
-20000
-12200
-6450
-5700
-7050
400
6000
-1250
4350
7300
9150
3500
10000

10000
7050
7550
5500
5600
1600
1700
-2250
-250
-6200
-8200
-8000
-10350
-10500
-14300
-12900
-14900
-13700
-14600
-16100
-12100
-12850
-13850
-17200
-12750
-14000
-15500
-18250
-14050
-13550
-19150
-15400
-16300
-12000
-15200
-14300
-10300
-10400
-7650
-10750
-5850
-4550
-4700
-7100
-2500
-3450
-3250
-4850
-2700
-400
-7250
-2700
-5750
-4250
-6150
-6500
-6900
-5750
-7550
-10250
-8900
-8650
-8400
-12700
-11250
-11900
-11750
-11350
-14050
-10850
-12900
-11450
-16550
-12050
-12050
-15950
-14600
-15350
-13550
-19750
-17200
-19900
-19650
-25300
-19950
-26300
-27750
-26900
-31300
-31650
-34350
-29450
-37050
-37050
-34050
-37250
-39000
-34600
-33500
-39000
-35150
-36650
-35350
-38900
-31200
-31400
-36600
-32900
-31650
-28750
-27250
-25750
-25950
-17100
-16500
-17800
-12550
-4900
-5300
-7550
2700
3600
2350
4650
8850
8050
7050
10900

7750
8500
5800
7450
3300
4450
1400
-2550
-900
-4550
-5000
-10750
-9250
-11200
-13450
-13700
-12000
-12350
-16100
-13700
-15550
-11350
-16900
-12950
-12800
-13050
-15600
-17600
-11100
-17000
-15650
-18600
-13650
-15100
-13450
-14100
-10800
-9700
-9600
-7800
-9450
-1450
-6300
-4650
-2950
-2600
-1800
-5750
-250
-3750
-3700
-4950
-3650
-4500
-4300
-6450
-9350
-5350
-7950
-7900
-12450
-7200
-9550
-10800
-10050
-11600
-9350
-14400
-11400
-12900
-11650
-12500
-12150
-12600
-13600
-12450
-14900
-13450
-18500
-16100
-19250
-16850
-20450
-22250
-21800
-27350
-25900
-28050
-30450
-32600
-30600
-32850
-36600
-37800
-32300
-35500
-41850
-33150
-38100
-37500
-36200
-32700
-35800
-37400
-32500
-34650
-34000
-33750
-30450
-30750
-27050
-27000
-25050
-16950
-17250
-17400
-13600
-3450
-8800
-5200
-450
4500
2200
3650
10550
6500
8800
6400

12150
6850
8550
5200
6150
5800
-1250
50
-3500
-2800
-9800
-7150
-9950
-10000
-13950
-13950
-9950
-16600
-12800
-17150
-9800
-14200
-13250
-15200
-13400
-13450
-15200
-16100
-16600
-12100
-19000
-15650
-16150
-12450
-12900
-15500
-9950
-11400
-5050
-10100
-5500
-3100
-3450
-5100
-4850
-550
-4200
-2050
-3550
1650
-5300
-4400
-4050
-3550
-2800
-8950
-5150
-6950
-7050
-10950
-8800
-7400
-9600
-11400
-12300
-10000
-12350
-10200
-13350
-11700
-12000
-11850
-12700
-14400
-11150
-16300
-12900
-17250
-13700
-16900
-18500
-18200
-22200
-19950
-23700
-23900
-28200
-24200
-32550
-30950
-30800
-32450
-35150
-39800
-30650
-39400
-37000
-35700
-34850
-37750
-36650
-34200
-36400
-33250
-36200
-30700
-35750
-31900
-34600
-27950
-25350
-29900
-23050
-19150
-14800
-20800
-9700
-7100
-6150
-5650
3100
3950
-100
6600
5650
11400
5900
11200

