
Curva de Excitacao - Bobina Girante (Dados Brutos)

Arquivo..............: C:\Arq\Wiggler\Medidas Wiggler - Corretoras\Bobina Tungstenio\Gap35\Translado35_X=-10_#011.dat
Data.................: 03/02/2005
Hora.................: 09:08:42
Ganho................: 10
N. de Coletas........: 1
N. de Voltas.........: 10
Intervalo de Análise.: 4 - 8

8000
15200
10600
3450
8300
6200
2150
-400
-3300
-4200
-6200
-8150
-9200
-11600
-16750
-17200
-15600
-18350
-11450
-16950
-13850
-14950
-16000
-14750
-16950
-10750
-15700
-14800
-17550
-13200
-18650
-13450
-19150
-16200
-11650
-18300
-12850
-12850
-5950
-13850
-8100
-8800
-9650
-3900
-6300
-4000
-4000
-1850
-8600
-3850
-5100
-4100
-7850
-5250
-950
-10900
-6350
-8350
-6550
-10400
-10400
-9000
-10750
-8550
-13150
-11850
-12550
-10150
-14900
-13750
-12700
-12250
-13000
-15100
-13050
-18950
-13000
-18650
-18000
-18200
-19450
-21650
-21950
-21800
-28250
-28750
-28800
-28950
-36400
-27000
-32550
-35000
-35000
-37150
-41750
-36950
-29550
-39450
-40700
-30600
-38100
-44050
-30950
-31950
-41700
-35100
-29450
-39500
-37200
-21800
-26400
-31250
-15950
-18850
-20800
-12650
-6850
-8750
-3100
3350
-1850
6150
10450
7600
3800
17550
10950
7050

13200
13200
11300
5450
9350
2900
4050
-1000
1300
-5700
-5800
-9800
-13200
-7800
-15150
-11600
-17850
-14300
-17850
-17200
-16800
-12000
-11300
-18600
-12150
-15900
-10750
-20450
-12700
-15950
-14100
-17250
-20600
-10600
-15600
-13300
-16850
-9450
-11550
-10950
-9850
-5450
-102000
-8150
-4700
-9100
-50
-6050
-4600
-2350
-3400
-4350
-9100
-1600
-6700
-7400
-7950
-5550
-8350
-9550
-8200
-11000
-7450
-11900
-11150
-15100
-8750
-11600
-14250
-11750
-13450
-11100
-17750
-12500
-14150
-14950
-16600
-17550
-17250
-18950
-18950
-22850
-20150
-25150
-25500
-27850
-27150
-30250
-34650
-28950
-37950
-33650
-32950
-36200
-39050
-35050
-36150
-43350
-35400
-32600
-35050
-42250
-28600
-40000
-41950
-30550
-30500
-36400
-34250
-23300
-34050
-25950
-21200
-15750
-19900
-8450
-10900
-10100
1450
-1950
1500
3850
15750
1350
9650
11900
14250
8600

12400
13900
7750
10450
3450
9250
700
2650
-4250
-4100
-4800
-10500
-8750
-14350
-13250
-18250
-12600
-16650
-12600
-17650
-16500
-11550
-18050
-13300
-16700
-9950
-15900
-15950
-15500
-15350
-14950
-16300
-16900
-15700
-12400
-17850
-13000
-11450
-10350
-7500
-12400
-5650
-8550
-3200
-7150
-4850
-2450
-6400
-4350
-4300
-1900
-6700
-4350
-7450
-3300
-8650
-6550
-6650
-7800
-7100
-12600
-8050
-9900
-9300
-13800
-10750
-9950
-13800
-12700
-13850
-10700
-16000
-12850
-14800
-13900
-15800
-15350
-15050
-20900
-15850
-24350
-18500
-23750
-22100
-26600
-27200
-26450
-32300
-29400
-34650
-32800
-36600
-29950
-42650
-38400
-32550
-36550
-37300
-38450
-29750
-45800
-33350
-33800
-35700
-41050
-29250
-34750
-38950
-27200
-30950
-26850
-27700
-16050
-27100
-13850
-9600
-13250
-6150
750
100
-5750
11450
8300
6350
8000
17950
11450
7150

14450
11100
13950
6050
8700
3700
5450
100
-550
-2550
-7600
-9300
-10900
-9550
-15000
-13000
-14350
-15850
-15900
-18200
-12900
-14900
-13650
-16250
-14900
-12250
-12500
-14450
-16850
-12750
-16950
-15750
-20000
-12000
-13050
-15650
-12650
-13800
-7650
-11500
-8550
-9000
-4400
-5300
-6600
-3700
-3200
-2700
-6350
-950
-5150
-4900
-6650
-3800
-3500
-8800
-5000
-9500
-5150
-10850
-10250
-9900
-7200
-10800
-12800
-9350
-12050
-10250
-14200
-9400
-15100
-12850
-14000
-14050
-13550
-17650
-12500
-19500
-15900
-18600
-18850
-21900
-20600
-24650
-27850
-24650
-29300
-27300
-33750
-30200
-38800
-31100
-31200
-40000
-36700
-33900
-36200
-43650
-31100
-35100
-36150
-38350
-29650
-40500
-36450
-29700
-35350
-33300
-32650
-29200
-31000
-19950
-22650
-22050
-11500
-10250
-14300
-6850
4800
-4650
800
10350
9700
4050
10250
17050
8950
11750

12550
12000
7850
11050
7650
5400
6750
-1050
-600
-5050
-3850
-9450
-10450
-10750
-13600
-13550
-16750
-12650
-15200
-16250
-17400
-11700
-14750
-14500
-12400
-14050
-10150
-18350
-13150
-15700
-13050
-16000
-18150
-12100
-15400
-13500
-14700
-8850
-10800
-8300
-11050
-5350
-4800
-7600
-3850
-5550
300
-8450
-3100
-3150
-3150
-4100
-5900
-3350
-6550
-5350
-8200
-6350
-6050
-6650
-10400
-10050
-6100
-11400
-10150
-13800
-7500
-11650
-12150
-12400
-12450
-9850
-15300
-12100
-14900
-13850
-16950
-15300
-17100
-17300
-20950
-19800
-19050
-26150
-22350
-27850
-28000
-30050
-29200
-32500
-34750
-31250
-35350
-38200
-35250
-31050
-40500
-36100
-34550
-36100
-39700
-33750
-31450
-39200
-34350
-32900
-36300
-32500
-29050
-30850
-27300
-20150
-25700
-19400
-12750
-10200
-13950
-1850
-50
-2950
2400
7650
9300
5800
14750
10800
13350
11500

13450
11750
11400
11200
4050
8300
3250
3050
-2100
-1400
-4850
-9600
-7650
-10850
-10250
-17850
-12750
-15650
-12350
-16600
-13900
-11250
-15050
-13050
-16750
-9950
-14650
-12900
-14700
-13550
-15000
-16350
-15950
-15500
-10600
-16150
-12100
-14150
-7000
-9150
-10700
-3450
-7200
-3150
-8600
-1550
-3350
-3250
-2700
-3450
-3200
-4550
-2500
-7200
-1300
-7100
-6400
-7500
-4850
-6250
-12250
-7850
-9000
-8500
-12400
-9400
-9600
-12100
-11200
-13350
-9800
-13950
-11450
-15600
-11100
-16350
-14050
-17100
-17100
-15650
-21700
-17500
-24250
-22750
-23400
-24900
-29500
-28900
-27650
-35300
-32500
-32650
-32350
-40700
-31700
-35350
-41000
-33800
-34050
-32150
-40350
-30050
-38450
-35200
-35000
-30600
-35500
-30550
-30050
-35300
-21450
-22700
-21600
-23450
-7750
-13650
-13750
-1400
-50
-1100
1250
12100
3900
10100
11650
14750
11250
12350

13650
10750
15550
6500
9300
6400
6650
-2100
350
-900
-6000
-7100
-12200
-8150
-16550
-10850
-15250
-12250
-14400
-16050
-13200
-16550
-10000
-14650
-12250
-14100
-9850
-17200
-14400
-12000
-15450
-13000
-19200
-12100
-14450
-13350
-12150
-12200
-5100
-10600
-9700
-7650
-1550
-5850
-6300
-2500
-1950
-4250
-4800
1850
-5600
-1750
-7350
-3300
-3950
-5800
-6200
-7900
-2650
-9500
-9900
-8800
-6350
-11700
-11050
-9100
-10600
-9550
-13700
-9550
-14450
-9950
-13950
-13800
-12750
-14200
-12300
-18750
-13850
-18800
-19850
-19550
-20200
-24000
-22850
-24350
-31200
-24150
-31950
-29650
-36400
-27850
-36800
-38550
-32750
-34500
-35900
-37950
-31100
-40000
-32650
-35100
-33250
-37050
-32300
-35550
-37050
-25400
-33100
-29650
-25550
-20250
-28900
-16950
-8450
-14300
-11850
-3000
2350
-6150
5900
6300
10200
8000
12450
13150
11000
14050

10950
14750
10350
10200
5100
9100
5900
1050
850
-4750
-2850
-11100
-8600
-10300
-10450
-15150
-14400
-13200
-15250
-13550
-15450
-10600
-14900
-13150
-15450
-12050
-7900
-16800
-12250
-15100
-12950
-18250
-14350
-11800
-13500
-13100
-14700
-9650
-10900
-5350
-10450
-3700
-5700
-4500
-4400
-4750
-450
-5250
-2350
-4450
-2200
-4000
-3650
-3050
-3600
-4100
-8500
-5750
-7100
-6050
-10250
-7700
-7600
-9150
-10350
-12500
-6300
-12100
-10500
-14650
-11200
-11200
-13300
-12050
-13650
-12700
-17500
-13650
-17500
-15200
-20950
-18300
-20950
-24800
-20750
-28050
-26350
-28450
-28500
-36400
-31500
-30400
-34050
-36700
-34300
-33950
-39350
-31800
-38100
-32750
-35050
-33650
-36800
-34900
-32000
-36450
-31000
-31150
-32350
-33500
-19550
-25100
-23400
-14450
-12450
-13550
-11800
1200
-4600
350
4500
7750
7300
9950
12500
11050
16100
11600

