
Curva de Excitacao - Bobina Girante (Dados Brutos)

Arquivo..............: C:\Arq\Wiggler\Medidas Wiggler - Corretoras\Bobina Tungstenio\Gap35\Translado35_X=-17_#004.dat
Data.................: 03/02/2005
Hora.................: 08:55:10
Ganho................: 10
N. de Coletas........: 1
N. de Voltas.........: 10
Intervalo de Análise.: 4 - 8

40900
49200
50550
40100
38700
36400
27300
25200
24200
22500
17000
5400
-1600
-4050
-14800
-27900
-28400
-29100
-30700
-41150
-41550
-46550
-51700
-44250
-47700
-39250
-38400
-37300
-36200
-28400
-26700
-21600
-21050
-18200
-16550
-23350
-13800
-17300
-13750
-18900
-17950
-17300
-18600
-16250
-18750
-10950
-14950
-16350
-19000
-13150
-16050
-12350
-13850
-15050
-9000
-18500
-13700
-17100
-9150
-14300
-18950
-14750
-14300
-15950
-17100
-15450
-20100
-18300
-22500
-19850
-21500
-19500
-22100
-23800
-23450
-32550
-26900
-26600
-25650
-33900
-31300
-31950
-35850
-37200
-32600
-38500
-42500
-35450
-43100
-43600
-42450
-37900
-47400
-52850
-50650
-55800
-52000
-50950
-55850
-58450
-52050
-55900
-55200
-43800
-40900
-44300
-35250
-22850
-30750
-23650
-7600
-3350
-1300
6400
11650
7600
18400
25750
24850
33050
40650
38250
37150
41900
39650
48000
49600
47850

43400
46100
45650
38600
41150
39900
34550
26250
25000
15600
12400
5300
900
-1100
-14200
-19900
-27050
-29600
-40400
-42400
-40550
-42700
-44250
-44950
-45900
-47450
-36400
-38050
-30850
-26450
-24800
-23000
-25550
-14250
-18550
-14600
-18300
-16500
-17050
-17400
-19250
-14400
-12700
-18700
-16650
-18950
-11450
-18550
-12450
-12150
-14400
-14050
-17400
-13400
-10900
-13700
-16550
-11900
-13400
-16150
-15450
-13100
-13400
-19850
-16150
-18400
-16800
-18650
-17050
-20300
-22700
-21400
-24550
-22900
-22300
-25350
-28400
-27600
-30450
-33050
-31050
-29300
-33950
-37000
-35050
-40350
-39850
-34500
-40200
-42500
-44800
-44500
-47950
-49600
-45300
-53850
-54200
-55000
-59550
-57900
-49650
-54100
-52900
-44800
-42600
-45450
-34650
-24150
-27600
-18900
-8150
-8550
-9100
8650
10850
13550
18850
28550
27200
26800
34050
35800
45900
43650
43050
45200
49400
42800

43050
51000
45900
42850
35950
38800
29250
30950
25100
18500
14150
5000
-300
-7850
-11750
-22250
-22200
-31050
-34550
-41200
-43500
-45250
-51100
-40750
-46250
-37150
-38900
-38050
-36250
-28700
-23550
-22950
-18650
-18800
-15500
-22350
-13300
-18550
-12700
-16050
-19950
-15250
-17700
-15700
-17600
-13450
-14500
-17150
-16650
-13100
-12250
-13250
-12000
-14700
-11650
-16500
-13950
-12850
-11150
-12800
-17700
-12000
-16500
-15550
-17550
-15750
-18100
-18450
-19050
-21050
-19100
-19850
-22900
-25200
-22250
-28350
-27300
-23850
-29200
-30000
-34700
-31300
-36150
-34800
-30700
-36600
-39950
-39950
-41150
-44100
-39350
-43300
-45400
-50400
-53100
-54300
-52000
-48500
-59100
-51600
-55100
-55450
-56400
-42250
-43400
-40900
-31650
-26950
-26350
-21050
-6350
-9950
-450
7400
11150
10050
20500
26400
25750
34800
35750
39400
38200
41900
40800
48950
50700
46450

47000
45300
43800
39700
43050
37500
34300
28700
23950
16900
13850
8800
-1200
-2500
-15400
-18900
-26000
-29050
-36350
-41800
-41150
-43050
-42900
-48450
-45250
-45400
-35800
-37150
-29000
-25450
-27850
-24300
-24500
-15350
-16850
-14900
-14900
-16700
-14950
-19250
-15450
-15200
-15000
-17700
-16800
-15850
-15600
-14950
-13150
-11300
-15900
-13200
-16150
-12000
-11550
-13400
-12400
-14750
-12350
-15100
-14150
-14650
-12500
-16950
-17350
-17800
-17050
-15350
-20500
-18250
-20650
-21650
-25800
-22700
-19250
-29000
-25300
-29000
-27850
-33200
-27100
-30250
-35250
-36600
-34450
-37150
-40400
-31900
-41250
-40450
-46750
-43400
-46550
-46100
-46250
-53200
-49950
-58800
-58300
-56700
-47350
-54850
-50650
-44500
-44100
-43550
-34550
-23600
-29400
-13100
-9150
-6150
-5800
7150
9950
15100
22750
23850
30850
28950
35150
35350
46000
44350
41950
46900
48450
45700

43550
50700
45500
43700
37150
38650
32450
29150
24150
17350
16850
4100
1850
-5800
-12950
-21500
-22400
-28500
-36650
-39300
-43450
-42800
-49850
-44100
-43100
-38400
-38900
-39250
-32000
-29100
-23000
-22450
-18650
-17850
-15500
-19600
-16700
-13850
-12600
-15100
-20650
-14200
-16750
-16450
-15800
-13300
-12650
-17100
-14100
-14100
-11950
-11900
-13800
-12150
-11250
-13950
-15500
-10750
-11750
-13150
-18250
-12550
-14350
-17100
-14250
-16350
-14650
-20250
-18300
-20900
-18100
-20100
-21550
-22350
-23800
-26050
-27050
-23050
-30200
-29650
-32150
-30350
-34300
-34650
-29350
-40000
-36800
-40250
-38900
-43650
-38850
-41250
-44550
-50300
-51700
-50750
-51750
-47800
-59500
-50300
-55900
-55000
-52350
-42700
-40450
-41350
-30850
-29700
-24450
-21500
-6800
-6850
1000
6700
11250
14750
17400
25650
27900
36150
34700
40750
42750
41150
42250
49950
52200
43200

46850
46350
46250
40300
42400
40200
33600
31100
22800
20350
12900
9200
650
-2300
-13100
-18250
-22350
-31900
-34050
-40850
-38700
-43700
-43000
-46550
-46350
-41100
-37200
-33250
-30750
-25450
-26600
-23250
-22100
-15500
-13700
-16850
-13900
-17450
-12900
-17550
-16000
-13400
-13750
-16350
-18650
-13100
-14400
-14150
-14250
-11000
-13250
-13350
-15450
-11900
-8500
-14950
-12300
-14400
-9500
-16200
-13400
-12250
-14250
-14950
-16950
-14700
-18750
-16700
-19000
-16950
-21100
-21100
-21800
-22350
-18150
-27450
-24100
-28250
-26000
-31700
-29350
-28900
-33900
-34100
-36950
-35250
-38850
-32450
-40500
-39600
-45300
-42600
-43550
-48600
-45300
-52050
-48900
-59300
-55100
-53250
-50350
-53600
-48800
-43200
-46700
-40600
-33600
-24100
-24800
-15150
-9500
-6200
-1300
4100
12000
15250
23700
23300
32200
28150
34200
41050
45200
44250
42000
50950
45250
46100

46750
50950
45500
44050
39500
36800
35150
29100
27500
18450
15950
5950
350
-3800
-13100
-17500
-24200
-27500
-35150
-38300
-43750
-43750
-44800
-45300
-41550
-41150
-35100
-39700
-30900
-27350
-23300
-20300
-20450
-14750
-19350
-15800
-17900
-11450
-13600
-14150
-19350
-13500
-15100
-17250
-13050
-14650
-10600
-18450
-13750
-12750
-12550
-10350
-14350
-10050
-12800
-12800
-13800
-10900
-11400
-12450
-15200
-14900
-11900
-16050
-13700
-18600
-13250
-18150
-20600
-18750
-18400
-17900
-23450
-20850
-24150
-25850
-26400
-23600
-26800
-30150
-32150
-30900
-32000
-35800
-30650
-37150
-36450
-41150
-38300
-38900
-41450
-41650
-43800
-48050
-53400
-49350
-50000
-51300
-57650
-51950
-53050
-55800
-48300
-46450
-40850
-40250
-30600
-29400
-22850
-17250
-11650
-3900
1600
7900
8450
17650
18600
25400
30900
33700
34950
37800
44600
40450
44350
47850
52700
45000

46150
47500
45500
44500
39950
40000
34450
30400
22200
20450
15300
6900
2600
-4450
-10000
-21800
-22600
-30300
-32950
-41200
-40850
-40350
-45900
-45000
-47150
-38200
-39050
-33650
-29900
-24800
-25150
-23750
-19250
-16500
-12650
-17850
-13650
-17300
-14050
-16100
-16400
-10700
-15950
-15200
-17400
-13600
-14300
-13500
-13400
-12650
-11650
-13000
-12300
-13600
-7550
-14450
-12050
-12900
-10650
-13350
-15700
-10400
-13550
-15200
-18000
-13800
-15250
-16250
-18300
-18650
-17550
-22250
-21450
-21900
-19400
-27450
-25150
-26250
-28400
-27700
-31100
-27100
-35150
-34550
-35100
-35300
-37200
-33450
-37500
-41500
-43900
-44700
-40350
-48100
-46850
-51800
-52550
-55300
-56500
-50250
-52950
-50100
-51200
-44000
-45450
-37750
-34200
-25650
-21350
-17800
-8350
-6100
950
2750
13500
17200
21650
25500
30600
31300
32350
42650
45200
44450
41350
49950
47350
45450

