
Curva de Excitacao - Bobina Girante (Dados Brutos)

Arquivo..............: C:\Arq\Wiggler\Medidas Wiggler - Corretoras\Bobina Tungstenio\Gap35\Translado35_X=4_#025.dat
Data.................: 03/02/2005
Hora.................: 09:32:56
Ganho................: 10
N. de Coletas........: 1
N. de Voltas.........: 10
Intervalo de Análise.: 4 - 8

-15150
-18550
-14950
-17250
-15300
-16450
-13550
-14750
-16250
-14650
-14600
-14200
-17350
-10650
-15200
-12600
-15300
-12750
-8600
-12400
-7550
-9150
-6500
-7650
-4500
-3550
250
-1500
-1100
3600
2050
6700
1400
8250
4500
4350
5550
2000
8350
3750
3150
-1200
2600
-2050
-1350
-3900
-4000
-7150
-10600
-9300
-15050
-12950
-19500
-16700
-21450
-20200
-22900
-23850
-23300
-26100
-27500
-28150
-25650
-26800
-26300
-29550
-26350
-25500
-25700
-27100
-22000
-21850
-26050
-22400
-17150
-18850
-16600
-12350
-15050
-15450
-10650
-9600
-13250
-7650
-6200
-12400
-10200
-3200
-10150
-9200
-6900
-7400
-11400
-11000
-7200
-14250
-12650
-16700
-19650
-19900
-18500
-25600
-24050
-25950
-28950
-28350
-30800
-26350
-34600
-28750
-29250
-29450
-31400
-27750
-27350
-27250
-27750
-26200
-22400
-24150
-22150
-24350
-18800
-19650
-20950
-18150
-16600
-16800

-19650
-16900
-14100
-14350
-18100
-14050
-14050
-17300
-14700
-14650
-11600
-17550
-13600
-13750
-13050
-14000
-12650
-11700
-11650
-10550
-11500
-5800
-7700
-4050
-6850
-3150
350
-3150
3550
1250
4950
1950
3900
3850
6600
5500
5250
3500
4250
5700
1750
3100
-450
1600
-3500
-4200
-4100
-6250
-8400
-12150
-13150
-14750
-17850
-17350
-18800
-21200
-25050
-24100
-23100
-26650
-25100
-27400
-25750
-28700
-26400
-29700
-22900
-25950
-27600
-27450
-22950
-21850
-24600
-17600
-22250
-18500
-17550
-11800
-18200
-11850
-9650
-13300
-13350
-8050
-5050
-13650
-5200
-7250
-8600
-10700
-5050
-8700
-8650
-9150
-11800
-12400
-15350
-12550
-21550
-15850
-22950
-25500
-24550
-24600
-29300
-30900
-25600
-30250
-30950
-31500
-26300
-32150
-30000
-28550
-26500
-25100
-31300
-23050
-24450
-23600
-25150
-20100
-20000
-19450
-21650
-18950
-14900
-19550

-15800
-17050
-13900
-17450
-16900
-12200
-15050
-15050
-15450
-13100
-16350
-13950
-15250
-11550
-13900
-12150
-12250
-13300
-8000
-11550
-8850
-10150
-5450
-5800
-5800
-1550
400
-750
-700
2400
2950
7150
3300
5150
6000
5000
6100
1500
8350
4950
2050
1650
50
3250
-2700
-2250
-7650
-5950
-10100
-9800
-13000
-13750
-16850
-21450
-17550
-23850
-19250
-25900
-22600
-27550
-26250
-25900
-26700
-23450
-29350
-27250
-27750
-23600
-27850
-21500
-24600
-24650
-22800
-20800
-17650
-20150
-10950
-19050
-14400
-13150
-8900
-13300
-7450
-7050
-11300
-8500
-8900
-4800
-10600
-3200
-10400
-9250
-7000
-11000
-10950
-13600
-10400
-19700
-18450
-16000
-20650
-25750
-21750
-24100
-29350
-27150
-30050
-27250
-33200
-30150
-29000
-30200
-28750
-30300
-24600
-28150
-27200
-26650
-21550
-25150
-23750
-21750
-19700
-19000
-20450
-15600
-18750
-16950

-18450
-14600
-14700
-13850
-16850
-15350
-14150
-15550
-12900
-15500
-11800
-15850
-15400
-14000
-12050
-10600
-14200
-11200
-11650
-10350
-10650
-6200
-5350
-5250
-4700
-3950
2600
-3300
3950
950
4300
5100
3250
6750
5600
9200
1900
4450
5500
8200
450
3250
1400
-1000
-1250
-4550
-1550
-9950
-6800
-11600
-12500
-15300
-15050
-16450
-20550
-21350
-23450
-23050
-24650
-21250
-27600
-27750
-27000
-24100
-27700
-28400
-22950
-27350
-26400
-25850
-22450
-22700
-20400
-20800
-22350
-17600
-14200
-15300
-14350
-10650
-13950
-12850
-7500
-8800
-9300
-7350
-7600
-9800
-7150
-6400
-8600
-6150
-6800
-12200
-12850
-7500
-13550
-16200
-18850
-14900
-22350
-24700
-21150
-28200
-26700
-28200
-26100
-30450
-30350
-29100
-28000
-30700
-30200
-26800
-27350
-26550
-30100
-23300
-24950
-22000
-23550
-22250
-18250
-20050
-19050
-19400
-14300
-17300

-16200
-16900
-13800
-14550
-16300
-12250
-14450
-13150
-16650
-13450
-13600
-13150
-15100
-13200
-11300
-14700
-11800
-12550
-7150
-12900
-9250
-6450
-6500
-4300
-4950
550
-1900
450
0
4150
3650
6050
4100
4700
7900
5750
7850
2500
8700
4450
3150
2550
1000
3300
-2000
-3250
-6550
-4550
-8550
-9700
-13800
-13650
-16450
-18900
-17200
-21200
-20800
-25150
-24000
-23050
-26450
-23600
-25100
-25800
-30650
-26600
-23700
-24650
-24300
-24800
-23900
-25400
-20050
-20050
-18100
-16350
-15450
-17250
-15100
-10200
-12600
-7800
-10650
-8450
-10050
-6950
-8800
-4400
-5200
-8050
-7650
-8500
-4650
-14350
-7400
-12500
-13050
-17300
-16600
-15850
-21700
-23150
-23750
-24500
-29050
-25350
-30250
-28500
-30800
-29750
-26850
-30000
-27150
-30550
-24650
-26700
-26450
-26750
-22000
-21650
-24250
-20950
-19350
-16300
-22350
-16200
-16600
-17000

-18150
-14150
-12150
-17100
-15350
-14050
-11700
-17000
-13150
-13650
-12150
-15850
-15250
-11000
-12900
-11000
-14350
-11100
-11100
-9450
-8950
-6100
-6800
-5800
-2700
-4500
1450
-100
3000
1800
3850
8450
2950
8250
6600
7650
4350
5500
7500
5450
4700
400
2250
0
1700
-4850
-4000
-6150
-9150
-10100
-13050
-9900
-18450
-16950
-20100
-21000
-22550
-21900
-20150
-26450
-26650
-28200
-22800
-27400
-23350
-26800
-25700
-27050
-26350
-22200
-23950
-17800
-23200
-20250
-22250
-15200
-15950
-13850
-12100
-13600
-11700
-11500
-8050
-11150
-5050
-10600
-7400
-7100
-5900
-6850
-9400
-2700
-10150
-10550
-11150
-8300
-15300
-14600
-17450
-17950
-19250
-25250
-21750
-26850
-24850
-30000
-27800
-26800
-31200
-28650
-28400
-27650
-31750
-27200
-25850
-25500
-29500
-23900
-21200
-24050
-21500
-22750
-17050
-20250
-18850
-18350
-14000
-16850

-16650
-14250
-16150
-12900
-16500
-11000
-15200
-14150
-15000
-12900
-11850
-14350
-13250
-14750
-11000
-13500
-11550
-11650
-7100
-9900
-11800
-5150
-5800
-2550
-7000
-50
-700
-250
2600
3000
7600
4400
4800
3000
10050
6200
7550
3650
6900
6300
1850
5400
650
3300
-3200
-2650
-5450
-5350
-5050
-11200
-13050
-16800
-14000
-18150
-16350
-20950
-22400
-25050
-24400
-22200
-26050
-22850
-27900
-26100
-29100
-25100
-24600
-21650
-23800
-28850
-24100
-21450
-20150
-21600
-14500
-17500
-17000
-15750
-11850
-10750
-11250
-8000
-12550
-9400
-7650
-7700
-7650
-4000
-6050
-10750
-6750
-6250
-6150
-12700
-8950
-12250
-14100
-14000
-18250
-16450
-22100
-22950
-25150
-24000
-28350
-26750
-27600
-28200
-29950
-30600
-22850
-32400
-28850
-29050
-23750
-27900
-26950
-23450
-23400
-22200
-24550
-19600
-20900
-17250
-20550
-18850
-16050
-15950

-15000
-17500
-12250
-15450
-15700
-15300
-11650
-13450
-15050
-13400
-12850
-12050
-16750
-9150
-12500
-11050
-14750
-10600
-6850
-10750
-8200
-7050
-3650
-7250
-3300
-2050
2550
-1200
1050
3600
4250
7550
2900
8000
4650
7450
7400
4150
7250
5500
4750
-850
2250
2100
850
-3250
-4600
-6900
-8750
-8650
-13150
-12800
-17200
-17750
-19900
-19750
-19150
-23150
-21000
-26000
-26250
-26750
-22250
-24600
-26850
-27600
-26250
-23950
-26700
-22300
-21200
-20300
-24950
-21200
-16850
-18050
-12250
-14900
-14750
-15050
-9750
-10000
-9100
-7100
-5500
-9300
-9800
-2550
-8600
-5400
-8350
-5200
-9000
-10300
-9000
-11800
-10100
-16550
-18050
-18250
-18550
-25800
-22750
-24350
-26850
-26850
-28050
-25950
-32650
-27000
-28200
-27300
-29700
-27800
-25600
-25700
-26500
-26000
-20900
-22450
-21550
-24250
-17300
-18500
-20600
-16800
-15200
-14950

