
Curva de Excitacao - Bobina Girante (Dados Brutos)

Arquivo..............: C:\Arq\Wiggler\Medidas Wiggler - Corretoras\Bobina Tungstenio\Gap35\Translado35_X=-20_#001.dat
Data.................: 03/02/2005
Hora.................: 08:50:00
Ganho................: 10
N. de Coletas........: 1
N. de Voltas.........: 10
Intervalo de Análise.: 4 - 8

67850
64000
60800
102000
60550
63450
56150
51650
41500
42200
33450
24050
28000
15700
-2350
-2400
-7250
-28750
-29950
-34150
-46300
-52050
-54700
-59000
-68650
-60250
-65150
-67000
-55000
-53550
-57800
-47900
-37950
-35500
-33350
-27050
-24000
-24950
-22600
-19350
-20500
-12650
-20350
-18600
-18300
-18400
-17150
-18550
-13400
-17200
-18500
-19550
-15950
-15850
-16050
-20050
-14750
-15050
-21350
-14900
-17300
-17450
-21450
-18000
-21500
-23000
-17500
-23000
-22450
-23450
-21700
-33550
-23600
-24050
-29150
-34600
-26000
-32450
-42350
-27150
-36400
-38750
-40950
-33200
-48850
-47150
-37750
-47250
-55200
-50250
-52000
-69350
-52250
-61100
-65850
-64200
-54150
-71700
-68900
-46750
-61150
-57300
-38800
-34900
-49050
-25750
-14000
-27700
-11150
7950
1050
-4500
25100
21000
16600
34050
42050
36000
42300
50650
43650
55050
62300
59700
56650
69200
63700
59150

69250
68700
65650
61850
59700
57200
56100
52050
46350
44500
32450
26000
22350
14400
-2350
3150
-8600
-27150
-29250
-35450
-46350
-54600
-53400
-59750
-65650
-59750
-66200
-66500
-56500
-52900
-57450
-43100
-39200
-36250
-35750
-30550
-20500
-26000
-16450
-22600
-18500
-18750
-19600
-18350
-15100
-16200
-18250
-17850
-20050
-13050
-18550
-15450
-17150
-16150
-16500
-22250
-12300
-16150
-17200
-20150
-14700
-18950
-20300
-17900
-19000
-20450
-21200
-20950
-26400
-19350
-25850
-24800
-26100
-24850
-32350
-33500
-23550
-34450
-37250
-31250
-33650
-45550
-34500
-35000
-43950
-46000
-41000
-48300
-58600
-43000
-56500
-59700
-55050
-59950
-72700
-62700
-55500
-70900
-61800
-48000
-58800
-61700
-36300
-39250
-46800
-20650
-15100
-24900
-16450
7700
-3700
2750
25200
22050
18850
33050
38350
31750
46700
51800
50350
53550
59500
54950
60200
72150
63000
62750

68150
66050
60050
66450
64250
59600
56450
49700
48250
38500
36300
28100
26700
11900
-1800
550
-11750
-23950
-29150
-32800
-48900
-50750
-54850
-63600
-64100
-62600
-61000
-68100
-51850
-55300
-57450
-47000
-38600
-33100
-34600
-25800
-25550
-21950
-23600
-19650
-18350
-14600
-20100
-20900
-14350
-20450
-15200
-19950
-12000
-16750
-17850
-18050
-16850
-13600
-17450
-17950
-16500
-13900
-21550
-14900
-16100
-17050
-19200
-19600
-18500
-22800
-17250
-22600
-22150
-21200
-24400
-28050
-24600
-23350
-30200
-31500
-26600
-33150
-38750
-28650
-34400
-40100
-35500
-39200
-46000
-45200
-38750
-49850
-52300
-47900
-56650
-62500
-53200
-61600
-67350
-58800
-59000
-71700
-63800
-49800
-60100
-55150
-33800
-42600
-45100
-24150
-15950
-27000
-8200
8550
-900
4250
19800
20400
16200
38400
39600
36100
44200
49700
48300
55400
62800
56500
62950
66400
63600
61450

70450
68650
64550
67200
59050
59150
53450
53850
48100
43050
34250
25650
24700
12050
3850
-1200
-8300
-25050
-28550
-37050
-46400
-48200
-56350
-59250
-65000
-57250
-67650
-65000
-56300
-52850
-54850
-44700
-35900
-39550
-33100
-32450
-19500
-23500
-16800
-21250
-19750
-15100
-21200
-17150
-15950
-12950
-19800
-18850
-16750
-15450
-17600
-16750
-14500
-16600
-16300
-20250
-12550
-14900
-17050
-16100
-18850
-17450
-19600
-16300
-20150
-19350
-20250
-23400
-23050
-19900
-23350
-27000
-22700
-27450
-31150
-31900
-24700
-32450
-36050
-30000
-36600
-40100
-36250
-36550
-43800
-44050
-41750
-51000
-51800
-49400
-53800
-57900
-52600
-66750
-68050
-59550
-60000
-69250
-60700
-46400
-63000
-55450
-40200
-40350
-43750
-19300
-18300
-25400
-7750
2750
-1600
3950
27950
19550
20350
33450
35950
36650
47600
52150
45850
58500
59450
55800
59300
72500
65950
61500

70300
65200
65100
62450
65800
60150
56100
49950
48100
42550
34900
30800
24100
15300
-1500
400
-11650
-22600
-27150
-34200
-42900
-51550
-54400
-64500
-61550
-61650
-62950
-64350
-52950
-53350
-57800
-44200
-40500
-33350
-32100
-27000
-24550
-23000
-20650
-21500
-15800
-15350
-18100
-20000
-15250
-17200
-16550
-16750
-16050
-13700
-18850
-16850
-17550
-11950
-15100
-19750
-13600
-16450
-17200
-18500
-15500
-16600
-17750
-20200
-18050
-19250
-20800
-21500
-22850
-17950
-27350
-25650
-23600
-24000
-29800
-30550
-24800
-34850
-33850
-30950
-33550
-39250
-35000
-38400
-45850
-41350
-43050
-43750
-52800
-46600
-60250
-57750
-54400
-63400
-64000
-57550
-59150
-72900
-58600
-51800
-58050
-54900
-34150
-42700
-42250
-22200
-21200
-20550
-7350
8650
-3600
6000
20100
20800
21800
34600
41500
36350
48050
44200
49700
57950
64600
56000
62000
68900
61850
64400

69150
70950
62900
66550
59700
59050
56550
53900
52150
40650
35350
26500
26050
10700
4350
1550
-10650
-21800
-28750
-35050
-47700
-47900
-56300
-61150
-61450
-60950
-63500
-66700
-52300
-55550
-51500
-44850
-38350
-36750
-34050
-27850
-22350
-18800
-21600
-18650
-19900
-13950
-21000
-16250
-14400
-16300
-16100
-19950
-14800
-14650
-16850
-15750
-15400
-13650
-17600
-17750
-15200
-13800
-18550
-15900
-18050
-16150
-18000
-18900
-17000
-20800
-16900
-24800
-22100
-21550
-23000
-25900
-23950
-24450
-31400
-28400
-28200
-31300
-35000
-28850
-38600
-37500
-34500
-39600
-40250
-44150
-40700
-52950
-47350
-49150
-55250
-56200
-52200
-65100
-67950
-57550
-62600
-65500
-59650
-47800
-62250
-53600
-37600
-44350
-36750
-22450
-15550
-26100
-5950
650
300
6800
23950
20450
21000
35550
34050
39200
47600
50050
49050
57550
58250
55200
65900
68350
66900
62050

69650
64350
65700
65300
63900
60650
55400
53250
45250
43250
34350
31850
24650
12900
2350
-1700
-10400
-22950
-24600
-37800
-43450
-49300
-56500
-63300
-62050
-58000
-65650
-60750
-55500
-53050
-56400
-43300
-39550
-34150
-28800
-28700
-22050
-24200
-18450
-21150
-17000
-12100
-18400
-17150
-16950
-13950
-18400
-16550
-15050
-13550
-17800
-16800
-13100
-16050
-14300
-19150
-12000
-18400
-15600
-16400
-16550
-16050
-17350
-17400
-21750
-17600
-18800
-21850
-22150
-19150
-24000
-28550
-21200
-26650
-26200
-31450
-25650
-34150
-33450
-30300
-35950
-36800
-37250
-38750
-45350
-40200
-44100
-44700
-49700
-49000
-58850
-58500
-51300
-66800
-60050
-59000
-60950
-71450
-55550
-52250
-60000
-49550
-38050
-41800
-42750
-20100
-22400
-19350
-5450
2700
200
7250
21500
16250
26300
34600
39150
36200
47900
46100
49100
60050
61400
58050
59000
70200
62650
64450

69250
69700
66900
62200
63750
59250
56300
51300
52600
41300
34950
28700
22600
13600
3700
2450
-11850
-20300
-29700
-36350
-44200
-47650
-55100
-61100
-58900
-62450
-65650
-63400
-54200
-53800
-52650
-42000
-40450
-34450
-34050
-26500
-24250
-18950
-18000
-20500
-17350
-16400
-15800
-18850
-13900
-16900
-14750
-18750
-15700
-12650
-17650
-15500
-16250
-12600
-17700
-16950
-15000
-14000
-16000
-17550
-15550
-17700
-15700
-19700
-17400
-18350
-18800
-23150
-21600
-19000
-26550
-23050
-23500
-25250
-31500
-25800
-26850
-32950
-31550
-31750
-35550
-39650
-32600
-39850
-38900
-43800
-42450
-48300
-47950
-48600
-57950
-51200
-55750
-65750
-66050
-55450
-62700
-67400
-55150
-53600
-59750
-54000
-37350
-43650
-35000
-22750
-20500
-21100
-7800
2700
-1500
10900
19050
22500
22550
34050
33850
40000
49550
47450
51100
57300
61450
54150
63850
69700
65100
63200

