
Curva de Excitacao - Bobina Girante (Dados Brutos)

Arquivo..............: C:\Arq\Wiggler\Medidas Wiggler - Corretoras\Bobina Tungstenio\Gap35\Translado35_X=-3_#018.dat
Data.................: 03/02/2005
Hora.................: 09:19:45
Ganho................: 10
N. de Coletas........: 1
N. de Voltas.........: 10
Intervalo de Análise.: 4 - 8

-11700
-7500
-4850
-11550
-9150
-8500
-5000
-12750
-10250
-13350
-8950
-11950
-12500
-9750
-16200
-12050
-15850
-14450
-14550
-14950
-15000
-13350
-17200
-16850
-15500
-17000
-10500
-13900
-10850
-11150
-8250
-6650
-10550
-2850
-4800
500
-3050
-450
2900
800
-100
-800
1700
350
1700
-2250
4150
-1250
-3100
-4000
-5900
-5200
-10250
-6950
-8000
-9550
-12650
-12300
-14300
-14650
-14350
-14950
-13400
-16800
-17600
-15600
-13650
-15550
-15950
-14400
-17650
-15250
-14200
-13650
-13850
-12250
-10450
-14900
-12000
-11550
-11850
-13600
-10200
-12600
-12800
-15600
-16150
-15050
-19250
-17350
-21800
-19950
-27700
-28800
-30200
-28200
-32000
-32500
-33550
-32250
-35500
-40750
-33150
-35450
-34850
-39000
-32050
-32900
-34850
-29300
-26750
-29900
-30950
-24950
-24950
-22950
-23400
-17600
-17750
-17700
-16050
-13750
-9200
-13450
-12450
-8300
-6150
-11050

-8700
-4550
-7650
-9850
-10550
-6700
-10500
-10100
-8650
-11250
-9650
-12150
-13150
-13450
-11050
-13500
-14150
-14600
-13300
-15050
-17150
-13150
-17200
-14250
-16900
-12900
-12400
-14850
-9500
-11500
-5700
-7650
-6100
-5500
-1000
-4250
-950
800
2200
2950
-1500
3350
-250
4750
-750
200
100
-3000
-2350
-4600
-2300
-5550
-9050
-8650
-7850
-11650
-11100
-10350
-12700
-12600
-17500
-14700
-16600
-13000
-14900
-18750
-15200
-16700
-14300
-17900
-11900
-13700
-13550
-16200
-12250
-12300
-12450
-10750
-13700
-8350
-13600
-9050
-15300
-11500
-11800
-15600
-13350
-16100
-15550
-22250
-18100
-23700
-21800
-29150
-26600
-29750
-32100
-31000
-35750
-31100
-35750
-36300
-35100
-34550
-37100
-33950
-31350
-32350
-34900
-30700
-25800
-31400
-27400
-23150
-22600
-23800
-23850
-17850
-19200
-15400
-16550
-13800
-13650
-11000
-12000
-8400
-4850
-9050

-8050
-9900
-3900
-9500
-7700
-7150
-6350
-9800
-12350
-7500
-10750
-9050
-14600
-10450
-13900
-13100
-15650
-13400
-11000
-17650
-15150
-16150
-13450
-17700
-14700
-13800
-10700
-14550
-12300
-7500
-9450
-4750
-9500
-1650
-2450
-2350
-2000
-550
5100
150
1800
-150
1700
1800
1000
-150
-400
1050
-3450
-3200
-6800
-3150
-8150
-7000
-6650
-11500
-11450
-14950
-8900
-14200
-13950
-15750
-12550
-17850
-16300
-14750
-15050
-11850
-18600
-15250
-15750
-10800
-16200
-13100
-11050
-14100
-11250
-13450
-10100
-13200
-9500
-11550
-11050
-13050
-11250
-14250
-16500
-12500
-18400
-18650
-23300
-18950
-25100
-29150
-27250
-28900
-29100
-34050
-32450
-35100
-34050
-37850
-32300
-34100
-36750
-33850
-35800
-28700
-35800
-26950
-29650
-27500
-30400
-27650
-21300
-22300
-20450
-22000
-13900
-19900
-14800
-15050
-9500
-11350
-12650
-6150
-9550
-7900

-11400
-4000
-6800
-7550
-11950
-6300
-6200
-11500
-8300
-10350
-7000
-16500
-10900
-10700
-11900
-13500
-13450
-12550
-16150
-14300
-17200
-11200
-16450
-14050
-17200
-12550
-11500
-15050
-8750
-11200
-6050
-9350
-6750
-4000
-1850
-900
-600
350
1400
4800
-1650
2500
2050
4350
1200
-1550
900
-2450
400
-4050
-4450
-5200
-6350
-8550
-8600
-8400
-11500
-11250
-12850
-12050
-18050
-12150
-13750
-14050
-17500
-16600
-13450
-17800
-13750
-15700
-13050
-14900
-13050
-14550
-13850
-12400
-11700
-10500
-14150
-8950
-12350
-11100
-11350
-11700
-10900
-16400
-12850
-16150
-17000
-20300
-19950
-21500
-22500
-29250
-27550
-26750
-34050
-31850
-36000
-28850
-37600
-35900
-34250
-36050
-34750
-34350
-30250
-34600
-31250
-34100
-26150
-29050
-27250
-26200
-21300
-20600
-26900
-18050
-16400
-14350
-18200
-10900
-12250
-11550
-11700
-5750
-5100
-11700

-5850
-8650
-4900
-9550
-7400
-5850
-8250
-10000
-11100
-7350
-10650
-10300
-14650
-9200
-13450
-14450
-12000
-14150
-11900
-17100
-13200
-16050
-13850
-14400
-14500
-12400
-12150
-11350
-14000
-7700
-7500
-3750
-8250
-3300
-800
-2750
800
-2450
5400
1550
1150
-200
3400
3750
-450
1700
700
1550
-4550
-800
-5000
-3750
-6600
-6300
-7000
-12000
-9850
-13100
-10600
-13250
-12650
-14750
-14700
-14050
-16600
-14950
-14600
-12750
-17150
-14050
-14400
-12500
-12750
-13900
-11750
-13500
-8850
-13900
-10850
-10350
-10050
-11700
-12500
-9100
-13150
-13050
-16050
-13350
-19600
-16400
-22100
-19900
-21600
-29450
-25550
-30400
-28350
-34250
-34000
-33450
-34350
-36800
-32550
-33350
-37250
-33450
-33700
-29800
-35400
-27700
-26650
-29150
-28450
-24250
-21150
-23150
-21350
-19650
-14900
-18650
-14000
-13250
-9850
-9000
-12600
-6550
-7600
-6850

-8850
-4450
-6400
-7850
-8550
-7200
-6800
-10400
-7250
-11150
-8550
-11150
-12050
-10600
-10600
-12150
-16550
-13400
-13300
-13500
-17150
-11300
-12650
-16300
-15350
-13750
-8100
-14500
-9050
-11350
-5950
-6450
-6900
-1400
50
-750
-3450
-400
2200
4400
2150
3800
1400
2200
2650
-1950
2400
-450
100
-4200
-4300
-2550
-7350
-6450
-8000
-8200
-11300
-10700
-11850
-11950
-14000
-14200
-12150
-13950
-14500
-18650
-12200
-13400
-14700
-14550
-13300
-11350
-16750
-11350
-12250
-11050
-11800
-9650
-13250
-9600
-10200
-11500
-9950
-12100
-9300
-16950
-12050
-14900
-15200
-18850
-19900
-20850
-24900
-25400
-28450
-26950
-31200
-30300
-35400
-30800
-33050
-37050
-34400
-35200
-32050
-34600
-30300
-33100
-32050
-29650
-26650
-26950
-28300
-22650
-23150
-22400
-23550
-16800
-17100
-14750
-13800
-14900
-10250
-10200
-7850
-9800
-4700
-8000

-9650
-7350
-3450
-5200
-9350
-4600
-8900
-8650
-11350
-6200
-8350
-10200
-12900
-11500
-9200
-13850
-11900
-13650
-9500
-17450
-15700
-11100
-13600
-13000
-15200
-10150
-14400
-11650
-10400
-7550
-6100
-6050
-5600
-7450
750
-850
3000
-1650
4950
1650
700
3350
2300
6000
500
750
-2650
600
500
-2850
-3350
-3850
-5050
-9750
-6350
-9250
-10050
-13150
-9750
-11750
-17150
-12200
-13850
-12200
-17700
-13750
-14200
-13650
-16350
-15100
-11700
-14000
-12350
-14600
-11050
-13550
-9200
-12950
-10800
-8700
-11350
-8500
-13900
-9600
-12050
-11800
-16500
-12300
-16850
-19300
-20500
-22800
-19400
-31250
-24200
-29000
-28200
-34150
-34650
-31000
-34150
-34050
-35400
-32200
-36300
-34200
-33450
-29650
-31700
-29550
-25150
-30250
-26900
-26250
-18200
-23300
-21700
-18950
-14900
-15050
-16500
-10200
-11450
-7950
-12700
-8050
-7050
-5750

-8350
-6200
-3050
-8900
-9050
-6650
-2550
-11900
-8800
-9000
-9000
-11800
-11450
-7400
-13800
-11750
-15300
-12300
-14050
-11700
-13800
-14450
-13650
-15600
-12900
-14750
-8350
-13500
-9700
-9750
-8100
-3650
-6450
-1450
-3050
1150
-2300
-1200
5150
5200
1000
-150
5150
1750
2100
-1100
4100
-1300
-2250
-1750
-3400
-2200
-8800
-4850
-8800
-7300
-11100
-10750
-10450
-12650
-14250
-14650
-11200
-15350
-13350
-16500
-13600
-14350
-14400
-13150
-15300
-10600
-13600
-12250
-14700
-11000
-9600
-13000
-10000
-10150
-9300
-13200
-8250
-11350
-9500
-16650
-13650
-13350
-17400
-16850
-22100
-18550
-24100
-27300
-28000
-26500
-31550
-31850
-32300
-31550
-33200
-38450
-31650
-34750
-32800
-34650
-30900
-31500
-32800
-29750
-27300
-25500
-29550
-23450
-23350
-20850
-25100
-15700
-14350
-17200
-14000
-14650
-8300
-12000
-8050
-7700
-5500
-8550

