
Curva de Excitacao - Bobina Girante (Dados Brutos)

Arquivo..............: C:\Arq\Wiggler\Medidas Wiggler - Corretoras\Bobina Tungstenio\Gap35\Translado35_X=14_#007.dat
Data.................: 03/02/2005
Hora.................: 10:04:43
Ganho................: 10
N. de Coletas........: 1
N. de Voltas.........: 10
Intervalo de Análise.: 4 - 8

-14400
-14300
-11650
-12700
-11300
-11900
-10700
-13600
-6950
-7900
-5650
-6500
-4450
300
-4600
-1600
-4050
4550
2850
4550
7200
8450
7300
6350
8150
7100
18900
12150
17450
10350
14800
11750
7000
11550
5450
9950
1350
2600
-9750
-9150
-17850
-21350
-30450
-27250
-31200
-35600
-29950
-40650
-35950
-41500
-32200
-39800
-30550
-29050
-25500
-28300
-27700
-25350
-27300
-24550
-26750
-21700
-31900
-28950
-35600
-30350
-37950
-36250
-40400
-45450
-46200
-47150
-56000
-57450
-45000
-52400
-48200
-49150
-41250
-46900
-34350
-35050
-33900
-16750
-8000
-11850
-10250
8750
-250
3750
6500
13000
1200
9400
10400
750
3150
4550
-150
-3950
4000
-7250
-2800
-7250
-3550
-12700
-4700
-6200
-13750
-10600
-9700
-14750
-21050
-10200
-15850
-15500
-20050
-12850
-17700
-18650
-16100
-19450
-16000
-17500
-15000
-17950
-12350
-17450

-12600
-15650
-13600
-11350
-13600
-7050
-13500
-7950
-10000
-6300
-7550
-4600
-6000
-2900
-1050
-2000
2550
-500
5350
950
5700
7200
9700
12000
7800
11850
12000
9800
10600
15750
14600
15500
9350
11850
8650
4050
4400
-5300
-6550
-8700
-17150
-19850
-24050
-29400
-33400
-37250
-34300
-39350
-33000
-34050
-35800
-36150
-29350
-32200
-30850
-26350
-26150
-24150
-27850
-22400
-28150
-23000
-30700
-25050
-33350
-36400
-35900
-39450
-42000
-47650
-40150
-52950
-48550
-52750
-48100
-59050
-47450
-47200
-49000
-37950
-35850
-31400
-32250
-11800
-20850
-11300
-3500
6550
-2450
6600
11900
2150
10750
6850
8750
-650
10850
-750
-750
1800
-350
-7500
-3650
-150
-12100
-6300
-7600
-6800
-15200
-8200
-8850
-16950
-12550
-14900
-16350
-17900
-15750
-18300
-15400
-16950
-16050
-17900
-18000
-14100
-18900
-14950
-16650
-13150

-14150
-14050
-12900
-13000
-12100
-10700
-8450
-10150
-8200
-8750
-5000
-6550
-5950
-550
-2550
-1550
-650
2700
4500
4000
5250
6450
9950
6400
9650
13550
15850
9950
11700
15750
11500
16100
10100
14400
6300
7700
850
-4700
-2100
-11500
-13400
-24850
-22100
-31900
-29100
-35350
-36500
-40550
-34450
-35800
-39400
-28200
-33500
-27450
-34150
-24850
-28950
-23900
-24400
-24000
-25400
-29650
-25700
-29600
-30550
-36250
-29350
-42850
-44450
-44450
-44250
-50100
-49750
-46300
-57050
-51100
-48500
-48150
-47850
-37250
-37850
-34650
-23650
-18500
-18600
-9750
1050
-4600
3550
8650
6350
5550
14400
5200
3300
8150
5500
-1050
1150
4400
-5150
-5350
1250
-5950
-9250
-4350
-7550
-10900
-11100
-9500
-13050
-13050
-13050
-16050
-15850
-14450
-17850
-18900
-14100
-17250
-16650
-19550
-14900
-17050
-17000
-15950
-14850
-13750

-15400
-12050
-13200
-10700
-15500
-9150
-10500
-9300
-8150
-7650
-3950
-7800
-2850
-4050
200
-2200
2500
1900
3100
3500
5200
11600
5550
11950
7350
13850
11250
12800
15950
12900
14850
11150
10900
8800
12850
6550
3900
-4750
-4150
-11850
-17100
-18700
-26550
-27150
-32150
-35000
-37550
-34850
-35250
-36800
-36350
-31950
-33750
-29400
-26700
-27150
-27600
-25800
-23750
-26450
-25350
-24850
-25850
-30450
-33650
-32950
-32050
-41100
-39850
-43200
-49800
-49000
-48800
-51250
-53500
-45700
-50550
-51100
-45450
-38400
-41500
-30750
-23100
-23150
-13250
-9150
-2400
-3900
9250
3300
6400
10300
11600
1850
8000
10300
300
2700
1250
2700
-7800
1650
-3350
-7350
-7100
-4150
-7850
-11800
-7100
-14050
-9450
-15950
-12150
-17150
-12000
-14550
-19650
-16100
-16750
-16000
-20400
-15050
-17100
-14450
-18250
-14450
-13950
-15200

-13250
-15950
-12300
-14200
-9150
-10750
-9200
-9600
-8050
-7500
-6700
-2750
-5200
-1150
-3750
1100
-300
2950
5750
3850
6600
7400
8100
8800
11050
12100
13650
12300
12300
14750
15950
15050
9250
10150
11300
5300
3200
-2500
-2650
-10850
-16000
-22850
-26850
-24900
-30750
-33650
-38650
-33350
-39200
-34950
-35000
-31800
-32200
-29450
-28200
-30300
-22200
-25300
-22000
-28650
-22600
-26850
-26400
-29150
-30500
-30800
-40300
-36450
-41350
-42300
-50450
-43850
-51100
-53050
-50100
-50100
-49500
-48500
-38600
-47450
-37000
-32100
-23300
-21850
-9800
-7950
-8850
3500
4750
3350
5550
16600
6600
5350
9050
7900
2950
3450
3150
-3350
-400
-4050
-2750
-6500
-3100
-6250
-8750
-6800
-12500
-10950
-9650
-12250
-16950
-13400
-14150
-16350
-17250
-15200
-14450
-19750
-15500
-16400
-16300
-15000
-15850
-15150
-16750
-13200

-14250
-12250
-13050
-10800
-12050
-9950
-8050
-9600
-6250
-8750
-3600
-6050
-5000
-750
-450
750
-500
4100
3100
5750
4750
10800
8050
9450
8950
10800
17550
10800
16100
12200
15650
11600
12700
13600
10000
7300
2000
-750
-8850
-6200
-16200
-18400
-27300
-25550
-32150
-35300
-31750
-37800
-33900
-36950
-33200
-36400
-28600
-28900
-28750
-26550
-24450
-26000
-24300
-21850
-24600
-25150
-28750
-26850
-31900
-33350
-34400
-35700
-42350
-46450
-43900
-45700
-52750
-49400
-47050
-54200
-50650
-47150
-43100
-42600
-31800
-30600
-29200
-19450
-11200
-12150
-4050
6050
3050
3750
8850
11350
6400
11550
7400
6250
3350
5350
-2700
1300
2350
-4600
-2500
-5350
-4150
-9050
-4950
-7850
-11450
-11600
-8450
-13500
-15350
-11900
-14750
-13050
-18950
-14350
-16800
-15450
-16250
-18000
-15550
-15650
-14300
-17300
-11400
-14600

-12650
-15300
-10150
-10600
-12500
-8050
-10300
-7050
-10850
-3600
-6000
-4550
-5100
400
200
-1200
4050
1400
6650
1550
8700
7900
10850
10250
9450
14050
13050
12200
13700
17450
13500
15450
10750
11750
9700
7350
5250
-4300
-3400
-8500
-16600
-20900
-24300
-24900
-31650
-35150
-36600
-37000
-33550
-35600
-34600
-32550
-29700
-31400
-26800
-26400
-24200
-25550
-23700
-23700
-26500
-23150
-27250
-24600
-34350
-33650
-34250
-36850
-42350
-42600
-42600
-51500
-48650
-50450
-50700
-54600
-43200
-47700
-47250
-39550
-35500
-33100
-26700
-12000
-17200
-9900
-3150
4550
100
9100
10850
6900
11500
7450
7950
4150
9150
1200
300
1850
-950
-3700
-2500
-1650
-8800
-3550
-8250
-7250
-11450
-8200
-9600
-14900
-11150
-15650
-13150
-15700
-14600
-18400
-14300
-16200
-15850
-17050
-15150
-13350
-17850
-13750
-15150
-13150

-13750
-12250
-11300
-12650
-11200
-9750
-7500
-11250
-6450
-6300
-4550
-4750
-3000
100
-2750
1750
-250
3900
3950
5500
6250
7300
9750
9400
13000
12350
15950
10450
14700
13700
14700
17000
10200
13250
8450
9800
-50
-550
-2400
-8050
-16350
-21000
-22300
-30250
-29250
-35050
-33050
-37950
-33150
-35950
-33950
-30400
-31700
-28150
-29850
-25200
-27250
-21400
-23550
-24800
-23500
-25650
-24900
-29050
-30100
-32600
-32650
-41600
-40450
-42400
-45300
-47200
-46900
-49600
-56200
-47250
-48050
-49400
-44100
-35400
-36800
-34350
-24150
-18700
-16100
-7800
150
-600
4900
6700
7800
9650
12050
7350
5450
8450
4250
1550
2600
3800
-2450
-3750
350
-5150
-5650
-6400
-5450
-8650
-10350
-9950
-10000
-11700
-13900
-12950
-15450
-14000
-17400
-15500
-14650
-16950
-14850
-17600
-13900
-16450
-14450
-15750
-13050
-15300

