
Curva de Excitacao - Bobina Girante (Dados Brutos)

Arquivo..............: C:\Arq\Wiggler\Medidas Wiggler - Corretoras\Bobina Tungstenio\Gap35\Translado35_X=16_#009.dat
Data.................: 03/02/2005
Hora.................: 10:07:47
Ganho................: 10
N. de Coletas........: 1
N. de Voltas.........: 10
Intervalo de Análise.: 4 - 8

-10450
-12500
-6350
-11150
-8050
-11600
-11000
-10650
-2600
-3150
-3100
-3500
-4600
3800
-3300
3000
-200
7400
4850
5700
10900
12200
14150
8250
10150
5100
20600
16750
21750
14500
13150
7650
-950
6000
1100
4000
-7400
-13450
-28850
-26250
-33000
-35050
-42850
-38750
-44600
-45400
-34250
-43900
-36850
-37150
-32000
-38250
-23800
-20200
-14500
-17050
-18100
-20200
-18500
-15150
-15100
-10150
-21500
-22800
-31900
-26000
-33750
-26650
-37650
-45900
-50700
-54550
-63850
-61500
-47150
-61800
-62100
-68300
-61600
-67100
-46000
-50900
-54150
-34250
-26100
-28650
-21800
4650
-8750
600
5950
14250
3850
21550
18900
6350
13150
10150
6600
950
15800
-3800
1100
-2600
-1550
-9750
1250
-400
-12750
-5900
-8500
-11650
-17900
-5150
-12300
-11250
-16100
-11900
-14600
-15450
-10550
-18700
-12100
-15000
-13300
-14300
-9400
-14250

-12450
-12750
-13900
-8500
-9700
-3650
-11200
-6600
-8050
-6450
-2500
-1600
-400
-1050
1550
-750
5150
5050
9000
6550
6000
9000
11450
15650
12850
15950
14650
9700
12100
16400
18100
15650
7750
4350
-5050
-4900
-5400
-14550
-20050
-22500
-37350
-40450
-37700
-39900
-42500
-43250
-39150
-48450
-35050
-33150
-29400
-31350
-23600
-26100
-23400
-14700
-16850
-11800
-17500
-12700
-22900
-14650
-21750
-14100
-23700
-32400
-31800
-37850
-39850
-46300
-36200
-55550
-57200
-62750
-59850
-68350
-55800
-57050
-67950
-57050
-57800
-53200
-49550
-24800
-34000
-26800
-14650
-8100
-8850
6150
15000
4550
16550
12700
12050
9700
21000
9100
4100
10900
4350
-4400
2950
5950
-7400
-3050
-1850
-6850
-9850
-4200
-7000
-13350
-9000
-12200
-14800
-10600
-10400
-14100
-15250
-13300
-14750
-16850
-12700
-11000
-15200
-15300
-12350
-13200

-9900
-12450
-9350
-11100
-12700
-8450
-6000
-4100
-7200
-5100
-5100
-3000
-3450
2750
3250
1950
2600
1400
8950
6250
11800
9700
13700
7900
10100
17650
17450
16650
12000
17000
7650
14100
7350
9850
2300
-2550
-12400
-22850
-14050
-26600
-26800
-38350
-37250
-47500
-41750
-42500
-41750
-39750
-34700
-37550
-38250
-23700
-26700
-19000
-20600
-16500
-20900
-15850
-14300
-12400
-14250
-19050
-20550
-22750
-25450
-27850
-23700
-37450
-43250
-45700
-48200
-54500
-49650
-52650
-65500
-65450
-62650
-66350
-62800
-49800
-55650
-54150
-45550
-38150
-37750
-18000
-10550
-12550
-2850
4900
3650
7050
23800
11000
11500
14100
14250
2650
9750
13450
850
2000
2500
-1800
-6400
3800
-6550
-5300
-7500
-7000
-11050
-8500
-7000
-14900
-9300
-13150
-14100
-17900
-7600
-14950
-14100
-15950
-12450
-13550
-15800
-10450
-15050
-10200

-14850
-10050
-11150
-7850
-10850
-8050
-7000
-9600
-3500
-5250
500
-5650
-1600
-2000
1000
3100
4550
7850
5050
6550
5950
13450
11200
14850
12300
14550
15400
12500
17550
14500
16850
11100
3700
3100
4550
-250
-8050
-17000
-20100
-29200
-33350
-34400
-38000
-39600
-39650
-46650
-45800
-38400
-34850
-34500
-33300
-26550
-30250
-19550
-20750
-15650
-15600
-14750
-16700
-17400
-14100
-16050
-14450
-22900
-25300
-30550
-29000
-38550
-34450
-40050
-53050
-52450
-56600
-57450
-62500
-54450
-64650
-66650
-62000
-59000
-59550
-46450
-36400
-43000
-29950
-26550
-16050
-12000
6400
850
5800
16100
13700
7500
15200
22250
6150
12450
8050
7650
-400
7100
3600
-3200
-850
-3350
-4700
-6800
-2450
-10450
-5900
-9800
-10400
-11450
-9650
-10350
-16750
-11350
-13550
-13350
-15350
-12000
-14050
-13450
-14200
-14250
-11350
-12650

-9900
-12950
-11000
-9850
-9550
-4900
-7450
-5800
-6250
-5750
-3600
-1450
100
50
1550
700
3450
5350
10400
6800
9100
11200
9500
13500
13100
18400
16350
14750
11450
12600
18000
15800
10000
3700
4250
-8050
-8600
-16100
-17200
-23750
-30750
-38550
-45650
-34200
-42950
-41200
-43450
-36800
-42200
-34150
-28900
-29300
-23600
-22050
-20350
-23200
-11500
-14400
-11150
-16850
-15200
-19300
-19900
-18850
-23050
-23650
-34850
-36000
-40950
-43550
-47800
-45950
-54900
-62350
-59500
-63550
-65350
-60700
-54000
-63100
-56350
-49350
-47250
-37450
-23750
-23400
-20750
-4700
-900
-2700
9850
18400
12250
11650
17200
12150
9950
14600
8500
6800
5200
3250
-2500
2000
750
-4950
-2650
-3000
-8750
-10000
-1450
-10900
-11450
-10650
-8750
-15050
-14100
-9850
-13300
-13750
-13800
-12600
-16000
-8900
-14450
-13400
-14300
-11150

-10050
-12500
-6950
-10150
-7450
-10600
-4700
-7100
-2900
-5100
-2250
-2300
-4300
3900
1400
5100
1450
6900
5500
7700
11550
11650
14850
10100
12250
12450
21250
14600
17600
15650
13550
9000
5800
10700
3450
450
-8950
-17450
-24450
-23450
-28950
-34600
-38750
-39000
-44600
-44750
-38650
-39950
-34700
-33550
-33850
-30200
-22850
-20600
-19500
-16150
-15600
-19650
-12150
-13500
-12250
-16550
-18200
-22150
-26250
-25900
-29200
-29850
-42250
-44050
-48700
-49900
-58500
-52700
-53850
-64650
-64350
-66600
-60850
-60900
-45150
-51300
-46250
-35850
-29500
-29900
-15700
1500
-5200
4500
6400
12700
9900
20950
14300
12650
15350
10700
4500
6600
12100
-950
3200
-750
-1050
-5300
-800
-3150
-8900
-4850
-7400
-10900
-11600
-4700
-13250
-11150
-13200
-14350
-12750
-11750
-10600
-17700
-11950
-12650
-13650
-13950
-9100
-10350

-13400
-11700
-9700
-7100
-9800
-4950
-8100
-6750
-7350
-2300
0
-2250
-550
300
1250
1600
6900
7050
8800
6900
7650
10900
12300
15450
14450
15650
16550
12100
17150
15700
18100
13300
7100
3950
1800
-450
-7750
-13250
-20050
-23250
-37350
-35400
-37150
-36800
-40600
-42350
-41750
-43400
-33100
-35800
-28550
-28800
-22400
-26000
-20250
-14350
-14800
-12400
-15300
-13450
-19050
-13900
-18000
-16200
-25900
-28550
-29500
-36200
-39250
-41750
-41950
-55250
-53650
-58200
-61350
-62800
-55300
-62050
-66500
-55550
-54300
-52650
-43400
-29550
-33750
-24950
-13500
-9100
-4450
8500
11850
7900
17550
14350
10950
15900
18250
9400
4650
12400
2600
800
4550
3100
-4250
-1050
-1650
-7300
-5700
-5400
-5900
-11250
-8850
-11650
-10850
-8050
-13750
-12450
-12600
-10800
-15600
-14100
-11450
-11950
-13450
-13250
-10550
-12200

-8000
-11550
-8800
-11850
-9300
-6250
-6200
-4200
-4850
-3050
-5500
-800
-1050
3150
2550
3500
3900
3500
10250
7650
12500
9700
13300
11400
13050
17800
18800
16000
13700
15700
11750
16000
8700
9900
2600
-2400
-10900
-17550
-14500
-23450
-29250
-37350
-38950
-42100
-41050
-41550
-40350
-38750
-35700
-35750
-33650
-24300
-23650
-20450
-19550
-19050
-16050
-13700
-11850
-13750
-14050
-17400
-19100
-19850
-23600
-23250
-29100
-36550
-41050
-41850
-48050
-50100
-48350
-58300
-62500
-62050
-60550
-67600
-56400
-51150
-57650
-52400
-43250
-36450
-35650
-15650
-14150
-8500
750
4750
3100
12250
20300
12400
16050
15700
14100
4100
14050
10450
4150
3000
4850
-1300
-4900
2150
-5000
-2900
-7700
-5500
-8350
-6700
-8900
-10800
-8900
-12800
-12300
-13800
-9000
-14600
-11800
-15050
-12300
-11600
-12500
-10150
-14850
-10150

