
Curva de Excitacao - Bobina Girante (Dados Brutos)

Arquivo..............: C:\Arq\Wiggler\Medidas Wiggler - Corretoras\Bobina Tungstenio\Gap35\Translado35_X=-1_#020.dat
Data.................: 03/02/2005
Hora.................: 09:22:49
Ganho................: 10
N. de Coletas........: 1
N. de Voltas.........: 10
Intervalo de Análise.: 4 - 8

-13600
-11700
-8500
-10000
-12200
-12750
-7800
-14600
-11000
-13550
-10050
-14500
-13800
-12900
-16000
-11800
-15850
-13900
-17150
-14150
-15950
-15150
-13450
-12550
-12000
-13800
-6600
-12200
-5300
-7900
-4000
-1400
-3850
-400
-2050
3200
750
900
3100
6300
1950
450
4150
250
2800
-3450
-100
-4350
-450
-5300
-7700
-4750
-11600
-8850
-13850
-10550
-16150
-12100
-14850
-15950
-19300
-18200
-16050
-19650
-16150
-21150
-16650
-20350
-16900
-18600
-15150
-14600
-17550
-15400
-17100
-13500
-13200
-10800
-15150
-11250
-10000
-11350
-11300
-11300
-6850
-15350
-11050
-12350
-12150
-15700
-18150
-15550
-18950
-22350
-25350
-24550
-29450
-27950
-33150
-31050
-30100
-35700
-32450
-37700
-29600
-37100
-34000
-29900
-32850
-34550
-31000
-24850
-32400
-26400
-25550
-21750
-29350
-19750
-19500
-20850
-17500
-17500
-14300
-16100
-11400
-16200
-9300
-11900

-11200
-13300
-9200
-8800
-15100
-8650
-12150
-10450
-13750
-10700
-12000
-12200
-11500
-14700
-14000
-13800
-13600
-18250
-11250
-15250
-16000
-13450
-13700
-11400
-16200
-9850
-10100
-11000
-7100
-6700
-5050
-3550
-250
-2900
850
600
2650
-1150
5250
5350
950
4100
-150
4350
-1150
400
-2600
-1250
-3000
-4700
-6800
-8250
-8700
-11300
-9000
-14350
-13350
-16700
-13900
-16300
-16300
-17150
-19300
-17950
-19150
-20150
-17350
-15400
-18600
-20000
-16750
-14500
-16000
-15450
-14300
-14850
-12950
-10750
-13750
-9800
-11600
-10050
-12600
-10150
-9400
-13500
-11650
-11500
-12100
-16750
-15850
-19550
-16500
-23850
-24000
-26600
-24900
-26850
-34650
-29650
-32250
-31750
-37050
-31750
-36350
-34600
-34900
-29800
-34400
-32750
-26950
-30450
-30750
-29500
-22200
-25700
-24150
-22150
-20950
-19200
-17150
-16350
-16950
-11350
-15250
-14750
-12250
-9450

-11750
-13350
-7600
-10500
-11950
-12050
-8350
-11350
-11800
-12450
-12450
-11350
-16050
-11400
-14000
-11850
-16450
-15300
-11250
-15500
-15000
-14400
-12850
-14800
-12200
-10950
-8300
-9600
-6350
-5550
-5700
-550
-3750
250
-350
3700
2600
1200
4550
3200
3400
1450
1500
3000
3100
-1250
-2350
-950
-2400
-3800
-8600
-5400
-9500
-10150
-10400
-13450
-11150
-16750
-13100
-17200
-17050
-18600
-16550
-16050
-20250
-18100
-18700
-15400
-20550
-14800
-16450
-15550
-16800
-14600
-13350
-15400
-8300
-14900
-10250
-12150
-9050
-11300
-9550
-10400
-9850
-9700
-12400
-11200
-15750
-11050
-19700
-15950
-19250
-20950
-24400
-24400
-24000
-31100
-30900
-30250
-30700
-36150
-33050
-32600
-34400
-33250
-34000
-30900
-34750
-31550
-29800
-28550
-29000
-27300
-24450
-24150
-21350
-23900
-19400
-18800
-15200
-20550
-14650
-10950
-15300
-12350
-11900
-7500

-13900
-9750
-10450
-8350
-12350
-9950
-9450
-12850
-9650
-12900
-8500
-14400
-12850
-14000
-12500
-13750
-15100
-13700
-14500
-14000
-16350
-12600
-14800
-9900
-12550
-11200
-8150
-9800
-4850
-9650
-2350
-1700
-2300
-100
700
4000
1750
2200
1800
5800
1700
3850
950
3450
3350
-3600
1250
-4000
500
-6900
-3750
-7950
-8350
-9700
-11000
-9850
-15600
-13650
-16200
-12750
-19300
-16350
-18050
-16750
-18450
-19400
-14000
-19750
-16000
-18750
-15650
-16650
-12700
-14250
-15500
-13250
-11600
-11400
-14000
-7850
-12350
-9950
-10750
-9800
-8350
-12350
-10550
-13800
-10800
-15400
-17000
-18700
-15750
-22300
-25650
-22450
-26050
-27300
-34700
-26550
-32600
-35000
-32750
-33200
-32450
-37050
-31700
-32550
-30000
-33000
-27200
-30350
-28150
-25800
-25600
-21100
-25900
-19900
-21400
-16250
-19750
-14500
-12800
-13850
-16050
-13850
-6500
-13000

-10650
-11300
-6500
-10850
-10400
-8500
-10900
-9050
-11900
-11650
-13350
-8800
-13950
-11400
-13000
-13400
-13050
-15650
-11000
-15400
-12900
-14900
-12050
-11250
-12400
-8200
-10000
-6600
-8250
-5350
-3450
700
-3400
-1950
3000
550
5800
-350
6150
3900
6150
3100
1150
6750
850
100
-2100
1000
-3850
-3850
-6550
-5950
-7950
-10050
-8650
-13550
-11350
-15100
-14200
-16000
-16450
-14950
-18050
-16850
-18150
-18400
-18550
-15800
-16300
-15850
-16950
-14950
-12950
-16000
-12050
-13250
-10850
-13600
-9800
-9600
-10800
-7450
-10600
-8500
-10700
-9300
-12500
-10050
-12000
-14650
-16800
-15900
-13400
-25300
-21450
-25550
-21950
-30850
-29800
-29650
-29700
-33550
-34150
-31300
-34150
-31900
-35450
-28700
-34250
-30450
-29200
-28100
-26950
-27800
-23600
-23400
-22600
-22650
-17900
-17300
-17750
-17800
-13700
-10500
-15200
-11100
-12500
-8200

-12650
-10250
-9250
-8000
-9900
-12600
-7650
-11150
-10350
-13450
-8250
-11600
-14500
-11050
-13350
-10100
-15800
-12500
-13050
-12600
-15550
-13650
-10500
-12500
-12300
-12650
-6150
-9600
-4550
-6800
-3550
-1000
-2300
1300
-50
4450
2850
1850
3200
6150
5050
1650
3300
2800
3450
-1150
-1100
-1600
-900
-3650
-8200
-3850
-7800
-8950
-12950
-8900
-12700
-14500
-12400
-14300
-16150
-18600
-16150
-18100
-16000
-19300
-15850
-16500
-17850
-15700
-17500
-10550
-16700
-14650
-14900
-10700
-13250
-10700
-10000
-12900
-9600
-9200
-8550
-12150
-5200
-11850
-11050
-12100
-9600
-12600
-18250
-14350
-18400
-21950
-23350
-23550
-28000
-26000
-29600
-31200
-31150
-33700
-30400
-35300
-31750
-34500
-32200
-30800
-30250
-30700
-30950
-25500
-29100
-24850
-25700
-21050
-23550
-20800
-20200
-17250
-16000
-17300
-13650
-13800
-11900
-14550
-8300
-8150

-10500
-10900
-10150
-6100
-13400
-8300
-9200
-8900
-14050
-10800
-9050
-12800
-10400
-13100
-10350
-15950
-12050
-14950
-10800
-13300
-14550
-12700
-14300
-9350
-14050
-8000
-8950
-7000
-7300
-6250
-2200
-1550
0
-2600
2850
2500
4600
1100
5350
8150
1250
4100
2100
6500
-100
1650
-1150
0
-50
-6200
-4950
-6550
-5600
-10700
-8650
-11250
-11850
-15000
-14550
-12950
-19650
-14700
-16850
-15800
-19950
-16350
-15650
-16400
-15350
-18850
-14600
-17250
-13200
-15600
-10900
-14500
-10500
-11650
-11100
-9850
-10350
-6000
-13900
-8200
-9100
-9200
-12300
-10750
-10750
-15100
-15150
-18000
-16550
-24850
-20650
-24400
-26000
-24700
-33200
-27300
-33900
-30500
-35000
-30300
-33400
-33200
-34200
-30900
-28950
-34200
-26350
-29250
-24750
-31050
-22000
-22450
-24250
-19850
-19350
-14600
-20050
-15750
-14950
-9950
-15900
-10750
-9550
-9600

-10400
-11300
-6350
-10200
-10400
-10250
-7800
-10600
-9350
-9550
-11950
-10400
-14450
-10850
-14800
-10650
-13850
-14700
-12800
-14100
-12500
-15150
-9850
-12100
-10450
-12400
-7450
-6700
-6350
-4600
-4500
2400
-4250
1100
1700
5200
3500
650
6550
3800
4800
1000
4300
4000
3750
-700
-950
-600
-3400
-2050
-7000
-2900
-9450
-8150
-10450
-11300
-11600
-13750
-12200
-16150
-16000
-17600
-15900
-16650
-17150
-17450
-17500
-15050
-18450
-16000
-16250
-11750
-15450
-14550
-13800
-13600
-8200
-12750
-10750
-11800
-6850
-10300
-9000
-9100
-7300
-11450
-12950
-8550
-13850
-10850
-17800
-15250
-17300
-19850
-23200
-25300
-23400
-28250
-30800
-30600
-27200
-35250
-32150
-32550
-32900
-33950
-33550
-26400
-34900
-30900
-29900
-24200
-29350
-25700
-23800
-22900
-22850
-23400
-17650
-18400
-15450
-17900
-12650
-13250
-12000
-10750
-10350
-7850

