
Curva de Excitacao - Bobina Girante (Dados Brutos)

Arquivo..............: C:\Arq\Wiggler\Medidas Wiggler - Corretoras\Bobina Tungstenio\Gap35\Translado35_X=-4_#017.dat
Data.................: 03/02/2005
Hora.................: 09:18:13
Ganho................: 10
N. de Coletas........: 1
N. de Voltas.........: 10
Intervalo de Análise.: 4 - 8

-3400
-3950
-2400
-10550
-4800
-8000
-6700
-10550
-4800
-8600
-11300
-10450
-15000
-7800
-14900
-10650
-14400
-12300
-15600
-17200
-11750
-15600
-13950
-18750
-11850
-17750
-12900
-16300
-12000
-11150
-11050
-8050
-11750
-1150
-5450
-5200
-3350
-1900
1900
-2050
2550
1000
3150
-1250
300
-1900
1300
-500
-4400
850
-5800
-3100
-10850
-4200
-7500
-10350
-10200
-9600
-9600
-16850
-12850
-14150
-11200
-16250
-12800
-15550
-14200
-14300
-15950
-12000
-16300
-11450
-16450
-12650
-13150
-11750
-11550
-11750
-10800
-13650
-11350
-14000
-11850
-13700
-11900
-18450
-16950
-14300
-22900
-20950
-25000
-20800
-27200
-29200
-29150
-31150
-33500
-38050
-32150
-35300
-33350
-39650
-30600
-39900
-36100
-31000
-32950
-31750
-36800
-25100
-31000
-26250
-28650
-21850
-22200
-21150
-24050
-19350
-12800
-19150
-12800
-12050
-6750
-13950
-7450
-4400
-7450
-7400

-6200
-3250
-10400
-4750
-7300
-3700
-8950
-8950
-8300
-9500
-8450
-13850
-9150
-13100
-12050
-14400
-12700
-11750
-14200
-14000
-17400
-13200
-17400
-14950
-17450
-13700
-11250
-18300
-11450
-12050
-6450
-11550
-8400
-5200
-4100
-4700
-3850
550
-650
2850
-3550
3750
0
1150
-200
550
1650
-4400
-250
-3000
-4350
-7550
-5050
-6250
-6300
-11000
-11850
-9600
-10600
-11750
-15700
-11150
-13800
-15150
-14450
-15550
-12350
-15250
-14500
-17300
-12850
-12350
-14200
-13350
-11250
-11300
-14650
-10750
-12500
-10500
-14450
-10050
-12150
-14550
-12200
-18750
-13100
-19200
-17850
-24250
-22100
-24200
-25850
-31900
-28950
-28050
-35950
-31900
-37300
-33550
-40200
-33500
-34400
-36650
-35900
-32250
-32750
-35450
-29100
-30850
-26250
-30600
-25350
-26650
-22050
-20400
-23150
-15700
-17450
-15250
-16300
-7450
-11350
-10200
-7350
-6150
-7350
-8050

-2400
-7400
-4150
-7500
-6850
-6100
-5500
-6500
-11200
-6550
-9900
-11700
-12650
-7450
-12000
-14900
-10350
-14900
-12300
-18100
-12900
-14000
-15550
-16650
-17200
-11000
-14400
-14050
-14300
-7500
-12050
-9600
-8350
-3700
-3050
-6000
-600
-4450
1800
-350
1300
1100
2900
1950
-1050
2300
-1500
-1300
-2600
750
-6100
-4700
-5000
-7400
-5050
-11600
-7750
-11800
-8600
-13300
-14950
-11500
-12100
-12300
-17800
-13300
-14400
-12850
-16350
-12850
-11800
-13500
-13100
-15050
-9850
-15150
-9550
-13350
-10400
-12050
-11600
-10350
-13200
-11550
-15750
-14050
-18200
-13800
-22950
-19950
-22300
-23300
-24150
-32900
-25250
-32950
-33650
-35000
-32150
-35600
-36650
-35300
-34800
-35950
-36950
-29200
-34050
-32450
-33500
-30200
-27400
-27800
-25600
-26150
-19450
-23050
-22050
-17800
-12950
-16150
-13650
-8900
-11750
-9250
-8700
-2950
-7050
-7000

-6600
-3950
-4450
-6650
-4850
-6200
-5200
-12050
-6400
-8000
-8150
-12100
-9950
-8450
-15150
-12800
-14000
-10450
-15900
-15100
-15100
-13250
-14350
-16700
-14450
-15550
-10100
-18100
-10000
-10800
-8400
-7550
-9400
-3250
-6050
-1450
-2900
-550
550
1650
-450
550
5300
-300
1650
-600
1950
-2150
-1800
-750
-4000
-3900
-9500
-2750
-6600
-9200
-12850
-8550
-9800
-13700
-11700
-13050
-11650
-16850
-12350
-15750
-10900
-14600
-15000
-13000
-15200
-10900
-14700
-10150
-14300
-11450
-12250
-11150
-11600
-11650
-10150
-14000
-10450
-13850
-12150
-19000
-14550
-15400
-21050
-20800
-23100
-21750
-29100
-27400
-28900
-28600
-34600
-31700
-34600
-36450
-34250
-37200
-31250
-37850
-33600
-35050
-31350
-29900
-32750
-28000
-27600
-26500
-32750
-21100
-21650
-21050
-23450
-14450
-15200
-17900
-10300
-10850
-7400
-12650
-5800
-7750
-3600
-6700

-4700
-2200
-6300
-6250
-8700
-2050
-8800
-7000
-6950
-7250
-10500
-11400
-6950
-11400
-10500
-13850
-11650
-14700
-10500
-14700
-14700
-11350
-16700
-15050
-18250
-9750
-13000
-14550
-12000
-11000
-7300
-9700
-5400
-6650
50
-5300
-1200
-950
3300
2300
-2800
6550
-500
3600
-600
3350
900
-900
50
-2750
-200
-6300
-3600
-7250
-3050
-11100
-9150
-8100
-11000
-11400
-14600
-9400
-14250
-12050
-15450
-14800
-12400
-12650
-12700
-15800
-10500
-13250
-12700
-13950
-8600
-12950
-11000
-9350
-12300
-8100
-13350
-9850
-14150
-10550
-12850
-16250
-14750
-15950
-19000
-23650
-19750
-24200
-25650
-32000
-25750
-31600
-34100
-29200
-35750
-32500
-38200
-34000
-37650
-33150
-36000
-30850
-31800
-32950
-32450
-31600
-21500
-31250
-25600
-23400
-17800
-25050
-20950
-12050
-16950
-15450
-12850
-7700
-13650
-6750
-7800
-4250
-4800
-5800

-3900
-6800
-1250
-7550
-3950
-6100
-5500
-9850
-8000
-4800
-10150
-8600
-12600
-7350
-14050
-10700
-13000
-11700
-10550
-17450
-13350
-13650
-11050
-17750
-15050
-11800
-13250
-15100
-11400
-6450
-11100
-7050
-9900
-4050
-3550
-1850
-500
-1400
5550
-2000
200
1250
5050
-400
2650
1900
100
-600
-1000
-200
-5500
-1200
-6650
-5250
-6800
-8500
-8800
-11200
-5900
-12450
-12900
-14450
-9650
-13900
-14600
-12800
-13600
-11800
-16700
-11750
-13150
-10900
-14250
-11750
-9600
-12550
-9900
-12650
-8700
-12650
-10100
-12050
-11450
-11650
-12550
-13800
-17900
-12650
-21750
-18650
-24050
-20850
-26800
-29550
-25750
-31200
-30950
-34800
-33450
-37000
-33500
-35400
-32450
-36350
-34250
-31500
-33350
-29500
-33350
-26150
-27650
-27000
-28400
-21000
-18950
-22950
-19900
-16900
-14050
-17150
-10550
-10350
-7750
-9500
-7600
-4650
-6200
-2400

-6300
-2250
-5050
-5600
-7300
-3050
-5200
-10150
-5700
-8500
-7100
-13200
-7650
-8950
-11000
-12750
-12600
-10250
-14850
-13050
-15250
-11300
-16450
-13850
-14450
-13650
-9300
-15600
-9200
-11600
-7400
-9800
-6000
-3300
-2750
-1150
-4500
1200
1700
4900
-2400
4450
2700
2850
1550
-950
4550
-2500
-200
-1950
200
-3950
-50
-9400
-6150
-7300
-11800
-7250
-11250
-10450
-14300
-10550
-10200
-14400
-13650
-14950
-10200
-15900
-12850
-13050
-12800
-13400
-12450
-10400
-13400
-9400
-10600
-10100
-13050
-7500
-11600
-11700
-10300
-12400
-10200
-17700
-11050
-17450
-17850
-22850
-20200
-22800
-25500
-28750
-30100
-27150
-33550
-31300
-36100
-29900
-36050
-36700
-32600
-34000
-32350
-34550
-29050
-33050
-32050
-28800
-23300
-28500
-27800
-20100
-22400
-21250
-22800
-13350
-15100
-13800
-13050
-9750
-7200
-9300
-5250
-5450
-1950
-9550

-3650
-2600
-3700
-4500
-4950
-1400
-9300
-6400
-7300
-5300
-10050
-7750
-9500
-10400
-8450
-13150
-8850
-13900
-9100
-17650
-11800
-12550
-14100
-13050
-16900
-10150
-13600
-11450
-13400
-7400
-6900
-6750
-8600
-4700
2200
-6400
-200
-200
5150
-550
900
5100
1300
4400
750
2150
-300
2350
-2100
-1500
-700
-3400
-5050
-6800
-2800
-11500
-7200
-9600
-7100
-11250
-12500
-12050
-13950
-9500
-15550
-12850
-14550
-10750
-16550
-12950
-10350
-12400
-11100
-14050
-9550
-13250
-8550
-12850
-9550
-9650
-11200
-8150
-13450
-9000
-14500
-15050
-16350
-14200
-19950
-20000
-20100
-24900
-23750
-30500
-24850
-32950
-29800
-34150
-33950
-32700
-35050
-31550
-35450
-31550
-37450
-30200
-32300
-28100
-34450
-27700
-23400
-31050
-23800
-23500
-18050
-25150
-17300
-15550
-16450
-14200
-11550
-7400
-11550
-6250
-9400
-2100
-5850
-4700

