
Curva de Excitacao - Bobina Girante (Dados Brutos)

Arquivo..............: C:\Arq\Wiggler\Medidas Wiggler - Corretoras\Bobina Tungstenio\Gap35\Translado35_X=-6_#015.dat
Data.................: 03/02/2005
Hora.................: 09:15:09
Ganho................: 10
N. de Coletas........: 1
N. de Voltas.........: 10
Intervalo de Análise.: 4 - 8

-200
800
-1950
-4450
-4050
-2850
-8350
-5150
-6700
-6900
-9800
-11000
-11750
-12050
-9650
-12750
-13350
-15100
-12200
-16650
-15650
-11900
-16900
-15100
-19000
-14600
-17850
-17050
-15000
-14750
-11550
-15750
-13550
-10300
-5500
-11300
-5800
-5300
-2500
-4150
-5000
2450
-3700
300
-4900
-150
-800
-1900
-3050
-1500
-2450
-6150
-6750
-7350
-4400
-11550
-8400
-8450
-10150
-10900
-13900
-10950
-13050
-11200
-14850
-14550
-12700
-14200
-12550
-15500
-12150
-13950
-13550
-15350
-11200
-14000
-13150
-12750
-15550
-11350
-17500
-13050
-19050
-16200
-20200
-18550
-21200
-21350
-25550
-28500
-27100
-30750
-28750
-37500
-31700
-36250
-35750
-38750
-37300
-32300
-36550
-37750
-35950
-35450
-40050
-30950
-30450
-31850
-34950
-28750
-27250
-30250
-24650
-22400
-20000
-22150
-20050
-16650
-12800
-10550
-11550
-6100
-5950
-7700
-6100
-300
-1600
-4000

-800
-1700
-2800
-4600
-1700
-3400
-4150
-7350
-8450
-6900
-9050
-8350
-13950
-9150
-14150
-12400
-14650
-11900
-10950
-17750
-13450
-16250
-14700
-19100
-14950
-16450
-14850
-19700
-16450
-13050
-14400
-10700
-16050
-6850
-11700
-7650
-7850
-4800
-1350
-4250
-3150
-3450
700
-2200
-350
-2000
450
-2050
-4350
-1150
-5850
-2450
-6950
-5350
-5300
-8800
-8950
-11650
-5700
-12800
-11800
-14500
-9950
-14400
-13900
-13150
-12600
-10800
-17650
-12550
-14950
-9850
-15900
-12350
-12050
-15050
-11700
-14000
-10700
-16350
-14000
-15200
-14250
-18600
-16900
-21500
-22600
-20600
-25950
-25800
-30150
-26400
-31800
-36800
-33950
-32700
-33450
-40000
-35450
-36300
-37100
-38450
-32500
-34900
-37050
-31900
-35400
-31650
-33900
-25650
-29550
-26350
-27100
-25600
-20750
-18550
-18500
-17850
-10500
-15150
-9750
-7950
-3650
-7350
-4300
700
-3750
-1500

-3900
1300
-1700
-1650
-6900
-2100
-3050
-8100
-5350
-8800
-5900
-16200
-9300
-10250
-10400
-14450
-12250
-11250
-15550
-14500
-15700
-10100
-18200
-14500
-19300
-14500
-15450
-18200
-13050
-16600
-12650
-16400
-13050
-9550
-6950
-7750
-6700
-5600
-4850
-50
-5600
250
-1800
2000
-2350
-1900
1800
-3300
-1200
-3600
-2350
-5600
-5900
-5750
-5900
-6950
-10450
-7500
-10950
-9150
-15250
-10350
-11050
-12250
-13900
-14300
-10100
-15350
-12350
-14000
-11900
-13900
-13100
-12300
-13300
-13050
-12900
-11400
-16350
-11750
-15900
-14150
-15950
-16200
-17200
-22100
-19150
-23700
-23700
-27800
-26550
-28700
-28000
-35050
-34750
-32300
-38750
-35900
-38950
-31800
-39150
-37050
-35000
-36500
-34200
-33100
-29850
-35750
-29750
-32950
-25850
-27900
-24350
-23850
-19400
-16700
-24750
-13450
-12650
-9400
-14700
-4400
-5300
-7400
-4300
-800
950
-6150

1650
-3150
700
-5050
-2400
-1650
-5300
-5300
-9000
-4500
-9650
-7350
-13100
-8600
-12700
-13500
-12050
-13450
-9500
-17800
-13400
-15400
-14550
-15250
-16500
-13450
-15550
-15350
-18250
-12550
-12800
-11250
-14850
-7750
-7450
-9550
-4600
-6800
100
-4450
-2450
-2450
1150
50
-2600
1550
-250
-1200
-5650
650
-3550
-3350
-6750
-3850
-3350
-11100
-7250
-10600
-4900
-12200
-11200
-11900
-12000
-9900
-14800
-12550
-13650
-11100
-15700
-12450
-12750
-11750
-11400
-12750
-10900
-15050
-10400
-14500
-12750
-13200
-13500
-14450
-15600
-13700
-19250
-19200
-22300
-18900
-27650
-23750
-28300
-28250
-30000
-36750
-29350
-35000
-33550
-38700
-36000
-37550
-35800
-36300
-33350
-32300
-37250
-30750
-34950
-26750
-34700
-27100
-26700
-27150
-28300
-23550
-16200
-21750
-18350
-14500
-10450
-16300
-7850
-4450
-5450
-5200
-4500
-350
-2450
-250

-2400
2100
-1100
-1950
-4100
-2550
-2900
-7600
-3200
-8900
-6350
-10750
-10100
-9500
-10750
-10350
-15650
-10250
-12950
-13650
-16350
-10700
-13400
-17500
-14800
-15750
-11750
-18700
-13600
-15250
-12450
-12250
-13350
-7450
-7950
-5650
-8450
-4350
-2250
-700
-4300
1200
2050
-2650
-800
-900
2950
-3250
-1200
-1350
-1950
-3000
-6900
-2200
-5150
-7300
-9800
-7350
-9250
-9950
-12200
-9850
-8450
-13500
-11500
-15600
-10000
-12850
-12350
-13300
-11450
-10350
-14950
-10650
-12400
-11500
-13800
-11400
-12700
-13300
-13750
-15250
-13300
-18900
-14300
-21650
-19450
-21700
-23700
-26550
-29000
-24550
-31900
-32800
-33900
-30350
-39050
-34250
-36150
-33600
-36500
-38400
-34200
-35400
-31550
-34350
-30550
-31700
-31200
-31450
-24550
-24200
-28300
-21450
-20350
-19350
-21800
-10950
-11350
-12350
-7150
-6100
-6600
-6450
-1450
-3150
850
-1250

-1750
-1900
700
-600
-5150
-250
-4350
-6250
-8750
-3550
-7400
-10750
-9400
-10150
-9700
-13850
-10050
-13050
-10350
-15800
-14550
-12700
-14400
-13250
-18750
-11800
-16250
-16450
-15800
-11350
-11550
-13350
-10150
-12100
-5250
-9200
-2700
-6050
-550
-1450
-3900
800
-950
1250
-2550
2100
-800
-900
-1600
-1700
-1800
-3400
-3800
-6300
-3200
-8150
-8650
-9650
-5600
-8700
-14400
-9350
-11150
-11400
-15050
-10450
-11900
-13100
-12800
-12800
-11250
-13100
-10600
-14250
-10750
-12850
-10500
-12650
-13150
-10300
-16300
-10750
-16900
-14500
-18100
-18450
-21900
-19450
-21600
-26350
-26500
-29950
-28250
-37300
-28900
-34750
-34300
-35100
-36050
-33850
-38350
-32200
-35700
-34150
-35100
-32100
-32900
-29000
-28450
-30400
-23650
-28400
-25600
-24600
-17050
-20250
-18100
-12400
-11900
-11100
-11550
-3200
-6750
-3800
-4500
50
-650
-1500

100
-500
2900
-4700
-1850
-3050
-450
-7600
-5800
-5800
-8250
-9300
-11650
-5600
-12850
-10750
-13750
-10450
-12000
-13450
-11400
-15350
-11900
-17050
-15600
-15900
-9600
-16500
-14500
-12100
-14250
-10850
-14650
-5500
-8350
-5800
-7100
-4950
600
-1700
-2300
-2100
3600
-1600
-550
-650
2100
250
-1800
650
-3450
-1500
-6600
-3400
-4950
-7150
-7750
-8950
-6850
-10900
-10000
-11250
-7500
-13900
-12700
-12400
-10600
-11700
-14150
-10100
-13850
-9900
-13300
-10250
-12750
-11850
-9800
-14750
-10150
-13650
-12900
-16200
-12800
-16750
-15400
-19050
-20800
-17800
-25750
-24400
-30350
-25200
-29950
-33100
-32300
-32600
-35150
-36600
-34300
-36300
-34100
-38450
-33250
-34950
-33100
-31900
-30700
-29100
-35000
-26300
-25100
-24200
-29200
-20400
-19050
-19250
-17650
-14250
-9650
-13300
-6650
-8650
-2500
-6650
-1950
650
-650
-1250

-3200
3450
-2050
-150
-3400
-200
-5350
-4450
-4200
-7150
-4450
-10550
-8000
-12200
-8300
-12400
-11150
-11400
-11000
-12550
-16350
-11450
-14700
-13000
-17350
-14350
-12750
-17250
-13300
-14500
-8300
-13050
-13150
-9350
-4150
-7100
-6800
-900
-2700
-1700
-4800
3850
-1900
1700
-450
200
1300
-3400
1000
-2650
550
-4800
-4050
-5350
-3400
-7450
-8750
-5700
-9350
-8000
-12700
-10100
-12100
-9550
-11100
-14500
-9250
-12950
-11400
-15000
-9050
-11900
-12150
-12350
-10800
-11000
-12850
-10400
-14100
-11100
-14450
-10600
-16850
-15600
-14750
-21800
-18400
-21500
-22200
-28700
-25300
-28600
-28600
-33700
-31600
-31450
-36050
-34000
-40150
-31300
-35900
-34800
-34650
-31350
-34000
-36000
-27350
-30100
-31850
-31200
-20600
-29650
-25150
-21050
-17150
-19100
-19600
-11700
-15150
-8950
-9700
-4300
-5350
-1900
-3900
-2750
3150
-2200

