
Curva de Excitacao - Bobina Girante (Dados Brutos)

Arquivo..............: C:\Arq\Wiggler\Medidas Wiggler - Corretoras\Bobina Tungstenio\Gap35\Translado35_X=-19_#002.dat
Data.................: 03/02/2005
Hora.................: 08:51:55
Ganho................: 10
N. de Coletas........: 1
N. de Voltas.........: 10
Intervalo de Análise.: 4 - 8

58650
62400
58900
58600
50500
52150
46950
35000
41600
37700
33850
15300
16350
6250
-7000
-12450
-25300
-26250
-28850
-33400
-49500
-51650
-57150
-56550
-62700
-58800
-56550
-58850
-42950
-49350
-40650
-36750
-33750
-31750
-28150
-23200
-16600
-18150
-20250
-16100
-21350
-15850
-22100
-17550
-14850
-17700
-16950
-17200
-16750
-17950
-17300
-17850
-16800
-13450
-15500
-15600
-13050
-16650
-20100
-16150
-16650
-17950
-17650
-17550
-15500
-22650
-19350
-23900
-23200
-17800
-26350
-25150
-22300
-23250
-30900
-31000
-25750
-33150
-35250
-30200
-33900
-39900
-29350
-37050
-42700
-47350
-39400
-46300
-47400
-43150
-51750
-53800
-57000
-58000
-65050
-52350
-62550
-68150
-61550
-56100
-62400
-58350
-38650
-46600
-42850
-34300
-23200
-31950
-14100
-6400
-7350
2200
17450
16550
13700
26100
28050
32000
37450
45450
46800
52150
52200
48550
58000
59000
60850
56550

63050
57250
57650
56700
55300
56500
45250
44500
38150
34550
22350
21350
16000
4850
-5300
-6400
-14950
-33150
-30950
-43050
-45600
-51900
-55000
-56600
-59150
-57100
-58800
-54000
-48650
-45500
-47850
-34350
-33150
-26100
-27250
-24200
-19450
-21350
-18250
-18750
-15700
-15250
-20050
-18400
-16600
-15900
-18000
-17950
-16300
-13500
-18850
-17050
-13300
-14850
-16400
-19800
-11300
-16550
-17450
-14750
-15900
-16650
-20700
-16850
-18700
-18800
-19800
-21050
-20700
-21800
-23900
-27450
-19500
-28300
-27700
-30200
-25000
-34300
-33750
-28000
-37350
-35300
-37000
-35750
-44900
-38600
-40950
-44650
-47650
-47900
-50700
-56600
-46450
-64200
-58250
-62700
-58050
-68500
-59200
-54650
-62450
-53700
-47200
-45200
-46300
-27350
-28700
-25350
-15400
-3400
-6050
-3250
15450
12850
18800
23150
33200
32900
39200
39050
45900
52300
51700
55250
55150
61800
55750
59600

60450
61250
59250
57600
53850
50450
48400
44200
43050
31050
28900
21350
14150
3350
-6250
-4800
-20250
-26000
-32900
-38200
-48850
-50150
-56350
-57700
-58200
-57050
-56650
-58400
-45850
-47600
-43550
-36850
-32200
-28300
-28100
-23450
-17850
-19650
-19700
-17900
-17800
-16900
-18750
-18100
-13150
-19200
-17000
-19500
-15050
-13950
-19350
-15050
-14200
-15000
-18300
-16900
-12700
-16750
-16950
-16800
-15850
-18700
-16350
-19150
-17500
-20950
-18250
-21900
-22050
-18650
-26050
-21750
-25750
-24750
-31250
-26150
-27250
-32750
-32250
-30800
-33950
-39750
-30650
-40500
-38900
-42850
-40350
-45900
-46650
-43700
-55000
-50100
-55450
-58750
-64900
-53800
-62700
-65350
-60100
-56050
-59800
-55550
-41100
-50900
-42900
-30050
-25500
-28100
-13950
-4650
-6650
2800
11200
15150
14200
28650
30400
34250
37700
44150
48500
48600
52500
50950
60050
59700
59800
58150

60750
59400
58250
59950
53000
54300
45250
45600
40300
33150
27050
22300
17050
3150
-3600
-8550
-16850
-28000
-30450
-41050
-46500
-48900
-57650
-56900
-59000
-56300
-58450
-53650
-47300
-46000
-45100
-36950
-29900
-28450
-25800
-24050
-18800
-20150
-19700
-16050
-16900
-14550
-21050
-16050
-14700
-17050
-17100
-16800
-14050
-16950
-17350
-17150
-11750
-17050
-14050
-17650
-13800
-15300
-17500
-13050
-17950
-14700
-19850
-16600
-20950
-17000
-19150
-21500
-20850
-20950
-23550
-26850
-20400
-27450
-26950
-30250
-25450
-31450
-34100
-27550
-37100
-34950
-36950
-36050
-43050
-38850
-40700
-44200
-47300
-48800
-49400
-54750
-49150
-64200
-55400
-60950
-61400
-65600
-57450
-54700
-62950
-51100
-45800
-47350
-44600
-26300
-29300
-24900
-12850
-5600
-4900
-450
14850
12050
19000
27400
32300
34100
38650
42150
45450
52600
51100
54500
55650
61000
58100
58450

62450
61150
59350
55400
55500
52350
47700
43950
44300
31250
25550
23500
15200
5200
-5600
-4350
-19050
-27850
-32850
-40250
-43650
-51200
-56850
-57300
-56800
-57550
-57600
-55000
-47250
-44950
-46300
-33200
-33500
-28150
-27700
-23750
-16950
-20050
-16250
-20150
-15000
-17850
-16700
-18000
-12700
-18350
-16900
-17150
-15150
-11550
-20250
-13500
-15650
-13150
-17800
-15900
-12800
-14950
-16250
-18250
-14550
-16850
-16150
-19350
-16300
-18350
-20250
-20750
-20800
-17000
-27400
-21750
-24250
-25750
-29400
-26400
-25950
-33500
-30550
-31050
-34400
-38350
-31050
-40200
-37800
-41450
-41700
-43500
-45950
-44750
-54950
-48800
-54650
-60400
-60050
-54400
-63350
-65250
-57650
-57250
-58950
-53750
-43700
-50150
-39850
-27650
-28000
-26550
-13200
-2450
-7300
2850
10300
16400
18300
25750
31050
34900
41950
40450
47950
50600
53100
50750
59250
61800
59050
58800

60800
61800
57500
59550
55350
53450
45700
45100
42500
31800
27450
22650
16800
1500
-2300
-7350
-16650
-26450
-31800
-38550
-47050
-48050
-57150
-56200
-58650
-56000
-56600
-55150
-45750
-46800
-41500
-37100
-28900
-29350
-24950
-23000
-17750
-18800
-20150
-15400
-17700
-13550
-19500
-14950
-15600
-16000
-16100
-17800
-13400
-14750
-16250
-17200
-11050
-14400
-15850
-17050
-12800
-14350
-17550
-13850
-17850
-14650
-17850
-16900
-18800
-17600
-17750
-22400
-18800
-20750
-23700
-24400
-21000
-27050
-26900
-26100
-28200
-31100
-31800
-27950
-37700
-33500
-35950
-37750
-39800
-37850
-40700
-44600
-44400
-48150
-52050
-51300
-49300
-62300
-59450
-56050
-62850
-63900
-58050
-53950
-62500
-51200
-45650
-48050
-41250
-27200
-28900
-27200
-9900
-5300
-3250
-400
14150
13100
18900
27900
33050
37550
37450
42900
46050
53500
51300
55050
58800
59250
59150
59150

64150
59900
59600
57100
56150
52200
47600
47450
40900
33400
25450
24400
13500
6050
-2000
-6450
-18950
-26100
-28250
-43150
-43100
-51050
-54300
-58950
-54800
-55950
-58200
-53550
-47100
-43400
-44650
-34150
-32600
-27200
-26750
-23250
-15200
-19550
-18150
-18900
-14300
-15750
-17550
-15800
-13900
-16550
-19150
-14150
-15600
-11750
-20100
-13100
-14400
-13900
-14950
-15400
-12300
-17100
-14800
-15900
-15100
-16750
-14250
-17750
-18450
-16300
-19950
-20150
-21200
-16500
-25150
-22600
-23650
-25600
-26350
-27550
-24950
-32550
-29350
-31750
-34500
-34900
-32750
-38050
-39200
-39700
-42750
-41450
-45450
-45500
-54000
-49650
-53200
-61900
-55650
-57000
-60800
-66300
-54850
-57550
-60200
-53150
-44500
-48000
-40400
-27450
-28250
-22750
-13400
-4800
-6300
3200
13550
16450
19900
24100
33400
34150
43750
40250
48400
50800
54000
52400
58400
63050
59900
59150

58650
62950
58300
58500
56300
54400
48250
43500
43950
30800
30100
21300
16950
3650
-2150
-5450
-17750
-24400
-33550
-39150
-45300
-48100
-58150
-56150
-54900
-57950
-55800
-54500
-43600
-48000
-43650
-34800
-29800
-27700
-25800
-21250
-20800
-17050
-18750
-14350
-19250
-13350
-17400
-16600
-15150
-16600
-14500
-18750
-13550
-15650
-16700
-15300
-12750
-14250
-16500
-15250
-14000
-13300
-16750
-15300
-16650
-14200
-16000
-20900
-15300
-17650
-17600
-23250
-18450
-20650
-24650
-22750
-21750
-25700
-27600
-25550
-28450
-31150
-31000
-28900
-35600
-34900
-33400
-39600
-36350
-40500
-40950
-43950
-43950
-48600
-53050
-48150
-51650
-62050
-58450
-55000
-64400
-63600
-56700
-56150
-62000
-50350
-43350
-48550
-39800
-31550
-27200
-25200
-10300
-7550
-4000
2300
11000
15200
19350
29650
30450
36300
37750
42450
46700
54100
54750
52750
57500
60150
61050
56550

