
Curva de Excitacao - Bobina Girante (Dados Brutos)

Arquivo..............: C:\Arq\Wiggler\Medidas Wiggler - Corretoras\Bobina Tungstenio\Gap35\Translado35_X=6_#027.dat
Data.................: 03/02/2005
Hora.................: 09:36:12
Ganho................: 10
N. de Coletas........: 1
N. de Voltas.........: 10
Intervalo de Análise.: 4 - 8

-17400
-15400
-19050
-16100
-17500
-12550
-17550
-14300
-13950
-15800
-13550
-15150
-11000
-13450
-12000
-13000
-10000
-10700
-6400
-7300
-8050
-2300
-5450
-1600
-3550
3000
2050
950
1700
4900
8650
6300
5400
6650
7900
3500
6900
3450
6650
5750
850
1850
350
-900
-5350
-6550
-7000
-13450
-11900
-14250
-15800
-21200
-23750
-21350
-24600
-25500
-26200
-25250
-31450
-28250
-32250
-27250
-30750
-28700
-30600
-34750
-29850
-31000
-25000
-33400
-24650
-27650
-26300
-27500
-19900
-20550
-20200
-13950
-18600
-11350
-14650
-6600
-14000
-6500
-8650
-9900
-6650
-4200
-5300
-11000
-2050
-9200
-6200
-10850
-1100
-10850
-11800
-8650
-14700
-12200
-17700
-16050
-20550
-19800
-26650
-22400
-24350
-26100
-28500
-28000
-23600
-32900
-27350
-27300
-25800
-28800
-27650
-22500
-25200
-23700
-25200
-19950
-23600
-19900
-22100
-18200
-18450
-20250

-16600
-18200
-14600
-18350
-16250
-17000
-14250
-16050
-14200
-13650
-14050
-13100
-16200
-10750
-12950
-9200
-12450
-9500
-7300
-9100
-4950
-4150
-3000
-4250
-1150
950
4000
300
2950
6800
4500
4850
3500
9200
7500
5550
6050
4450
8950
2200
4550
50
50
-2450
-3250
-5350
-8950
-8450
-15750
-12700
-20600
-15850
-22300
-21400
-24900
-26000
-27300
-28600
-23800
-31800
-28700
-34200
-28150
-31400
-29100
-31750
-29400
-28550
-33400
-29500
-27950
-22450
-29450
-21450
-25050
-21800
-18950
-15750
-14850
-15900
-10150
-13900
-10600
-9400
-4600
-10050
-5350
-4500
-10000
-6900
-6700
-3400
-8800
-6000
-8000
-8300
-9500
-10400
-13300
-13750
-15050
-21350
-14750
-22850
-22250
-24600
-23800
-24750
-29450
-25200
-26400
-29400
-29100
-24800
-27950
-26400
-27500
-25350
-21650
-25150
-21800
-24150
-18450
-22000
-22000
-18400
-18200
-17800

-19700
-14600
-16950
-15650
-18250
-12300
-14750
-16350
-15300
-14050
-11600
-16300
-13200
-11450
-11650
-13100
-9900
-7450
-8350
-6750
-7700
-2800
-5000
150
-3050
2350
4050
400
6200
3900
8500
3800
7350
6000
8150
5550
7250
5500
4950
6900
-600
4800
-1450
1550
-5450
-5100
-7500
-10800
-10400
-15250
-15050
-20650
-19950
-23400
-21350
-25850
-26100
-27950
-27950
-29150
-31200
-27650
-30050
-29100
-32950
-30000
-27900
-29550
-30800
-27850
-27300
-28250
-25050
-23250
-22050
-22500
-16150
-18750
-16950
-11800
-10550
-11700
-10450
-6450
-9950
-9850
-2900
-5800
-6900
-7550
-5150
-6900
-5150
-7350
-6900
-5900
-11000
-10550
-14350
-9850
-18150
-17250
-17300
-20350
-24750
-22650
-22700
-27550
-27450
-27750
-23850
-30650
-25600
-27900
-24500
-26450
-28900
-23400
-24450
-22200
-26350
-20000
-20150
-20400
-21400
-17150
-16950
-21000

-16000
-16550
-14650
-19700
-15750
-13550
-15000
-15300
-13800
-11250
-15350
-13350
-14200
-9650
-13400
-10350
-10050
-9450
-6850
-9150
-2500
-5450
-1650
-3950
0
800
5800
2250
4700
7050
4150
9300
3500
9800
6650
8950
5400
3900
8500
4700
3450
750
1400
-400
-3550
-5550
-5850
-10500
-13000
-13750
-17300
-18000
-20600
-21400
-22600
-27500
-24600
-26350
-25600
-29800
-29050
-29600
-29750
-28700
-30850
-28200
-30400
-30250
-30700
-26900
-27500
-26750
-23850
-25000
-22250
-20700
-13650
-21000
-12950
-12800
-12750
-12800
-6800
-5650
-8900
-5850
-7400
-4350
-9300
-3000
-7850
-4250
-5800
-9550
-6000
-7500
-6900
-12650
-10100
-14400
-15050
-19200
-15450
-22050
-24150
-20200
-23900
-23500
-30000
-24500
-26400
-27550
-30400
-25100
-24050
-27800
-27000
-23400
-20550
-26450
-21550
-22300
-19700
-21550
-19850
-17100
-18300
-17100

-18400
-14450
-16800
-15050
-15950
-12900
-15450
-15200
-11900
-15300
-11100
-14350
-11350
-13600
-10050
-10350
-10150
-8000
-7650
-7100
-8200
-1000
-3000
-800
-2100
2300
4100
1350
7150
5800
9000
4600
5300
8700
8650
8900
6400
8050
5650
5050
2150
4850
-550
-250
-950
-6600
-5950
-10400
-8900
-15600
-17100
-18800
-19900
-19700
-22900
-24100
-27750
-25850
-28900
-26600
-29200
-28150
-29250
-30900
-30750
-31050
-24800
-31000
-27800
-30950
-26350
-26550
-24600
-23300
-21950
-17100
-20500
-14450
-15900
-9350
-15500
-8150
-8850
-7250
-6250
-7700
-4450
-7750
-3650
-7800
-3650
-5500
-3300
-8700
-5700
-7050
-10200
-5900
-14400
-11900
-16300
-15250
-19050
-21050
-21200
-21500
-22500
-28550
-26450
-26150
-22700
-30750
-26650
-24650
-25300
-26500
-27450
-22500
-25600
-21650
-23050
-21100
-22000
-18350
-18650
-18800
-16350
-19250

-14250
-17300
-13800
-16250
-14400
-12450
-14400
-13750
-14600
-11450
-13150
-11750
-14550
-9900
-10150
-11700
-9950
-8650
-3500
-10300
-3850
-3100
-2400
-3400
750
3350
2150
4950
3600
7800
5550
9850
3900
9000
9400
6400
7950
5100
11500
2050
5150
1000
1700
1600
-1750
-4300
-9750
-7550
-11750
-12500
-19250
-15400
-20350
-22350
-22550
-24950
-23300
-28750
-24700
-29500
-28000
-29250
-26500
-29000
-31100
-29300
-30300
-27650
-30350
-26650
-27700
-24050
-25900
-22950
-20150
-20250
-16450
-17250
-13950
-14700
-9700
-9200
-7750
-8450
-6750
-7650
-7750
-2800
-6700
-6650
-6350
-2000
-7850
-8500
-2950
-6750
-9400
-11650
-10550
-13450
-13850
-17150
-17400
-20200
-23600
-19750
-24350
-23450
-29250
-25000
-25100
-28050
-28800
-25450
-22600
-27150
-26100
-24050
-19550
-25850
-22150
-21950
-17850
-20500
-21100
-16550
-17900
-16150

-18750
-12900
-14850
-15600
-16150
-12250
-13300
-16650
-12400
-13550
-9850
-15700
-11450
-9850
-10200
-9900
-11350
-5100
-8850
-5650
-6850
-150
-3550
-1400
-550
1450
5650
1600
7350
3300
8550
6500
7050
8350
8800
10950
5850
5800
6050
10000
1950
2650
600
1100
-2250
-6350
-4300
-10650
-10200
-15850
-14900
-18300
-17800
-20150
-22150
-25500
-26900
-25850
-25100
-25700
-31000
-28600
-29150
-29550
-28800
-28100
-28150
-29550
-29350
-29150
-26500
-24050
-23800
-22250
-22900
-18650
-18250
-15800
-14400
-11950
-10700
-10200
-8850
-8650
-3600
-9300
-5250
-4500
-5050
-7200
-4050
-2100
-6100
-8650
-6200
-4350
-10400
-8750
-13500
-9850
-16100
-16800
-15200
-19950
-21400
-24050
-22450
-25950
-26500
-27250
-22900
-28400
-27800
-24700
-24900
-24750
-28900
-22200
-22700
-22850
-23600
-19950
-19250
-20550
-17900
-18650
-14900
-21050

-15000
-16550
-13950
-16650
-14950
-11000
-15750
-13300
-14900
-10300
-14250
-11250
-12850
-10300
-11300
-11050
-7500
-8800
-5150
-8900
-3700
-4000
-900
700
-950
4000
3050
3650
3800
8150
7700
8500
5350
8800
10000
7050
9800
3750
8600
5500
4350
1400
1750
4550
-4750
-6250
-6950
-6600
-11800
-11950
-15950
-18400
-19600
-21600
-20400
-25350
-23250
-27200
-25700
-28150
-28050
-27200
-29200
-27100
-32550
-28300
-30450
-25900
-28000
-28250
-26000
-26150
-23450
-24500
-18750
-21400
-15650
-18900
-13750
-11800
-10900
-8750
-9800
-3700
-9400
-5400
-6850
-2400
-8400
-4700
-4650
-5500
-3050
-8300
-3450
-9350
-6450
-11450
-11000
-11950
-14350
-16500
-18400
-18700
-23350
-19150
-24250
-24100
-29200
-24000
-23750
-29050
-26600
-26150
-22950
-27450
-25750
-24400
-20950
-24250
-21700
-19900
-20400
-18550
-20950
-15500
-19500
-16200

