
Curva de Excitacao - Bobina Girante (Dados Brutos)

Arquivo..............: C:\Arq\Wiggler\Medidas Wiggler - Corretoras\Bobina Tungstenio\Gap35\Translado35_X=-12_#009.dat
Data.................: 03/02/2005
Hora.................: 09:05:36
Ganho................: 10
N. de Coletas........: 1
N. de Voltas.........: 10
Intervalo de Análise.: 4 - 8

22750
19600
19150
12250
18250
10400
9600
5300
3900
150
-5850
-6750
-13650
-8950
-19350
-17300
-19950
-20750
-22050
-24200
-19100
-19750
-14450
-22750
-14400
-16350
-13050
-19800
-13500
-11450
-17100
-14000
-19350
-11250
-17850
-16250
-17250
-12100
-12650
-17300
-10250
-10650
-10750
-11000
-7100
-9750
-7100
-6950
-8250
-3400
-7900
-5300
-10550
-3900
-5750
-10150
-5500
-7550
-7550
-12750
-9200
-11100
-8150
-12200
-12800
-12000
-11350
-11500
-17200
-11000
-14300
-14000
-18250
-13950
-16300
-20850
-15950
-21200
-19850
-23650
-21400
-26250
-25150
-26500
-29950
-30200
-31750
-29400
-39850
-29800
-38300
-37500
-34700
-36400
-38200
-39400
-30800
-46250
-37200
-35200
-36850
-48300
-33150
-37950
-47850
-35350
-33150
-35850
-40900
-19850
-30450
-27800
-18100
-11400
-15150
-5700
1850
-5850
8500
6000
10000
9650
24600
13600
16550
23450
21100
18900

18400
23900
14550
18050
11750
15000
8050
4850
4750
-1950
-1850
-11250
-7300
-15600
-17000
-20550
-16500
-20600
-21750
-20050
-23100
-16950
-22600
-15900
-18400
-12300
-15050
-17900
-12650
-15200
-15200
-15700
-16500
-14550
-13700
-17650
-16900
-12700
-13750
-12750
-16150
-7750
-102000
-9400
-8500
-8250
-4250
-10050
-5100
-7600
-4050
-8550
-5850
-5750
-5950
-9550
-9100
-6850
-9300
-7800
-12150
-8050
-10150
-12200
-12800
-12900
-8800
-16200
-13350
-13950
-12600
-16800
-15600
-14300
-18550
-17200
-19050
-17900
-24150
-18150
-25550
-23900
-24800
-27550
-27650
-33600
-26750
-36550
-33300
-35000
-34500
-39000
-32450
-38450
-42150
-31150
-38100
-37900
-43300
-28600
-46900
-41100
-34800
-38600
-45050
-35850
-32300
-44550
-29900
-28250
-26250
-27400
-12100
-16950
-14000
-2750
-6150
-200
6600
11700
3800
16800
19250
13700
17650
24300
22750
14050

23950
20150
19050
14300
16500
12700
8600
5800
2550
2450
-6900
-7350
-9650
-11700
-17650
-17300
-17500
-22850
-20550
-23550
-18400
-19500
-17300
-18800
-18350
-12200
-14500
-14400
-16050
-11800
-14900
-14750
-17950
-15400
-12050
-19100
-13350
-16700
-10950
-15100
-12750
-10500
-10150
-7550
-12600
-4700
-6500
-7100
-9900
-1400
-6000
-8350
-7250
-5650
-4350
-11750
-3900
-9100
-6400
-10600
-10000
-9650
-10250
-8500
-14550
-10400
-12650
-11700
-14400
-11000
-13800
-15450
-13250
-17550
-14600
-20200
-14550
-24150
-18250
-20100
-24100
-23850
-24150
-26500
-32400
-27550
-31650
-31350
-36150
-30550
-38800
-35200
-30500
-40750
-37300
-36050
-34200
-46050
-34250
-35450
-41350
-42400
-32100
-41750
-45300
-32500
-37100
-38150
-33350
-24900
-31050
-21700
-15800
-18100
-9000
-3850
-4600
-2500
9200
5850
8650
18300
18300
14500
17400
26450
18050
19500

22800
22500
15900
16750
17200
11700
10850
4450
5200
-2650
-2650
-7400
-10650
-11700
-17450
-15750
-21050
-17400
-20350
-22550
-21450
-18050
-16700
-20150
-14200
-14650
-12100
-17950
-11450
-13400
-15300
-13750
-17700
-10400
-18350
-15250
-16150
-11550
-14800
-12200
-11100
-10650
-9300
-11100
-5550
-8950
-2750
-10350
-5950
-4500
-6700
-4750
-8200
-2100
-8000
-8100
-8900
-5950
-6600
-9150
-9500
-10500
-7600
-13500
-10400
-12600
-8100
-14000
-14400
-11500
-14450
-12350
-16450
-14050
-17400
-17850
-19150
-17700
-19600
-21400
-23250
-24200
-22700
-30300
-25700
-30800
-30450
-33250
-31750
-32200
-38650
-33800
-34500
-40650
-37900
-30350
-40300
-38600
-35550
-36700
-44400
-38800
-33050
-42200
-40950
-34950
-37200
-37500
-31050
-27750
-28450
-17350
-19150
-16900
-11700
-3450
-5700
2850
8850
6500
10600
14700
18050
13500
21550
23250
21650
20300

20900
21650
18100
19400
12200
15250
9150
7300
3100
300
-2150
-8800
-7300
-13950
-13750
-20550
-17800
-20300
-18400
-21350
-20650
-14450
-20850
-16050
-17850
-10850
-17150
-13950
-10650
-13200
-12600
-16700
-13700
-16750
-11950
-17650
-13150
-14300
-12400
-12050
-14600
-6550
-11050
-6700
-11100
-5400
-6650
-7650
-4500
-4450
-4750
-7750
-4950
-6650
-4600
-7700
-6850
-7700
-6950
-7800
-12600
-7200
-9750
-8850
-12550
-10300
-9400
-14650
-10000
-14450
-11800
-15850
-12850
-17150
-12950
-17000
-17850
-17550
-20850
-19250
-25100
-20300
-26450
-28050
-25800
-28850
-31200
-32650
-29450
-37250
-35000
-33700
-32350
-42200
-34100
-31600
-41300
-37000
-36150
-34200
-45000
-34150
-37400
-42050
-41300
-33750
-37650
-35350
-27100
-32950
-24700
-21700
-17800
-19250
-4750
-3450
-8700
4650
7500
7650
6900
21950
15300
15550
19800
24550
21300
18600

24250
18950
21700
13050
16650
13400
11450
4600
4700
3750
-5600
-6250
-11050
-8700
-19050
-14550
-19050
-18900
-18450
-22500
-17400
-20750
-15250
-20300
-14350
-14700
-10900
-16150
-13350
-11050
-16500
-11950
-16900
-10350
-15950
-16050
-13950
-15200
-8450
-13600
-12250
-11750
-6550
-10200
-9850
-4750
-5000
-6950
-9100
-950
-7900
-3750
-7750
-3500
-5550
-8300
-5450
-9250
-4400
-10750
-9650
-10000
-6900
-11600
-10350
-7800
-12850
-11100
-13500
-10600
-16900
-11200
-14400
-15650
-14200
-17950
-15550
-22350
-15750
-22200
-22900
-22950
-23200
-27300
-27850
-26850
-35100
-27400
-33300
-32200
-40100
-29950
-34950
-41400
-31650
-35200
-36100
-40150
-31800
-42350
-38600
-38100
-37700
-41700
-36700
-33600
-41600
-30400
-32500
-27450
-26650
-16200
-23300
-15450
-5200
-8450
-5000
3650
12750
1300
12450
16500
17500
14350
22350
24300
17900
22650

20950
22350
17550
19050
14200
13000
11000
6250
6700
-1700
-1300
-8750
-7200
-13400
-13700
-18300
-19450
-17700
-20450
-19750
-21000
-13650
-19700
-16400
-15900
-14150
-10800
-17450
-9650
-13200
-10950
-16800
-15300
-11900
-15300
-15150
-15900
-11600
-15400
-11050
-14700
-6900
-9500
-8700
-7150
-7950
-3150
-8800
-3950
-5200
-4750
-6250
-5200
-4700
-5400
-5350
-9500
-5300
-8350
-6350
-10400
-8900
-6800
-11450
-8050
-12900
-8400
-14350
-9850
-14750
-12400
-12850
-15300
-14100
-15350
-14550
-20750
-15800
-20600
-19350
-24900
-21100
-24400
-29550
-23850
-31500
-30050
-31300
-29500
-37200
-35200
-29750
-34250
-39300
-36100
-32200
-41000
-33350
-38750
-35900
-40450
-35350
-39050
-43150
-34250
-38700
-34950
-34700
-29550
-33350
-20950
-20200
-20600
-12650
-5750
-5900
-8900
8050
4450
7350
12000
19600
16200
16350
22650
21000
22750
19950

23100
19350
21800
18300
13500
17300
9500
8100
1850
1850
-2850
-5700
-9900
-11000
-13450
-19850
-17350
-19300
-17250
-24650
-16800
-16750
-17850
-18200
-15700
-10500
-14700
-14150
-14950
-10800
-14050
-14400
-14700
-13600
-11850
-18550
-12250
-14100
-10050
-14200
-12050
-7200
-11250
-5400
-8550
-3300
-8500
-5200
-6950
-3850
-5450
-3850
-4750
-7450
-900
-8700
-6900
-7700
-4050
-7750
-12400
-5950
-9200
-8600
-12950
-9300
-11400
-10600
-12750
-11850
-11900
-14350
-14150
-15550
-13200
-20400
-16600
-17800
-17900
-21900
-23050
-19250
-27950
-25150
-27800
-28650
-33500
-25700
-33150
-35850
-32500
-32250
-34650
-41750
-29950
-38350
-36750
-35150
-35900
-38900
-38300
-34450
-41450
-37200
-37450
-37400
-39600
-30000
-32800
-30950
-19200
-21600
-20800
-15400
-3200
-10750
-2400
6450
7350
4700
11500
18350
15600
20400
18550
22700
21900
22100

