
Curva de Excitacao - Bobina Girante (Dados Brutos)

Arquivo..............: C:\Arq\Wiggler\Medidas Wiggler - Corretoras\Bobina Tungstenio\Gap35\Translado35_X=-7_#014.dat
Data.................: 03/02/2005
Hora.................: 09:13:34
Ganho................: 10
N. de Coletas........: 1
N. de Voltas.........: 10
Intervalo de Análise.: 4 - 8

-150
1350
-250
-2250
-450
-4100
-900
-5300
-7950
-9100
-8150
-8450
-10400
-11500
-15100
-14050
-14050
-14250
-12300
-16300
-12550
-13800
-18650
-18200
-16450
-15200
-16050
-19550
-17400
-14050
-18800
-13050
-17250
-9450
-11450
-14400
-7550
-6450
-3350
-7850
-3350
-4800
-4150
-4550
-1500
-1250
-750
-3050
-4700
-1700
-7050
-5400
-6250
-4300
-6600
-9750
-6950
-10350
-10200
-12000
-11700
-11900
-11350
-13250
-13850
-12400
-12650
-11550
-15950
-12500
-14150
-13150
-14000
-13000
-12800
-16100
-12550
-15750
-14650
-17050
-14900
-17800
-15650
-20600
-20900
-23100
-25300
-24200
-31150
-25700
-30550
-29900
-34950
-35950
-37600
-35550
-37050
-38250
-36550
-36500
-39950
-40300
-31100
-38100
-36150
-33300
-32550
-37900
-32850
-25550
-29850
-29850
-25200
-22300
-24650
-20800
-16250
-12800
-11500
-10900
-8650
-5150
-2100
-5150
-2400
2500
-350
-1500

1650
3100
-450
-50
-1050
-1350
-4600
-6950
-3450
-7600
-8200
-12650
-12000
-10950
-13500
-12650
-11800
-11900
-18000
-15400
-15050
-11450
-17800
-16000
-14600
-17450
-16050
-21350
-12350
-16550
-15350
-17900
-14700
-11650
-10300
-11400
-9250
-6200
-7400
-5400
-6400
750
-4300
-2350
-2550
-3700
-350
-5100
-1100
-2200
-4200
-6400
-5650
-4400
-6450
-9300
-9100
-6750
-9700
-11300
-14000
-9650
-11300
-14100
-12500
-13900
-9600
-15850
-13100
-13700
-12700
-13950
-13550
-12600
-13600
-14840
-14800
-12800
-17350
-12000
-17200
-17100
-18950
-19300
-19400
-23850
-22150
-25750
-27750
-29850
-29900
-32600
-32100
-35000
-33400
-35250
-40900
-38550
-37300
-35400
-38200
-36600
-33850
-40150
-37200
-31550
-32600
-34600
-33150
-28800
-29950
-29450
-25250
-22050
-21000
-17900
-20050
-14100
-12100
-10400
-8100
-2850
-3300
-7000
1100
1050
1800
-2650

3150
-200
-1250
-1950
950
0
-4650
-4550
-7850
-6000
-10900
-9050
-9750
-10800
-14500
-13650
-11200
-14850
-12750
-16450
-12050
-17050
-15800
-17400
-15350
-14450
-17800
-18250
-18500
-13550
-18450
-13400
-14950
-9850
-11800
-13250
-6150
-7750
-4300
-7050
-3200
-3850
-4350
-1000
-1900
-600
-3150
-3050
-4350
50
-5150
-5750
-4050
-4800
-4500
-13000
-6450
-8700
-7850
-13450
-10500
-10050
-12250
-12950
-13850
-10550
-14250
-12900
-14000
-12350
-15150
-12000
-13650
-14650
-11550
-15300
-11800
-16150
-13250
-15250
-17500
-16950
-16900
-17300
-21900
-22300
-24300
-24000
-28950
-27750
-30650
-30350
-30600
-38700
-33500
-37700
-35300
-38600
-37700
-38050
-39600
-34800
-33700
-35700
-38500
-29200
-37000
-33500
-33750
-26700
-27800
-29850
-24650
-24750
-18850
-21800
-16250
-13200
-10250
-15150
-8050
-1550
-4200
-2650
-1450
6300
-4650
300

1850
3950
-1500
150
200
-4200
-1950
-6200
-2950
-9400
-6450
-12550
-9950
-10450
-12800
-11050
-13500
-12150
-16350
-13900
-14600
-11250
-15800
-17450
-16750
-16300
-12950
-21150
-12750
-15700
-15050
-17700
-15850
-7500
-11800
-10500
-9750
-4150
-8450
-4350
-4100
-100
-2150
-4100
-400
-3350
150
-6750
-600
-1050
-4400
-5700
-5250
-2700
-8150
-8100
-8000
-6000
-10950
-8650
-12100
-9650
-10600
-13750
-12400
-15200
-10300
-13950
-13150
-13550
-12150
-12800
-14750
-11750
-13600
-13850
-14600
-12400
-14800
-13750
-16800
-15600
-16300
-21550
-18550
-23600
-20500
-25850
-27850
-27600
-31150
-29200
-33150
-35200
-34650
-33950
-42350
-36350
-36800
-36050
-38900
-35950
-31300
-41650
-33400
-31950
-30250
-37500
-29950
-30450
-28250
-27900
-25650
-19200
-21850
-18000
-20550
-9100
-13750
-8750
-6650
-3950
-5400
-5700
3350
700
1900
-1200

5850
-1550
1000
1200
-800
100
-4900
-3050
-7750
-4850
-8750
-8200
-10400
-9750
-12450
-15000
-10500
-13150
-12400
-17400
-11450
-13350
-16100
-14500
-15850
-12700
-18300
-17100
-17000
-12850
-16900
-14050
-13650
-11200
-9800
-12850
-4800
-7900
-2500
-7150
-3850
-1550
-3250
-350
-1800
500
-2600
-2900
-3350
350
-4350
-4300
-4000
-5900
-3350
-10700
-6400
-9800
-6650
-10350
-11250
-9300
-11650
-11300
-14150
-10950
-12450
-10850
-13650
-11050
-12450
-13250
-12050
-13000
-11800
-15550
-10450
-14450
-13100
-14900
-16150
-13500
-18400
-17100
-19600
-20800
-26000
-21500
-27550
-28200
-28450
-30650
-30250
-39450
-29450
-36400
-36600
-37250
-34750
-38650
-37800
-33550
-35700
-34750
-36550
-28500
-37550
-29750
-32300
-27200
-26050
-28150
-26200
-22850
-17850
-21650
-14650
-12550
-9500
-12400
-6150
-2150
-5150
-1350
-1250
2550
-650
2800

1750
4800
1300
-1900
200
-1850
-2000
-7400
-1700
-5900
-9000
-11350
-7950
-7050
-14100
-10450
-12450
-11700
-15250
-12950
-12050
-12050
-14000
-17600
-14400
-16100
-13900
-19850
-12350
-14500
-16600
-13300
-13300
-7850
-10250
-9200
-9150
-5750
-4600
-3750
-2950
-950
-1100
-3300
0
-1850
100
-3300
-1150
-1650
-3750
-1750
-6450
-2900
-4800
-7350
-9750
-5900
-7200
-11150
-10550
-8400
-8450
-14800
-10800
-12250
-11150
-12800
-11750
-11450
-13000
-10650
-14300
-11550
-12200
-12700
-13050
-12450
-12650
-14950
-13750
-17100
-16600
-19950
-15850
-23550
-21150
-23050
-25250
-29000
-30200
-26650
-33300
-34500
-33550
-34450
-39550
-33800
-36350
-36250
-34700
-35800
-36000
-37850
-31200
-31950
-31800
-32350
-31200
-29300
-25900
-27050
-26750
-18100
-19800
-21100
-19100
-8400
-10750
-11500
-4700
-2950
-3400
-4450
1900
1850
1700
650

3550
2650
-50
2150
-450
2000
-4650
-4700
-4250
-4200
-7000
-9350
-7550
-11000
-12350
-12650
-9950
-12500
-12400
-14000
-15000
-11600
-16350
-12750
-15900
-12250
-16550
-18400
-14250
-13300
-13400
-15550
-12350
-12600
-8450
-11800
-5000
-5450
-2900
-6200
-5750
1550
-2500
-1000
-1800
1400
-1750
-3000
50
-850
-2600
-5400
-3050
-5250
-4650
-8100
-6950
-6500
-8650
-7800
-12500
-8400
-11600
-10550
-13100
-11150
-11100
-12750
-11500
-12700
-10950
-12900
-11850
-14700
-9700
-12450
-12600
-12700
-14250
-11900
-17700
-12050
-17600
-18200
-20500
-20250
-23200
-22500
-27200
-27600
-26300
-31400
-32600
-36250
-29750
-35500
-37950
-34750
-37000
-36450
-37350
-34850
-34450
-34800
-35100
-32200
-33000
-32450
-29450
-27000
-24300
-32050
-26150
-20550
-16450
-22250
-14650
-9350
-13050
-10400
-6400
-300
-4450
-700
-50
1700
50
1750

5500
1650
2150
-800
2000
-2500
-1950
-3900
-3900
-6400
-7800
-7950
-10500
-6950
-11850
-11500
-12650
-11100
-12900
-14250
-10550
-12950
-12950
-18150
-12250
-14200
-12100
-17600
-13050
-12150
-16800
-12550
-14300
-6150
-10900
-8700
-8700
-5350
-2150
-4650
-2500
-1900
-1000
-4000
800
-1350
-250
0
-2750
250
-4650
-2100
-5550
-1750
-5750
-7850
-6050
-7000
-6450
-11200
-9100
-10550
-9050
-11850
-12150
-12450
-9850
-10350
-15200
-11200
-11650
-11250
-15300
-9950
-12250
-13600
-11200
-12850
-12000
-14550
-12200
-17450
-15900
-17900
-17550
-22200
-21600
-21550
-29750
-25850
-29200
-28900
-34200
-31950
-32050
-36800
-36750
-35050
-33700
-36450
-34500
-38750
-31850
-35100
-34650
-31050
-30600
-31250
-34600
-24600
-27100
-27750
-24800
-17300
-22000
-20500
-14650
-12100
-9850
-9500
-3250
-6950
-2500
-2400
900
2550
2750
2200

