
Curva de Excitacao - Bobina Girante (Dados Brutos)

Arquivo..............: C:\Arq\Wiggler\Medidas Wiggler - Corretoras\Bobina Tungstenio\Gap35\Translado35_X=7_#028.dat
Data.................: 03/02/2005
Hora.................: 09:37:53
Ganho................: 10
N. de Coletas........: 1
N. de Voltas.........: 10
Intervalo de Análise.: 4 - 8

-16900
-20750
-13500
-17300
-16900
-15350
-15450
-15250
-16550
-11650
-14250
-13450
-13600
-9650
-14950
-9100
-9750
-10800
-4400
-8600
-4550
-4350
950
-2450
-2700
100
4500
5600
5000
8050
5350
8200
-50
5400
5900
10400
9650
4200
7450
1900
300
-600
-2550
-1700
-4150
-8550
-10350
-11900
-14950
-19050
-20800
-24550
-21950
-26100
-22550
-28150
-28050
-30850
-30600
-30850
-30700
-27250
-34100
-29800
-38350
-29850
-31650
-29400
-33050
-30100
-31000
-30400
-27250
-31950
-21850
-21850
-14450
-26800
-12050
-14750
-14000
-13450
-10900
-7800
-9050
-3000
-11250
-5150
-7900
-4600
-10750
-3000
-4400
-11650
-5800
-8950
-5900
-12800
-8450
-12450
-12100
-17100
-16650
-21000
-21100
-18800
-25050
-20100
-28350
-24850
-25400
-26650
-28650
-27050
-23300
-26150
-27450
-25750
-22550
-26400
-21850
-23750
-22950
-18400
-21400
-18850
-20650
-17050

-19550
-17150
-17750
-14800
-16850
-15500
-13350
-16300
-13150
-17450
-12100
-12800
-13450
-11350
-11000
-8200
-12150
-8200
-5100
-6200
-6050
-2300
-2000
-1900
950
2900
5000
500
5900
4100
7650
9950
4250
9000
6450
7850
3450
5200
6450
5400
1400
-100
-750
-4850
-1500
-10750
-9700
-15350
-12100
-18150
-19800
-19400
-25000
-23500
-30600
-24400
-30000
-26650
-31100
-27600
-33500
-32600
-29550
-31350
-30000
-35350
-29200
-35450
-29300
-32400
-27750
-26650
-28250
-28450
-25250
-20700
-22800
-16450
-16800
-13400
-15600
-8650
-10200
-10650
-4950
-8700
-9150
-5800
-2950
-7900
-7950
-4450
-5850
-9300
-5600
-6200
-10700
-9050
-11850
-11800
-12550
-15500
-15850
-18400
-20000
-24450
-21800
-21250
-27150
-28600
-23200
-25300
-29900
-26950
-26350
-23550
-29150
-24200
-24400
-21600
-22950
-26050
-19350
-19500
-20900
-23450
-15550
-18250

-19350
-18550
-13750
-14550
-20500
-13100
-15800
-14250
-16100
-13300
-12000
-13850
-13600
-12500
-8500
-12000
-8400
-9150
-5150
-8250
-5150
500
-3250
50
-2500
3900
1400
4600
5650
5450
6150
5600
8100
5600
10000
5900
7550
1350
6200
4950
3600
1000
-4000
450
-7100
-7700
-11000
-9500
-15550
-17650
-21800
-20900
-21950
-24300
-25650
-28050
-28650
-31150
-27650
-29450
-30650
-32550
-30900
-32000
-31600
-32900
-29050
-31400
-31000
-33550
-29850
-27550
-28450
-24900
-24300
-23300
-22200
-14950
-17900
-13550
-12700
-8800
-14550
-7650
-3950
-9200
-7550
-4600
-3700
-11050
-3750
-5950
-4200
-9450
-6600
-8900
-7450
-6350
-14250
-8750
-14100
-14400
-19200
-15950
-22150
-21950
-21000
-23050
-26450
-27550
-20450
-28900
-26800
-29350
-23100
-25450
-26900
-24300
-24050
-21200
-25900
-23500
-21500
-17050
-24200
-19450
-17400
-17800

-18000
-18950
-13900
-17600
-15600
-15300
-13800
-16350
-12600
-14800
-12900
-11550
-15000
-9500
-12800
-8950
-10200
-7350
-5050
-6800
-3750
-5000
-600
-550
1850
500
5950
2250
5000
5350
7200
10750
4000
7500
6800
8650
7700
3800
6400
3550
2450
300
-1500
800
-4100
-8300
-12750
-12600
-14450
-15200
-19900
-20200
-25000
-25150
-24500
-29000
-24650
-30300
-25850
-34300
-29550
-30250
-29200
-31050
-31500
-31650
-34250
-28500
-32850
-28450
-32000
-25800
-30750
-24600
-23100
-22250
-17650
-20850
-15000
-17500
-8800
-13300
-8100
-7450
-6550
-9400
-8350
-2550
-8900
-2800
-7900
-5550
-6050
-4950
-6150
-8400
-5900
-9850
-11750
-11500
-11150
-17600
-14200
-18400
-20350
-20500
-22000
-21750
-28450
-24400
-25150
-25500
-27100
-25650
-23650
-25500
-25750
-26700
-21850
-24100
-22200
-24350
-20150
-19950
-20200
-18000
-19650
-16050

-18500
-17900
-17800
-13900
-17800
-15450
-14100
-12950
-13350
-16650
-9700
-13750
-12300
-11800
-8800
-8650
-10950
-8050
-5850
-3000
-6500
-1500
-1450
600
150
1800
7900
2150
6500
3200
8350
6750
7650
8500
7200
10600
3850
6200
4100
8750
1250
3100
-2550
-2150
-3500
-8000
-6800
-15250
-10350
-19800
-18300
-21300
-20000
-23200
-26850
-27750
-28750
-28300
-29000
-26500
-31300
-30300
-33650
-28800
-30850
-32150
-29400
-30700
-33700
-32250
-27600
-27350
-25800
-25350
-24950
-24500
-18400
-17000
-16400
-13150
-12450
-11350
-10650
-7050
-5900
-6300
-5750
-7500
-6700
-4650
-6600
-5600
-3650
-6650
-8200
-5050
-7000
-9600
-11950
-7850
-13900
-17450
-14300
-17950
-19300
-22400
-20200
-24000
-23450
-25100
-23850
-26600
-26150
-24800
-26200
-23550
-27800
-23250
-24000
-22450
-22350
-21700
-20300
-20350
-18950
-21100
-16550
-17550

-17050
-18600
-13450
-14300
-18650
-13000
-14250
-12950
-17350
-11450
-11400
-11750
-14050
-10600
-7600
-10800
-6850
-9750
-3100
-7250
-4000
-2700
-900
1800
500
4600
2100
5500
5600
8150
5800
9100
7350
7250
8200
8650
10150
2500
7000
4700
3950
950
250
1400
-5500
-8800
-11000
-10700
-12200
-15350
-19600
-20400
-23750
-25650
-24350
-24700
-25250
-30100
-29800
-28200
-30600
-28050
-30450
-29000
-34550
-33150
-29400
-30600
-29150
-29350
-26350
-33100
-25950
-25000
-21100
-22650
-18200
-18600
-16800
-11000
-13950
-7550
-11000
-6250
-9750
-5150
-7500
-4150
-2900
-5200
-6950
-6900
-1250
-11000
-5100
-6000
-5550
-12350
-11400
-6350
-12900
-15700
-17500
-15250
-20150
-20100
-24700
-20950
-23150
-26600
-23300
-26550
-24650
-28450
-22400
-24400
-26050
-25600
-20800
-21250
-24050
-21500
-20000
-17500
-23050
-18600
-17000
-16200

-18050
-17500
-12950
-17250
-15200
-14250
-11550
-16900
-12700
-12050
-11450
-12850
-13100
-7600
-11700
-8750
-9200
-7050
-5400
-3950
-3450
-3200
-350
-150
1150
2350
6050
4100
6200
6350
5550
12950
5950
9200
6400
9400
7400
4400
9650
5450
5600
-2450
400
-2650
-1250
-8000
-7550
-10850
-16950
-15000
-19650
-16350
-23950
-22000
-27550
-27850
-27400
-26200
-25200
-30650
-28800
-32950
-28650
-32250
-27800
-30650
-30350
-32550
-32400
-27950
-30050
-23700
-26950
-25300
-26400
-19750
-18600
-18000
-15150
-13550
-11650
-11100
-7750
-8550
-4500
-6200
-6500
-5300
-6000
-4050
-7600
-2500
-5950
-6150
-6850
-5100
-7300
-8350
-10000
-12450
-12300
-16300
-13650
-18150
-18100
-21000
-21950
-20400
-26750
-24900
-24800
-24400
-27900
-25000
-23800
-24600
-24900
-24200
-22300
-23900
-20400
-23500
-19900
-19550
-18700
-18750
-18000
-15750

-17900
-15000
-16450
-13050
-16500
-13550
-14700
-14200
-12200
-14700
-9300
-12550
-11700
-12700
-7600
-7700
-9600
-8000
-5750
-3650
-6900
200
-1300
2300
-1100
2950
6250
4700
8800
4500
9650
6500
7200
7000
11800
10100
6000
6050
5400
5600
2800
4800
-600
-250
-5550
-8150
-8800
-10550
-9900
-17550
-20400
-23500
-20100
-22200
-23400
-25050
-28050
-29750
-30350
-28150
-29350
-27950
-29700
-30100
-32600
-31600
-28850
-28550
-29600
-32250
-30300
-26400
-26700
-23300
-22900
-19700
-21150
-18000
-15850
-12650
-10850
-8450
-9150
-10300
-3900
-7050
-4200
-6200
-2800
-6650
-6250
-4650
-4000
-5700
-7600
-5600
-8250
-6200
-12900
-8250
-11850
-14550
-15800
-17500
-18150
-22600
-20450
-22650
-23150
-26150
-21250
-26400
-24950
-25050
-24700
-22850
-26400
-23100
-24300
-20150
-22600
-22200
-20100
-17450
-18900
-21000
-14950
-17250

