
Curva de Excitacao - Bobina Girante (Dados Brutos)

Arquivo..............: C:\Arq\Wiggler\Medidas Wiggler - Corretoras\Bobina Tungstenio\Gap35\Translado35_X=5_#026.dat
Data.................: 03/02/2005
Hora.................: 09:34:31
Ganho................: 10
N. de Coletas........: 1
N. de Voltas.........: 10
Intervalo de Análise.: 4 - 8

-19100
-17400
-15650
-16500
-17900
-14700
-17400
-13950
-18750
-15100
-14400
-14550
-15000
-11550
-13900
-16000
-13350
-12200
-8900
-13600
-4750
-4600
-7950
-6150
-6050
-1400
450
2450
1800
3200
3250
4200
3200
4800
7200
4250
5800
3400
7150
3600
2850
1200
-3550
-850
-5550
-3150
-3700
-8900
-11950
-17150
-16250
-20050
-16350
-21800
-18050
-26600
-26800
-28450
-25800
-24350
-31150
-25100
-33300
-29450
-34950
-25150
-28650
-26050
-29850
-30500
-25450
-26250
-22450
-28650
-15550
-23450
-15800
-19300
-11250
-15350
-13100
-9400
-14650
-9850
-8800
-5350
-12650
-3550
-9050
-9950
-7400
-4750
-7950
-14750
-5650
-13650
-12500
-15250
-11550
-17950
-18550
-19450
-23750
-102000
-28800
-25200
-28850
-25600
-31400
-28000
-27750
-31150
-29300
-31050
-25450
-27800
-27600
-26700
-22950
-25600
-26050
-20700
-21150
-20450
-24800
-15500
-19250
-20000

-19100
-15850
-15100
-18300
-16700
-16250
-12400
-18700
-13350
-14750
-12950
-15900
-16400
-10950
-15550
-11850
-11900
-9400
-11950
-10750
-8750
-7550
-4050
-4650
-2400
-3250
2150
-2200
1350
4250
6050
6000
850
8300
3700
6800
5450
2950
5400
4200
2450
-750
4850
-850
-3800
-9400
-5200
-11400
-9550
-10550
-15050
-16100
-24500
-19250
-23850
-21000
-26100
-24200
-28050
-29100
-30050
-27450
-25500
-30400
-27800
-33450
-28400
-30600
-25250
-28450
-24800
-24400
-27050
-23100
-22050
-18950
-18000
-13750
-19150
-14100
-11050
-10550
-13000
-8150
-5950
-13150
-8550
-4500
-7850
-9100
-6300
-5900
-10300
-10600
-7350
-11100
-14050
-11800
-16200
-16150
-18650
-22300
-20850
-25350
-25500
-27800
-27550
-26950
-30550
-29400
-27150
-29350
-32600
-26500
-27450
-26350
-32650
-23200
-23750
-25400
-23900
-22500
-20150
-23950
-20400
-19200
-16850
-20500

-17100
-16750
-16400
-15750
-19250
-11900
-16150
-16500
-15450
-12950
-15200
-15700
-12450
-13900
-13800
-14100
-10600
-13400
-8100
-8950
-8500
-6300
-7000
-2250
-6950
1850
1450
-100
0
4700
5950
3000
6100
6300
8300
1500
6400
3150
8250
4650
1600
2750
-2350
1450
-5200
-2700
-8150
-7600
-14000
-12800
-16300
-16550
-17700
-20000
-21650
-28250
-25350
-24950
-24450
-28700
-27200
-28600
-30950
-29550
-27700
-29600
-27750
-27850
-28850
-30300
-24950
-23550
-24750
-22400
-22450
-21000
-18200
-16100
-16050
-10350
-12400
-12250
-13150
-6400
-8600
-10200
-6400
-6750
-7750
-9200
-5350
-9000
-6650
-10100
-7400
-12200
-12250
-12100
-17350
-14350
-20850
-19300
-23350
-22200
-28050
-25750
-26550
-27000
-31000
-29950
-23900
-32950
-30000
-29300
-23150
-30550
-29200
-23600
-24300
-25500
-24550
-20250
-22850
-19050
-21950
-18550
-20050
-17350

-17350
-18250
-13800
-17450
-16000
-15850
-14650
-17900
-15000
-14500
-14500
-13050
-15850
-11000
-14500
-10700
-13900
-10400
-9150
-10400
-9350
-6150
-1900
-6550
-4200
-1450
2850
-1700
3900
5500
4300
5850
1850
7600
5650
8350
5300
4150
5600
3650
3000
3150
2150
-1800
-2600
-6150
-7900
-8400
-8300
-11450
-17250
-17350
-21400
-20450
-21000
-23400
-23650
-28550
-25300
-29350
-27200
-28700
-25850
-28450
-31150
-31400
-27350
-26300
-30850
-25050
-27250
-25100
-27200
-20750
-20550
-20700
-14850
-19300
-14150
-14800
-9650
-14150
-7250
-10450
-8450
-10550
-6550
-5450
-9400
-3400
-10050
-4750
-9600
-7750
-11000
-8350
-11450
-14000
-15400
-15800
-17450
-24200
-18600
-25750
-25550
-27300
-26600
-26900
-31100
-26500
-28100
-29650
-30350
-25800
-28050
-26850
-28350
-24950
-24200
-25150
-21700
-24100
-19750
-21050
-20250
-20100
-16100
-16800

-19700
-15300
-16650
-15550
-19350
-12250
-15700
-15950
-15050
-14500
-12600
-16500
-12950
-13600
-10750
-14650
-11450
-10350
-7250
-10000
-8950
-3750
-6900
-3700
-2900
300
600
-1100
3450
2700
6600
6100
5550
4900
7600
6250
4500
4900
6650
7900
-1500
3100
-2200
2350
-3300
-4900
-4100
-10300
-10500
-14800
-12700
-17950
-16650
-23150
-20350
-24800
-24700
-23200
-25750
-24900
-32100
-28050
-30200
-25900
-31100
-27450
-26800
-30650
-27850
-26950
-23250
-26700
-19150
-24500
-21650
-20850
-13550
-17850
-15600
-10550
-14000
-10600
-11400
-5750
-10350
-6700
-6950
-6900
-6800
-8600
-5850
-7200
-4350
-13000
-6250
-9700
-11050
-13350
-16400
-12650
-20550
-19700
-21500
-23050
-28150
-23900
-24950
-27950
-29700
-28900
-25300
-33500
-27900
-27750
-24000
-28250
-29150
-23100
-23400
-22500
-26350
-20700
-20950
-18850
-23500
-15800
-15700
-19950

-16850
-15850
-13550
-20200
-14550
-13950
-15000
-16400
-13200
-12650
-15350
-13050
-14600
-11250
-13450
-11000
-12000
-11000
-8750
-10450
-5350
-5850
-3000
-5400
-1600
-2150
2900
3000
2000
6300
3550
6900
1550
10050
7200
6900
4950
2950
8900
3550
5550
1000
2150
-1250
-1600
-6450
-5700
-5500
-11200
-11250
-17100
-13800
-20950
-17550
-20400
-23650
-24500
-26300
-24650
-28100
-26600
-26850
-25700
-32000
-28850
-28050
-26150
-26600
-27150
-26150
-27600
-23450
-23750
-21100
-21100
-15950
-17650
-18850
-12600
-10900
-12150
-11550
-7800
-9050
-8900
-7850
-7300
-3900
-7500
-6350
-8850
-4400
-7400
-10200
-7550
-9750
-10850
-14850
-14550
-15800
-16800
-23050
-18150
-24800
-24400
-24950
-26200
-28000
-30850
-25000
-27750
-28300
-31050
-26450
-26450
-27100
-26800
-25400
-21800
-25450
-23450
-23050
-17100
-21800
-20050
-15900
-17600
-19000

-18100
-13050
-17700
-15050
-15550
-11750
-15950
-14900
-12700
-15050
-10450
-15800
-13700
-14300
-10150
-13250
-11900
-8750
-9000
-8250
-9950
-3100
-6900
-650
-3650
50
1150
500
3450
3350
9100
5000
4800
6200
9300
5950
6500
6300
6150
5100
1100
2500
1050
1900
-1800
-3850
-7150
-9350
-8400
-12150
-13500
-16350
-17100
-20950
-21800
-23250
-22600
-23550
-26200
-27400
-29350
-26250
-27650
-26900
-27100
-30150
-27500
-28750
-25400
-27750
-23450
-22050
-24100
-23750
-20000
-16600
-19000
-13650
-14450
-11850
-13700
-8350
-9600
-9600
-6200
-8200
-5950
-7100
-5850
-8450
-5250
-5550
-6550
-10700
-6950
-7900
-13900
-11050
-15750
-12600
-21800
-19500
-20050
-21950
-26100
-23550
-24650
-29500
-27600
-28950
-24400
-32650
-27150
-28000
-24650
-27000
-28100
-22500
-24300
-23650
-24550
-18600
-21300
-19700
-19850
-17850
-16350
-18050

-13900
-18550
-14350
-15900
-15150
-15350
-13000
-14000
-16600
-12050
-12800
-12600
-16800
-8850
-12000
-11750
-12150
-10000
-6600
-10950
-5850
-6200
-3650
-4900
-2900
1050
2950
1600
1850
5500
4000
8900
4450
9050
8900
7150
6400
3200
9600
5850
4250
850
3100
250
-2700
-2800
-5450
-6750
-9950
-11000
-17550
-16050
-16400
-18400
-20700
-24400
-22400
-28100
-23300
-25950
-26500
-28100
-28100
-27550
-30100
-26200
-27400
-23400
-30600
-26600
-26250
-21850
-23600
-20900
-18350
-19700
-15250
-17300
-11400
-15400
-7000
-11050
-10450
-8900
-6200
-6400
-8550
-2800
-8000
-6250
-8700
-2550
-7850
-10650
-6150
-9700
-11450
-14350
-12750
-16450
-17550
-20450
-18700
-23850
-25950
-23650
-27250
-25650
-31150
-25650
-27050
-28500
-30200
-26900
-23900
-27500
-26500
-25600
-21000
-25000
-21600
-22800
-19400
-19450
-18900
-17000
-18150
-15600

