
Curva de Excitacao - Bobina Girante (Dados Brutos)

Arquivo..............: C:\Arq\Wiggler\Medidas Wiggler - Corretoras\Bobina Tungstenio\Gap35\Translado35_X=10_#003.dat
Data.................: 03/02/2005
Hora.................: 09:55:59
Ganho................: 10
N. de Coletas........: 1
N. de Voltas.........: 10
Intervalo de Análise.: 4 - 8

-15650
-19850
-13450
-16700
-17600
-14250
-16500
-13050
-14750
-11700
-11650
-10450
-10600
-7250
-7550
-9250
-6800
-6000
700
-4500
300
2750
3400
-450
-400
6100
6500
10350
8800
8850
6850
7650
7250
6000
10950
10300
8150
2550
6200
2550
-1700
-3350
-13250
-6700
-13000
-15150
-16050
-21250
-25850
-32300
-29700
-31200
-26200
-30500
-27950
-35650
-34100
-35800
-31700
-28050
-34450
-30000
-38750
-35650
-41700
-28900
-33850
-34500
-40000
-40300
-39100
-38550
-35000
-40800
-28100
-32500
-27950
-30950
-19050
-21250
-17450
-13150
-18200
-6950
-2900
800
-11850
250
-3500
-6150
-4850
2700
-2950
-9950
-950
-9650
-5400
-5400
-4350
-9500
-6000
-10550
-14600
-12700
-13450
-13500
-18300
-13600
-21300
-20900
-18800
-21450
-23800
-24500
-19300
-23700
-24300
-23850
-20700
-22850
-23150
-22950
-21000
-17850
-22550
-18650
-17300
-18700

-19150
-18050
-14950
-16550
-16050
-14100
-12700
-15600
-12400
-12600
-10550
-10100
-11550
-7800
-9700
-5750
-5950
-3100
-3700
-3550
-150
850
4350
4200
4900
3250
7800
3550
7400
9350
9800
13650
4900
10600
6800
9750
8450
4350
3900
2450
-150
-6400
-2450
-8100
-11450
-23750
-18150
-24000
-22600
-23350
-27500
-29600
-35800
-30550
-33150
-28500
-32100
-29850
-35800
-34200
-34150
-31050
-31350
-34500
-34550
-39900
-37350
-37700
-34100
-38300
-37150
-36950
-38850
-35550
-30950
-30400
-29050
-25600
-25900
-21950
-14600
-9500
-13950
-7550
-5900
-9750
-4650
3000
-2400
-3100
-1700
-3350
-6350
-5250
-1100
-6200
-4400
-5950
-9800
-6550
-4350
-12550
-9300
-11100
-13050
-17800
-15850
-13800
-21500
-19800
-19350
-20950
-24550
-22100
-22050
-21850
-25950
-23600
-20600
-22600
-20050
-24000
-19750
-20500
-21800
-20850
-17350
-17950

-17850
-16400
-17850
-14100
-17300
-14100
-14950
-11550
-13500
-13100
-10300
-11850
-7650
-9650
-5850
-7200
-5700
-7200
-500
-250
-1550
1500
700
4150
550
8100
8700
7100
6750
7100
10400
8400
10350
8450
10800
7200
6800
2800
7300
5500
-600
-3900
-9000
-8950
-13050
-14150
-19150
-22350
-23600
-29000
-30650
-26450
-27100
-30250
-35300
-32200
-33850
-31400
-30050
-29800
-34650
-34900
-36500
-33600
-31900
-37150
-32750
-39550
-39600
-42550
-35000
-34500
-35700
-33650
-36600
-34750
-30300
-21000
-25650
-16600
-18100
-15250
-13650
-5000
-4800
-6950
250
-4700
-3500
-3300
2350
-6950
0
-5100
-6600
-6550
-3450
-3200
-11450
-2800
-10850
-10050
-10250
-8400
-15650
-15550
-12750
-18700
-18850
-21600
-15200
-24550
-20650
-24400
-22100
-22050
-23800
-22300
-23200
-18450
-24300
-21250
-22100
-16950
-22350
-18950
-18750
-17950

-17550
-19100
-13900
-16350
-15300
-16050
-11800
-13900
-13950
-10800
-9900
-10250
-12650
-7750
-8500
-4500
-5650
-4100
-700
-4050
-800
850
3900
3200
4350
5250
7450
5850
7950
10450
8800
10250
5350
8950
10100
10800
9650
2350
4900
550
-150
-2650
-4250
-6400
-14800
-16550
-21900
-19100
-23250
-22450
-32550
-30200
-31650
-30250
-28350
-30950
-29250
-37300
-30850
-34600
-28850
-33500
-31000
-34000
-39100
-35450
-34700
-32750
-40100
-34200
-41050
-38900
-37850
-29450
-30550
-32400
-27450
-31750
-24300
-18900
-11100
-16850
-7850
-8800
-9100
-5200
-100
-1450
-2750
400
-7650
-2250
-700
-3700
-5850
-1700
-4450
-11250
-6250
-4350
-7200
-14100
-6350
-12050
-15150
-13600
-14650
-15700
-20450
-19700
-20800
-19850
-21700
-22250
-21300
-20900
-24450
-25000
-19600
-22250
-20800
-22650
-18700
-19600
-22150
-17500
-18300
-16300

-19050
-16050
-16000
-15000
-17050
-12050
-11900
-14300
-11550
-13700
-7950
-12000
-9650
-6950
-7950
-4900
-7000
-2350
-1550
-750
-1550
2450
550
3100
5950
6800
9850
3800
9150
5250
11850
11050
9600
8550
8950
10650
6800
6500
4950
6450
-3950
-3350
-8800
-4950
-9000
-18250
-18300
-24250
-23200
-28850
-23850
-27550
-29650
-33050
-31600
-32600
-30700
-27800
-30900
-31900
-36650
-33000
-32950
-31400
-33800
-33750
-38200
-39950
-38500
-34700
-34650
-35550
-34150
-37500
-36950
-28900
-23700
-27900
-22750
-19650
-20150
-14050
-5600
-7850
-5100
-3700
-5600
-5450
800
-350
-4450
-550
-1800
-7250
-5200
400
-5950
-7100
-6700
-4800
-10750
-9150
-5450
-12700
-11850
-15700
-14800
-17000
-17250
-21550
-17300
-20100
-24250
-22150
-21400
-18850
-26500
-20650
-21000
-20950
-23400
-20500
-18700
-20900
-18800
-20500
-16500
-18750

-15650
-17150
-14700
-14200
-15050
-12350
-15750
-10500
-13900
-10450
-11200
-9650
-10900
-6850
-6200
-5300
-3950
-6200
50
-2600
1500
950
4500
4450
2700
6650
6950
10000
8050
9250
9050
11150
6550
11200
13450
9500
7950
3900
5200
2850
3000
-800
-6750
-7750
-13300
-14450
-18750
-18600
-21650
-27650
-28800
-29550
-27300
-29200
-29200
-31600
-31650
-33150
-31400
-29400
-31050
-31350
-35650
-33650
-36600
-31650
-34900
-34600
-36450
-41450
-37800
-34500
-31000
-35800
-31100
-33500
-29900
-28350
-17900
-16050
-16150
-9300
-14400
-8850
-6900
-200
-5250
1500
-1650
-3300
-3500
100
1500
-7300
-50
-7150
-4550
-6050
-5550
-6850
-7150
-5950
-11150
-11200
-14400
-11500
-17400
-13700
-20400
-17550
-16500
-21750
-21250
-23600
-18050
-24150
-21550
-23300
-18800
-21650
-20650
-21500
-21500
-16900
-19750
-16250
-19650
-15200

-17950
-17500
-15400
-13950
-13250
-14650
-11800
-13850
-10350
-13850
-7500
-8650
-10600
-6650
-6700
-5200
-6900
-2200
-450
-900
-800
2250
3650
4400
5600
6250
8600
5650
9250
9150
11050
14000
5650
11000
8800
12400
7650
5850
6750
2550
-50
-4250
-3800
-7000
-7450
-19000
-18200
-22850
-21150
-23200
-28550
-26950
-32800
-28850
-34200
-27650
-29700
-29850
-32700
-32400
-31850
-34250
-28250
-32100
-33550
-40250
-35000
-35950
-34350
-36600
-36050
-34450
-40100
-33900
-30850
-26350
-28950
-23450
-25150
-22450
-14400
-9800
-9200
-7900
-2600
-8200
-4050
-250
1150
-2100
-2650
550
-5300
-3800
-2650
-750
-5700
-3950
-9900
-6850
-4600
-10500
-8300
-10900
-11350
-16100
-13650
-15850
-18250
-20150
-17650
-20750
-23300
-21050
-20250
-19900
-25250
-21400
-18900
-21550
-19850
-23350
-17350
-19500
-18900
-21250
-16100
-15850

-16650
-15700
-14850
-12850
-18100
-12050
-13450
-11900
-13100
-10800
-8650
-10950
-8700
-6900
-5350
-6350
-5000
-3950
-1050
-400
350
5000
650
5700
2350
8800
9100
9250
8650
8550
10200
9600
13100
10100
11500
7000
8950
3300
6350
8400
850
-3050
-9900
-5450
-11800
-13450
-17050
-20150
-23700
-29650
-26450
-27450
-26300
-30050
-29550
-33400
-30950
-30500
-28150
-29450
-32600
-33800
-35800
-31300
-34350
-31750
-33850
-36150
-39650
-38450
-34100
-34800
-33650
-32550
-34950
-33200
-26800
-21650
-22750
-17800
-14950
-14950
-13250
-4200
-2050
-5250
-1300
-2700
-650
-3700
950
-1550
-650
-4550
-3350
-6200
-2600
-1400
-8450
-3100
-8500
-9400
-10400
-8550
-13050
-14000
-13850
-15850
-18600
-20400
-15450
-21750
-19750
-24450
-18050
-21850
-22900
-21500
-20600
-19000
-22800
-19950
-20800
-16750
-20000
-17300
-17150
-17650

