
Curva de Excitacao - Bobina Girante (Dados Brutos)

Arquivo..............: C:\Arq\Wiggler\Medidas Wiggler - Corretoras\Bobina Tungstenio\Gap35\Translado35_X=-14_#007.dat
Data.................: 03/02/2005
Hora.................: 08:59:55
Ganho................: 10
N. de Coletas........: 1
N. de Voltas.........: 10
Intervalo de Análise.: 4 - 8

23000
34800
29550
102000
19700
22750
14600
9950
9900
5050
5250
-6100
-7000
-12800
-19250
-28100
-24400
-25400
-28450
-26650
-27500
-28300
-36450
-23950
-29050
-20500
-18050
-20100
-13050
-18050
-17700
-17000
-12450
-17000
-13900
-21100
-13950
-15200
-16550
-12550
-17850
-11700
-18700
-14800
-11550
-8200
-11300
-10600
-9350
-12400
-10350
-10100
-9500
-9100
-5100
-12200
-10850
-8500
-10600
-11350
-14800
-8600
-13800
-13200
-11000
-13150
-15300
-15150
-15200
-17600
-15300
-17600
-15050
-18150
-18700
-26900
-22200
-17900
-26650
-24850
-25050
-26600
-32450
-30650
-29050
-39250
-32550
-31750
-39250
-39900
-30500
-35750
-43700
-39100
-41850
-43700
-42000
-35350
-48800
-45750
-41750
-53950
-49800
-37000
-41650
-49350
-32050
-37650
-40150
-28500
-13300
-24100
-14050
-2200
-9050
-6900
7750
14950
4700
21550
23800
22400
22850
28650
25400
30900
34850
28050

32050
29800
30000
21650
26950
21850
16000
14200
10150
6200
-3450
-3950
-9300
-8550
-22050
-19900
-20350
-28300
-31500
-33600
-25150
-31800
-25050
-25650
-21850
-26300
-20350
-20700
-16150
-10950
-19100
-13800
-17500
-13000
-18100
-15300
-13350
-16800
-15400
-19550
-13250
-12250
-13000
-15500
-9500
-12750
-12300
-11450
-8600
-5750
-11450
-9050
-11600
-7750
-7200
-12550
-7250
-7850
-10600
-15500
-9650
-9200
-13150
-14600
-11350
-13200
-16250
-12500
-15550
-14300
-17250
-17350
-19950
-19400
-16350
-23150
-19300
-24150
-25550
-27750
-23800
-26800
-30650
-28250
-31800
-37000
-36150
-27350
-41250
-35100
-34050
-40750
-41450
-37250
-32950
-47350
-37800
-45200
-48300
-45950
-39150
-49250
-46450
-38900
-51700
-43800
-35950
-31800
-41250
-21050
-20550
-27050
-15750
-850
-4950
-5800
13350
7450
10500
14800
24200
19700
26400
29200
27050
32300
30550
29700

29000
33300
25600
27900
23850
20550
15900
14100
12850
1050
3100
-5650
-6100
-14750
-18800
-21500
-22300
-27350
-30750
-25050
-31250
-28300
-32050
-25200
-25900
-19100
-17700
-23100
-15300
-15950
-17550
-16150
-12050
-12450
-17750
-18650
-16550
-14250
-15700
-15250
-16500
-12500
-16850
-15700
-8500
-10600
-10850
-14000
-7600
-9300
-10750
-9250
-6100
-7600
-10850
-11900
-9450
-7250
-11800
-10550
-10600
-10300
-13750
-14050
-10350
-14300
-12550
-16450
-14950
-16750
-14900
-16100
-19100
-15950
-21000
-21950
-22150
-19500
-26000
-24750
-26350
-29050
-29350
-30850
-27750
-37000
-30000
-36250
-38950
-36750
-32200
-38050
-38950
-36700
-45100
-42150
-41800
-36100
-49400
-37950
-48100
-52900
-44200
-41000
-44500
-43550
-32150
-43350
-35050
-22700
-19300
-26850
-8800
-2250
-11550
-600
8150
12050
8550
20700
19550
21900
27700
26450
28650
30900
34550
27050

31700
30250
27750
26250
24750
21500
16650
16450
8200
6550
150
-4200
-10000
-11900
-17650
-21050
-19300
-27750
-30550
-31550
-26850
-27950
-27100
-25300
-25200
-21150
-22100
-18300
-14200
-12250
-17750
-16400
-15050
-14700
-13500
-18250
-13200
-16050
-15800
-19500
-14250
-9050
-15150
-12350
-13350
-10900
-13300
-10000
-9550
-5950
-9700
-10350
-9400
-8900
-6400
-12050
-7400
-9150
-10300
-11400
-11600
-8600
-12250
-11550
-15150
-12150
-14000
-13450
-16300
-12950
-15000
-20050
-16450
-18050
-16600
-25200
-17300
-24500
-25750
-24400
-24250
-25850
-31000
-28050
-33650
-33600
-33800
-29550
-39600
-33550
-36300
-41800
-36700
-39050
-35500
-42750
-37800
-49450
-45700
-40650
-43350
-48000
-41000
-42750
-53350
-38900
-34300
-35350
-35450
-21650
-24100
-25450
-9150
-6250
-6150
0
10500
5300
12300
17800
19700
23700
27900
28400
26550
35000
30900
28600

31250
33350
27600
25650
25600
20900
17900
12400
12600
4350
200
-4650
-6450
-11500
-20750
-19750
-23300
-25800
-29950
-27500
-27850
-30050
-29850
-28400
-20750
-21200
-19450
-20450
-14800
-16000
-17950
-11050
-14650
-11100
-18050
-16800
-16550
-12900
-14600
-16050
-13700
-13750
-14550
-15650
-7150
-11250
-9550
-12950
-8750
-7500
-10200
-5900
-10200
-5050
-10550
-11800
-9900
-6300
-8800
-12350
-9000
-11250
-11350
-15050
-10200
-12850
-12900
-15200
-15750
-13600
-17150
-15300
-18600
-15550
-20900
-20900
-19500
-21450
-25100
-24950
-24950
-30200
-27700
-29550
-27850
-36400
-30850
-34400
-38100
-34900
-35700
-36150
-37400
-39150
-43500
-39700
-39750
-39400
-43950
-41300
-47850
-50900
-40300
-44050
-43850
-37550
-35750
-42250
-33600
-20900
-23400
-20950
-11000
-4900
-8450
800
6800
11200
14800
18500
20300
23800
28500
24250
30900
34700
31700
29000

33250
31900
25550
27050
24800
23700
15450
15550
10900
4500
950
-3900
-4600
-15600
-16750
-19950
-20000
-29250
-28450
-27550
-29300
-26000
-27700
-24550
-26350
-19250
-21600
-18550
-11900
-12650
-16050
-18450
-13900
-14950
-12400
-16750
-12900
-15150
-16850
-15850
-15650
-7700
-14600
-12150
-13700
-9850
-11950
-9900
-6200
-7650
-10100
-10900
-5950
-7450
-7650
-11650
-7050
-8450
-11350
-9550
-11450
-7200
-13450
-11100
-12750
-12650
-11600
-15200
-13250
-15650
-15250
-18050
-15900
-18850
-15800
-19900
-19950
-22600
-24550
-21100
-27850
-25850
-28450
-29800
-32250
-31650
-30450
-34150
-33800
-35650
-37100
-41400
-34300
-39650
-36750
-38000
-42050
-45200
-44800
-38400
-47150
-42950
-41900
-48450
-49450
-35350
-35550
-38700
-29550
-23900
-23300
-23550
-8500
-7600
-4000
2600
5700
10550
13300
18000
18450
27300
25300
26400
30900
35050
29500
29750

34800
29600
29800
26850
25900
20200
19100
14550
10750
7150
100
-2000
-8550
-11200
-18750
-18800
-23400
-25300
-25400
-29400
-25800
-30550
-26950
-29250
-19750
-19750
-18800
-20850
-15700
-13050
-17350
-11850
-14700
-11150
-18350
-17750
-13200
-14800
-11850
-17000
-14100
-13600
-13000
-12550
-9200
-8700
-10100
-11100
-9850
-5100
-10800
-6850
-7000
-5950
-9750
-10350
-6750
-9150
-7800
-10900
-8900
-11850
-9200
-11850
-12550
-10600
-11950
-14200
-17650
-12050
-16500
-14750
-17350
-16400
-18100
-22100
-17500
-23500
-21450
-24350
-27350
-28500
-26850
-29250
-30500
-30150
-34550
-33800
-36950
-31500
-38800
-34400
-35650
-42100
-40200
-37750
-37450
-45850
-38700
-43050
-48600
-48350
-39500
-45400
-45050
-34050
-40100
-38800
-32200
-20850
-25350
-18100
-10550
-9200
-5100
2050
6950
8400
20200
16300
20200
24450
29400
25850
30100
36550
29100
31450

32000
31900
26900
28450
24700
22200
18550
13650
12750
4350
3450
-6550
-4800
-12800
-16650
-21800
-21200
-24600
-30400
-28400
-27900
-23550
-29800
-24850
-22750
-20800
-19150
-20250
-9500
-14600
-14800
-17000
-13150
-12300
-14150
-15300
-13850
-12900
-19000
-14750
-15050
-9700
-14500
-11700
-10100
-11800
-7600
-10950
-7600
-7550
-8350
-9700
-8000
-5250
-7250
-7800
-9350
-7150
-10600
-9350
-11000
-8300
-9800
-12400
-11850
-13750
-9900
-16000
-12550
-14350
-15950
-18050
-15300
-16550
-18300
-19600
-19750
-21200
-25900
-20650
-26450
-26250
-26850
-30600
-30050
-34000
-29850
-32150
-34400
-36900
-37650
-36000
-35200
-39750
-37900
-34350
-44150
-44150
-42650
-38600
-47950
-43250
-41250
-49100
-45000
-38900
-35850
-37300
-26700
-26950
-24200
-19350
-10050
-7550
-2250
3550
2450
13600
13900
16000
19400
30050
27650
23950
31350
33350
32400
28700

