
Curva de Excitacao - Bobina Girante (Dados Brutos)

Arquivo..............: C:\Arq\Wiggler\Medidas Wiggler - Corretoras\Bobina Tungstenio\Gap42\Translado42_X=11_#032.dat
Data.................: 02/02/2005
Hora.................: 10:52:30
Ganho................: 20
N. de Coletas........: 1
N. de Voltas.........: 10
Intervalo de Análise.: 4 - 8

-15275
-15375
-14875
-14600
-14125
-12675
-16200
-12650
-10750
-9925
-9175
-8475
-7750
-6300
-6825
-5500
-5000
-2600
200
-1450
2975
4575
4275
4250
2500
4075
10425
10325
12175
10600
9675
7000
3675
6875
7950
10100
6875
3425
-975
-3050
-4325
-3875
-9575
-7475
-12975
-13975
-11625
-15300
-14400
-19300
-17450
-24250
-18875
-17575
-13925
-18800
-19375
-23700
-26100
-21900
-23125
-17850
-28250
-27375
-35900
-31325
-32175
-29150
-32800
-40150
-39975
-43425
-44350
-45925
-32350
-39400
-41000
-46550
-39375
-39350
-32825
-30125
-34450
-27800
-25125
-21700
-23025
-10825
-16025
-16825
-14700
-9350
-11500
-9200
-4525
-10225
-11500
-10400
-9300
-11675
-8325
-11675
-15275
-14840
-15375
-15875
-16900
-15975
-21075
-20675
-21150
-23775
-24225
-21600
-20175
-23050
-24775
-22125
-22075
-21775
-21575
-20825
-21225
-19825
-20100
-18725
-17425
-16750

-15800
-19200
-15050
-14250
-15000
-12025
-10950
-12275
-13250
-11100
-8175
-7825
-9575
-4825
-6375
-6000
-3375
-950
1200
-2225
1425
1675
4875
4925
7300
8050
9875
5175
5700
12100
10550
13475
7050
9475
4150
3175
5175
4275
3775
200
-3950
-9550
-7100
-7725
-8575
-13850
-13725
-18850
-16625
-15575
-15550
-16250
-19725
-19450
-22925
-19125
-18650
-16700
-21225
-22275
-27050
-25625
-25950
-22550
-26550
-33150
-32800
-36525
-38025
-37525
-31600
-38775
-43775
-44825
-42125
-45450
-37325
-35075
-39525
-39200
-35875
-33625
-33750
-22975
-24100
-22425
-22750
-13825
-18125
-11625
-9025
-10275
-10150
-11975
-6350
-11250
-4475
-9825
-10800
-11250
-9900
-13825
-12625
-12700
-16500
-15950
-20325
-16200
-20950
-17650
-19650
-22900
-23400
-22225
-21675
-23325
-21550
-22550
-19525
-23775
-20825
-21925
-19400
-17900
-20450
-19375
-18325
-16475

-17075
-14800
-13825
-13875
-17100
-12175
-10950
-13250
-10325
-9525
-8275
-12400
-6400
-4575
-5425
-4600
-2450
-1500
-1675
675
1450
4750
3700
5450
4400
8550
11025
8250
9675
9050
9800
8700
8150
10525
9300
7750
2500
-1175
3175
1875
-2125
-4200
-6850
-10400
-12425
-12800
-12575
-14175
-15550
-17875
-20750
-16325
-17925
-16375
-19200
-18200
-23600
-21050
-19900
-20250
-21775
-24625
-25025
-30375
-29075
-31300
-26975
-35175
-36525
-39525
-39525
-40950
-38750
-36400
-43975
-42750
-42975
-40375
-42475
-30850
-33675
-33800
-32775
-26550
-25775
-23125
-15675
-17325
-15600
-15800
-10350
-12500
-5600
-9475
-8450
-8050
-8775
-10375
-11025
-5175
-12325
-14000
-12875
-12500
-16850
-15675
-16250
-18500
-20300
-21100
-19025
-21650
-21375
-21150
-21500
-22450
-24350
-21550
-20950
-21350
-22175
-20100
-19750
-19800
-19800
-17450
-15650
-18350

-16750
-15400
-13525
-14875
-13700
-11100
-14100
-12950
-9300
-9200
-9225
-8150
-6600
-7475
-6725
-2900
-1800
-2025
1100
-75
525
3725
4900
6450
4775
9050
8300
7350
10225
10800
11350
10575
6950
6575
10325
7900
7575
1100
3400
-2250
-5325
-3425
-6100
-5575
-11150
-12750
-17425
-14125
-14725
-14400
-17450
-16925
-18925
-19800
-17650
-18900
-16675
-20525
-20975
-24150
-22750
-24175
-22200
-25500
-29200
-32525
-32275
-34075
-34075
-34725
-39850
-39500
-41450
-41550
-43900
-36500
-39400
-42475
-39925
-35875
-36875
-31050
-26475
-26325
-26900
-23150
-19050
-17525
-12525
-12100
-11850
-10875
-7025
-11825
-7875
-4350
-8575
-9600
-10925
-7200
-12600
-11175
-12175
-13025
-16075
-15325
-17075
-18925
-18950
-19475
-18750
-23650
-19875
-22100
-20225
-22950
-23350
-21400
-21175
-21300
-21450
-19575
-19400
-18125
-20750
-17375
-17300
-16750

-14975
-16100
-14350
-14575
-12450
-12250
-11600
-11000
-9950
-11675
-7825
-7000
-7825
-4700
-5700
-4175
-4850
-650
1725
0
1725
4625
4250
3825
6750
9400
10175
8175
8925
9225
10625
11650
8425
11300
8300
4675
4150
3000
4425
300
-1925
-6025
-8575
-8275
-7725
-11150
-13900
-14850
-16450
-17475
-17850
-15600
-15925
-18025
-20450
-20350
-18275
-19975
-17325
-21100
-23275
-26475
-24600
-25725
-28325
-28725
-30925
-33900
-38375
-35875
-38850
-35225
-40475
-41325
-42575
-41675
-41050
-39650
-34175
-37675
-35475
-34325
-28950
-28800
-20425
-21000
-20675
-17200
-15125
-12150
-13225
-5575
-9950
-9800
-8325
-5575
-10425
-7750
-7650
-10100
-10450
-12475
-10325
-15525
-14000
-14575
-16525
-18325
-19125
-19500
-19400
-20725
-22675
-21325
-22050
-20550
-22575
-22075
-19025
-20950
-20375
-22250
-17425
-17700
-19700
-18650
-15775
-16425

-16350
-14825
-13925
-13275
-14750
-11350
-11750
-11725
-9175
-9700
-6350
-9925
-8100
-4700
-4225
-4275
-2100
-350
-400
-825
2625
6325
4475
6125
6050
7025
10950
9475
11675
9475
11725
9525
6775
10850
10450
8475
5250
2150
750
650
-1750
-1650
-6800
-7200
-11000
-14150
-12100
-13975
-12600
-16800
-17650
-18850
-17275
-16850
-16000
-18325
-19250
-20825
-21025
-20325
-22675
-20075
-24800
-27325
-30450
-28800
-30850
-31150
-33900
-38125
-39175
-40650
-39450
-39850
-37625
-40800
-40775
-41100
-38450
-36975
-31275
-30875
-31625
-26300
-23475
-23400
-19275
-12050
-14125
-14450
-11000
-8550
-10125
-9025
-4725
-7025
-10400
-7250
-8650
-9375
-9875
-11200
-11075
-14050
-14450
-15525
-15175
-17225
-19600
-19600
-18525
-21500
-21950
-20225
-20850
-20875
-24375
-20050
-20675
-19900
-21225
-19400
-18875
-19575
-18175
-17025
-15425
-17675

-14475
-15725
-14425
-14050
-12850
-10275
-12475
-11175
-10475
-8525
-8100
-7025
-6825
-4675
-5875
-4125
-950
-925
2375
100
2325
3475
5150
7425
6750
9175
10125
8400
8175
11350
12275
12575
8350
9550
8525
6500
6800
3750
4700
-125
-3050
-5325
-5700
-6075
-8950
-11275
-14150
-16575
-15350
-13750
-15050
-17025
-17300
-18125
-19250
-19525
-16325
-17950
-19825
-22350
-22925
-22750
-25925
-23125
-27350
-30225
-32300
-33525
-35300
-36725
-34350
-37975
-40600
-42425
-40050
-41525
-37100
-38775
-38400
-36250
-33875
-32025
-30850
-22225
-24225
-22300
-20200
-14625
-15575
-11300
-9300
-9025
-8600
-10875
-6150
-8325
-4850
-9425
-9025
-8425
-10100
-12550
-11425
-10750
-15675
-15250
-16900
-15675
-21200
-18425
-17200
-22125
-21800
-21625
-18800
-21975
-22350
-20775
-19000
-21925
-20175
-18950
-19650
-16900
-19025
-17175
-17925
-15100

-14825
-14975
-13375
-13175
-13800
-12700
-10575
-10600
-8950
-9650
-7700
-8325
-6950
-4025
-4200
-1575
-3650
-1450
825
1050
2250
5750
6775
4925
6025
9375
12650
8075
11500
11625
10200
10375
8900
13500
8875
8025
5525
2200
2825
1600
-350
-4150
-6050
-9225
-9025
-11950
-11350
-12850
-13100
-16650
-20300
-15775
-15975
-15175
-19175
-18125
-18625
-19825
-20275
-18500
-19725
-24500
-25050
-26300
-28350
-30900
-27400
-31250
-36300
-37850
-37525
-38775
-38550
-37650
-40875
-41525
-40750
-40350
-37750
-33225
-32075
-33675
-29475
-27275
-24125
-20900
-16575
-14975
-15550
-12000
-11925
-8125
-6725
-7750
-8775
-6925
-6925
-8350
-9050
-7150
-9000
-12750
-10775
-14125
-15250
-14500
-15450
-17400
-19800
-18650
-18200
-20550
-21775
-19875
-20550
-21975
-22075
-21275
-19575
-19950
-19650
-21200
-18725
-17025
-18225
-18000
-15475
-14425

