
Curva de Excitacao - Bobina Girante (Dados Brutos)

Arquivo..............: C:\Arq\Wiggler\Medidas Wiggler - Corretoras\Bobina Tungstenio\Gap42\Translado42_X=6_#027.dat
Data.................: 02/02/2005
Hora.................: 10:44:28
Ganho................: 20
N. de Coletas........: 1
N. de Voltas.........: 10
Intervalo de Análise.: 4 - 8

-16550
-15050
-17475
-15500
-15275
-12025
-15750
-12725
-12600
-15100
-12275
-11675
-10700
-10700
-9025
-11700
-9100
-10400
-4450
-6600
-4100
-3275
-4575
-925
-1725
2200
3350
3000
2275
5150
7450
9675
5225
9075
8200
4475
6450
7225
9500
6975
2975
-200
-1075
450
50
-4400
-3725
-9350
-10100
-12075
-11825
-13225
-13975
-15950
-20825
-20000
-19400
-17475
-22450
-20725
-27100
-23825
-27975
-25225
-24875
-28700
-29725
-31900
-28575
-33775
-26025
-28350
-30850
-34875
-27250
-29425
-27775
-22150
-23950
-24350
-25125
-17375
-22350
-14025
-13625
-16875
-17125
-9550
-13250
-14800
-8775
-11025
-13625
-15700
-9175
-16125
-16225
-14900
-19025
-18700
-20525
-21350
-23000
-22950
-27075
-25375
-26500
-26475
-29325
-27375
-25750
-30825
-27525
-27425
-24975
-27850
-27200
-24675
-23750
-23225
-24175
-22325
-20900
-19275
-20225
-17375
-18700
-17225

-16175
-17375
-14425
-14450
-14750
-15475
-12975
-12875
-12975
-12875
-9825
-13150
-13475
-9000
-8675
-9550
-8775
-6250
-7125
-8500
-4725
-2650
-25
-1375
-1875
800
4200
2925
4725
8400
5950
6850
4600
10675
9100
9175
8375
3525
5900
4975
6725
1700
2675
-675
-3100
-6000
-5225
-5525
-7150
-9275
-16875
-13050
-16200
-13425
-17175
-17350
-20450
-23225
-21625
-23050
-20075
-24525
-24025
-29300
-27625
-30975
-25175
-26675
-30525
-32550
-30100
-30050
-32775
-25100
-28125
-29300
-30250
-24200
-26475
-21975
-17800
-20575
-21475
-16750
-14025
-18025
-12000
-10925
-14825
-12925
-10800
-12025
-12000
-12000
-13500
-15075
-14625
-16025
-19675
-16900
-18850
-23325
-21350
-23400
-25900
-25375
-25925
-26675
-29825
-27450
-27050
-29200
-29250
-27400
-26350
-25925
-27900
-25350
-21800
-25125
-21525
-22550
-20125
-21150
-19800
-18350
-16725
-17000

-17000
-16625
-15475
-13650
-16325
-12250
-11825
-14975
-14275
-12175
-9400
-13225
-10450
-8950
-11250
-11675
-7700
-6275
-6775
-5400
-6075
-2450
-3450
700
-950
3950
3800
-350
4975
6075
8600
7325
8575
6675
7300
7650
9500
6225
8200
6700
875
1700
400
3150
-1175
-2850
-7875
-9000
-7850
-9450
-11725
-12325
-13850
-18675
-17700
-19050
-16600
-20300
-20400
-25375
-25250
-24675
-22675
-24300
-27825
-29400
-28500
-29300
-31575
-27075
-28150
-31350
-32400
-28000
-30975
-26450
-22650
-25100
-28075
-22375
-20800
-22075
-16500
-13975
-17150
-17475
-11775
-13200
-12875
-10375
-11900
-13025
-11725
-13425
-14150
-12425
-14475
-15700
-19400
-15550
-22000
-20950
-20900
-24050
-26350
-24275
-25125
-28225
-27200
-28775
-25675
-29525
-27650
-28625
-25525
-26325
-28075
-24500
-23450
-23375
-25000
-20450
-20525
-18775
-19925
-18425
-18150
-17900

-15525
-16550
-13200
-16575
-14675
-12800
-12750
-14500
-12250
-10825
-12850
-12650
-11550
-7900
-11200
-7675
-9125
-8775
-5450
-5925
-3700
-2850
-1500
-1625
-1625
1625
5850
3625
5475
5950
4975
8425
6150
9925
10100
8750
5750
4475
8700
7475
4125
3325
450
-650
-2850
-2550
-3425
-5050
-8950
-11850
-13525
-13400
-12950
-15075
-14800
-21475
-19025
-21125
-19875
-21850
-22475
-24075
-27425
-25725
-28625
-25800
-26700
-27600
-32025
-29750
-32475
-27650
-27175
-28850
-30075
-28975
-24700
-29600
-21600
-21100
-21225
-22575
-16875
-16725
-16675
-12525
-14475
-12000
-13300
-9575
-14300
-9125
-10975
-14950
-12900
-12625
-14750
-16875
-15175
-18900
-21275
-21675
-19800
-24775
-25925
-23600
-25925
-26200
-29225
-27100
-26300
-28950
-29075
-26325
-25275
-26725
-26475
-24675
-22400
-24800
-21800
-21575
-20850
-19400
-19375
-17450
-17750
-16225

-17400
-15550
-14900
-13800
-14775
-12225
-13000
-14025
-11500
-13125
-11100
-11700
-10375
-11250
-8800
-8450
-8100
-6250
-5175
-5675
-7350
-2250
-625
-750
150
2675
4050
1100
6375
6875
8400
8225
5775
8025
8725
10100
7600
8400
6075
5375
2625
4800
2250
1950
150
-6525
-6475
-8375
-4800
-10600
-10325
-13825
-15675
-16475
-16550
-15675
-19400
-19250
-23125
-21825
-25250
-22075
-23375
-24650
-27800
-29125
-27800
-28600
-26700
-30375
-29625
-30300
-28825
-30825
-26450
-25125
-26875
-27700
-23900
-22400
-22625
-14450
-17525
-18800
-15575
-13800
-15200
-11100
-8575
-13375
-13100
-9125
-10675
-15125
-11125
-12575
-16075
-16225
-18000
-17150
-19275
-19900
-22325
-24050
-23375
-24550
-26650
-26225
-26775
-28025
-25650
-29175
-28025
-25900
-26275
-25850
-26750
-23375
-24575
-22275
-22750
-21400
-19900
-17925
-19950
-19500
-15750
-16225

-15150
-16775
-12975
-15350
-15925
-12425
-11725
-11375
-13150
-12450
-10550
-11825
-11850
-7850
-8600
-10775
-9025
-7450
-4025
-6650
-1925
-1750
-3325
-1525
-175
3925
5125
4600
3925
5300
6175
10000
7200
11650
9875
5225
7650
6325
10050
6975
5700
1450
-175
1250
1075
-1850
-5200
-5575
-10125
-10700
-12625
-8725
-12475
-15575
-17150
-19050
-18700
-19575
-16675
-20450
-24250
-25675
-24500
-24500
-24975
-25600
-27175
-29850
-30175
-30925
-28775
-26525
-28000
-30025
-28525
-29100
-27175
-23050
-21800
-23750
-22125
-17025
-19875
-16775
-12450
-13675
-15900
-10225
-11800
-13075
-10125
-9175
-11425
-15100
-9325
-14300
-15100
-14775
-17875
-17600
-18525
-20875
-21925
-21725
-24775
-23775
-27375
-24850
-28950
-26975
-25600
-28500
-27925
-26150
-25075
-27200
-24725
-24475
-22500
-22625
-22725
-21975
-19125
-19175
-20725
-16675
-16450
-16525

-17000
-14100
-13400
-14400
-15025
-12875
-12050
-13975
-10825
-11450
-9200
-12900
-10675
-9175
-8775
-7875
-7850
-5550
-7025
-6075
-3675
-1800
-1625
600
100
650
5600
3075
6900
6650
7800
8075
6450
9450
11000
10875
7925
4450
6500
8175
4850
3825
4050
1875
-3225
-5750
-2725
-4850
-7050
-8325
-12900
-13400
-14900
-13775
-15800
-16250
-19525
-21275
-21400
-22350
-21175
-22225
-22775
-27900
-26525
-28650
-26125
-28075
-27975
-30000
-31000
-29050
-30925
-25700
-27675
-27200
-26250
-24850
-25550
-21650
-18200
-19575
-19125
-16050
-13025
-17500
-11500
-9650
-13125
-12475
-9950
-10300
-12925
-10750
-13250
-12775
-14400
-14350
-19775
-16175
-18200
-22850
-19825
-22900
-24175
-26375
-23625
-26475
-28600
-26750
-25350
-27475
-28300
-24925
-25750
-24050
-28325
-24325
-22625
-22425
-22925
-20500
-18775
-19750
-19350
-17325
-15200
-17250

-14700
-14975
-15050
-14450
-14075
-11175
-13450
-12825
-12200
-11500
-10525
-10050
-9425
-10025
-9400
-9475
-6300
-7500
-4175
-4800
-4250
-2950
-2050
1525
-375
3450
4300
3875
4400
7050
8825
9175
8050
8000
9700
8425
9575
6675
9375
6600
2300
3450
2225
3500
-1200
-2475
-6400
-7575
-7875
-8400
-9750
-12450
-12925
-17075
-17575
-18800
-16025
-18425
-20250
-22650
-23675
-23725
-24575
-21775
-26175
-28150
-28850
-27050
-30200
-28950
-27225
-28125
-29550
-30225
-28275
-28225
-23225
-25100
-24625
-21675
-20425
-20450
-18100
-13375
-16025
-15000
-12550
-11200
-13425
-10550
-10800
-11325
-9950
-13075
-13300
-12825
-12100
-16875
-18075
-15550
-19700
-21425
-20650
-20625
-26675
-24300
-25150
-24525
-27900
-26950
-26150
-28400
-26225
-27825
-23400
-25825
-26300
-23700
-23150
-23225
-22175
-20175
-20650
-18050
-19450
-17275
-17675
-15150

