
Curva de Excitacao - Bobina Girante (Dados Brutos)

Arquivo..............: C:\Arq\Wiggler\Medidas Wiggler - Corretoras\Bobina Tungstenio\Gap42\Translado42_X=-6_#015.dat
Data.................: 02/02/2005
Hora.................: 10:25:17
Ganho................: 20
N. de Coletas........: 1
N. de Voltas.........: 10
Intervalo de Análise.: 4 - 8

-6350
2625
-950
-2400
-2900
-950
-2675
-6200
-5300
-6900
-4450
-9200
-7550
-11325
-12200
-14000
-14150
-12425
-13275
-15800
-14175
-11550
-19725
-15750
-16300
-14550
-13650
-15475
-11500
-11750
-11450
-12175
-12375
-8550
-5325
-8375
-5400
-2250
-3725
-4225
-2950
-2025
-3550
-450
-1525
-1700
1875
-2775
-4050
-6150
-3875
-5150
-6575
-4750
-5300
-10850
-11550
-9700
-11625
-10175
-14075
-12000
-14275
-16125
-15700
-14900
-13875
-17850
-16600
-18600
-16450
-17125
-16075
-17800
-17775
-18850
-17825
-17325
-19400
-16725
-19800
-19300
-20200
-20950
-23525
-26875
-23850
-24900
-28350
-28825
-28050
-32500
-34225
-36875
-37925
-33750
-37075
-38450
-41750
-35800
-42725
-41525
-36150
-38525
-41300
-37375
-32325
-40275
-34175
-31425
-29750
-33200
-25975
-24600
-25675
-21350
-20600
-15425
-14600
-10875
-15050
-7050
-4875
-9100
-6175
500
-875
-7000

575
75
-575
-4625
150
-1650
-5025
-4525
-4100
-5375
-7525
-8500
-10300
-7675
-11550
-12375
-11800
-13875
-14500
-16525
-14650
-12750
-14975
-15375
-15575
-14150
-13575
-14025
-14475
-11875
-9775
-10925
-11475
-6625
-5625
-8050
-4775
-5625
-1900
-3150
-1800
-1675
-900
625
-2900
-2250
-250
-1300
-3950
-550
-3775
-4800
-7600
-5425
-5475
-8600
-7550
-10075
-10975
-13325
-13750
-12025
-11825
-13725
-15975
-15900
-15250
-16300
-15950
-16000
-17400
-16600
-17450
-18050
-16675
-17425
-15675
-18975
-18800
-16550
-20825
-19900
-19475
-19400
-23400
-24225
-24575
-24775
-29225
-27525
-31225
-30600
-30900
-36900
-35100
-36550
-37000
-42100
-36725
-35425
-42125
-41650
-35075
-40025
-42225
-34350
-36350
-36150
-35700
-29950
-31575
-30400
-26250
-25950
-21900
-19625
-20775
-18050
-10275
-14475
-12025
-5575
-4650
-8850
-4725
25
-2950
-3475

1050
375
-2775
-1025
-775
-1825
-2475
-3600
-4850
-5575
-6250
-8500
-9775
-8000
-11400
-11975
-13525
-10900
-13575
-15375
-14775
-13525
-14375
-15750
-15000
-13550
-10800
-17000
-12750
-10725
-9475
-11750
-10275
-4300
-7900
-6925
-4725
-4075
-2425
-775
-3200
-1825
-375
-625
-825
-825
2050
-3400
-3275
-2000
-4075
-4775
-3725
-4950
-8350
-9425
-7900
-9900
-9200
-10300
-12775
-14175
-13275
-13825
-15475
-14500
-14325
-15425
-17925
-15725
-16550
-14225
-18050
-16625
-16575
-17075
-17575
-17950
-17150
-17325
-19825
-20025
-18850
-22600
-21300
-23825
-23675
-25950
-26625
-28475
-31250
-29025
-33025
-37700
-34325
-33150
-38725
-40225
-36900
-37750
-42475
-38325
-35525
-41900
-39725
-34750
-36900
-37275
-33075
-31700
-31200
-28450
-27625
-26100
-20875
-20200
-21575
-15875
-10875
-14900
-11325
-7575
-5300
-7575
-2375
-1900
-3575
-1100

-300
-250
-1250
-200
-2900
50
-1625
-4850
-5775
-3725
-4750
-10600
-8875
-8275
-9675
-13525
-10900
-12400
-13525
-15025
-13950
-12375
-15750
-13175
-17075
-12100
-12575
-14900
-11925
-10550
-10100
-12425
-8925
-6900
-5475
-7025
-4300
-4775
-2025
-900
-4100
875
50
150
-2750
-750
-125
-2900
500
-2425
-3975
-4725
-4400
-6950
-5125
-7950
-7925
-9650
-10650
-11025
-13875
-10275
-12550
-13475
-16900
-14700
-13925
-15775
-15800
-16600
-14750
-17075
-16700
-17125
-15225
-17700
-16700
-17500
-18175
-16400
-19950
-17950
-21025
-19950
-20975
-23650
-24125
-25025
-26350
-30150
-29350
-29475
-33050
-37075
-32100
-35750
-41125
-36500
-37450
-38475
-41600
-37225
-38250
-41075
-37050
-35800
-37175
-35675
-32975
-34400
-29025
-28725
-27025
-25750
-19525
-20875
-22125
-13200
-12975
-13725
-10725
-5200
-8550
-5600
-4125
-550
-1900
-1850

-300
-1375
1125
-2500
-1075
-900
-1225
-5925
-3125
-3700
-6950
-8325
-8750
-7550
-13175
-10775
-11550
-12375
-13575
-14425
-13600
-13250
-14000
-15525
-14025
-13000
-12450
-15425
-11675
-10075
-11150
-8800
-9925
-6500
-6650
-6050
-4450
-5450
800
-1900
-3175
-1325
525
-800
975
-725
0
-1750
-2250
-1825
-3650
-1600
-6275
-5525
-5925
-8800
-9675
-7750
-7600
-13350
-12750
-11150
-12450
-15450
-13225
-13400
-15300
-15475
-16600
-15575
-16750
-14000
-17700
-16825
-15350
-17775
-16350
-17625
-17125
-18625
-18025
-18675
-19600
-19875
-20325
-24300
-25200
-21900
-27075
-29400
-29900
-28075
-34275
-36075
-31550
-35250
-38050
-37750
-37150
-40850
-38100
-38750
-38400
-38575
-36675
-37250
-36875
-30975
-35950
-32725
-28500
-27525
-31075
-23125
-18950
-23300
-20125
-11375
-12875
-16975
-8125
-6400
-5975
-6700
-1925
-2275
-1750
-950

-1450
1200
450
-275
-2825
650
-1475
-4675
-2950
-4800
-6000
-8825
-7050
-9025
-10175
-11075
-11625
-12600
-12600
-13375
-15850
-11625
-13475
-15725
-15375
-11050
-11625
-15650
-11025
-10300
-12050
-10175
-8400
-6775
-5475
-4525
-4975
-4175
-950
-725
-4025
950
-125
-25
-600
-125
-50
-1775
-175
-1650
-3625
-3775
-4200
-6300
-4925
-6625
-8500
-9075
-9400
-10075
-12425
-10950
-12375
-13825
-14475
-16200
-12975
-14050
-15075
-17125
-15125
-14275
-17825
-15775
-14950
-16300
-17700
-16925
-16150
-18250
-19275
-17025
-19300
-20625
-19425
-24225
-23775
-24200
-27475
-29800
-28250
-27900
-33225
-35900
-32600
-35400
-38550
-35150
-39075
-37900
-38575
-38225
-39725
-37150
-36350
-37425
-35825
-32875
-35200
-33050
-25725
-29775
-27925
-22050
-20050
-22250
-20075
-12150
-14425
-12925
-8775
-6175
-6675
-4875
-2800
-2550
750
-1325

-1200
-750
1500
-375
-1850
425
-850
-3350
-4000
-3700
-5700
-7825
-8700
-6725
-10200
-12425
-10575
-11675
-11825
-15775
-12800
-12200
-14200
-15850
-14100
-10950
-13375
-14425
-11475
-9400
-10925
-8975
-8800
-6500
-4575
-5975
-3750
-3750
100
-2425
-1975
1050
-25
1500
-275
375
-400
-1400
-2000
-1675
-2075
-2600
-4850
-6550
-4875
-8500
-6825
-8675
-7775
-10000
-13325
-11575
-12200
-12300
-14300
-13700
-13775
-14925
-16725
-14475
-14675
-15750
-15700
-16000
-14875
-18050
-15050
-17200
-17575
-17125
-18600
-18400
-19450
-18000
-20875
-23875
-23475
-22200
-27550
-28300
-28600
-30075
-32300
-34850
-31775
-36275
-36275
-37200
-39000
-37075
-37525
-39075
-38325
-35825
-39625
-35850
-33850
-33100
-35675
-30950
-26450
-30475
-27675
-23250
-20675
-22425
-16000
-14275
-14300
-12150
-9900
-6800
-5125
-3450
-5525
-1150
750
-1625

-875
2750
1775
-2800
450
0
-850
-4975
-2100
-4500
-5825
-7125
-7925
-7225
-10200
-10000
-12950
-10725
-13000
-14225
-13125
-11825
-14100
-15225
-13000
-13525
-10800
-13250
-10725
-12225
-9350
-7950
-10850
-5475
-3500
-5450
-6250
-1625
-225
-2375
-1175
1550
400
-925
500
-900
1425
150
-1125
-2100
-1925
-2825
-6025
-3350
-3925
-7825
-9200
-8125
-8800
-11025
-10750
-11225
-11400
-14475
-13425
-14550
-12625
-14775
-15900
-14875
-15825
-14400
-16975
-14575
-16475
-16375
-15275
-16700
-17925
-15825
-16725
-20475
-19475
-18475
-19300
-25300
-21975
-22875
-28550
-27225
-28075
-28825
-33175
-32725
-33275
-35025
-36075
-37575
-39000
-35650
-37600
-42125
-35450
-36250
-38375
-37725
-31925
-33325
-36600
-29500
-27475
-29825
-27800
-20550
-22225
-20650
-18800
-13275
-13300
-11350
-9100
-8175
-2900
-6175
-4000
-275
1300
-2475

