
Curva de Excitacao - Bobina Girante (Dados Brutos)

Arquivo..............: C:\Arq\Wiggler\Medidas Wiggler - Corretoras\Bobina Tungstenio\Gap42\Translado42_X=16_#004.dat
Data.................: 02/02/2005
Hora.................: 11:06:41
Ganho................: 20
N. de Coletas........: 1
N. de Voltas.........: 10
Intervalo de Análise.: 4 - 8

-14400
-13025
-11825
-9625
-12200
-6350
-12075
-8650
-8450
-3325
-4175
-4250
-5500
-325
-1700
-600
5125
3225
4450
1450
7025
8225
9100
10525
9325
7650
9800
5150
7700
11125
6550
3075
-1425
1225
-6650
-4100
-4925
-12175
-15875
-12150
-19500
-21200
-15050
-19275
-20975
-22775
-15800
-22200
-12400
-12275
-12950
-14925
-9400
-10600
-10275
-3850
-8375
-7475
-11625
-9050
-15300
-8900
-15700
-14925
-23925
-27225
-26225
-31350
-32525
-39900
-36250
-51050
-51800
-52025
-51250
-61700
-53275
-58500
-69325
-60350
-56450
-58050
-60725
-45000
-55025
-50750
-39275
-31750
-37175
-26275
-19075
-28150
-17625
-12225
-8700
-13050
-950
-8850
-10950
-2525
-2400
-8200
-4900
-2400
-12825
-7925
-7375
-8675
-13550
-8300
-11675
-17525
-14100
-13625
-15950
-15050
-15600
-18125
-16175
-16275
-15950
-17200
-15000
-15875
-18925
-14475
-14025
-14875

-11950
-12000
-12325
-14225
-11200
-6275
-9550
-9250
-7350
-6000
-6175
-3750
-2150
1150
-2100
-800
2575
1775
6350
5525
8450
5075
7350
7625
9100
12275
12000
6725
6525
8025
2300
6775
2600
1800
-5900
-5675
-8775
-13825
-7900
-14950
-18125
-21400
-17650
-22775
-16825
-16800
-18050
-21000
-15275
-14625
-16350
-5550
-11725
-7300
-11300
-7250
-10325
-4725
-7875
-8875
-13075
-14225
-14950
-18750
-17750
-24275
-23175
-35875
-36775
-38325
-38425
-46775
-45875
-52625
-60375
-56675
-56125
-60300
-63125
-53050
-64200
-62650
-54850
-48400
-52800
-42575
-38900
-42325
-34675
-25175
-21125
-24000
-9025
-16900
-13475
-8375
-5200
-8750
-3400
-700
-9450
-7725
-2475
-4775
-11125
-2650
-8675
-11850
-11950
-9875
-11675
-13825
-12775
-15100
-15125
-15725
-15900
-16175
-13650
-17550
-17175
-16350
-15850
-14925
-15725
-11825
-16525
-14700

-13575
-11100
-12125
-9525
-10950
-10250
-9350
-8450
-4050
-6875
-2850
-5400
-2400
-2950
1300
2200
2750
1800
4250
5025
5525
12225
6775
8875
7800
10900
8325
7900
11900
8750
4275
3275
25
-575
375
-5725
-8100
-11750
-10825
-18250
-17150
-15825
-19125
-21625
-18725
-19400
-20125
-13975
-15150
-13950
-15175
-10350
-13050
-6375
-6675
-6675
-9200
-8950
-7700
-11975
-8475
-12975
-12675
-20300
-21450
-25175
-23725
-31550
-32500
-38500
-44325
-44300
-48825
-51325
-56150
-50600
-62250
-63575
-58850
-56825
-64150
-56075
-52550
-57250
-49275
-43625
-39600
-40700
-26775
-29975
-26375
-17675
-14175
-17150
-8650
-3450
-12475
-6325
-3900
-2575
-9000
-1150
-4150
-9825
-6625
-4400
-9175
-11000
-6750
-12675
-11350
-14775
-13100
-14675
-13250
-14675
-18350
-14900
-15275
-16550
-15975
-14025
-16600
-15050
-15525
-14300
-14250
-13275

-12225
-14200
-11350
-10275
-10225
-8675
-7975
-8300
-6900
-5975
-3575
-3675
-2375
-150
-475
1025
2725
5100
6100
4400
7175
9100
6750
9225
10750
12400
9225
6550
8000
8025
7625
5325
900
-575
-1250
-8125
-6525
-9800
-11075
-16875
-16650
-18900
-21350
-13875
-19975
-19850
-20100
-13925
-16800
-13150
-11500
-10600
-11125
-9125
-7075
-10500
-3800
-8900
-6300
-11550
-10500
-12450
-14000
-16000
-21150
-23300
-28250
-30225
-35175
-34875
-43025
-42200
-51275
-52800
-53375
-56725
-59575
-59000
-56375
-64650
-58975
-56025
-55075
-55225
-45500
-46800
-44350
-33125
-30850
-31200
-23275
-14200
-19225
-14500
-7200
-7200
-10750
-2675
-4175
-6875
-3400
-2950
-6875
-6625
-4100
-6700
-9400
-8375
-10375
-12200
-9175
-13150
-15550
-12650
-12050
-15575
-17850
-13600
-14200
-17400
-16300
-14725
-14900
-14025
-16150
-14025
-13425
-13275

-12650
-12475
-9400
-11500
-10375
-8250
-7600
-8875
-4800
-5325
-2650
-3525
-1625
1425
-1700
1400
2375
6425
4750
6075
7350
8725
7675
9300
10200
9900
12850
7275
8625
7775
7700
4975
700
2525
-2225
-6025
-6425
-10925
-13375
-12450
-15650
-19600
-19975
-15700
-19175
-18850
-15850
-17375
-16350
-12975
-11725
-11950
-8150
-8275
-6950
-9575
-5575
-7650
-6350
-9125
-10850
-11675
-14225
-17025
-20700
-21350
-26475
-28900
-35400
-36650
-41575
-42625
-50675
-51275
-52225
-57250
-57975
-60600
-58375
-61375
-55675
-59975
-56775
-50500
-47200
-47625
-40875
-31150
-35325
-27975
-22075
-17475
-18025
-9700
-10100
-11975
-5550
-3350
-5325
-4575
525
-8000
-4725
-5500
-4575
-8075
-6400
-8400
-12025
-9975
-8975
-13725
-14850
-10225
-14700
-15150
-16650
-14075
-15050
-16175
-15200
-15675
-13825
-13975
-14875
-14025
-13350
-13700

-11400
-11725
-10900
-11000
-9375
-7600
-9275
-6525
-4575
-5200
-3850
-3450
-1375
550
50
1725
4175
3975
5375
7000
8500
9700
9100
9825
7875
11200
12475
7675
10050
9700
6650
3500
2025
1150
-2300
-3900
-6050
-11300
-12700
-12425
-17825
-17125
-18425
-18000
-19425
-16700
-15350
-18350
-12275
-14450
-13250
-12825
-6150
-7075
-7375
-6450
-7175
-8000
-7950
-6400
-11275
-10400
-15850
-15550
-22325
-21400
-24825
-29350
-33425
-38600
-39600
-46125
-47125
-51600
-52225
-56325
-54550
-61100
-61400
-57550
-59550
-58500
-54900
-47050
-51250
-44500
-39975
-35075
-35525
-24575
-19750
-21225
-14475
-12875
-8325
-8900
-3675
-6975
-4200
-2175
-4575
-5825
-1425
-3850
-9375
-4900
-5600
-10225
-10300
-7850
-10050
-15725
-11950
-11575
-13850
-14975
-15200
-14700
-15275
-15125
-15200
-14625
-14900
-14925
-14725
-12900
-13125
-12825

-11200
-11975
-10900
-9550
-8675
-7975
-8325
-7225
-6100
-4000
-2675
-1450
-1950
875
-1000
2150
3425
6200
7650
5000
7825
8725
9575
8500
11400
12025
11300
7075
9775
9375
5350
7000
1300
1225
-1225
-2350
-7650
-12225
-9525
-14650
-17550
-17775
-15275
-18675
-17500
-18825
-18350
-17150
-12750
-13000
-12900
-8150
-9325
-8900
-8550
-4800
-7600
-6575
-7450
-7725
-12025
-11225
-13050
-15575
-21075
-22475
-24525
-31200
-34550
-36750
-38800
-44525
-46950
-51300
-53875
-55675
-56675
-61450
-58550
-57650
-58950
-57350
-54250
-50925
-50500
-42375
-41025
-36375
-30800
-25175
-23350
-18225
-12925
-15175
-9600
-6775
-5050
-7125
-1625
-2375
-6550
-5075
-1225
-5025
-7875
-3950
-8475
-9175
-10225
-7800
-11100
-12850
-11900
-13875
-13975
-13800
-14625
-15900
-12550
-16200
-15050
-16150
-13500
-13975
-15650
-12325
-13575
-12000

-12750
-9900
-11650
-9750
-10625
-6200
-7225
-7925
-4600
-4600
-3425
-4525
-175
1825
350
1100
4475
4650
6550
6350
7925
10425
7600
9525
10600
11525
11575
8950
10025
7250
6150
7300
1775
-100
-475
-3175
-9175
-11375
-9450
-14175
-15650
-16700
-18600
-18950
-16975
-19300
-17350
-15525
-13500
-14525
-12275
-8100
-10150
-7125
-6875
-6000
-9200
-4925
-6300
-9075
-11150
-11300
-12925
-18325
-19000
-22125
-24175
-31150
-32600
-37950
-40825
-42375
-47400
-51650
-54925
-53400
-58800
-59825
-59275
-57875
-58550
-56675
-55525
-53250
-47275
-44350
-39825
-36125
-28950
-29550
-22250
-18075
-14950
-12875
-6875
-6650
-9225
-4875
-4275
-2450
-4650
-2975
-4425
-6800
-5250
-5900
-6975
-8525
-8325
-12050
-10725
-11800
-12400
-13125
-12575
-13375
-17000
-14675
-14000
-15225
-16250
-14000
-13600
-15250
-14600
-12225
-12925
-14575

