
Curva de Excitacao - Bobina Girante (Dados Brutos)

Arquivo..............: C:\Arq\Wiggler\Medidas Wiggler - Corretoras\Bobina Tungstenio\Gap42\Translado42_X=-13_#008.dat
Data.................: 02/02/2005
Hora.................: 10:13:40
Ganho................: 20
N. de Coletas........: 1
N. de Voltas.........: 10
Intervalo de Análise.: 4 - 8

21775
22175
19500
2040
20850
18350
16425
12175
12675
8875
4650
2375
825
700
-9300
-7250
-9200
-12500
-17925
-17325
-18350
-18600
-20100
-22050
-18825
-22375
-20975
-24600
-17575
-18050
-21575
-19500
-18625
-15075
-18450
-17275
-15800
-12825
-15000
-14350
-11725
-8400
-10350
-12000
-7975
-9575
-7775
-9725
-7200
-7000
-7950
-8675
-9525
-6375
-7950
-11225
-9900
-8000
-10225
-13225
-12375
-11125
-12425
-14675
-12750
-14825
-15025
-16725
-16600
-15775
-18725
-19150
-19475
-18450
-20400
-22450
-21150
-23975
-25775
-26200
-27375
-29025
-28900
-30275
-35525
-35725
-33575
-35275
-41925
-37050
-40750
-43825
-42200
-42950
-43175
-45775
-42325
-48750
-46350
-42175
-43725
-46050
-39025
-41475
-44800
-33900
-33275
-35325
-33800
-20575
-24525
-24550
-16350
-12125
-12875
-5575
-1525
-1275
3050
4850
8350
11950
16400
13025
17550
21150
18250
17300

22800
24125
16875
20975
18950
18600
12925
15575
13250
9250
5550
2925
3275
-3150
-5900
-8925
-8125
-13750
-15425
-25
-34125
-18200
-22025
-20700
-21925
-18150
-22475
-22475
-19850
-19000
-19875
-19000
-17075
-17200
-15975
-19325
-13525
-13775
-12300
-14600
-12400
-9525
-11275
-9550
-8775
-7350
-7825
-9700
-7325
-5400
-8750
-9425
-7750
-5850
-7600
-12350
-8075
-8075
-11000
-10000
-12000
-10325
-14075
-13550
-14025
-14150
-13200
-15600
-16625
-17650
-17050
-18150
-19525
-19875
-20650
-22475
-22050
-22250
-25950
-23400
-29900
-27875
-28675
-31750
-33825
-35025
-32525
-38625
-39800
-38025
-37800
-42875
-40225
-45550
-46025
-42075
-45200
-45100
-45850
-40375
-48500
-43775
-39375
-41825
-42450
-32675
-32525
-39350
-28150
-24175
-23000
-25125
-12475
-13425
-11900
-6275
-3550
-50
3175
8325
6275
13975
12425
13325
18000
22250
19300
18675

22650
20625
20000
19700
21700
16950
16300
14275
11675
9225
5825
5550
500
-1150
-6150
-6725
-10550
-12000
-15600
-17700
-17250
-17825
-20250
-23800
-19125
-19450
-21700
-21625
-17525
-17925
-21300
-19400
-17175
-16375
-16075
-17325
-14650
-13775
-12900
-14050
-10825
-9100
-10475
-8575
-8775
-8350
-7775
-7675
-7625
-5700
-8300
-8250
-7975
-7500
-7200
-10100
-7850
-9575
-9850
-11350
-11925
-11425
-11175
-13250
-14500
-14350
-13675
-15800
-17175
-15200
-17875
-19050
-19200
-17875
-19050
-23075
-20150
-24875
-24550
-25700
-27025
-28000
-29000
-31650
-33075
-33525
-35250
-35525
-39000
-37175
-42800
-40375
-40825
-44525
-43575
-41900
-44275
-49100
-42625
-42475
-44650
-44075
-37325
-44025
-41375
-32675
-35375
-35150
-28925
-21650
-26925
-20875
-15350
-13625
-10950
-4100
-2575
-1600
4950
4900
8225
12725
15700
13300
18875
21075
18300
19875

22050
23350
19975
20400
18050
18400
15900
14550
13425
10825
6075
2350
2725
-1400
-6825
-8000
-8875
-11225
-15725
-16525
-16700
-18200
-21375
-21475
-18975
-18925
-21425
-23325
-18025
-18975
-19050
-18575
-17175
-14750
-17975
-17350
-13850
-11825
-13500
-13700
-11225
-8825
-11400
-9825
-7900
-6700
-7050
-9950
-6275
-5725
-8125
-6875
-7700
-5725
-8025
-9000
-9600
-8400
-8225
-10850
-13325
-10475
-10550
-14100
-13725
-12600
-12875
-17875
-15650
-14900
-16975
-18000
-16950
-18625
-21875
-22125
-21250
-23075
-24800
-23700
-28575
-28025
-27950
-31800
-31100
-33525
-34500
-38175
-37700
-37950
-40200
-40575
-39675
-45875
-43925
-40350
-44375
-45650
-42300
-42100
-47975
-41950
-38325
-42775
-39900
-33600
-35375
-35750
-27525
-25800
-24375
-20175
-15100
-13950
-9250
-6325
-4750
1825
6350
4900
6775
15725
13900
12175
19475
22500
20125
18500

22875
21950
20950
21550
21050
19150
14050
14625
12975
10325
5325
4375
3375
-1575
-5875
-7775
-8100
-12425
-15200
-17250
-16300
-17450
-21150
-19400
-21425
-18550
-20775
-20050
-18475
-17250
-20400
-18825
-17900
-15500
-14475
-17325
-12525
-13075
-13625
-13775
-11250
-8475
-9475
-9775
-9825
-5550
-6650
-9250
-7300
-3900
-6800
-8800
-6975
-6000
-6875
-11075
-7050
-9100
-9475
-11225
-11025
-9525
-11900
-12775
-13550
-12700
-14775
-15125
-14625
-15725
-17875
-17850
-17875
-20175
-19075
-20825
-21975
-24225
-22775
-23625
-29250
-26475
-27900
-32475
-32600
-32375
-34400
-34950
-37275
-39950
-40800
-39175
-39500
-45375
-40650
-40825
-46450
-45800
-40250
-42500
-47525
-41250
-38900
-43075
-39550
-33075
-35650
-32525
-27300
-26400
-23800
-20025
-15300
-14250
-7525
-6425
-3600
2950
5050
3725
8325
17375
13550
13675
19225
21675
18825
21250

24050
21200
21225
20225
20525
17550
17150
14925
13450
9675
6450
4575
1800
-500
-5575
-6750
-10200
-10300
-13750
-17475
-16850
-17150
-19275
-21850
-18100
-18475
-20750
-22875
-16950
-17425
-19875
-17725
-18600
-14050
-18350
-15975
-13050
-13250
-11650
-12900
-10925
-9475
-9025
-10050
-7450
-7550
-5725
-9000
-6600
-4200
-8375
-5225
-7150
-5550
-7750
-9200
-7425
-8625
-8400
-10625
-11275
-11375
-10125
-13625
-12975
-13575
-13300
-15700
-16825
-14625
-16900
-16975
-19550
-19025
-17850
-21750
-21275
-23275
-22275
-26650
-27350
-25950
-27750
-32350
-29650
-32850
-36525
-35275
-35975
-37825
-41600
-37425
-42425
-46525
-40275
-41900
-44875
-44300
-41275
-46625
-43800
-41375
-39650
-43275
-37850
-33750
-36575
-30500
-28000
-26175
-23675
-17150
-18000
-12250
-8525
-6225
-3525
2700
6125
4850
11525
13375
12650
14125
20825
20300
19625
21425

21250
22750
20875
21850
19650
19725
15900
13400
12850
10950
8450
3375
2625
-1750
-3850
-8650
-7850
-10600
-15350
-17325
-15350
-15450
-22550
-19600
-20275
-17650
-21075
-20775
-16425
-18225
-20125
-19375
-16350
-15100
-14925
-17650
-13550
-12950
-11750
-12500
-11900
-7350
-10000
-9950
-7900
-6950
-6675
-8325
-5675
-5875
-7850
-6350
-6075
-7475
-6225
-8250
-8175
-9125
-7750
-11225
-12350
-8675
-11050
-14275
-14375
-11700
-13025
-16925
-14725
-15725
-16900
-17675
-17925
-18500
-19350
-21275
-21850
-21825
-24300
-24850
-27525
-24975
-30175
-31400
-29900
-33200
-35675
-34900
-35675
-41950
-39100
-37375
-41850
-46025
-39225
-42850
-48200
-43150
-42600
-42350
-45500
-39425
-43125
-41525
-36175
-35450
-36075
-31425
-27750
-27900
-21100
-19425
-16800
-12325
-5025
-6900
-5875
3475
3600
4650
9950
16000
13675
14525
18875
20925
19800
20025

24700
22575
21650
18300
20525
19350
17125
14400
14225
10700
4800
4950
2400
375
-5000
-6425
-7925
-11750
-14050
-16900
-15275
-18450
-19750
-19225
-18475
-19650
-20625
-21675
-18550
-16975
-18250
-17475
-18125
-15450
-16125
-16625
-12375
-12350
-10875
-13275
-11475
-9200
-8925
-9400
-7900
-5600
-7250
-8125
-6275
-3725
-8925
-6375
-7200
-6050
-6500
-10075
-7250
-7900
-7350
-11875
-11425
-9425
-11200
-13300
-12875
-12425
-14975
-15250
-15575
-15450
-18000
-15000
-18550
-20700
-18800
-20575
-20050
-24325
-22025
-25650
-27525
-27075
-28150
-30375
-30650
-34025
-36775
-32450
-38500
-38800
-38675
-37800
-44125
-45550
-38525
-43150
-44850
-43775
-42750
-46375
-43825
-41300
-40075
-40400
-38125
-34850
-34075
-30850
-31450
-25450
-20800
-20075
-19000
-10450
-6650
-8875
-3175
4050
5075
3925
11450
13950
12800
14500
20175
22500
19850
21150

