
Curva de Excitacao - Bobina Girante (Dados Brutos)

Arquivo..............: C:\Arq\Wiggler\Medidas Wiggler - Corretoras\Bobina Tungstenio\Gap42\Translado42_X=-17_#004.dat
Data.................: 02/02/2005
Hora.................: 10:07:23
Ganho................: 20
N. de Coletas........: 1
N. de Voltas.........: 10
Intervalo de Análise.: 4 - 8

29550
41125
38550
33275
34325
30775
27350
24975
26925
24900
24575
13200
11475
11450
75
-7550
-6500
-8475
-11600
-14125
-19000
-24375
-27400
-26125
-34500
-31375
-25000
-31875
-30350
-27300
-29150
-28200
-28025
-25825
-25775
-24750
-22050
-22000
-18875
-20775
-21925
-19100
-18500
-18175
-16150
-15350
-12325
-15025
-15950
-14700
-15700
-11525
-16750
-12975
-9875
-14750
-16200
-13800
-13450
-17550
-15925
-16875
-17500
-18350
-16000
-19500
-20225
-19400
-22650
-23075
-22425
-21425
-27150
-22725
-26425
-32725
-30425
-28750
-32425
-34650
-30450
-37800
-38375
-38175
-38000
-48900
-41075
-39200
-51425
-46125
-43875
-48050
-53400
-44900
-53450
-56150
-46225
-47525
-57650
-45975
-41500
-53975
-43200
-33975
-39825
-42800
-24450
-26050
-33000
-18650
-10750
-15700
-6050
2900
-5250
1125
9200
9775
10150
22325
26225
22175
27525
26150
26675
34700
37375
32775

35025
37375
32250
33750
34775
34950
31100
28700
24050
21075
19875
13875
12300
11125
2075
-2550
-3700
-10475
-15125
-16025
-21900
-23350
-22775
-26875
-31350
-29825
-27600
-34500
-30100
-27225
-27275
-30100
-27000
-24050
-24075
-24250
-24225
-21450
-20200
-20375
-22000
-15500
-16675
-18075
-17900
-17100
-13125
-14775
-13375
-14650
-11650
-14850
-14450
-14175
-11125
-14150
-14675
-12675
-14225
-16050
-16600
-14950
-18500
-15000
-18100
-20625
-18175
-18225
-22650
-23175
-20375
-24500
-27650
-24175
-23350
-30225
-28825
-27925
-34575
-32250
-33875
-34850
-39375
-35350
-41750
-44950
-39900
-41375
-49525
-44900
-44925
-52900
-48025
-48000
-51500
-53250
-43975
-51525
-56900
-43725
-44275
-52275
-41350
-33150
-43875
-37650
-24925
-27675
-31125
-15175
-10875
-16975
-6775
-575
-4000
6400
12325
11025
12175
21475
18750
21175
30800
31525
27450
32975
35825
30875

34700
38575
37125
35125
32400
31200
31775
29275
25050
25000
21125
12700
10700
9250
3450
-1975
-2800
-9950
-13275
-18100
-19450
-23875
-23900
-28100
-30725
-26125
-29600
-32275
-30675
-27125
-29550
-25875
-25875
-24950
-24300
-24375
-22425
-23700
-17025
-20275
-20475
-17975
-17300
-16625
-16825
-14500
-14075
-14275
-15675
-13650
-13025
-12250
-15850
-11850
-12250
-14650
-13925
-13825
-13150
-14750
-16000
-16550
-17375
-16075
-18250
-19725
-16250
-18725
-23575
-21000
-20875
-23625
-25875
-23875
-25900
-31275
-26800
-28975
-33375
-32350
-33750
-37475
-38075
-35250
-39525
-44475
-39925
-43450
-48650
-45250
-45350
-50675
-46025
-47800
-54775
-52050
-45100
-52300
-53900
-41825
-46450
-51400
-41675
-36150
-43525
-33125
-25375
-29375
-27550
-15950
-15975
-15950
-3025
-1275
-2450
5975
10950
6075
15225
22575
19750
23650
29625
27500
26825
36925
36675
32900

33100
38075
35300
33600
34825
33400
33825
26425
24900
23800
20825
13900
13575
9675
975
-375
-5025
-7825
-13675
-14850
-21850
-23225
-23725
-28300
-30550
-28675
-27475
-32825
-27450
-28800
-28025
-28275
-26925
-25675
-22575
-21925
-23825
-21875
-19600
-20375
-20625
-16450
-15925
-16475
-16775
-16400
-13125
-14075
-13725
-13800
-12025
-12275
-16575
-12700
-10700
-13725
-14225
-14475
-13400
-14550
-16025
-15600
-14125
-16400
-18650
-19625
-17425
-19800
-21250
-20200
-21700
-23950
-25475
-22900
-26550
-29125
-26950
-30975
-33275
-31025
-33125
-36525
-35150
-37650
-41025
-43175
-39750
-42725
-47400
-41800
-49425
-49825
-46900
-46375
-54200
-48000
-46375
-53075
-53225
-43975
-46900
-49275
-37700
-38775
-42000
-34225
-27400
-30425
-23875
-14375
-16775
-12925
-6100
-4025
-2500
9500
9075
10475
16950
19250
17675
24700
32300
26625
29525
35125
34675
31775

37225
38625
35950
35425
33575
32900
29925
30825
25700
24900
19600
15000
13750
7750
4050
-1000
-3575
-10825
-11850
-16725
-20875
-22250
-22350
-28325
-30750
-25725
-29050
-31850
-29975
-28125
-26975
-27100
-27625
-23700
-22675
-24025
-22875
-21350
-17200
-19950
-20825
-16200
-17500
-15875
-16525
-14375
-12875
-14200
-14875
-13325
-11775
-12600
-14075
-12175
-11125
-15350
-13250
-13525
-13125
-13525
-15725
-15750
-16150
-15450
-17700
-19475
-16325
-19900
-21900
-21625
-20350
-23025
-24475
-25750
-25850
-27950
-27550
-29850
-31700
-29150
-36725
-36250
-36200
-36000
-40875
-40075
-40050
-45800
-45625
-43500
-46450
-50425
-42800
-51050
-54300
-49075
-45650
-53750
-49850
-40650
-50050
-48000
-40600
-38675
-41325
-30200
-27200
-30875
-22300
-17375
-16450
-12200
-2550
-4600
1025
6175
7200
10650
19075
20475
18125
26925
27625
26350
29750
37500
34575
34575

35700
35125
36700
36200
35425
31925
33725
28525
24500
24150
20800
16025
12950
9650
3000
300
-5875
-8550
-10500
-17500
-20575
-20825
-23050
-29500
-29025
-26275
-29525
-31000
-27725
-28050
-28450
-26675
-28050
-23750
-22300
-22150
-21400
-22125
-18500
-20200
-19050
-16500
-15500
-15575
-16725
-16750
-12550
-13175
-13925
-12025
-12550
-12450
-13875
-12025
-11925
-13025
-12100
-14975
-12950
-13350
-14875
-16375
-14275
-15225
-18800
-18275
-16550
-18525
-22325
-18600
-21575
-24025
-25600
-22950
-24475
-27400
-26500
-31275
-30375
-31475
-34300
-35625
-33350
-38650
-39875
-40975
-40250
-42650
-43550
-42625
-50975
-47825
-44725
-51475
-51325
-45350
-46700
-55700
-48525
-43700
-47500
-47125
-38175
-40775
-38700
-32800
-30675
-27500
-19450
-16075
-18500
-10075
-5750
-4875
2075
9600
8000
10425
18450
17675
18600
26575
32000
27375
29825
34225
35025
34950

34775
37600
37850
35575
31425
34100
33825
28475
26725
25350
20550
14575
13050
8875
4525
450
-4500
-7650
-11975
-17050
-20925
-19575
-25025
-27275
-28250
-26400
-29000
-31375
-27200
-28900
-26525
-25875
-26350
-24375
-22950
-22650
-23325
-19850
-18100
-18800
-20150
-17175
-16350
-15225
-15100
-16225
-10500
-14675
-13650
-13225
-11200
-11525
-13550
-11800
-10550
-13225
-14350
-12975
-12200
-12025
-17475
-15150
-14000
-16475
-17500
-17175
-15675
-20800
-20250
-20550
-21375
-23500
-22325
-23975
-26525
-26650
-26500
-29900
-30950
-29250
-35625
-35400
-35325
-37650
-39150
-39250
-40400
-44500
-42800
-44375
-48225
-47050
-44175
-52625
-52100
-46925
-49000
-50650
-48125
-44025
-50225
-44100
-40100
-41275
-36775
-30725
-30600
-28125
-19825
-20200
-16875
-6950
-4250
-4775
1475
7300
4750
13900
19250
20300
19400
27750
27900
26275
32125
36325
35875
33825

36025
36475
37200
36175
33950
35200
31700
29925
25900
25100
20175
17050
14325
7675
4875
500
-4875
-9300
-9750
-16825
-20000
-20800
-23950
-26925
-28775
-26775
-29325
-28650
-28275
-27925
-26100
-26100
-27925
-23425
-20125
-23425
-21900
-21825
-16425
-20625
-18900
-15400
-15825
-14700
-16550
-14475
-12500
-13550
-13700
-11200
-12175
-12475
-13000
-11975
-10675
-12775
-11525
-14275
-12375
-13675
-15850
-13825
-15225
-14750
-19200
-17150
-17100
-18400
-19950
-20500
-22025
-22150
-23550
-26025
-24575
-25675
-27425
-31675
-29425
-29400
-35750
-33350
-35250
-37975
-40400
-39575
-40725
-43775
-41775
-44075
-49400
-46800
-44975
-51925
-48900
-46700
-50375
-51250
-47800
-45025
-48600
-42100
-40375
-41700
-37675
-30700
-32800
-27000
-19725
-19075
-15475
-8850
-6050
-5875
5425
7575
6550
12425
19450
16725
20550
28225
29500
27725
31950
35925
32975
36475

