
Curva de Excitacao - Bobina Girante (Dados Brutos)

Arquivo..............: C:\Arq\Wiggler\Medidas Wiggler - Corretoras\Bobina Tungstenio\Gap42\Translado42_X=-14_#007.dat
Data.................: 02/02/2005
Hora.................: 10:12:08
Ganho................: 20
N. de Coletas........: 1
N. de Voltas.........: 10
Intervalo de Análise.: 4 - 8

18525
27425
25575
21900
17775
19475
16950
14675
14950
11800
12925
2000
3700
-525
-5875
-12200
-10200
-13750
-13775
-14025
-21250
-19275
-23950
-21100
-27425
-22825
-21275
-22875
-21775
-22425
-21100
-21050
-21200
-22050
-18625
-16700
-17050
-18100
-12975
-14050
-16825
-13575
-15275
-11175
-9175
-11575
-7475
-8600
-11850
-12075
-10775
-7425
-10600
-9650
-7425
-10000
-12725
-12150
-12600
-11025
-12675
-14100
-14125
-13025
-15225
-17900
-15650
-17300
-18950
-19225
-18825
-19525
-21475
-19775
-23175
-26900
-24950
-24800
-29100
-26250
-27450
-32800
-32700
-33350
-34950
-40700
-33450
-39400
-43100
-40050
-40650
-44850
-44225
-41450
-52075
-47150
-42400
-44150
-52975
-38975
-44550
-50875
-40550
-37550
-42325
-39925
-28025
-34500
-31675
-24625
-20100
-21100
-9600
-9975
-14125
-2850
-900
375
3350
15775
10550
12375
17475
15175
15875
23550
27500
19650

23850
23300
22675
21275
22325
21750
18750
15450
11800
11800
7875
5700
1650
875
-5550
-5775
-10275
-15400
-14725
-16375
-20975
-21800
-18200
-21675
-25025
-24275
-21400
-23200
-22225
-21925
-20325
-19725
-21275
-20450
-16800
-17300
-16450
-18250
-14025
-13975
-15550
-13125
-11600
-9550
-13425
-11250
-9850
-9250
-9775
-8975
-7025
-10025
-10250
-10200
-8350
-11375
-8650
-10750
-11300
-11975
-13350
-13525
-14825
-11075
-15375
-16775
-16450
-15000
-17850
-19300
-19025
-19700
-20825
-22350
-21250
-24175
-22575
-27775
-28375
-25800
-30275
-30800
-32300
-30375
-37650
-36925
-36625
-37400
-43200
-37700
-43300
-46300
-41025
-44250
-47150
-46150
-39325
-51050
-48925
-42175
-43400
-48625
-38500
-37175
-45000
-36100
-32600
-31650
-31100
-18950
-23325
-20875
-11675
-11375
-10125
-1350
2025
-1650
7750
10300
7900
12500
22200
19400
16000
22725
22450
21575

22900
25300
23900
23625
20250
17900
20550
17675
13175
11225
9775
4750
1250
-1000
-3225
-6000
-11100
-13325
-13025
-17275
-20600
-21375
-19450
-23425
-22850
-21325
-21075
-23700
-22825
-21300
-20875
-18475
-21400
-17250
-19450
-17600
-17750
-17275
-13500
-13875
-13700
-14125
-13025
-10725
-9875
-11975
-8200
-8475
-10200
-9525
-9675
-5825
-10950
-8300
-9775
-9325
-10350
-12175
-10300
-9875
-12575
-14950
-12975
-12850
-15550
-17775
-13775
-16000
-19575
-18025
-18000
-18475
-21450
-20450
-22900
-24625
-23275
-25600
-26800
-27075
-29775
-31575
-31300
-33225
-34100
-37375
-35225
-40200
-40875
-37825
-42850
-44275
-39600
-45025
-50550
-43775
-41625
-47575
-47675
-40000
-45825
-47425
-39375
-40500
-41025
-34050
-31825
-34400
-27275
-22875
-24850
-17525
-9200
-12575
-10375
-675
-1000
-2600
9750
13650
8300
12550
19400
17300
16650
24250
25675
22475

20850
24800
24150
23700
20725
20850
21125
15925
12225
11175
11525
4250
3325
-1325
-2700
-6425
-11150
-12125
-14275
-15900
-20450
-18925
-20800
-22125
-23550
-22300
-21575
-22875
-19225
-22900
-19350
-20025
-20350
-19475
-16400
-16175
-16600
-17750
-14350
-12975
-15200
-11675
-12550
-8975
-11800
-12000
-8800
-8275
-8450
-9775
-7675
-7600
-10275
-10550
-7075
-9350
-9725
-12275
-10025
-10325
-14525
-12675
-11950
-12050
-15900
-16850
-13800
-16675
-17525
-17550
-18150
-19975
-21000
-21025
-21800
-23400
-23425
-25175
-27425
-26275
-29475
-29700
-31200
-33775
-34800
-36125
-35825
-38150
-39475
-38875
-44350
-43525
-40800
-44725
-47650
-42300
-43075
-48775
-47425
-42225
-44475
-43800
-39825
-41825
-39650
-36475
-34275
-32900
-23875
-24050
-24525
-16000
-11900
-15125
-8350
2150
-1700
1500
8025
9975
7325
15850
21025
17025
18175
22800
24000
22025

24925
24200
24725
22325
20525
21150
18775
18500
13175
12900
8150
6050
2800
-725
-3600
-6575
-9800
-13775
-12275
-17325
-18800
-21100
-18875
-22850
-23125
-21925
-22175
-21500
-23125
-21825
-19675
-16650
-21975
-18850
-17350
-15700
-17000
-18050
-11350
-12800
-16050
-14225
-11200
-8875
-10875
-9975
-7825
-8825
-10850
-8775
-8600
-7850
-8075
-8950
-8225
-11050
-8575
-11725
-9675
-11000
-12025
-12425
-13075
-12350
-14625
-15400
-16350
-15325
-17025
-18800
-19225
-16975
-19075
-23675
-21875
-22575
-22725
-26725
-24825
-25250
-31425
-29250
-30700
-32050
-35250
-34425
-37400
-38625
-38800
-39450
-43275
-41950
-39975
-47925
-45100
-44100
-42950
-47900
-43475
-43025
-47300
-41800
-40700
-41350
-39350
-32300
-37025
-31200
-25300
-24300
-23700
-14825
-11150
-15050
-6425
-1625
-2325
2450
10900
9625
9625
16025
16600
16300
19900
26000
21975
25425

23375
22325
24625
25625
22200
19650
20000
16625
14275
10200
12150
6475
3125
-875
-3125
-4725
-11550
-12500
-12675
-16625
-19225
-17900
-20400
-21875
-24050
-21575
-21025
-21450
-19275
-22075
-19300
-19325
-21650
-17925
-15950
-15775
-16775
-17875
-13425
-12700
-14350
-12225
-11450
-9950
-10325
-12200
-6950
-8400
-7950
-8925
-9800
-6325
-8775
-8775
-8500
-7400
-10375
-12050
-9900
-8900
-11925
-13300
-11000
-12850
-14875
-16100
-14100
-15850
-16600
-17050
-18225
-17350
-22000
-20550
-20325
-22900
-24150
-25200
-24450
-26375
-29825
-29500
-29125
-35400
-33075
-34850
-36450
-38575
-36325
-39375
-46200
-41150
-40125
-44450
-46075
-42325
-45800
-47050
-45325
-42975
-43450
-41825
-41350
-43975
-36050
-35050
-35875
-30325
-21950
-25725
-25025
-14000
-14275
-12700
-5625
1725
-1925
2225
8325
8450
10225
16575
20650
17725
20750
20850
24825
24850

24050
23425
25625
24850
19425
20375
21200
18475
13275
12150
11225
5600
2950
-425
-1750
-6325
-10275
-11100
-13100
-16800
-19075
-18100
-21800
-19900
-22450
-22025
-21850
-21075
-21500
-23050
-17725
-17300
-20475
-19025
-16375
-16725
-16250
-15625
-13225
-11900
-14250
-11950
-11825
-8575
-9200
-10800
-8500
-7800
-7600
-10600
-7525
-5600
-8325
-10150
-7150
-8475
-10150
-10525
-9375
-9150
-13425
-10800
-12100
-13175
-14700
-15075
-14150
-16125
-16050
-17825
-16675
-18600
-18900
-21500
-20625
-22925
-22575
-24875
-25525
-27000
-29775
-28300
-32625
-32300
-31400
-34550
-38275
-37350
-36600
-40350
-42900
-40750
-41350
-46500
-43900
-43325
-44675
-44250
-44875
-44625
-44775
-39950
-43875
-39875
-35900
-34975
-36700
-27975
-24575
-27200
-21475
-14275
-13225
-12800
-4175
-1750
-3450
4775
10225
9025
9550
16675
17675
18025
21025
23075
24850
23500

23625
23700
26650
24575
20975
21200
19975
18400
13575
13425
9875
7025
1850
450
-2800
-4050
-10175
-12400
-11975
-17425
-17675
-19775
-19950
-20925
-22325
-22250
-21050
-19150
-21075
-22400
-20225
-17050
-21000
-18050
-15075
-15450
-15500
-19025
-11675
-13375
-12225
-12300
-10875
-8975
-10675
-9525
-8650
-6675
-8225
-8550
-8250
-5800
-9625
-8850
-7125
-9700
-8500
-10300
-9175
-10875
-11825
-10700
-12900
-12750
-13350
-15100
-15800
-13450
-16000
-18375
-18750
-16750
-20700
-21600
-19325
-21675
-23125
-26725
-24400
-26050
-28900
-28275
-31800
-32250
-33200
-34825
-37750
-35800
-38850
-40025
-42250
-41325
-41725
-44475
-41775
-44550
-45925
-43750
-45475
-45000
-42225
-40675
-42650
-41850
-36025
-34425
-36475
-27725
-24725
-26825
-21100
-15300
-15325
-11200
-1600
-3150
-2175
4150
9225
6950
12775
17325
17725
18850
21125
21725
22175
27400

