
Curva de Excitacao - Bobina Girante (Dados Brutos)

Arquivo..............: C:\Arq\Wiggler\Medidas Wiggler - Corretoras\Bobina Tungstenio\Gap42\Translado42_X=3_#024.dat
Data.................: 02/02/2005
Hora.................: 10:39:41
Ganho................: 20
N. de Coletas........: 1
N. de Voltas.........: 10
Intervalo de Análise.: 4 - 8

-17350
-14975
-15950
-13425
-14350
-15025
-12325
-15150
-13325
-15600
-11750
-13825
-11950
-12650
-14725
-12425
-13350
-11100
-10700
-9925
-8050
-8000
-8050
-8125
-7600
-4275
675
-4425
825
2625
1325
800
250
5550
3375
8225
4225
5550
4300
4800
2600
2900
1275
-125
-75
-2250
775
-6775
-3875
-11175
-11450
-13475
-10700
-11775
-13300
-17075
-20375
-20050
-22950
-18125
-21400
-20150
-25575
-25275
-28825
-25900
-23700
-23175
-26550
-29675
-26200
-28500
-24950
-25400
-21500
-24875
-23175
-24850
-20500
-18925
-18800
-16925
-18450
-16225
-16925
-14875
-14800
-12825
-16625
-15250
-16050
-14925
-17100
-20775
-19050
-19250
-22975
-22950
-23775
-26000
-28275
-29150
-28325
-32825
-30600
-30950
-31275
-33325
-32775
-32475
-30575
-33100
-31925
-29075
-28825
-28900
-28625
-23425
-26050
-24800
-22275
-21575
-20975
-19750
-18675
-18175
-17300
-16750

-15850
-15950
-13525
-13975
-16675
-12000
-13225
-14225
-14675
-12575
-12350
-15475
-13125
-11025
-11900
-13775
-11375
-11950
-9575
-12750
-8575
-6125
-7850
-7325
-6625
-1475
-3275
-3450
-475
2600
2125
3800
2025
4200
4500
4325
6800
4625
8475
4025
2925
2250
2150
3150
1600
-3025
-4675
-5000
-5075
-7225
-8950
-8575
-14250
-14700
-15800
-14800
-17400
-16600
-19500
-21675
-25375
-21125
-20925
-22700
-24400
-27250
-24075
-29125
-24850
-25825
-22625
-26550
-26100
-26300
-24825
-22400
-19875
-19575
-22725
-19525
-21500
-15575
-17900
-13925
-14225
-16800
-15075
-13125
-14175
-16300
-13200
-15425
-16475
-21550
-15900
-19850
-23000
-22250
-23950
-24750
-27575
-27800
-29300
-30500
-32225
-30275
-31900
-30500
-34675
-31850
-28925
-32400
-31475
-29075
-26125
-29450
-29200
-24450
-22750
-23900
-23350
-21075
-20700
-18350
-19625
-16550
-16400
-15975

-16300
-14325
-12750
-16175
-14150
-11500
-13075
-15775
-11450
-11725
-13500
-14100
-11850
-10175
-14100
-11200
-11350
-10800
-10550
-9600
-8975
-6925
-7225
-7150
-4825
-2925
-525
-3150
850
950
1450
5025
2600
5675
7275
5325
4400
4100
7750
6275
4475
2775
3700
1350
-125
-800
-2250
-2300
-6750
-7900
-12425
-7975
-11525
-11500
-14025
-18200
-18400
-19275
-16050
-20350
-20125
-24175
-22200
-26500
-24125
-24250
-22925
-24875
-27175
-26025
-28925
-22400
-25050
-23950
-26450
-22775
-23050
-22050
-19150
-18250
-17300
-19500
-15700
-18000
-12525
-16700
-13125
-13050
-15825
-15425
-14500
-12650
-18125
-18450
-17650
-18700
-23850
-21950
-24500
-25400
-27450
-29050
-26875
-30775
-31100
-30750
-32125
-31025
-33750
-29600
-30175
-31750
-32825
-28175
-27025
-29225
-28000
-24275
-22750
-26475
-21125
-20550
-19100
-20300
-18925
-17425
-16225
-16375

-14675
-13575
-14550
-14100
-14600
-11250
-13925
-13825
-11775
-12700
-11725
-13925
-11525
-12250
-12075
-11225
-11750
-10600
-10025
-10025
-10100
-5750
-7425
-5050
-5375
-1950
-725
-3475
1900
1775
4700
2550
3125
4925
6925
6000
5950
6625
5975
5375
1450
5875
2500
4525
-875
-1425
-3700
-4025
-3025
-6300
-7175
-12300
-11175
-14600
-13300
-16375
-14150
-18475
-20500
-21400
-21600
-19400
-22750
-21350
-26625
-25975
-25975
-24150
-24525
-24675
-24575
-25700
-26825
-25775
-21300
-21775
-20875
-21650
-20050
-19475
-17925
-16200
-15225
-14925
-14825
-15250
-14800
-11575
-14225
-14275
-14425
-15200
-16000
-18325
-17075
-19950
-20200
-20950
-25500
-23275
-26700
-27550
-28625
-30250
-30825
-29625
-29950
-32900
-32275
-30925
-28725
-33325
-29850
-28125
-27850
-28650
-26850
-24400
-25300
-22350
-22300
-20175
-20450
-17400
-18450
-17125
-15425
-15750

-13875
-15125
-12775
-15350
-13175
-11900
-11775
-13025
-13325
-12125
-12650
-12300
-13550
-9725
-11325
-12725
-11600
-9625
-7500
-11500
-8225
-6225
-6200
-7225
-4200
-1575
-825
-1450
750
1925
2125
5400
2850
7175
5225
5025
5675
5675
8250
6750
4950
3150
1875
2425
1250
50
-1050
-4150
-5700
-8275
-8625
-8700
-10225
-12400
-14350
-17150
-17525
-16625
-17925
-18000
-23075
-22550
-23750
-21175
-25250
-23175
-23425
-25125
-26900
-27225
-23300
-25400
-23975
-24400
-22225
-25425
-20275
-20850
-19225
-18325
-17975
-17375
-18075
-13025
-14525
-13700
-14550
-11925
-15450
-13825
-14550
-13800
-15600
-18300
-17225
-20050
-20000
-22875
-23325
-23700
-26100
-29575
-26550
-28900
-31950
-29350
-29925
-30625
-32975
-29350
-30650
-31925
-29575
-28425
-27675
-27550
-26025
-25250
-22700
-23475
-21800
-21975
-18375
-18000
-19550
-15025
-15350
-15225

-16700
-12375
-13600
-14075
-13950
-10975
-11975
-15050
-10375
-12200
-10100
-14275
-11925
-10050
-11775
-12300
-11400
-8800
-10325
-9425
-8150
-4400
-6975
-4525
-4325
-3425
-775
-1775
2100
1325
3075
4125
2450
6175
7650
7875
6025
5950
6900
6600
3575
5050
4400
3350
725
-2800
200
-2850
-3400
-6500
-8925
-10075
-12975
-11125
-13325
-13250
-17975
-17175
-19075
-18475
-21550
-20125
-20850
-24075
-24725
-25425
-22050
-26025
-23300
-24800
-25125
-25950
-24050
-22725
-22925
-22000
-20350
-20875
-22125
-16975
-17700
-16025
-15150
-14875
-13000
-16050
-12575
-13125
-12550
-14950
-13800
-14025
-15975
-18425
-17475
-16475
-21250
-22675
-23750
-21725
-26900
-29125
-26200
-28625
-30650
-30875
-29550
-31325
-31300
-31675
-28900
-31025
-30250
-27450
-27675
-25750
-29050
-22900
-21825
-23825
-23200
-19125
-17675
-20250
-18350
-15425
-14700
-17225

-14050
-12200
-13550
-13775
-13275
-10800
-12925
-12425
-12350
-11225
-12400
-12400
-11525
-10100
-11875
-11325
-9825
-10325
-8100
-9600
-7925
-6400
-6900
-4125
-4975
-1175
0
-1700
250
1875
4050
4625
4700
5375
8575
4475
7275
5225
9300
6575
3475
4475
3275
4650
225
750
-2200
-3150
-7050
-5450
-7075
-8300
-11075
-13825
-13025
-17100
-14075
-17925
-16425
-19850
-21100
-22225
-22450
-21500
-23025
-23725
-25450
-24200
-26100
-25000
-25000
-22175
-24150
-24750
-23500
-23275
-20250
-21625
-17575
-17550
-18600
-17100
-15225
-14400
-14075
-14325
-13125
-13300
-13625
-14275
-14125
-13850
-14600
-18475
-15625
-19225
-21400
-22125
-23025
-23275
-26225
-26650
-27250
-29600
-31150
-28800
-31375
-30725
-32250
-29675
-29475
-31650
-29050
-27925
-26050
-27325
-26975
-23025
-22075
-23275
-21950
-19325
-19700
-18175
-18050
-15400
-16225
-14275

-13950
-13850
-12825
-12225
-12675
-12425
-11650
-13125
-10600
-12250
-11150
-12275
-12450
-9350
-10600
-10325
-12325
-9525
-8550
-10200
-7900
-4600
-4400
-6325
-4925
-2975
2175
-2125
1750
2450
2625
4075
2625
8850
7225
6900
5725
5675
7750
5725
5475
5850
3100
1525
900
-450
-925
-2350
-4200
-6775
-10750
-9550
-10000
-11250
-12700
-15775
-16900
-18800
-17775
-18700
-19325
-21525
-21850
-23675
-24675
-24100
-22050
-22650
-26200
-26200
-25750
-23525
-25050
-23700
-20900
-23075
-21675
-21625
-17200
-18525
-16500
-16450
-15850
-15275
-12475
-14800
-14300
-10675
-14125
-13750
-15450
-12775
-16475
-18150
-17525
-17875
-20900
-21275
-22700
-24875
-25275
-27650
-25425
-30500
-30450
-30100
-30325
-30625
-32550
-29550
-28825
-29900
-30925
-27150
-27100
-26850
-27025
-23425
-23450
-22400
-21975
-20400
-18825
-17825
-17000
-16625
-15000
-15475

