
Curva de Excitacao - Bobina Girante (Dados Brutos)

Arquivo..............: C:\Arq\Wiggler\Medidas Wiggler - Corretoras\Bobina Tungstenio\Gap42\Translado42_X=19_#007.dat
Data.................: 02/02/2005
Hora.................: 11:11:22
Ganho................: 20
N. de Coletas........: 1
N. de Voltas.........: 10
Intervalo de Análise.: 4 - 8

-8875
-8250
-6500
-7625
-7675
-3550
-6575
-4075
-2125
325
-2100
-325
-275
6750
1725
4750
7625
5000
5675
5700
11100
8850
10550
8425
7125
3575
9875
600
2225
2950
-4225
-5975
-10625
-6475
-18425
-14450
-19700
-24775
-23500
-16075
-22300
-25050
-18075
-20925
-19300
-16275
-5450
-11100
-2250
-2550
-1375
-800
4525
5925
6825
10600
6750
8575
4450
6875
2100
4650
-3450
-3750
-10925
-14550
-15225
-19400
-27325
-33300
-33975
-46000
-47025
-50975
-55075
-67000
-60975
-68000
-75875
-69175
-69425
-80025
-79725
-68325
-74575
-66800
-57175
-54225
-61900
-46800
-41350
-41175
-27350
-21825
-21125
-21200
-8075
-13525
-7575
-1550
-175
-10050
-850
-400
-6300
-325
-300
-4575
-9625
-1300
-6575
-8850
-7800
-5850
-11875
-9400
-10125
-11075
-9025
-11375
-9800
-14275
-9625
-12075
-11025
-8650
-9625
-11100

-8325
-8600
-9550
-5050
-7075
-2550
-7300
-3800
-3350
-1325
675
575
2300
1125
3225
4725
8300
4125
9700
6350
7775
8050
10325
9275
7075
9775
5350
1000
2025
3450
-2850
-3275
-10525
-12175
-15000
-14100
-19900
-23100
-16675
-24650
-24950
-21150
-17075
-21450
-15675
-14075
-11975
-10425
-975
-3000
-1750
5050
2175
6975
4375
11250
6575
10700
4275
5575
2375
2400
-850
-2825
-8825
-15975
-12400
-25975
-24350
-31000
-33600
-46425
-44425
-53075
-59925
-58000
-61775
-70950
-74500
-66725
-79450
-74000
-70175
-71275
-78400
-65100
-60750
-60925
-49325
-44650
-43850
-42850
-24875
-28875
-18950
-12100
-12650
-13900
-6275
-725
-8600
-175
875
-3050
-7775
1325
-3725
-5325
-1275
-4875
-7550
-9525
-4375
-9625
-7675
-8300
-11225
-12175
-9000
-11300
-11900
-9025
-11500
-10600
-12750
-8875
-10650
-8350

-8300
-9100
-7500
-7075
-7425
-4600
-3100
-3375
-2625
-3150
200
-200
1525
2900
4950
3475
5550
5625
10075
6625
8700
11325
6175
7800
7700
10550
5225
4675
1775
150
-4625
-1500
-9525
-11675
-10775
-19325
-20000
-22125
-17300
-25825
-20475
-21525
-21300
-20300
-13575
-14300
-13650
-5875
-6850
-1375
-1350
6525
1700
7425
6250
8550
7300
7550
9750
5475
3975
-1200
1800
-6525
-8150
-11675
-14650
-24475
-26575
-30750
-37850
-38850
-44900
-53800
-59375
-57550
-67475
-69450
-67150
-71925
-79625
-72900
-72025
-75425
-67800
-63250
-66600
-61175
-48800
-50350
-42000
-31025
-30150
-31675
-18300
-13200
-15300
-8425
-3350
-5850
-7600
-225
-2100
-2250
-750
-1150
-6375
-2425
-2825
-6850
-4850
-5975
-8075
-10175
-6500
-9900
-10325
-9700
-8300
-12575
-11525
-10125
-10825
-9600
-11525
-9200
-11200
-8775

-10725
-6525
-6200
-6700
-7275
-4200
-3975
-5425
-475
-2750
2075
-1750
1650
3100
3750
5450
6400
9025
5425
6900
8825
12500
6700
9900
8600
6550
5625
3550
4325
-625
-150
-6000
-10700
-10550
-11025
-17925
-18400
-21525
-22200
-22825
-20225
-21375
-21825
-15050
-18750
-15475
-11575
-3725
-6450
-1400
700
2075
2225
8100
8825
7725
9675
5900
9425
2725
5625
2600
300
-5975
-8600
-13025
-16425
-19775
-24400
-31675
-39325
-37825
-49675
-52225
-55475
-58750
-67225
-67400
-70750
-75725
-70125
-72700
-76550
-76500
-65400
-69950
-62825
-53700
-51850
-52600
-41050
-32600
-34050
-23375
-17250
-16000
-17725
-6150
-8400
-4325
-900
-1725
-3875
-2850
600
-4700
-1075
-2375
-5150
-8575
-1625
-7500
-9800
-5600
-7500
-8875
-13300
-7475
-10200
-10775
-10500
-10000
-11350
-10350
-11025
-9750
-8050
-9750

-7250
-9325
-7200
-7300
-5000
-3200
-4375
-4075
-1700
-1900
125
1900
2400
4300
2400
4500
7150
6950
8175
8275
9950
9525
7400
10775
7100
8750
9150
2925
1100
1650
450
-5150
-8525
-10175
-12975
-18800
-15450
-21925
-21600
-19600
-23050
-21925
-20775
-13975
-18675
-12375
-10525
-9100
-6275
175
1125
1300
8450
5625
7150
6300
12425
7675
8550
6250
4200
1525
-1925
-2000
-8050
-11200
-17400
-18150
-29075
-30725
-34075
-39425
-48550
-51850
-55075
-62925
-63600
-67025
-69175
-74350
-72200
-77500
-74475
-66550
-69875
-70625
-63000
-53700
-55750
-45175
-38275
-35850
-33850
-23425
-19475
-17000
-8150
-7175
-9650
-5700
-750
-3800
500
300
-3250
-3600
-550
-4525
-5275
-2075
-1500
-10425
-7725
-5450
-8500
-9475
-9275
-9450
-10900
-9975
-10800
-10375
-10925
-7625
-11025
-9625
-9250
-8500

-7325
-8850
-6275
-6400
-5400
-5675
-3275
-2575
-600
-1600
250
1425
125
5675
3400
7400
5250
7025
8125
7900
9575
10575
11200
7950
7975
8325
9550
850
4350
1925
-3150
-5025
-7500
-9225
-14575
-14050
-19525
-23575
-19975
-18025
-22550
-21325
-18800
-19000
-17550
-11350
-10175
-10275
-1250
-2175
-150
1575
7400
6625
6450
10350
9550
6575
8200
8325
4350
1425
-1175
-850
-12000
-11725
-12325
-21350
-28350
-30200
-34775
-42550
-45300
-49600
-57700
-63300
-60325
-71325
-68700
-68950
-72925
-79675
-74325
-69975
-72100
-63075
-60225
-57400
-57450
-43575
-43750
-35750
-26050
-25150
-22450
-15900
-8925
-11950
-4300
-2000
-3825
-6350
2400
-3375
-3175
625
-700
-4800
-5550
-1875
-6250
-6025
-7200
-7675
-10225
-6450
-10600
-10375
-8625
-10025
-10275
-13275
-8150
-9425
-10250
-9250
-8800
-9550

-9025
-8125
-5850
-4425
-7175
-2550
-4900
-3175
-2550
200
1125
525
1975
3675
3700
4625
7975
7325
8625
6550
9175
11875
9950
8400
8500
8300
6000
2475
5650
1775
-1550
-3750
-10150
-11225
-13250
-13650
-18675
-21100
-20900
-21900
-22900
-21150
-20175
-17500
-13675
-15475
-10750
-7950
-475
-4000
375
4150
4425
6650
7975
10825
7850
9350
6875
8150
1850
4800
825
-3300
-10850
-10575
-14825
-23425
-23100
-29700
-37050
-43700
-43275
-53200
-55625
-57475
-63725
-70850
-70875
-70900
-76250
-71000
-71600
-72450
-73125
-64675
-63400
-57450
-48900
-49250
-42850
-35325
-27150
-29800
-16725
-12500
-13850
-12325
-4625
-2275
-4675
-50
-1125
-3450
-3100
375
-2800
-2925
-2450
-4900
-5950
-6300
-6250
-8275
-6525
-8325
-11500
-9825
-8200
-10350
-10900
-8800
-9875
-11375
-11225
-8475
-8775
-9600

-7125
-7425
-6775
-7500
-5950
-2000
-3700
-3100
-1650
-800
-625
1725
2025
4850
3850
4500
8000
6725
10000
7650
10400
8675
9500
8650
9100
8675
8075
5500
750
1675
-2825
-1800
-9800
-9125
-12675
-17575
-18150
-21850
-20000
-21850
-19150
-23025
-20100
-17600
-13825
-13750
-11525
-6375
-5225
-2300
2300
4000
4525
8125
7575
8200
8600
11100
9225
5375
4050
2775
-1400
-3425
-6550
-10650
-16225
-21525
-24475
-33275
-34650
-38250
-45925
-53600
-56900
-59425
-64975
-67950
-66725
-72250
-74600
-73625
-75200
-71325
-68250
-64800
-65200
-56625
-51325
-48200
-39250
-33850
-31450
-28175
-15650
-15875
-12425
-7625
-5100
-5500
-4175
-475
-1150
-1775
-1675
-375
-4075
-2500
-4775
-3275
-3675
-6950
-7825
-7375
-6450
-10175
-8675
-8725
-7650
-12825
-10200
-10450
-10050
-9150
-10050
-7450
-10650
-7200

