
Curva de Excitacao - Bobina Girante (Dados Brutos)

Arquivo..............: C:\Arq\Wiggler\Medidas Wiggler - Corretoras\Bobina Tungstenio\Gap42\Translado42_X=-12_#009.dat
Data.................: 02/02/2005
Hora.................: 10:15:14
Ganho................: 20
N. de Coletas........: 1
N. de Voltas.........: 10
Intervalo de Análise.: 4 - 8

13975
21150
17175
13275
14250
13050
8975
8275
8800
7325
4000
0
-1250
-5275
-10875
-12150
-11825
-14650
-14150
-16200
-16525
-20575
-22600
-19800
-23175
-17575
-20225
-22200
-17975
-17900
-21650
-19025
-17950
-16950
-15125
-18875
-12450
-13400
-11975
-14425
-11975
-9450
-12225
-10450
-8475
-6350
-7650
-7350
-7950
-8200
-8275
-8975
-9125
-6050
-5925
-11525
-9175
-10225
-11650
-12900
-11975
-10550
-14725
-14850
-12900
-14900
-17150
-16225
-17825
-18000
-18150
-17675
-18725
-19700
-20000
-25450
-21425
-23100
-24925
-25675
-26250
-28400
-28650
-29600
-33375
-37750
-32400
-34500
-41775
-36575
-37000
-42200
-43475
-42275
-45800
-44525
-41175
-44475
-47450
-43900
-42000
-48900
-39825
-39375
-44675
-37675
-31825
-38500
-35625
-24100
-26300
-27525
-16750
-12600
-19475
-12225
-3300
-4950
-3300
5250
6750
7025
8525
8500
12925
17625
15175
13775

18900
16850
13700
14500
17825
13125
10375
9525
8575
3650
3150
575
-1925
-3100
-9050
-7825
-11375
-14600
-16775
-17700
-19025
-16500
-19850
-20700
-20000
-20300
-20175
-23500
-15950
-18050
-20775
-19600
-17725
-14150
-17950
-17025
-14650
-11875
-13925
-13250
-10725
-7700
-8440
-10400
-6100
-9100
-7075
-8725
-5325
-6325
-8475
-8175
-8300
-6450
-8950
-10150
-8425
-7625
-11725
-11675
-12100
-12700
-12475
-13725
-13325
-16275
-14125
-15850
-17050
-16525
-17075
-19050
-20125
-18675
-19100
-22525
-21850
-22950
-25625
-25150
-26700
-27150
-27275
-29850
-33600
-34600
-32525
-35350
-40325
-35925
-39450
-42375
-40675
-42125
-43650
-44600
-42475
-47900
-44950
-40800
-44500
-45350
-39050
-42425
-44850
-34550
-34175
-37700
-33300
-23000
-27925
-26500
-15825
-14725
-16750
-8725
-4625
-6425
-2225
3425
5100
7925
12650
9550
13875
15650
15075
13950

18850
18650
14875
16950
14125
14575
10375
11600
8075
6700
2350
-400
-175
-3375
-6825
-11250
-9450
-14475
-15800
-18650
-16625
-17775
-21425
-19975
-19650
-17325
-22600
-21925
-18975
-17875
-19925
-17550
-15825
-16450
-15775
-18650
-12400
-13475
-11175
-13250
-10950
-9375
-11250
-8500
-7725
-6700
-7500
-8125
-6700
-5525
-8075
-8050
-6975
-6550
-7725
-11550
-8075
-9125
-10075
-10425
-12950
-11075
-13950
-13475
-15050
-13575
-14075
-16825
-16975
-15775
-17300
-18875
-18200
-19175
-20550
-23350
-19700
-21775
-25575
-23525
-27800
-26700
-28200
-29475
-32850
-34175
-32500
-36750
-39300
-37275
-38225
-41300
-38700
-45500
-44650
-41775
-43950
-45750
-44775
-39775
-48550
-43650
-39000
-42350
-44000
-33475
-35275
-40275
-29200
-26000
-25900
-26025
-13725
-17825
-14750
-9100
-6250
-4850
1400
3950
1175
10425
10325
9525
12125
20000
15100
13300

18250
17975
15900
14950
17075
13175
12625
8475
9925
5900
2350
700
-975
-2625
-9350
-7925
-11350
-13425
-17425
-17375
-16600
-17475
-19450
-21750
-17875
-21350
-19800
-20725
-16375
-17950
-19725
-17700
-17050
-15375
-15850
-15725
-13850
-13450
-12100
-12800
-9550
-9050
-9475
-8575
-7700
-8500
-5650
-7825
-6900
-4600
-7800
-7375
-8900
-5625
-7600
-10250
-8225
-8300
-10275
-12575
-10550
-11150
-11150
-14900
-13475
-13975
-14475
-16525
-15975
-15225
-19175
-18400
-18075
-18025
-20525
-21525
-19800
-24575
-23750
-23950
-25975
-28400
-27200
-30825
-32650
-33050
-33150
-35300
-38650
-35950
-41725
-38900
-40500
-43525
-42800
-41200
-44650
-48125
-42600
-43075
-43975
-43550
-37375
-45875
-40850
-34400
-36500
-36850
-30475
-24225
-29400
-23000
-18825
-15000
-12950
-7350
-7100
-3425
775
125
5000
10150
11975
7625
15725
17375
13700
15650

20625
18975
13875
16800
15350
14275
10100
12600
9525
5600
2700
325
625
-4800
-7150
-8800
-10425
-13400
-14500
-16475
-18600
-17200
-20400
-20475
-19000
-17175
-19875
-22025
-17325
-18200
-17775
-18250
-15800
-15150
-17100
-16475
-13150
-11225
-12600
-12075
-11000
-7675
-10800
-8500
-7175
-4725
-6100
-9725
-5675
-4625
-7975
-7925
-5925
-6000
-8300
-10325
-8000
-8200
-9575
-10375
-11050
-11025
-12750
-13100
-13950
-13350
-13800
-16000
-15900
-17400
-17200
-17300
-18375
-19750
-19600
-20775
-21400
-21600
-23550
-24000
-29650
-25325
-27500
-30700
-31125
-31975
-33475
-37250
-36575
-37600
-39025
-39825
-38825
-46350
-41100
-41500
-45200
-44575
-41800
-42150
-48650
-40125
-40475
-43425
-39100
-32800
-37050
-37025
-28100
-27425
-26350
-22950
-17075
-17650
-11625
-10125
-6975
-425
1550
1350
4450
11875
7675
10025
16000
18175
14000
16200

20000
16000
17175
17625
15650
13675
12275
11150
8750
6950
3875
1600
-725
-3225
-7000
-8575
-10725
-11975
-15650
-18625
-15200
-16200
-20050
-20550
-18525
-18075
-20675
-20525
-16800
-16175
-20500
-17700
-16875
-14400
-16200
-16350
-11900
-13050
-11525
-13175
-9625
-8575
-8700
-9025
-7175
-5175
-6600
-8075
-5975
-2575
-7925
-7550
-6650
-7200
-6750
-9500
-6725
-9200
-9225
-11650
-10900
-10200
-10900
-13650
-14825
-12550
-13975
-16075
-16175
-14075
-17425
-18050
-18750
-18375
-18025
-21475
-20250
-22150
-23025
-25200
-27275
-25475
-27475
-31850
-29800
-31275
-35050
-33250
-36000
-38525
-41900
-37250
-39950
-45575
-39650
-39975
-46600
-45625
-40050
-43625
-46150
-40200
-39125
-44900
-38475
-34575
-38500
-32700
-27500
-28125
-26725
-20950
-19475
-17550
-9800
-7525
-6925
-1750
1275
-175
6425
12225
9975
10050
15500
16900
14025
17925

18500
18275
18050
15800
14250
15500
13400
9950
10050
6375
4150
-400
650
-2350
-7300
-8950
-9625
-10900
-16300
-16775
-16150
-17150
-20750
-19625
-16700
-18475
-19525
-21550
-15925
-17775
-19225
-16575
-16500
-13975
-16825
-14300
-12500
-11900
-12050
-10800
-10675
-8025
-9375
-8475
-6000
-6875
-4250
-8500
-5700
-4525
-7275
-6175
-6500
-6025
-6800
-9675
-9375
-7375
-7975
-10400
-11625
-10025
-10975
-14500
-12900
-12375
-13875
-16625
-14600
-15125
-17675
-16900
-17700
-17625
-19325
-20550
-20175
-21550
-23150
-24900
-26625
-25375
-27225
-30050
-28625
-33600
-34100
-34000
-35600
-38750
-38225
-36175
-41300
-45525
-39875
-41650
-45550
-42850
-41700
-44750
-43750
-40625
-40925
-42325
-36825
-36350
-38475
-32125
-28875
-29375
-24125
-19650
-20425
-14700
-10750
-10225
-7900
1475
1425
300
6875
11925
8675
10400
18050
16200
15825
15700

18625
17975
16575
16975
16650
15700
11175
10675
10200
7450
3175
1950
450
-4350
-6750
-8900
-8775
-12550
-14650
-17350
-15550
-15850
-20075
-19300
-19825
-17125
-19175
-19075
-17425
-16225
-19000
-17925
-16500
-14275
-13175
-17150
-12300
-11825
-9600
-12800
-10700
-5300
-8350
-9275
-7750
-4625
-6400
-8150
-5850
-2925
-7325
-8650
-5000
-6000
-6250
-10200
-6975
-7475
-8275
-11700
-11125
-8775
-12750
-12825
-13225
-12825
-13925
-15175
-14725
-15875
-16400
-16275
-17575
-19375
-17825
-20050
-21125
-22475
-22250
-23600
-26825
-24250
-28175
-30050
-30050
-31825
-34100
-33600
-36950
-38900
-37625
-38050
-40150
-44400
-37975
-43550
-46125
-43050
-42050
-42875
-44050
-39075
-42825
-41200
-37850
-35150
-37550
-31625
-30775
-28275
-23925
-23150
-18875
-14125
-7300
-11675
-6775
425
-275
900
8175
11700
8675
12200
15650
16525
14650
18625

