
Curva de Excitacao - Bobina Girante (Dados Brutos)

Arquivo..............: C:\Arq\Wiggler\Medidas Wiggler - Corretoras\Bobina Tungstenio\Gap42\Translado42_X=8_#029.dat
Data.................: 02/02/2005
Hora.................: 10:47:40
Ganho................: 20
N. de Coletas........: 1
N. de Voltas.........: 10
Intervalo de Análise.: 4 - 8

-20050
-16000
-13400
-16200
-16925
-13275
-13675
-14850
-12850
-12975
-9250
-11950
-10550
-9125
-9475
-7650
-10050
-4350
-3450
-5050
-1875
2375
-1100
-50
-275
950
7475
6225
9825
6650
9350
7700
2600
8925
8175
12225
6800
6275
3950
2850
1975
400
-5250
-2300
-4600
-10050
-4650
-9800
-10875
-18525
-15925
-18950
-15650
-16225
-16225
-20325
-24400
-22800
-24775
-21300
-24875
-20950
-28825
-30475
-33800
-27000
-28225
-31500
-30525
-36025
-36050
-35800
-33800
-37475
-28850
-31100
-33575
-34175
-26850
-27425
-25825
-22075
-26425
-21350
-14950
-14325
-19725
-10025
-12400
-16575
-13100
-6350
-11825
-13850
-8425
-11825
-14750
-13600
-13525
-15150
-14725
-18350
-21325
-21650
-18825
-23750
-23525
-22175
-25725
-26550
-24675
-27075
-27875
-25500
-25575
-24125
-28225
-23875
-23075
-24175
-24400
-22850
-20100
-20700
-21450
-19375
-15250
-19875

-17700
-16525
-16000
-15925
-14875
-11500
-14650
-12825
-13250
-12425
-11925
-10250
-11300
-9000
-7775
-9075
-5250
-7125
-2150
-6200
-1400
-1850
-275
2825
2350
4125
5000
5475
4475
9325
9075
12500
5675
9525
7100
5825
9625
5650
5400
4150
2025
-1925
-850
-925
-3375
-10150
-9275
-12600
-11325
-11225
-13050
-15025
-18650
-18550
-21475
-19100
-19625
-18350
-24050
-24200
-27350
-23425
-26050
-25750
-27550
-32625
-32600
-33500
-30375
-35200
-29600
-33075
-36600
-38075
-30725
-33525
-31425
-27475
-30425
-29350
-26725
-19425
-25625
-16500
-17550
-19275
-17575
-9300
-13150
-14250
-8025
-10800
-12250
-13700
-6450
-13800
-11350
-12575
-16750
-15250
-15225
-17050
-19025
-17800
-23800
-21600
-23825
-21925
-27550
-25100
-22050
-27900
-26600
-26875
-22700
-26600
-25650
-24750
-21950
-24275
-22825
-21600
-21325
-19450
-20875
-18050
-19275
-16950

-16300
-17625
-14725
-13925
-15525
-15100
-11875
-13200
-12050
-13600
-9350
-11600
-11325
-7000
-8250
-6250
-8275
-4675
-3950
-3325
-2400
-625
1050
1625
900
4600
9250
5300
5725
8050
8075
9075
7875
11550
9675
8825
5600
3300
6875
5950
3950
-300
-1500
-4375
-4525
-5950
-6775
-10250
-12300
-12950
-18250
-13900
-15650
-15200
-20325
-20950
-22275
-22075
-20150
-22350
-22000
-27825
-26725
-29375
-25900
-31400
-25825
-29875
-36550
-35950
-33525
-30950
-35225
-28950
-35850
-34200
-33450
-27525
-30675
-25575
-23450
-26400
-24075
-18675
-16550
-19325
-11700
-13300
-15450
-12275
-8750
-9800
-10575
-10775
-12450
-10825
-11550
-12325
-15925
-12275
-15500
-20250
-17925
-18725
-21800
-22175
-21725
-24475
-25650
-24650
-24350
-25625
-26125
-25300
-25825
-24550
-25900
-24250
-22725
-23250
-21750
-22900
-20900
-19700
-19350
-20175
-17000
-17075

-17875
-16250
-13225
-14100
-17225
-12100
-12475
-14375
-13200
-10550
-9025
-11850
-9800
-8250
-8450
-7875
-4750
-4650
-4300
-3925
-2650
1675
100
4350
1500
5400
5625
4375
9125
9300
10050
8000
8050
7050
10400
10675
9550
4475
5725
5200
-150
2275
-1000
125
-6050
-7300
-11650
-9300
-8650
-11875
-15075
-16650
-17000
-19600
-16550
-19225
-18075
-23525
-22900
-24350
-23400
-24375
-23400
-25875
-31625
-30375
-29900
-30875
-31975
-30325
-33800
-36425
-36275
-30600
-32475
-31000
-28675
-32675
-31975
-25350
-24625
-23800
-19300
-18225
-20525
-18375
-11675
-13325
-11950
-10200
-11550
-11875
-8500
-11625
-11350
-8975
-10600
-14275
-15950
-11200
-17250
-18325
-16600
-19100
-22250
-20925
-21875
-24000
-24425
-25150
-22550
-27325
-25625
-26175
-23775
-24900
-25950
-23650
-23025
-21525
-23825
-21200
-20000
-18700
-21150
-18675
-16200
-16875

-16450
-16575
-13425
-16750
-13975
-11525
-12875
-14000
-11050
-10575
-11125
-10350
-9525
-6400
-10050
-6150
-7500
-4925
-2575
-3350
-2175
-125
1250
650
2750
5425
9125
5375
7250
7800
8250
11775
8450
9450
8150
8825
7175
5775
8425
5950
1725
-800
-3500
-925
-2400
-6225
-7625
-9825
-12350
-14875
-13050
-13925
-15275
-17975
-18600
-22575
-19075
-19425
-19875
-23000
-25025
-25875
-27225
-24825
-27875
-26900
-30750
-31775
-34650
-31800
-33800
-31100
-30950
-35450
-34775
-33475
-28425
-32350
-24875
-25550
-25825
-25875
-19950
-18400
-17575
-12950
-15850
-12925
-13125
-9200
-13275
-7725
-8225
-12075
-11450
-9625
-10300
-14025
-11675
-13675
-15425
-18225
-15825
-19925
-20850
-20900
-22275
-22125
-26225
-23825
-22725
-24900
-27550
-24550
-23575
-24450
-25100
-23750
-21200
-23900
-21275
-21900
-19575
-18525
-19625
-18275
-17950
-16700

-16825
-14500
-14775
-13800
-14675
-12525
-13675
-12525
-9675
-11500
-10250
-11000
-9500
-8625
-7025
-5675
-6325
-3875
-3300
-2750
-3050
2500
2025
2075
2175
4275
8475
6350
8875
7975
10550
8950
6800
10575
11700
11225
7125
6750
4175
6450
2850
3100
-350
-1700
-3350
-9450
-7425
-8800
-7125
-13600
-14875
-17250
-15625
-15750
-17175
-18200
-20500
-21350
-23875
-21100
-23025
-22525
-26150
-26625
-29625
-29350
-29250
-29550
-29400
-34975
-33700
-33575
-32375
-34000
-30475
-30700
-32950
-31375
-26975
-27000
-24550
-18875
-22075
-21775
-17125
-15225
-15075
-11500
-9275
-13075
-11775
-7950
-9175
-12100
-7725
-9925
-13350
-11825
-13350
-13050
-15850
-16550
-16950
-19775
-20400
-21225
-21575
-23025
-23100
-24125
-23775
-25300
-25600
-24100
-25025
-23700
-26100
-22200
-23325
-22150
-21525
-21675
-19625
-18900
-18525
-18925
-15525
-17050

-16375
-17375
-13225
-14175
-15000
-11875
-12800
-10700
-13250
-10775
-9000
-9850
-10550
-7050
-6025
-8025
-4825
-4400
-1025
-4925
-775
850
525
2950
2700
7325
6400
5850
6675
9225
10475
12525
7825
10075
9675
8425
10475
5650
8275
5625
3100
-1075
-675
75
-2425
-6625
-9175
-9750
-11300
-10650
-15050
-13100
-15125
-17700
-19400
-17800
-18500
-20300
-20025
-22675
-25000
-24625
-24325
-25150
-27875
-29025
-29025
-31825
-31875
-32650
-30850
-31775
-34050
-34250
-31550
-32475
-29375
-27750
-28050
-27800
-25525
-20500
-23050
-16800
-14375
-17300
-16225
-10400
-11450
-12350
-8925
-8100
-9125
-13000
-8375
-10475
-10300
-11525
-13650
-14050
-15025
-15700
-18475
-17500
-20725
-19675
-23250
-20775
-24925
-23250
-23100
-25450
-25800
-25625
-21800
-25225
-23900
-24175
-20800
-22600
-22100
-20975
-19150
-17575
-20825
-16350
-17075
-15925

-16825
-14725
-13700
-14525
-13700
-13475
-10400
-13975
-10200
-10700
-9250
-10225
-8925
-6375
-7925
-5925
-6500
-3900
-3325
-1475
-50
700
2025
2700
3100
5175
9800
6275
8650
7675
9425
11600
9650
11225
10925
10325
6925
4350
7475
8300
3800
-25
325
-1750
-5075
-6250
-5925
-8375
-10350
-12650
-15475
-13700
-15425
-14450
-17850
-19175
-21000
-20475
-20050
-21525
-21925
-25450
-24525
-28775
-26275
-28500
-27075
-30100
-32275
-33775
-32875
-31050
-32550
-30375
-34100
-32675
-30350
-28625
-28975
-24825
-21850
-23500
-22350
-18725
-15200
-17925
-11750
-10025
-12475
-11600
-10100
-8100
-9700
-8825
-11100
-9575
-11450
-11500
-14825
-11425
-13375
-17875
-15950
-19025
-19300
-22175
-20600
-22475
-25175
-23750
-22600
-24325
-26700
-23525
-23350
-23375
-26375
-22350
-21050
-22575
-21050
-20750
-18600
-20200
-17925
-17550
-17125
-16750

