
Curva de Excitacao - Bobina Girante (Dados Brutos)

Arquivo..............: C:\Arq\Wiggler\Medidas Wiggler - Corretoras\Bobina Tungstenio\Gap42\Translado42_X=-8_#013.dat
Data.................: 02/02/2005
Hora.................: 10:21:33
Ganho................: 20
N. de Coletas........: 1
N. de Voltas.........: 10
Intervalo de Análise.: 4 - 8

1400
6675
5050
700
1450
2875
725
-625
-2500
-2025
-4000
-5800
-5650
-9000
-12475
-13325
-12675
-15100
-11575
-16550
-13875
-15225
-19025
-17075
-18875
-15200
-14850
-16550
-16350
-12375
-15575
-12950
-15325
-10550
-9050
-11625
-8200
-7150
-2875
-8125
-6925
-4500
-3900
-3450
-4775
-1025
-600
-4775
-5325
-4425
-5400
-5350
-6525
-5450
-4350
-10150
-9675
-10450
-10475
-9825
-12225
-11525
-13725
-14950
-15025
-13500
-14850
-14975
-15925
-17300
-17225
-16100
-16375
-19225
-17050
-20025
-18225
-21125
-18925
-19750
-22675
-22150
-22300
-24500
-26375
-28900
-29125
-27875
-32200
-32150
-33025
-33725
-37975
-40375
-39275
-38125
-40100
-39800
-41150
-41300
-42975
-41925
-38150
-2040
-40525
-37250
-35300
-36175
-36200
-31725
-26100
-29350
-26300
-21525
-19875
-21300
-15875
-10075
-10925
-9200
-5725
-2925
-4675
-2450
1350
4950
2050
1825

4000
4175
4300
1825
4200
1850
625
-2450
-300
-3550
-3025
-6900
-8300
-7800
-10725
-10625
-13500
-12675
-15525
-15875
-18575
-12525
-15150
-16975
-17575
-15525
-13625
-18875
-14625
-14025
-12375
-14600
-13725
-10250
-9350
-9500
-10275
-7425
-4000
-6300
-7400
-2450
-1725
-4150
-3400
-3225
-3025
-4225
-2450
-2400
-5200
-4475
-6925
-7175
-6950
-6425
-8350
-9125
-9750
-10900
-14125
-13075
-10425
-12700
-14175
-16600
-13775
-15725
-15875
-16325
-15075
-15875
-19100
-17850
-16950
-16400
-19725
-19675
-19850
-19825
-22375
-20800
-21975
-24875
-23150
-28050
-28075
-28125
-31400
-32400
-35350
-32575
-36425
-38775
-36300
-39050
-42150
-41375
-40200
-39850
-41050
-41850
-39375
-41525
-38825
-37625
-34575
-34875
-34200
-31950
-28825
-29025
-27150
-21375
-20025
-16975
-17000
-11625
-11775
-9600
-5050
-3575
-375
-1825
775
1125
4650
2350

5025
4900
4625
2125
1700
4975
1200
100
-2850
925
-5125
-6675
-7450
-6375
-10225
-13225
-11350
-12425
-13550
-17350
-13675
-14550
-15900
-17625
-16525
-12400
-15725
-17700
-14550
-12725
-14625
-12975
-12750
-9875
-9400
-11025
-7775
-8300
-3875
-5300
-6700
-4000
-2675
-1975
-4525
-1550
-1275
-3450
-4300
-3875
-4425
-3800
-5125
-5850
-5000
-8925
-9425
-10225
-7650
-9200
-12700
-11250
-12825
-13675
-16300
-12150
-13675
-14775
-17200
-15350
-16725
-15775
-16650
-17525
-16625
-18950
-16975
-19050
-19425
-19350
-21250
-21025
-23600
-23625
-24650
-27725
-28375
-27000
-31200
-32975
-33175
-33500
-35450
-41600
-35675
-38075
-39525
-41125
-40450
-39875
-42275
-39550
-39350
-38375
-41150
-35475
-36600
-35350
-34425
-30625
-26700
-29175
-24600
-23350
-17350
-19975
-15525
-12900
-8200
-9225
-7075
-2750
-1375
-1200
275
5575
2575
2825

3025
6550
4025
3025
3625
3375
1750
-2675
275
-1875
-3750
-8275
-5850
-7150
-10400
-11250
-12400
-12425
-14700
-15450
-14650
-14025
-15750
-16800
-16125
-15025
-13950
-17450
-13600
-13650
-13725
-13125
-13875
-9450
-9325
-9200
-8500
-7475
-4850
-5750
-5975
-2550
-2025
-3000
-2450
-4800
-1625
-3500
-1800
-3250
-3600
-3950
-7750
-4525
-5125
-6725
-8250
-7300
-8350
-12200
-11700
-9450
-10575
-13575
-12925
-13900
-14775
-15300
-14400
-15100
-15850
-14825
-17475
-17525
-16150
-17900
-17825
-19000
-19600
-18575
-21000
-21725
-22775
-23950
-22800
-28700
-26600
-27425
-31375
-32775
-33350
-32175
-36525
-37200
-37000
-38800
-42025
-39075
-40750
-38275
-40575
-41725
-37600
-40175
-37750
-38300
-33425
-35725
-34325
-30725
-27700
-28675
-26375
-20225
-19000
-16750
-18100
-11025
-9975
-8825
-5375
-1150
-775
-2800
1850
3575
3550
2900

5875
5700
3350
3575
3775
4050
1025
275
50
-2550
-3525
-5050
-6225
-8600
-10575
-10675
-11900
-12775
-12125
-14950
-15200
-13400
-16475
-15475
-16850
-13350
-14525
-16775
-14350
-13675
-11900
-12525
-12675
-10150
-7050
-10900
-8900
-6400
-2450
-5575
-6950
-1500
-3700
-3375
-2775
-1100
-2025
-3525
-2600
-2700
-3350
-3700
-4775
-4875
-4825
-9750
-8525
-7875
-8225
-9950
-11375
-10850
-13200
-12200
-12925
-14850
-13200
-13450
-16450
-17300
-14450
-14125
-17350
-17375
-15075
-18175
-18000
-17825
-19375
-19750
-21100
-20175
-23375
-22500
-23875
-27525
-27675
-26750
-30525
-32075
-31625
-34150
-36125
-39175
-35300
-38025
-38525
-39925
-39675
-39575
-41275
-40100
-38550
-37100
-39325
-36500
-35325
-34300
-34150
-29250
-27350
-28725
-24775
-22050
-19475
-19125
-14275
-8875
-10025
-8675
-5600
-2400
-2075
-1400
2575
4275
3550
2950

5525
5825
6250
3575
2375
2950
2425
-400
-700
-1050
-3000
-4825
-7125
-6300
-9525
-10225
-12700
-11925
-12350
-16225
-14275
-12875
-14625
-18725
-15100
-13550
-14325
-16350
-12050
-11900
-14475
-11675
-13900
-7825
-7925
-8475
-8050
-6775
-4125
-5400
-3850
-2500
-1375
-2775
-1725
-2475
-1400
-1700
-2175
-2350
-3650
-2750
-6000
-4700
-3875
-7100
-7750
-9325
-7425
-10525
-11000
-10675
-10500
-12500
-14125
-15275
-12425
-12725
-16150
-14450
-15175
-14925
-17825
-14625
-15450
-19250
-16275
-17050
-17325
-19925
-19300
-21050
-22025
-22675
-22575
-26925
-26550
-26150
-31300
-32425
-33200
-31600
-35700
-37875
-36475
-37675
-39625
-39550
-40425
-38125
-39475
-41475
-38650
-38375
-37900
-36350
-35700
-32275
-34175
-31050
-28500
-25850
-24125
-21325
-17900
-17200
-16600
-11900
-7500
-7375
-5125
-2300
-25
-1400
1275
4950
5775
4050

2400
6900
5625
4925
1625
5175
3325
-1650
200
-1050
-1525
-7050
-5175
-7025
-9150
-12650
-10175
-9975
-14025
-15150
-15275
-11925
-16675
-14525
-15500
-13675
-13900
-16900
-14000
-12300
-11300
-12475
-13275
-10725
-7450
-9525
-6825
-5400
-4625
-4175
-6100
-2725
-2850
425
-1875
-2675
-775
-1750
-3200
-3025
-850
-1950
-5925
-5675
-3325
-8500
-8700
-6250
-6750
-9650
-12350
-10325
-10450
-12175
-13025
-13700
-12200
-15575
-15050
-14900
-13525
-15725
-15925
-15875
-16450
-17550
-15650
-17800
-20100
-18400
-20850
-20975
-22700
-21250
-23400
-28075
-26400
-26875
-29400
-31475
-31650
-34500
-35850
-37425
-35150
-36575
-39275
-38325
-41625
-39250
-41125
-39275
-37025
-37650
-38825
-37800
-34025
-33475
-31475
-31300
-25625
-27950
-26050
-21975
-17625
-16375
-14825
-9175
-9550
-8700
-7075
200
-400
-50
1200
3775
4525
1525

6800
7500
6400
1350
3875
4300
2125
775
275
175
-4950
-5050
-6450
-5975
-8850
-9525
-12400
-11975
-13100
-15275
-13050
-14100
-14350
-16600
-15925
-13400
-12825
-14725
-13425
-14025
-12575
-11775
-13175
-6725
-5775
-9950
-9225
-6625
-2375
-5350
-5050
-900
-1825
-2925
-3400
-1225
-500
-650
-3325
-1500
-2875
-4500
-5675
-3750
-3225
-9000
-6275
-9000
-7525
-11025
-9500
-10225
-11200
-12225
-13750
-13375
-12925
-12725
-16000
-14625
-15850
-15225
-16500
-15850
-15425
-16750
-15850
-18700
-18400
-17625
-20625
-22000
-21625
-21275
-24425
-26225
-26825
-26225
-32100
-30900
-32325
-32525
-34800
-38175
-35775
-38950
-39075
-40625
-38325
-37650
-39850
-41850
-37850
-38400
-39475
-34925
-34725
-32700
-35950
-30100
-26875
-26650
-25450
-19375
-17575
-20125
-15575
-10725
-7700
-8950
-3600
-2125
-1575
-1750
2500
5675
3825
4625

