
Curva de Excitacao - Bobina Girante (Dados Brutos)

Arquivo..............: C:\Arq\Wiggler\Medidas Wiggler - Corretoras\Bobina Tungstenio\Gap42\Translado42_X=-3_#018.dat
Data.................: 02/02/2005
Hora.................: 10:30:13
Ganho................: 20
N. de Coletas........: 1
N. de Voltas.........: 10
Intervalo de Análise.: 4 - 8

-9400
-6425
-6925
-7925
-8875
-7150
-7275
-7400
-10875
-11425
-8575
-10150
-11450
-10525
-11875
-15650
-13500
-14200
-11225
-15875
-11300
-11075
-17050
-14675
-14525
-9475
-10250
-10675
-9400
-7275
-8575
-5375
-7350
-3025
-950
-3675
150
575
1750
-625
250
375
-175
2925
550
-675
1025
-1500
-3400
-3575
-4675
-6150
-7600
-8600
-6600
-10275
-11250
-13325
-13725
-13100
-17225
-13950
-15825
-16100
-20700
-18500
-17325
-18000
-19050
-19050
-17425
-19850
-19375
-19775
-15725
-19175
-16500
-18025
-18975
-16550
-17800
-15850
-18600
-16450
-20425
-20525
-20725
-18850
-24225
-24600
-23700
-24275
-27500
-33525
-30600
-31075
-32275
-35800
-34750
-34275
-38225
-39325
-36850
-37500
-38800
-34600
-35200
-38325
-36250
-32475
-31750
-32600
-27875
-29075
-26675
-26250
-23500
-20875
-17400
-17750
-19525
-12100
-11825
-12400
-13925
-5950
-8400
-10750

-8500
-5750
-5550
-9450
-6200
-7675
-6750
-11375
-7275
-8600
-10050
-12275
-11975
-8475
-14200
-12600
-12425
-11750
-15325
-15500
-13925
-10900
-13875
-13225
-12900
-12700
-8950
-12050
-8975
-7475
-6050
-5850
-6700
-2150
-1975
-1825
-150
-1625
1925
2425
675
500
2325
1850
-25
-1725
1500
-2175
-3650
-1575
-4825
-3825
-8325
-6025
-8750
-10650
-11550
-11250
-10750
-14275
-15850
-16675
-14975
-18000
-16375
-17775
-16750
-19375
-18650
-19325
-19275
-14675
-19125
-18700
-18875
-17325
-17000
-17100
-17950
-16750
-17275
-17600
-17775
-17675
-16625
-22325
-19900
-19125
-22000
-23950
-25975
-23200
-28350
-31350
-29000
-30000
-35025
-35375
-34125
-34925
-37475
-37800
-34075
-39700
-38475
-36100
-35900
-35125
-34400
-33325
-32800
-30775
-31125
-27150
-24825
-23200
-26525
-19875
-16575
-19825
-15325
-12125
-11500
-15875
-9225
-8125
-8425
-8975

-6400
-6275
-8025
-5775
-8225
-5200
-8050
-7975
-10150
-8350
-9450
-11475
-9900
-10700
-12775
-13425
-13150
-13700
-12125
-12975
-14250
-13375
-12975
-12550
-14250
-9375
-7800
-13375
-9725
-6575
-4900
-6675
-4875
-2200
-2275
-2625
-175
275
1700
1800
-850
3050
2325
1450
-275
750
300
-2025
-300
-2825
-5100
-6225
-5175
-7525
-6825
-10725
-9575
-13100
-12100
-13550
-15550
-14075
-16150
-16925
-18775
-17400
-17400
-16175
-18425
-18750
-19175
-17375
-19050
-18550
-15925
-16925
-17075
-17900
-17200
-15125
-17375
-16825
-17975
-18125
-17200
-20725
-19525
-19625
-22100
-25025
-24375
-24825
-26825
-31850
-28625
-30975
-34875
-33475
-35325
-34250
-38650
-36500
-36100
-37375
-37325
-35150
-37275
-35650
-34300
-34125
-28550
-31725
-29825
-27900
-23850
-26175
-24575
-18900
-16800
-19800
-17325
-12025
-13150
-12025
-10000
-8050
-9350
-8050

-6825
-7950
-5425
-6000
-7325
-7175
-6225
-8350
-8575
-7650
-8750
-10425
-12475
-9900
-11650
-12750
-12275
-13000
-11775
-15725
-13375
-11875
-11800
-13375
-13875
-9800
-8725
-11850
-9525
-5200
-6775
-5075
-7375
-1325
-1450
-1000
-875
650
3500
1100
-375
1675
3450
1500
2050
725
575
-2125
-1575
-1850
-4025
-3375
-5975
-7175
-8825
-10600
-9025
-11250
-11325
-13575
-15625
-15650
-15250
-15775
-17850
-17375
-16950
-17150
-20925
-16850
-15900
-17350
-19000
-18375
-16700
-18750
-14750
-17975
-16225
-16775
-15800
-17400
-17800
-15900
-17525
-19775
-19600
-17925
-23575
-23275
-24650
-24275
-27450
-29700
-26975
-31275
-33600
-34625
-33225
-35050
-36000
-37950
-35750
-37150
-37650
-36475
-35950
-33300
-35750
-33975
-30300
-31750
-30100
-25350
-23850
-24875
-23925
-19675
-17675
-18500
-14900
-14250
-12525
-11175
-10625
-8075
-7200
-7000

-9025
-4950
-5475
-8200
-7875
-4450
-5850
-11225
-7350
-8150
-8475
-12400
-9325
-9600
-12475
-13700
-13825
-11125
-12400
-14025
-14050
-10225
-14100
-12875
-12100
-9875
-9725
-11200
-6550
-9275
-5575
-4525
-5200
-3175
-200
-875
-1075
-150
2450
1950
1175
2750
1675
2150
1800
-950
1700
-375
-1750
-3975
-3825
-3175
-7475
-4650
-6450
-10000
-12825
-10700
-11350
-12150
-14775
-13575
-15825
-17900
-16375
-18100
-15100
-18250
-18325
-18450
-18275
-18225
-17300
-15225
-17950
-17450
-16375
-17200
-18300
-13925
-15725
-16900
-18175
-15825
-16525
-20925
-18275
-18475
-22100
-24550
-22750
-24425
-28050
-30150
-29075
-29725
-33450
-32375
-35175
-34675
-36200
-38275
-34750
-35900
-36550
-38100
-34350
-33675
-35600
-33775
-27225
-31450
-31850
-25875
-23550
-24950
-23850
-16775
-18925
-19000
-15150
-12500
-11650
-11575
-10175
-9300
-5425
-9550

-6975
-5225
-4325
-6825
-7025
-3450
-8000
-8450
-7475
-6700
-11425
-8900
-9850
-10150
-11525
-11650
-11025
-13700
-11500
-14200
-12450
-11375
-11600
-12900
-12625
-8575
-9500
-9525
-8575
-6525
-6250
-4975
-5100
-2725
975
-1500
600
225
4475
1050
650
3800
2075
3650
2100
1725
-1350
-750
-525
-1575
-3250
-3800
-5525
-7925
-6300
-9550
-9325
-11000
-11225
-14000
-14550
-13975
-14350
-15075
-16775
-16850
-18150
-16775
-17375
-17875
-17125
-16050
-18275
-18375
-16600
-16200
-14850
-17725
-16125
-15475
-16925
-15975
-17000
-15725
-18100
-18450
-19075
-18250
-22425
-22275
-23850
-24150
-25800
-29450
-28375
-31725
-32800
-32925
-34050
-33750
-36300
-35850
-36400
-35325
-37875
-33750
-34050
-33175
-37050
-32075
-28075
-32575
-28675
-25275
-22325
-27275
-21425
-18925
-18150
-17850
-14150
-12700
-12575
-10600
-10100
-6925
-8150
-7300

-7150
-5800
-5150
-6425
-5250
-6125
-5500
-8200
-7075
-9025
-7150
-8950
-10350
-9650
-12350
-10625
-13450
-10300
-11175
-13400
-12700
-11125
-11000
-13025
-12050
-9975
-8025
-11500
-7025
-6175
-5625
-3350
-6275
-400
-525
-550
-1425
1375
4450
1750
1475
3675
2575
700
3125
3000
2075
-1325
-275
-2150
-5050
-3025
-4400
-4775
-7325
-9750
-11000
-11475
-10675
-10925
-14475
-16075
-13925
-15700
-16925
-16375
-14775
-16925
-18975
-17725
-17575
-15900
-17500
-16550
-16350
-17125
-16150
-16750
-14625
-15500
-16575
-15350
-15400
-17925
-16100
-18650
-19400
-18150
-22350
-21650
-24225
-23225
-27100
-29875
-29025
-28850
-31400
-33450
-34650
-34375
-36025
-37075
-33425
-36750
-36700
-35025
-33450
-34800
-34825
-30900
-28475
-31600
-30250
-25050
-24825
-22500
-22225
-18250
-17325
-17000
-16100
-13925
-9850
-12025
-9925
-7500
-5750
-7450

-6975
-5175
-4800
-6550
-6575
-4400
-6300
-7625
-7700
-7375
-6875
-11400
-9900
-8900
-10150
-13700
-11050
-10650
-11475
-14625
-11650
-9200
-13825
-11125
-12325
-8900
-9575
-9450
-7100
-6625
-4625
-4825
-4725
-2475
425
-550
1200
925
1250
3375
2075
3175
2350
5825
2150
-325
25
1400
50
-2225
-1875
-4625
-6325
-6725
-5425
-8075
-9625
-10550
-12125
-12225
-15200
-12900
-13225
-14725
-17850
-17350
-15800
-16900
-16550
-17100
-16900
-17975
-17400
-17775
-16100
-15975
-15550
-15800
-17500
-14200
-16600
-14700
-18375
-14625
-16475
-19850
-18725
-17425
-20700
-24225
-22750
-23800
-25525
-30875
-27925
-30425
-32950
-32650
-34500
-33200
-36925
-36750
-34975
-35450
-37750
-35250
-32625
-34775
-34525
-32450
-28875
-31250
-28025
-25675
-24075
-23550
-24200
-18150
-17525
-15900
-16500
-11400
-10425
-10950
-11575
-6675
-4450
-9450

