
Curva de Excitacao - Bobina Girante (Dados Brutos)

Arquivo..............: C:\Arq\Wiggler\Medidas Wiggler - Corretoras\Bobina Tungstenio\Gap42\Translado42_X=-1_#020.dat
Data.................: 02/02/2005
Hora.................: 10:33:19
Ganho................: 20
N. de Coletas........: 1
N. de Voltas.........: 10
Intervalo de Análise.: 4 - 8

-13125
-10000
-8550
-10725
-11650
-9975
-7925
-13125
-10275
-12075
-10300
-13775
-13250
-10575
-13150
-13425
-14000
-11750
-13850
-13300
-13600
-11350
-12275
-11000
-11500
-10175
-5975
-9075
-5875
-5650
-2675
-1825
-4750
150
500
2000
1250
300
3400
4525
2075
1275
3925
2675
1400
-3400
-400
-2475
-1725
-2850
-6550
-5475
-11350
-8900
-10525
-9325
-13425
-13425
-15100
-17775
-18425
-16200
-15800
-20050
-19000
-22575
-19125
-21875
-18800
-20475
-20450
-20250
-21600
-20525
-20175
-17725
-18600
-16450
-20225
-16925
-16550
-15725
-18100
-16125
-14125
-20225
-19050
-16400
-18000
-22075
-22225
-20300
-22525
-27950
-27300
-27325
-30000
-31775
-33275
-30825
-33750
-36475
-33400
-37050
-34775
-36225
-35075
-33900
-25
-70200
-30600
-29825
-32275
-29500
-26175
-23425
-28950
-22275
-19400
-20475
-20350
-16600
-14025
-16700
-14200
-12050
-10200
-13350

-10275
-10800
-9500
-9575
-11650
-7850
-10000
-9675
-12375
-9800
-11325
-12400
-12400
-11925
-13400
-11975
-12750
-14675
-11225
-12800
-13600
-12525
-11475
-9475
-12250
-9525
-6125
-7900
-7450
-5550
-1975
-1775
-2600
-225
2900
800
1575
225
4675
4525
1625
2775
2125
2975
1175
700
-250
-1275
-3925
-4025
-6175
-5800
-6600
-9350
-10100
-13650
-13050
-14400
-12700
-15600
-16925
-18175
-19650
-18425
-18725
-19425
-20250
-18525
-22325
-21525
-20375
-17650
-20250
-20150
-19225
-19875
-18425
-17950
-17350
-16225
-16175
-17625
-17625
-15500
-15575
-18650
-17375
-17375
-19700
-20775
-20975
-21425
-22800
-27350
-26225
-27475
-28400
-31600
-33700
-31625
-33775
-34450
-35525
-34225
-37125
-35625
-36400
-32450
-34675
-34175
-31200
-32025
-29700
-30500
-25125
-26550
-25400
-23700
-19125
-21050
-18550
-16750
-16100
-14075
-14625
-12500
-12400
-8725

-11575
-11575
-8775
-8750
-11050
-10675
-8425
-10575
-11450
-11725
-8975
-11225
-14200
-10825
-12425
-11975
-14425
-12200
-11200
-13550
-13325
-11550
-9750
-10975
-11250
-8875
-6300
-8650
-4850
-4875
-2950
-850
-4075
550
600
4325
1200
1000
3800
4450
2150
3000
3650
3125
1950
-1950
-775
-1450
575
-3350
-6225
-6200
-7800
-8450
-10300
-11025
-11000
-14100
-16375
-15500
-16150
-16825
-17800
-17250
-20350
-21500
-19075
-17850
-21450
-19875
-19850
-19950
-21825
-18100
-17425
-19850
-16325
-18850
-17500
-17550
-15125
-16750
-16625
-15725
-15575
-18250
-17150
-16075
-20200
-18625
-22300
-21625
-23100
-24850
-27575
-27625
-29150
-30050
-33025
-32100
-32475
-36500
-34025
-34400
-34650
-35700
-34975
-33500
-34725
-33550
-31275
-30450
-30850
-28550
-27525
-24600
-24900
-22925
-20725
-19550
-17925
-18675
-15375
-12925
-14175
-13550
-9975
-10325

-12475
-9775
-8200
-8950
-11700
-7850
-7900
-11625
-11375
-10125
-9225
-12450
-12575
-11350
-10525
-13075
-13300
-12650
-10850
-12350
-13450
-9475
-11800
-8875
-11075
-8100
-7250
-7100
-5100
-5825
-2100
-1175
-1500
-525
725
2250
3600
1200
4475
5625
2600
2075
1350
4750
3225
-950
225
-525
-2300
-5750
-4075
-3500
-7925
-9475
-10275
-11000
-13600
-12375
-13225
-14750
-18400
-17300
-18125
-17525
-18675
-19025
-17900
-21775
-20450
-20850
-17625
-20300
-18350
-19075
-19825
-19950
-15700
-16700
-18950
-14575
-16925
-15725
-18025
-13625
-15625
-17450
-16900
-16600
-17300
-21150
-21000
-21900
-20575
-26950
-25700
-26200
-27775
-30350
-33525
-29775
-33675
-34325
-34425
-34200
-34250
-35975
-33500
-32700
-33750
-35375
-29325
-30175
-30525
-29700
-24100
-24425
-26875
-21675
-19275
-18975
-20050
-16325
-15075
-12775
-14225
-12925
-9325
-11150

-11175
-10225
-6300
-9950
-10800
-7975
-8825
-10775
-10925
-8475
-10975
-10975
-12100
-10875
-12600
-10775
-11800
-12925
-10550
-12150
-13000
-12750
-8625
-9425
-10925
-9900
-5100
-5700
-6000
-3950
-3700
275
-2825
0
2025
4000
3700
-575
5325
4875
3600
2025
3475
4225
1550
-25
100
625
-1900
-2625
-6275
-5000
-8050
-7200
-8075
-10975
-10925
-14700
-13950
-15400
-15375
-16200
-17025
-19250
-18825
-19575
-19000
-18025
-19175
-20075
-21775
-17850
-18550
-19200
-19550
-17200
-16100
-19375
-16525
-15550
-15500
-15725
-15000
-16750
-14675
-16600
-17725
-16850
-18175
-17800
-22650
-20000
-21950
-26100
-25725
-26125
-27650
-30625
-31625
-31800
-32400
-35250
-34075
-33125
-35100
-34200
-35700
-31925
-34950
-32600
-30600
-29550
-31275
-27950
-23975
-25400
-25275
-22050
-19175
-21525
-16900
-16950
-14275
-14575
-13350
-11275
-11425
-9125

-10925
-9750
-9400
-8025
-10150
-9575
-7900
-9000
-9625
-11150
-9150
-11200
-11950
-11175
-11450
-11425
-12825
-11900
-10500
-10675
-12875
-11225
-9350
-9800
-11350
-7500
-4375
-8175
-5250
-4550
-825
-1350
-1600
1075
1375
3100
2475
2825
4300
5800
2575
3700
2925
4850
3150
1225
1050
-2225
-750
-3100
-3925
-4950
-5575
-9275
-10900
-9650
-10625
-12425
-14250
-13325
-17075
-18300
-16425
-16425
-18225
-19650
-18975
-19550
-19700
-19275
-19275
-18275
-19000
-19050
-19100
-16950
-16525
-17300
-15350
-16425
-16725
-14375
-14775
-16100
-13675
-16900
-17475
-16500
-16525
-19775
-21950
-20050
-21375
-25275
-25975
-25850
-28825
-29425
-32350
-30250
-33075
-33725
-34200
-34475
-34050
-34950
-33425
-33475
-33850
-32900
-28825
-31575
-29600
-28300
-25275
-24400
-24575
-20450
-20750
-18375
-18775
-16925
-13050
-13300
-13500
-13150
-8800
-10125

-10075
-9650
-7850
-8300
-10550
-8825
-8600
-8100
-11500
-9875
-8400
-10675
-12650
-10650
-9525
-11950
-13000
-12425
-9675
-13250
-10950
-10250
-9775
-9600
-11100
-6450
-6175
-5500
-5050
-4800
-2875
425
-2000
1200
3050
2975
2925
700
4825
5625
4575
4325
3000
4750
1550
225
425
1125
-325
-4475
-4650
-4900
-6375
-7900
-8225
-10875
-12150
-14325
-13575
-12775
-16650
-16350
-17175
-17050
-20175
-18050
-18125
-18075
-20625
-20150
-18925
-18575
-18425
-18275
-16900
-19500
-16350
-15900
-16275
-16500
-14975
-14100
-17950
-14575
-14350
-16275
-18000
-15475
-17350
-19675
-21050
-20225
-20225
-26925
-24900
-27575
-26825
-30225
-32050
-30425
-31325
-35025
-34500
-32300
-35700
-34925
-34400
-31350
-34675
-33325
-28850
-30450
-29175
-28575
-24675
-24250
-24050
-22550
-19125
-16675
-19200
-16125
-13375
-12275
-15050
-10625
-9100
-10775

-11775
-9025
-6425
-9775
-9075
-8875
-7050
-10900
-9300
-9750
-9125
-10100
-11650
-11050
-12400
-9925
-12625
-11100
-10950
-11525
-11650
-10825
-9575
-9325
-8550
-8925
-6100
-6925
-4275
-4600
-1675
1925
-3150
1050
2375
4100
2075
2925
5725
3775
3475
3450
4300
3750
4450
-850
325
375
-400
-3325
-4525
-2900
-8050
-8875
-8975
-9225
-12050
-11950
-12950
-15275
-15975
-16275
-15675
-17525
-17525
-20125
-19175
-18675
-18775
-19600
-18725
-16800
-19900
-18050
-19075
-17600
-16025
-16325
-17225
-16225
-13975
-15325
-16150
-15075
-13250
-18200
-16725
-15775
-17875
-18875
-21375
-19700
-22000
-23975
-26175
-26675
-27375
-29200
-32525
-30350
-31175
-35625
-33700
-34075
-32550
-36200
-33750
-31750
-34950
-32650
-30500
-28500
-31025
-28175
-24950
-23650
-25625
-21475
-18975
-19025
-17700
-17000
-13475
-14100
-13025
-11875
-9075
-10075

