
Curva de Excitacao - Bobina Girante (Dados Brutos)

Arquivo..............: C:\Arq\Wiggler\Medidas Wiggler - Corretoras\Bobina Tungstenio\Gap42\Translado42_X=-7_#014.dat
Data.................: 02/02/2005
Hora.................: 10:23:23
Ganho................: 20
N. de Coletas........: 1
N. de Voltas.........: 10
Intervalo de Análise.: 4 - 8

325
1150
1750
1225
-1275
-825
-350
-1200
-3075
-5975
-6250
-6500
-8400
-9575
-9150
-10275
-14550
-14900
-14650
-13300
-15525
-14150
-15275
-14350
-18150
-15575
-13525
-14250
-13200
-15450
-11275
-12275
-10575
-10675
-6700
-7825
-6200
-8750
-5250
-1175
-3450
-1525
-4700
-1650
-2275
-2550
-1625
-2475
-800
-3850
-4475
-4750
-5250
-5375
-7100
-8725
-7675
-9325
-10825
-10000
-13575
-12475
-14250
-12750
-13175
-16975
-14400
-15025
-14600
-18325
-15775
-15475
-17575
-18975
-15875
-16200
-19125
-17250
-19125
-18575
-21950
-17725
-23150
-24275
-21775
-25750
-26750
-27775
-28725
-31000
-33200
-32750
-32050
-35975
-37675
-40075
-38025
-37875
-41975
-38050
-37050
-41225
-41250
-39500
-36950
-36275
-35800
-34375
-33450
-32800
-30550
-28125
-22775
-22475
-24175
-18950
-16675
-14900
-13350
-8050
-8725
-6775
-4950
-1050
-3375
-2575
2350
1425

-300
-1425
3775
2425
-650
-1500
425
-1075
-5500
-4150
-4250
-5450
-10350
-8900
-11125
-10450
-12675
-13100
-11850
-14850
-14900
-17650
-13300
-14600
-14900
-16000
-14725
-14700
-13700
-13000
-12175
-9075
-12475
-9750
-8875
-6450
-5500
-7275
-3300
-3900
-2800
-3075
-2675
-100
-700
-2800
-3150
-750
-1525
-3000
-6000
-1925
-5800
-7525
-6000
-7250
-7075
-11600
-8700
-9725
-12675
-12775
-11700
-13800
-15425
-13650
-14200
-13675
-17825
-15900
-16325
-15400
-16825
-17150
-16325
-18900
-16500
-18800
-18775
-20350
-19375
-19675
-23075
-22750
-21950
-25900
-28800
-27100
-28875
-29000
-33225
-32950
-33675
-37700
-36150
-38350
-35725
-40175
-42350
-40175
-37850
-40650
-38400
-36000
-38075
-38250
-39625
-31775
-32425
-31425
-31075
-27350
-24675
-25675
-19800
-18300
-16725
-18400
-10375
-9525
-8800
-7775
-1500
-1825
-5025
450
1325
2725

-1475
2700
2125
1250
-1700
325
500
-1575
-2525
-5575
-4125
-8075
-7500
-9100
-10325
-11000
-13150
-13700
-14075
-12600
-14550
-14425
-16250
-14075
-16350
-15275
-13075
-13725
-12200
-15750
-11575
-9850
-10925
-8925
-9025
-5400
-7575
-7250
-4050
-1275
-2825
-2725
-3675
-150
575
-3500
-875
-1475
-1150
-4575
-3075
-3475
-4950
-5925
-6300
-7025
-8800
-8350
-10550
-10825
-11825
-10150
-13100
-13600
-12575
-15725
-14575
-15225
-14800
-16800
-15600
-15275
-17000
-16550
-17400
-16675
-17050
-17950
-19700
-18525
-18350
-20850
-23475
-22475
-20250
-26250
-26025
-26650
-29475
-31700
-32700
-32450
-32325
-35700
-38375
-37225
-37725
-37875
-42100
-36000
-38675
-42100
-39925
-37575
-34825
-38100
-34725
-34200
-33400
-33225
-28150
-26275
-25675
-24150
-21075
-17400
-18425
-13900
-11125
-8975
-10025
-6675
-2600
-3075
-1700
-700
2125
-250

1100
1825
2250
2775
-850
800
-1300
-775
-3350
-4675
-4125
-4575
-8975
-11250
-9800
-9125
-12450
-14500
-12150
-13600
-15850
-15100
-13900
-12700
-15700
-14400
-14675
-14150
-12725
-13475
-10850
-10100
-11450
-10925
-6700
-5850
-5175
-6325
-3100
-3150
-3300
-1050
-2950
1025
-1425
-2325
-2575
-1700
-75
-2825
-4400
-3500
-4275
-5500
-6025
-8250
-7600
-8350
-10525
-9525
-10900
-10975
-14075
-11825
-12700
-15275
-14675
-13500
-15250
-17800
-14350
-14925
-16625
-16925
-15125
-18025
-16775
-16775
-18675
-18275
-20175
-18075
-23050
-21625
-22775
-24775
-26325
-25800
-27375
-29575
-32950
-34425
-31200
-35500
-36775
-37525
-34725
-37600
-42625
-39475
-37875
-38350
-39125
-37775
-38125
-37800
-35800
-32200
-31075
-31525
-29275
-27550
-25275
-24425
-19650
-17275
-16425
-14925
-12550
-7825
-7300
-6175
-4600
-1025
-1350
-1925
1225
3200

2100
-25
4875
2925
-650
-750
1250
-175
-4025
-4875
-4500
-4300
-9325
-7025
-9500
-9475
-13350
-12925
-10950
-14525
-13350
-15050
-13500
-15325
-14550
-13975
-12150
-13325
-12500
-13400
-12300
-8050
-11950
-7550
-7775
-5900
-6850
-5700
-2225
-2675
-1375
-2625
-1925
-1250
750
-1525
-1775
-725
-650
-2675
-5200
-900
-3750
-5800
-6525
-6150
-6450
-10425
-7775
-9725
-11350
-12325
-10550
-11525
-14750
-14375
-13250
-13625
-16850
-14875
-14900
-15025
-16700
-15250
-16375
-17700
-15325
-17600
-18550
-18725
-17950
-18975
-22350
-22125
-21125
-23500
-27025
-25850
-29325
-27700
-33000
-32650
-31400
-35375
-37225
-38250
-35700
-37600
-38450
-38600
-38475
-39925
-38475
-38325
-35875
-34975
-36375
-32525
-32725
-31275
-30325
-24275
-24200
-24900
-19900
-17150
-15575
-16125
-9300
-9675
-6775
-7725
-2675
-1450
-1450
250
1750
2675

-375
2225
3425
3450
-1025
650
1425
-1525
-3125
-4125
-1175
-6775
-8075
-9875
-8200
-9250
-10800
-11525
-12625
-12925
-14450
-14100
-15225
-10500
-14550
-14925
-13600
-13075
-12075
-14125
-9700
-9275
-12050
-9000
-8025
-4850
-4850
-5500
-4725
-1300
-2250
-2250
-1500
1725
-125
-3450
50
-850
350
-3550
-2775
-2100
-4525
-4275
-6025
-5325
-7200
-8800
-9225
-8625
-10650
-11900
-12400
-11275
-13250
-13975
-13075
-14800
-14700
-14800
-15450
-15150
-15150
-15200
-17650
-16425
-15450
-17450
-19225
-16450
-18825
-20025
-21125
-21050
-21100
-26075
-24825
-26075
-27075
-29050
-32000
-32200
-31800
-35400
-37575
-34850
-36150
-37850
-42075
-36375
-37450
-39400
-38100
-37300
-36900
-37550
-34325
-31500
-31275
-32700
-27650
-25975
-25450
-23675
-18900
-15700
-17725
-13900
-10300
-7925
-8475
-5075
-2350
-1500
-1650
-575
3475
1575

1925
1650
3250
2050
1500
1600
-150
1625
-2750
-4550
-4250
-4225
-7575
-7800
-9225
-10250
-11725
-12650
-10475
-13350
-13225
-14825
-14900
-12200
-15100
-13550
-12900
-11975
-13600
-13400
-10650
-8200
-10500
-8700
-7300
-6800
-4050
-6225
-3975
-525
-900
-2625
-2425
2275
-100
-1850
-875
-450
-1075
-2125
-1975
-3225
-2925
-5100
-4475
-7075
-5625
-8825
-10275
-9125
-9650
-11250
-13150
-9825
-13100
-14650
-14150
-11750
-14750
-16100
-15125
-14575
-15375
-16175
-15025
-16575
-16050
-17175
-17025
-17100
-20225
-17850
-21000
-20950
-22050
-23575
-25725
-26600
-26875
-29100
-31525
-31700
-30150
-35725
-36600
-38425
-34775
-36825
-39675
-37675
-38400
-38400
-39625
-36300
-35475
-36025
-36775
-32250
-32075
-30625
-28350
-26450
-23025
-23500
-19125
-18375
-15350
-13550
-11100
-8200
-6275
-5600
-3750
575
-725
-1600
2800
3800

2100
25
4650
3775
775
-450
1675
375
-2600
-4575
-3275
-4450
-9125
-7700
-9400
-8725
-12025
-11875
-11725
-13975
-12475
-13525
-12125
-14025
-14050
-14325
-12550
-13550
-10450
-12000
-11850
-8800
-10675
-7000
-9225
-4000
-3550
-6275
-3875
-1125
-425
-2400
-2075
400
1200
-2250
-700
-350
1100
-1550
-5100
-1425
-3150
-5525
-6750
-5025
-5550
-10500
-7275
-9025
-10225
-11800
-11525
-11700
-13025
-13950
-13375
-13300
-15575
-13875
-15200
-13750
-16400
-15325
-15775
-17300
-16375
-17125
-16625
-19000
-19025
-18250
-19900
-22550
-20475
-24025
-26500
-25025
-27625
-28550
-33775
-30375
-31625
-34975
-35725
-37025
-35800
-37925
-39100
-38825
-36125
-38500
-38125
-38775
-35325
-35100
-36475
-31050
-31625
-31050
-29675
-25750
-24600
-22650
-20600
-17225
-15875
-14600
-9350
-8350
-6375
-7375
-3225
150
-875
-1100
2825
4425

