
Curva de Excitacao - Bobina Girante (Dados Brutos)

Arquivo..............: C:\Arq\Wiggler\Medidas Wiggler - Corretoras\Bobina Tungstenio\Gap42\Translado42_X=-4_#017.dat
Data.................: 02/02/2005
Hora.................: 10:28:34
Ganho................: 20
N. de Coletas........: 1
N. de Voltas.........: 10
Intervalo de Análise.: 4 - 8

-7950
-2975
-6025
-6500
-5700
-4350
-7525
-8000
-7775
-10600
-8150
-8925
-8925
-12825
-12900
-14175
-14025
-15050
-12575
-14550
-13200
-12950
-18425
-13875
-15875
-11675
-11800
-11750
-10075
-8425
-9475
-8475
-8275
-5300
-2625
-5075
-1750
75
-225
-1950
75
75
-1175
1000
-75
425
1300
-1300
-3800
-4650
-3250
-7100
-6100
-5300
-6600
-12175
-11075
-11550
-13000
-11950
-14525
-13100
-18250
-16700
-16925
-16500
-16775
-16925
-17375
-21050
-17775
-17975
-16950
-19575
-15825
-18525
-18525
-18075
-17575
-16450
-19900
-17025
-18550
-18300
-22000
-21500
-21575
-21500
-25975
-25100
-24225
-27800
-30400
-35150
-32575
-33175
-33850
-35725
-37575
-36000
-39325
-39325
-37850
-37500
-40675
-36325
-35175
-39425
-35225
-30300
-31650
-34350
-27250
-26675
-26850
-24775
-21100
-18500
-19500
-15950
-16450
-10775
-11300
-11450
-10775
-4725
-8100
-8450

-3600
-5100
-4400
-7500
-3400
-6875
-6550
-7500
-5600
-9025
-9250
-9925
-12300
-8475
-12325
-12225
-13650
-12550
-14800
-15900
-13800
-11900
-14425
-15925
-13225
-12400
-11125
-13825
-9525
-8175
-8425
-8950
-8825
-2050
-4000
-4925
-1875
-1025
-150
-1075
2075
1300
225
450
-50
-2400
825
-1650
-1825
-25
-5475
-3950
-8725
-6225
-8100
-8500
-9625
-11625
-11475
-14650
-14250
-15350
-12600
-15975
-16725
-19575
-15725
-17150
-18250
-17100
-17650
-16250
-20200
-17400
-16775
-17375
-17450
-16475
-17125
-18175
-18150
-17900
-16650
-19400
-18350
-21375
-21375
-21675
-24475
-24675
-27600
-26875
-29450
-32850
-31725
-32350
-35400
-37800
-35525
-35025
-37725
-39875
-35325
-40800
-38325
-35250
-36350
-37250
-34975
-31075
-33775
-31000
-28625
-25675
-25850
-22125
-24175
-20125
-15750
-17550
-14225
-12075
-8475
-12975
-7125
-6350
-5900
-6750

-5150
-4725
-6475
-3475
-6400
-2875
-6600
-6775
-8625
-6650
-7575
-12075
-9750
-9525
-12150
-14700
-10900
-11950
-13000
-14725
-12975
-12725
-15575
-13025
-13025
-11425
-11425
-13575
-11100
-8550
-6650
-7800
-6400
-3050
-4100
-5125
-1875
-575
775
1025
-1600
1475
800
1100
125
700
950
-2000
-2350
-2500
-3850
-5250
-4050
-6850
-7175
-10675
-10300
-10525
-9925
-11775
-15450
-13775
-14975
-16575
-17600
-15275
-14950
-17850
-18825
-17200
-18000
-17000
-17675
-16750
-16275
-17875
-16700
-16900
-18250
-15400
-17300
-18450
-18275
-17725
-18800
-22150
-20700
-22200
-23225
-25525
-25825
-26775
-29325
-34125
-29750
-31800
-36100
-35875
-36900
-34900
-40700
-36675
-35825
-38675
-38850
-34850
-36750
-36950
-32875
-33225
-30725
-31200
-28675
-28550
-23075
-22800
-23500
-17500
-15375
-17525
-17000
-10125
-9675
-10850
-8650
-4850
-7425
-7075

-3600
-4250
-5175
-5950
-5375
-4825
-6300
-7300
-6250
-6050
-9500
-10175
-9475
-9200
-12900
-12225
-11375
-14025
-13850
-15075
-12050
-12725
-13675
-13075
-14425
-11625
-10375
-11475
-10800
-8425
-8000
-7825
-7800
-2050
-2625
-4075
-1675
-1800
1800
475
-100
2350
3750
700
-1850
925
1775
-800
-1875
-675
-3425
-4925
-6975
-5725
-5675
-10975
-8800
-10450
-11750
-14125
-13450
-12050
-14025
-15775
-17100
-16450
-16625
-15725
-18325
-17350
-17450
-16650
-17900
-18200
-15575
-16825
-15125
-18975
-16450
-15625
-17900
-18325
-18200
-16550
-19775
-20975
-19875
-20300
-25675
-24125
-25825
-25600
-29600
-32525
-28175
-33425
-36625
-35400
-32975
-36850
-37950
-38275
-36475
-38900
-37625
-35425
-36025
-34700
-35000
-33750
-30375
-30800
-28775
-25125
-22975
-25550
-23500
-16725
-15000
-18750
-13600
-9325
-12725
-10950
-7375
-4750
-6675
-6000

-5175
-3975
-4925
-4525
-4225
-4850
-4875
-8225
-5575
-8375
-7750
-9175
-9600
-10450
-12250
-10925
-12975
-11050
-12900
-13275
-16025
-11175
-13850
-14575
-12325
-10300
-10275
-15075
-7900
-8150
-6050
-7000
-6250
-3600
-3650
-2325
-1475
100
1975
900
-550
1850
1475
975
2400
-275
725
-1475
-875
-3075
-2725
-2750
-5425
-6025
-8150
-8525
-10100
-8500
-10725
-13000
-14675
-13100
-14350
-15950
-14775
-16825
-15675
-16375
-17325
-18450
-15425
-16475
-18200
-16375
-16550
-17400
-17375
-15600
-16050
-15675
-18275
-16500
-17625
-17700
-17450
-21775
-20275
-21350
-22575
-25025
-25250
-26225
-29900
-31275
-30750
-31550
-35400
-33225
-36275
-37100
-37800
-36875
-35350
-38700
-35500
-37225
-35475
-34900
-33975
-32825
-29200
-30300
-31200
-25675
-23050
-23525
-22075
-15825
-18000
-18450
-12450
-10875
-10250
-9775
-6575
-8475
-5525
-5800

-4300
-4325
-2000
-5050
-7225
-3000
-4925
-5975
-7575
-5025
-8350
-10225
-9225
-8125
-10400
-12600
-11200
-13450
-12750
-14525
-11400
-11350
-14100
-13850
-14125
-9675
-11325
-10975
-8550
-7125
-9425
-7800
-4975
-2800
-1575
-3400
-675
-1700
2450
-100
1025
3150
875
1650
325
2850
525
-525
-475
-1875
-4375
-3825
-3875
-7075
-5375
-8375
-9525
-12350
-9150
-11650
-14000
-12900
-13050
-14700
-18075
-15850
-14400
-16175
-17025
-16800
-16500
-16550
-16250
-17050
-15850
-17475
-15375
-16850
-16650
-15400
-17125
-15450
-17450
-18050
-18750
-19800
-20175
-19625
-24425
-24350
-25325
-26025
-27425
-32350
-28425
-32700
-35000
-34725
-34200
-35600
-38700
-35850
-37550
-36725
-37825
-33600
-35700
-33050
-36450
-33225
-28075
-30800
-28225
-25300
-21475
-25450
-21775
-17100
-15925
-16475
-13100
-10675
-11075
-8625
-8575
-4350
-5075
-5875

-5700
-3775
-2475
-5975
-3300
-3975
-4350
-8950
-4400
-5825
-7775
-9475
-8725
-8200
-13625
-11275
-10850
-10625
-13500
-13950
-11975
-12975
-12650
-13200
-11575
-10600
-10500
-14325
-8800
-7425
-7225
-5050
-7025
-3525
-2375
-2275
-1650
-50
3200
1000
-1150
2125
3350
2100
1800
975
1225
-1775
-1700
250
-2375
-2975
-5800
-4575
-7600
-8800
-8550
-8575
-9350
-12800
-13800
-13875
-13100
-14375
-15000
-15075
-16375
-16950
-17200
-14850
-17075
-15825
-15775
-17275
-16900
-16125
-14900
-17225
-14950
-15625
-16650
-18175
-16050
-16300
-17875
-21125
-19400
-19000
-25425
-24100
-25775
-25475
-28925
-30575
-29350
-31850
-34200
-34350
-35350
-35500
-37400
-37925
-34325
-37875
-38875
-36000
-32425
-34075
-36350
-30325
-27875
-31925
-30975
-23900
-22850
-23725
-20975
-16375
-17175
-16525
-12700
-11200
-8825
-10300
-8150
-5350
-5750
-6175

-3550
-2300
-4850
-5075
-3650
-2825
-6650
-6300
-4725
-7325
-7700
-8850
-7775
-9750
-10125
-11425
-12900
-10975
-11375
-13925
-12425
-10625
-14175
-12400
-13050
-9025
-9375
-11475
-8375
-8150
-6850
-6850
-5375
-1900
-925
-4100
-925
1075
550
1625
1600
4300
400
1925
1550
400
1625
450
200
-2525
-2175
-5025
-5350
-4600
-4875
-9650
-9425
-9425
-11550
-10425
-12700
-12925
-14975
-13900
-15275
-16550
-14750
-15450
-16650
-18275
-15825
-15625
-17050
-16450
-15250
-15350
-16100
-15800
-16200
-14250
-18025
-15700
-17375
-16425
-18450
-20925
-18550
-19800
-23875
-25175
-22675
-26700
-27875
-31350
-30025
-32850
-34325
-33600
-36350
-32700
-37900
-38950
-35350
-35675
-38750
-36050
-32700
-36125
-36025
-30475
-28200
-32425
-27375
-22625
-24850
-24275
-21050
-16500
-18175
-14475
-13650
-10750
-9350
-9350
-8550
-5225
-3375
-6525

