
Curva de Excitacao - Bobina Girante (Dados Brutos)

Arquivo..............: C:\Arq\Wiggler\Medidas Wiggler - Corretoras\Bobina Tungstenio\Gap42\Translado42_X=17_#005.dat
Data.................: 02/02/2005
Hora.................: 11:08:16
Ganho................: 20
N. de Coletas........: 1
N. de Voltas.........: 10
Intervalo de Análise.: 4 - 8

-9950
-13100
-8425
-11500
-9850
-9950
-9600
-8900
-4600
-3325
-3725
-3250
-4225
3625
-2250
1275
25
6275
5550
5900
9000
7425
9350
6575
6025
2675
14075
8125
10000
1950
4325
-2000
-6600
-3500
-10200
-5875
-9975
-13425
-24075
-15125
-22175
-20600
-26650
-18950
-21875
-17500
-10800
-20275
-12600
-13925
-7975
-16050
-2350
-4725
150
-3600
-4700
-5725
-5175
-3050
-8050
-3775
-15100
-12500
-22950
-16800
-25025
-23250
-34325
-38850
-39450
-46675
-52675
-55450
-48325
-62800
-57825
-66625
-64900
-69800
-58275
-66125
-70050
-55350
-54225
-54975
-49700
-35250
-44900
-35300
-31225
-24750
-24050
-9300
-11025
-16100
-7650
-8050
-8600
-6525
3250
-8950
-4025
-6325
-6925
-8750
-2800
-5125
-12875
-9350
-10475
-12475
-16550
-7600
-13775
-12675
-16850
-14575
-14450
-14950
-14825
-17800
-13175
-14900
-13400
-14100
-11350
-15625

-11725
-12850
-11775
-8250
-10150
-5400
-10625
-5925
-7400
-3900
-4100
-1325
-3025
500
-400
1100
5750
2100
8100
3700
7500
6475
10800
10475
7700
7650
10250
3225
4600
7350
3650
3900
-3875
-4550
-11425
-6775
-12425
-16500
-16950
-15375
-23950
-22625
-18075
-21400
-19900
-20100
-15850
-21025
-8700
-11400
-8300
-9950
-5100
-7000
-4925
-500
-3225
-700
-7150
-3600
-10075
-5525
-12425
-9400
-19000
-23150
-23675
-28750
-31850
-36700
-35775
-48925
-48150
-56300
-55925
-61425
-53800
-64025
-69825
-63050
-66275
-65625
-63025
-52425
-63275
-53125
-49100
-42325
-43100
-28125
-27150
-31800
-18125
-19975
-13725
-12025
-525
-11950
-7850
-2975
-5350
-7875
-1450
-875
-13000
-5375
-8075
-6200
-12150
-5950
-9750
-14400
-12800
-13400
-13525
-13400
-13575
-17000
-13400
-16150
-14250
-16525
-13550
-13550
-16400
-14025
-14150
-11175

-11925
-11675
-12825
-9525
-10975
-7975
-7900
-5125
-6300
-6750
-2775
-3075
-1125
25
1450
2575
2025
2700
8525
4250
7575
7525
10325
6900
7275
11750
9000
6900
5850
5100
475
4225
-3300
-2500
-7450
-8075
-14800
-20050
-11875
-18650
-18675
-22425
-20875
-23100
-17475
-19450
-18050
-15325
-10725
-13075
-13200
-3175
-6925
-2900
-7200
-1000
-4075
-2050
-3825
-3100
-6525
-10475
-9875
-13950
-15925
-22225
-19125
-31925
-32150
-37375
-39650
-45050
-45150
-51500
-60475
-58525
-61400
-63900
-64775
-59850
-69450
-64325
-62300
-60550
-59525
-46300
-46175
-48575
-38050
-33925
-31125
-25150
-13075
-20475
-15375
-9100
-9275
-9525
-2900
-1575
-8700
-4450
-3900
-6150
-7225
-900
-8750
-8675
-8550
-8950
-11500
-10525
-10475
-13800
-13000
-13675
-15100
-15625
-11650
-14550
-15575
-15925
-14000
-12975
-14825
-12750
-13275
-11900

-13825
-10950
-10225
-8150
-11525
-7450
-6975
-8200
-5050
-4875
50
-4250
-1150
-950
2525
2025
3575
4100
6650
5800
5875
11250
7150
11150
6800
9775
6900
8425
6825
4425
3250
2550
-3700
-6700
-2850
-9750
-10550
-16100
-15800
-21100
-18825
-19475
-22225
-20275
-17225
-20625
-20175
-11725
-12275
-11225
-10250
-5600
-8800
-3750
-3500
-1325
-3450
-2750
-3250
-6300
-4350
-8825
-7075
-15300
-17650
-21025
-21600
-29450
-29275
-36675
-42700
-43750
-49000
-51875
-57950
-53175
-63975
-64000
-64900
-64600
-66775
-58925
-61325
-62900
-54500
-52625
-50075
-45675
-30650
-36625
-29925
-24500
-19925
-19625
-11150
-7025
-12175
-5575
-7025
-3900
-6825
700
-5700
-5900
-5125
-6225
-8075
-6625
-6450
-12975
-8150
-12125
-11525
-15200
-9875
-12000
-16875
-14775
-14075
-13800
-15650
-13200
-14225
-12300
-16400
-12900
-12275
-12250

-11275
-11850
-9975
-10475
-8175
-7775
-5950
-7775
-4375
-5325
-2625
-1600
-1400
1825
-175
2650
3050
6000
6950
6100
7775
9100
7525
9975
9075
9200
10625
7350
5675
3500
6425
2775
-3475
-4400
-4475
-10800
-12100
-15850
-14675
-17500
-19300
-22200
-23700
-15350
-20425
-17700
-18000
-13050
-15050
-10250
-8475
-6425
-6075
-3575
-2550
-5725
1475
-4150
-1225
-6475
-4825
-8375
-11225
-12350
-14875
-19500
-25750
-25425
-32825
-35675
-42175
-40100
-49475
-52400
-55550
-59575
-60900
-62450
-62125
-68450
-62525
-64375
-61250
-60325
-51800
-53825
-50400
-40100
-40550
-35425
-27625
-19700
-22575
-16850
-12750
-9875
-9575
-3600
-5725
-5575
-2550
-5700
-4650
-3650
-3375
-6425
-6525
-6525
-9825
-10425
-6750
-11575
-13500
-11225
-12050
-13250
-14825
-12850
-13425
-15275
-13750
-14750
-14325
-11875
-13475
-13000
-13000
-11975

-10600
-10950
-10050
-8125
-9175
-7425
-6250
-6175
-3200
-5500
-1150
-2050
-1700
1850
1250
4300
2950
5800
6650
7725
6850
10300
9225
9350
8400
9025
13300
6025
8250
4075
4725
1075
-2550
-2300
-5400
-7900
-10925
-16350
-17825
-14400
-20700
-19950
-21600
-17925
-19875
-18025
-15100
-14325
-12875
-10850
-8800
-8850
-1900
-4475
-2800
-2600
-575
-2700
-3050
-2900
-4875
-8175
-11075
-10350
-18075
-19075
-22675
-23875
-34375
-37450
-38650
-42250
-49175
-50950
-53950
-59350
-59575
-63750
-64050
-65850
-59475
-63525
-63650
-57975
-55450
-52275
-46675
-40275
-40650
-32725
-28875
-23025
-20025
-13550
-13875
-10125
-6450
-7675
-6850
-2350
-325
-7275
-2925
-4350
-4000
-7475
-3525
-7325
-9425
-8150
-8375
-11400
-11175
-10350
-13825
-11525
-14900
-12725
-14250
-12800
-13425
-15750
-13600
-11825
-12125
-14375
-10475
-12450

-10200
-12400
-9475
-7450
-9500
-5950
-6725
-4450
-5600
-2475
-2075
-1450
-1500
1975
1850
2975
4725
5125
7750
5375
8775
9600
10450
9000
8950
10850
10375
6800
7150
6475
4900
3350
-1325
-4500
-5475
-6400
-11725
-16125
-13775
-17100
-19575
-20400
-19100
-18575
-19450
-16875
-17075
-14850
-9100
-10550
-8675
-5975
-4250
-4850
-2700
250
-950
-3350
-1725
-2575
-6825
-4975
-10650
-9550
-18475
-19250
-21025
-27325
-31850
-35250
-37575
-45400
-46300
-52600
-54775
-59300
-55450
-64150
-65275
-63650
-63900
-62850
-60600
-55675
-58900
-50200
-48675
-41900
-38300
-28925
-29500
-25575
-16675
-17025
-12450
-9800
-2250
-9725
-5775
-3450
-2400
-4750
-1325
-2500
-7150
-3225
-7075
-6625
-8175
-7150
-10025
-10525
-10000
-13175
-11575
-10700
-13400
-15700
-11800
-12350
-14125
-14525
-12400
-11250
-15450
-12250
-11350
-10575

-11500
-10050
-9250
-9425
-8775
-6125
-5950
-5725
-4075
-3900
-2150
-1525
-50
3000
1300
3575
4125
5025
7875
7125
8975
9450
10200
8500
10300
11025
11950
6925
7525
5275
4300
5000
-2800
-1800
-5675
-7075
-13675
-14450
-13400
-16300
-18775
-19925
-20175
-20800
-15575
-18425
-15650
-14475
-10425
-12500
-9300
-3875
-4925
-2025
-4000
-475
-3525
-50
-2625
-1900
-5600
-6825
-9800
-13050
-15825
-17675
-21475
-28050
-29875
-36525
-40100
-43500
-43925
-51450
-57325
-57100
-59175
-64200
-62450
-62125
-64975
-63675
-61025
-58150
-55250
-48000
-47475
-44575
-37000
-32950
-28750
-21350
-16050
-18500
-14050
-8950
-6650
-5975
-2850
-3150
-4700
-3825
-3300
-4575
-4300
-2050
-7050
-7000
-8650
-8850
-6850
-8350
-12375
-12850
-10825
-11250
-15075
-13425
-11075
-14200
-13925
-14075
-12700
-12250
-12475
-12125
-13100
-11450

