
Curva de Excitacao - Bobina Girante (Dados Brutos)

Arquivo..............: C:\Arq\Wiggler\Medidas Wiggler - Corretoras\Bobina Tungstenio\Gap42\Translado42_X=-20_#001.dat
Data.................: 02/02/2005
Hora.................: 10:02:20
Ganho................: 20
N. de Coletas........: 1
N. de Voltas.........: 10
Intervalo de Análise.: 4 - 8

49200
47550
46100
51000
47475
52525
45500
41300
41700
36600
30050
31225
30850
20775
14575
14275
3475
-2600
-1775
-11900
-19500
-16325
-23250
-33150
-31075
-31000
-37975
-42375
-34850
-38975
-38325
-36825
-37400
-34475
-32375
-32700
-32425
-27075
-27525
-27600
-27675
-20625
-23900
-24625
-22275
-21550
-18000
-21925
-18400
-17025
-17775
-21300
-17625
-16400
-17950
-18700
-16625
-17375
-18825
-17600
-20600
-20200
-18650
-19925
-23825
-21350
-19675
-26725
-25475
-23050
-2040
-30350
-26975
-29700
-32125
-32000
-32800
-37500
-36600
-34100
-46350
-39025
-38800
-44775
-49425
-42125
-48525
-54475
-46500
-47925
-58950
-54375
-45875
-62550
-57975
-47375
-52650
-58450
-47150
-45150
-56475
-42875
-33175
-39800
-35725
-22925
-27600
-25725
-12225
-10775
-10975
25
2975
275
9100
17950
15125
22950
27150
23850
26350
37900
39200
38850
42675
44775
44900
45275

47325
50025
51550
49525
44050
48425
45750
41150
44400
40175
32475
30475
26800
18325
18550
13125
5400
-1000
-1125
-13775
-17475
-16225
-24950
-32675
-30000
-29750
-40075
-38975
-35750
-37475
-40400
-36300
-35975
-34375
-32250
-35175
-29850
-28025
-25000
-29800
-26750
-21950
-23775
-22675
-22400
-19300
-18975
-20575
-20150
-16025
-18975
-17675
-18625
-16725
-17075
-18575
-16575
-18925
-16800
-17500
-21000
-19800
-17200
-22600
-24200
-19925
-20425
-26375
-25900
-21725
-28575
-28925
-26400
-29800
-32675
-31625
-33350
-37350
-34225
-35700
-43275
-40050
-38425
-46400
-45425
-44350
-48700
-52900
-46675
-51375
-60350
-50950
-47800
-60975
-55900
-47675
-56675
-58625
-46900
-45450
-51300
-40925
-36700
-41750
-35625
-23000
-26950
-21650
-12000
-14450
-12400
1050
3250
1125
13150
16500
12350
18125
29925
28075
29375
39150
35850
35350
40725
48025
46725
46500

46400
49125
48875
46925
49950
50275
47050
39825
42400
37625
32950
32525
28950
21125
15225
12225
2575
3075
-3600
-11975
-16800
-15975
-25575
-32250
-28400
-33725
-36600
-38975
-35050
-39175
-37900
-36600
-38500
-32825
-31625
-32400
-32300
-27000
-26950
-27750
-25500
-22000
-21650
-23675
-21875
-20875
-17425
-21000
-19250
-16300
-17450
-18000
-19025
-15850
-16475
-18675
-17950
-17975
-16075
-18225
-20900
-17800
-18225
-22525
-22275
-19700
-21275
-26100
-23400
-22350
-28850
-28300
-26825
-30400
-31050
-30025
-32100
-37875
-34175
-36975
-43200
-38525
-39025
-46850
-45700
-43275
-49775
-50650
-47700
-49575
-59800
-49350
-50325
-61125
-55475
-47175
-54275
-56450
-45950
-47800
-51075
-42400
-37175
-40500
-31400
-24425
-29400
-22150
-11700
-12175
-9250
2375
-325
1625
11725
18175
14350
22425
29075
23800
28100
37750
40375
37150
44150
45700
44300
44875

48375
52300
49925
49525
46350
48125
43050
45075
44875
38450
33700
32075
27250
18225
19975
12425
4875
950
-2325
-13725
-16300
-15850
-25850
-30775
-30225
-31075
-38375
-37325
-37550
-38600
-37225
-35575
-35975
-34950
-30950
-33925
-30775
-28125
-24625
-27650
-27100
-21625
-22550
-22150
-22125
-19150
-18475
-21650
-19300
-16200
-16775
-18450
-17000
-16100
-17475
-18125
-17050
-17375
-17675
-17200
-20100
-19050
-18925
-20900
-21775
-21750
-20675
-25025
-22600
-24725
-27625
-26625
-26625
-31150
-30500
-30850
-34400
-34600
-33500
-35950
-44300
-37825
-40175
-46450
-43650
-43425
-49575
-51025
-45825
-53750
-55925
-50175
-49425
-60875
-54025
-48600
-56800
-54650
-47125
-45650
-50125
-39050
-40500
-40725
-32200
-24550
-26725
-19525
-10700
-14900
-9725
-2275
3475
4875
13250
13575
14300
23300
27875
26550
30525
40050
35575
35275
43050
46950
46900
47475

47950
48650
49700
47875
50400
47750
46550
43075
41300
38200
35950
34525
25950
21350
16725
11750
2825
3925
-1975
-12925
-14300
-17225
-25425
-31875
-29050
-32000
-37275
-37625
-35475
-37425
-37700
-36625
-37275
-33125
-31100
-33550
-30450
-26975
-26425
-28450
-25225
-21050
-21650
-23000
-22025
-19200
-18375
-19850
-18825
-16150
-18200
-16800
-18075
-16725
-16300
-16700
-17100
-19000
-15275
-17925
-21000
-17875
-17775
-21200
-22500
-19325
-21500
-25175
-24050
-22300
-27575
-26925
-28075
-29675
-29025
-31700
-33250
-36350
-32400
-38650
-41125
-37525
-40300
-46525
-42675
-43825
-51275
-47925
-47275
-51675
-57350
-47950
-51775
-60100
-52750
-50200
-54025
-54775
-44325
-50100
-47975
-41275
-38650
-38375
-30025
-27550
-29200
-18100
-12100
-12075
-7300
2025
-775
1475
13175
16575
17200
23550
28375
23850
29300
37600
40475
38650
42800
45525
45650
46625

46400
52850
50925
47675
47525
47775
45800
43425
43825
39475
35325
30775
25250
21150
18200
11950
4675
4300
-5025
-11200
-12850
-17850
-27025
-29175
-28575
-33250
-36600
-36450
-35650
-38650
-36475
-35925
-37000
-32100
-32325
-32300
-30650
-26425
-26150
-27450
-26125
-21850
-21450
-21925
-20575
-21000
-16350
-21700
-17925
-17275
-17750
-16100
-19000
-15275
-15925
-17225
-19450
-16900
-15150
-17575
-20950
-17025
-16550
-22900
-20425
-20325
-21000
-25575
-21600
-24100
-27275
-26550
-27275
-29500
-30300
-30550
-33425
-35225
-34375
-36850
-41175
-37700
-40600
-46000
-41875
-45125
-49325
-48150
-46650
-53950
-54325
-48900
-51525
-58650
-52075
-50650
-56050
-51725
-48025
-46900
-47025
-40300
-41325
-38675
-30325
-28000
-24775
-17850
-14550
-16250
-6100
1300
550
5350
12850
15700
12700
24000
27075
28150
31325
38475
37175
36000
43050
47875
47800
45975

47100
50850
48925
49125
50550
49625
44175
45350
40675
38850
35100
33875
27600
20975
18850
10725
5975
4175
-3125
-13000
-13175
-17450
-25825
-28975
-30125
-31775
-36775
-35675
-37550
-38000
-34550
-37800
-37250
-32350
-29750
-34500
-29325
-27900
-24100
-28625
-24625
-20450
-22225
-22350
-22225
-17825
-17975
-20375
-18800
-15775
-16850
-17325
-17225
-16550
-14950
-17725
-16850
-17125
-15725
-17750
-20675
-16475
-19350
-19450
-21200
-20850
-22600
-22650
-23075
-25300
-26075
-25475
-27400
-30600
-28250
-31025
-33925
-35000
-31950
-37925
-41250
-36350
-41000
-44825
-43500
-44500
-50050
-47325
-47325
-52900
-53775
-48675
-52650
-58975
-50725
-51775
-54525
-51350
-48525
-49125
-47725
-39525
-39675
-35725
-30725
-28200
-27775
-18350
-13900
-12525
-4375
-625
175
4075
14825
13450
16475
25150
26025
25575
30675
39450
38475
38125
42950
46475
44900
46625

49275
50875
51050
48350
49250
46000
46275
46200
42325
37825
36325
31450
25350
24075
19300
12300
2875
5150
-4075
-13025
-13650
-17100
-23975
-29800
-29500
-32725
-34850
-37850
-36925
-37275
-35850
-36350
-37450
-31300
-32625
-32125
-30500
-26800
-25625
-27500
-24900
-22125
-21975
-23125
-20200
-19750
-17125
-19975
-18625
-16775
-17625
-16675
-18225
-16200
-15600
-17000
-17875
-17050
-14050
-18250
-20325
-17975
-17550
-21200
-20975
-20000
-21350
-24325
-23650
-23850
-26450
-24875
-28850
-28575
-27700
-32975
-33600
-33700
-32425
-39350
-40175
-35775
-41600
-47125
-40975
-44750
-50825
-46875
-47425
-53000
-54875
-47400
-53375
-57500
-51200
-51525
-55550
-52550
-46875
-48500
-45600
-41700
-40225
-37200
-28325
-28350
-27075
-15800
-14900
-13600
-7250
1750
700
6600
13050
13500
14125
24250
28325
27750
31675
35800
39125
37125
42900
47175
47100
48350

