
Curva de Excitacao - Bobina Girante (Dados Brutos)

Arquivo..............: C:\Arq\Wiggler\Medidas Wiggler - Corretoras\Bobina Tungstenio\Gap42\Translado42_X=12_#033.dat
Data.................: 02/02/2005
Hora.................: 10:54:02
Ganho................: 20
N. de Coletas........: 1
N. de Voltas.........: 10
Intervalo de Análise.: 4 - 8

-14975
-17400
-11400
-14550
-14975
-12450
-14700
-10900
-10150
-8575
-8200
-7375
-9700
-3100
-5250
-3550
-5775
275
3575
-1650
4375
6750
5250
3175
5275
5200
11300
11925
13375
7575
8775
8750
3300
7300
8350
6500
4425
1975
-3675
-4125
-4925
-5600
-16875
-9500
-11650
-15775
-12675
-15725
-17250
-21950
-16475
-23200
-15800
-16275
-14200
-19750
-19175
-22550
-21350
-17925
-23500
-18250
-25875
-27425
-35600
-24775
-31650
-31575
-34800
-41475
-42550
-41800
-42825
-50100
-34925
-44575
-46775
-47375
-37200
-47025
-39275
-32200
-41125
-33250
-22725
-21700
-31875
-11325
-17200
-22225
-15525
-3675
-13175
-11650
-2250
-12075
-11375
-5975
-6100
-13550
-5400
-9800
-16400
-14025
-10750
-15850
-16900
-11400
-19925
-19825
-18750
-18775
-24025
-20500
-18100
-22100
-22550
-21800
-19200
-21925
-20475
-22450
-18750
-17975
-19750
-17225
-15325
-17025

-18750
-15800
-14150
-13400
-14525
-9675
-11825
-13275
-11900
-9325
-6050
-7650
-7900
-4225
-5050
-4775
-1625
575
1325
-100
2850
2500
6025
8700
8975
6025
10675
6625
6850
11025
13225
12975
4300
8775
3750
4550
4400
1825
-2250
-925
-5450
-12225
-7325
-9400
-11950
-19300
-13250
-20125
-15525
-14575
-15825
-20000
-19325
-16550
-21850
-15150
-17725
-15750
-21350
-20525
-25350
-20800
-24325
-24125
-25650
-32650
-33200
-35225
-33675
-40650
-34825
-40475
-46825
-45750
-41100
-48350
-43575
-38325
-46025
-44775
-35950
-34550
-40750
-26275
-26075
-31675
-23600
-12175
-20875
-16900
-7200
-13500
-13550
-7025
-5100
-13300
-4150
-5075
-13550
-9375
-4675
-13450
-12700
-8850
-13975
-16975
-15575
-13800
-20250
-16475
-16400
-21675
-22125
-19450
-21075
-21025
-21450
-20900
-19950
-21800
-19525
-20550
-17325
-18975
-19300
-18675
-17125
-17075

-14400
-14125
-15125
-13575
-15175
-10725
-11875
-10100
-10775
-8825
-8225
-9450
-6050
-4125
-2425
-3975
-1000
-2850
1225
2375
3450
4925
5625
7700
2950
10900
12400
10000
7600
11325
9500
8100
9075
9450
7150
4875
4225
-4675
2250
-825
-5050
-8125
-8825
-10725
-14825
-12775
-14300
-16875
-15825
-15850
-22000
-15950
-15525
-16300
-19625
-18225
-19450
-19150
-18350
-19275
-20600
-23425
-25700
-27175
-25900
-31550
-28250
-32875
-37975
-41375
-36825
-42375
-43200
-39275
-45850
-47650
-43050
-41275
-47925
-36600
-37425
-40300
-36450
-25000
-31300
-27375
-17000
-20325
-20500
-13575
-8700
-17150
-5225
-7850
-10750
-10350
-2700
-9950
-12425
-2325
-10725
-13475
-10825
-8650
-18075
-12425
-13125
-17475
-19200
-17050
-16950
-23000
-18100
-20625
-20050
-21550
-20825
-21000
-20900
-19250
-20400
-19450
-20300
-16775
-19375
-16025
-17575
-16625

-15475
-16175
-13450
-13350
-11975
-13200
-11050
-12175
-8925
-9925
-6275
-6600
-7625
-4725
-5100
-850
-3725
-125
2050
2150
500
5475
7450
6350
6450
9225
10675
6800
12325
11725
9425
10800
7400
6250
7075
8625
4475
-1775
1350
-2950
-6250
-6275
-8225
-10925
-11950
-13825
-18600
-14625
-14125
-16225
-20150
-14625
-18350
-18975
-17025
-16200
-17975
-20250
-18075
-21350
-19600
-24200
-21375
-24650
-29425
-31475
-28400
-33500
-37950
-34100
-40475
-41975
-43725
-39875
-47900
-41250
-41800
-47350
-43725
-36825
-39525
-39000
-28875
-31750
-30225
-24450
-19050
-23975
-14100
-10650
-17225
-11600
-4200
-11375
-12475
-950
-6925
-11425
-8550
-3725
-12000
-11950
-7175
-13725
-13725
-12650
-14150
-17300
-16150
-16900
-19675
-19775
-18775
-20250
-20725
-19500
-22025
-20425
-19425
-20225
-20050
-20300
-17875
-17925
-18125
-17975
-15425
-16425

-15450
-15075
-13825
-12425
-14850
-10450
-10850
-11100
-9775
-9375
-6875
-8000
-5850
-4250
-3900
-2975
-2675
800
2800
1975
2250
7625
4250
6100
7475
9950
9975
9225
11250
8600
11475
11150
9150
7225
9125
5000
2350
1550
1700
-1875
-6275
-4525
-12600
-9550
-10600
-13100
-17050
-14625
-15475
-19450
-15500
-16325
-16275
-19350
-16175
-19250
-16175
-18900
-16475
-19500
-22650
-22675
-23475
-23350
-29900
-27025
-30825
-34625
-36825
-35375
-40900
-38775
-39625
-45975
-46450
-41900
-42500
-46300
-38925
-39775
-41575
-35250
-31275
-33625
-25550
-21025
-25725
-20875
-12000
-14750
-16250
-5800
-7175
-13550
-7425
-2675
-10400
-7775
-6325
-7850
-11725
-7275
-10200
-14950
-11750
-11725
-16500
-15750
-15300
-20050
-16700
-17800
-20725
-21850
-18525
-18525
-23300
-20400
-18400
-19100
-21425
-19750
-18550
-16475
-19000
-17225
-15750
-16225

-14550
-15475
-12100
-14375
-13000
-11675
-10975
-10725
-7750
-7450
-7900
-6075
-7750
-2625
-4000
-1200
-2200
175
1775
475
5375
5950
7150
6700
8325
7850
11075
10950
11175
10075
11600
12025
3975
10925
9675
6625
2250
1625
200
-2825
-3125
-5875
-10100
-9525
-11050
-16550
-13925
-13950
-15400
-16725
-16900
-18275
-17300
-14750
-15675
-18675
-17575
-18000
-18950
-19575
-19800
-19950
-24025
-26125
-28500
-26775
-33050
-30600
-33325
-39375
-41675
-38675
-40950
-45375
-40450
-43325
-45525
-44800
-38375
-42725
-37400
-33975
-35125
-31825
-24875
-24625
-25825
-13375
-15525
-16675
-12975
-5525
-11175
-10125
-3375
-8300
-9225
-5750
-5225
-11300
-6575
-9850
-10650
-12625
-10325
-14000
-15925
-12925
-18625
-18275
-17175
-16800
-22025
-18225
-18700
-20350
-21925
-19950
-18825
-20975
-18250
-19775
-18025
-17950
-17350
-16150
-16200
-15300

-14975
-14325
-14650
-11425
-13150
-11025
-11025
-9125
-9325
-9525
-5425
-6800
-5325
-5075
-3275
-2725
-725
825
2125
2725
3125
5550
5400
9450
7325
9350
12225
8525
8875
11725
14300
10625
7500
10150
7150
4875
5425
2325
150
-950
-4950
-8025
-8150
-7425
-11125
-14850
-14000
-17100
-14275
-15825
-15300
-17600
-16700
-15775
-19050
-16450
-15700
-16075
-19425
-19575
-20875
-20825
-24350
-22000
-25950
-31500
-29900
-32825
-34275
-40125
-34750
-39300
-44325
-43500
-40875
-45900
-43600
-39625
-42725
-41750
-37325
-33225
-36250
-27600
-25950
-27800
-21725
-15075
-16150
-15725
-8775
-10325
-9450
-9125
-4650
-7900
-4950
-6075
-10300
-5975
-7225
-11225
-11325
-7750
-13050
-15625
-14150
-13175
-18725
-18325
-14175
-20625
-20225
-19450
-18350
-19700
-21175
-18675
-19800
-19475
-19300
-18850
-19075
-16075
-17800
-17925
-15625
-14400

-14050
-15675
-11900
-12100
-13675
-11375
-10225
-8775
-9375
-7175
-7325
-6650
-6225
-2000
-2200
-1775
-1450
-150
2900
2025
5525
5975
7550
6700
7050
10850
12200
9350
9775
12725
10025
11100
8775
11100
7375
6525
6100
-1600
2175
-125
-2100
-8925
-8025
-9950
-12225
-13450
-13075
-14175
-15125
-15350
-20100
-14875
-15350
-15525
-18100
-16325
-16025
-19175
-18000
-17350
-19400
-23325
-22400
-24225
-28000
-29425
-27000
-31975
-37750
-37600
-35475
-41600
-42400
-40250
-43500
-45850
-41575
-41750
-43500
-38450
-35525
-37575
-34700
-27375
-28275
-25550
-18150
-17200
-18525
-12475
-11300
-10700
-6825
-6850
-8550
-7500
-2950
-8500
-9450
-5500
-7025
-11950
-8725
-10075
-14775
-13025
-12700
-14650
-18800
-16150
-16425
-19600
-18475
-19725
-18575
-19950
-19700
-21725
-18450
-18375
-19050
-20675
-17850
-14900
-18825
-16000
-15150
-14050

