
Curva de Excitacao - Bobina Girante (Dados Brutos)

Arquivo..............: C:\Arq\Wiggler\Medidas Wiggler - Corretoras\Bobina Tungstenio\Gap42\Translado42_X=20_#008.dat
Data.................: 02/02/2005
Hora.................: 11:12:55
Ganho................: 20
N. de Coletas........: 1
N. de Voltas.........: 10
Intervalo de Análise.: 4 - 8

-7550
-8825
-9075
-5250
-6850
-2000
-5825
-2050
-1950
-850
-1200
1450
100
5450
2475
4250
6075
5150
8475
6225
8575
6625
8625
5550
5750
3150
8375
-3925
-3225
-3050
-7925
-8875
-14900
-12550
-24075
-19800
-24800
-24875
-25925
-18475
-26275
-24425
-18025
-18400
-14725
-12275
-3600
-10275
3475
1800
6375
4600
12900
11075
10450
15350
13825
13975
9975
15450
5250
8925
-75
3400
-6325
-8900
-9975
-17750
-25675
-32225
-30275
-41175
-44150
-54100
-54775
-68025
-63225
-70450
-75325
-74525
-78200
-83600
-85175
-75025
-79525
-74425
-73275
-67025
-67625
-51725
-47900
-48750
-38575
-34800
-28350
-24425
-10025
-14775
-12050
-7975
-5000
-9350
1700
425
-4725
-2275
-3300
-4100
-6700
1325
-4675
-7025
-7900
-6375
-11800
-5675
-7675
-10275
-10550
-9550
-9100
-13425
-7975
-9450
-10225
-10875
-8925
-9475

-7650
-7425
-6700
-4375
-8725
-2650
-5850
-1725
-3425
150
950
-200
725
2975
6350
3775
8300
4175
9200
3250
9275
7750
9200
5850
2825
7900
2325
750
-1975
-1475
-12475
-8800
-15500
-14400
-19050
-18825
-23950
-29025
-20525
-25625
-22350
-22625
-16600
-20350
-13050
-11775
-7375
-5275
2925
1000
2375
11450
9025
12650
10725
17675
10350
14800
10850
14050
7600
7625
4725
100
-5950
-10050
-7450
-21550
-21725
-30125
-32475
-45700
-40675
-49725
-58350
-60850
-66625
-73975
-77250
-71100
-80125
-78650
-81800
-78950
-84275
-70850
-70300
-68850
-61175
-58350
-53050
-46525
-29700
-35500
-26800
-23775
-17075
-17200
-6475
-2625
-9300
-3525
-3850
-1625
-5575
4100
-3650
-3825
-4875
-4800
-6100
-4750
-2650
-9400
-7225
-8825
-9550
-11575
-5425
-9825
-11425
-9900
-10400
-9450
-12275
-6225
-9075
-7875

-10325
-7175
-6900
-5625
-5875
-3700
-2850
-6050
-575
-2275
3025
75
2975
2600
3075
4725
6700
6750
8450
6675
6425
9800
5150
8725
5850
6075
1800
-825
-1775
-3600
-7025
-6500
-17100
-18575
-16500
-22075
-22075
-25600
-21075
-27575
-22125
-22975
-18125
-18200
-11825
-12450
-9850
-1700
-1750
5125
4325
10550
5750
13900
11500
15075
12625
15525
14325
9400
9375
5250
7050
-1925
-2150
-8500
-11575
-21900
-20850
-27375
-35975
-37550
-45125
-53450
-60150
-56850
-67300
-71475
-73850
-75650
-82600
-78800
-77725
-80525
-77325
-77125
-73850
-67675
-55700
-58500
-51425
-44700
-39375
-36825
-22550
-17200
-20400
-14000
-11225
-6500
-6900
-225
-1475
-2600
-4100
-2150
-3350
-200
-1575
-4700
-3175
-6975
-7550
-7025
-4550
-8000
-10200
-8400
-7950
-11875
-9125
-7475
-10450
-10225
-9675
-8375
-9325
-7800

-7725
-6075
-8050
-6650
-6100
-2350
-2675
-3025
225
-3450
1150
225
3675
3075
5125
5400
5075
6350
7525
8750
7850
10425
4925
7950
4800
6850
4200
300
-1850
-6150
-3750
-10200
-13250
-15675
-15600
-25400
-22225
-24975
-21375
-23200
-21600
-21700
-23600
-13125
-15800
-9550
-8650
-125
-1550
3450
4925
8700
9950
13300
13600
10825
17075
13100
14725
9750
12650
5875
3025
50
-2100
-8625
-13100
-14525
-23775
-30125
-34800
-35850
-46550
-50625
-55900
-61950
-68825
-67975
-70525
-78100
-78300
-82050
-80925
-80100
-73350
-75175
-71450
-66750
-63650
-60600
-46725
-40025
-39625
-33200
-28300
-21675
-18350
-7750
-10250
-6725
-6375
-4200
-4375
975
850
-2025
-1900
-3600
-3075
-4700
175
-6350
-7050
-7050
-6450
-8875
-7875
-5075
-8750
-10000
-10575
-10175
-10950
-6250
-9425
-8100
-8650
-8725

-6775
-9375
-3975
-5000
-4525
-5025
-3050
-3375
-675
-725
2575
1950
-400
5800
3825
6200
5925
8075
7775
5625
8675
10350
9375
8075
5250
3900
5050
-325
475
-1850
-5675
-10450
-15250
-14325
-17875
-19600
-19675
-25800
-25975
-22800
-21825
-20800
-20000
-13450
-14825
-10100
-7600
-2825
275
5025
5450
6775
10975
12725
13800
15050
17825
11600
14050
11250
10750
6175
5975
3325
-6225
-8750
-11250
-14300
-25250
-25300
-33000
-38950
-48725
-48050
-54175
-62075
-64775
-71925
-73400
-76350
-74125
-81025
-80625
-79200
-79050
-77325
-69350
-60225
-62625
-56550
-53275
-45325
-38250
-27325
-25725
-22800
-15925
-14350
-11850
-4800
200
-5375
-1350
-3875
-2075
-1450
1600
-1675
-4225
-3675
-3700
-7150
-4925
-3775
-7125
-7475
-9900
-9950
-7650
-7150
-9025
-10775
-8650
-8400
-10850
-9175
-5625
-6700

-8250
-7525
-6500
-5275
-5575
-1700
-2400
-2050
-1700
-850
2150
1850
2525
5450
3775
4650
6375
8975
8350
8300
8500
8575
6550
8150
8100
6450
6325
-2100
-350
-5600
-4950
-8000
-11350
-15700
-19675
-19200
-22975
-23900
-22300
-21025
-24375
-20550
-19075
-14350
-13900
-9600
-7350
-5450
2525
2675
8400
8375
12725
11425
12200
14350
15725
14650
15325
13525
7575
6900
4550
3950
-5150
-4550
-11000
-20425
-23675
-25550
-31225
-39650
-42550
-51150
-60175
-62275
-60975
-70175
-71375
-74850
-79600
-84100
-78450
-75075
-77850
-74425
-72025
-66725
-61425
-52950
-49400
-43500
-38875
-35000
-26600
-17650
-12900
-14400
-10250
-5875
-5600
-3400
1925
-1525
-2850
-2850
-125
-3750
-1575
-1275
-2800
-6150
-7400
-6100
-6175
-4575
-9675
-7150
-8675
-8925
-10750
-9500
-6350
-8675
-9725
-8375
-7225
-9825

-5775
-6825
-4850
-6200
-4950
-2250
-4475
-875
200
1525
-675
2075
1600
5925
4850
7775
6800
5150
8650
6325
10700
9625
10550
6625
5750
4300
6100
1375
475
-4475
-7650
-7275
-14325
-13800
-17850
-18725
-23500
-25150
-22550
-20975
-21475
-20275
-20900
-17050
-13200
-10425
-5400
-2275
3150
1475
6000
7700
10825
12075
15825
15825
14950
14350
12825
12700
9625
10700
2950
2275
-5700
-6200
-11775
-15525
-20525
-28425
-34025
-38800
-43000
-53650
-54525
-60300
-63650
-72525
-70225
-74075
-79050
-81950
-81775
-78400
-76500
-68825
-71325
-65650
-64050
-57975
-50475
-41950
-34275
-33050
-24300
-22600
-17075
-14525
-6025
-5325
-4475
-3800
-2050
-2000
-1675
2425
-2200
-1575
-4725
-2650
-3850
-3700
-5250
-5500
-6425
-8075
-7875
-8800
-6325
-10400
-8050
-10025
-8975
-8450
-8100
-6575
-8825
-7975

-7550
-6200
-6750
-3300
-4925
-2200
-3250
-2900
-900
-550
3375
3025
1500
3825
5125
6350
6625
7275
10400
7400
8075
9925
8725
7050
7250
4800
5250
-25
350
-2000
-6725
-7450
-15250
-15800
-18075
-17875
-21800
-23000
-23875
-23625
-23075
-21625
-17875
-16150
-9625
-10850
-7250
-3875
3000
1950
6850
9400
11900
13400
13300
16775
14675
16150
13025
11775
9600
8950
4500
2350
-2375
-8000
-11925
-15425
-21300
-29800
-31325
-38125
-46775
-51350
-52600
-57975
-66700
-70175
-73725
-79375
-77350
-75300
-78600
-78450
-77375
-75500
-74775
-64400
-58650
-56100
-49325
-43025
-39375
-32200
-23400
-20050
-17075
-12475
-9600
-6850
-2925
-1175
-1525
-2900
-50
-675
-1700
-1900
-1700
-2250
-4175
-5650
-5525
-4350
-5800
-6750
-8650
-7575
-8650
-9050
-7025
-9875
-7775
-8700
-9725
-9175
-6675
-5450

