
Curva de Excitacao - Bobina Girante (Dados Brutos)

Arquivo..............: C:\Arq\Wiggler\Medidas Wiggler - Corretoras\Bobina Tungstenio\Gap42\Translado42_X=-5_#016.dat
Data.................: 02/02/2005
Hora.................: 10:27:00
Ganho................: 20
N. de Coletas........: 1
N. de Voltas.........: 10
Intervalo de Análise.: 4 - 8

-6875
300
-4575
-5275
-3750
-3200
-5600
-5450
-5825
-10925
-5475
-8975
-9475
-12125
-11650
-12800
-15250
-13400
-11600
-14950
-15125
-10975
-17575
-15725
-15600
-14350
-11400
-12550
-11225
-11275
-9150
-9675
-11625
-6275
-4050
-4875
-4650
-550
-600
-2600
-2050
-950
-2925
500
1175
-1950
2525
-2450
-4175
-5550
-3275
-4700
-5825
-4900
-7000
-10025
-11175
-10575
-13150
-10325
-13300
-14375
-15775
-14400
-15775
-17050
-15025
-15200
-18175
-20175
-15625
-15925
-17525
-18375
-16000
-18925
-18525
-16750
-18425
-17300
-18400
-16875
-19100
-19700
-21350
-25300
-21850
-24250
-26550
-26625
-27375
-30000
-31400
-33875
-37350
-34325
-34275
-38500
-40950
-33725
-40425
-42325
-35925
-36475
-40450
-37375
-31425
-40200
-34900
-30700
-29600
-34100
-24700
-26800
-27425
-20025
-20525
-18525
-16275
-10900
-16400
-11275
-6850
-9300
-9375
-3575
-2950
-8175

-2700
-2800
-1425
-4625
-3225
-4100
-4575
-4850
-7775
-7525
-5575
-9200
-13125
-8300
-9600
-12950
-13075
-12525
-12475
-17350
-13650
-12400
-15350
-12900
-15100
-12725
-13175
-10875
-13000
-11200
-7250
-7825
-11125
-6000
-2900
-5800
-2375
-5050
150
-575
-925
-1650
50
3350
-1450
-2900
-1000
450
-2925
-1575
-2950
-3375
-8250
-6900
-5800
-7750
-8500
-11475
-10700
-12200
-14300
-13950
-12475
-13400
-16500
-17575
-14925
-16250
-17375
-17475
-16250
-17225
-17650
-16800
-16200
-17625
-15950
-17625
-20025
-16800
-17875
-18250
-20750
-17850
-19925
-22775
-23700
-22700
-26300
-25675
-29975
-29550
-28100
-35250
-33800
-33850
-34375
-40925
-35500
-34525
-40150
-41525
-34450
-38950
-41050
-34050
-36575
-36575
-33625
-30425
-33200
-29350
-25900
-29225
-22900
-18750
-22800
-20925
-11475
-13625
-15925
-9325
-5525
-10300
-8900
-2625
-4100
-5050

-3425
-2100
-3350
-2800
-4075
-4075
-2975
-5325
-6825
-5750
-6750
-10600
-10425
-7825
-11975
-11675
-13800
-11350
-13950
-14700
-13625
-14875
-13300
-14475
-14275
-14025
-9075
-13750
-12725
-11150
-8125
-8925
-8600
-4075
-5675
-4400
-3475
-3925
200
1650
-1975
-2400
1275
1775
-300
-1550
1950
-2300
-3350
-2550
-3375
-2825
-5600
-6325
-7775
-8800
-10125
-10425
-9175
-11625
-13575
-14525
-13175
-15050
-15225
-14550
-15425
-16325
-18275
-15575
-18075
-15000
-17750
-16925
-18525
-15975
-14900
-18800
-16900
-16600
-17300
-19725
-18850
-19875
-19675
-23225
-22150
-23125
-24900
-27150
-29925
-26575
-30200
-36150
-33750
-31800
-36650
-39850
-35900
-36525
-40825
-38375
-34925
-39925
-37275
-35225
-38100
-35150
-32875
-33025
-31375
-27450
-28475
-28025
-20300
-19275
-24725
-18050
-10550
-17050
-14700
-8750
-6125
-10175
-5500
-3575
-5375
-4150

-2750
-1950
-3450
-1225
-4950
-2325
-4600
-5300
-6250
-6000
-5225
-11025
-8350
-9300
-10425
-12625
-11800
-14550
-12050
-14000
-14450
-13750
-13000
-11000
-18075
-11150
-10325
-13525
-12400
-8550
-7725
-9525
-8150
-5725
-4250
-3900
-1600
-4725
25
1350
-2925
1400
1325
1300
-1750
-625
1625
-2050
1300
-2350
-4350
-4850
-4100
-6525
-6775
-7175
-8250
-11225
-11525
-10700
-13825
-10850
-14175
-13550
-16975
-15700
-15100
-14925
-15275
-17200
-15300
-16375
-17225
-18125
-14900
-16350
-16800
-18225
-17225
-15650
-19375
-17050
-19050
-19425
-19625
-21625
-23300
-23150
-23975
-28275
-28550
-28075
-28025
-35875
-31925
-33450
-37375
-36100
-36450
-37525
-40100
-36475
-38925
-39250
-35825
-35275
-37775
-33650
-31175
-35800
-29600
-28675
-27875
-28000
-18725
-21325
-23325
-15150
-14300
-14500
-12925
-7225
-10775
-7850
-5725
-4050
-3650
-1700

-2200
-5225
-500
-2800
-4125
-3900
-350
-5950
-6400
-5875
-6250
-7850
-10875
-7975
-11150
-11100
-13475
-12425
-10975
-13775
-14400
-13300
-12300
-15000
-14450
-11625
-11075
-13750
-10925
-8700
-9475
-7000
-7725
-6300
-4575
-2500
-3350
-4300
3300
675
-2000
-875
2075
375
425
1050
250
-1675
-2125
-950
-4400
100
-4875
-6475
-7425
-7550
-9400
-10075
-8425
-11525
-13325
-14575
-12825
-13050
-13950
-15925
-15200
-15175
-16725
-16700
-15850
-15000
-17925
-16375
-15725
-17475
-15500
-15875
-16500
-17650
-17250
-16675
-19850
-18975
-18775
-21975
-24575
-20000
-24075
-28000
-29600
-25250
-30800
-35200
-30675
-33350
-36675
-35175
-35500
-39375
-36850
-38125
-38400
-38900
-34550
-37450
-37050
-30200
-35650
-33800
-27500
-26800
-31325
-25000
-20325
-23450
-21950
-14300
-14050
-16575
-9725
-10175
-8050
-6250
-4775
-5800
-2750
-1975

-5625
-2075
125
-2150
-6850
-50
-1925
-6700
-4825
-5600
-6075
-10125
-8075
-8750
-11175
-10525
-11450
-12275
-12125
-12150
-15350
-12150
-12925
-13650
-15025
-12050
-10125
-13725
-9300
-9900
-7625
-7600
-8750
-6600
-3025
-1225
-4825
-4850
1525
1625
-2825
2575
1700
1250
75
-575
725
-300
750
-3750
-3625
-1825
-5075
-5875
-3850
-6825
-9950
-10725
-8950
-10575
-13325
-11350
-12600
-15075
-14425
-15200
-14425
-15525
-15175
-16800
-16875
-15025
-15975
-14700
-16750
-16375
-15775
-16075
-17725
-16200
-17050
-17125
-19575
-19025
-17225
-23175
-23350
-21100
-24825
-28625
-26275
-26200
-31425
-33925
-30875
-32225
-36750
-33900
-38825
-36275
-36525
-38275
-39375
-35375
-34850
-39325
-35375
-30650
-33975
-34800
-26650
-28850
-29925
-23400
-19975
-23100
-21000
-14000
-15550
-14150
-10900
-10000
-8350
-6625
-5300
-4700
-50
-3975

-5225
-900
125
-3425
-3975
-625
-3550
-5350
-5150
-5125
-7000
-6850
-8900
-10400
-10775
-11150
-11575
-13325
-10850
-13325
-13025
-13225
-11325
-13275
-14050
-10825
-11975
-12300
-11250
-8725
-7850
-5500
-9050
-6000
-1475
-3825
-3550
-2275
2450
-425
-2000
1550
1900
2125
450
1500
-550
675
-925
-2350
-2375
-1250
-3775
-7825
-3625
-8675
-7975
-8925
-8650
-11500
-12375
-11725
-13325
-12075
-15100
-14150
-15800
-14050
-15725
-16300
-15425
-15100
-15475
-17125
-14425
-16450
-14675
-17575
-15800
-16225
-18350
-16925
-19025
-17625
-18950
-21850
-22500
-20775
-25075
-27200
-27200
-28500
-30100
-32825
-30575
-34900
-33250
-35750
-38925
-35325
-35325
-38700
-39050
-34300
-37625
-36600
-34350
-30825
-35675
-31300
-25225
-31000
-28375
-23175
-20925
-24275
-17525
-15975
-15725
-12700
-9950
-9200
-7900
-4700
-8100
-4850
-1600
-2050

-4075
-825
275
-2700
-2050
-2650
-2600
-4900
-4275
-7075
-5425
-7325
-9850
-8200
-8550
-9125
-14600
-11075
-10600
-13575
-14975
-11600
-11675
-14050
-13550
-12325
-8850
-12025
-9025
-10825
-8175
-5100
-9175
-4150
-2225
-2475
-4325
25
1400
-550
950
2000
550
675
2425
200
1350
900
50
-2525
-3050
-2375
-5150
-4150
-4900
-7600
-8400
-8975
-8900
-10175
-11675
-12750
-12450
-13350
-13700
-16125
-13250
-13575
-16800
-16700
-15850
-14100
-17300
-15050
-15575
-16275
-16225
-15925
-16100
-16025
-15650
-17100
-18800
-18200
-16475
-22825
-22175
-21200
-24825
-24550
-27200
-27000
-29925
-31850
-33275
-33575
-33875
-35750
-38675
-34725
-34750
-40925
-35375
-34775
-37025
-37725
-32325
-33125
-35850
-30175
-28825
-29375
-26625
-22300
-23950
-20800
-18250
-16750
-15400
-11575
-11925
-11950
-4900
-5975
-6625
-4650
-550
-2425

