
Curva de Excitacao - Bobina Girante (Dados Brutos)

Arquivo..............: C:\Arq\Wiggler\Medidas Wiggler - Corretoras\Bobina Tungstenio\Gap42\Translado42_X=2_#023.dat
Data.................: 02/02/2005
Hora.................: 10:38:06
Ganho................: 20
N. de Coletas........: 1
N. de Voltas.........: 10
Intervalo de Análise.: 4 - 8

-14625
-15850
-12100
-12375
-15625
-11900
-12475
-12800
-14125
-11975
-11900
-14775
-12575
-11825
-11925
-14200
-11075
-11400
-9500
-13525
-10375
-7525
-9450
-6200
-7575
-2125
-4700
-4025
-2925
1975
1225
2525
1000
4775
4650
2150
4875
3875
8300
4400
3275
3050
2525
2400
1525
-2225
-2600
-3625
-4825
-5425
-8375
-6400
-12100
-13600
-13825
-13750
-16350
-15650
-17400
-19650
-23700
-20300
-20250
-22325
-22575
-25700
-22925
-26900
-23625
-25200
-20975
-24100
-24300
-24750
-21425
-21875
-20350
-18200
-19800
-18225
-19650
-14875
-18200
-13800
-13850
-16600
-16150
-12550
-14400
-19225
-14325
-15725
-17150
-23550
-17225
-22000
-25325
-24125
-26350
-26125
-28625
-29575
-30550
-31825
-33425
-31225
-32700
-31675
-34875
-33125
-29000
-31975
-31875
-29900
-25900
-27725
-28475
-24750
-21375
-22600
-23175
-19550
-18825
-17950
-18600
-14875
-14375
-15825

-14975
-13325
-10900
-14550
-13825
-11175
-12100
-15275
-11775
-11100
-12900
-13525
-11850
-9850
-14850
-10875
-12100
-11500
-11775
-9875
-9475
-8125
-7350
-7650
-6675
-5825
-2625
-3825
-200
-425
625
3700
1700
4250
5650
4425
4950
3125
7125
6225
4225
3550
3250
1625
150
0
-1475
-1825
-5775
-5600
-11125
-8300
-10500
-10750
-11925
-16500
-17275
-18750
-15275
-19875
-18825
-22075
-20225
-23875
-22625
-23225
-22075
-22625
-25775
-24600
-27175
-20575
-23875
-21250
-22950
-21300
-21400
-20625
-18500
-17450
-15700
-17975
-15700
-16950
-12950
-17500
-13500
-12225
-16725
-16800
-15725
-14850
-20350
-20250
-19275
-20850
-25000
-24125
-26275
-26500
-27175
-30825
-29075
-31125
-32875
-33075
-32375
-31425
-34725
-30425
-30675
-31025
-33100
-28325
-26700
-28025
-27400
-24050
-21325
-25075
-20800
-20825
-17325
-19300
-18375
-16175
-14100
-14750

-14525
-13150
-12775
-13075
-13975
-10075
-13600
-12775
-11175
-12725
-11400
-13350
-12000
-12100
-11950
-12675
-11775
-10475
-10075
-11175
-10675
-7175
-8125
-6925
-6600
-3625
-2000
-4150
-250
-625
3025
2450
1700
3975
5375
4650
5350
5700
6275
6025
2675
4475
2775
5075
1225
-1725
-1125
-3725
-2775
-6075
-5900
-10475
-11175
-12300
-13050
-15700
-13475
-15775
-18800
-19725
-20850
-19725
-22350
-18975
-24175
-24275
-23775
-23250
-24125
-24200
-22200
-23525
-25275
-23325
-20175
-21100
-19075
-20325
-20225
-18450
-16575
-17400
-15475
-14200
-14200
-16600
-13675
-11950
-16075
-14850
-15825
-16725
-17275
-19650
-20325
-21700
-21500
-24675
-27500
-24375
-28525
-30950
-29575
-29325
-33200
-32600
-31125
-32200
-34325
-32175
-28900
-32425
-30575
-28375
-27225
-28225
-27550
-24500
-23225
-22225
-22650
-19650
-18675
-16225
-18350
-16000
-14000
-15475

-14675
-14325
-10350
-13850
-12775
-11100
-10600
-11850
-12725
-12175
-11625
-11375
-13975
-11025
-11025
-12150
-12300
-10500
-7950
-12050
-9000
-7975
-7775
-7625
-5950
-2900
-2850
-2900
-725
700
575
3525
1325
4975
6250
5050
5425
4800
7500
5300
6125
3975
2325
2075
2525
450
-1175
-2850
-4075
-6825
-8325
-6475
-9200
-10850
-12675
-15100
-16750
-16775
-15925
-16850
-20475
-20950
-21775
-20375
-23700
-22425
-22275
-23900
-25700
-25150
-21325
-23075
-22525
-22225
-20525
-24025
-17075
-18900
-18725
-16750
-16650
-16675
-16775
-11800
-14325
-14250
-14475
-11700
-16600
-15250
-16050
-15850
-16500
-19450
-18800
-21600
-21825
-25075
-24875
-25100
-28550
-31000
-28775
-30375
-33325
-30950
-31750
-30950
-33950
-30075
-30325
-31150
-29650
-29725
-26875
-26625
-24900
-24850
-21950
-22075
-20625
-19850
-17450
-17175
-18400
-14975
-13175
-13350

-15550
-12025
-11300
-12875
-13050
-10375
-10125
-13775
-11250
-11600
-10275
-14250
-12025
-9700
-12225
-11125
-12325
-9800
-10350
-9475
-9725
-7225
-8525
-5650
-5300
-5325
-1400
-3000
1225
-250
2575
3925
2425
4275
5850
7800
5075
6300
6500
5625
3375
5075
5300
3475
2125
-1275
-575
-3175
-2250
-4775
-7225
-8100
-12225
-10225
-12250
-12400
-15475
-16550
-16975
-19450
-19850
-18875
-18125
-22575
-23500
-24150
-21300
-23725
-22600
-22825
-24475
-23550
-22500
-21400
-21900
-19025
-18350
-19425
-20775
-16175
-16175
-15300
-14475
-15075
-13475
-16325
-12575
-13275
-13950
-15350
-15550
-14250
-16725
-20300
-19075
-18650
-24625
-25350
-24350
-24025
-29700
-30225
-27275
-30250
-31800
-32350
-30425
-31275
-33150
-32950
-28775
-29475
-31425
-27600
-26425
-24925
-29400
-21925
-20700
-23725
-21900
-18450
-17025
-19025
-16250
-14575
-13275
-16225

-13200
-11150
-12350
-12575
-13000
-9500
-12375
-11900
-11850
-10300
-12175
-11825
-11525
-10900
-11200
-10825
-10650
-12175
-9100
-9650
-9150
-7350
-6325
-5475
-6750
-2700
-1375
-3700
-800
425
2650
3400
3700
4975
7050
5075
5350
4300
8500
8400
3550
5275
2500
4975
325
1600
375
-3250
-4200
-5225
-6450
-8100
-7200
-10625
-12700
-17075
-13750
-16225
-15800
-17625
-19800
-20025
-22075
-20950
-22025
-21250
-23125
-23300
-24850
-23850
-22575
-21025
-21575
-23000
-21550
-20825
-18800
-19925
-16075
-15575
-18100
-16200
-14975
-13725
-12925
-13625
-14325
-13925
-13575
-15400
-15300
-15325
-14975
-20975
-18225
-20300
-22300
-24075
-24875
-24550
-28975
-27725
-28375
-30025
-32825
-29875
-31150
-30625
-32225
-31125
-29500
-31400
-29425
-27975
-25825
-27450
-26375
-23475
-22025
-21150
-20775
-18175
-19625
-16400
-17200
-13750
-14150
-13850

-14250
-13350
-10475
-11925
-10600
-12425
-10275
-12700
-11750
-11300
-9725
-11650
-13325
-9400
-11075
-11250
-11900
-8850
-8825
-11400
-9175
-7075
-5650
-6525
-4775
-3950
-400
-3725
-25
2775
2925
3500
300
6625
6000
7050
7025
7175
5725
5250
5650
5200
4900
4525
2250
-1550
-1875
-400
-400
-4450
-8700
-7800
-10050
-10925
-11600
-12400
-13600
-17975
-17900
-17925
-18400
-19550
-18975
-20800
-24375
-24700
-21600
-20800
-23250
-23775
-23975
-23150
-23525
-20975
-19075
-21650
-19025
-20125
-16775
-17600
-14325
-14500
-15875
-15000
-12800
-14050
-14725
-11425
-14650
-14750
-17150
-13800
-16650
-19550
-18725
-20225
-22225
-24050
-25400
-25950
-26600
-29750
-26675
-31325
-31275
-30275
-30375
-31050
-33200
-29400
-29100
-31225
-30725
-27125
-26050
-25600
-26425
-23650
-22200
-22325
-20675
-20225
-16175
-16150
-17550
-15700
-13025
-14425

-14200
-11000
-12325
-12775
-13525
-9625
-9975
-12400
-11075
-11000
-9850
-13700
-11375
-10425
-9225
-12575
-11475
-9000
-8775
-9675
-8675
-5925
-7625
-5600
-5725
-2400
-1650
-2675
-550
600
3250
3800
3250
6350
7650
4125
5650
7175
7725
7975
4275
5025
2300
4825
4075
725
-1175
-2100
-3050
-6175
-5525
-6525
-8900
-12350
-13150
-13775
-15050
-13750
-15725
-17825
-21500
-18850
-19850
-20125
-21100
-22625
-22025
-25050
-23950
-23400
-20550
-22575
-20975
-22325
-22075
-20950
-17825
-18100
-19525
-16875
-16650
-15450
-16525
-12150
-11825
-16475
-13400
-12775
-13025
-16950
-14675
-15025
-16675
-19950
-18500
-18650
-23400
-23475
-25725
-23550
-28800
-29100
-28875
-30000
-31625
-31500
-29650
-31200
-32500
-32350
-27875
-31200
-30325
-27675
-24900
-26350
-28475
-21925
-21350
-20675
-22375
-18325
-17825
-17200
-16825
-14700
-12750
-15400

