
Curva de Excitacao - Bobina Girante (Dados Brutos)

Arquivo..............: C:\Arq\Wiggler\Medidas Wiggler - Corretoras\Bobina Tungstenio\Gap42\Translado42_X=-2_#019.dat
Data.................: 02/02/2005
Hora.................: 10:31:47
Ganho................: 20
N. de Coletas........: 1
N. de Voltas.........: 10
Intervalo de Análise.: 4 - 8

-6850
-8575
-7325
-10375
-8625
-9350
-8425
-10500
-9725
-10050
-11050
-11450
-13500
-9650
-13125
-13350
-12325
-12975
-13325
-14425
-12800
-12350
-11750
-11650
-13075
-10675
-7200
-9125
-10075
-5575
-3750
-3825
-6775
-100
300
-1225
1125
-1750
4175
2825
1575
525
3900
2725
-700
-1300
900
-1675
-3450
-1450
-5800
-4675
-9075
-8625
-9575
-10950
-11425
-13125
-12550
-15850
-16775
-16725
-15450
-17550
-18625
-20125
-18400
-18650
-19750
-20175
-19050
-17625
-19850
-20100
-18875
-18100
-16425
-17975
-18725
-16150
-16775
-17525
-17825
-15175
-16425
-19550
-20075
-17700
-20375
-22025
-24525
-22225
-23650
-30000
-28100
-29025
-31325
-35275
-32050
-32950
-36025
-37500
-34075
-38050
-37050
-33925
-36925
-33725
-34800
-34825
-32425
-28650
-30825
-30475
-23500
-24275
-26850
-22500
-16600
-21500
-18375
-14050
-13925
-15700
-11200
-9375
-11325
-9700

-9250
-8950
-9475
-6475
-10675
-8100
-7375
-9225
-10650
-10125
-8625
-13000
-11950
-11100
-12325
-12200
-13600
-13725
-12325
-12075
-14875
-12350
-11325
-11175
-12850
-9750
-6075
-11725
-7925
-5850
-3825
-5050
-2750
-775
-1025
75
425
-650
3150
4675
50
2050
3575
1475
925
750
1325
-1725
-2150
-3800
-5800
-4450
-5875
-8800
-9800
-9950
-12300
-14025
-11950
-13800
-16750
-17200
-16250
-17325
-18100
-19450
-17500
-17600
-21100
-20250
-19150
-16850
-20275
-18325
-18575
-51000
-18100
-18200
-16825
-15975
-16800
-17575
-16275
-18200
-14400
-19875
-18475
-19175
-19250
-22875
-24300
-21550
-24600
-29725
-27900
-27175
-32950
-31950
-34475
-33125
-36125
-34825
-35550
-37650
-34475
-36875
-37275
-33600
-33175
-36200
-30675
-30325
-30925
-29800
-24275
-25775
-26550
-19925
-18325
-21425
-17100
-14775
-14325
-13350
-11125
-12300
-10675
-8450

-9275
-10325
-6125
-7025
-11450
-7575
-7000
-9000
-11400
-8100
-9550
-12375
-12025
-10225
-12100
-12925
-12175
-13900
-11100
-14375
-13800
-11500
-11575
-11325
-13925
-8025
-8000
-10200
-7150
-5050
-5300
-3425
-3375
-1350
300
1200
1100
-625
4175
3850
675
3525
3550
2900
500
475
-1275
-1125
275
-3600
-4025
-5475
-6175
-9875
-7200
-9550
-10750
-13550
-13225
-14200
-17350
-14000
-16025
-16250
-20400
-17975
-17775
-18025
-20650
-18050
-17275
-20250
-17775
-19175
-16625
-19125
-14925
-18175
-17375
-15225
-16325
-16525
-18175
-14650
-16550
-18500
-19675
-16425
-20025
-22575
-23725
-22275
-23700
-29200
-26525
-29675
-32125
-31350
-33550
-33425
-35100
-34975
-36350
-35000
-36100
-37100
-35975
-31675
-35850
-36350
-28925
-30150
-30800
-28600
-22800
-26625
-24200
-20925
-19650
-19200
-16600
-14600
-15500
-10325
-12825
-10525
-8550
-9025

-10675
-7650
-5200
-9875
-9275
-6975
-6075
-12075
-8400
-8975
-9975
-10925
-11400
-9950
-13275
-11250
-13750
-12150
-11375
-11800
-13675
-11425
-11650
-12150
-10500
-10225
-8425
-9925
-7200
-6550
-4525
-600
-4425
-825
-650
1975
-475
450
5225
3500
2000
2275
3325
1400
4200
-1050
875
0
-2225
-4250
-4675
-2325
-8600
-7025
-8150
-10650
-12725
-11050
-11525
-14825
-15850
-16150
-16050
-18025
-16775
-18275
-17150
-19325
-19000
-19100
-18975
-17625
-17600
-17925
-19525
-17550
-16575
-17200
-17200
-14850
-15600
-16825
-16950
-15400
-15350
-19325
-17675
-17075
-20600
-22275
-22125
-21850
-27075
-27525
-26550
-29450
-30775
-30550
-34175
-33575
-33400
-37725
-34150
-34850
-34900
-39650
-33125
-31500
-36900
-33450
-27425
-30575
-33175
-26250
-24400
-25300
-23825
-19325
-20050
-19700
-15400
-16900
-12800
-12175
-12350
-11775
-7825
-9650

-10175
-7050
-6375
-8300
-9925
-6125
-9075
-9425
-8525
-9250
-10125
-9725
-10325
-12350
-10725
-11325
-12550
-13775
-10675
-12500
-14200
-9650
-10900
-11200
-12475
-8325
-7950
-8425
-6150
-5850
-4075
-2850
-3800
-2025
2700
600
1325
1050
4450
3300
2250
4875
1750
4325
2000
975
-725
850
150
-3350
-4700
-4375
-6650
-8025
-6725
-10325
-10800
-11675
-13725
-14350
-14725
-14850
-15475
-16750
-17550
-19575
-17100
-17650
-18075
-20025
-18675
-17275
-19400
-19000
-16500
-16075
-16875
-17450
-15875
-15675
-16900
-14700
-16450
-15275
-15975
-17775
-17650
-17550
-19150
-21350
-22000
-22900
-23325
-28425
-27200
-29575
-28950
-30325
-35150
-31475
-34325
-36325
-36875
-33175
-36750
-34925
-33500
-33075
-36175
-32450
-28200
-33025
-28950
-26500
-24725
-26475
-22650
-20475
-19525
-17275
-16650
-15925
-13500
-11425
-13225
-9825
-7650
-9475

-9100
-8775
-5825
-8850
-7600
-7475
-6525
-8425
-10000
-9300
-8450
-9150
-12800
-9650
-11050
-12050
-14000
-11325
-9325
-13725
-11825
-11200
-10850
-11775
-10650
-8500
-7075
-8875
-7050
-4875
-3300
-1775
-5325
650
1300
0
1325
3100
4650
2850
3225
3550
2275
3175
2950
1300
300
0
-1250
-2575
-3300
-3650
-5225
-8750
-8175
-9575
-10500
-12800
-10225
-12975
-16350
-17150
-14350
-14900
-19025
-17225
-17725
-17625
-20650
-17175
-17850
-17250
-18350
-17175
-17025
-17925
-15500
-16950
-14800
-16725
-15700
-15725
-16200
-15550
-14975
-17900
-18875
-16375
-20275
-20475
-23025
-21800
-23900
-28425
-26600
-27775
-29250
-33450
-32200
-32075
-34575
-36475
-33075
-35025
-37650
-34350
-33475
-33125
-36325
-30050
-29850
-31400
-29500
-27425
-24300
-23725
-23700
-22075
-17400
-17600
-17875
-15625
-10375
-13300
-14325
-9225
-7325
-8425

-9700
-6475
-6650
-7650
-8850
-6125
-6450
-9775
-8650
-9225
-6325
-12400
-10550
-9625
-10250
-12325
-12525
-10225
-11425
-12475
-11675
-10200
-12625
-9825
-10975
-8625
-7025
-7925
-5925
-6875
-3000
-2200
-3225
-625
1250
1350
1850
1150
2600
5800
3100
2300
2800
5725
1875
-1275
2800
625
-225
-3475
-1950
-4375
-6700
-6550
-6975
-8650
-11725
-11500
-12900
-12225
-15900
-14250
-15250
-16625
-17825
-18025
-16050
-18675
-17775
-18350
-17400
-18425
-18375
-16700
-17800
-16775
-15800
-16050
-17650
-14250
-15550
-15650
-16650
-14825
-15375
-19150
-16600
-17000
-18750
-21600
-22150
-21675
-22900
-28400
-27975
-27250
-30475
-32000
-33600
-30875
-35000
-36225
-33150
-34800
-36350
-34900
-32950
-35050
-33050
-32600
-29600
-29525
-28725
-27600
-25075
-22175
-25550
-20225
-17300
-17250
-19550
-13575
-10625
-13700
-12500
-8500
-6925
-11525

-8100
-6825
-5750
-8575
-7725
-7075
-6650
-8075
-8875
-8125
-8800
-10100
-11200
-10050
-11175
-11575
-10950
-12400
-10550
-13650
-11450
-11275
-10000
-9525
-11450
-9200
-7200
-6575
-7350
-4475
-3425
-1600
-4450
-800
1725
1400
2175
-225
5600
4000
2650
2650
4050
4025
1200
1775
1425
850
-1875
-2025
-3675
-3325
-5600
-7850
-7975
-10125
-9475
-11675
-11650
-13625
-14700
-15500
-15625
-15600
-17075
-18075
-17850
-17550
-18750
-18325
-17950
-16550
-17875
-18025
-16950
-17450
-15000
-16975
-15975
-15700
-15525
-15800
-16525
-14750
-15975
-17125
-17975
-16000
-19700
-20325
-22725
-22250
-22750
-28525
-26325
-28750
-29500
-32650
-33050
-31625
-34700
-35450
-35075
-35175
-35575
-33675
-35550
-31975
-34825
-32225
-30725
-29625
-28550
-28100
-21925
-24825
-24475
-20525
-17025
-19025
-16175
-14100
-13875
-12700
-11725
-8400
-9175
-7800

