
Curva de Excitacao - Bobina Girante (Dados Brutos)

Arquivo..............: C:\Arq\Wiggler\Medidas Wiggler - Corretoras\Bobina Tungstenio\Gap42\Translado42_X=5_#026.dat
Data.................: 02/02/2005
Hora.................: 10:42:53
Ganho................: 20
N. de Coletas........: 1
N. de Voltas.........: 10
Intervalo de Análise.: 4 - 8

-20550
-13875
-14200
-16050
-16925
-12825
-14600
-16625
-13075
-14075
-12100
-13450
-10175
-12150
-13350
-11200
-12200
-8225
-8425
-9175
-6500
-2800
-6650
-5825
-2525
-3025
2075
850
5950
3400
5225
4925
1075
6275
7750
10400
5525
7900
6100
4100
1900
2200
-1150
1775
-1250
-5725
-1125
-6000
-8425
-13200
-12125
-14700
-14400
-14925
-14375
-18875
-21875
-20875
-23225
-21100
-24800
-21150
-26350
-28275
-30575
-26200
-27425
-27950
-26850
-31200
-30250
-30375
-29000
-31350
-24125
-25550
-26650
-26550
-22550
-22925
-20075
-17250
-21125
-17150
-13325
-15750
-16525
-9725
-13825
-16575
-12175
-10750
-16450
-16825
-13575
-16775
-19250
-17750
-20025
-21100
-22425
-26050
-25550
-2040
-27175
-30075
-26925
-29425
-30875
-30175
-27850
-32900
-30775
-27925
-27175
-26450
-28625
-24950
-24925
-24200
-25475
-21825
-19950
-20600
-22100
-18125
-16750
-20550

-15900
-15175
-16200
-16475
-14300
-12675
-16000
-13525
-13125
-14475
-13275
-12175
-13350
-11250
-10375
-12025
-9100
-9975
-7350
-10275
-5450
-4725
-4825
-1950
-2500
-750
1175
650
575
4350
6550
8100
2625
7400
7675
5075
7250
4475
8200
5925
2800
675
2550
1450
-1150
-4700
-4700
-7500
-8775
-9350
-10575
-13625
-14850
-15675
-17825
-18175
-18300
-18900
-22675
-23325
-24950
-23075
-24775
-24750
-26125
-30000
-29550
-28225
-27450
-31675
-26275
-27000
-30400
-31675
-24825
-27200
-24875
-21925
-24350
-23000
-21950
-15875
-21350
-14075
-14475
-17575
-15250
-10300
-14950
-15000
-9775
-13075
-15425
-17050
-11800
-18125
-17900
-17925
-20600
-19775
-23100
-23625
-24500
-25550
-29775
-27100
-29375
-28050
-31300
-28550
-28100
-31625
-27925
-29425
-26950
-27700
-28375
-25925
-23425
-24350
-23100
-21875
-21350
-19425
-20150
-17250
-19475
-17000

-15625
-17025
-15175
-13825
-15250
-15575
-12900
-14075
-12550
-14200
-10550
-13975
-12800
-9325
-11075
-10600
-10725
-8725
-8375
-8225
-6250
-5100
-3400
-3700
-4025
875
3450
125
1750
5625
4900
5550
4450
10100
7300
6875
6400
4475
6475
5925
5550
2400
2625
-525
-1675
-3125
-3825
-6575
-7225
-9100
-14850
-10400
-13625
-14400
-17450
-17775
-20175
-22050
-19400
-21975
-21800
-25925
-23700
-27450
-25925
-28925
-24900
-27300
-31650
-29825
-28250
-26825
-30425
-24200
-28900
-27825
-26725
-22275
-24175
-20350
-18425
-20925
-18900
-16375
-13925
-17825
-11500
-12800
-14950
-12775
-13100
-11775
-13875
-13875
-16000
-15225
-18000
-18250
-21225
-19325
-22275
-24850
-22075
-27300
-27625
-27350
-28425
-29150
-30150
-29075
-29025
-29050
-30900
-27925
-26625
-27275
-28875
-25425
-22225
-25350
-23075
-21900
-20050
-21175
-19525
-19075
-17025
-16950

-17075
-15750
-14575
-12950
-16650
-13050
-12750
-15075
-14450
-11550
-11075
-14525
-10825
-10825
-11675
-11250
-8025
-8425
-8600
-7175
-7350
-3575
-4350
-1300
-3625
1575
1925
-950
4125
5875
6750
4250
6400
6350
7800
7700
8750
5075
6675
7225
1550
4475
2350
4325
-2050
-3300
-6175
-6350
-5200
-8625
-11825
-12525
-13850
-17100
-14950
-17825
-17325
-21350
-20825
-23475
-24300
-22450
-22300
-24575
-29675
-27925
-26750
-27525
-29525
-26625
-27925
-30325
-29975
-25900
-28225
-25450
-21300
-25200
-25125
-20475
-18925
-20650
-16225
-15425
-16200
-15875
-12100
-12375
-13475
-11675
-13300
-12550
-13050
-15075
-14725
-14750
-17025
-18025
-20250
-18225
-24000
-23425
-23375
-26250
-28450
-26275
-26550
-29625
-29825
-30500
-26450
-30250
-29375
-29625
-25700
-27100
-28675
-24200
-23300
-23000
-25000
-20300
-20050
-19700
-20900
-17700
-16600
-17850

-15600
-15850
-13250
-16850
-14200
-12575
-13000
-14675
-12150
-11300
-13600
-11875
-11950
-9475
-12250
-9125
-9550
-9450
-6325
-7675
-4550
-5600
-3500
-3050
-1175
-25
2425
1350
3725
5125
4175
8850
4450
9025
8950
8200
6275
6225
8150
7075
3375
2575
2025
1500
-450
-2125
-3200
-5375
-8150
-9025
-11400
-11775
-12725
-14975
-15500
-20350
-17350
-19325
-19875
-21475
-23325
-23700
-26300
-23950
-26800
-26100
-27325
-27275
-29800
-27875
-29400
-27325
-25575
-27975
-27525
-27300
-23025
-26700
-20800
-18825
-20800
-20825
-15375
-15525
-16350
-13000
-14575
-11175
-14175
-11250
-14025
-11000
-12400
-15925
-13025
-15375
-17250
-19075
-17625
-20575
-22725
-23775
-21700
-25375
-28800
-25900
-27350
-27075
-32400
-28150
-26425
-30075
-30450
-26200
-25750
-29000
-26100
-24375
-23725
-25150
-20850
-21575
-20975
-19725
-19450
-17350
-17150
-15350

-17575
-13575
-14550
-14650
-14925
-12375
-13225
-15125
-10650
-13350
-11600
-12175
-10900
-11550
-9575
-9075
-10350
-7925
-7025
-6800
-7850
-1500
-3000
-3800
-1375
1250
2850
125
5950
4125
6800
7700
5250
7600
8125
9925
5425
7725
7150
6100
3600
5675
1750
1250
575
-4325
-3800
-6675
-3800
-10100
-11500
-11650
-13525
-14775
-15925
-15800
-19575
-19375
-21350
-20075
-23925
-22925
-22950
-24525
-27100
-27775
-25850
-27375
-27475
-29650
-27225
-27550
-27400
-27275
-24900
-23825
-24750
-24225
-21950
-20850
-20475
-15525
-17000
-17500
-13325
-13675
-13950
-11750
-10575
-12950
-12950
-10950
-13025
-14925
-12725
-14300
-18325
-17750
-19425
-19425
-21650
-22750
-23300
-25725
-27075
-26025
-27425
-29150
-29375
-28375
-26450
-29800
-28900
-26100
-27775
-25875
-26275
-23350
-24400
-23225
-23225
-22250
-18825
-18400
-19525
-18750
-14375
-16675

-15775
-15900
-13125
-13750
-15200
-11200
-12950
-12325
-12975
-11175
-10825
-12500
-12375
-8950
-9325
-11150
-8925
-8175
-5475
-8750
-4325
-2950
-4150
-1800
-1925
2075
1950
2675
4325
4600
5575
7500
6150
8800
10075
6650
8350
6425
8350
5875
5375
4625
1850
2625
75
-1725
-4800
-4625
-7050
-8975
-10750
-9875
-13275
-15775
-15300
-16650
-18950
-20275
-17875
-20775
-23900
-22925
-22950
-24425
-26450
-25500
-25925
-28075
-27650
-29100
-27675
-26050
-26775
-27850
-25775
-26250
-24525
-21600
-20550
-21450
-20475
-15850
-18325
-14900
-12175
-14225
-14550
-10175
-12050
-13625
-9975
-11000
-12675
-16325
-11300
-15350
-17000
-16900
-19575
-19275
-21250
-22900
-24700
-24025
-26750
-25350
-28325
-27325
-29200
-27925
-27025
-29775
-27525
-27500
-25875
-26950
-26950
-24650
-22175
-22275
-23650
-20825
-19800
-18825
-20825
-15875
-15125
-16525

-16325
-14025
-12775
-15000
-13025
-12775
-12125
-14425
-11425
-11500
-10250
-12525
-11300
-7850
-10725
-9425
-8925
-7125
-7425
-7250
-4800
-4550
-3150
-1525
-400
-475
4350
1475
3425
6900
6700
7300
5050
8525
8200
9775
8350
6325
8975
7875
4725
2000
4225
2325
-1200
-3675
-2450
-4725
-7750
-6425
-11075
-11600
-13625
-13050
-15575
-16650
-17925
-19925
-19000
-22575
-20550
-23400
-23500
-25900
-24825
-26925
-25500
-25700
-27525
-29100
-29675
-25700
-28700
-26125
-25400
-25450
-24000
-23950
-22225
-20900
-17475
-19175
-16525
-14200
-13275
-16425
-12150
-9600
-14075
-12750
-12000
-10725
-14050
-12600
-14475
-14625
-16125
-17025
-19425
-19625
-21225
-24450
-21000
-24950
-26825
-27225
-26275
-27950
-30700
-27275
-28325
-27725
-29625
-26450
-25650
-25625
-28000
-24100
-22500
-24675
-22225
-20075
-18850
-20800
-17825
-16275
-17850
-16075

