
Curva de Excitacao - Bobina Girante (Dados Brutos)

Arquivo..............: C:\Arq\Wiggler\Medidas Wiggler - Corretoras\Bobina Tungstenio\Gap42\Translado42_X=9_#030.dat
Data.................: 02/02/2005
Hora.................: 10:49:23
Ganho................: 20
N. de Coletas........: 1
N. de Voltas.........: 10
Intervalo de Análise.: 4 - 8

-17975
-15875
-15750
-15500
-15850
-14650
-16375
-12750
-11100
-13500
-10300
-10525
-9600
-9625
-7550
-7500
-9775
-5100
-1925
-4475
-950
3500
700
-600
-75
1900
9325
8200
9825
6625
8825
6800
3225
8850
8750
10325
6050
6375
1700
1350
200
-1175
-7625
-4625
-6700
-10950
-6825
-12700
-13175
-19475
-16875
-21775
-15475
-17550
-17225
-21075
-22550
-23325
-26275
-21525
-24425
-22800
-30625
-28550
-33725
-29650
-31325
-31125
-31900
-38575
-36950
-36750
-38500
-42525
-30700
-33450
-36700
-36700
-29225
-34150
-30400
-23375
-27725
-23800
-17325
-16900
-22175
-11775
-12775
-15700
-13650
-6400
-12925
-13325
-7725
-11550
-12950
-11775
-13050
-14975
-13125
-16650
-19575
-19600
-18025
-21800
-22000
-21075
-24525
-24800
-23775
-26550
-26500
-24700
-25425
-23850
-26875
-23800
-23950
-22900
-23125
-23775
-21100
-19575
-21250
-20050
-16150
-19400

-17675
-18125
-15825
-14300
-15975
-13300
-14150
-13025
-14650
-12250
-9600
-10200
-12200
-7650
-6575
-9075
-4800
-4825
-975
-6750
-1075
300
425
4100
4250
4825
5025
5450
4975
11025
9800
11475
5225
9275
6675
5800
9450
4400
4125
2625
875
-4500
-3075
-2625
-6025
-12950
-10675
-13950
-13050
-13700
-15525
-16975
-18850
-19750
-21450
-18950
-20275
-21325
-23650
-23000
-28000
-24350
-26700
-26175
-29350
-32625
-32475
-33850
-33200
-37350
-32100
-36450
-38375
-39200
-33450
-39475
-34450
-29300
-34050
-32900
-27925
-23375
-30300
-19050
-18525
-20200
-19650
-10250
-15000
-15000
-9050
-10950
-10900
-12600
-7925
-13500
-8825
-11925
-15050
-13225
-13100
-17475
-18700
-15500
-21100
-19500
-23500
-20775
-25825
-22900
-22475
-26400
-25325
-26100
-22700
-25775
-25300
-25800
-21025
-24025
-22475
-22575
-20050
-19850
-22525
-18950
-18350
-17400

-17375
-16675
-15275
-15150
-16200
-14175
-11575
-14300
-12425
-12650
-9950
-11975
-9050
-6400
-8775
-6975
-6300
-4825
-4250
-1225
-500
-350
1075
2975
2150
5100
9975
6325
5675
7900
9725
10275
7150
10775
8425
8325
4750
2300
5950
4600
1600
-3900
-3125
-6025
-6725
-8950
-9175
-12300
-14325
-15125
-18525
-15300
-18625
-16950
-20000
-21000
-23350
-20975
-20600
-24250
-23900
-26800
-26100
-30350
-26900
-31900
-28850
-33500
-35725
-36100
-34750
-34825
-37975
-33325
-40000
-36750
-34575
-31150
-35550
-27350
-26075
-29725
-27050
-20000
-19600
-21375
-12850
-14625
-15000
-13000
-9975
-11125
-9400
-9825
-11225
-10700
-10325
-12750
-15425
-9825
-14450
-18475
-15875
-16825
-20875
-21450
-20150
-22200
-25025
-23650
-22275
-25050
-26025
-25950
-23225
-24400
-26650
-22925
-21450
-24400
-23225
-22275
-20625
-20725
-19450
-18875
-18350
-18750

-17650
-16400
-14825
-13725
-16550
-12950
-14375
-13375
-11250
-11575
-10075
-10725
-9150
-9400
-8125
-4775
-4975
-5725
-2775
-3075
-2500
2025
2575
4850
725
5500
6900
4775
9450
9675
10675
8175
7450
7350
10825
9500
7900
3075
5000
2400
-1550
1675
-1925
-3275
-9200
-9175
-12750
-11925
-10900
-13150
-16725
-18700
-17375
-19150
-17350
-20750
-18950
-23225
-23300
-24725
-22900
-24700
-25625
-26300
-30875
-32825
-30625
-31125
-33975
-34250
-36200
-36825
-37550
-34675
-37600
-32925
-33000
-35825
-33825
-27950
-29450
-27225
-21325
-21250
-22625
-18700
-12625
-16475
-12900
-10550
-11925
-11875
-7650
-11425
-12100
-7925
-10875
-12700
-14025
-9100
-16475
-16725
-15000
-17700
-20950
-19725
-19675
-23400
-22425
-23625
-21900
-27275
-24400
-24525
-23425
-25550
-25600
-22900
-23675
-21875
-22725
-21325
-21250
-18525
-20500
-20675
-16400
-16450

-16050
-18600
-14000
-15250
-15250
-13250
-11925
-12400
-12975
-11750
-10700
-8725
-10325
-7175
-8350
-6875
-7250
-3750
575
-3100
-1275
1675
2075
1100
4875
7250
7775
4775
7575
9325
8775
12200
8850
9175
7925
8025
6675
4775
6725
3850
25
-2650
-3975
-3425
-4175
-8650
-11275
-11975
-13975
-15350
-14575
-14825
-16250
-20250
-18875
-21400
-18900
-21575
-19850
-22800
-25325
-27150
-25575
-24350
-29675
-28650
-31950
-32975
-35925
-32625
-35600
-34800
-34575
-36550
-37200
-36725
-32450
-34775
-28900
-31100
-28725
-26825
-22300
-22725
-19450
-15850
-18100
-13575
-12250
-10225
-15100
-7900
-7850
-12400
-10575
-8050
-9775
-13400
-11850
-12850
-14700
-16125
-14325
-18850
-19425
-18975
-21200
-20625
-24750
-23350
-22025
-24100
-26200
-25250
-22950
-23425
-25700
-24325
-20850
-22700
-22475
-22825
-18875
-18075
-21675
-19200
-16575
-16900

-18000
-15475
-13525
-14500
-16300
-12550
-12725
-13025
-9800
-11200
-9650
-11475
-9500
-6575
-6400
-5275
-5950
-3150
-4025
-2800
-450
3525
2025
3125
3275
4800
9125
6875
9825
7600
10575
9075
6825
11025
11075
10125
5725
3700
3525
5000
2350
425
-4125
-4375
-5925
-10925
-8450
-10300
-10800
-16475
-16850
-16975
-17225
-16075
-17250
-19550
-22175
-21875
-21900
-21750
-24100
-22950
-26250
-28600
-30000
-28450
-29550
-31850
-32200
-35825
-36200
-35450
-33700
-36100
-34725
-34975
-35225
-34375
-30325
-29750
-27075
-24275
-25575
-22575
-17350
-17875
-16975
-12100
-11775
-13550
-11575
-7300
-9825
-11750
-7925
-9350
-11850
-10400
-12450
-12600
-13525
-16025
-14725
-17625
-19100
-19750
-20100
-21125
-23550
-22775
-21775
-24325
-26400
-23125
-22700
-23075
-26450
-22750
-21900
-21925
-22550
-21225
-19100
-20350
-18900
-18700
-15450
-18250

-15800
-16825
-15225
-13650
-13800
-11975
-13975
-11725
-12375
-11350
-9300
-8300
-9050
-8575
-6325
-6725
-4200
-3975
-150
-3300
-1050
825
2175
5675
3825
7200
7000
6175
7300
9800
11475
12025
7250
8625
10275
7500
9000
5450
6350
3025
-275
-1100
-1425
-1175
-6350
-9250
-10775
-12325
-12875
-11900
-15325
-16775
-17275
-18250
-19350
-18325
-18175
-20475
-21800
-24050
-24375
-23725
-25425
-25375
-27825
-31400
-32075
-31450
-31225
-35100
-33150
-33975
-37800
-38225
-33200
-33850
-33675
-32900
-31750
-29550
-27575
-24150
-25800
-19125
-18575
-18650
-16550
-11175
-12300
-13075
-8950
-9025
-8950
-11475
-7150
-11025
-9425
-10650
-13125
-12050
-13325
-14750
-17425
-16100
-19350
-18400
-20700
-19725
-24400
-22300
-20975
-24950
-24825
-24350
-21250
-24825
-24275
-22350
-22175
-23000
-21275
-20850
-20825
-17575
-19950
-18275
-17900
-16075

-15925
-16275
-14100
-13825
-13925
-13975
-10725
-11700
-11075
-12575
-8500
-9125
-9525
-6075
-6000
-5625
-7050
-3650
-1250
-1325
125
1850
3525
2350
3425
7200
9800
7025
8425
9075
9100
10975
9525
12275
8850
8575
7300
3875
6700
5225
2750
-1900
-2400
-4900
-6525
-6875
-8075
-11350
-13100
-13275
-17425
-13650
-16125
-16075
-20300
-19925
-20200
-21750
-19100
-21275
-22325
-27525
-24950
-27200
-27675
-30550
-27200
-31175
-36125
-34875
-33475
-33000
-37300
-33850
-35675
-36575
-33850
-31300
-32125
-29050
-25675
-26375
-24875
-20425
-16850
-18825
-15025
-12150
-13750
-11100
-10650
-8750
-9350
-9425
-10425
-8100
-9250
-11350
-13850
-11100
-12025
-16925
-14800
-16825
-18650
-20425
-19050
-20975
-23750
-22450
-21925
-23700
-25375
-23350
-23675
-23225
-24825
-23250
-21500
-21275
-21050
-22050
-19375
-19000
-18400
-19700
-16700
-15950

