
Curva de Excitacao - Bobina Girante (Dados Brutos)

Arquivo..............: C:\Arq\Wiggler\Medidas Wiggler - Corretoras\Bobina Tungstenio\Gap42\Translado42_X=18_#006.dat
Data.................: 02/02/2005
Hora.................: 11:09:49
Ganho................: 20
N. de Coletas........: 1
N. de Voltas.........: 10
Intervalo de Análise.: 4 - 8

-10075
-11975
-9350
-8625
-8175
-4450
-9225
-5525
-5800
-1400
-3650
-625
-2975
3250
75
3700
6550
3650
6275
3300
8600
6200
11850
10750
8375
5025
9950
2000
1950
5800
2100
-1050
-8225
-5725
-16275
-10575
-15575
-20725
-20675
-15725
-24350
-25375
-17975
-20375
-22975
-18225
-11200
-17550
-5300
-5350
-6250
-6825
-50
-2500
-700
4425
2925
2925
-400
75
-4875
-450
-8625
-6750
-13900
-19925
-22350
-24225
-29400
-35500
-33150
-47775
-49525
-54475
-54250
-66250
-58825
-66100
-74225
-67550
-66075
-73850
-72800
-57000
-69175
-63325
-54450
-45450
-52475
-37275
-32050
-37250
-23950
-19450
-16700
-18000
-1425
-12850
-9325
-1625
-1100
-9625
-450
200
-11950
-2800
-3250
-4675
-12350
-3425
-8425
-13000
-10650
-8925
-12850
-12250
-11100
-15450
-11875
-14625
-12175
-15300
-11650
-12400
-14200
-11600
-13025
-10600

-11075
-9825
-12175
-7675
-8700
-5625
-6600
-5550
-4325
-5700
-1300
-2075
125
1600
3000
3200
3700
2975
8200
6775
6425
8275
9950
8575
5000
10700
8675
3275
4425
3600
-1950
-450
-5650
-8075
-12325
-10100
-16975
-21725
-16500
-20875
-24200
-23450
-51000
-22500
-16300
-15700
-16150
-15325
-6100
-9600
-9075
675
-375
1525
-1575
4150
250
2800
-350
1850
-1750
-5600
-6625
-8525
-12600
-19250
-15225
-28100
-29875
-34950
-36900
-47575
-45825
-52100
-61950
-58725
-59850
-68075
-71475
-64050
-75125
-72525
-66200
-62650
-67900
-55325
-53650
-58025
-46250
-37375
-36825
-34375
-16725
-23125
-20125
-10675
-8275
-12925
-5800
475
-9100
-3725
-450
-4925
-7850
100
-4800
-8725
-5775
-6025
-10825
-10675
-8350
-12625
-11775
-9275
-12650
-14575
-12175
-13175
-14650
-14650
-12400
-11550
-12600
-11675
-12225
-11925

-10675
-11000
-8850
-7450
-9500
-6450
-5650
-5850
-4800
-3950
150
-2600
-575
975
4075
2225
4500
3725
8050
5350
6925
11275
8575
9450
5850
10375
5875
5600
5125
2200
-1000
800
-6900
-10700
-7275
-13825
-15975
-20550
-16025
-24125
-20775
-19600
-23300
-22025
-16250
-16575
-19150
-7875
-8575
-7950
-7675
-475
-3175
1225
2150
3675
2325
375
3025
-1600
50
-4750
-3700
-11075
-14375
-16575
-18225
-27175
-26975
-32500
-41925
-43100
-47125
-53275
-59025
-55200
-66275
-69250
-65400
-67825
-74700
-67600
-66150
-71750
-62500
-56500
-57250
-53450
-37525
-43325
-38950
-27950
-22150
-26125
-15325
-8150
-14050
-8050
-3700
-4500
-8000
650
-3625
-5100
-3250
-1475
-9025
-4875
-3500
-9900
-7625
-8575
-9525
-14175
-8550
-10875
-13750
-13125
-10075
-13300
-14550
-11825
-13325
-11200
-14275
-10950
-11375
-9875

-11850
-9875
-8600
-8875
-7500
-6200
-4750
-7650
-1950
-3800
-1550
-1625
-25
2825
2025
3775
3475
8200
5750
6175
7700
10825
7650
8825
10600
7250
8300
5625
4950
50
3575
175
-8125
-7825
-7675
-14400
-16675
-17875
-19150
-19925
-20125
-23500
-23200
-15600
-19025
-19225
-14850
-8300
-11700
-6950
-4425
-2725
-1925
1875
1950
1075
5200
1500
2800
-1650
425
-4000
-4775
-10525
-12125
-14825
-22325
-24750
-27500
-33800
-41875
-38400
-48800
-53025
-57300
-57550
-65775
-65150
-65100
-72850
-68200
-68125
-68925
-69425
-57475
-60650
-58625
-46975
-43700
-45500
-34450
-22800
-28825
-21375
-14400
-10600
-14400
-2775
-6350
-6225
-1600
-2900
-4175
-3550
-200
-6475
-4375
-4775
-6900
-9900
-3825
-9425
-12850
-9025
-9450
-11200
-14150
-9700
-12125
-13475
-12200
-12800
-12800
-11625
-12425
-12800
-10675
-11075

-9450
-9825
-8375
-8000
-8575
-5225
-6800
-4675
-1975
-3550
-850
-925
100
2675
2525
4100
6125
5300
7750
7450
7875
10025
8700
11250
6725
7975
11200
5650
4025
2875
2500
-2275
-6825
-6850
-8375
-13675
-12425
-20800
-21350
-17225
-21850
-22150
-21100
-14800
-20575
-16225
-13375
-12475
-9700
-6375
-4750
-5075
3475
600
2075
1725
5350
450
2625
1475
-150
-2600
-7200
-7675
-12550
-15850
-20900
-20850
-30300
-36175
-38725
-40825
-49650
-50850
-51975
-62175
-64600
-66575
-68200
-71275
-64025
-68875
-71000
-63750
-62950
-62700
-55275
-44125
-48200
-40400
-32175
-29850
-26775
-17350
-15550
-16300
-6425
-6600
-9025
-3325
1800
-6600
-3275
-1150
-2975
-6325
-3050
-5000
-8600
-5350
-5600
-11925
-9025
-7450
-11100
-12400
-11925
-11525
-12775
-10675
-12675
-12850
-13050
-10775
-13375
-11575
-10100
-9775

-9075
-11550
-7950
-7500
-6575
-7225
-4800
-3900
-3250
-2525
-100
-75
-1050
2825
1725
4600
4900
8025
8125
6925
7650
8700
10825
8675
9450
10400
10175
3300
4000
4325
1800
-925
-4525
-6625
-10850
-10475
-16250
-20625
-17675
-18300
-22125
-20975
-18800
-19000
-18775
-15625
-16525
-12975
-5350
-7300
-5100
-825
1725
-25
300
4600
4175
2475
3400
1125
-1675
-3000
-5875
-5250
-13225
-16550
-19175
-23600
-31000
-33375
-35350
-43575
-47800
-50175
-57400
-62650
-58500
-66825
-68775
-68800
-67300
-70850
-66550
-62375
-67525
-59550
-53050
-48650
-48275
-33475
-35400
-32100
-24000
-19000
-18250
-12050
-3400
-10975
-7400
-3075
-1175
-6125
1850
-3300
-5550
-3125
-3525
-5400
-7225
-3075
-8225
-9150
-9525
-9800
-12000
-8175
-11400
-13200
-10475
-11075
-12825
-14650
-10150
-10800
-12650
-11475
-9350
-9650

-10250
-9350
-8350
-6825
-8775
-4050
-5075
-3725
-3825
-2375
300
-1250
575
3525
3425
4625
5125
5525
8675
7350
8925
11475
10025
9575
8250
11075
9675
4300
6525
1975
1050
1875
-3700
-7825
-9525
-11450
-18000
-20125
-16125
-17300
-21775
-20125
-22225
-20575
-16275
-17225
-14225
-11125
-4875
-8900
-5825
-675
375
775
1750
3650
2375
5050
1700
3225
-2150
-2075
-5825
-7850
-13925
-14325
-17175
-26625
-28775
-32475
-37725
-44275
-43450
-52625
-59750
-60325
-59900
-66175
-65825
-65525
-71825
-71050
-68000
-64925
-63275
-54000
-53975
-52950
-44700
-39950
-35625
-28275
-18750
-23925
-17650
-10350
-8850
-9000
-2925
-825
-6975
-2125
-2275
-2775
-4275
-550
-4550
-6650
-5650
-7775
-5825
-7500
-8325
-12250
-9450
-10050
-12775
-11675
-10175
-12225
-13950
-12050
-11950
-11000
-12125
-10150
-10550
-11500

-9625
-8900
-7150
-8300
-7225
-4975
-6575
-4575
-1800
-1075
-1425
-125
-525
3025
2200
5575
6425
5850
9425
5400
9400
10175
11075
9250
8925
7975
8950
7400
5800
3725
925
2300
-8625
-7250
-7700
-10950
-15675
-18750
-17800
-21075
-19475
-20900
-20975
-19200
-16325
-17775
-15025
-9525
-8775
-7325
-3175
-2100
-1475
3550
2875
3225
2625
4800
1850
525
25
-1425
-4800
-9100
-13050
-14725
-19825
-23800
-25925
-34975
-38825
-41550
-45800
-53925
-55400
-56100
-64225
-68750
-66150
-68400
-68000
-65475
-68425
-67925
-63000
-56725
-57450
-47300
-41300
-41550
-36450
-28000
-23325
-22300
-12350
-11250
-10275
-8325
-4475
-4500
-2625
-525
-3625
-4250
-2925
-2225
-5200
-2175
-6800
-8425
-6275
-7825
-10500
-9825
-8000
-11725
-12775
-11750
-9475
-12975
-11100
-12175
-12925
-11800
-11900
-10200
-11225
-8775

