
Curva de Excitacao - Bobina Girante (Dados Brutos)

Arquivo..............: C:\Arq\Wiggler\Medidas Wiggler - Corretoras\Bobina Tungstenio\Gap42\Translado42_X=15_#003.dat
Data.................: 02/02/2005
Hora.................: 11:05:05
Ganho................: 20
N. de Coletas........: 1
N. de Voltas.........: 10
Intervalo de Análise.: 4 - 8

-12000
-14975
-10125
-13150
-10425
-11350
-11025
-10225
-6825
-5925
-6025
-4175
-4975
1800
-3775
-625
-2000
3625
5200
4250
8225
7175
8050
6100
7075
3325
15200
12275
11150
4925
9350
5775
-1650
3575
-1875
-1475
-1800
-4300
-14925
-11125
-14050
-16825
-24500
-14100
-19100
-19725
-11850
-18500
-20325
-17700
-11975
-20525
-10675
-10200
-7800
-12200
-10100
-13150
-14000
-11800
-14200
-11975
-21025
-19000
-26650
-22700
-31000
-26900
-34300
-41600
-41900
-41850
-52025
-56850
-43500
-54300
-54400
-56400
-52550
-63900
-49325
-50850
-58475
-44650
-35325
-40800
-42525
-20250
-30300
-27375
-20775
-12050
-21400
-7300
-3275
-13475
-7075
-2250
-8200
-11475
3050
-7450
-10175
-9100
-6100
-13350
-9375
-5750
-17050
-13225
-11200
-15900
-21100
-11725
-15350
-17425
-18050
-15875
-16975
-19400
-14550
-20750
-16000
-15900
-14800
-17100
-14250
-14475

-13500
-15225
-13500
-9875
-12425
-8225
-10900
-7200
-8725
-7250
-4025
-5200
-4475
-825
-775
-900
2175
2425
4725
2975
6150
5725
9525
10800
7825
8400
13050
5850
7075
9775
10250
6475
1925
4500
-3750
-1200
-3850
-8075
-11900
-7400
-16100
-18600
-15500
-16475
-19900
-21100
-14650
-23550
-13625
-14800
-13575
-15975
-10625
-13800
-14775
-8250
-9850
-9200
-14550
-10525
-17525
-13900
-20250
-14550
-22500
-29475
-27300
-30450
-36650
-42075
-33775
-45250
-49650
-51425
-50450
-60000
-50475
-52275
-61425
-54250
-50600
-53750
-55575
-37925
-45425
-42775
-34300
-27875
-34300
-19575
-13500
-24050
-12275
-9825
-10650
-13050
2100
-6475
-11725
-3200
-3025
-11450
-6700
-1950
-13075
-10650
-8725
-10900
-16350
-9650
-11350
-18450
-16175
-15275
-18125
-16975
-15500
-18475
-17650
-16775
-16850
-18600
-16375
-14850
-17300
-17325
-14650
-14250

-13525
-13825
-12400
-11850
-12825
-9575
-8675
-7500
-8725
-5775
-5750
-5350
-3600
-575
-350
-1125
1725
1375
6950
3875
7075
6375
9950
7325
7550
12150
11950
9675
9475
9250
4400
9200
4250
2825
-775
550
-5500
-13475
-5250
-10250
-14675
-16600
-15450
-20975
-18125
-16725
-18525
-18925
-14625
-16525
-18825
-9750
-11400
-12325
-12425
-8375
-13300
-11300
-10225
-10200
-14275
-17650
-16225
-19850
-23925
-26125
-22075
-33775
-38150
-39025
-39725
-47100
-43700
-46000
-57025
-54925
-51025
-58600
-59700
-47125
-53375
-54925
-49700
-43825
-49000
-34575
-30500
-35725
-28650
-20375
-20750
-21175
-3700
-12400
-13150
-7075
-2350
-12000
-5100
775
-9250
-8300
-4500
-6800
-12550
-2900
-10225
-13150
-13325
-10550
-15350
-14950
-12600
-16950
-16525
-16075
-17150
-19800
-13875
-16375
-17925
-18850
-15400
-14450
-17600
-14125
-14775
-13650

-15400
-12500
-11450
-11025
-12025
-8825
-9075
-10425
-4900
-6950
-2850
-6325
-2675
-2150
-1225
1925
1625
2675
4250
4500
3975
10375
8200
9950
7900
10225
9600
9250
11800
7475
7625
9325
1750
-575
3575
450
-4775
-10175
-7500
-13725
-14550
-13275
-16875
-18475
-16500
-20300
-21250
-14425
-13875
-16600
-15700
-10650
-15975
-10975
-10050
-8450
-11450
-11600
-11450
-13825
-12500
-15100
-13750
-21425
-23400
-26600
-25575
-33775
-32225
-35725
-45575
-44200
-45550
-49950
-55850
-45700
-55225
-59750
-56200
-51350
-57450
-49475
-44225
-50775
-43825
-37400
-35400
-34575
-18225
-23600
-24125
-16225
-8900
-16150
-9875
825
-10200
-7825
-5125
-2750
-9400
-2275
-4625
-10625
-7850
-7950
-11925
-10775
-7575
-15025
-13450
-14025
-14875
-17700
-13550
-13650
-20575
-16950
-15600
-17125
-17400
-15225
-16575
-15950
-15750
-14900
-14200
-14175

-12500
-13950
-13125
-10700
-9675
-8475
-8975
-8275
-6900
-7425
-4550
-2825
-2275
-1825
-1225
500
1075
4025
6625
4450
5775
8250
6675
10175
9250
12050
10425
10125
8300
5850
10725
9575
3275
1550
3375
-4650
-4725
-7350
-6200
-12400
-12300
-15925
-21475
-13500
-16100
-18300
-20975
-14675
-18075
-16325
-12825
-11900
-12425
-10475
-11525
-14025
-6050
-10500
-9350
-13650
-12775
-16375
-17525
-17900
-20600
-23825
-31175
-30825
-34575
-36725
-42975
-38375
-46675
-53575
-52425
-52025
-56925
-54400
-48575
-58950
-55900
-49225
-48800
-50350
-36725
-37375
-39375
-29575
-23875
-26775
-19975
-8775
-14900
-15475
-6125
-6100
-10625
-1025
-4100
-8775
-5775
-3600
-8175
-7325
-4925
-9125
-11700
-9125
-11775
-14775
-9450
-14100
-16750
-17250
-14075
-16775
-17125
-14750
-17300
-17600
-16200
-16850
-18150
-13225
-15175
-15275
-15350
-13300

-11325
-13450
-11250
-10200
-11400
-10575
-7450
-7275
-6475
-6675
-3725
-4125
-5125
825
125
2200
325
3975
4475
3900
8400
9825
8750
9075
8900
8225
14050
10150
10900
7125
9525
6975
1975
6325
2250
-1000
-3675
-8625
-12625
-7975
-10100
-15400
-18325
-14550
-19100
-21050
-15500
-15325
-15950
-13925
-15200
-15300
-10000
-9500
-10750
-11425
-7675
-12200
-10775
-10475
-11125
-14900
-17625
-18675
-23475
-23750
-27525
-26675
-36225
-39575
-39700
-41200
-49775
-47575
-46800
-56025
-56600
-54075
-53350
-57325
-45925
-50450
-54250
-46625
-38475
-41075
-34875
-23200
-28300
-25450
-19475
-13625
-16050
-6275
-6700
-9625
-6700
-4750
-6925
-4500
875
-9150
-7100
-5425
-7075
-11475
-5500
-7450
-14225
-13250
-11475
-13675
-15575
-12000
-16075
-15925
-17350
-15875
-16300
-15125
-15050
-18900
-13925
-14900
-15175
-15375
-11650
-14000

-13350
-12925
-11050
-9350
-10875
-7025
-9100
-8100
-7050
-4150
-3025
-3850
-2750
175
-875
25
3200
4650
5800
5650
6375
8375
9850
11650
9125
10350
12825
8700
9925
10475
10350
7525
5525
1900
-675
825
-1700
-7600
-8575
-8150
-15800
-17575
-14525
-12875
-18875
-16850
-17850
-19600
-13400
-14475
-11800
-13375
-10300
-13375
-10875
-7625
-8325
-10075
-10425
-11525
-14825
-12825
-17275
-15000
-23850
-24875
-27175
-30350
-34150
-37150
-36450
-45600
-47700
-48625
-51450
-55375
-47375
-53550
-59225
-55625
-50750
-51000
-49625
-38650
-43900
-41575
-34050
-28300
-28075
-18525
-17075
-19225
-11575
-9350
-10325
-7050
1200
-7400
-8900
-2150
-3325
-9000
-2775
-3825
-10075
-8975
-8050
-8800
-12600
-10400
-11625
-15275
-14175
-15150
-15000
-13400
-15900
-17875
-16400
-14300
-17425
-16050
-13725
-13825
-16900
-13700
-13675
-13875

-11525
-11900
-10725
-11925
-9825
-7375
-8725
-7125
-5450
-5150
-5725
-2775
-1125
825
-1025
2525
2500
1600
6475
6825
8675
7725
10400
8575
8875
11700
14125
9975
10800
9850
6850
9575
2900
5400
1025
400
-4350
-8750
-5625
-10250
-13775
-14975
-16625
-18300
-14550
-15925
-16725
-17075
-14750
-17400
-15650
-9625
-9975
-10625
-11025
-9875
-10850
-8550
-10400
-9625
-12450
-14200
-18300
-18925
-20750
-23175
-25825
-31325
-34425
-38925
-40825
-43400
-41250
-48700
-53750
-53650
-51650
-57600
-53750
-50125
-53225
-53850
-46750
-44200
-45100
-33950
-33050
-32050
-28250
-19525
-20825
-15225
-6325
-11750
-12600
-6475
-2325
-7625
-3275
-2050
-5800
-7400
-3575
-6850
-9200
-4075
-9875
-11450
-12275
-10725
-12350
-12650
-13725
-16050
-14575
-15125
-16625
-17025
-13025
-16550
-16650
-16725
-15025
-13825
-14900
-12525
-14950
-12500

