
Curva de Excitacao - Bobina Girante (Dados Brutos)

Arquivo..............: C:\Arq\Wiggler\Medidas Wiggler - Corretoras\Bobina Tungstenio\Gap42\Translado42_X=-11_#010.dat
Data.................: 02/02/2005
Hora.................: 10:16:46
Ganho................: 20
N. de Coletas........: 1
N. de Voltas.........: 10
Intervalo de Análise.: 4 - 8

9200
17525
13250
2040
10725
10150
7600
5100
6650
1700
4850
-2450
-1900
-6525
-9925
-12200
-14900
-12500
-12050
-15325
-17900
-15575
-21150
-19175
-21000
-17650
-15925
-21425
-16800
-15925
-18625
-17050
-17700
-15200
-13200
-15175
-14050
-9100
-9400
-11775
-12275
-8200
-7700
-7650
-6025
-5850
-2975
-7475
-6975
-5850
-6725
-5800
-8800
-6525
-5200
-7900
-9400
-8675
-12450
-9000
-11775
-12250
-12125
-13075
-13450
-15500
-13325
-15525
-16925
-17525
-15600
-16950
-19625
-17750
-18875
-22350
-22275
-20900
-22450
-23550
-25400
-26325
-26300
-28950
-30100
-35475
-31775
-34800
-36550
-35425
-36375
-38775
-41150
-41600
-47125
-40325
-40950
-41350
-45950
-39525
-45000
-46625
-37025
-38875
-41150
-39800
-31775
-39325
-34100
-26500
-24600
-26525
-19175
-16025
-19000
-11275
-10400
-5625
-5125
3800
1500
4500
7475
5650
8050
13000
14725
10025

14275
12550
13325
10925
11775
12150
8900
5950
4175
4425
950
-2525
-4525
-2150
-7875
-10550
-11475
-13450
-14950
-18075
-16700
-14625
-17625
-19950
-19800
-16550
-18175
-20275
-17250
-15875
-17400
-18375
-16325
-14225
-12625
-15625
-12275
-12625
-9325
-11175
-9825
-6225
-7750
-7525
-8625
-5400
-4800
-5550
-5550
-4150
-5225
-6500
-7750
-7175
-5975
-9475
-8775
-8975
-7600
-10475
-13700
-11825
-11100
-12400
-15200
-14025
-13525
-15575
-17075
-15375
-16300
-18025
-17700
-18750
-17700
-21325
-20300
-22275
-23325
-22900
-25150
-24600
-27475
-28075
-31750
-30900
-32425
-32025
-37500
-35600
-39200
-39625
-37925
-42750
-39375
-43800
-41250
-47725
-42925
-39250
-43125
-44050
-39025
-40300
-44425
-33300
-35350
-34750
-34175
-26100
-26950
-25775
-18325
-18925
-15825
-10325
-7375
-8175
-775
-400
-350
6075
10125
8850
7175
13650
12375
10475

13350
16725
12450
11925
11600
10850
9550
7100
6500
4150
1250
-2400
-2500
-4325
-9050
-10250
-10850
-12000
-14575
-16450
-16925
-17950
-18425
-19425
-17375
-16425
-17825
-21350
-16875
-16225
-16700
-15250
-17525
-13000
-14000
-15150
-12875
-11125
-8775
-10425
-10175
-7800
-5975
-7275
-7525
-6075
-4350
-6950
-5850
-3825
-5500
-5675
-8175
-5175
-5525
-8950
-9525
-9225
-8325
-10525
-12200
-10475
-11700
-14475
-14200
-12975
-12950
-14875
-17225
-15825
-17100
-16300
-18450
-18425
-19625
-19600
-19275
-22125
-22600
-23200
-25725
-26075
-25550
-28100
-29225
-33075
-31925
-34450
-36275
-35475
-38450
-37400
-38250
-44225
-43475
-39700
-42075
-43700
-43300
-39925
-45400
-43775
-37625
-41075
-41125
-36025
-34500
-37025
-31425
-28100
-25975
-24950
-18425
-17975
-14000
-11425
-11525
-5575
700
-425
450
7050
8225
3850
10400
16550
12725
9850

13075
15800
11925
12750
12825
11950
8425
7525
6225
3550
1350
-2125
-1725
-6450
-7875
-8850
-11600
-12825
-14075
-15925
-16875
-14850
-18725
-18800
-20400
-16650
-17250
-19800
-15975
-16300
-15575
-17875
-17050
-13600
-12200
-14850
-12725
-11225
-9325
-9500
-10950
-6250
-6925
-5675
-7625
-6025
-4475
-7025
-4850
-3875
-4175
-7175
-7025
-5650
-6125
-8775
-7900
-8075
-9275
-10075
-12375
-9200
-11175
-12600
-13875
-14800
-12875
-15275
-14675
-16875
-16025
-16850
-17075
-19200
-18075
-19775
-20300
-21275
-22325
-22150
-25475
-23525
-26875
-29500
-29950
-31725
-32400
-32225
-35025
-37300
-39150
-37750
-37875
-42675
-40600
-39800
-44625
-45400
-41550
-38750
-43900
-42125
-38075
-42625
-40250
-36400
-34675
-35300
-29225
-28525
-26400
-23325
-20850
-18075
-12200
-8975
-10925
-4450
-1925
-1400
625
9275
8150
6275
11275
12725
12750
12250

15500
14050
14300
12450
10525
11125
10275
7950
5400
5075
825
-1025
-3725
-3850
-8000
-9300
-11750
-11600
-12675
-16950
-15350
-16650
-17250
-20525
-17550
-15875
-17375
-20825
-17825
-14900
-16025
-15025
-17475
-13225
-12975
-14800
-12325
-10450
-7875
-10550
-10025
-6600
-7250
-7575
-6450
-3650
-5175
-6450
-5200
-3450
-6650
-4350
-5275
-5775
-6025
-8550
-8575
-9625
-5900
-10000
-11850
-11225
-9750
-13000
-14800
-13125
-12900
-14225
-17600
-14700
-15550
-15500
-18225
-17950
-17150
-21225
-19350
-20725
-20650
-24450
-25650
-23775
-26875
-28075
-28225
-30025
-34675
-32775
-34300
-35750
-39125
-36250
-38050
-44950
-39350
-39750
-40975
-44300
-39975
-43125
-44300
-40200
-38825
-39775
-39250
-34650
-37775
-32125
-30925
-28425
-27225
-20850
-20625
-19200
-11825
-11300
-9625
-4800
1325
-1850
1425
7025
8025
6600
10825
15525
12825
13225

12325
14875
14200
14025
10750
12200
10875
6175
6775
4300
3575
-2200
-2525
-4250
-7375
-9525
-10500
-11100
-14925
-16575
-15625
-13400
-18675
-18150
-18900
-16175
-16750
-19625
-14650
-16825
-15625
-16050
-16825
-11925
-11725
-12875
-13375
-11225
-8975
-9425
-10225
-5325
-4725
-6675
-5900
-6250
-3025
-6700
-3750
-4125
-4325
-4375
-7525
-5200
-5025
-7600
-9000
-8275
-7275
-9800
-11675
-9175
-9925
-12750
-12925
-14300
-12575
-15400
-14025
-15150
-15875
-16400
-17175
-17325
-17550
-18700
-20575
-21100
-22000
-22325
-24650
-24600
-26325
-28675
-26125
-31975
-31100
-32475
-34650
-38375
-38025
-35825
-38750
-41075
-39350
-39625
-45150
-40875
-41550
-40475
-44300
-39525
-39500
-42000
-37525
-36700
-34225
-33050
-30375
-31175
-24250
-22275
-22300
-16625
-9825
-10050
-12475
-2625
-1200
-1700
2200
10550
9000
5475
10750
13325
13675
12225

15600
15725
14025
11400
12450
12450
10075
7750
6800
4750
1200
-375
-1875
-4450
-7175
-9500
-9500
-12625
-12500
-16475
-16925
-15650
-17325
-17075
-17800
-15900
-17100
-18600
-17875
-15425
-14525
-14550
-16475
-13375
-11650
-14825
-12275
-11200
-6575
-9675
-9825
-5425
-6100
-5325
-6625
-4150
-3725
-5300
-5650
-3450
-4675
-4350
-6250
-5350
-4125
-8675
-9050
-7650
-6775
-9400
-11125
-10825
-11075
-11400
-12600
-13000
-13325
-13900
-15125
-15850
-14800
-15425
-17350
-19150
-15875
-19725
-18825
-22075
-20850
-22500
-24500
-23475
-26750
-27125
-27950
-30100
-33100
-31600
-34375
-36075
-36900
-36325
-39700
-42825
-36900
-40500
-42400
-42000
-40225
-42900
-41900
-40775
-40425
-38075
-37950
-36275
-36525
-29725
-32575
-29800
-23400
-21450
-21675
-17750
-10650
-12650
-9150
-1575
-25
-1900
3225
6700
6375
8725
12075
13675
12875
13850

13775
13750
16100
13075
12825
11975
10700
7475
6575
4800
2850
-375
-3075
-2525
-7625
-8225
-11750
-10850
-13675
-16975
-15125
-14025
-16225
-19450
-17300
-16125
-15775
-19900
-15750
-15550
-15800
-15475
-17400
-10100
-12375
-12900
-13250
-10000
-8175
-9825
-8875
-5100
-5675
-6975
-5275
-5625
-3600
-4850
-3925
-4450
-5350
-3350
-6800
-6325
-4275
-6175
-7625
-8750
-7500
-10450
-10725
-9825
-9850
-11725
-13875
-13325
-12150
-13000
-16175
-15725
-15425
-14575
-19525
-16625
-16675
-19050
-20075
-19550
-21225
-23075
-23800
-23150
-26775
-29450
-26825
-30800
-32050
-30450
-34425
-36975
-37650
-35400
-39900
-41375
-38075
-41925
-44125
-40075
-40900
-41900
-41100
-40850
-40350
-40025
-36975
-36950
-35900
-29625
-31025
-29575
-24600
-21625
-22425
-15275
-10975
-12475
-9275
-2375
-1325
-1175
5775
7325
7250
7775
12150
12175
14900
15250

