
Curva de Excitacao - Bobina Girante (Dados Brutos)

Arquivo..............: C:\Arq\Wiggler\Medidas Wiggler - Corretoras\Bobina Tungstenio\Gap42\Translado42_X=-15_#006.dat
Data.................: 02/02/2005
Hora.................: 10:10:36
Ganho................: 20
N. de Coletas........: 1
N. de Voltas.........: 10
Intervalo de Análise.: 4 - 8

22275
33025
30000
25300
24500
23800
19350
18525
17250
16975
16725
5850
4375
3700
-4400
-11975
-9675
-10675
-13700
-16200
-18800
-22375
-27125
-24125
-30175
-23800
-22175
-27600
-24575
-22600
-24450
-23950
-21875
-22400
-20050
-21825
-18125
-17625
-14700
-18050
-18425
-14525
-16350
-12100
-13000
-10375
-11175
-11850
-12550
-13325
-9875
-9100
-12050
-11325
-7400
-13200
-13150
-11675
-12050
-14100
-14950
-12600
-15150
-15025
-15475
-17250
-17325
-18550
-20300
-21050
-17575
-20450
-23700
-21375
-22975
-31525
-25475
-24625
-29675
-30625
-29000
-33200
-36200
-32675
-35100
-44325
-37650
-37350
-46600
-42850
-38375
-46050
-48850
-44950
-49925
-51475
-43025
-44850
-55025
-44050
-42225
-53025
-43950
-31950
-42725
-43950
-26925
-30625
-35700
-21475
-14175
-22700
-9975
-3550
-10700
-5000
5800
4600
4050
18175
16925
15575
20175
20925
18150
28575
31350
23875

26500
29675
27425
23475
27350
27250
22900
17825
16925
15650
11275
7725
4575
6350
-5275
-5675
-7125
-12800
-18075
-17625
-19550
-22350
-21075
-25075
-26050
-26800
-23700
-28525
-23575
-20650
-23750
-24075
-23625
-18675
-20025
-20450
-19175
-18400
-16750
-18175
-16725
-11950
-13625
-14400
-12875
-14150
-10000
-10725
-11275
-10025
-10450
-10425
-13925
-10100
-7900
-11950
-11975
-10975
-11625
-14850
-13900
-12475
-15050
-14800
-15350
-17050
-16350
-17375
-19175
-17825
-20175
-22075
-23525
-20700
-22175
-27725
-24350
-26250
-30175
-29050
-29225
-33375
-34225
-31600
-38675
-42275
-36300
-34925
-46550
-40850
-42825
-48775
-45725
-43300
-48125
-49500
-41850
-51650
-52825
-41950
-41900
-52725
-40500
-35600
-45900
-38375
-27625
-31800
-35300
-16000
-17750
-21575
-12500
-4675
-9925
-975
6900
4200
8275
13275
12525
15375
26050
22550
20350
27400
26925
23150

27750
33350
25675
27300
25625
23925
21600
21975
19100
14825
12875
5775
6900
2150
-2275
-6125
-6750
-13650
-15600
-15700
-20800
-21525
-22950
-24225
-26600
-21875
-24375
-28025
-24825
-22700
-21675
-22700
-20325
-20425
-20300
-20900
-19000
-17025
-14650
-16425
-17300
-13250
-14400
-13125
-12250
-11650
-10550
-12325
-10300
-10500
-9300
-10975
-12200
-8075
-10400
-13050
-11250
-9800
-12875
-11900
-13300
-13375
-15675
-13975
-15675
-18650
-14075
-16625
-20250
-20325
-17275
-21275
-23200
-21450
-23375
-26650
-24750
-25050
-31075
-27375
-31150
-33425
-33125
-32675
-36200
-40500
-34775
-42575
-43650
-40100
-41000
-47725
-43150
-45650
-50775
-46300
-42425
-48650
-52650
-38550
-47650
-50775
-39425
-37550
-45600
-35375
-27200
-35850
-30050
-19075
-20225
-21950
-7200
-6100
-8575
250
4075
1450
9100
17450
11750
17975
21950
19975
20675
29825
30350
24075

28750
28000
27050
26125
27400
24850
24325
19600
15700
16125
13575
9325
4550
3550
-3000
-5850
-8100
-11200
-14150
-17775
-20325
-20550
-20625
-27375
-26325
-22725
-24600
-27375
-22500
-21375
-24325
-22500
-22800
-20050
-17450
-20350
-18600
-18400
-14375
-18100
-16125
-12325
-12725
-13350
-13575
-11150
-10850
-10875
-11075
-8825
-10300
-10625
-11625
-8900
-7400
-13650
-10675
-11475
-11100
-13750
-13325
-13075
-13275
-13850
-17450
-16200
-14875
-16700
-20375
-17625
-18475
-22125
-22975
-20175
-21650
-27250
-23425
-27725
-28425
-28850
-29450
-32375
-33175
-33275
-38050
-37475
-37300
-38675
-44200
-37775
-46875
-46550
-41800
-45100
-48525
-45925
-43475
-53050
-47975
-41000
-47100
-48875
-37650
-39700
-44350
-33100
-30600
-33450
-29100
-17825
-22825
-18125
-8125
-9000
-7225
2225
4275
2025
11450
12500
11675
18675
25450
20050
21525
29100
26375
24950

28225
31450
27750
27150
24675
24650
23900
20550
19000
17150
12800
6075
7275
2000
-2625
-4425
-7825
-10800
-14775
-17000
-21050
-20225
-21800
-26000
-23475
-21500
-23725
-28775
-22300
-24000
-21850
-21175
-22875
-19700
-19825
-19425
-18950
-16850
-15300
-15325
-17325
-14025
-13550
-11425
-11125
-12600
-9550
-11200
-11575
-10550
-7900
-8925
-11425
-8850
-8950
-12175
-11175
-10075
-9425
-12475
-14800
-11850
-12900
-15425
-15625
-15575
-14150
-19125
-18800
-17075
-18500
-21750
-20975
-20650
-25000
-24175
-22600
-26275
-29275
-27000
-32775
-33075
-31675
-33150
-35125
-38050
-37000
-42400
-40275
-40200
-44500
-44350
-40475
-49100
-50225
-42400
-43950
-50225
-46650
-41725
-50700
-46550
-36950
-41875
-42050
-32150
-30950
-34375
-25700
-21950
-22175
-15425
-8700
-9625
-4750
2925
-650
4600
14525
12975
10275
21925
22025
17300
23625
31600
28325
24750

28675
28925
27025
27150
27350
26575
23050
20075
16725
18225
12600
8825
8125
1950
-2275
-4625
-7850
-12450
-12625
-18400
-19625
-19500
-21600
-24300
-26600
-21725
-24075
-24600
-23375
-21650
-23475
-22300
-23125
-18525
-16125
-20075
-17150
-18625
-15250
-15900
-15475
-12600
-12125
-12775
-14325
-10700
-8700
-10450
-11600
-8425
-9300
-11325
-9400
-8400
-8925
-11775
-9125
-11650
-11575
-11325
-13575
-12675
-13250
-13175
-16850
-14800
-15600
-16400
-18050
-17325
-20450
-20425
-20725
-21475
-21050
-23925
-24175
-28950
-25775
-26775
-32700
-31050
-30250
-35700
-37500
-34975
-36925
-39775
-39975
-41075
-47300
-43650
-39775
-48725
-47025
-43250
-45775
-52500
-44575
-42200
-48500
-43700
-38575
-43900
-41475
-31425
-34075
-32400
-24375
-21300
-21500
-14775
-10175
-12000
-1950
1675
1075
5875
13000
10075
12850
23225
22100
20550
23975
29475
24600
27000

30425
29975
29050
27625
26775
23450
24250
21425
20450
14600
13000
8900
6250
3075
-200
-3675
-10125
-9825
-12600
-18725
-19775
-18750
-21975
-25600
-23425
-21800
-24050
-27000
-22750
-22225
-22225
-19800
-22975
-18800
-19950
-18775
-18650
-15675
-13525
-16175
-16400
-13200
-11750
-12975
-11550
-11475
-9200
-12325
-10125
-8125
-9100
-8300
-10625
-8700
-10075
-10175
-9850
-10850
-10575
-11075
-13275
-14725
-12250
-13200
-14725
-16025
-14450
-17575
-18775
-17250
-18650
-18200
-22125
-22225
-22125
-23450
-24875
-25500
-25925
-28950
-32300
-30275
-30425
-34550
-33800
-36600
-39600
-40725
-38975
-39875
-45000
-41400
-43250
-50800
-46400
-41975
-47050
-47675
-45050
-44325
-48100
-43475
-39025
-43375
-37650
-32925
-34475
-31150
-23900
-22850
-21475
-11700
-11250
-9250
-4200
950
-475
7325
14125
12050
13950
20250
22150
18875
26125
27475
27625
28225

28175
29025
29125
29375
25750
26825
23675
20725
17500
16700
14225
9050
7600
2050
125
-4900
-8025
-9550
-13325
-18500
-18550
-17425
-24025
-23925
-25250
-21075
-24550
-23425
-20800
-23525
-22425
-21700
-20925
-19700
-15550
-19275
-18125
-18600
-13550
-15675
-15325
-11400
-12650
-11925
-12775
-10825
-9200
-10400
-8525
-9850
-8900
-9450
-9600
-10300
-6450
-10025
-12025
-11325
-9650
-11475
-15525
-10025
-12025
-14350
-17375
-13850
-13825
-17250
-17825
-18025
-19175
-20750
-20200
-21475
-21050
-24550
-24700
-26125
-27125
-27450
-30200
-28475
-34100
-35325
-34150
-36725
-38875
-38100
-38300
-43750
-44900
-41400
-42275
-49625
-43250
-43625
-50525
-48050
-44500
-42750
-47450
-40975
-42350
-41975
-38125
-34250
-34625
-27750
-23750
-25750
-19200
-13275
-11650
-10300
1350
100
-975
7375
12275
10025
13875
24225
22525
21025
23575
27750
27075
27875

