
Curva de Excitacao - Bobina Girante (Dados Brutos)

Arquivo..............: C:\Arq\Wiggler\Medidas Wiggler - Corretoras\Bobina Tungstenio\Gap200\Translado200_X=7_#001.dat
Data.................: 26/01/2005
Hora.................: 10:09:20
Ganho................: 20
N. de Coletas........: 1
N. de Voltas.........: 10
Intervalo de Análise.: 4 - 8

-4675
-3525
-4375
-5950
-6050
-3075
-2350
-2275
-2350
-3750
-3250
-700
1450
1075
-1250
-2350
-2650
-950
3425
3575
1500
-1475
-3300
-1525
1075
3375
2150
-2125
-3175
-3050
-975
200
-1175
-4025
-6650
-5825
-3775
-2975
-4275
-8525
-11775
-11175
-9200
-7050
-8325
-13200
-16675
-17750
-15225
-12950
-14525
-17100
-21775
-22675
-20350
-19000
-19100
-22675
-25550
-27200
-25625
-21600
-22400
-25850
-28925
-30625
-28400
-24825
-24100
-26725
-30725
-30700
-29575
-27100
-24775
-51000
-29600
-31150
-29125
-25875
-24725
-24875
-27525
-30450
-27825
-23900
-22350
-22575
-25400
-27050
-26300
-23625
-19650
-20050
-21600
-23500
-24025
-21000
-18375
-17550
-18550
-20900
-20450
-18400
-16000
-14600
-16450
-17125
-17725
-17125
-13000
-11650
-12525
-14400
-15350
-13800
-12175
-9000
-8575
-11425
-11800
-10625
-9150
-7325
-6125
-6850
-9000
-8425

-5150
-4375
-3700
-3825
-5950
-5925
-3375
-500
-500
-2125
-2350
-3675
-2650
1375
2000
450
-1150
-1925
-1075
1075
3350
2050
-1575
-1850
-1075
1000
2300
850
-1500
-4525
-3100
-725
-275
-475
-4375
-7475
-7525
-5850
-3175
-4525
-8400
-11575
-12775
-10525
-8775
-9850
-12675
-17350
-17875
-15800
-14600
-14825
-18100
-21700
-23850
-22450
-18225
-19700
-22500
-25400
-28200
-26775
-23475
-22050
-25300
-29200
-29600
-29000
-27150
-24125
-26075
-29625
-31225
-29750
-26775
-25900
-25250
-28425
-31225
-29600
-25975
-24100
-24250
-26550
-28300
-28425
-25025
-21775
-22550
-23575
-25150
-26125
-23150
-20075
-19200
-20800
-22925
-22425
-21200
-17700
-16300
-18075
-19300
-20200
-18950
-15250
-14125
-14275
-16050
-17550
-15850
-14150
-11050
-10975
-13600
-13850
-13275
-11225
-9125
-8400
-9175
-11550
-10550
-7625
-6600
-5525
-5850
-7800

-8325
-5500
-2500
-2775
-3700
-3675
-5450
-4350
50
375
-675
-1950
-2200
-1825
75
3050
1825
-1200
-975
-450
1125
2950
2500
75
-2575
-1000
1150
1750
1900
-1125
-3975
-4150
-2350
250
-1150
-3900
-6925
-8575
-6500
-4275
-5175
-7900
-12125
-12950
-11425
-10325
-10100
-13225
-16800
-18925
-18300
-14650
-15600
-18100
-21600
-24575
-23250
-20875
-18950
-22075
-26175
-27625
-27425
-25000
-22600
-24575
-28225
-30325
-29300
-27050
-25675
-24750
-28125
-31675
-30050
-27200
-25150
-25275
-27150
-29425
-30275
-26550
-23500
-24225
-25500
-26650
-27750
-25675
-22075
-20975
-22550
-25475
-24250
-23625
-20150
-18400
-19875
-21525
-22475
-20725
-17825
-16475
-16250
-18200
-19825
-18000
-16275
-13375
-13125
-15750
-16200
-15700
-13550
-11275
-10800
-11475
-13925
-12625
-10450
-8975
-7825
-7950
-9925
-10700
-8125
-5250
-5100
-5550

-5950
-7500
-6000
-2575
-1700
-2400
-3500
-3775
-3500
-1600
1425
875
-1725
-1650
-1475
500
2225
2725
500
-1950
-475
1550
1950
3125
825
-1825
-2075
-350
2200
1075
-650
-3300
-5150
-3050
-1150
-1450
-3675
-7375
-8625
-7700
-5850
-5700
-8325
-11625
-14050
-13775
-10825
-11350
-13100
-16575
-20175
-19150
-16975
-15450
-18300
-22350
-23775
-24625
-22325
-19925
-21725
-25725
-28325
-27325
-25775
-24275
-23500
-26850
-30725
-29850
-27150
-25275
-25450
-27125
-29900
-30950
-27575
-24725
-25175
-26375
-28300
-29175
-27525
-23900
-22725
-24050
-26575
-26675
-25825
-22150
-20250
-21700
-23225
-24475
-22825
-20275
-18600
-18250
-20400
-21400
-20275
-18250
-15475
-15500
-17350
-18225
-17950
-15550
-13300
-13075
-13400
-16150
-14850
-13100
-11575
-10050
-10300
-12200
-12850
-10550
-7825
-7850
-7600
-8175
-9950
-8475
-4850
-4150

-4900
-5475
-5625
-5875
-3675
-425
-1275
-3325
-2825
-2850
-1450
800
1825
-225
-2400
-575
850
1425
3050
1600
-875
-1200
725
2875
2125
1675
-750
-3000
-775
1375
1025
-625
-3425
-4650
-4625
-2150
-1750
-4325
-7075
-9150
-9350
-7025
-6675
-8375
-11650
-15125
-14525
-12925
-11425
-13500
-17700
-19350
-20550
-18675
-16625
-18525
-21600
-25075
-24450
-23350
-21950
-21625
-24850
-28300
-28300
-26625
-24425
-24450
-26300
-29375
-30775
-27625
-25225
-25675
-26775
-28800
-30275
-28675
-25325
-24075
-25825
-27150
-27875
-27925
-24225
-22075
-23250
-25250
-26225
-24650
-22725
-20925
-19850
-22550
-23200
-22275
-20550
-17925
-17850
-18900
-20425
-20350
-17825
-15575
-15025
-15500
-17775
-17200
-15250
-13475
-12275
-12750
-13950
-14875
-13200
-10275
-9975
-9900
-10550
-11875
-10725
-7900
-6425
-7275
-7750
-8000
-7800
-6075

-3025
-3450
-5125
-4925
-4800
-3325
-1150
25
-1500
-3350
-1825
-650
400
1925
1000
-1025
-1200
650
2375
2325
2375
400
-1400
225
2275
2650
1400
-925
-2025
-2100
125
1275
-850
-3175
-5225
-5200
-3475
-2925
-3775
-6925
-9875
-9975
-8525
-7225
-8700
-12400
-14550
-15850
-14225
-12825
-14325
-16975
-20700
-20525
-20175
-18650
-18225
-21725
-24975
-25550
-24025
-22650
-22900
-24025
-27550
-29625
-26875
-24575
-25225
-26075
-28400
-29950
-29125
-26150
-24450
-26625
-28000
-29100
-29025
-26250
-23825
-24325
-26650
-28175
-26500
-24500
-23050
-21750
-24225
-25325
-24500
-22550
-20250
-20175
-20650
-22200
-22625
-20000
-17900
-17225
-17775
-19725
-19175
-17725
-15850
-14225
-14975
-16050
-16650
-15300
-12875
-12600
-11575
-12625
-14275
-12375
-10400
-8950
-9450
-9550
-10175
-10475
-8100
-5525
-6200
-7150
-6725
-7100

-5650
-3275
-2075
-3675
-5100
-3500
-2600
-1450
575
-350
-2125
-2300
-325
1275
1250
2350
500
-1800
450
2600
2975
2225
625
-525
-675
1975
3050
1150
-500
-2350
-2325
-875
225
-400
-3275
-5625
-5925
-4800
-3350
-4575
-7300
-9700
-11500
-9900
-8225
-9875
-12275
-15450
-16250
-15775
-14725
-14150
-17575
-20600
-21775
-21025
-19550
-19750
-20800
-24800
-26925
-24900
-23250
-23150
-24450
-27150
-29150
-28225
-25550
-24800
-26425
-27450
-29475
-29875
-26750
-24525
-25775
-27750
-28550
-28350
-26650
-24025
-23475
-26275
-27200
-26100
-24775
-22500
-21950
-22375
-24475
-24750
-21975
-20250
-19350
-19750
-21475
-21425
-20425
-17550
-16450
-17400
-18125
-18750
-17625
-15100
-14525
-13800
-14925
-16400
-14775
-12725
-11125
-11550
-12025
-12500
-13100
-10425
-7750
-8775
-9200
-9200
-9375
-8375
-5725
-4575
-5975
-7225

-5925
-5100
-3725
-1450
-2600
-3850
-4200
-2025
-625
-350
1075
-850
-2550
-550
1525
2200
1775
1025
-200
-675
2350
3550
2150
1025
-450
-675
675
2350
1975
-900
-2325
-2525
-2100
-200
-900
-3350
-5750
-6950
-5800
-4550
-5300
-7500
-10825
-11750
-11025
-10400
-9725
-12750
-15775
-17300
-17225
-15575
-15875
-16800
-21000
-23025
-21600
-20700
-20475
-21350
-24425
-26950
-26525
-23700
-23375
-25025
-26450
-28375
-29325
-26775
-24425
-25475
-27875
-29100
-28825
-27725
-25100
-24550
-27125
-28450
-28125
-26075
-24350
-23575
-24250
-26200
-26575
-24050
-22625
-21250
-21550
-23650
-23875
-22350
-19900
-18850
-19150
-20075
-21300
-19925
-17350
-16600
-16100
-17025
-18275
-17300
-15325
-13325
-13525
-14400
-14675
-15325
-12725
-10575
-10925
-11375
-12000
-11725
-10725
-8425
-6850
-8400
-9175
-8300
-7750
-6125
-3925
-4425

