
Curva de Excitacao - Bobina Girante (Dados Brutos)

Arquivo..............: C:\Arq\Wiggler\Medidas Wiggler - Corretoras\Bobina Tungstenio\Gap200\Translado200_X=12_#006.dat
Data.................: 26/01/2005
Hora.................: 10:17:16
Ganho................: 20
N. de Coletas........: 1
N. de Voltas.........: 10
Intervalo de Análise.: 4 - 8

3050
5350
4425
875
50
3825
5575
7425
7475
4100
2400
4350
8450
9875
8450
6975
4625
4175
9100
11225
10025
6825
4375
4650
7250
10800
10500
5600
2975
2400
5050
8150
7550
4750
-650
-2325
1025
3250
3900
150
-4825
-6975
-5600
-1650
-1100
-5575
-9925
-13100
-10900
-7850
-7200
-9400
-15950
-18475
-16625
-13750
-11700
-14675
-18950
-23025
-22450
-17100
-15925
-17825
-21600
-25700
-24875
-21100
-17600
-19500
-23550
-25725
-25950
-22700
-18225
-18475
-22200
-25400
-25300
-21550
-18350
-16600
-19300
-23725
-23600
-19675
-16375
-14525
-16650
-19275
-20600
-18325
-13150
-11900
-12875
-15675
-17625
-15300
-11550
-8725
-9375
-12400
-13825
-12825
-9300
-5925
-6725
-8350
-10050
-10750
-6625
-3600
-3150
-4950
-7125
-6675
-5050
-800
700
-2200
-3475
-3900
-2100
1250
3425
2725
-550
-1175

1675
3450
5950
6025
3300
1400
3150
6575
8650
7750
6775
3975
4100
8425
10650
9900
7725
5700
5275
8075
11600
11450
7625
5625
4750
6950
10250
10075
7750
3075
2225
4450
6825
8125
4600
100
-1825
-825
3050
3725
175
-4325
-7325
-5875
-3100
-2075
-4025
-10300
-12900
-11900
-9625
-7650
-9750
-14400
-18625
-18725
-13600
-13025
-14650
-17800
-22725
-22750
-19300
-15475
-17475
-21825
-23800
-25125
-22475
-18000
-18150
-21475
-25425
-25350
-22400
-19475
-17250
-20075
-24375
-24625
-21400
-18000
-16225
-18000
-20750
-22525
-20150
-15600
-14375
-14875
-17225
-19775
-17475
-13850
-10625
-11425
-14475
-15600
-15225
-11425
-8350
-8800
-10100
-12625
-12650
-8800
-6000
-5225
-6825
-9225
-9075
-7225
-3025
-1525
-4525
-5200
-5900
-4575
-1175
1075
575
-2925
-3000
-775
850
3825
4100
1225

-700
1275
4725
6075
6075
5800
2500
2850
6950
9025
8650
7675
5875
4725
7300
11450
11125
8300
7025
6075
7550
10850
11800
9475
5925
5075
7075
8700
10725
8175
3850
1725
3100
6625
7150
4550
825
-2350
-1425
1425
2575
450
-4650
-7275
-6900
-5150
-2925
-4900
-9075
-13225
-13950
-9800
-9200
-10000
-13750
-18400
-19075
-15825
-12900
-14425
-18350
-20975
-23100
-20400
-16275
-17000
-20100
-23750
-24550
-22825
-19400
-17000
-20475
-24825
-24700
-22675
-19475
-17400
-18725
-22150
-24400
-21425
-17475
-16500
-16575
-18850
-21500
-19900
-16025
-12575
-13875
-16150
-17450
-17525
-13675
-10425
-10950
-12450
-14875
-14100
-11125
-8575
-7175
-8975
-11000
-11275
-8975
-5200
-4075
-6050
-7200
-8200
-6500
-2775
-1125
-1900
-4650
-4500
-3075
-1450
1875
1800
-925
-1975
-425
2775
3800
4550

4075
500
1900
5500
7050
6975
6525
4600
3775
6200
10325
9750
8050
7050
6200
7450
10875
12325
9625
7200
6825
7950
9900
12400
10275
6550
5175
6100
9100
9900
8525
5250
1725
3225
5400
6550
5075
750
-1775
-2150
50
1925
175
-3700
-7675
-8050
-5325
-4375
-5075
-8450
-13700
-14025
-11600
-9400
-10375
-14325
-17150
-19900
-17325
-13600
-14425
-17850
-21100
-22475
-21325
-18175
-15650
-19500
-23600
-23975
-22825
-19325
-17725
-18700
-22750
-24875
-22075
-18900
-17650
-17675
-20875
-22975
-21300
-17725
-15300
-15725
-17950
-19700
-19775
-15550
-12550
-13175
-14500
-16750
-16225
-13375
-10700
-9150
-11600
-12775
-13325
-11100
-7750
-6575
-8050
-9525
-10225
-8525
-5200
-3600
-4400
-6825
-6975
-5300
-3900
-650
-875
-3175
-4225
-3150
250
1225
2450
1475
-1700
-325
3150
4375

4950
4425
2875
1700
4650
8300
7600
6625
5600
4775
6125
9625
10950
8875
6550
6900
7775
10100
12550
10900
7650
6425
7850
10125
11150
10500
7525
4400
5725
8250
9100
8075
4925
2125
1525
3850
5875
4125
1175
-2775
-3375
-1325
325
-325
-3800
-8550
-9225
-7250
-5050
-6075
-9725
-12825
-15650
-13375
-10100
-11175
-14125
-18025
-19525
-18725
-15925
-13875
-17825
-21650
-22525
-21800
-18725
-16925
-18575
-22675
-25075
-22025
-19750
-18475
-18275
-21550
-24150
-23250
-18825
-17225
-18000
-19250
-21625
-22225
-17850
-14700
-15250
-16900
-19275
-18275
-16150
-13175
-11575
-14050
-15775
-15550
-13975
-10075
-9275
-9975
-12000
-13025
-10800
-7925
-6250
-7075
-9375
-9950
-8775
-6575
-3825
-4375
-6475
-7000
-6125
-3375
-1675
-775
-1900
-4975
-3150
-500
1125
2000
1125
-250
-1175
1750

4925
4725
3975
3125
2050
3600
7225
8800
6750
5175
5400
5600
8350
11000
9625
6950
6400
7200
9450
11050
11025
8225
5300
6975
9250
10350
10175
7125
4675
4050
6550
8700
7100
4775
1450
275
2225
4250
4000
450
-3800
-4550
-3400
-1150
-1550
-5050
-8750
-11000
-9100
-6375
-7550
-9950
-13800
-16350
-15350
-12800
-11150
-15200
-18525
-19950
-20075
-17150
-15600
-17275
-21350
-24275
-21800
-20225
-18750
-18575
-22250
-24750
-24000
-20675
-18975
-19500
-20575
-23700
-23900
-20000
-17450
-17550
-19175
-21225
-21375
-18900
-15625
-14550
-16675
-17950
-18250
-16850
-13275
-11800
-12550
-14850
-15675
-13300
-11050
-8925
-9275
-11450
-12200
-10875
-8325
-5700
-6200
-7650
-8925
-8075
-5650
-3600
-2625
-3925
-6500
-4875
-2850
-950
250
-825
-2375
-3025
0
2700
2350
2750
1350
-225

2025
5100
6575
4700
3125
3250
3200
6475
9175
7800
6050
5500
6725
8350
10325
11250
8000
6150
7700
9700
10850
11300
9275
6450
6100
8950
10650
9500
8300
4975
3750
5875
7650
7550
4600
1450
200
1050
3525
3200
200
-3275
-5625
-4275
-2000
-2575
-4725
-8500
-10900
-10700
-8450
-7300
-10650
-14150
-15900
-16625
-13925
-12675
-14375
-18300
-21125
-19725
-18650
-16950
-16900
-20750
-23425
-22700
-20225
-18775
-19425
-20300
-23850
-24625
-20625
-18750
-18625
-20475
-21850
-23075
-20950
-16925
-16400
-18850
-20000
-20175
-19300
-15650
-14150
-14725
-17350
-17975
-15625
-13725
-11575
-11525
-13850
-14425
-13575
-10400
-8600
-8775
-9825
-11275
-10500
-8150
-6025
-5100
-7025
-8525
-7425
-5625
-3400
-2275
-3275
-4750
-5050
-2350
50
-200
475
-975
-2425
-225
2700
3875
2700
1925

1900
1725
5025
7550
5750
4750
4200
5225
6325
8850
9850
6850
5675
7025
8725
10200
10950
9425
6800
6975
9575
10950
10575
9575
7275
5950
8100
9875
9800
7525
5000
3875
4475
6825
7000
4300
1225
-975
175
1975
1950
175
-3400
-5900
-5700
-3675
-2975
-5925
-8775
-11150
-12425
-9775
-8650
-10600
-14625
-16875
-16450
-15800
-13850
-14000
-18300
-21225
-20575
-18575
-17450
-18075
-19075
-23050
-23900
-20500
-18875
-18600
-20450
-22700
-23950
-22150
-18075
-18100
-20075
-21150
-22200
-20800
-17825
-15850
-17175
-19250
-19725
-18050
-16275
-13450
-13550
-16175
-16650
-15650
-12675
-10950
-10975
-11900
-13450
-12625
-10100
-8375
-7425
-9175
-10150
-9525
-8075
-5550
-4700
-5625
-7075
-7100
-4550
-2825
-2450
-1750
-3525
-4650
-2075
375
1175
575
150
-425
-750
3150
4950
3525

