
Curva de Excitacao - Bobina Girante (Dados Brutos)

Arquivo..............: C:\Arq\Wiggler\Medidas Wiggler - Corretoras\Bobina Tungstenio\Gap200\Translado200_X=-10_#011.dat
Data.................: 26/01/2005
Hora.................: 09:23:14
Ganho................: 20
N. de Coletas........: 1
N. de Voltas.........: 10
Intervalo de Análise.: 4 - 8

-10000
-9425
-9050
-8350
-9800
-9700
-8175
-6350
-6725
-7475
-6000
-5825
-5325
-3225
-3300
-5200
-5950
-4525
-2500
-1950
-150
-1750
-5350
-4650
-2950
-1175
-475
-1775
-2975
-5275
-4275
-2000
-2350
-3250
-5425
-6500
-6175
-4975
-3975
-5950
-9400
-10300
-10500
-8475
-7875
-9175
-11900
-15325
-15150
-13425
-13350
-13300
-16125
-18425
-19800
-19200
-16950
-18325
-20400
-22175
-23525
-22575
-21075
-20825
-23325
-26225
-26025
-25300
-24525
-23150
-24425
-27075
-28200
-27450
-25450
-25275
-25125
-26550
-28625
-27675
-25525
-24775
-25425
-26800
-27225
-26950
-25275
-23075
-24325
-25475
-26175
-26675
-24200
-22900
-21775
-23125
-24875
-24625
-23625
-21525
-20525
-21975
-22050
-22625
-22100
-19650
-19450
-19600
-20450
-20850
-19550
-18550
-16450
-16550
-18750
-18225
-17900
-15975
-14825
-13875
-14425
-16175
-15550
-13050
-12575
-11700
-11050
-12475

-12475
-11050
-8400
-8400
-9650
-8550
-9250
-8700
-5475
-4775
-5775
-6900
-6250
-5550
-4825
-1900
-2225
-4900
-4450
-3675
-2325
-1750
-1475
-2425
-4525
-3225
-1175
-1800
-1500
-3400
-4775
-5000
-3425
-1725
-2875
-5300
-6825
-7950
-6500
-5125
-5375
-7600
-10700
-11350
-10675
-10250
-9500
-11725
-13975
-16050
-15975
-13700
-14900
-16150
-18200
-20625
-20250
-19100
-17675
-19675
-22975
-23750
-24325
-23025
-21400
-22150
-24925
-26500
-26900
-25250
-24775
-23425
-25425
-28500
-27875
-26100
-24975
-25000
-25725
-27225
-28525
-26625
-24125
-24750
-25325
-26150
-27400
-26250
-24825
-22550
-23725
-25700
-25325
-25225
-23425
-21950
-22300
-23050
-24350
-23400
-21625
-21025
-20375
-21325
-22175
-21725
-20900
-18300
-17750
-19600
-19925
-19725
-18400
-17050
-15825
-15925
-17750
-17350
-15675
-15175
-13725
-13025
-14175
-14775
-13725
-10950
-10850
-11400

-10525
-11475
-11425
-8200
-7550
-7375
-8150
-7825
-7675
-7400
-3950
-3625
-5525
-5775
-5225
-4125
-3025
-1650
-2000
-4700
-3550
-2175
-2125
-775
-1300
-2850
-4075
-3250
-950
-1425
-2100
-3500
-5625
-4950
-3375
-2675
-4000
-6375
-7650
-7825
-7250
-6175
-7325
-9300
-11850
-12750
-10850
-11025
-11375
-13250
-16400
-17050
-16550
-14750
-15650
-18325
-19825
-21575
-21075
-19475
-19250
-21500
-24125
-24350
-24125
-23700
-22000
-22900
-26625
-27200
-26200
-24675
-24750
-24625
-25925
-28550
-27775
-25075
-25300
-25075
-26050
-27175
-27625
-26275
-23925
-24025
-25675
-25900
-26700
-24900
-23375
-23025
-23550
-25300
-24650
-23550
-22700
-21475
-22000
-22775
-23150
-22850
-20500
-19850
-20325
-20500
-21625
-20550
-19250
-17900
-17675
-19075
-18825
-18350
-17400
-16025
-15125
-15625
-16800
-16275
-14025
-13200
-13050
-12300
-13750
-14000
-11450
-10050

-9700
-10025
-9400
-10175
-10350
-6650
-6000
-6975
-6925
-7075
-6525
-5275
-3425
-3175
-5125
-4575
-3900
-3250
-1750
-1000
-2250
-3925
-3425
-1450
-1050
-650
-1200
-3950
-3900
-2775
-1175
-1400
-3075
-4375
-5675
-5275
-3725
-3725
-5100
-7425
-8875
-8225
-8000
-7175
-8600
-11625
-13125
-13175
-11550
-11875
-13650
-15000
-17875
-18100
-16925
-16000
-17325
-19850
-21200
-22050
-21850
-19950
-20325
-23000
-24725
-25050
-24225
-23175
-22925
-24325
-27225
-27125
-25475
-25400
-24125
-24950
-26700
-27975
-26775
-24500
-24800
-25050
-25700
-27400
-26700
-24700
-23500
-24025
-25725
-25325
-25450
-24650
-22275
-22650
-23450
-24300
-24100
-22700
-21575
-20875
-21250
-22775
-22375
-21300
-19825
-18825
-20000
-20200
-20075
-19875
-18075
-16850
-16775
-18375
-18200
-16825
-16350
-14600
-13975
-15475
-15850
-14400
-13175
-12175
-12000
-11300
-12350
-12825

-9825
-8825
-8775
-8775
-9250
-9050
-8125
-5700
-4475
-6675
-6225
-5775
-5400
-3700
-2175
-2575
-4600
-4250
-2575
-2375
-725
-500
-3050
-3600
-2500
-1050
-550
-1150
-2000
-4000
-4025
-2200
-1500
-2125
-4175
-5625
-6025
-5925
-4175
-4600
-7100
-8875
-10025
-8925
-8350
-8950
-10100
-13625
-14225
-13700
-13250
-13200
-15175
-17000
-18875
-18925
-17350
-17400
-19275
-21100
-22525
-22875
-21800
-20450
-21600
-24900
-25475
-24700
-24950
-23550
-23375
-25225
-27275
-27000
-25125
-25375
-24300
-25125
-27425
-27400
-25700
-24325
-24425
-25525
-25900
-26525
-25800
-23650
-23300
-23700
-24900
-25425
-24425
-23500
-21625
-21925
-23550
-23450
-23200
-21700
-20325
-20625
-21100
-21650
-21600
-20025
-19100
-18300
-19200
-20100
-19100
-18600
-16675
-15975
-16725
-17600
-16800
-15800
-14800
-13850
-13200
-14350
-15075
-12700
-11925
-11175
-10300
-11075

-11600
-11075
-8075
-7350
-8450
-7450
-8100
-8050
-6150
-4575
-4075
-5675
-5325
-4800
-4375
-2250
-1325
-2950
-3800
-3300
-1775
-1525
-675
-700
-3025
-3125
-1575
-1225
-775
-1475
-2925
-4125
-4075
-2100
-2350
-3550
-5150
-6525
-6500
-5700
-5300
-6125
-8975
-10275
-10475
-10175
-9650
-10575
-12175
-14725
-15925
-14300
-14425
-15225
-16750
-18725
-20000
-19675
-18000
-18775
-21025
-22550
-23000
-23350
-21975
-21775
-22925
-25175
-26150
-25025
-24750
-23525
-23900
-26375
-27075
-26450
-24975
-24625
-25075
-25350
-27175
-26600
-24575
-24525
-24350
-24925
-25775
-25800
-24800
-22750
-22575
-24375
-24200
-24600
-23225
-22150
-21625
-21525
-23175
-22600
-21775
-20775
-19750
-20425
-20675
-20550
-20625
-18675
-17550
-18250
-18775
-18600
-17850
-17000
-15975
-14975
-16275
-16675
-15225
-14425
-13600
-12450
-12600
-13625
-13525
-11175
-9975
-10725

-9400
-10000
-10425
-9075
-7075
-6225
-7775
-6475
-6500
-6875
-4600
-2950
-4100
-4750
-4200
-3250
-3050
-1575
-950
-2850
-3275
-1925
-1350
-900
-325
-1175
-2850
-3075
-900
-1025
-1275
-2125
-3800
-4250
-3625
-2725
-3000
-5250
-6200
-7100
-7100
-6350
-6775
-8000
-10300
-11700
-11000
-10775
-11100
-12225
-14550
-16025
-16325
-15000
-15400
-17075
-18550
-19925
-20875
-19750
-19000
-20325
-22500
-23150
-23475
-24000
-22350
-21875
-24800
-25975
-25650
-24525
-24525
-24675
-24200
-27025
-26825
-25375
-24800
-24750
-25150
-25425
-26525
-26275
-24000
-23425
-24725
-24800
-25375
-24650
-23750
-22450
-22475
-23950
-23750
-23275
-22550
-21250
-21250
-21625
-22000
-22225
-20600
-19525
-19500
-19825
-20425
-19750
-19000
-18075
-16850
-17800
-18250
-17325
-17025
-16050
-14700
-14475
-15700
-15650
-13825
-13075
-12725
-11325
-12375
-12775
-11550
-10000

-9025
-9675
-8475
-8975
-9525
-7175
-5650
-6000
-6450
-6150
-5400
-5350
-3400
-2275
-3925
-4275
-3175
-2825
-2150
-575
-975
-2600
-3200
-1175
-975
-425
-450
-2350
-3000
-2500
-1275
-1000
-2525
-3075
-4600
-4775
-3800
-3700
-4150
-6425
-8075
-7875
-7925
-7325
-7925
-10175
-12050
-13175
-11675
-11975
-13075
-13875
-16425
-17575
-17200
-16200
-16800
-18900
-20125
-20800
-21825
-20550
-19725
-21650
-23675
-24300
-23850
-23525
-23325
-22825
-25800
-26175
-25300
-25275
-24375
-24525
-24850
-27075
-26825
-24675
-24575
-24425
-24800
-26050
-26150
-24850
-23600
-23275
-24650
-24175
-24775
-24275
-22575
-22275
-22300
-23400
-23425
-22025
-21650
-20350
-20525
-21725
-21700
-20825
-19750
-18775
-18975
-19250
-19175
-19200
-17950
-17000
-16275
-16925
-17600
-16400
-15550
-15125
-13450
-14200
-14850
-14175
-12675
-11800
-11700
-10350
-11125
-12050

