
Curva de Excitacao - Bobina Girante (Dados Brutos)

Arquivo..............: C:\Arq\Wiggler\Medidas Wiggler - Corretoras\Bobina Tungstenio\Gap200\Translado200_X=-3_#018.dat
Data.................: 26/01/2005
Hora.................: 09:36:07
Ganho................: 20
N. de Coletas........: 1
N. de Voltas.........: 10
Intervalo de Análise.: 4 - 8

-7875
-6825
-6200
-7475
-10050
-9625
-6100
-3600
-4450
-6275
-6300
-6225
-3725
-250
-875
-4425
-6075
-5000
-1775
950
2375
-975
-6250
-5750
-3000
675
2225
-825
-4500
-6950
-4600
-925
-300
-2000
-7075
-9125
-7475
-4175
-2150
-2040
-11075
-13875
-12575
-8400
-6175
-8625
-13775
-19125
-18300
-14075
-12100
-12575
-17850
-22375
-23500
-20425
-16050
-17900
-22275
-25975
-27775
-24475
-20350
-20025
-24700
-30275
-29825
-27525
-24225
-21475
-25475
-30125
-32100
-29575
-25475
-23800
-24950
-29225
-32050
-29450
-25500
-23250
-24625
-28375
-30350
-28825
-24725
-21475
-23025
-25800
-28375
-28500
-23700
-20450
-20075
-22775
-26275
-25950
-23350
-19375
-18000
-20625
-22950
-23375
-21750
-17675
-16725
-17875
-20100
-21875
-19200
-16525
-13475
-14375
-18100
-18800
-17625
-14425
-11525
-11750
-13350
-16150
-15150
-11625
-9725
-8650
-9550
-12600

-12425
-9275
-6025
-5700
-7475
-8425
-9725
-7225
-2950
-2175
-4100
-6000
-7125
-5425
-2150
825
-850
-4650
-5100
-4000
-950
1575
400
-2625
-5750
-3975
-600
575
725
-3725
-6700
-6300
-3100
100
-1425
-5350
-9325
-10500
-6825
-3675
-4125
-8100
-13450
-14625
-11900
-8925
-8350
-12450
-17175
-19600
-18050
-13325
-13525
-16825
-21500
-24900
-22825
-18750
-16875
-20225
-25950
-28025
-27375
-23425
-19975
-22875
-27375
-30525
-29950
-26175
-23475
-23025
-27600
-31925
-30575
-27225
-23775
-24175
-26950
-30525
-31500
-27025
-23125
-23400
-25550
-28275
-30125
-26900
-23175
-20925
-23300
-26875
-27150
-25750
-21775
-19600
-21200
-23525
-25450
-23800
-20100
-18275
-18525
-20850
-22900
-22025
-19575
-15600
-15625
-18850
-19925
-19800
-17200
-14225
-13225
-14600
-18075
-17125
-14625
-12575
-10225
-11250
-14150
-14900
-12350
-8900
-7800
-8575

-9900
-12125
-10375
-6325
-4500
-5225
-6875
-8275
-8050
-5150
-1050
-1700
-4875
-5475
-5550
-3150
50
900
-1975
-5100
-4250
-1675
250
2025
-925
-4225
-5350
-3200
600
850
-1475
-5225
-7550
-5575
-2300
-850
-3475
-8425
-10375
-9400
-6450
-4550
-7025
-11775
-15025
-14900
-10800
-9700
-10900
-15725
-20675
-19950
-16650
-14025
-15650
-20425
-23625
-25375
-22075
-18075
-19225
-23650
-27675
-28075
-26100
-22825
-20900
-24875
-30200
-30475
-28150
-24375
-23000
-25425
-29525
-32075
-28625
-25200
-23800
-24875
-28100
-30800
-29175
-25225
-22375
-23400
-26700
-28475
-28300
-24100
-21050
-21725
-24000
-26675
-26025
-23200
-20225
-19075
-21725
-23750
-23900
-22025
-18225
-17175
-19050
-21100
-22225
-19775
-16625
-15400
-15775
-19075
-19175
-17625
-15400
-12625
-12950
-15375
-16875
-15575
-12125
-10750
-9950
-11250
-14050
-13125
-9650
-7375

-7250
-8100
-9800
-10475
-8225
-3625
-3700
-5775
-6425
-7550
-5875
-2050
-225
-2050
-5175
-5125
-3400
-1675
1625
175
-3100
-4875
-3325
-175
1175
1275
-2325
-5925
-4300
-1250
625
-150
-3950
-6825
-7525
-4275
-1725
-2800
-6475
-10250
-11700
-8750
-6150
-6400
-9900
-15000
-16175
-14375
-10700
-10800
-14950
-18525
-21550
-19750
-16075
-15675
-18325
-23875
-25225
-24400
-21450
-18925
-21350
-26375
-28775
-28025
-24250
-22050
-23075
-27450
-31275
-29325
-26075
-24050
-23975
-26950
-30800
-30525
-26950
-23500
-23950
-26075
-28625
-30250
-26925
-22625
-22350
-24325
-27325
-27550
-25575
-22775
-19975
-22300
-24425
-25700
-24275
-20675
-19075
-19450
-21950
-24050
-22250
-19150
-17125
-16925
-19800
-20775
-20300
-18100
-14850
-14625
-16300
-18375
-18150
-15375
-13175
-11875
-12675
-15675
-15525
-12975
-10325
-9375
-9875
-11375
-12975
-11200

-7250
-6150
-7025
-8000
-9600
-8600
-5125
-2525
-3175
-5875
-6375
-5825
-3625
-125
-250
-2625
-4775
-4500
-1625
375
1675
-475
-4475
-3975
-1775
1125
1600
-1000
-3675
-5950
-3250
-125
-50
-2325
-6000
-8150
-6650
-3750
-2275
-4875
-9900
-12075
-11400
-8150
-6525
-9250
-13200
-17325
-16400
-13125
-12100
-13350
-18050
-21250
-22025
-19325
-15900
-17725
-21725
-25075
-26050
-23750
-20600
-20050
-24450
-28825
-28475
-26375
-23925
-22600
-25000
-29200
-30825
-28025
-24550
-23725
-25175
-28350
-30800
-28550
-24675
-22900
-24425
-27325
-28925
-27875
-24775
-21450
-22925
-24950
-26700
-26650
-23100
-20775
-20150
-22475
-25125
-24300
-21925
-19125
-17975
-20375
-22025
-22425
-20475
-17225
-16300
-17200
-19350
-20250
-18200
-16000
-13575
-14200
-17000
-17700
-16150
-13350
-11725
-11350
-12975
-14900
-13900
-10550
-9050
-8600
-9250
-11675

-11475
-8475
-5325
-5250
-7125
-7575
-8300
-6750
-2450
-1725
-3625
-5425
-5650
-3850
-1775
1175
-475
-3825
-4325
-2750
25
1525
650
-1775
-4725
-2900
100
1050
650
-2725
-5350
-5075
-2425
175
-1200
-4900
-7800
-8850
-5875
-3650
-4625
-7700
-12200
-12950
-10600
-8675
-8550
-12400
-15875
-18200
-16550
-13100
-13525
-16475
-20475
-23050
-21575
-18750
-16925
-20325
-24850
-26300
-25725
-22575
-20725
-22575
-26725
-29100
-28200
-24925
-23550
-23175
-26925
-30575
-29350
-26000
-23775
-24125
-26225
-29300
-29550
-26400
-22925
-23425
-25300
-27075
-28325
-25650
-22725
-20800
-23000
-25925
-25700
-24650
-21125
-19450
-20925
-22850
-24000
-22525
-19650
-18125
-18125
-20450
-21675
-20650
-18500
-15775
-15400
-18075
-19100
-18500
-15950
-14000
-13200
-13925
-16775
-16350
-13650
-11475
-10650
-10950
-12875
-13875
-11725
-8025
-7475
-8625

-9175
-10050
-9425
-5825
-3975
-4750
-6925
-6975
-6150
-4325
-950
-1175
-4075
-5300
-3975
-1825
225
800
-750
-4425
-3350
-525
825
1500
-200
-2950
-4225
-1900
1250
700
-1450
-4175
-6150
-4200
-1525
-1075
-3500
-7450
-8950
-8050
-5750
-4525
-7175
-10800
-13525
-13525
-10200
-9425
-11200
-15200
-18850
-18375
-16125
-13700
-15725
-19900
-22750
-23350
-20875
-18625
-19100
-23225
-26775
-26450
-24475
-22725
-21775
-24275
-29150
-29350
-26650
-23700
-23550
-25600
-28200
-30325
-28225
-24150
-23700
-25175
-27600
-28800
-27775
-24950
-22225
-23475
-26325
-27275
-26625
-23275
-21150
-21800
-23425
-25800
-24575
-22000
-20000
-19200
-21325
-22675
-22825
-21125
-17625
-17000
-19000
-20075
-20775
-18750
-16275
-15050
-15550
-18300
-18125
-16250
-14425
-12900
-12825
-14375
-16075
-14525
-11250
-10275
-10425
-10775
-12600
-12375
-8875
-6800

-6900
-8225
-8900
-8825
-7525
-3600
-3250
-5225
-6300
-6200
-4275
-2075
-575
-1425
-4600
-4150
-2225
-425
975
300
-2150
-3825
-2250
850
1525
625
-1775
-4375
-3125
-700
925
-300
-3500
-5750
-5775
-3650
-1850
-2900
-5875
-9375
-9875
-7325
-6350
-6825
-9650
-13750
-14975
-13150
-10225
-11300
-15000
-17700
-20050
-18575
-15925
-15450
-18700
-22850
-23650
-23025
-20825
-19500
-21450
-25675
-27675
-26150
-23575
-22575
-23475
-26625
-29600
-28250
-24825
-24300
-24325
-26775
-29000
-29225
-26175
-23250
-24175
-25925
-27550
-28425
-25875
-22525
-22450
-24125
-26650
-25975
-24475
-22200
-20475
-22200
-23600
-24525
-22975
-20200
-18975
-19675
-21075
-22475
-21150
-18850
-16850
-16750
-19475
-19675
-18650
-17075
-15100
-14500
-15725
-17675
-16975
-14225
-12825
-12275
-12575
-14250
-14725
-11950
-9725
-9150
-10325
-10475
-11225
-10450

