
Curva de Excitacao - Bobina Girante (Dados Brutos)

Arquivo..............: C:\Arq\Wiggler\Medidas Wiggler - Corretoras\Bobina Tungstenio\Gap200\Translado200_X=-19_#002.dat
Data.................: 26/01/2005
Hora.................: 09:06:56
Ganho................: 20
N. de Coletas........: 1
N. de Voltas.........: 10
Intervalo de Análise.: 4 - 8

-11850
-11350
-11200
-10150
-10750
-10550
-9975
-8525
-8475
-9150
-6900
-6750
-6325
-5150
-5100
-6025
-6550
-5000
-3375
-3025
-1725
-2625
-5175
-4650
-3500
-2050
-1200
-2175
-2575
-4325
-4200
-2725
-2775
-3150
-4650
-5050
-5175
-4725
-3875
-5200
-7925
-8700
-9200
-7475
-7100
-8075
-9700
-13250
-13525
-12350
-12325
-11750
-13875
-15375
-17525
-17600
-15775
-16650
-18275
-19525
-20775
-20775
-19625
-19075
-20975
-24025
-23725
-23325
-23075
-21650
-22375
-24375
-26275
-26050
-24300
-24275
-23425
-24475
-26900
-26300
-24875
-24150
-24475
-25675
-26000
-26325
-25225
-23225
-23975
-24675
-25475
-26475
-24625
-23675
-22050
-23225
-24700
-24600
-24325
-22800
-21875
-22550
-22575
-22875
-22975
-21200
-21200
-20725
-21225
-21800
-20725
-20075
-18450
-18250
-19600
-19500
-18900
-17675
-17000
-16075
-15850
-16775
-16700
-14575
-14575
-13950
-12725
-13500

-13275
-12500
-10300
-10250
-11375
-9575
-10000
-10025
-7575
-6825
-7050
-7775
-7025
-6250
-6200
-3775
-3600
-5225
-4950
-4400
-3250
-2900
-2575
-2425
-4275
-3450
-2025
-2350
-1850
-3000
-3825
-4375
-3875
-1950
-2525
-4300
-5350
-6800
-6275
-5225
-4650
-6050
-8650
-9450
-9600
-9625
-8675
-10025
-11350
-13700
-14475
-12550
-13300
-13850
-15550
-17950
-18525
-17675
-16275
-17400
-20050
-20700
-22300
-21800
-20050
-20075
-22075
-23625
-24475
-24025
-23500
-21925
-23050
-26025
-25875
-25400
-24150
-23925
-24125
-25275
-27225
-26075
-23850
-24325
-24425
-24600
-26425
-26225
-25000
-22725
-23375
-25150
-24500
-25350
-24325
-22525
-22800
-23075
-24175
-23775
-22650
-22425
-21200
-21850
-22450
-22525
-22050
-20150
-19550
-20650
-20375
-20775
-19850
-19000
-17875
-17375
-18700
-18050
-17200
-16925
-15800
-14625
-15650
-15600
-15075
-13175
-12650
-12850

-11600
-12575
-12325
-10375
-9500
-9075
-9500
-8875
-8425
-8950
-6075
-5675
-6425
-6425
-5925
-5325
-4600
-2950
-3125
-4950
-4000
-3175
-3250
-1625
-1775
-2875
-3825
-3625
-1800
-1750
-1875
-2775
-4450
-4600
-3800
-2875
-3025
-5200
-6075
-6825
-7075
-5950
-6075
-7250
-9725
-11025
-10275
-10350
-9750
-10875
-13850
-15025
-15200
-13700
-14025
-15650
-16650
-19200
-19600
-18075
-17750
-18650
-20650
-22000
-22775
-22650
-20475
-20425
-23750
-24600
-24900
-23800
-23350
-22775
-23650
-26300
-26150
-24600
-24625
-23625
-24075
-25525
-26400
-26175
-23725
-23650
-24550
-24675
-26125
-25275
-23800
-23525
-22850
-24875
-24550
-24275
-23700
-22050
-22350
-22750
-23425
-23750
-22025
-21125
-21075
-21100
-22175
-21450
-20825
-19825
-18850
-19825
-19625
-19500
-19125
-17800
-16975
-16775
-17575
-17550
-16000
-15450
-14925
-13625
-14525
-14975
-13250
-12325

-11750
-11325
-10800
-11175
-11625
-8675
-8200
-8300
-8050
-8025
-7750
-6775
-5275
-4475
-5825
-5175
-4975
-4875
-2950
-2425
-2475
-3700
-3825
-2625
-2200
-1375
-1400
-3300
-3450
-3000
-2075
-1725
-2650
-3250
-4700
-5075
-3775
-3700
-3800
-5650
-7475
-7725
-7625
-6650
-6875
-9125
-11000
-12200
-10950
-10900
-11750
-12075
-15125
-16375
-15650
-14950
-15450
-16975
-18050
-20150
-20550
-18600
-18425
-20225
-21725
-22900
-23200
-22025
-21275
-21800
-24075
-24775
-24550
-24725
-23050
-23000
-24300
-26175
-26125
-24200
-24425
-23625
-23850
-26025
-26500
-24375
-23700
-23700
-24400
-24150
-25425
-25325
-22750
-22950
-23100
-23825
-24475
-23700
-22800
-21550
-21550
-22900
-22775
-22500
-21425
-20225
-20875
-20525
-20800
-21500
-19725
-18575
-18400
-18875
-19175
-18450
-18150
-16725
-15600
-16500
-16625
-15975
-15350
-14000
-13750
-12925
-13225
-14200

-11825
-10975
-10500
-9975
-10225
-10150
-10025
-7650
-6575
-7700
-6675
-6925
-7175
-5525
-4025
-3600
-4900
-4475
-4050
-3850
-2050
-1350
-2975
-3275
-3425
-2275
-1425
-1425
-1400
-3150
-3825
-3025
-2250
-1700
-2975
-4175
-5225
-5925
-4325
-3700
-5550
-6950
-8400
-8475
-8225
-7975
-8125
-10775
-12150
-12725
-12650
-11800
-12625
-14025
-16300
-17825
-16350
-16050
-16650
-17875
-19625
-21075
-21000
-19075
-19275
-21500
-22350
-22950
-24300
-22425
-21600
-22400
-24500
-25300
-24625
-24475
-23150
-23125
-25000
-25725
-25725
-24275
-23500
-24100
-24175
-25525
-25875
-24200
-23725
-22850
-23700
-24950
-24775
-24350
-22475
-22050
-23150
-23250
-24025
-23025
-21650
-21625
-21500
-21775
-22350
-21750
-20875
-19450
-19575
-20625
-20175
-20225
-18775
-17725
-17625
-18175
-18125
-17675
-16950
-15900
-14675
-15400
-16000
-14600
-14275
-13150
-11900
-12400

-12475
-12575
-10650
-9650
-9800
-8475
-9150
-9425
-8200
-6775
-5650
-6100
-6075
-5800
-6075
-4300
-2800
-3375
-3925
-3900
-3125
-3075
-1675
-975
-2500
-3325
-2725
-2350
-1225
-1175
-1800
-3425
-4400
-2750
-2450
-2800
-3425
-5225
-6025
-5925
-5250
-4875
-6675
-8050
-9150
-10000
-9350
-8975
-9500
-12125
-13925
-13500
-13600
-13225
-13750
-15725
-17850
-18350
-17175
-17050
-18025
-19050
-20550
-22150
-21150
-20225
-20125
-21825
-23475
-23775
-24175
-22500
-21625
-23575
-24725
-25225
-24700
-24100
-23600
-23075
-25350
-25725
-24775
-24475
-23600
-23125
-24375
-25400
-25475
-23400
-22750
-23425
-23050
-24675
-24225
-23200
-22250
-21775
-22575
-22900
-23000
-22475
-21000
-20725
-20925
-21275
-22075
-20500
-19225
-19500
-19175
-19500
-19375
-19175
-17750
-16500
-17300
-17375
-16850
-16750
-15875
-14200
-13750
-14475
-14875
-13450
-12350
-12575

-10450
-11025
-11675
-10950
-9350
-8275
-8650
-7350
-7625
-8925
-6600
-4925
-5350
-5225
-4850
-5075
-5100
-2950
-1900
-3025
-3175
-2900
-3350
-2225
-725
-900
-2275
-3225
-2375
-2150
-1500
-1200
-2625
-3675
-4275
-3475
-2700
-3750
-4225
-5900
-7325
-6450
-5975
-5975
-7650
-9725
-10475
-10900
-9975
-9975
-11475
-13200
-15050
-14725
-14500
-14675
-15125
-17050
-18975
-19225
-18050
-18025
-19125
-19825
-21700
-23325
-21625
-19900
-21950
-22750
-23800
-24150
-24050
-23125
-22000
-24150
-24925
-24875
-24875
-23950
-23300
-23475
-25150
-25875
-24625
-23550
-23750
-23275
-24550
-24725
-24825
-23450
-22350
-23300
-22925
-23650
-24125
-22550
-21675
-21575
-22100
-22850
-22100
-21500
-20725
-20025
-20600
-20700
-20650
-20125
-18650
-18825
-18450
-18450
-18975
-18425
-16675
-16000
-16450
-16350
-15650
-15775
-14875
-12850
-13300
-13800
-12950
-12675

-11600
-11075
-9325
-9975
-11150
-9125
-8350
-7775
-6950
-6600
-6900
-7375
-5625
-4050
-4550
-4200
-4000
-4650
-4000
-2150
-1325
-2525
-2925
-2425
-2925
-1725
-350
-1525
-2450
-2950
-2575
-2150
-1725
-1575
-3275
-4650
-4525
-4275
-3525
-4050
-5800
-6900
-8175
-7675
-6775
-7700
-9150
-11075
-11425
-11775
-11825
-11175
-13125
-15050
-16050
-15950
-15600
-15800
-16475
-18425
-20425
-20000
-18875
-19175
-20000
-21250
-22575
-22925
-22450
-20800
-22675
-23275
-23800
-24900
-24025
-23025
-22525
-24575
-25175
-24725
-24800
-23825
-22875
-24225
-25225
-25050
-24300
-23725
-23625
-22800
-23975
-25000
-23750
-23125
-22175
-22550
-23250
-22950
-23450
-21775
-21000
-21525
-21825
-21925
-21600
-20600
-20325
-19375
-19700
-20775
-20100
-18850
-18025
-17675
-18050
-17775
-18000
-17300
-15500
-15150
-15525
-15300
-14900
-14400
-13925
-11700
-12000
-13275

