
Curva de Excitacao - Bobina Girante (Dados Brutos)

Arquivo..............: C:\Arq\Wiggler\Medidas Wiggler - Corretoras\Bobina Tungstenio\Gap200\Translado200_X=-20_#001.dat
Data.................: 26/01/2005
Hora.................: 09:05:08
Ganho................: 20
N. de Coletas........: 1
N. de Voltas.........: 10
Intervalo de Análise.: 4 - 8

-13350
-12650
-10675
-10375
-12175
-11700
-10425
-9600
-9175
-8825
-7825
-8525
-7600
-5325
-5725
-6775
-6275
-6475
-5075
-3500
-1950
-3000
-5650
-4800
-5050
-3350
-1425
-2275
-3050
-4975
-4700
-3775
-3725
-2950
-4475
-5775
-6275
-5500
-4450
-5500
-7600
-9175
-10150
-8400
-7525
-8400
-9800
-13200
-13975
-13200
-13000
-12150
-13625
-15825
-17700
-17975
-16450
-17750
-18075
-19225
-21650
-21100
-19725
-20125
-21575
-23750
-23925
-24450
-23600
-21375
-23325
-24625
-26125
-26275
-25625
-24600
-23550
-25150
-27025
-26425
-25775
-25200
-24900
-25775
-26650
-26875
-25550
-24200
-24850
-25025
-25875
-27250
-25575
-24275
-22875
-23750
-24850
-25250
-25500
-23600
-22350
-23150
-23050
-23500
-23775
-22000
-22075
-21275
-21275
-22550
-21750
-20975
-19075
-18775
-20075
-19675
-19875
-19325
-17350
-16775
-16500
-17400
-17025
-16250
-16300
-13925
-13200
-14350

-14100
-13325
-11675
-11475
-11100
-10175
-11800
-10700
-8350
-8025
-7875
-7175
-7825
-8300
-6925
-4650
-4825
-5550
-5125
-5625
-4875
-3225
-2800
-3450
-4550
-4050
-3525
-3350
-1725
-3075
-4500
-5025
-4925
-2875
-3350
-4075
-5475
-7575
-7225
-5875
-5325
-6675
-8325
-9875
-10400
-10525
-9025
-9975
-11675
-13900
-15025
-13525
-14100
-14075
-15500
-18575
-18850
-18025
-17425
-17825
-19725
-20975
-23025
-22375
-20025
-21275
-22150
-23225
-25100
-25100
-24025
-22125
-23825
-25950
-25550
-26550
-25075
-24200
-24225
-26175
-27300
-26275
-25100
-25250
-24375
-24825
-27025
-26800
-25650
-23725
-24150
-25050
-24925
-26375
-25000
-23350
-23475
-23625
-24450
-24575
-23775
-23075
-21750
-22075
-23050
-22925
-23125
-20925
-20250
-21150
-20475
-21600
-21175
-19625
-18750
-18150
-19000
-18525
-18650
-18350
-16000
-15475
-16375
-15925
-16100
-14750
-13750
-12525

-12100
-13700
-12825
-11475
-11250
-9525
-9025
-9400
-10400
-9275
-6975
-6900
-6875
-5950
-7125
-6875
-4825
-3850
-3925
-4575
-4250
-4675
-4400
-1900
-2125
-3350
-3775
-4600
-3375
-2500
-2150
-2700
-5275
-5075
-4775
-4050
-3725
-4900
-6275
-7775
-7850
-6500
-6750
-7700
-9425
-11400
-11400
-11075
-10175
-11100
-14100
-15075
-15525
-15025
-14525
-15500
-16850
-19700
-19750
-18400
-18900
-18925
-20250
-22475
-23225
-23125
-20775
-21550
-23675
-23875
-25575
-24950
-23450
-23475
-24550
-26100
-25925
-25925
-25400
-23500
-24875
-25925
-26875
-26325
-25400
-24175
-24425
-25150
-26975
-25650
-24625
-24650
-23625
-24925
-25025
-25175
-24500
-22850
-23025
-23425
-23575
-24525
-23400
-21725
-21775
-21525
-22750
-22450
-21575
-20925
-19800
-20200
-20125
-20500
-20575
-18300
-17950
-17750
-17650
-17925
-17575
-16875
-15000
-14325
-15925
-14700
-14275
-14550

-12400
-11475
-11375
-12175
-11825
-10250
-9675
-8725
-7800
-9000
-9250
-7325
-6300
-5900
-5675
-5250
-6400
-6100
-3600
-3175
-3425
-3300
-4525
-4375
-3300
-1550
-2100
-3550
-3475
-4125
-3700
-2325
-2600
-3675
-5225
-5375
-4800
-4600
-4125
-5650
-7525
-8775
-8275
-7525
-7550
-9275
-10750
-12425
-12150
-11350
-11850
-12675
-15075
-16425
-16225
-16175
-15600
-16625
-18650
-20125
-20800
-19125
-19775
-20325
-21100
-23575
-23775
-22225
-22050
-22550
-24125
-24125
-25525
-25500
-23125
-23725
-24700
-25900
-25975
-25975
-25075
-23700
-24550
-26450
-26225
-25350
-25125
-24350
-24550
-24825
-25925
-25675
-23800
-23825
-23450
-24050
-25025
-24475
-23750
-22400
-22200
-23325
-23250
-23200
-22725
-21300
-21225
-21000
-21375
-22250
-20575
-19925
-19375
-19200
-19425
-19725
-19225
-17175
-16575
-17550
-16500
-16875
-17025
-15075
-13850
-13800
-14225
-13700

-13200
-13350
-10775
-9925
-11150
-10925
-10200
-9200
-8475
-7400
-6950
-8075
-8125
-5850
-5050
-4975
-4175
-5000
-5700
-4950
-2550
-2425
-3800
-2725
-4025
-4150
-2200
-1825
-2025
-3550
-3775
-4200
-3825
-2325
-2900
-4700
-5725
-6100
-5300
-4950
-5725
-6750
-8700
-9375
-8725
-8475
-8875
-10575
-11975
-13200
-14050
-12200
-12825
-14600
-16400
-17600
-17300
-17200
-16825
-17575
-20375
-21350
-21000
-20475
-20350
-21475
-21950
-23925
-24550
-22550
-22825
-23100
-24050
-25375
-25800
-25075
-23175
-24150
-25750
-25400
-26425
-25575
-24250
-24000
-25075
-25725
-25650
-25500
-24800
-23400
-23950
-25650
-25175
-25000
-23425
-23125
-23525
-23575
-24400
-23925
-22625
-22150
-21900
-22450
-22925
-22300
-22125
-20350
-19800
-21000
-20900
-20950
-19725
-18775
-18700
-18100
-18750
-18925
-17625
-16450
-15850
-16150
-15600
-15600
-16175
-13600
-12350
-13525

-12800
-12625
-12175
-11425
-9550
-9025
-10275
-9950
-8600
-8575
-6925
-5650
-6400
-7100
-6625
-4775
-4400
-3975
-3475
-4450
-5025
-3200
-2375
-2250
-2725
-2600
-3625
-3975
-1450
-1600
-2725
-3425
-4500
-4200
-3575
-2975
-3450
-5550
-6325
-6575
-6025
-5775
-6600
-8100
-9525
-10600
-9675
-9500
-10050
-11975
-13925
-14175
-14350
-13700
-13850
-16450
-17650
-18300
-18450
-17825
-17975
-18975
-21425
-22000
-21275
-21450
-21050
-21300
-23500
-24525
-24625
-22525
-22925
-23925
-24075
-25875
-25525
-24425
-23600
-24450
-25425
-25400
-25525
-25775
-23825
-23475
-25275
-25600
-25600
-24425
-23575
-23625
-23475
-25175
-24500
-23925
-23300
-22475
-22775
-23350
-23650
-23450
-22025
-21225
-21575
-21650
-22475
-21475
-20375
-20350
-19225
-20200
-20175
-19650
-18875
-17900
-17600
-17325
-17625
-18175
-16100
-15025
-15300
-14725
-14900
-14675
-14250
-12125

-11350
-12250
-11525
-11250
-11475
-9600
-8350
-8075
-9100
-8675
-7300
-6875
-5825
-4675
-5625
-6300
-4900
-4075
-3525
-3025
-2650
-4050
-4425
-2275
-1650
-2150
-2275
-3375
-3525
-3100
-1650
-1900
-3275
-3625
-4650
-4450
-3675
-3675
-4475
-6275
-7550
-6850
-6900
-6700
-7650
-9600
-11050
-11325
-10200
-10375
-12300
-13100
-14925
-15625
-15075
-14700
-15450
-17725
-18925
-18900
-19500
-18725
-18650
-20400
-22175
-22975
-21400
-21675
-22275
-22200
-24225
-24850
-24000
-23325
-23625
-24425
-24200
-25625
-25850
-23800
-23900
-24475
-25300
-25725
-25650
-24500
-23600
-23875
-25350
-24875
-24825
-24725
-23150
-23450
-23575
-24300
-24350
-23050
-22650
-22275
-22350
-23250
-23075
-22400
-21400
-20450
-21525
-21425
-21000
-21150
-19950
-19275
-18775
-19225
-20050
-18625
-17775
-17175
-16525
-16675
-16900
-16850
-14825
-13875
-14850
-13550
-13275
-14225

-12575
-10900
-10425
-11325
-10550
-9950
-9950
-8375
-6850
-7800
-8150
-6975
-6475
-5800
-4725
-3900
-5125
-5575
-4125
-3150
-2800
-2275
-2825
-3550
-3675
-1925
-1300
-2250
-2250
-3275
-3625
-2550
-2050
-2150
-3875
-4825
-5050
-5100
-4125
-4300
-5950
-7400
-8325
-8225
-7375
-8350
-9150
-10825
-12150
-12425
-11750
-11775
-13650
-14750
-15625
-17000
-16000
-15700
-17125
-18825
-20075
-19800
-20125
-19650
-19375
-21975
-22875
-22550
-22825
-22100
-22750
-22500
-24800
-25400
-23750
-23700
-23650
-24400
-24975
-25775
-25400
-23625
-23625
-24925
-24875
-25100
-25475
-24300
-23450
-23675
-24525
-24875
-24275
-24025
-22700
-22825
-23775
-23675
-23675
-22700
-21725
-22125
-22250
-22425
-22375
-21450
-20725
-20075
-20300
-21375
-20325
-19975
-18825
-18025
-18400
-18575
-18875
-17575
-16425
-16450
-15375
-15800
-16275
-15025
-14150
-12875
-13075
-12725

