
Curva de Excitacao - Bobina Girante (Dados Brutos)

Arquivo..............: C:\Arq\Wiggler\Medidas Wiggler - Corretoras\Bobina Tungstenio\Gap200\Translado200_X=0_#021.dat
Data.................: 26/01/2005
Hora.................: 09:40:54
Ganho................: 20
N. de Coletas........: 1
N. de Voltas.........: 10
Intervalo de Análise.: 4 - 8

-7475
-5350
-5050
-7975
-10825
-8225
-5300
-3650
-3275
-5650
-6875
-5750
-2225
500
-2050
-4000
-5975
-5100
-875
2650
2225
-2375
-6450
-5750
-2550
2100
3175
-1725
-5825
-7375
-4650
-525
300
-2850
-7875
-9675
-7375
-4050
-2275
-6500
-12575
-14300
-12550
-7775
-5925
-9850
-16175
-20675
-18100
-13825
-11925
-13200
-20050
-24575
-24300
-19650
-16725
-18825
-23200
-28225
-29075
-23850
-20025
-21875
-26675
-31050
-31625
-27450
-23050
-22575
-27975
-31900
-32425
-30200
-24850
-23125
-26450
-31675
-32500
-29150
-25450
-23175
-24950
-30375
-31250
-27850
-24225
-21575
-23650
-26675
-29575
-28025
-22325
-19975
-20200
-23725
-27150
-25925
-22050
-18275
-17525
-20975
-23400
-23700
-20575
-16375
-16125
-17575
-20150
-21600
-18400
-14500
-12775
-15075
-17725
-17900
-16900
-12875
-9725
-11325
-14425
-15250
-14000
-11175
-7925
-6950
-10175
-13200

-10800
-7925
-5850
-4250
-6475
-9125
-9100
-5050
-2000
-2725
-2850
-6050
-7175
-3875
25
1275
-1425
-4225
-5000
-3925
975
2950
-225
-3450
-5225
-3425
-300
2000
500
-4575
-7000
-5525
-2675
325
-1650
-6475
-10075
-10025
-5700
-2900
-4850
-9900
-14950
-14275
-11000
-8425
-8325
-14175
-19250
-20275
-17175
-13175
-14075
-17525
-23775
-26175
-21850
-18400
-17850
-21975
-26900
-29800
-27025
-21900
-20575
-24750
-29250
-31175
-30650
-25200
-22175
-24625
-29975
-32825
-30525
-27075
-23800
-23675
-29125
-32125
-30725
-26400
-23175
-23600
-26125
-29800
-29975
-25325
-22325
-20950
-23850
-27925
-27500
-24750
-20225
-19075
-21375
-24200
-25775
-22875
-18825
-17600
-18250
-21150
-23125
-21100
-17525
-14825
-15900
-18550
-19775
-19600
-15375
-12200
-13175
-15250
-17075
-16300
-14075
-10675
-8825
-11800
-14525
-13400
-11175
-8450
-5950
-7675

-10775
-11675
-8250
-5050
-4575
-3575
-7100
-8925
-6375
-2675
-625
-1950
-3900
-5700
-6050
-700
1875
300
-2250
-4675
-4250
-1275
2050
2325
-2050
-4550
-4425
-2475
1325
1200
-2150
-6325
-7275
-3975
-1100
-900
-4525
-9825
-10925
-8500
-5250
-4175
-8475
-13325
-15775
-14725
-10300
-9575
-11800
-17875
-21800
-19225
-16100
-14400
-17125
-21750
-26025
-25400
-20300
-18125
-21225
-25075
-29250
-29325
-25025
-21150
-22600
-27150
-31200
-31175
-28250
-23475
-22825
-27925
-31400
-31725
-28325
-24750
-23400
-25875
-30725
-31250
-27550
-24500
-22450
-23825
-27750
-29525
-27675
-22325
-20650
-22525
-24550
-27375
-25525
-21450
-19175
-19200
-22350
-24175
-23375
-20575
-16975
-17025
-19150
-21025
-21900
-18475
-14775
-14750
-16500
-18475
-18625
-16975
-13200
-11100
-13350
-15750
-15925
-14425
-11375
-8475
-9175
-12200
-13825
-11350
-8500
-6850

-5525
-8150
-10675
-9175
-5875
-3075
-3650
-4800
-6625
-7825
-3350
-300
-300
-2600
-4700
-5075
-2950
1125
2600
-900
-3550
-3950
-2775
875
2575
650
-3725
-5525
-3150
-500
1050
-350
-5300
-7700
-6550
-2900
-1225
-3825
-7800
-11300
-11225
-7650
-5350
-6850
-12125
-16550
-16125
-13550
-10125
-11350
-16625
-21100
-22125
-18075
-15850
-16525
-20050
-25475
-26625
-23775
-19800
-19950
-23900
-27825
-29750
-28175
-23075
-21300
-25875
-29825
-31275
-29100
-25575
-23250
-24775
-29900
-31900
-29275
-26425
-23325
-24075
-27600
-30525
-29950
-24925
-22275
-23025
-25275
-28525
-27550
-24150
-21225
-20350
-23425
-25375
-25700
-23300
-19100
-18400
-20025
-22650
-23975
-20850
-17700
-16350
-17025
-20025
-20750
-19475
-15950
-13500
-15075
-16550
-17775
-17500
-14225
-10925
-11000
-14175
-15350
-13925
-12050
-9425
-7425
-10000
-12725
-11375
-9225

-6600
-5275
-5725
-8575
-10325
-5900
-3250
-2625
-3125
-5125
-6900
-5300
-900
1025
-1375
-2825
-4250
-4075
-150
2400
1500
-2150
-4250
-2900
-700
2025
2175
-2275
-5175
-4800
-1900
425
0
-3075
-7500
-8350
-5175
-2900
-2600
-6600
-11125
-12325
-10650
-6950
-6575
-10925
-15675
-18275
-15225
-12475
-12500
-14375
-20150
-22975
-21525
-17275
-16750
-19550
-23325
-26925
-26650
-22050
-19775
-22675
-26825
-29550
-29025
-25850
-22650
-23375
-28425
-30725
-30050
-27850
-24025
-23700
-26875
-31075
-30775
-26875
-24325
-23325
-24900
-29175
-29900
-26325
-22975
-21775
-24150
-25700
-27475
-26125
-21350
-19900
-20900
-23925
-25400
-23325
-20475
-17875
-18125
-20975
-22850
-21650
-18300
-15950
-16325
-17425
-19475
-20200
-16575
-13575
-13025
-15250
-16800
-16375
-15325
-11625
-9900
-11725
-14150
-13625
-12125
-9450
-7750
-7425
-10375
-12275

-8775
-6325
-5050
-4550
-6475
-8525
-7875
-3500
-1125
-2700
-3200
-5000
-5675
-2475
1050
1000
-1950
-3750
-3275
-2025
1700
2875
-675
-3575
-3925
-1275
1100
1825
100
-4275
-6250
-3550
-850
200
-2300
-6075
-8600
-8375
-4075
-2875
-5925
-10000
-13175
-12250
-9500
-8150
-9350
-14950
-18100
-17650
-15025
-13125
-14525
-18125
-23175
-23750
-19675
-17750
-18825
-22450
-26050
-27950
-24850
-20800
-21350
-25800
-28550
-29000
-28675
-24175
-22650
-25475
-30075
-30800
-28050
-25900
-23550
-24650
-29125
-31025
-28325
-24575
-23075
-24425
-26350
-28800
-28250
-23650
-21525
-21850
-24350
-26525
-25750
-23300
-19500
-19250
-22025
-23775
-23775
-21025
-18125
-17425
-18700
-21175
-21750
-19075
-16350
-14750
-16225
-18150
-18925
-18025
-13925
-12025
-13550
-15125
-15925
-14925
-12475
-9675
-9250
-12150
-13600
-11725
-9775
-7750
-6025
-8275

-10550
-9875
-6350
-4025
-4425
-4175
-6775
-7600
-4775
-1325
-525
-2625
-3775
-4625
-3925
425
2425
-250
-2625
-3675
-2050
300
2575
1900
-2225
-4100
-2375
-425
1675
800
-2375
-5775
-5650
-2125
-400
-1850
-5125
-8925
-9100
-6700
-4300
-4775
-9625
-13125
-13550
-12300
-9500
-9600
-12875
-18100
-19825
-16975
-14900
-14575
-17500
-21950
-24650
-22975
-18900
-18925
-21800
-25250
-27725
-27025
-23200
-21450
-23625
-27625
-30000
-28850
-26325
-23250
-23600
-28525
-30650
-29725
-26450
-24325
-23975
-26175
-30300
-29250
-25975
-23650
-23075
-24300
-27700
-28125
-25700
-21450
-20750
-23200
-24625
-26100
-23525
-20300
-19075
-19775
-22500
-23275
-21750
-19100
-16725
-17250
-19350
-20850
-20300
-16775
-14325
-15050
-16500
-18075
-17525
-15275
-12425
-11500
-14025
-15200
-14575
-12925
-10350
-8325
-9825
-12425
-12550
-9500
-7200
-6600

-6025
-8375
-10025
-7400
-4325
-2975
-3900
-4525
-6225
-6525
-1750
400
-1200
-2650
-4000
-3575
-1275
1825
2125
-1550
-3125
-2425
-1225
1925
2425
100
-3700
-4050
-1100
675
950
-1050
-5100
-6525
-4500
-1775
-1450
-4550
-7875
-10225
-9200
-6175
-5625
-7825
-12275
-15400
-13950
-11825
-10350
-12350
-16850
-20100
-20025
-16525
-15175
-17500
-20500
-24525
-24925
-21850
-19150
-20775
-24475
-27100
-28000
-26175
-22550
-21900
-26725
-29350
-29600
-27100
-24675
-23775
-25550
-29700
-30350
-27325
-24950
-23875
-24775
-27375
-29450
-27975
-23550
-22200
-23700
-25200
-27525
-25875
-22900
-20600
-21025
-23550
-24375
-24025
-21825
-18475
-18750
-20350
-22125
-22275
-19475
-16875
-16400
-17700
-19600
-19450
-17750
-15025
-13375
-15275
-16325
-16800
-15800
-12900
-10900
-11475
-13750
-14525
-12675
-10425
-8925
-7750
-10125
-11775
-10300
-7400

