
Curva de Excitacao - Bobina Girante (Dados Brutos)

Arquivo..............: C:\Arq\Wiggler\Medidas Wiggler - Corretoras\Bobina Tungstenio\Gap200\Translado200_X=13_#001.dat
Data.................: 26/01/2005
Hora.................: 11:08:40
Ganho................: 20
N. de Coletas........: 1
N. de Voltas.........: 10
Intervalo de Análise.: 4 - 8

-4900
-5000
-6850
-9150
-8775
-3825
-1725
-3875
-5475
-7225
-5500
-1600
1775
625
-5050
-6825
-5550
-1775
3175
3275
-1325
-6475
-7700
-3125
775
2500
-625
-6875
-8050
-5825
-1825
-800
-4775
-9325
-11775
-9000
-4975
-4600
-7800
-15025
-18100
-14900
-10900
-8475
-11825
-19500
-23750
-23225
-16900
-14825
-18075
-23100
-28775
-28350
-23800
-20475
-22575
-29075
-32325
-32925
-28950
-24075
-25125
-31825
-36650
-36275
-31875
-27000
-27075
-31475
-37825
-37450
-32950
-29200
-27550
-30575
-35825
-37250
-33000
-27300
-26650
-29100
-33050
-36050
-31675
-25300
-23375
-25550
-30675
-32100
-30000
-24600
-20150
-21900
-25625
-28575
-27700
-22625
-18625
-18175
-21675
-24950
-23950
-19900
-16275
-15125
-18900
-21150
-20650
-18150
-13175
-12125
-13850
-18275
-19000
-14875
-11475
-9325
-9400
-14150
-15625
-13125
-8750
-6900
-7150
-8875
-12000
-11250

-6050
-3625
-4575
-6275
-8675
-8275
-4525
-125
-650
-4675
-6150
-6150
-3425
1325
1950
-1225
-5200
-5750
-2400
900
2925
450
-5200
-6350
-3325
150
1575
-1275
-5625
-9150
-6250
-1750
-1150
-3250
-9450
-12875
-11150
-7075
-4275
-7325
-13500
-18175
-17975
-12700
-9750
-12800
-17825
-23850
-23825
-19400
-16325
-17475
-23975
-27925
-29725
-26075
-20775
-22250
-27700
-32950
-34125
-30650
-25950
-24675
-29425
-36150
-36575
-32575
-28850
-27175
-29850
-35325
-38050
-34575
-28675
-27550
-29275
-33300
-37150
-34250
-28300
-25075
-27300
-31825
-33750
-32400
-27275
-22600
-24225
-27575
-30750
-30225
-24950
-21075
-20125
-23725
-27225
-26725
-23200
-18275
-17175
-20300
-23200
-23475
-20850
-15825
-14350
-16100
-19475
-21100
-17600
-14375
-11125
-11925
-16175
-17625
-15625
-11075
-9025
-9150
-11125
-14425
-13625
-8775
-6025
-6225
-7650
-10350

-10875
-7225
-2350
-2675
-5750
-7175
-7625
-5575
-575
500
-2050
-5775
-6075
-3175
-325
2675
650
-4325
-5500
-3175
650
2475
575
-3050
-6700
-4575
25
1025
-600
-5225
-8400
-7900
-4300
-650
-3300
-8550
-12350
-12975
-8800
-5825
-7500
-12275
-18425
-18375
-14775
-11900
-12525
-17975
-22650
-24850
-22225
-16800
-18175
-22725
-28150
-30100
-27525
-23350
-21225
-26400
-32725
-34300
-31500
-27300
-25350
-28075
-34125
-36925
-34350
-29075
-27525
-28500
-33225
-37700
-35175
-29650
-26575
-28400
-32000
-34950
-34575
-29350
-24475
-26475
-29600
-32275
-32050
-27825
-23550
-22050
-25800
-29650
-28925
-25725
-20850
-19450
-21950
-25050
-26450
-22825
-18375
-16950
-18150
-21300
-22900
-20050
-16800
-13400
-14125
-18325
-19475
-17975
-13550
-11400
-11075
-13275
-16975
-15275
-10975
-8625
-8125
-9425
-12400
-13325
-9500
-4675
-4975
-7375

-8750
-9625
-7700
-2500
-1375
-3700
-6850
-6775
-4825
-2025
1575
50
-4550
-5725
-3350
-25
2325
1425
-1750
-5875
-3525
550
1975
1325
-2000
-5675
-5475
-2050
1600
-675
-4275
-7875
-9075
-5275
-2100
-3175
-7400
-12925
-13525
-10525
-7500
-7525
-12350
-17325
-19675
-17350
-12925
-13475
-17225
-22575
-25900
-23125
-19650
-17800
-22350
-28325
-30175
-29075
-24800
-22500
-25525
-31500
-34850
-32075
-28325
-26725
-27325
-31900
-37125
-35200
-30050
-27300
-28600
-32100
-35450
-36150
-30675
-26300
-27625
-30525
-33675
-33675
-29950
-25725
-24325
-27675
-31400
-30775
-28300
-23450
-21375
-24125
-27425
-28525
-25150
-21150
-19150
-19850
-23650
-25250
-22675
-19175
-16025
-16575
-19650
-21250
-20600
-16150
-13425
-13700
-15450
-18650
-17425
-13525
-11125
-10400
-12225
-14450
-15150
-11800
-7475
-7450
-8875
-10650
-12050
-9775
-4975
-3725

-5500
-7875
-8250
-7075
-3800
-400
-1850
-5150
-5825
-4800
-1525
1075
850
-2075
-5600
-3275
250
1925
2025
-775
-4250
-4100
-825
2700
1425
-1050
-4675
-6350
-2800
175
200
-3450
-7850
-8875
-7075
-3650
-3375
-7425
-11825
-14150
-12325
-8625
-8500
-11875
-16925
-20275
-18675
-15200
-13225
-17175
-22950
-25650
-25050
-21350
-19100
-21575
-27075
-31350
-29475
-26225
-24250
-25200
-29925
-34125
-33850
-29300
-26725
-27375
-31475
-34975
-35950
-31125
-27075
-28275
-30925
-34475
-34825
-32050
-27300
-25800
-29550
-32525
-32700
-30675
-26000
-23775
-25975
-29450
-31100
-27250
-23950
-21775
-22300
-25825
-27300
-25150
-21725
-18350
-19175
-21675
-23625
-22950
-18950
-15750
-15675
-17500
-20925
-19650
-16175
-13750
-12500
-14275
-16450
-17500
-14150
-10075
-9875
-11150
-12750
-14200
-12075
-7725
-5775
-7925
-9925
-10250
-9325
-6275

-2675
-3750
-6975
-7575
-6550
-3750
-1225
-250
-3125
-6500
-4225
-1300
675
1375
-725
-4150
-4125
-675
2825
1625
75
-2875
-4700
-1800
1875
2275
-850
-4675
-5875
-4675
-925
325
-3350
-7250
-10025
-8250
-5025
-4625
-6550
-11600
-15275
-13825
-10975
-8775
-12125
-17425
-20475
-20725
-16800
-14675
-17200
-22275
-26775
-25650
-23300
-20800
-21350
-26625
-31150
-30900
-27675
-25275
-25625
-28575
-33800
-35100
-30400
-26825
-27900
-30675
-33975
-35525
-32825
-28150
-26650
-30400
-33325
-34150
-32800
-28125
-25750
-27300
-31225
-33050
-30075
-26625
-24000
-24150
-28175
-29675
-27875
-24375
-21050
-21675
-23650
-26475
-25825
-21450
-18500
-18325
-19775
-23225
-22450
-19225
-15975
-14675
-16725
-18850
-19450
-17300
-13025
-12425
-12925
-14925
-17000
-14325
-10750
-8575
-10100
-12050
-12875
-12200
-8600
-5175
-6650
-9025
-9800
-8900

-6425
-3150
-2350
-5100
-8125
-6075
-3475
-1450
125
-1775
-4900
-5275
-1700
1325
825
550
-2450
-4825
-1600
2125
2550
375
-2875
-4150
-3375
800
2750
-875
-4075
-6700
-5500
-2550
-750
-2450
-7200
-10600
-9700
-7400
-4875
-7100
-11675
-15350
-15925
-12775
-10225
-12400
-16725
-21750
-21350
-19100
-16925
-17125
-22050
-26575
-27700
-24975
-21850
-22825
-25375
-30575
-32975
-29375
-25875
-25825
-28775
-32375
-35025
-32525
-28650
-27025
-30150
-33075
-34700
-34275
-29600
-26975
-28550
-32650
-34200
-32225
-29275
-25850
-25850
-30175
-32100
-30175
-26900
-24075
-24025
-25475
-28600
-28600
-24200
-21425
-20750
-22250
-25025
-25150
-22350
-18475
-17475
-19225
-21175
-21825
-19875
-15725
-14725
-15250
-17325
-19250
-16975
-13625
-11075
-12425
-14225
-15075
-15000
-11300
-8050
-8900
-10775
-11875
-11400
-9325
-5900
-4850
-7275
-9725

-8375
-6000
-3725
-1850
-3675
-6600
-6650
-3600
-850
-425
-350
-3375
-5475
-2550
950
2050
800
-1875
-3400
-3200
1225
3050
675
-1750
-4075
-3575
-725
1275
500
-3900
-6575
-6450
-4300
-1550
-2950
-6775
-10625
-11450
-8800
-6250
-7425
-11175
-16275
-16650
-15000
-12375
-12350
-16750
-21275
-22750
-21200
-18375
-18475
-20925
-26550
-28900
-26550
-23625
-23175
-25550
-29550
-32975
-31275
-26850
-25925
-28900
-31575
-34225
-34150
-30125
-26850
-28625
-32675
-34825
-33550
-30975
-27500
-27000
-31225
-33500
-32575
-29050
-26225
-26150
-27575
-30675
-30950
-27125
-24150
-22775
-24325
-27500
-27750
-25225
-21075
-20050
-21250
-23125
-24850
-22175
-18625
-17125
-17450
-19450
-21350
-19700
-16500
-13700
-14375
-16300
-17350
-17475
-13950
-10575
-11400
-12800
-14175
-13650
-11900
-8400
-6850
-9250
-11375
-10600
-8700
-6275
-4125
-4850

