
Curva de Excitacao - Bobina Girante (Dados Brutos)

Arquivo..............: C:\Arq\Wiggler\Medidas Wiggler - Corretoras\Bobina Tungstenio\Gap200\Translado200_X=-8_#013.dat
Data.................: 26/01/2005
Hora.................: 09:28:07
Ganho................: 20
N. de Coletas........: 1
N. de Voltas.........: 10
Intervalo de Análise.: 4 - 8

-11200
-10700
-8250
-7975
-9125
-6950
-7675
-7775
-5750
-4750
-4850
-5600
-4875
-4325
-4700
-2225
-1925
-3500
-3550
-2825
-2025
-1850
-1250
-1275
-2925
-2775
-1475
-2225
-1725
-2450
-2950
-3725
-3925
-2475
-3175
-4700
-5425
-6775
-6525
-6250
-6325
-7125
-9550
-10150
-10650
-11225
-10600
-11575
-12675
-14700
-16025
-14900
-15700
-16350
-17550
-18900
-20050
-20375
-19250
-20000
-22250
-22450
-23500
-23975
-23250
-22800
-24100
-25475
-25950
-25925
-26150
-24700
-24775
-27100
-26975
-26750
-25850
-25950
-25900
-25825
-27200
-26750
-25400
-25550
-25250
-25000
-25900
-25700
-25875
-23150
-23475
-24750
-23825
-24250
-23725
-22600
-22200
-21625
-23050
-22450
-21350
-21250
-20425
-20275
-20650
-20450
-20500
-18675
-17825
-19025
-18300
-18550
-17650
-17325
-15825
-15175
-16675
-15925
-14800
-15050
-13700
-12475
-13000
-13250
-12975
-10900
-10675
-10775

-9250
-9900
-10175
-8200
-7325
-6925
-7375
-6475
-6475
-7050
-4025
-3500
-4425
-4550
-4025
-3475
-3275
-1800
-1275
-2900
-2550
-1825
-2150
-1000
-1100
-1525
-2425
-2600
-1325
-1700
-2200
-2625
-4025
-4050
-4050
-3500
-3875
-5975
-6325
-7050
-7800
-7150
-7850
-8725
-10625
-11900
-11200
-12175
-12275
-12925
-15175
-16150
-16800
-15850
-16925
-18425
-18850
-20775
-21250
-20700
-20350
-21750
-22850
-23350
-24175
-24825
-23225
-23375
-25825
-26075
-25775
-25750
-25650
-25325
-25400
-27250
-26850
-25550
-26075
-25625
-25625
-26000
-26575
-26525
-24650
-24675
-25200
-24800
-25500
-24525
-24100
-23750
-23250
-24225
-23325
-23000
-23125
-21725
-21725
-21550
-21850
-22075
-20725
-19975
-20150
-19575
-20100
-19350
-19000
-18250
-17350
-18350
-17575
-16900
-17150
-15875
-14925
-14975
-15600
-14975
-13325
-13525
-12850
-11625
-12325
-12450
-10425
-10250

-9700
-9450
-8525
-8850
-9000
-6325
-6050
-6800
-5875
-5625
-5625
-4925
-3150
-2725
-4300
-3050
-2800
-3175
-1875
-1050
-1650
-2525
-2150
-1150
-1425
-850
-800
-2725
-2425
-1950
-1800
-2100
-3025
-3250
-4550
-4750
-4100
-4750
-5100
-6625
-7675
-7800
-8750
-8125
-8650
-10900
-11900
-12825
-12150
-13075
-14300
-14550
-16500
-17400
-17525
-17325
-18400
-19725
-20200
-20950
-22100
-21150
-21475
-23300
-23750
-24000
-24525
-24525
-24050
-24400
-26150
-26100
-25325
-26425
-25575
-25425
-25625
-26700
-26525
-25375
-25700
-25600
-24900
-26150
-25850
-24975
-24325
-24450
-25125
-24050
-24250
-24575
-22950
-22925
-22975
-23000
-23025
-22000
-21975
-21150
-20675
-21700
-21125
-20550
-19850
-19300
-19625
-19075
-18675
-19050
-17625
-17125
-16650
-17350
-16575
-15850
-15800
-14575
-13750
-14875
-14300
-13175
-12800
-12025
-11775
-10750
-11250
-11375

-9250
-8775
-8800
-7800
-8050
-7725
-7150
-5600
-5050
-6250
-4825
-4450
-4625
-3525
-2425
-2650
-3225
-2725
-1875
-2250
-925
-650
-2175
-2000
-1450
-1075
-1025
-1500
-1300
-2650
-2975
-2075
-2425
-2550
-3500
-4125
-4925
-5475
-4850
-5525
-7025
-7925
-8700
-8850
-9250
-10100
-10550
-12850
-13075
-13500
-14175
-14250
-15500
-16175
-18150
-18575
-18075
-18900
-19700
-20500
-21350
-22625
-22475
-21750
-22825
-24425
-23750
-24200
-25550
-24575
-24425
-25050
-26025
-26000
-25500
-26125
-25450
-24950
-26600
-26475
-25550
-25350
-24950
-25475
-24875
-25525
-25300
-24100
-24125
-23875
-23875
-24300
-23625
-23725
-22075
-22150
-22950
-22175
-22200
-21400
-20850
-20750
-20475
-20500
-20600
-19275
-19300
-18475
-18600
-18575
-17925
-17875
-16600
-15800
-16675
-16075
-15475
-14800
-14925
-13575
-12900
-13775
-13450
-11600
-11625
-11300
-9725
-10325

-10275
-9575
-7850
-7550
-8200
-6275
-6825
-7125
-5350
-4250
-4550
-4750
-4000
-3550
-4000
-2000
-1500
-2800
-2450
-1875
-1225
-1425
-900
-300
-2275
-1825
-725
-1750
-1300
-1550
-2050
-3150
-3075
-2400
-3075
-4025
-4300
-5275
-5875
-6050
-5925
-6850
-8625
-8900
-9525
-10700
-10600
-11300
-12025
-13875
-14900
-14425
-15725
-15825
-16600
-18125
-19125
-19725
-19050
-20100
-21275
-21475
-22450
-23325
-22925
-22725
-23675
-24550
-24800
-25050
-25475
-24525
-24475
-26275
-26050
-25850
-25575
-25775
-25200
-25250
-26450
-25825
-24650
-25325
-24875
-24375
-24725
-24875
-24950
-23100
-23200
-23875
-23075
-23625
-22825
-22250
-21900
-21450
-22150
-21650
-20850
-20950
-20025
-19925
-19525
-19700
-19750
-18375
-17525
-18400
-17700
-17375
-16875
-16800
-15625
-14925
-15725
-15075
-14125
-14050
-13525
-11875
-12350
-12600
-12200
-10400
-10275
-10275

-8650
-8850
-9500
-7700
-6750
-6675
-6850
-5500
-5400
-6150
-3575
-3150
-3950
-3775
-3025
-2875
-2650
-1300
-975
-2425
-1825
-975
-1725
-775
-375
-675
-1925
-1625
-925
-1350
-1775
-1900
-2875
-3375
-3200
-3325
-3800
-5100
-5150
-6050
-7150
-7075
-7400
-8175
-9550
-10750
-10600
-11900
-11900
-12425
-14275
-15125
-16050
-15575
-16650
-17925
-17875
-19450
-20425
-20425
-20175
-21475
-22250
-22075
-23125
-24300
-23100
-22925
-25150
-25150
-24825
-25100
-25600
-24900
-24925
-26225
-26200
-25125
-25900
-25275
-24975
-25175
-25625
-25700
-24250
-24325
-24700
-24200
-24575
-24200
-23500
-23425
-22650
-23525
-22625
-22325
-22575
-21375
-21100
-21025
-21025
-21275
-20025
-19700
-19350
-19225
-19175
-18825
-18500
-18000
-16800
-17600
-16900
-16150
-16650
-15650
-14425
-14150
-14925
-14025
-12825
-13075
-12325
-11000
-11650
-11650
-10000
-9625

-9375
-8875
-7875
-7950
-8450
-6100
-5775
-6100
-5250
-4950
-4650
-4600
-3100
-2375
-3675
-2650
-1950
-2400
-1850
-650
-1000
-1975
-1400
-675
-1150
-750
-375
-1925
-1725
-1800
-1450
-1925
-2300
-2550
-3500
-4300
-4250
-4450
-4750
-5625
-6775
-7125
-8400
-8150
-8500
-10350
-11150
-11875
-11725
-13075
-14000
-13925
-16000
-16575
-16825
-17250
-18125
-18975
-19350
-20700
-21625
-21050
-21175
-22525
-23150
-23275
-24025
-24375
-23900
-24150
-25600
-24875
-24775
-26025
-25450
-24825
-25150
-26125
-25625
-25275
-25775
-24875
-24400
-25575
-25475
-24500
-24450
-23950
-24150
-23275
-23650
-23925
-22850
-22725
-22150
-22325
-22300
-21775
-21525
-20800
-20275
-20950
-20475
-19900
-19450
-18875
-19000
-18125
-18075
-18500
-17500
-16725
-16250
-16450
-16025
-15325
-15650
-14500
-13400
-13750
-13900
-12325
-12350
-12000
-11250
-10050
-10750
-10550

-8450
-8525
-8525
-7300
-7175
-7075
-6500
-5225
-4650
-5575
-3850
-3850
-4100
-3300
-2075
-2300
-2475
-1850
-1425
-2150
-800
-175
-1600
-1050
-850
-650
-1100
-825
-525
-1925
-2300
-1725
-2325
-2175
-2775
-3775
-4400
-5025
-4925
-5200
-6400
-7100
-8175
-8425
-9075
-9850
-9850
-11650
-12500
-13125
-13975
-14225
-15075
-15525
-17175
-18275
-17925
-18550
-19275
-19925
-20425
-21650
-22175
-21700
-22125
-23750
-23400
-23575
-25125
-24625
-23925
-24375
-25375
-25550
-25150
-25800
-25450
-24550
-25800
-25650
-25300
-24825
-24950
-25025
-24225
-24750
-25075
-24100
-23800
-23450
-23200
-23525
-23175
-23250
-21825
-21850
-22075
-21575
-21700
-21075
-20200
-20750
-19725
-19850
-19775
-19350
-18875
-17900
-17850
-17950
-17350
-17450
-16425
-15625
-15800
-15775
-14925
-14375
-14300
-13225
-12475
-12975
-12675
-11475
-11575
-10775
-9300
-9650

