
Curva de Excitacao - Bobina Girante (Dados Brutos)

Arquivo..............: C:\Arq\Wiggler\Medidas Wiggler - Corretoras\Bobina Tungstenio\Gap200\Translado200_X=-9_#012.dat
Data.................: 26/01/2005
Hora.................: 09:26:16
Ganho................: 20
N. de Coletas........: 1
N. de Voltas.........: 10
Intervalo de Análise.: 4 - 8

-11200
-9500
-7800
-8650
-10550
-8100
-8000
-8000
-6475
-6325
-6350
-6100
-3825
-3200
-5175
-4075
-4400
-4850
-2725
-1000
-1125
-2950
-4100
-3725
-3725
-1500
-50
-2250
-3050
-4200
-3950
-3450
-3200
-3100
-5150
-6175
-5675
-5550
-5075
-6825
-8425
-9500
-10650
-9000
-8450
-10375
-12575
-14500
-14625
-14550
-14475
-13650
-16600
-18300
-18975
-18850
-19050
-19850
-19950
-22125
-23675
-22350
-21875
-23225
-24000
-25100
-26025
-25800
-24625
-24350
-26350
-26675
-26425
-28225
-26575
-25550
-26000
-27350
-27475
-26350
-26950
-26200
-25600
-27025
-27100
-25700
-25325
-24850
-25450
-24750
-25800
-26425
-23925
-23400
-22850
-23425
-24525
-24175
-23700
-22225
-21125
-22050
-22025
-22100
-21775
-20275
-20375
-19525
-19800
-20825
-19550
-18125
-17075
-17850
-17950
-17250
-18025
-16450
-14150
-14425
-15225
-14625
-14400
-13975
-13025
-10650
-11475
-12950

-10525
-10425
-9825
-8525
-8350
-8850
-9250
-7200
-5725
-6675
-5100
-5550
-6475
-5550
-3825
-2600
-3775
-3550
-3225
-4500
-2675
-1125
-2350
-2900
-2975
-2600
-2500
-2150
-1225
-3600
-4525
-3750
-3675
-2950
-3675
-4950
-6400
-7775
-6500
-5975
-6900
-8200
-9900
-10600
-11050
-11000
-10250
-12975
-13975
-14750
-15700
-15400
-15775
-16300
-18675
-20350
-19400
-19650
-20125
-20725
-22025
-23775
-24050
-22775
-22550
-24325
-24500
-25150
-27125
-26075
-24825
-24950
-26725
-27350
-26300
-27725
-26025
-25075
-26850
-27300
-27225
-26100
-26075
-26025
-25300
-26200
-26750
-25450
-25125
-24000
-24125
-25100
-24775
-24800
-23475
-22500
-22950
-22950
-23550
-22525
-21750
-21750
-20625
-20925
-21725
-20975
-20250
-18775
-19125
-19250
-18875
-19675
-18300
-16525
-16950
-16675
-16600
-16125
-16450
-15075
-13150
-13875
-14600
-13125
-13050
-12400
-10275
-10300

-10850
-11450
-9500
-8600
-9025
-6575
-7450
-8325
-7450
-5975
-4975
-5125
-4375
-4775
-5825
-3825
-2300
-2600
-2875
-3100
-3000
-3175
-2025
-850
-2375
-3075
-2500
-3425
-2175
-1875
-2450
-3825
-4900
-4200
-4075
-4125
-4625
-6450
-7125
-7550
-7475
-6875
-8525
-9925
-11025
-12175
-12025
-11950
-11900
-14050
-16325
-15950
-16725
-16500
-16700
-18100
-19825
-21300
-20375
-20275
-21625
-22000
-22925
-24650
-24525
-23425
-23500
-24725
-25700
-26050
-27100
-25500
-24325
-26500
-26850
-27150
-26850
-26650
-25825
-25225
-26925
-27075
-26200
-26325
-25375
-24450
-25575
-26150
-26275
-24325
-23900
-24575
-23625
-24575
-24050
-23600
-22800
-21825
-22475
-22475
-22400
-22350
-20875
-20350
-20450
-20425
-21200
-20025
-18800
-18825
-18125
-18350
-18375
-18425
-17100
-15475
-16000
-15950
-15550
-15600
-14950
-12975
-12550
-13275
-13225
-12075
-11700
-11600

-8775
-9550
-10175
-9550
-8900
-7525
-7100
-5950
-6325
-7750
-5700
-4400
-4625
-3850
-3925
-4200
-4450
-3025
-1450
-2475
-2475
-2300
-3550
-2550
-1075
-975
-2500
-3250
-2475
-2950
-2425
-1850
-3500
-4500
-5200
-4675
-4300
-5125
-5700
-7175
-8625
-8600
-8125
-8000
-9775
-11575
-12275
-13475
-12700
-12600
-14150
-15750
-17375
-17100
-17575
-17925
-18050
-20025
-21400
-21750
-21150
-21550
-22250
-22925
-24350
-25675
-24475
-23250
-24925
-25400
-25900
-26400
-26650
-25575
-24700
-26750
-26825
-26425
-26825
-25950
-25125
-25425
-26575
-27075
-25550
-25100
-24875
-24250
-25525
-25225
-24650
-24475
-23075
-23675
-23325
-23750
-24000
-22350
-22125
-21275
-21750
-22550
-21850
-20900
-20275
-19350
-19750
-19900
-19825
-19275
-17725
-17775
-17450
-17325
-17800
-17325
-15350
-14625
-15200
-15425
-14375
-14375
-13975
-11250
-11875
-12675
-11650
-11300

-10750
-9400
-7875
-8525
-10175
-7750
-7125
-6650
-5550
-5325
-5900
-6550
-4425
-3100
-3825
-3125
-3225
-4000
-3425
-1450
-675
-2100
-2625
-2000
-3050
-1850
-250
-1675
-2875
-3250
-3025
-2975
-2775
-2450
-4450
-5525
-5650
-5600
-4975
-6000
-7250
-8550
-9950
-9200
-8575
-10000
-11775
-13075
-13350
-14050
-14275
-13750
-16075
-17950
-18275
-18125
-18700
-19025
-19250
-21450
-22925
-22225
-21775
-22625
-22975
-24200
-25100
-25400
-24725
-24050
-25500
-25850
-25525
-27150
-26075
-24975
-25250
-26725
-26900
-26025
-26750
-25200
-24650
-25850
-26350
-25850
-25025
-24525
-24575
-23700
-24525
-25375
-23675
-23300
-22375
-22900
-23275
-22900
-23050
-21550
-20800
-21200
-21425
-21350
-20525
-19800
-19500
-18400
-18775
-19975
-19175
-17700
-16800
-16875
-16750
-16425
-17125
-15950
-13825
-14000
-14625
-13675
-13575
-13325
-12150
-9950
-10600
-12325

-10025
-9825
-9550
-7675
-7125
-8075
-8550
-6475
-5600
-6150
-4125
-4350
-5750
-5000
-3125
-2150
-2950
-2450
-2700
-3850
-2250
-425
-1425
-2125
-1975
-2125
-2550
-1650
-550
-2500
-3325
-3250
-3500
-3075
-3050
-3625
-5325
-6850
-6250
-5675
-6225
-7150
-8875
-9850
-10525
-10600
-9850
-11650
-13175
-14125
-15025
-15125
-15275
-15400
-17625
-19425
-19075
-19250
-19775
-19950
-20775
-22775
-23675
-22250
-22100
-23700
-23900
-23950
-26450
-25550
-24200
-24350
-25800
-26450
-25750
-27000
-25775
-24550
-25850
-26475
-26100
-25775
-25575
-25175
-24200
-25200
-26125
-24900
-24700
-23600
-23550
-23900
-23975
-24575
-22750
-22025
-22275
-22250
-22475
-22275
-21675
-20900
-20000
-20250
-20750
-20400
-19900
-18675
-18175
-18400
-18125
-18750
-17675
-16425
-15950
-16025
-15575
-15350
-15650
-14400
-12625
-12900
-13700
-12175
-12550
-11875
-10175
-9500

-10125
-10350
-9150
-8200
-8275
-5900
-6425
-7275
-6650
-5400
-4300
-4600
-3400
-3750
-4875
-3675
-1825
-1775
-2350
-2100
-1950
-2725
-1725
0
-1175
-2200
-1775
-2575
-2025
-1300
-1325
-2700
-4100
-3625
-3875
-3725
-4100
-5225
-6025
-6975
-7150
-6525
-8050
-8875
-9875
-11175
-11575
-11525
-11275
-13400
-15200
-15150
-16200
-16450
-16125
-17100
-19125
-20425
-19875
-20100
-21025
-21250
-21925
-23725
-23950
-23175
-22925
-24025
-25050
-25075
-26550
-25100
-23900
-25425
-26225
-25950
-26050
-26250
-25700
-24225
-26125
-26075
-25650
-25675
-25100
-23900
-24400
-25400
-25550
-23750
-23600
-23550
-22800
-23775
-23300
-23250
-22325
-21325
-21800
-21700
-21650
-21475
-20750
-19875
-19600
-19725
-20175
-19400
-18350
-18500
-17550
-17425
-17300
-17675
-16800
-15375
-15350
-15300
-14525
-14800
-14725
-13000
-11725
-12225
-12700
-11125
-10850
-11475

-8475
-8625
-9675
-8850
-7875
-7100
-7025
-5075
-5475
-6875
-5150
-4050
-3900
-3550
-2975
-3150
-4000
-2500
-1250
-1700
-1900
-1450
-2375
-2025
-800
-100
-1350
-2525
-1750
-2675
-2200
-1350
-2375
-3675
-4400
-4350
-4275
-4625
-4775
-6300
-7775
-8075
-8250
-7675
-8725
-10625
-11400
-12625
-12550
-12550
-13325
-14950
-16725
-16425
-17175
-17475
-17625
-18950
-20700
-21225
-20750
-21250
-21700
-22000
-23175
-24900
-24200
-22800
-24400
-24700
-25100
-25425
-26075
-25775
-24225
-26075
-26050
-25800
-25950
-25825
-24875
-24400
-25800
-26350
-25100
-24600
-24750
-23600
-24350
-24550
-24650
-23625
-22500
-23150
-22325
-23025
-22975
-22100
-21625
-20825
-20975
-21650
-20850
-20325
-19875
-19175
-18900
-19050
-19050
-18775
-17375
-17225
-16750
-16250
-16950
-16650
-15250
-14200
-14575
-14250
-13450
-13675
-13500
-11200
-11300
-11300
-10900
-10575

