
Curva de Excitacao - Bobina Girante (Dados Brutos)

Arquivo..............: C:\Arq\Wiggler\Medidas Wiggler - Corretoras\Bobina Tungstenio\Gap200\Translado200_X=-7_#014.dat
Data.................: 26/01/2005
Hora.................: 09:29:53
Ganho................: 20
N. de Coletas........: 1
N. de Voltas.........: 10
Intervalo de Análise.: 4 - 8

-11425
-8000
-6575
-7675
-9650
-9050
-8800
-6900
-4400
-5150
-6150
-6350
-4875
-3475
-3025
-2750
-4400
-5925
-2975
-925
75
-800
-3575
-5000
-4600
-875
1150
-725
-2475
-5375
-5650
-3325
-1650
-1425
-4800
-7075
-7525
-6325
-4025
-4825
-8000
-10800
-12400
-9850
-7500
-8650
-11050
-15700
-17125
-15650
-13550
-11925
-15600
-19125
-21275
-21000
-18575
-17900
-18825
-23075
-25975
-24100
-22225
-21575
-21900
-26025
-28450
-27775
-24775
-23025
-24575
-25925
-29150
-30175
-26850
-24025
-24625
-26800
-28700
-29000
-27625
-24450
-23750
-26700
-27925
-27675
-26375
-24050
-23000
-23800
-26450
-27800
-24900
-23075
-21175
-21875
-24350
-25150
-24250
-21600
-19450
-20400
-21375
-22775
-22450
-19925
-18875
-17700
-18850
-21150
-20125
-18325
-16175
-15600
-16725
-17375
-18850
-16250
-13675
-13500
-13300
-14500
-15350
-14250
-11800
-9375
-10425
-11525

-11575
-11400
-9325
-6700
-7425
-8300
-9250
-7825
-6200
-4750
-3450
-4875
-7100
-5700
-4150
-1900
-1425
-2575
-4250
-5275
-2625
-450
-900
-1175
-3550
-4325
-3025
-1225
250
-2250
-4300
-5525
-5125
-2375
-1750
-3725
-6675
-9200
-7925
-5775
-5100
-6450
-10100
-12575
-12500
-11100
-8950
-11175
-14000
-16850
-18175
-15475
-14275
-14550
-18550
-22000
-21750
-20825
-18450
-18225
-22000
-25400
-26450
-24000
-22125
-22575
-23325
-27025
-29275
-26950
-24550
-23450
-25175
-27850
-29200
-28875
-25350
-23925
-25700
-27575
-28875
-28250
-25825
-23725
-23825
-26050
-28000
-26975
-25575
-22425
-22400
-24825
-25800
-25925
-23775
-21700
-21150
-21975
-24175
-24100
-22050
-20675
-18875
-19875
-21850
-22325
-20850
-18425
-17050
-17900
-18650
-20350
-18500
-16475
-15300
-14925
-16000
-17000
-16575
-14525
-12175
-12425
-13150
-13475
-14075
-12025
-9250
-9050

-10200
-10800
-10400
-9125
-7500
-5050
-6475
-8275
-7350
-6575
-4675
-3050
-3025
-4825
-6400
-3700
-2250
-1825
-875
-2500
-4350
-3450
-1550
375
-950
-1850
-3650
-4625
-1850
-350
-750
-3025
-5725
-5475
-4600
-2700
-2675
-5725
-8225
-9225
-8425
-6450
-6550
-8575
-11850
-14225
-12825
-11300
-10400
-12900
-17225
-18000
-17975
-16025
-15050
-17500
-20525
-23525
-21825
-20525
-19725
-20200
-23625
-26675
-25700
-24325
-22425
-22900
-25450
-28200
-29025
-25550
-23975
-24675
-26350
-28400
-29125
-27050
-24425
-24075
-26375
-27850
-28025
-27725
-24550
-22725
-24475
-26525
-27475
-25450
-23925
-22500
-22150
-24575
-25500
-24250
-22600
-20825
-21025
-22050
-23175
-23100
-20475
-19125
-18900
-19700
-21625
-20625
-18875
-17900
-16275
-17250
-18375
-18950
-17325
-15200
-14725
-14475
-15075
-16400
-14500
-12375
-11500
-12200
-12575
-12725
-12150
-10375

-7800
-8275
-9725
-9450
-9550
-7525
-5575
-4600
-5625
-7575
-6175
-4625
-3775
-1925
-2825
-4550
-4725
-3025
-875
-1150
-900
-2700
-4300
-2300
-350
150
-850
-3300
-3875
-3925
-1500
-375
-2025
-4125
-6475
-6125
-4300
-3725
-4125
-6875
-9900
-9850
-8450
-7175
-8425
-11275
-13525
-15000
-13000
-11525
-13050
-15300
-18650
-19200
-18550
-16750
-16225
-19750
-22600
-23400
-22675
-21225
-20475
-21675
-25475
-27600
-25100
-23400
-23675
-24300
-26500
-28725
-27775
-25200
-23925
-25525
-26550
-28550
-28725
-25875
-23700
-24325
-26175
-27750
-27550
-25600
-23800
-22800
-25200
-25925
-25775
-24900
-22250
-22100
-22425
-23975
-24725
-22900
-21075
-20075
-20475
-22425
-22550
-21550
-19500
-18050
-18750
-19300
-20125
-19725
-17325
-16675
-15925
-16750
-18225
-17250
-15250
-13775
-13925
-14050
-14375
-15150
-13250
-10425
-10800
-11350
-11050
-11900

-10675
-8475
-6700
-7775
-9250
-8150
-7425
-6275
-3775
-4275
-5575
-6250
-4875
-3025
-2725
-1125
-2600
-4900
-3450
-1250
-350
-350
-1750
-2775
-3700
-1225
450
-500
-1675
-3700
-4300
-3200
-1475
-1175
-3550
-6100
-6725
-6275
-4325
-4250
-6475
-9075
-11150
-10025
-8350
-8850
-10275
-13725
-15075
-15200
-14025
-12425
-14925
-17950
-20050
-20125
-18625
-17800
-18200
-21500
-24700
-23675
-22575
-21400
-21750
-24075
-26700
-26900
-25125
-23250
-24250
-25075
-27425
-29025
-26800
-24225
-24125
-25825
-27525
-28200
-27250
-24800
-22950
-25225
-26750
-26875
-26225
-24275
-22950
-22675
-24800
-26325
-24550
-23175
-21400
-21325
-23000
-23625
-23525
-21525
-19675
-19650
-20600
-21725
-21675
-19600
-18775
-17250
-17800
-19825
-19250
-17850
-15975
-15575
-15625
-16125
-17475
-15800
-13375
-12975
-12950
-13200
-13975
-13525
-11475
-9200
-9625
-11025

-10425
-10075
-9075
-6350
-6200
-7175
-8200
-7075
-5650
-4875
-2725
-3500
-5625
-5025
-3325
-1725
-1250
-1625
-2700
-4325
-1950
-200
-275
-650
-2050
-3350
-2500
-1025
600
-1300
-3075
-4450
-4500
-2500
-1875
-2600
-5125
-7525
-7275
-5750
-5275
-5875
-8725
-10750
-11700
-10975
-9150
-10400
-12725
-15450
-16850
-15475
-14675
-14000
-16875
-20325
-20925
-20475
-18950
-18575
-20375
-23625
-25400
-23575
-22175
-22450
-22550
-25125
-27950
-26825
-24275
-23400
-24600
-26300
-27750
-28275
-25725
-23625
-24850
-26200
-27725
-27200
-25650
-23950
-23250
-24900
-26675
-26150
-25025
-22700
-21925
-23375
-24475
-25375
-23050
-21450
-20900
-20850
-22650
-23100
-21725
-20400
-18725
-19025
-20425
-20850
-20375
-18125
-17050
-17100
-17450
-18925
-17950
-16075
-15000
-14425
-14925
-15725
-15875
-14100
-11850
-11875
-12200
-12250
-13025
-11525
-9075
-8575

-9050
-9850
-9475
-8850
-7300
-4950
-5575
-6875
-6600
-5950
-4025
-2950
-2625
-3200
-5100
-3475
-1725
-1125
-775
-1550
-2975
-2950
-1000
675
-100
-900
-2450
-3650
-1850
-375
-225
-1900
-4100
-4750
-4225
-3000
-2450
-4475
-6375
-8225
-7900
-6150
-6500
-7925
-10325
-12850
-12550
-11325
-10200
-12375
-15375
-16875
-17600
-16075
-15250
-16300
-19275
-21850
-21625
-20725
-19800
-19750
-22250
-25125
-25450
-23825
-22525
-22650
-24350
-26525
-27900
-25575
-23700
-24600
-25250
-26925
-27775
-27100
-24650
-23675
-25350
-26375
-26850
-26925
-24525
-22700
-23975
-25075
-26425
-24800
-23775
-22500
-21450
-23425
-24150
-23650
-22275
-20625
-20400
-20950
-22000
-22350
-20600
-18850
-18575
-18850
-20275
-19900
-18525
-17250
-15975
-16650
-17175
-17725
-16950
-14625
-14075
-14050
-14200
-15150
-14375
-12350
-10725
-11150
-11850
-11550
-11425
-10525

-7550
-7650
-8750
-8625
-8450
-7100
-5525
-4150
-4725
-6575
-5275
-4200
-3350
-1925
-1975
-3525
-4000
-2575
-600
-650
-400
-1350
-3275
-1925
-350
775
-350
-2000
-2875
-3225
-1900
-25
-1675
-3300
-5075
-5375
-4275
-3550
-3775
-6050
-8700
-8950
-8600
-7100
-7825
-10350
-12450
-14000
-13000
-11700
-12550
-14550
-17400
-18300
-18050
-17125
-16100
-18675
-21275
-22775
-22025
-21200
-20625
-21275
-23850
-26350
-25225
-23300
-23575
-23800
-25475
-27050
-27175
-25425
-23725
-24850
-25900
-27050
-27625
-25975
-23875
-23800
-25275
-27100
-26200
-25425
-23700
-22300
-24000
-24850
-25225
-24150
-22325
-21625
-21600
-22925
-23925
-22250
-21225
-19825
-19800
-21100
-21525
-20650
-19525
-17775
-18050
-18375
-19400
-19050
-17250
-16300
-15400
-15850
-16925
-16825
-15025
-13525
-13250
-13300
-13300
-14100
-13200
-10575
-10100
-10675
-10250
-10825

