
Curva de Excitacao - Bobina Girante (Dados Brutos)

Arquivo..............: C:\Arq\Wiggler\Medidas Wiggler - Corretoras\Bobina Tungstenio\Gap200\Translado200_X=18_#006.dat
Data.................: 26/01/2005
Hora.................: 11:16:40
Ganho................: 20
N. de Coletas........: 1
N. de Voltas.........: 10
Intervalo de Análise.: 4 - 8

-5600
-6475
-7150
-7100
-4375
-675
-2575
-5775
-6200
-5400
-2075
1400
2150
-2200
-6400
-5225
-1800
925
3300
900
-3800
-5775
-3725
25
725
-525
-3850
-7050
-5125
-2225
-1575
-4050
-8775
-10075
-9425
-5775
-4650
-8075
-13050
-2040
-15575
-11800
-10725
-12350
-17075
-22825
-22400
-19075
-16400
-18700
-23950
-26800
-28650
-24950
-22050
-24250
-28900
-33075
-32600
-30000
-27250
-26650
-31675
-36850
-36275
-33475
-29700
-29425
-32125
-37250
-39050
-34025
-30300
-30350
-32000
-35700
-37650
-34725
-29725
-27350
-30700
-33375
-34925
-33925
-28175
-24525
-26475
-30250
-32500
-30075
-26125
-23075
-22200
-25625
-27950
-27050
-23550
-19575
-19475
-21475
-23625
-24100
-20150
-16375
-15875
-17700
-20900
-20025
-17100
-14500
-11675
-13650
-16300
-17525
-15075
-10625
-9900
-9750
-11800
-14350
-12250
-8350
-6525
-7350
-8700
-9625
-9775
-6225

-2800
-4025
-6100
-7125
-6850
-4175
-875
375
-2675
-6100
-4750
-1950
125
2150
-50
-3675
-4675
-1775
1375
1775
500
-2375
-5650
-2825
675
1600
-975
-4875
-6475
-6500
-2375
-475
-3650
-7775
-11050
-10500
-7450
-5825
-7000
-12050
-16575
-16375
-13525
-11250
-13025
-18100
-21925
-23675
-19700
-16975
-19200
-23375
-28200
-28800
-26575
-23425
-22600
-28425
-32825
-33375
-31225
-28025
-27375
-29825
-35525
-37600
-33350
-29850
-29750
-31575
-35725
-37650
-35575
-30550
-28575
-31650
-34175
-36450
-35350
-30275
-26675
-28425
-32025
-34650
-32400
-28200
-25325
-24500
-28825
-30525
-29400
-25775
-22100
-21875
-23725
-26800
-27125
-22525
-19250
-17875
-19900
-22925
-22875
-20250
-16525
-14350
-16175
-18750
-19150
-17750
-13575
-12175
-11875
-14350
-17025
-14200
-10800
-8950
-9150
-10750
-12425
-12550
-8300
-5000
-6200
-7575
-8750
-9175

-6825
-2775
-1525
-4550
-7050
-5875
-4300
-1475
950
-1000
-4450
-4650
-2100
400
1175
1000
-2000
-4875
-1800
1325
2250
825
-2475
-4525
-4200
-25
1900
-1025
-4150
-7175
-6925
-4000
-2250
-2700
-7800
-11275
-11275
-9125
-7000
-7975
-12450
-16525
-18075
-14625
-12575
-14350
-17975
-22800
-23825
-21600
-19275
-18550
-23975
-28250
-29725
-28100
-24375
-24475
-26975
-32475
-35050
-32050
-28800
-27900
-30075
-34900
-36700
-34950
-30825
-29500
-31900
-34100
-37125
-36375
-31500
-28550
-30275
-33575
-35725
-34425
-31025
-27225
-27025
-31175
-32975
-31675
-28975
-25300
-24700
-26125
-29275
-29800
-25175
-22700
-20750
-22750
-25475
-25600
-23150
-19050
-17350
-19025
-21175
-21975
-20175
-16300
-14900
-14600
-16900
-19375
-16950
-13825
-11475
-11525
-13500
-14600
-14925
-10575
-7975
-8675
-9750
-11125
-11175
-8925
-5450
-4000
-6675
-8900

-8025
-6450
-3225
-1200
-2900
-5725
-6175
-3300
-1225
-200
225
-2475
-4975
-2375
825
1850
825
-1275
-3425
-3200
875
3075
425
-2025
-4075
-4275
-1600
600
150
-4325
-7200
-7125
-5250
-2850
-3500
-7500
-11450
-12825
-9950
-7850
-8800
-12600
-16925
-18425
-16575
-14275
-14250
-18550
-22450
-24425
-23800
-20425
-20300
-23250
-28350
-30750
-28150
-26175
-25225
-27075
-31975
-34950
-33625
-28650
-28475
-30700
-33275
-36025
-36350
-31700
-29025
-30675
-34250
-36225
-35275
-32875
-28750
-28900
-32775
-35200
-33550
-30725
-27775
-27000
-28725
-31775
-32175
-27800
-25375
-23600
-25100
-27775
-28250
-25775
-21450
-20375
-21975
-23350
-24750
-22475
-18875
-17125
-17500
-19650
-21250
-19125
-16350
-13925
-13675
-16300
-17300
-17075
-13200
-10500
-11325
-11925
-13800
-13650
-11275
-7675
-6900
-9400
-10425
-9875
-8875
-5325
-3475
-5075

-7925
-7450
-5175
-3050
-1700
-1350
-4325
-5850
-3175
-450
500
100
-1525
-3750
-3225
1050
2725
675
-600
-2625
-2875
-275
2300
1625
-2075
-3725
-3850
-2825
50
-425
-3750
-7075
-8025
-5450
-4225
-4350
-7375
-11825
-13175
-11300
-9275
-9500
-13475
-16750
-18825
-18325
-15575
-15600
-18450
-22825
-25725
-23725
-22350
-21075
-23425
-28350
-30750
-30275
-26275
-26250
-28025
-31125
-34575
-33900
-30350
-28850
-30200
-33250
-35550
-35700
-33200
-28925
-29950
-33800
-35700
-34800
-32625
-29325
-28350
-30975
-34225
-33150
-30100
-28075
-26375
-27350
-30450
-31150
-28250
-24125
-23225
-24650
-25925
-27825
-25075
-21775
-19900
-20325
-22650
-23575
-21975
-19125
-16650
-16375
-18600
-19725
-19525
-15600
-13300
-13825
-14575
-16250
-15900
-13425
-10525
-9500
-11900
-12625
-12275
-11300
-7700
-6325
-7575
-9975
-9825
-7300
-5475
-3975

-3600
-6575
-7350
-4600
-2700
-1800
-1275
-2500
-4875
-4050
75
1225
-25
-925
-2750
-2750
0
2475
1800
-1000
-2300
-2300
-1425
1600
1875
-1325
-4175
-5200
-2625
-1275
-900
-3275
-7500
-8475
-7225
-5175
-5000
-8050
-11575
-13600
-13100
-10750
-10550
-12925
-17400
-20400
-19050
-17625
-16425
-18475
-23475
-26225
-26025
-22625
-22675
-24375
-27075
-31600
-31350
-27875
-26550
-28275
-31450
-33325
-34700
-32400
-28575
-29500
-33425
-35650
-35075
-33250
-30400
-29600
-31700
-35600
-34850
-32100
-30100
-28550
-29375
-32375
-33300
-30800
-27025
-26025
-27175
-28625
-30675
-27825
-24275
-22750
-23325
-25425
-26250
-25025
-21800
-19050
-19525
-21150
-22600
-22050
-18525
-16175
-15900
-17350
-18925
-18375
-15775
-13500
-12125
-14350
-14925
-15025
-13550
-10200
-9050
-10025
-12100
-12075
-9625
-7975
-6275
-5900
-8850
-9575
-7100
-4500

-3950
-3250
-4300
-6675
-5900
-1900
-450
-1450
-1675
-3450
-3650
-1300
1775
1225
-1150
-1850
-1600
-1150
2150
2550
-75
-2600
-2775
-825
425
1375
-200
-4275
-5350
-3600
-1825
-1425
-3975
-6475
-9375
-8600
-6125
-6150
-8275
-11650
-14450
-14150
-12750
-11600
-13325
-18175
-20725
-20850
-18400
-17825
-19900
-22575
-27100
-26950
-24550
-23250
-24625
-28175
-30725
-32175
-29925
-26950
-28000
-31225
-33825
-34825
-32850
-30125
-29125
-32075
-35650
-34950
-33125
-31350
-29750
-30725
-34225
-35050
-32350
-29250
-28775
-28900
-30575
-33175
-30850
-26925
-25275
-26250
-27900
-28350
-28050
-25125
-22025
-22400
-23825
-25450
-24375
-21500
-19400
-18500
-19725
-21975
-21175
-18300
-16150
-15075
-16600
-17350
-17625
-16400
-12850
-11725
-12725
-14500
-14600
-12600
-11050
-8500
-8325
-11425
-11450
-9500
-7675
-6500
-5450
-6550
-8750
-7800

-4325
-3400
-3150
-3325
-5250
-5700
-2700
250
-350
-2025
-2325
-2875
-2175
1525
2175
0
-1875
-2000
-925
800
2525
1125
-2675
-2850
-1550
-50
700
-825
-3150
-6100
-4900
-2750
-2625
-4025
-7175
-9875
-9700
-8050
-6600
-8450
-12550
-15425
-15900
-13800
-12800
-14250
-17425
-21975
-22175
-20375
-19425
-19975
-23425
-26350
-28450
-26675
-24025
-25300
-28250
-30825
-32300
-31225
-28750
-27450
-30925
-34650
-34450
-32825
-31275
-29975
-30775
-34475
-35900
-33825
-30725
-30025
-29875
-32475
-34725
-33150
-29375
-27700
-28300
-30200
-31200
-30275
-27625
-24700
-25525
-26300
-27900
-27500
-24500
-22150
-20975
-22725
-24550
-23825
-21725
-18725
-17700
-19025
-20175
-20375
-18900
-15725
-14675
-15100
-16525
-17125
-15150
-13525
-11100
-11300
-13800
-13725
-12175
-10025
-8825
-8050
-9125
-11350
-9825
-6800
-5875
-5000
-5575
-7375

