
Curva de Excitacao - Bobina Girante (Dados Brutos)

Arquivo..............: C:\Arq\Wiggler\Medidas Wiggler - Corretoras\Bobina Tungstenio\Gap200\Translado200_X=9_#003.dat
Data.................: 26/01/2005
Hora.................: 10:12:28
Ganho................: 20
N. de Coletas........: 1
N. de Voltas.........: 10
Intervalo de Análise.: 4 - 8

-2875
-3350
-5350
-6775
-5275
-250
550
-1700
-3600
-4925
-2500
1600
4475
2425
-2675
-4050
-2000
1600
5825
4850
525
-3400
-3700
1025
3775
4650
900
-4425
-4150
-1250
2350
2025
-2525
-6625
-8075
-4375
-425
-875
-5350
-11525
-13625
-10025
-6125
-5025
-9000
-16375
-19150
-17250
-11700
-10875
-15250
-20050
-24500
-22650
-17575
-16125
-19225
-26075
-28400
-27375
-23000
-19225
-21975
-28675
-32275
-31200
-25925
-22425
-23375
-28800
-34100
-31900
-27450
-24150
-24025
-28100
-32650
-32625
-27550
-22525
-22925
-26325
-30400
-31950
-26825
-20850
-20000
-22800
-27650
-28450
-25300
-20725
-17000
-19650
-23575
-25200
-23475
-18250
-15400
-16475
-19625
-22425
-20275
-16125
-12975
-12975
-17000
-18675
-17850
-15175
-10000
-10100
-12675
-15925
-15550
-11725
-9275
-6975
-8325
-12750
-12625
-9150
-6125
-4900
-5325
-7800
-9875
-7775

-2750
-1525
-2975
-4450
-6875
-5400
-1375
2250
800
-3100
-3475
-2975
-525
4350
3675
-25
-2775
-2125
1300
3750
5025
1625
-3325
-2525
800
4000
4250
550
-3550
-5725
-2000
2275
2050
-925
-6875
-9100
-6400
-2875
-900
-4525
-11050
-14000
-12425
-7900
-6350
-9950
-15375
-20125
-18025
-13425
-12325
-14200
-20675
-24400
-24575
-20025
-15475
-18900
-24500
-28625
-29200
-24825
-20725
-20825
-26875
-32400
-31100
-27325
-23950
-22800
-27250
-32375
-33075
-28625
-23725
-23850
-25775
-31050
-33250
-28800
-23225
-21775
-24350
-28875
-30375
-27625
-22850
-19025
-22125
-25150
-27275
-25975
-20650
-17425
-18000
-21750
-24750
-22600
-18950
-15000
-14675
-18575
-20850
-20500
-16825
-12525
-12125
-14400
-17475
-18125
-14325
-11400
-8725
-10625
-14825
-14700
-12075
-8700
-6825
-7325
-10150
-12400
-10025
-5500
-4100
-4250
-6100
-8950

-7925
-3525
50
-1050
-4125
-4750
-5125
-2100
2600
2125
-625
-3350
-2550
-100
2975
5100
2150
-2600
-1975
925
4025
5100
2700
-1500
-3700
0
3675
3950
1925
-2875
-5425
-3725
225
2475
-800
-5850
-9175
-8550
-3925
-1950
-4575
-9725
-14700
-13700
-9375
-7675
-9350
-15400
-19325
-19875
-16675
-11975
-14750
-20075
-24525
-25550
-21775
-18300
-17825
-23575
-29525
-29425
-26125
-22325
-21475
-25425
-31150
-32425
-28825
-24275
-23675
-25525
-30700
-33825
-30050
-24625
-22925
-25400
-29475
-31775
-30200
-24425
-21125
-23650
-27100
-29025
-28200
-23450
-19900
-19850
-23750
-27225
-25250
-22000
-17550
-16950
-20625
-22950
-23375
-19125
-15425
-14550
-16450
-19650
-20350
-16975
-13800
-11125
-12900
-16725
-17100
-14775
-10975
-9050
-9825
-11950
-14700
-12375
-8250
-6500
-6625
-8650
-10625
-10475
-6375
-2650
-3325
-5975

-6925
-7350
-4550
100
100
-2150
-4825
-4275
-1975
800
3500
1225
-2925
-2700
-300
3125
4325
3125
-400
-3050
125
3675
4500
3300
-500
-3125
-2025
1850
4450
1750
-2325
-5300
-5250
-1350
1125
-650
-5225
-9875
-9325
-5875
-3650
-4700
-9725
-14400
-15125
-12225
-8200
-10225
-14725
-19250
-21750
-18200
-14650
-14025
-19700
-25175
-25775
-23950
-20025
-18425
-22625
-28675
-30600
-26875
-23550
-22750
-23950
-29400
-33325
-30225
-24875
-23300
-25525
-29600
-32200
-31250
-25625
-22475
-24925
-28300
-30750
-29575
-25675
-21750
-21450
-25475
-29025
-27300
-24325
-19625
-18825
-22275
-25225
-25375
-21500
-17850
-16900
-18300
-21650
-22425
-19200
-16025
-13450
-15125
-18550
-19200
-17350
-13250
-11175
-11925
-14300
-17075
-14550
-10775
-9150
-8675
-10650
-12900
-12700
-8800
-5200
-6100
-7650
-9000
-9900
-6850
-2450
-2175

-4725
-6400
-5950
-4400
-1600
1600
-575
-4450
-3475
-1750
1275
3025
2725
-875
-3575
-50
3075
3950
3825
700
-2175
-950
2725
5525
2900
650
-2275
-3250
975
3700
2250
-1700
-5450
-5300
-3075
125
-525
-5150
-9425
-10450
-7850
-4600
-5475
-9325
-14050
-16650
-13850
-10700
-9850
-14300
-20225
-21475
-20125
-16375
-15025
-18900
-24325
-27575
-24350
-21325
-20200
-21775
-27250
-30800
-28650
-24375
-22300
-24250
-28250
-31850
-31300
-25750
-22925
-25025
-28275
-31075
-30975
-27025
-22850
-23000
-27200
-29725
-29000
-26475
-22050
-20625
-23875
-27300
-27500
-23650
-20175
-19025
-20025
-24000
-24650
-21600
-18225
-15725
-17250
-19975
-21450
-19775
-15625
-13225
-14250
-16100
-18975
-16900
-13275
-11325
-10950
-13175
-15000
-14875
-11350
-7675
-8425
-9725
-11275
-12100
-9150
-5300
-4400
-6700
-8600
-8250
-6650
-3650

-1100
-2550
-5800
-5550
-4000
-850
975
825
-2075
-4450
-1400
1650
2825
3100
500
-2000
-1300
2600
5100
3575
1700
-825
-1875
1950
4875
4400
850
-2650
-2525
-775
2425
2750
-1350
-5125
-6425
-4150
-1100
-1175
-4275
-9200
-11600
-9400
-6350
-5450
-9150
-14700
-16475
-15775
-12125
-10675
-14350
-19425
-23025
-20850
-18050
-16700
-18150
-23725
-27675
-26250
-22275
-20725
-22375
-25675
-30075
-30750
-25425
-22175
-24600
-27975
-30450
-31225
-27950
-23800
-23300
-27825
-30600
-30375
-28025
-23750
-22500
-24850
-28875
-29475
-25825
-22250
-21275
-21700
-25875
-26725
-23900
-20450
-17900
-19650
-21750
-23725
-22250
-18100
-15525
-15975
-18500
-20875
-19250
-15700
-13425
-12725
-15225
-17150
-16850
-13725
-10375
-10700
-11450
-13500
-14550
-11300
-8050
-6725
-8925
-10500
-10625
-9375
-5950
-3350
-5075
-7775
-7300
-6425

-3675
-1050
-900
-4100
-6100
-3225
-350
950
1950
-500
-3050
-2500
1500
3950
2850
2100
-650
-1750
1775
5000
4825
2025
-700
-975
425
4325
4950
1200
-2050
-3400
-1200
1400
2300
-175
-5100
-7425
-5375
-2650
-1475
-4350
-9150
-11725
-11475
-7750
-6075
-9675
-14125
-17800
-16575
-14150
-12525
-13700
-19350
-23175
-22500
-19525
-17275
-18925
-22175
-27475
-28075
-23775
-21075
-22150
-25475
-29425
-30650
-27325
-23600
-23275
-27250
-29925
-30850
-29200
-24600
-22775
-25825
-29950
-30450
-27775
-24625
-22325
-23100
-27800
-28925
-26000
-22650
-20450
-21350
-23350
-26100
-25100
-20175
-17850
-18325
-20375
-22775
-21850
-18875
-15100
-14925
-17375
-19425
-19100
-16250
-12950
-12500
-13425
-15950
-17125
-13625
-10625
-9050
-10575
-12675
-13275
-12175
-8125
-5975
-7550
-9425
-9925
-8750
-6325
-3425
-3200
-6225
-7925

-5600
-3150
-1275
250
-2425
-4875
-4250
-300
1900
1450
1475
-1850
-2925
950
3825
4150
2275
-175
-900
250
4575
5525
2600
-300
-1425
100
2975
4375
2725
-2150
-3825
-2100
0
1925
-225
-4525
-7625
-7275
-3900
-2275
-4650
-8800
-12925
-12525
-9475
-8075
-9075
-14200
-17925
-18375
-16025
-13275
-14850
-18000
-23400
-24350
-20850
-18700
-19100
-22525
-26600
-28675
-25800
-21825
-21725
-25500
-28700
-30000
-28900
-24875
-22875
-25525
-29825
-31125
-28650
-25725
-23275
-24300
-28500
-30275
-28300
-24250
-22025
-23100
-25250
-27850
-27100
-22500
-20425
-19875
-22250
-25150
-24025
-21275
-17500
-17475
-19275
-21400
-21550
-18500
-15200
-14625
-15700
-18025
-18875
-16200
-13250
-11325
-12850
-14850
-15350
-14500
-10725
-8125
-9825
-11350
-12450
-11000
-8800
-5850
-5475
-8275
-9775
-8300
-5650
-3775
-2200
-4225

