
Curva de Excitacao - Bobina Girante (Dados Brutos)

Arquivo..............: C:\Arq\Wiggler\Medidas Wiggler - Corretoras\Bobina Tungstenio\Gap200\Translado200_X=-11_#010.dat
Data.................: 26/01/2005
Hora.................: 09:21:39
Ganho................: 20
N. de Coletas........: 1
N. de Voltas.........: 10
Intervalo de Análise.: 4 - 8

-12825
-9975
-7850
-7525
-8725
-8675
-9625
-9225
-5800
-5275
-5100
-5725
-5375
-5150
-4975
-2850
-3275
-4975
-3300
-2550
-1475
-1075
-2325
-3300
-4750
-2400
-625
-900
-875
-2975
-5225
-4750
-3600
-1675
-2550
-4500
-6275
-7100
-5850
-2040
-6150
-7875
-10750
-10250
-9000
-9225
-9500
-12150
-14600
-15850
-15100
-12500
-13750
-15725
-18400
-20525
-20000
-18650
-17225
-19725
-22650
-23000
-23250
-22625
-21050
-22475
-25075
-26400
-25400
-24375
-24250
-23125
-25625
-28775
-27375
-25500
-24600
-24650
-25350
-27175
-28125
-26125
-24375
-25200
-25225
-25950
-26750
-25425
-23950
-23175
-24150
-26000
-24925
-24625
-22600
-21550
-22950
-23600
-24550
-23400
-21450
-20825
-20225
-21350
-22500
-21375
-20775
-18725
-18200
-19950
-19825
-19575
-18050
-17125
-16700
-16350
-18275
-17375
-15325
-14750
-13725
-13750
-14600
-15275
-13650
-11225
-10850
-11100

-10575
-11850
-11225
-8500
-7925
-7650
-8200
-7850
-7625
-6700
-4200
-4350
-5775
-5625
-5325
-3750
-2550
-1975
-2750
-4725
-3350
-2300
-2050
-525
-1775
-3150
-3550
-2900
-1050
-1775
-1975
-3850
-5175
-3900
-3125
-3125
-4175
-6725
-7725
-7325
-6375
-5825
-7500
-9500
-11850
-12525
-10100
-10575
-11275
-13225
-16550
-16500
-15775
-14350
-15800
-18350
-19575
-21000
-20000
-18600
-19750
-21450
-24150
-23725
-23550
-22875
-21550
-23175
-26450
-26850
-25675
-24325
-23875
-24625
-26275
-28025
-26425
-25100
-25050
-24850
-26125
-27250
-27100
-25175
-24075
-24125
-25300
-26100
-26625
-24150
-22675
-23650
-23525
-24800
-24750
-23625
-22250
-21325
-22625
-22750
-22800
-22725
-20225
-19950
-20475
-20850
-21350
-20300
-18875
-18375
-17725
-19225
-19050
-18050
-17325
-15625
-15575
-15900
-16800
-16150
-14200
-13450
-12850
-12475
-14050
-13375
-11125
-10525

-10100
-9775
-9800
-10325
-9475
-6625
-6700
-7225
-6600
-7425
-6400
-4825
-3425
-3925
-5050
-4475
-3825
-3425
-1250
-1300
-2825
-3350
-3375
-1575
-1375
-475
-1475
-4000
-3075
-2400
-1550
-1575
-3250
-4375
-5300
-4400
-3550
-4275
-5475
-7275
-8650
-7600
-7375
-7200
-8700
-11925
-12800
-12700
-11225
-11600
-13800
-15100
-17725
-17275
-15800
-16375
-17325
-19975
-20900
-21650
-20900
-19450
-20975
-23200
-24250
-24775
-23725
-22475
-23025
-25050
-27100
-25850
-25250
-24925
-23875
-25200
-27300
-27400
-25975
-24650
-24825
-24850
-25900
-27775
-25825
-23825
-24000
-24400
-25325
-25225
-25375
-23875
-21975
-23275
-23650
-23900
-24075
-22200
-21275
-21000
-21875
-23050
-22000
-21150
-19850
-18900
-20250
-20175
-19775
-19725
-17675
-17250
-17475
-18375
-17975
-16575
-16150
-14900
-14475
-16075
-15650
-14125
-13050
-12450
-11800
-12000
-12900
-12225

-9450
-9275
-9075
-8275
-9425
-9175
-7525
-5550
-5775
-6450
-5900
-5625
-5525
-3125
-2675
-3625
-4400
-3850
-2775
-2200
-700
-1125
-3450
-3200
-1975
-1150
-525
-1275
-1850
-4175
-3225
-1775
-2100
-2475
-4050
-5450
-5400
-4950
-4150
-5150
-7450
-8600
-9275
-8475
-8050
-9400
-10675
-13725
-13700
-12575
-13075
-13125
-15100
-17300
-18700
-18075
-16500
-17700
-19250
-20750
-22550
-22000
-20900
-20325
-22375
-24550
-24400
-24475
-24250
-22875
-23700
-25750
-26800
-26050
-24775
-24825
-24075
-25800
-27625
-26750
-24900
-24450
-24450
-25125
-26300
-26150
-25000
-23250
-24175
-23700
-24625
-25625
-23675
-22800
-21950
-22850
-23600
-23275
-22900
-21350
-20275
-21400
-21600
-21500
-21475
-19575
-19100
-18675
-19300
-20075
-18950
-18475
-16700
-16325
-17375
-17175
-16850
-15425
-14975
-13925
-13700
-15050
-14575
-12100
-12075
-11350
-10575
-11600

-12050
-10300
-7825
-8175
-8450
-7500
-8475
-8100
-5300
-4725
-5100
-5350
-5075
-4775
-4150
-1875
-1875
-3625
-3450
-2800
-1925
-1000
-950
-1425
-3475
-2350
-1175
-1325
-675
-1750
-3400
-3850
-3300
-1750
-2350
-3450
-5125
-6725
-5900
-5100
-5375
-6375
-8900
-9925
-9525
-9700
-9400
-10725
-12525
-14525
-15050
-13175
-13975
-15225
-16725
-19050
-19475
-18625
-17250
-19050
-21225
-22000
-22975
-22575
-20975
-21775
-23650
-25000
-25225
-24600
-24175
-22875
-24275
-26875
-26725
-25300
-24725
-24500
-24600
-26000
-27225
-25875
-23975
-24500
-24375
-24650
-26150
-25525
-24050
-22550
-23150
-24500
-24125
-24525
-22900
-21750
-21900
-22000
-23100
-22800
-21200
-20500
-20025
-20450
-21075
-20725
-20700
-18300
-17475
-18950
-18725
-18825
-17750
-17050
-15800
-15400
-16975
-16400
-15175
-14675
-13575
-12525
-13100
-14175
-12925
-10900
-10650
-10750

-9350
-10700
-10600
-8125
-7300
-7025
-7375
-6825
-7400
-6575
-4000
-3450
-4900
-4375
-4450
-3875
-2475
-1325
-1600
-3425
-2525
-2150
-1725
-425
-575
-1925
-2950
-2625
-1000
-1150
-1000
-2325
-4325
-4000
-3175
-2750
-3175
-5025
-6625
-6800
-6725
-5950
-6725
-8150
-10200
-11425
-10575
-10550
-10700
-12000
-14875
-15800
-15725
-14550
-15350
-17250
-18275
-20175
-20175
-18900
-18975
-20475
-22325
-22850
-23350
-23150
-21525
-22275
-24850
-25700
-24975
-24475
-23925
-23850
-24925
-27050
-26175
-24925
-24800
-24350
-24850
-25975
-26350
-25325
-23650
-23625
-24575
-24550
-25800
-24150
-22850
-22975
-22675
-23775
-23800
-23175
-22000
-20925
-21425
-21925
-22050
-22325
-20450
-19450
-19675
-19650
-20575
-19700
-19000
-17950
-17050
-18275
-17800
-17450
-17200
-15300
-14875
-14725
-15950
-15150
-13800
-13300
-12525
-11600
-12850
-12750
-10975
-10100

-9700
-8950
-8675
-9700
-9250
-6375
-6150
-6425
-5650
-6350
-6125
-4575
-3000
-3050
-3925
-3375
-3350
-3125
-1225
-950
-1500
-2550
-2550
-1325
-1200
-25
-625
-2750
-2625
-2100
-1450
-1175
-2150
-3175
-4675
-4250
-3475
-3825
-4275
-6200
-7925
-7600
-7450
-7100
-7800
-10175
-11925
-12525
-11325
-11850
-13025
-13550
-16350
-16925
-16150
-16050
-16850
-18550
-19400
-21075
-21100
-19650
-20300
-21875
-23000
-24025
-23875
-22975
-22450
-23550
-25600
-25300
-25175
-24775
-24025
-24125
-25375
-26750
-25850
-24575
-24650
-24250
-24525
-26550
-25850
-23875
-23750
-23675
-24275
-24250
-24900
-23825
-22150
-22500
-22450
-22725
-23650
-21975
-21250
-20600
-20700
-21575
-21475
-20950
-19525
-18650
-19650
-18975
-19200
-19650
-17650
-16900
-16475
-17400
-17250
-16525
-15900
-14700
-13825
-14675
-14700
-13750
-12850
-12450
-11225
-10850
-11825
-11875

-9425
-8850
-8800
-7600
-8350
-8625
-7300
-5475
-5200
-5725
-4725
-5325
-5375
-3050
-2200
-2850
-3100
-3075
-2725
-2225
-300
-500
-1950
-2125
-1975
-1150
-525
-650
-950
-3050
-2725
-1850
-2000
-1775
-2850
-4550
-5300
-4900
-4025
-4500
-6150
-7725
-9225
-8325
-8100
-9050
-9600
-11975
-13125
-13000
-13050
-12825
-14550
-15425
-17800
-18350
-16725
-17475
-18650
-19775
-21100
-22225
-21250
-20075
-21300
-23600
-23675
-23975
-24475
-23125
-22825
-24425
-25875
-25625
-25075
-24825
-23925
-24375
-26325
-26050
-25250
-24325
-24075
-24400
-25050
-25525
-25050
-23275
-23475
-23250
-23525
-24850
-23825
-23000
-21525
-21925
-22350
-22600
-22575
-21325
-20175
-20550
-20325
-20650
-20725
-19750
-18900
-18125
-18575
-18850
-18375
-18350
-16450
-15675
-16675
-16500
-16075
-15325
-14950
-13275
-13050
-13925
-14025
-12275
-11900
-11075
-9750
-10275

