
Curva de Excitacao - Bobina Girante (Dados Brutos)

Arquivo..............: C:\Arq\Wiggler\Medidas Wiggler - Corretoras\Bobina Tungstenio\Gap200\Translado200_X=-1_#020.dat
Data.................: 26/01/2005
Hora.................: 09:39:12
Ganho................: 20
N. de Coletas........: 1
N. de Voltas.........: 10
Intervalo de Análise.: 4 - 8

-11075
-8175
-5750
-4475
-6550
-9000
-9800
-5200
-2100
-2475
-3300
-5875
-7375
-4575
-225
1550
-1475
-4300
-5100
-3900
575
2925
-75
-3575
-5175
-3550
-75
1825
900
-4475
-7000
-5550
-2325
675
-1175
-6175
-9900
-10150
-5725
-2925
-4175
-9225
-14500
-14275
-10950
-8425
-7900
-13625
-18650
-20075
-16800
-12900
-13475
-17225
-23150
-25700
-22100
-17750
-17400
-21350
-26650
-29325
-27200
-21600
-19800
-24300
-28800
-30500
-30425
-25225
-22125
-23950
-29475
-32625
-29925
-27150
-23300
-23475
-28425
-31725
-30625
-26025
-23125
-23450
-25625
-29725
-29975
-25325
-22075
-20925
-23525
-27425
-27575
-24925
-19950
-18875
-21625
-23950
-25525
-23100
-18900
-17350
-18225
-21450
-22775
-21300
-17800
-14500
-15450
-18850
-19950
-19600
-15950
-12325
-12650
-15150
-17550
-16500
-13875
-11250
-9125
-11600
-14775
-13525
-11475
-8350
-6625
-8000

-10625
-12100
-8525
-4800
-4550
-4225
-6875
-9025
-7225
-3075
-125
-2300
-3825
-5800
-5875
-1500
1800
500
-2550
-4475
-3750
-1250
1725
2450
-1700
-5025
-4225
-1900
1100
1575
-1850
-6225
-7800
-3775
-925
-650
-4000
-9300
-10775
-8725
-5025
-4025
-8075
-12775
-15550
-14125
-9900
-9125
-11625
-17375
-21400
-19150
-15525
-13875
-16250
-21250
-25400
-25225
-20200
-17625
-20375
-24950
-28475
-28950
-24950
-21050
-21700
-26425
-31175
-30300
-28175
-23275
-22525
-27200
-31100
-31650
-28075
-24375
-23625
-25000
-30225
-31250
-27625
-24150
-22125
-23850
-27275
-29525
-27825
-22625
-20375
-22300
-24400
-27050
-25675
-21925
-19150
-19300
-22275
-24075
-23450
-20800
-17000
-16800
-19150
-21425
-22075
-18625
-15075
-14450
-16400
-18675
-18800
-17050
-13775
-11375
-13125
-16025
-15850
-14650
-11700
-9150
-9400
-12225
-14250
-11475
-8250
-7175

-6025
-8000
-10675
-9750
-6175
-2750
-3800
-4525
-6625
-8025
-4275
-325
-350
-2500
-4700
-4700
-3325
525
2525
-500
-3650
-3950
-2725
775
2475
850
-3325
-5975
-3075
-200
1425
-200
-4525
-7600
-6850
-3150
-700
-3425
-7325
-10950
-11050
-7775
-5300
-6225
-11550
-16125
-15625
-13100
-10125
-11100
-15775
-20500
-21975
-18175
-15325
-15850
-19675
-24250
-26575
-23650
-19525
-19150
-23200
-27200
-28900
-28325
-23200
-20725
-24700
-29425
-31100
-28850
-25525
-23600
-23800
-29400
-31650
-29400
-26075
-23350
-23875
-26825
-30225
-29975
-25025
-21950
-22700
-24975
-28200
-27650
-24675
-21125
-20125
-23175
-25150
-25425
-23500
-19400
-18400
-19775
-22325
-23900
-21375
-17750
-16300
-17425
-19700
-20575
-19825
-16550
-13450
-14600
-17075
-17700
-17475
-14850
-11650
-10725
-13475
-15850
-14150
-11900
-10050
-7750
-9725
-12325
-12250
-9350

-6225
-6125
-5900
-7850
-10275
-7050
-3100
-2600
-3625
-5150
-6125
-5850
-1425
1150
-1000
-3100
-4225
-3700
-900
2350
2025
-1825
-4650
-2850
-750
1725
2250
-1475
-5050
-4900
-1950
725
-150
-2700
-7000
-8200
-5475
-2700
-2225
-6100
-10725
-12100
-10375
-6950
-6475
-10100
-14950
-17575
-15325
-12250
-12000
-13775
-19175
-22675
-21400
-17300
-16025
-19000
-22900
-26125
-26400
-22450
-19250
-21700
-26175
-29300
-28500
-25675
-22825
-22300
-27550
-30600
-29975
-27350
-23975
-23425
-26100
-30425
-31100
-26975
-24025
-23175
-24475
-28625
-29700
-26950
-22900
-21550
-23675
-25325
-27300
-26125
-21625
-19750
-20750
-23350
-25225
-23600
-20875
-17750
-18150
-20925
-22250
-21800
-19125
-15775
-15925
-17825
-19225
-19800
-17325
-14250
-12750
-14925
-17125
-16625
-15100
-12550
-10050
-11400
-13900
-14550
-12200
-9475
-8500
-7600
-9625
-12450

-9900
-6375
-4900
-5000
-6675
-7875
-8500
-4150
-1175
-2150
-3950
-5125
-5375
-3450
600
1600
-1750
-3975
-3500
-1975
1250
2775
50
-3325
-3900
-1725
1150
1525
650
-3725
-5875
-3875
-850
500
-1925
-5800
-8525
-8100
-4375
-2850
-4975
-9250
-13150
-12050
-9650
-7975
-8975
-13625
-17750
-17925
-15025
-12475
-14250
-17725
-22100
-23375
-20475
-16850
-17875
-22000
-25700
-26975
-25275
-21300
-19875
-24925
-28550
-28725
-27975
-24325
-22650
-24375
-29275
-31550
-27750
-25525
-23575
-24425
-28000
-30550
-28975
-24450
-22700
-24075
-26100
-28275
-28125
-24175
-21325
-21325
-24075
-26450
-25825
-23700
-19600
-19300
-21625
-23750
-23975
-21425
-18025
-17600
-18725
-20600
-21750
-19675
-16800
-14550
-15825
-18400
-18900
-17900
-14800
-12175
-12900
-15175
-16500
-15000
-12600
-10650
-9400
-11475
-14075
-12550
-10000
-7725
-6725
-8025

-9675
-10850
-7000
-4050
-4175
-4800
-6500
-7625
-5650
-1750
-25
-2450
-4125
-4525
-3875
-425
2125
525
-2575
-3575
-2175
200
1975
2025
-1450
-4200
-2675
-525
1850
925
-2100
-5425
-5600
-2625
-250
-1325
-4425
-8675
-8875
-7000
-4325
-4525
-8450
-12450
-13875
-12175
-9100
-9575
-12175
-16800
-19750
-17525
-14350
-14150
-16975
-21000
-23900
-23125
-19375
-17725
-20975
-25100
-26925
-26475
-23650
-21325
-22525
-26975
-30350
-28175
-26275
-23450
-23225
-27200
-30300
-30050
-26100
-24150
-24150
-25775
-29225
-29275
-26150
-23425
-22750
-24425
-26825
-28025
-26000
-21500
-20725
-22650
-24400
-25850
-23900
-20575
-18900
-19600
-22100
-23000
-22000
-19600
-16500
-17250
-19300
-20650
-20300
-17575
-14550
-14825
-16600
-18275
-17450
-15250
-13150
-11500
-13125
-15775
-15025
-13050
-10550
-9300
-9625
-11525
-13625
-10175
-7075
-6875

-6575
-7975
-9650
-8450
-4975
-2300
-4250
-5050
-5975
-6200
-3000
50
-275
-3100
-4125
-3450
-1450
950
2150
-725
-3400
-2650
-650
1500
2300
425
-3175
-4700
-1525
775
950
-525
-4600
-6350
-5050
-1775
-1250
-4100
-7350
-9900
-9075
-6275
-5375
-7275
-11500
-15050
-14400
-11425
-9900
-12075
-16075
-19400
-20000
-16925
-14925
-16625
-20500
-23425
-24475
-22200
-19375
-19625
-23825
-27225
-27200
-26100
-22725
-21850
-25250
-29100
-30025
-26700
-24675
-24025
-24625
-28800
-30350
-27875
-24725
-23550
-24875
-26600
-28925
-28175
-24050
-21850
-23225
-25200
-27025
-25925
-23500
-20700
-20500
-23250
-24475
-23950
-22075
-18800
-18650
-20125
-22025
-22275
-20075
-17075
-16350
-17675
-19650
-19500
-18025
-15825
-13525
-14575
-16650
-16950
-15875
-13325
-11525
-11450
-13125
-15275
-12875
-10650
-9275
-8625
-9825
-11625
-10975
-7925

-5225
-6075
-6325
-7925
-8850
-5700
-2525
-1850
-3900
-5000
-5275
-4200
-850
1075
-900
-3025
-3375
-2150
-75
2025
1450
-1575
-3350
-1400
550
1975
1500
-1650
-3800
-3425
-625
925
-450
-3200
-6025
-6400
-4050
-2425
-2750
-6550
-10150
-10325
-8750
-6700
-7150
-10500
-14375
-16150
-13775
-11650
-12450
-15025
-18600
-20975
-19775
-16700
-16425
-19625
-22950
-24400
-24500
-21575
-19825
-22025
-26200
-28075
-26500
-24775
-23250
-23100
-27475
-29575
-28150
-26100
-24050
-24650
-26075
-29625
-29075
-25750
-23875
-23775
-25200
-27675
-28150
-25475
-22675
-21950
-24025
-24925
-25775
-24500
-21425
-20375
-20975
-23175
-23875
-22200
-19950
-18200
-18375
-20700
-21475
-20350
-18150
-15825
-16300
-17725
-18675
-18375
-16200
-13975
-13125
-14725
-16800
-15375
-13775
-12150
-10425
-11425
-13450
-13500
-10950
-8575
-8725
-7825
-9500
-11200

