
Curva de Excitacao - Bobina Girante (Dados Brutos)

Arquivo..............: C:\Arq\Wiggler\Medidas Wiggler - Corretoras\Bobina Tungstenio\Gap200\Translado200_X=2_#023.dat
Data.................: 26/01/2005
Hora.................: 09:44:11
Ganho................: 20
N. de Coletas........: 1
N. de Voltas.........: 10
Intervalo de Análise.: 4 - 8

-8075
-6150
-4575
-5400
-8675
-9325
-5850
-2100
-1325
-3425
-4675
-7075
-5100
-100
1375
-25
-2900
-4675
-3975
-1100
2775
2100
-2975
-4175
-4000
-775
2025
1325
-2200
-6625
-5950
-2350
-225
50
-4125
-9225
-10050
-7350
-2850
-51000
-7800
-12575
-14900
-12425
-8150
-8125
-11625
-18000
-19550
-17350
-14400
-12650
-16325
-22125
-25475
-23575
-18125
-17575
-20325
-25225
-29900
-28325
-23275
-20100
-22975
-28475
-31050
-30625
-27450
-22650
-24175
-28650
-32500
-31550
-27750
-24675
-23325
-27725
-32475
-31625
-27475
-23650
-22850
-25875
-29550
-30525
-27250
-22075
-21725
-23075
-26350
-28600
-25575
-21300
-18775
-20675
-24300
-25250
-23775
-19700
-16775
-18075
-20650
-22850
-21925
-17625
-15100
-14800
-17225
-20125
-19300
-16925
-12550
-11725
-14850
-16200
-16625
-14425
-10925
-9175
-10500
-14025
-13600
-11100
-8950
-6525
-6550
-10050

-11425
-8775
-5100
-3825
-4300
-5475
-8475
-7450
-2600
-925
-1350
-3325
-4950
-5225
-2450
1675
1525
-2075
-3350
-3700
-1475
1800
2525
-450
-4575
-3950
-1400
650
2200
-850
-5500
-6900
-4650
-500
-500
-3075
-7750
-10675
-8850
-5025
-4150
-6525
-12350
-14900
-13650
-10725
-8575
-11325
-16225
-20800
-20200
-15000
-14175
-15775
-20475
-25550
-25375
-21300
-17700
-19875
-24975
-28400
-29250
-26000
-21400
-22175
-26700
-31000
-31175
-28425
-24875
-22650
-26800
-32200
-32200
-28725
-25150
-23900
-25550
-29975
-32300
-28625
-23850
-23325
-24475
-26850
-29975
-28125
-23625
-20275
-22050
-25600
-26575
-26250
-22125
-18900
-19475
-21950
-24725
-23575
-20100
-17675
-16700
-18750
-21675
-21275
-19025
-14675
-14125
-16425
-18025
-18875
-16700
-13175
-11850
-12450
-15625
-15775
-13825
-11600
-8875
-9325
-11550
-13425
-11500
-7950
-6500
-6625

-7475
-10325
-9425
-5400
-3175
-3400
-4850
-6300
-6775
-4575
25
200
-2775
-3975
-4550
-2700
925
2175
50
-3550
-3600
-1225
825
2500
1000
-2775
-4950
-3050
1025
1175
-275
-3600
-7250
-6100
-2250
-550
-2800
-7425
-10200
-10000
-7525
-4700
-6400
-11350
-15100
-15600
-12175
-10500
-10725
-15375
-20975
-21075
-17725
-14950
-16075
-20375
-24100
-26750
-23325
-18800
-20000
-23825
-27975
-29150
-27550
-23525
-21500
-25050
-30400
-31250
-29250
-25400
-23600
-25275
-29675
-32600
-29350
-25650
-23950
-24800
-28075
-30925
-29375
-25475
-22125
-23000
-26300
-28075
-28375
-24225
-20550
-21075
-23200
-26025
-25550
-22650
-19650
-18100
-20575
-22900
-23250
-21100
-17200
-16100
-17975
-19450
-21125
-18950
-15325
-13725
-14675
-17425
-17475
-16525
-14250
-10825
-11475
-13800
-15350
-13825
-10850
-9425
-8275
-9575
-12625
-11575
-8025
-6050

-6025
-6275
-8250
-9150
-6675
-2175
-2300
-4200
-4825
-6175
-4775
-875
1175
-1075
-3850
-3650
-2500
-400
2600
1325
-2200
-3675
-2325
950
1825
1825
-1300
-5325
-3900
-675
925
175
-3425
-6475
-7250
-4225
-1425
-2950
-6550
-10350
-11500
-8700
-6575
-6375
-10300
-15975
-16550
-14475
-11275
-11700
-15475
-19475
-22600
-20175
-16125
-16425
-19600
-24175
-26125
-25500
-21675
-19350
-22725
-27550
-29400
-28700
-25050
-22575
-23750
-28850
-31975
-29425
-26375
-24550
-24400
-27850
-31575
-30925
-26375
-23525
-24500
-26325
-29325
-30200
-26325
-21950
-22325
-24775
-27300
-27000
-24950
-21625
-19625
-22125
-24450
-25125
-23050
-19400
-18050
-18950
-21300
-23375
-20950
-17575
-15825
-15900
-18975
-19650
-18675
-16400
-13150
-13625
-15350
-17225
-16475
-13525
-11650
-10375
-11675
-14575
-13975
-11000
-8400
-8150
-8525
-10175
-11475
-9175

-5125
-5000
-5525
-6850
-8200
-6950
-3075
-1100
-2375
-4825
-5025
-4025
-2150
1350
525
-2100
-4000
-2650
-225
1600
2250
-150
-4150
-2925
200
2100
1675
-800
-3825
-5275
-1975
900
-25
-2775
-6375
-7950
-5950
-3250
-2550
-5725
-10750
-12200
-10800
-7725
-7200
-10350
-14650
-18050
-16175
-12700
-12750
-14850
-19550
-22325
-22150
-18825
-16325
-19425
-23625
-26450
-26575
-23300
-20900
-21500
-26300
-30450
-28875
-25725
-23975
-23775
-26875
-30800
-31200
-27300
-24225
-24925
-26300
-29700
-31225
-28200
-23700
-23125
-25600
-28300
-29025
-26900
-23500
-21000
-23600
-25625
-26875
-25550
-21650
-19875
-20175
-22825
-24975
-23050
-19825
-17650
-17675
-20150
-21700
-21050
-18400
-15050
-15500
-16950
-18550
-18950
-16225
-13775
-12100
-13825
-16275
-15775
-13950
-11150
-10025
-10400
-12350
-13850
-11300
-7825
-7525
-7525
-8375
-10450

-9550
-5550
-3450
-4450
-6300
-6475
-6675
-4125
-350
-800
-3375
-4750
-4000
-2050
525
1975
0
-3800
-2775
-575
1650
2175
575
-2050
-3900
-775
2000
1500
100
-3200
-4975
-3475
-675
800
-2300
-6150
-8000
-7450
-4600
-3200
-5600
-9650
-13325
-12200
-9275
-8525
-9975
-14175
-17775
-18125
-15550
-12550
-15275
-19050
-22275
-23450
-20675
-18125
-18550
-23125
-27075
-26850
-24750
-22250
-21325
-25450
-29150
-29875
-27250
-24425
-24225
-25275
-29600
-31675
-28575
-24800
-24075
-26050
-28300
-30100
-29175
-24525
-22500
-24950
-27025
-27850
-27400
-24200
-21500
-21350
-24375
-26850
-24825
-22625
-19600
-19200
-21525
-23375
-23300
-20400
-17625
-17450
-18575
-20200
-21000
-18350
-16075
-14175
-15575
-18250
-17950
-16550
-13500
-12175
-12550
-14175
-16275
-13825
-10850
-10000
-9400
-10675
-12625
-12150
-8425
-6200
-6800
-8050

-8725
-9025
-6625
-2950
-3150
-5000
-6175
-5325
-4375
-1775
525
-1425
-4625
-3525
-1750
325
1700
850
-2025
-3750
-775
2000
1650
1500
-1150
-3550
-2375
525
2225
-125
-2375
-4900
-4975
-2200
-375
-1975
-5450
-9000
-8225
-6125
-4875
-5425
-9600
-13100
-13425
-11600
-9125
-10650
-13925
-17725
-19700
-17000
-14775
-14900
-18825
-22875
-23425
-22725
-19750
-18975
-22200
-26625
-27975
-25425
-23525
-22950
-23700
-27875
-30850
-28450
-25100
-24000
-25650
-28075
-30550
-30025
-25700
-23700
-25275
-27450
-29325
-28700
-25850
-23175
-23125
-25375
-27850
-26725
-24975
-21625
-20875
-23025
-25100
-25325
-22400
-19975
-19225
-20050
-22200
-22800
-20475
-18275
-16700
-17425
-19500
-20075
-18825
-15700
-14175
-14825
-16125
-17875
-16050
-13625
-12250
-11650
-13125
-14625
-13950
-11175
-8775
-9300
-10175
-10925
-11625
-8800
-5800
-5725

-7075
-8025
-7875
-6550
-3975
-1975
-3400
-5675
-5175
-3750
-1600
-150
-375
-2450
-4075
-1750
950
975
1175
-575
-2775
-1825
825
2750
925
-350
-2675
-3100
-400
1450
550
-2100
-5275
-4875
-3475
-1750
-2050
-4875
-8600
-9525
-7825
-5550
-6675
-8900
-12275
-15300
-13250
-10650
-10875
-14200
-17900
-19125
-19250
-16475
-15475
-18500
-22425
-24650
-22925
-21500
-20525
-21150
-25550
-28475
-26800
-24225
-23375
-23950
-26750
-29900
-29875
-25550
-24050
-25550
-27275
-29350
-29775
-27400
-23775
-24025
-26975
-28225
-28075
-26750
-23650
-22000
-24100
-26675
-26950
-24175
-21825
-21200
-21275
-23925
-24675
-22650
-20025
-18425
-19450
-20775
-21825
-21075
-18200
-16100
-16575
-18100
-19675
-18050
-15825
-14625
-13475
-15025
-16525
-16225
-13575
-11450
-11800
-11750
-12850
-14025
-11525
-8475
-8025
-9625
-9875
-9975
-9350
-6500

