
Curva de Excitacao - Bobina Girante (Dados Brutos)

Arquivo..............: C:\Arq\Wiggler\Medidas Wiggler - Corretoras\Bobina Tungstenio\Gap200\Translado200_X=-12_#009.dat
Data.................: 26/01/2005
Hora.................: 09:20:04
Ganho................: 20
N. de Coletas........: 1
N. de Voltas.........: 10
Intervalo de Análise.: 4 - 8

-11975
-10450
-8725
-9050
-10425
-8650
-8450
-8775
-7050
-6500
-6425
-6450
-4625
-4125
-5625
-4350
-4650
-5125
-3125
-1725
-1625
-3300
-3625
-3650
-3850
-1600
-900
-2625
-2800
-4000
-3525
-3500
-3400
-3300
-4775
-5500
-5400
-5650
-5300
-6675
-8200
-8725
-9725
-8800
-8450
-10225
-11625
-13475
-13475
-13825
-14375
-13925
-15775
-17100
-18025
-18225
-18525
-19525
-19450
-20950
-22375
-21225
-21400
-22875
-23675
-23950
-25000
-24750
-23900
-24200
-26025
-25600
-25525
-27175
-25850
-25500
-25925
-26650
-26400
-25825
-26475
-26125
-25375
-26925
-26250
-25325
-25325
-24825
-25450
-24775
-25525
-25825
-23975
-23825
-23225
-23500
-24450
-23775
-23600
-22575
-21700
-22550
-21725
-22200
-22075
-20725
-21225
-20200
-19725
-20700
-19675
-18975
-17775
-18550
-18250
-17250
-18175
-17075
-15250
-15350
-15550
-14850
-15025
-14475
-13725
-11750
-12075
-12750

-11200
-11300
-10650
-9050
-9300
-8825
-9175
-7875
-6800
-7100
-5700
-5850
-6500
-5775
-4500
-3575
-3775
-3875
-3625
-4750
-2800
-2050
-2800
-2475
-2825
-3050
-2675
-2400
-2100
-3400
-3550
-3500
-3975
-3025
-3950
-4975
-5775
-6875
-6175
-6075
-6500
-8025
-9300
-9725
-10625
-10775
-10250
-12175
-13150
-13875
-15050
-14950
-15800
-15825
-17650
-19300
-18250
-19050
-19925
-20325
-21350
-22550
-22975
-22025
-22300
-24100
-23775
-24225
-25975
-25175
-24400
-24950
-26325
-25950
-25850
-26600
-25800
-25325
-26675
-26250
-26125
-25900
-25625
-25825
-25450
-26075
-25950
-24850
-25225
-23975
-24200
-25150
-24500
-24675
-23500
-23175
-23375
-22700
-23650
-22950
-21975
-22275
-21475
-21300
-21600
-21100
-20900
-19375
-19625
-19900
-18975
-19875
-18650
-17450
-17475
-17175
-16875
-16500
-16825
-15850
-13925
-14350
-14575
-13475
-13725
-13200
-11250
-11425

-11225
-11275
-9950
-9475
-9500
-7450
-8100
-8300
-7375
-6800
-5775
-5525
-4875
-4850
-5900
-4025
-3225
-3325
-3275
-3050
-3250
-3175
-2350
-1500
-2575
-2600
-2375
-3375
-2150
-2050
-2625
-3450
-4250
-3900
-4025
-4100
-4425
-6175
-6425
-7125
-7225
-6850
-8475
-8975
-9825
-11325
-11125
-11875
-12050
-13725
-15150
-14775
-15825
-15875
-16500
-18050
-19200
-20125
-19375
-19750
-20800
-21175
-22450
-23350
-23175
-22850
-23450
-24075
-24900
-25125
-25825
-24575
-24600
-26400
-25850
-26225
-26200
-25775
-25350
-25525
-26725
-26175
-25400
-26125
-25075
-24350
-25775
-25750
-25400
-24175
-24475
-24450
-23600
-24525
-23975
-23150
-23325
-22625
-22750
-22500
-22450
-22450
-21075
-20975
-20950
-20450
-21475
-20225
-19225
-19475
-18500
-18625
-18450
-18700
-17750
-16275
-16875
-16225
-15600
-15825
-15450
-13825
-13600
-13900
-13400
-12450
-12250
-11975

-9925
-10225
-10675
-9425
-9300
-8350
-7800
-6500
-6825
-8050
-5750
-5075
-5450
-4350
-3975
-4475
-4625
-3325
-2250
-3275
-2250
-2225
-3525
-2300
-1475
-1675
-2400
-2675
-2525
-3100
-2450
-2050
-3625
-3750
-4575
-4525
-4475
-5200
-5375
-6800
-7850
-7750
-8175
-8175
-9200
-11025
-11325
-12575
-12125
-12275
-14175
-15000
-16300
-16250
-16700
-17550
-17525
-19525
-20175
-20550
-20550
-21000
-21725
-22175
-23100
-24450
-23225
-22950
-24800
-24825
-25050
-25425
-25625
-24925
-24775
-26375
-25975
-25775
-26575
-25450
-25075
-25475
-26025
-26150
-25300
-25075
-24875
-24300
-25325
-24700
-24250
-24500
-23350
-23900
-23175
-23700
-23650
-22500
-22300
-21975
-21725
-22550
-21775
-21250
-20700
-20150
-20525
-20025
-20025
-19725
-18425
-18700
-17775
-17525
-18050
-17325
-16350
-15375
-15850
-15350
-14575
-15150
-14125
-12275
-12625
-12775
-11350
-11875

-11525
-9975
-8775
-9325
-9725
-7925
-7975
-7725
-5975
-5975
-6275
-6175
-4925
-4050
-4525
-3000
-3225
-4350
-3275
-2175
-1850
-2150
-2300
-2075
-3225
-1575
-875
-2400
-2225
-2700
-2925
-2850
-2750
-2650
-3925
-4800
-4900
-5625
-5000
-5850
-7100
-7525
-8900
-8650
-8700
-10050
-10975
-12275
-12175
-13325
-13975
-13375
-15450
-16750
-16950
-17700
-18025
-18550
-18700
-20450
-21825
-21000
-21600
-21975
-22525
-23225
-24075
-24275
-23875
-23825
-25125
-24825
-24900
-26525
-25350
-24575
-25200
-26225
-25675
-25700
-26025
-25300
-24375
-25950
-25850
-24850
-25225
-24725
-24600
-23725
-24425
-24825
-23500
-23675
-22950
-22600
-23500
-22675
-22975
-21975
-21275
-21525
-21250
-21475
-21075
-20225
-20375
-19075
-19150
-20025
-19050
-18500
-17500
-17825
-17175
-16650
-17325
-16350
-14725
-14900
-15025
-13725
-13975
-14100
-12925
-10975
-11550
-12000

-10275
-10450
-10575
-8150
-8100
-8325
-8325
-6725
-6775
-6700
-4550
-4875
-5900
-4800
-3800
-3550
-2950
-2625
-2650
-3950
-2100
-1350
-2150
-1825
-1700
-2275
-2450
-1825
-1075
-2375
-2700
-2825
-3625
-3025
-3200
-3825
-4700
-5675
-5800
-5775
-6300
-7125
-8400
-8875
-9525
-10300
-9925
-11475
-12400
-13100
-14050
-14575
-15050
-15000
-16775
-18350
-17900
-18800
-19300
-19425
-20250
-21850
-22325
-21475
-22075
-23400
-22875
-23450
-25175
-24575
-23800
-24250
-25200
-25350
-25250
-26225
-25000
-24500
-25950
-25725
-25500
-25325
-25300
-24975
-24500
-25200
-25500
-24500
-24550
-23925
-23350
-24300
-23850
-24125
-22925
-22675
-22475
-22100
-22550
-22475
-21475
-21750
-20675
-20625
-20700
-20350
-20275
-19350
-19075
-18925
-18200
-19000
-17825
-17175
-16900
-16400
-16050
-15800
-16225
-14825
-13775
-13850
-13725
-12700
-12925
-12600
-10625
-10750

-10675
-10175
-9350
-9325
-8975
-6875
-7125
-7525
-6475
-6275
-5450
-4875
-3975
-4125
-4850
-3375
-2800
-2825
-2275
-2150
-2500
-2575
-1900
-900
-1900
-1475
-1725
-2750
-1675
-1700
-1900
-2525
-3250
-3325
-3750
-3450
-4125
-5150
-5500
-6375
-6850
-6575
-7725
-8350
-9050
-10625
-11100
-11200
-10975
-12750
-14450
-14050
-15550
-15825
-15700
-17050
-18400
-19225
-18600
-19575
-20450
-20450
-21750
-22650
-22725
-22375
-22900
-23450
-24075
-24450
-25500
-24025
-23950
-25525
-25275
-25100
-25675
-25625
-24925
-24750
-25850
-25450
-24700
-25825
-24825
-23800
-24875
-25025
-24775
-23700
-23900
-23750
-23200
-23825
-23350
-22975
-22650
-21850
-22075
-22000
-21675
-21850
-20975
-20375
-20175
-19900
-20625
-19500
-18825
-19300
-18075
-18025
-17625
-17950
-17075
-16100
-16225
-15700
-14975
-15375
-14925
-13425
-12850
-13275
-12725
-11625
-11925
-11500

-9350
-9475
-10025
-8525
-8750
-8300
-7400
-5825
-6350
-6825
-4975
-5100
-4925
-3575
-3500
-3925
-3425
-2825
-1975
-2475
-1575
-1800
-2725
-1950
-1350
-875
-1725
-2025
-1750
-2550
-2150
-1775
-2825
-3275
-3725
-4125
-4325
-4650
-4850
-5875
-7000
-7175
-8025
-7725
-8825
-10200
-10525
-11725
-11975
-12000
-13450
-14350
-15750
-15375
-16700
-17175
-16700
-18775
-19675
-19750
-20075
-21200
-21000
-21325
-22750
-23725
-22700
-22825
-24275
-24100
-24425
-24850
-25125
-24575
-24600
-25525
-25275
-25200
-25900
-25200
-24575
-24725
-25450
-25425
-24800
-24850
-24575
-23500
-24725
-24150
-23625
-24075
-23200
-23100
-22550
-23150
-22800
-22050
-22175
-21275
-21175
-21850
-21250
-20475
-20375
-19800
-19625
-19375
-19425
-19175
-17950
-18425
-17125
-16900
-17525
-16800
-15925
-15050
-15350
-14600
-14100
-14375
-13625
-12200
-12150
-12325
-10850
-11125

