
Curva de Excitacao - Bobina Girante (Dados Brutos)

Arquivo..............: C:\Arq\Wiggler\Medidas Wiggler - Corretoras\Bobina Tungstenio\Gap200\Translado200_X=-18_#003.dat
Data.................: 26/01/2005
Hora.................: 09:09:51
Ganho................: 20
N. de Coletas........: 1
N. de Voltas.........: 10
Intervalo de Análise.: 4 - 8

-13100
-11125
-10400
-10850
-11025
-9900
-10300
-9525
-7850
-8225
-7900
-6950
-5850
-5800
-6200
-5475
-6050
-6150
-3425
-2775
-2600
-3475
-4600
-4650
-4600
-2000
-1100
-2850
-2725
-4200
-4625
-3600
-3025
-2925
-4775
-5475
-5700
-5575
-4800
-5675
-7650
-8825
-9950
-8200
-7500
-8950
-10300
-12900
-13850
-13375
-12800
-12000
-14400
-16225
-17250
-18250
-17100
-17000
-18000
-20400
-21875
-20650
-20400
-20750
-21025
-23800
-24650
-24350
-23075
-22525
-23750
-24100
-26025
-27350
-24775
-24075
-24625
-25425
-26425
-26725
-26225
-24550
-24500
-26425
-26400
-25950
-25775
-24300
-24075
-24725
-25975
-26700
-24650
-24325
-22775
-23400
-24650
-25025
-24700
-23400
-22025
-22600
-22650
-23100
-23075
-21375
-21800
-20725
-20875
-22175
-20975
-19925
-19075
-18750
-19175
-18950
-19900
-18050
-16625
-16775
-16300
-16100
-16500
-16050
-14475
-13300
-13750
-13800

-12475
-13075
-11550
-9900
-10775
-10550
-10225
-9225
-8450
-7700
-6650
-7125
-7850
-6475
-5925
-4750
-4225
-4625
-4875
-5250
-3425
-2550
-3575
-2900
-3625
-3800
-3125
-2600
-1700
-3625
-3950
-4350
-4675
-2900
-2900
-4450
-5725
-7150
-6800
-5625
-5475
-6675
-8600
-9775
-10475
-10125
-8850
-10700
-12150
-13500
-15050
-13900
-13700
-14000
-16475
-18500
-18150
-18675
-17775
-17450
-20100
-21700
-22750
-21600
-21100
-21675
-21750
-23700
-25775
-24575
-23500
-23150
-24250
-25325
-26025
-26675
-24450
-23950
-25125
-25950
-26450
-26450
-25350
-24550
-24425
-25350
-26450
-25925
-25675
-23650
-23500
-25150
-25125
-25425
-24475
-23025
-23075
-23150
-24300
-23775
-23050
-22950
-21350
-21800
-22900
-22350
-22050
-20750
-19950
-20175
-20200
-21325
-19800
-18825
-18650
-17800
-17975
-18175
-18225
-16875
-15175
-15800
-15525
-14875
-15500
-14200
-12325
-12425

-12800
-12300
-11400
-11250
-10650
-8225
-9125
-9875
-8300
-8350
-7275
-6225
-5675
-6450
-6725
-5075
-4200
-4450
-3300
-4000
-4500
-4000
-3150
-1850
-2725
-2700
-3200
-4325
-2625
-2025
-2100
-3300
-4675
-4375
-4550
-3525
-3500
-5300
-6400
-7150
-7400
-6550
-6800
-7750
-9675
-11375
-10900
-10725
-10100
-11825
-14225
-14725
-15800
-15050
-14200
-16025
-17725
-19625
-19350
-19250
-18850
-18650
-21000
-23000
-22775
-22525
-21750
-21600
-23150
-24975
-25825
-23975
-23600
-23925
-24450
-25900
-26600
-25800
-24500
-23975
-25325
-25725
-26075
-26850
-24875
-23650
-24675
-25400
-26150
-25225
-24675
-24150
-23050
-24700
-24925
-24350
-24100
-22575
-22650
-23000
-23475
-23700
-22425
-21625
-21225
-21100
-22600
-21625
-20525
-20600
-19300
-19525
-19775
-20200
-19125
-17450
-18000
-17125
-16775
-17800
-16725
-15150
-14550
-14800
-14550
-13900
-14025
-13225

-10950
-11375
-11825
-10550
-10800
-9900
-8775
-7525
-8100
-8900
-7025
-6550
-6550
-4800
-4825
-5600
-5750
-4275
-3200
-3500
-2625
-3050
-4500
-3250
-2200
-1775
-2300
-3325
-2825
-3900
-2650
-1675
-3100
-3825
-4600
-4900
-4700
-4325
-4125
-6125
-7950
-8125
-7825
-7175
-7700
-9625
-10875
-12625
-11800
-11050
-12325
-13225
-15500
-16050
-16600
-16225
-15450
-17525
-19050
-20000
-20525
-19850
-19450
-20125
-22125
-23875
-23100
-22300
-22525
-22600
-23900
-25375
-25450
-24525
-23525
-24450
-24500
-25750
-26950
-25275
-24400
-24050
-25025
-25850
-25975
-25275
-24525
-23525
-25100
-24800
-25150
-25400
-23525
-23450
-23200
-23975
-24600
-23850
-23225
-22175
-21950
-23150
-22800
-22400
-21900
-20675
-20900
-20725
-21425
-21125
-19725
-19525
-18625
-18575
-19550
-18875
-17850
-16625
-16600
-16525
-16000
-16625
-15675
-13750
-13850
-14000
-12775
-13325

-13075
-11575
-9750
-10475
-11075
-9450
-9325
-9200
-6975
-6825
-7400
-7500
-6300
-5500
-5325
-3625
-4075
-5300
-4525
-3250
-2725
-2475
-2700
-2675
-3975
-2675
-1300
-2100
-2250
-2925
-3650
-3675
-2675
-2150
-3275
-4800
-5150
-5925
-5050
-4475
-5750
-7275
-8625
-8875
-8350
-8800
-9075
-11150
-12125
-13250
-13375
-11950
-13475
-15050
-16225
-17625
-17300
-16975
-16525
-18575
-20975
-20800
-21075
-20675
-20000
-21300
-23175
-23900
-23700
-22825
-23050
-22850
-24200
-26200
-25325
-24150
-23750
-24225
-25200
-25750
-26300
-25100
-23425
-24675
-25025
-25300
-25750
-24875
-24225
-22875
-24175
-25175
-24675
-24400
-23175
-22450
-23350
-23325
-23975
-23175
-22000
-21800
-21775
-22200
-22275
-21525
-21350
-19750
-19650
-21075
-20350
-19850
-18825
-18450
-17725
-17675
-18825
-17700
-16150
-16050
-15700
-14875
-15300
-15550
-14500
-12300
-12575
-13100

-11650
-12175
-11825
-9400
-9225
-9275
-9475
-8400
-8025
-7975
-5450
-5675
-6925
-6250
-5300
-4675
-3850
-3075
-3300
-4875
-3350
-2250
-2625
-1700
-2200
-3050
-3425
-2550
-1100
-2100
-2400
-3025
-4250
-3675
-2850
-2900
-3950
-5600
-6025
-6025
-5850
-5925
-7075
-8225
-9750
-10325
-9275
-9950
-10450
-12075
-13975
-14325
-14175
-13275
-14700
-16875
-17550
-18600
-18250
-17675
-18025
-20100
-21450
-21750
-21375
-21775
-20625
-21850
-24400
-24425
-23600
-22875
-23175
-23650
-24725
-26225
-25150
-23575
-24175
-24400
-24925
-25675
-25825
-24725
-23450
-24150
-25125
-25000
-25650
-24000
-22950
-23625
-23875
-24800
-24025
-23475
-22775
-22025
-22900
-23000
-23050
-22775
-21400
-20900
-21250
-21525
-21750
-20675
-19925
-19575
-19025
-20050
-19225
-18675
-18150
-17125
-17000
-17000
-17575
-16650
-15100
-14975
-14575
-13850
-14375
-14375
-12175
-11725

-11500
-11575
-10400
-10825
-10550
-7750
-7925
-8575
-7925
-7425
-7025
-6000
-4625
-4750
-6075
-4775
-4075
-3900
-2575
-2525
-3125
-3750
-3050
-1625
-1900
-1525
-1950
-3400
-2825
-2175
-1425
-2125
-3125
-3550
-4500
-4075
-3150
-4000
-4800
-6125
-7300
-6625
-6650
-6600
-8025
-10075
-10950
-11275
-10050
-10750
-12600
-13300
-15425
-15625
-14875
-14875
-16200
-18050
-18650
-19325
-19550
-18350
-19225
-21225
-22425
-22575
-21975
-21450
-22000
-23025
-25000
-24500
-23725
-23900
-23325
-24050
-24900
-25975
-25000
-23650
-24300
-24525
-24825
-26050
-25150
-23725
-23775
-24075
-25275
-24500
-24775
-24000
-22575
-23500
-23700
-23750
-24075
-22675
-22075
-22000
-22125
-22800
-22350
-21900
-20675
-20100
-21400
-20925
-20250
-20500
-19225
-18475
-18225
-19275
-18825
-17550
-17450
-16375
-15875
-16450
-16725
-15225
-14300
-14000
-13825
-12850
-13325
-13450

-10875
-10450
-10725
-10200
-9875
-9750
-8950
-7050
-6650
-8025
-6550
-6400
-6300
-4850
-3650
-4325
-4725
-4175
-3375
-3300
-1900
-2050
-3325
-2900
-2475
-1450
-1475
-1725
-2250
-3425
-2950
-1975
-2275
-2200
-3475
-4700
-4775
-4600
-3900
-4600
-6225
-7250
-8475
-7525
-7425
-8475
-9350
-11400
-11975
-11925
-11850
-12125
-14025
-14850
-16425
-16925
-15600
-16150
-17625
-19275
-19850
-20450
-19925
-19300
-20350
-22625
-22875
-22350
-23175
-22275
-22475
-23500
-24975
-24875
-23825
-23950
-23650
-24125
-25625
-25550
-24525
-23750
-23975
-24875
-24900
-25325
-24925
-23600
-23625
-23700
-24275
-24850
-24025
-23350
-22375
-22875
-23500
-23250
-23175
-22100
-21175
-21975
-21975
-21800
-21850
-20850
-20075
-19600
-20425
-20525
-19700
-19375
-18175
-17525
-18125
-18300
-17625
-16700
-16300
-15400
-14875
-15675
-15575
-13875
-13175
-13100
-12200
-12300

