
Curva de Excitacao - Bobina Girante (Dados Brutos)

Arquivo..............: C:\Arq\Wiggler\Medidas Wiggler - Corretoras\Bobina Tungstenio\Gap200\Translado200_X=4_#025.dat
Data.................: 26/01/2005
Hora.................: 09:47:17
Ganho................: 20
N. de Coletas........: 1
N. de Voltas.........: 10
Intervalo de Análise.: 4 - 8

-8325
-5675
-3275
-3900
-8075
-9225
-6150
-1800
-475
-1825
-3725
-6825
-5725
125
2350
750
-2175
-4600
-4300
-675
3725
2950
-2350
-4300
-4125
-1025
2825
2525
-1575
-6775
-6600
-2575
225
1125
-3400
-9225
-10850
-7950
-2475
-2450
-7025
-12725
-15575
-13275
-8225
-7250
-10950
-18300
-20625
-18600
-14675
-12200
-15400
-22325
-26475
-24975
-18625
-17225
-19675
-24950
-30875
-29800
-23925
-19950
-22500
-28500
-31725
-32250
-28200
-22175
-23425
-28425
-33400
-32825
-28750
-51000
-22575
-27150
-33025
-32575
-28475
-23675
-22125
-25025
-29650
-31350
-27850
-21925
-20950
-22450
-26300
-29200
-26175
-21125
-17900
-19575
-23825
-25575
-24375
-19475
-16125
-16825
-19800
-23050
-22325
-17650
-14250
-13850
-16275
-19975
-19450
-16675
-11625
-10800
-13975
-15900
-16625
-14425
-10075
-7975
-9375
-13550
-13725
-11175
-8300
-5400
-5350
-9400

-11425
-8950
-4625
-2900
-3325
-4575
-8300
-7625
-2400
250
-300
-2300
-4750
-5475
-2350
3000
2775
-1475
-3425
-3950
-1375
2625
3750
675
-4425
-4500
-1800
1100
3225
300
-5075
-7600
-5300
-225
475
-2525
-7450
-11350
-9450
-4750
-3075
-5975
-12300
-15650
-14675
-11175
-7900
-10325
-16275
-21475
-21425
-15775
-13775
-15050
-20350
-26400
-26600
-22150
-17575
-19075
-24725
-29175
-30575
-26900
-21000
-21700
-26325
-31550
-32325
-29500
-24800
-21775
-26125
-32500
-33125
-30025
-25075
-23025
-24975
-29950
-33325
-29450
-24000
-22500
-23625
-26875
-30475
-28975
-23675
-19700
-20850
-25375
-27000
-26900
-22450
-18075
-18150
-21225
-24625
-24075
-20375
-17000
-15350
-17850
-21450
-21500
-19250
-14150
-12775
-15475
-17550
-19025
-16975
-12450
-10525
-11300
-15200
-15625
-14075
-11200
-7650
-7975
-11125
-13375
-11625
-7725
-5400
-5100

-6625
-10275
-9550
-5225
-2400
-1950
-3775
-6075
-7025
-4400
850
1450
-1825
-3400
-4750
-2875
1450
3325
1100
-3300
-3525
-1700
1175
3825
1875
-2550
-5100
-3575
1225
2275
775
-3500
-7575
-6600
-2350
25
-1700
-7225
-10900
-10825
-7700
-4100
-5375
-10875
-15975
-16800
-12575
-9975
-10075
-14825
-21500
-22375
-18975
-14475
-15250
-20125
-24700
-27725
-24575
-19125
-18975
-23275
-28500
-30150
-28600
-24250
-20850
-24350
-30850
-32600
-30150
-25650
-23250
-24550
-29375
-33600
-30725
-25800
-23650
-24175
-27550
-31300
-30650
-26125
-21550
-22225
-25975
-28475
-29075
-24600
-20075
-19900
-22475
-26475
-26025
-22900
-19225
-17250
-19450
-22725
-23625
-21675
-16600
-15200
-16750
-19175
-21175
-19225
-14900
-12875
-13150
-17075
-17450
-16375
-13950
-10175
-10050
-12850
-15550
-13950
-10400
-8475
-7225
-8500
-12225
-11950
-7800
-4925

-4750
-5550
-7500
-9225
-7075
-1625
-1050
-3225
-4550
-5825
-4650
-675
2000
225
-3625
-3750
-2375
-75
3250
2525
-1425
-4350
-2675
1250
2725
2775
-450
-5475
-4725
-850
2025
875
-3025
-6325
-7900
-5025
-1200
-1900
-6050
-10725
-12025
-9750
-6450
-5650
-9675
-16300
-17525
-15300
-11400
-11050
-15150
-19575
-23675
-21375
-16475
-15850
-19225
-24525
-27125
-26650
-22300
-19000
-22225
-27525
-30425
-29675
-25725
-22425
-23375
-28500
-33025
-30625
-26925
-24375
-23975
-27575
-31975
-32075
-27225
-23325
-23575
-25975
-29200
-31175
-27375
-21875
-21400
-24075
-27500
-27550
-25650
-21725
-18625
-21150
-24325
-25350
-23625
-19125
-17500
-17675
-20675
-23300
-21325
-17500
-14775
-15025
-18125
-19400
-18850
-16550
-12300
-12400
-14475
-16800
-16225
-13700
-10850
-9300
-10650
-14050
-13850
-11000
-7825
-7050
-7575
-9700
-11200
-9250

-4525
-3600
-4850
-5975
-8050
-6750
-2975
-50
-1200
-4250
-4775
-4025
-1875
2025
2000
-1500
-3875
-3000
250
2325
3375
600
-3750
-3425
-125
2800
2800
-175
-3650
-5450
-2725
1250
1050
-1875
-6350
-8250
-6500
-3175
-1550
-5225
-10600
-12700
-11600
-7750
-6625
-9675
-14575
-18725
-17050
-13225
-12175
-14175
-19650
-23150
-23375
-19500
-16000
-18700
-23575
-27400
-27450
-24275
-20850
-20950
-26050
-31125
-29925
-26450
-23900
-23350
-26575
-31200
-32150
-28450
-24050
-24000
-26225
-29900
-31975
-28925
-23925
-22250
-24950
-28625
-29575
-27725
-23875
-20350
-22550
-25550
-27250
-26000
-21675
-19325
-19050
-22325
-25050
-23500
-20000
-17000
-16500
-19700
-21550
-21250
-18475
-14425
-14325
-16100
-18600
-18700
-16175
-13275
-11050
-12550
-15875
-15900
-13700
-10500
-9050
-9425
-11475
-13825
-11500
-7225
-6050
-6875
-7650
-10150

-9350
-5575
-2200
-3150
-5625
-6425
-6050
-4150
225
525
-2475
-4700
-3775
-1475
800
3175
650
-3300
-3175
-350
2375
3200
1400
-1600
-4225
-1325
2500
2750
675
-2900
-5475
-4075
-550
1550
-1400
-6125
-8550
-8100
-4575
-2900
-4750
-9450
-13950
-12925
-9550
-8175
-9350
-14300
-18225
-19050
-16200
-12500
-14450
-18925
-23075
-24200
-21700
-18125
-17675
-22800
-27725
-28025
-25625
-22350
-21325
-24700
-29650
-31050
-28375
-24425
-23875
-24975
-29325
-32650
-29650
-24975
-23600
-25625
-28400
-30775
-29900
-25375
-21850
-24125
-26900
-28325
-28000
-24325
-21225
-20500
-23950
-26900
-25375
-22650
-19050
-18450
-20900
-23400
-23650
-20525
-16925
-16600
-17650
-20175
-20900
-18625
-15775
-13025
-14650
-17625
-17950
-16475
-12900
-11325
-11400
-13550
-16000
-13925
-10325
-8750
-8750
-9925
-12050
-12200
-8325
-4850
-5575
-7425

-8325
-8575
-6825
-2125
-1825
-4150
-6100
-5425
-3675
-1325
1600
-375
-4150
-4025
-1700
1175
2475
1875
-1025
-4175
-1250
2475
2925
2075
-650
-3450
-2775
625
3300
875
-2325
-4975
-5400
-2325
375
-1025
-5200
-9125
-8925
-6525
-4300
-4700
-9200
-13300
-14575
-12500
-8725
-10100
-13525
-18050
-20275
-18250
-14825
-14000
-18500
-23200
-24625
-23600
-20125
-18650
-21500
-26775
-29125
-26850
-23500
-22675
-23600
-27625
-31800
-30050
-25325
-23375
-25000
-28300
-30750
-31025
-26925
-23075
-24450
-27400
-29775
-29325
-26525
-23075
-21925
-25225
-28075
-27275
-25075
-21200
-20125
-22450
-25000
-25875
-22725
-19400
-18300
-19150
-21925
-22900
-20850
-17875
-15450
-16400
-19050
-19850
-19075
-15525
-13325
-13575
-15500
-17725
-16100
-13200
-11175
-10700
-12250
-14050
-14150
-11250
-7750
-7900
-9250
-10325
-11200
-9300
-5075
-4250

-6000
-8025
-7575
-6300
-3800
-675
-2125
-5075
-5325
-3600
-1025
800
800
-1600
-4425
-1800
1025
2400
1975
-175
-2450
-2400
875
3650
2425
-300
-2575
-3500
-675
2050
1775
-1675
-5025
-5575
-3750
-1500
-1000
-4700
-8450
-10275
-8400
-5200
-5950
-8700
-12825
-15525
-14150
-11225
-9775
-13550
-18450
-19950
-19900
-16950
-15275
-17425
-22775
-25775
-23925
-21575
-20400
-21025
-25250
-29275
-28400
-24650
-22800
-23900
-26625
-30175
-30975
-26750
-23250
-24875
-27300
-29900
-30275
-28025
-24075
-23025
-26425
-28900
-28425
-27175
-23575
-21675
-23475
-26350
-27975
-24475
-21600
-20550
-20725
-23375
-24775
-23300
-20100
-17425
-18625
-20450
-21775
-21275
-18025
-15450
-15450
-17200
-19850
-18025
-15675
-13875
-13025
-14150
-15850
-16575
-13625
-10425
-10600
-11200
-12275
-13450
-11825
-7725
-6600
-8550
-9925
-9600
-8975
-6500

