
Curva de Excitacao - Bobina Girante (Dados Brutos)

Arquivo..............: C:\Arq\Wiggler\Medidas Wiggler - Corretoras\Bobina Tungstenio\Gap200\Translado200_X=16_#004.dat
Data.................: 26/01/2005
Hora.................: 11:13:19
Ganho................: 20
N. de Coletas........: 1
N. de Voltas.........: 10
Intervalo de Análise.: 4 - 8

-2500
-3375
-5950
-8025
-8450
-5100
-500
1000
-2525
-6625
-5925
-3850
300
2975
550
-4150
-5350
-3075
975
3000
1500
-2875
-6575
-3650
375
2500
450
-4850
-7925
-7375
-2200
675
-2375
-6800
-12150
-12075
-7500
-4400
-5400
-51000
-16800
-17875
-13900
-10000
-10800
-16975
-21975
-24200
-20100
-15750
-16850
-21900
-27850
-29575
-26675
-22475
-20275
-26550
-32625
-34025
-32075
-26650
-24900
-28025
-35125
-38275
-34050
-29175
-27700
-29400
-35100
-38150
-36425
-29875
-27100
-29775
-33225
-37050
-36125
-30075
-25475
-26825
-31225
-35075
-33325
-28675
-23925
-23125
-27825
-30850
-30375
-27150
-21475
-20350
-22875
-26950
-27750
-23850
-19325
-16700
-19075
-23225
-23825
-21100
-16750
-13525
-15275
-18775
-20600
-18850
-14000
-11550
-11325
-14350
-17950
-15850
-11550
-8675
-8325
-10850
-13050
-13800
-9675
-5050
-5650
-7375
-9500
-10525

-7850
-2975
-975
-4400
-7650
-6975
-5600
-1550
1600
-725
-4825
-5750
-3425
25
2175
1925
-2450
-5750
-3250
1075
2875
1775
-2125
-5550
-5450
-275
2575
275
-3725
-7750
-8025
-4200
-1000
-1425
-6975
-12025
-12550
-9625
-5600
-5825
-11175
-16925
-19050
-15575
-11250
-12100
-16500
-22550
-24700
-22325
-18575
-16450
-22075
-27775
-30375
-28550
-23775
-22175
-24950
-31850
-35650
-32475
-28050
-25925
-27725
-33725
-37625
-35875
-30400
-27750
-29500
-33050
-37450
-37325
-31325
-27400
-28325
-32475
-35800
-35475
-31425
-25825
-25325
-29900
-33275
-32650
-29600
-24400
-22750
-25100
-29450
-30575
-26500
-22275
-19650
-21400
-25300
-26525
-24275
-19125
-16625
-18200
-20900
-23050
-21250
-16650
-14100
-13800
-16525
-20325
-18450
-14300
-10825
-10725
-13200
-15675
-16300
-11775
-7850
-8000
-9425
-11825
-12875
-10175
-5600
-3500
-6525
-8975

-9150
-7825
-3325
-700
-2575
-6250
-7275
-4725
-1375
575
875
-2875
-6175
-3875
250
2300
1925
-1150
-4750
-4700
150
3275
1625
-1150
-4950
-5825
-2075
1100
1125
-3425
-7425
-8400
-6150
-2000
-2025
-6500
-11625
-13875
-10925
-6925
-6950
-11100
-16975
-19400
-17450
-13700
-12000
-16900
-22100
-25175
-24525
-19700
-18400
-21100
-27725
-31400
-29200
-25800
-23475
-25175
-30800
-35450
-34300
-28850
-26625
-28600
-31925
-36600
-37300
-31925
-27575
-28500
-33200
-36225
-36725
-33300
-27575
-27050
-31400
-34975
-34875
-31825
-26825
-25250
-27600
-31650
-32825
-29150
-25050
-22375
-23725
-27950
-29350
-27050
-21800
-19400
-20575
-23350
-25925
-24125
-19700
-16650
-16450
-19300
-22225
-21025
-17425
-13725
-13000
-15775
-17850
-18850
-14350
-10400
-10725
-11675
-14400
-15250
-12550
-8050
-6150
-9150
-10975
-11475
-10575
-5900
-2925
-4625

-8175
-8975
-6725
-3875
-1475
-500
-4325
-7025
-4625
-1475
750
975
-1225
-4700
-4700
-125
2850
1675
-75
-3350
-4450
-1000
2475
2650
-1375
-4225
-5275
-3975
625
1025
-2825
-7375
-9325
-6850
-3825
-2625
-6025
-11650
-14400
-12425
-8950
-7575
-11525
-16450
-19875
-19575
-15250
-13625
-16100
-22050
-26875
-24800
-22150
-19275
-21300
-27000
-31425
-31225
-26350
-24525
-25600
-29775
-34925
-35100
-30675
-27250
-27700
-31775
-35725
-36875
-33575
-27825
-27875
-32075
-35450
-36100
-33525
-28650
-26725
-29250
-33975
-34300
-31350
-27925
-24725
-25800
-30225
-32050
-29425
-24350
-22275
-23075
-25500
-28725
-26425
-22275
-19250
-19050
-22000
-24150
-23475
-19925
-16125
-15550
-18050
-20425
-21050
-16950
-12950
-13100
-14100
-16800
-17400
-14700
-10850
-8625
-11450
-13000
-13675
-12800
-8175
-5875
-6825
-10075
-11175
-8925
-6150
-3625

-3050
-6450
-8350
-6425
-3575
-1350
-700
-2500
-5850
-5675
-1150
1550
875
-250
-3475
-4325
-1125
2650
2900
-350
-2550
-3850
-2650
1800
2900
-450
-4250
-6050
-3825
-1225
600
-2150
-7350
-9700
-8400
-4975
-3300
-6350
-11275
-14525
-14300
-10700
-9050
-11175
-16350
-21075
-20050
-17550
-14900
-16400
-22075
-26550
-26900
-22725
-20950
-22350
-25625
-31500
-32500
-28100
-24850
-25950
-30000
-33250
-35675
-33075
-27350
-26950
-31775
-35275
-36000
-33975
-29575
-27575
-30200
-35025
-35650
-32975
-29425
-26850
-27775
-31750
-34350
-31850
-27125
-24550
-25600
-27925
-31425
-29200
-24825
-22175
-21800
-24550
-26725
-26625
-22775
-18550
-18575
-20525
-22775
-23600
-19900
-15775
-15200
-16750
-19250
-19650
-17350
-13700
-11400
-13900
-15175
-16400
-15175
-10900
-8550
-9475
-12400
-13500
-11175
-8825
-5875
-5450
-8600
-10825
-8850
-5475

-3750
-2575
-4125
-7400
-7600
-3100
-300
-500
-1475
-4025
-5175
-2450
1950
2075
-600
-2250
-3150
-2400
1975
3625
575
-2625
-4225
-2000
300
2675
900
-4400
-6575
-5050
-1975
-150
-2300
-6000
-10475
-9875
-6400
-4700
-6325
-10850
-15250
-15300
-12950
-9975
-11400
-17050
-21100
-21775
-18550
-16425
-17925
-21250
-26825
-28050
-24900
-21950
-22375
-26600
-30350
-33100
-30750
-25750
-25850
-29375
-33500
-35450
-33575
-29275
-27125
-30275
-34900
-35700
-34000
-30950
-27925
-28975
-33425
-35900
-33325
-29125
-27375
-27050
-29825
-33850
-32000
-27100
-24475
-24500
-27050
-29000
-29250
-25800
-21250
-21300
-23025
-25525
-25850
-22725
-18800
-17500
-19325
-22225
-22475
-19800
-16100
-14300
-16100
-17875
-18900
-17700
-13475
-11150
-11925
-14625
-15875
-13825
-11875
-8375
-7975
-11175
-12500
-11200
-8125
-6325
-5200
-6400
-9625
-9225

-5375
-2950
-2650
-3300
-6000
-7000
-3975
300
375
-1675
-2900
-4325
-3275
1200
2975
850
-1975
-3250
-2175
500
3325
2150
-2275
-4075
-2900
-650
1650
475
-2800
-6775
-5850
-2975
-1750
-2125
-6525
-10450
-10825
-8275
-5600
-6925
-11025
-15650
-16950
-14050
-11725
-12800
-16075
-21650
-22775
-20825
-18200
-18050
-22125
-25750
-28975
-27225
-23250
-22950
-26275
-30350
-32675
-31750
-28150
-25725
-28775
-33775
-35075
-33500
-30875
-28600
-28900
-33250
-36400
-34775
-30675
-28850
-28525
-31175
-35100
-34025
-29875
-26625
-26650
-29100
-31350
-31375
-28475
-24050
-24025
-25100
-27800
-28575
-25750
-21900
-20050
-21775
-24100
-25000
-22950
-18950
-16925
-18075
-20275
-21400
-20200
-16450
-14125
-14200
-16475
-18125
-16475
-14350
-11125
-10525
-13400
-14900
-13925
-10825
-8725
-7675
-8625
-11650
-11625
-7900
-5675
-4775
-5125
-7625

-9275
-6475
-2075
-1850
-3350
-4275
-5500
-4975
-350
1025
-275
-2675
-3475
-2375
-325
2925
2275
-1750
-3350
-1675
325
2675
2075
-550
-4575
-3675
-800
625
625
-2600
-6275
-7200
-4800
-1900
-3225
-6400
-10125
-11975
-9800
-7325
-7800
-11025
-15775
-17500
-15600
-13725
-13425
-17050
-20700
-24100
-22750
-19125
-19150
-21950
-26300
-29200
-28400
-25625
-23300
-26100
-30650
-33075
-32250
-29575
-27300
-28250
-32625
-35350
-34425
-31425
-29125
-28925
-31850
-36075
-35050
-30825
-28475
-28750
-30300
-33150
-34375
-30550
-26025
-26650
-28025
-29950
-31125
-28775
-24975
-22375
-24375
-27450
-27175
-25550
-22025
-19725
-20900
-22975
-24425
-22250
-19125
-16925
-17150
-19000
-21000
-19275
-16825
-13450
-13300
-15725
-17150
-16900
-13575
-11275
-10300
-11275
-14100
-13825
-10875
-8600
-7525
-7875
-9950
-11350
-8525
-4850
-4300
-5450

