
Curva de Excitacao - Bobina Girante (Dados Brutos)

Arquivo..............: C:\Arq\Wiggler\Medidas Wiggler - Corretoras\Bobina Tungstenio\Gap200\Translado200_X=-14_#007.dat
Data.................: 26/01/2005
Hora.................: 09:16:33
Ganho................: 20
N. de Coletas........: 1
N. de Voltas.........: 10
Intervalo de Análise.: 4 - 8

-12875
-11775
-10275
-10150
-10775
-9000
-9200
-9275
-7100
-6800
-7150
-7025
-6200
-6050
-5650
-3500
-3800
-5325
-4300
-3925
-3125
-2425
-2825
-2900
-3975
-2925
-2250
-2800
-2125
-3450
-3950
-4150
-3625
-2750
-3775
-5275
-5900
-6775
-6025
-5775
-6450
-7800
-9550
-9625
-9600
-10275
-10450
-11925
-12750
-13875
-14525
-13500
-15250
-16325
-17225
-18525
-18525
-18500
-18200
-20150
-22125
-21600
-22275
-22350
-21625
-23125
-24475
-24550
-24600
-24500
-25100
-24150
-25550
-26850
-25900
-25225
-25325
-25850
-26250
-26525
-26775
-25600
-24550
-26100
-25975
-25750
-26200
-25325
-24825
-23875
-24850
-25900
-24400
-24900
-23650
-23000
-23775
-23525
-23750
-23050
-22225
-22125
-21725
-22075
-22225
-21375
-21525
-19900
-19450
-20800
-20075
-19850
-18825
-18400
-17675
-17250
-18500
-17500
-16275
-16425
-15150
-14450
-14850
-15025
-14275
-12525
-12550
-12425

-11300
-11850
-11650
-9550
-9175
-8750
-9075
-8300
-8400
-7900
-5675
-5225
-6475
-5525
-5500
-4875
-3900
-3150
-3150
-4425
-3100
-2775
-3125
-1775
-2275
-3150
-3175
-3175
-1575
-2475
-2950
-3375
-4675
-3925
-3725
-3775
-4575
-6125
-6525
-6725
-6950
-6775
-8150
-9000
-10400
-11275
-10325
-11425
-11825
-13075
-15150
-15000
-15425
-14975
-16275
-18300
-18475
-19750
-19400
-18775
-20150
-21575
-22700
-22525
-22800
-23100
-22300
-23600
-25525
-25200
-24800
-24300
-24600
-25350
-25900
-26925
-25950
-24850
-25725
-25475
-26000
-26450
-26025
-25550
-24775
-25025
-25950
-25525
-25950
-24275
-23800
-24750
-24250
-24925
-24275
-23700
-23200
-22525
-23300
-23150
-22650
-23025
-21775
-21000
-21325
-21425
-21450
-20650
-19950
-19600
-18850
-19900
-19350
-18450
-18425
-17225
-16875
-16600
-17225
-16525
-15325
-15000
-14275
-13400
-14325
-13850
-12275
-11800

-11400
-10875
-10350
-10650
-10700
-7950
-7725
-8300
-7225
-7475
-7400
-6125
-4625
-4725
-5675
-4375
-4425
-4550
-2575
-2375
-3225
-3325
-3225
-2225
-2500
-1575
-2000
-3625
-2750
-2525
-2525
-2400
-3375
-3900
-4850
-4550
-3750
-5000
-5475
-6700
-7825
-7475
-7600
-7650
-9125
-11100
-11425
-12300
-11275
-12075
-14200
-14525
-16000
-16200
-15975
-16425
-17700
-19725
-19550
-20000
-20800
-19825
-21125
-22675
-23350
-23275
-23150
-22925
-23575
-24575
-25900
-24975
-24700
-25400
-24625
-25425
-26300
-26400
-25700
-24825
-25250
-25650
-25575
-26725
-25700
-24400
-24800
-24950
-25525
-24650
-24900
-24700
-23100
-24125
-23925
-23775
-23975
-23050
-22575
-22100
-22275
-22900
-22050
-21750
-21150
-20375
-21150
-20725
-19950
-20400
-19025
-18675
-18150
-18900
-18275
-17400
-17425
-16275
-15400
-16500
-16000
-14875
-14275
-13900
-13175
-12650
-13025
-12975

-11000
-10500
-10450
-9300
-9925
-9575
-8700
-7000
-6700
-7525
-6150
-6300
-6250
-4700
-3800
-4200
-4450
-4125
-3250
-3425
-1675
-2025
-3525
-3000
-2425
-2150
-1450
-2000
-2325
-3500
-3200
-2575
-2900
-2750
-3825
-4875
-5050
-5175
-4750
-5450
-7200
-7775
-8625
-8300
-8525
-9575
-10450
-12225
-12550
-12450
-13225
-13500
-15225
-15925
-17050
-17475
-16800
-17975
-19275
-20125
-20925
-21200
-21150
-20750
-22150
-23950
-23325
-23100
-24325
-23475
-23900
-25125
-25850
-25250
-24700
-25300
-24850
-25225
-26600
-25850
-25025
-24675
-25100
-25725
-25475
-25750
-25200
-23900
-24750
-24400
-24350
-25000
-24100
-23700
-22775
-23075
-23900
-23000
-23175
-22175
-21475
-22225
-22075
-21775
-21625
-20500
-20475
-19700
-19950
-20225
-19375
-19075
-18050
-17450
-18125
-17875
-17425
-16525
-16200
-15350
-14675
-15425
-15025
-13550
-13300
-12950
-11525
-12050

-12050
-11350
-9625
-9400
-9725
-8125
-8600
-8600
-6925
-6075
-6025
-6150
-5500
-5150
-5275
-3175
-2900
-3975
-3775
-3175
-2700
-2250
-1725
-1725
-3150
-2675
-1925
-2150
-1525
-2225
-2800
-3525
-3400
-2600
-3175
-4275
-4725
-5950
-5600
-5575
-6050
-6700
-8500
-9125
-9075
-9800
-9825
-11075
-11775
-13475
-14250
-13475
-14475
-15350
-16325
-17675
-18275
-18325
-17725
-19050
-20975
-20850
-21500
-22150
-21475
-21775
-23450
-24050
-24150
-24100
-24325
-23650
-24050
-26200
-25575
-25100
-24750
-25100
-25225
-25350
-26525
-25250
-24200
-25175
-25100
-24850
-25450
-25075
-24775
-23100
-23950
-24775
-23850
-24300
-23300
-22575
-22775
-22800
-23175
-22550
-21900
-21850
-20825
-21350
-21200
-20800
-21025
-19600
-18775
-19700
-19375
-19100
-18150
-18225
-17275
-16350
-17325
-16875
-16000
-15550
-15200
-13825
-14000
-14200
-14050
-12175
-11850
-11950

-10450
-10775
-10825
-9575
-8525
-8175
-8375
-7425
-6950
-7675
-5475
-4850
-5375
-5200
-4475
-4175
-3775
-2675
-2350
-3575
-2800
-2100
-2575
-1625
-1525
-2025
-2525
-2550
-1725
-1650
-2225
-2525
-3750
-3500
-3375
-3325
-3800
-5275
-5575
-6325
-6600
-6475
-7275
-8050
-9600
-10450
-10175
-10850
-11025
-12250
-14000
-14625
-14950
-14525
-15625
-17025
-17525
-18675
-19425
-19025
-19100
-20575
-21975
-21675
-22325
-23200
-22000
-22100
-24650
-24750
-24150
-24125
-24525
-24300
-24850
-26125
-25650
-24425
-25000
-25000
-24950
-25675
-25725
-25500
-24000
-24500
-25125
-24700
-25275
-24300
-23600
-23600
-23600
-24225
-23450
-23250
-23000
-21925
-22475
-22350
-22250
-22275
-21275
-20725
-20600
-20525
-20950
-19975
-19775
-19250
-18100
-18875
-18550
-17950
-17700
-17225
-16150
-15775
-16475
-16050
-14725
-14450
-14050
-12675
-13475
-13225
-11950
-11375

-10825
-10625
-9725
-9725
-10150
-7950
-7425
-7475
-6975
-6675
-6550
-6025
-4650
-3850
-4825
-4100
-3500
-3850
-2900
-1950
-1950
-3050
-2675
-1575
-2100
-1400
-1250
-2625
-2600
-2325
-2050
-2075
-2675
-3100
-4150
-4600
-3800
-4450
-4600
-5950
-7025
-7125
-7850
-7475
-8275
-10025
-11025
-11475
-11150
-12000
-13275
-13550
-15625
-15975
-15925
-16075
-17075
-18325
-18925
-19950
-20475
-19725
-20175
-21850
-22425
-23050
-22875
-22825
-22825
-23475
-25100
-24775
-24200
-24950
-24175
-24525
-25300
-26000
-25550
-24375
-25150
-24800
-24650
-26150
-25275
-24175
-24250
-24175
-24700
-24175
-24600
-24450
-22825
-23350
-22975
-23200
-23400
-22775
-22275
-21425
-21550
-22175
-21575
-21450
-20625
-19850
-20225
-19950
-19625
-19825
-18875
-18100
-17450
-18000
-17950
-17150
-16900
-16125
-14875
-15200
-15625
-14525
-13800
-13500
-12925
-11625
-11925
-12775

-10400
-10075
-9925
-9100
-8725
-8800
-8625
-6650
-5925
-7025
-5525
-5375
-5725
-4750
-3525
-2950
-3925
-3200
-2900
-3075
-1925
-1175
-2275
-2425
-2075
-1725
-1475
-1500
-1225
-2675
-3025
-2325
-2575
-2250
-3000
-4125
-4700
-4975
-4575
-5000
-6125
-7000
-8150
-7900
-8525
-9200
-9575
-11475
-12175
-12775
-12850
-12875
-14500
-15025
-16500
-17550
-17000
-17000
-18450
-19525
-20075
-20950
-21175
-20575
-20950
-23200
-23375
-22675
-23900
-23575
-23325
-23650
-25100
-25325
-24125
-24950
-24450
-24425
-25350
-25875
-25100
-24450
-24250
-25200
-24525
-24875
-25150
-23925
-23975
-23550
-23975
-24150
-23750
-23750
-22425
-22500
-22850
-22650
-22825
-22150
-21200
-21450
-21225
-21050
-21075
-20600
-20150
-18875
-19425
-19725
-18675
-18925
-18150
-16825
-17050
-17225
-16975
-15925
-16000
-15150
-14000
-14200
-14700
-13250
-12975
-12450
-11350
-11075

