
Curva de Excitacao - Bobina Girante (Dados Brutos)

Arquivo..............: C:\Arq\Wiggler\Medidas Wiggler - Corretoras\Bobina Tungstenio\Gap200\Translado200_X=1_#022.dat
Data.................: 26/01/2005
Hora.................: 09:42:36
Ganho................: 20
N. de Coletas........: 1
N. de Voltas.........: 10
Intervalo de Análise.: 4 - 8

-6950
-6725
-6475
-7625
-9250
-6000
-3875
-4125
-5200
-5975
-5300
-4100
-525
175
-3125
-5150
-4700
-3050
550
2200
750
-3350
-5600
-3075
-425
1450
1025
-2925
-5250
-5025
-1800
-225
-2150
-4925
-8100
-7875
-4675
-3100
-3850
-51000
-12625
-12550
-10575
-7075
-7675
-12300
-17000
-18875
-15325
-12950
-13600
-16325
-21650
-23300
-21425
-17575
-17800
-21925
-25200
-27325
-26375
-21875
-20350
-24625
-28975
-30875
-28875
-25325
-23525
-24625
-30275
-31900
-29975
-27250
-24650
-25575
-28950
-31850
-31350
-25850
-24400
-25000
-27550
-30875
-29950
-25675
-22200
-22500
-26075
-27725
-27850
-25825
-20925
-20350
-22150
-25150
-25925
-23225
-20325
-18425
-19400
-22550
-22975
-21200
-18350
-16025
-17675
-19025
-19925
-19875
-16150
-13775
-13850
-16450
-18050
-16450
-14725
-12150
-10425
-12900
-14750
-13975
-11800
-9475
-8925
-8875
-10575
-12450

-8600
-6400
-5750
-6400
-7850
-8175
-7625
-3275
-1750
-4025
-5050
-5500
-5425
-2300
325
-75
-3375
-4525
-3075
-1425
1025
1300
-2125
-4525
-3625
-675
1125
-100
-1825
-5975
-6000
-3050
-700
-675
-4425
-8025
-9275
-7900
-4100
-4025
-7725
-12025
-13900
-12075
-9400
-9025
-11650
-16925
-18950
-17550
-14625
-13475
-16900
-20975
-24250
-23700
-19425
-17625
-20600
-24975
-28125
-27925
-24425
-21350
-22750
-28075
-30725
-29325
-27550
-24425
-24275
-27725
-31750
-32050
-27025
-25450
-24750
-27275
-31075
-31475
-28275
-23900
-23675
-26675
-28250
-29150
-28125
-22975
-21975
-23250
-26450
-27650
-25425
-22475
-19650
-20750
-24025
-24725
-23825
-20350
-17875
-18625
-20300
-22250
-21925
-18750
-15925
-15250
-17500
-19900
-18800
-17350
-13975
-12625
-14375
-16425
-16475
-14350
-11800
-11025
-10550
-12850
-14400
-11450
-9000
-7675
-7775
-9500

-10575
-10375
-5875
-3900
-5500
-5925
-7325
-7300
-4650
-1650
-875
-4175
-4825
-4150
-3200
-25
1100
-1275
-4025
-3500
-1125
775
925
150
-3725
-4550
-2000
625
825
-1350
-4250
-6150
-5600
-1250
-975
-3550
-7175
-9725
-8650
-6150
-4775
-6575
-11825
-14250
-13600
-11275
-9575
-11650
-15250
-19500
-20175
-16175
-14475
-16200
-20575
-24050
-24600
-22425
-18750
-19575
-24575
-28050
-27900
-26375
-23075
-22400
-25675
-30125
-31600
-27700
-25550
-24100
-25900
-30600
-32000
-29550
-25350
-24475
-26375
-28550
-31150
-29425
-25000
-23500
-24500
-27175
-28700
-28050
-24825
-20975
-21750
-25225
-26375
-26075
-22900
-20200
-19925
-21425
-24125
-23625
-21175
-18475
-17200
-18875
-21250
-21100
-19750
-16275
-14525
-16325
-18200
-18575
-16950
-14300
-12675
-12550
-15050
-16425
-14175
-11900
-10225
-9875
-11125
-12725
-12850
-8600
-6675
-7800

-7575
-9150
-9525
-7050
-4000
-2925
-5725
-5950
-5925
-5600
-1975
-225
-1950
-4700
-4200
-2550
-700
725
675
-2875
-3975
-1775
325
1200
375
-1875
-4225
-4275
100
650
-750
-3375
-6375
-5950
-3800
-1350
-2775
-7000
-9625
-9900
-8150
-5875
-6850
-10275
-14400
-15575
-13025
-10825
-11500
-15050
-19450
-20725
-18975
-15750
-15975
-19975
-23650
-25125
-24025
-20675
-19825
-22925
-27225
-29200
-26825
-24875
-22900
-23825
-29300
-31250
-29350
-25625
-24550
-25925
-27725
-31600
-30325
-26275
-24275
-24825
-27875
-29300
-29575
-26925
-22875
-22800
-26025
-27675
-27750
-24800
-21950
-21275
-22600
-26000
-25100
-23100
-20550
-18900
-20350
-22300
-23150
-21850
-18275
-16850
-17750
-19450
-20700
-19100
-16500
-14900
-14575
-16875
-17900
-16550
-14675
-12550
-12125
-13000
-14950
-15000
-11525
-9500
-9825
-9550
-11450
-11975
-9425
-6825

-5725
-7625
-7450
-8175
-7925
-4075
-2475
-3550
-5525
-5675
-4225
-2775
-375
-25
-3450
-4425
-2575
-550
475
975
-750
-3325
-3550
175
1275
850
-725
-4050
-4175
-2175
425
-100
-3375
-5550
-6825
-5275
-2700
-3250
-5850
-9775
-11225
-9450
-7625
-7125
-9725
-14325
-16250
-15675
-12050
-11800
-15200
-18650
-21150
-20825
-17875
-16500
-18875
-23500
-25600
-24625
-23150
-20925
-21825
-25925
-29350
-28500
-25400
-23625
-24700
-26475
-30925
-30400
-26725
-24925
-24950
-27575
-29425
-30825
-28400
-24175
-24225
-26250
-28350
-29300
-27200
-23875
-22275
-23950
-26975
-26675
-25175
-23050
-20625
-21425
-23575
-25025
-23850
-20300
-18875
-19000
-20775
-22475
-21475
-18925
-16650
-16250
-18450
-19575
-18725
-17225
-14575
-14000
-14775
-16825
-17225
-14100
-12100
-11875
-11850
-13450
-14225
-12500
-9075
-7975
-9900
-9550
-10375
-10625

-6975
-4950
-5700
-7400
-7525
-6200
-5550
-2175
-1625
-4700
-5500
-4125
-2150
-1050
375
-800
-3600
-3825
-400
950
900
350
-2450
-3475
-1575
1550
1300
-1250
-2625
-4375
-3550
-700
-225
-2200
-5925
-7250
-6400
-4750
-3325
-5200
-9425
-11700
-11500
-8700
-7950
-10425
-13525
-16825
-16700
-14425
-12925
-14950
-18600
-21000
-22150
-20650
-17175
-18300
-23225
-25800
-25825
-24475
-22425
-21550
-24175
-29800
-29200
-25875
-24925
-24575
-26125
-28550
-31200
-29200
-24225
-24825
-26700
-28500
-29775
-29275
-26025
-22300
-24875
-28475
-28175
-26650
-25375
-22425
-22175
-24825
-27000
-25650
-22400
-21150
-20275
-22000
-24250
-23600
-21150
-18400
-18075
-19825
-21225
-21075
-19450
-16550
-15700
-16475
-18400
-19125
-16700
-14950
-13350
-13425
-15525
-16350
-14725
-11900
-10600
-11450
-11400
-12900
-12750
-9350
-7625
-7875
-9025
-9675

-9050
-8025
-4550
-3675
-6300
-7125
-6250
-4575
-2850
-1150
-1725
-4950
-4850
-2025
-625
275
550
-1975
-3850
-1900
1300
1725
125
-1150
-2925
-2650
325
1550
250
-3150
-4100
-4025
-2600
-325
-1400
-5075
-8000
-7925
-5425
-4650
-5300
-8275
-12175
-12850
-10575
-9200
-10100
-13600
-16350
-17900
-17075
-14175
-14425
-17975
-21925
-22800
-21300
-19825
-18850
-20925
-25950
-27475
-25125
-23000
-22575
-24325
-26825
-29875
-29175
-24600
-24175
-25600
-27625
-30275
-29750
-27075
-23550
-25350
-28175
-28950
-29050
-26600
-23800
-23575
-25900
-28100
-27450
-24850
-23150
-21575
-22875
-26000
-25750
-23450
-20250
-19900
-21000
-22275
-23350
-21850
-18825
-17625
-18125
-19950
-20600
-19400
-17275
-15325
-14950
-17275
-18325
-17300
-14525
-12975
-13250
-13250
-15425
-15225
-12300
-10100
-10125
-10975
-11700
-11625
-11125
-7000
-6150
-8225

-8725
-8475
-7225
-5375
-3475
-3700
-6425
-6275
-4225
-2875
-1225
-950
-2500
-4700
-3150
25
800
50
-525
-2575
-2775
350
1850
1225
-1025
-2400
-2700
-1775
1300
725
-1950
-4500
-5050
-3150
-2100
-1800
-4050
-7775
-8900
-7325
-5500
-5825
-8550
-11500
-13450
-13475
-10475
-10300
-13150
-16600
-18800
-18175
-16650
-15200
-16900
-21700
-23700
-22900
-21125
-20025
-21225
-24050
-27825
-27125
-23825
-23300
-24275
-25700
-29275
-29725
-27275
-23350
-25075
-27900
-28900
-29800
-27925
-24875
-23875
-26625
-29175
-28325
-26850
-25125
-22925
-24025
-26750
-27500
-25550
-22600
-21675
-22375
-23550
-25300
-23750
-21150
-19425
-19800
-21375
-22075
-21525
-20025
-17200
-16725
-18650
-19900
-19475
-17100
-15250
-15100
-15025
-17150
-17375
-14925
-12950
-12150
-13025
-13350
-14150
-13625
-9925
-8750
-10275
-10650
-10750
-10100
-8550
-5750

