
Curva de Excitacao - Bobina Girante (Dados Brutos)

Arquivo..............: C:\Arq\Wiggler\Medidas Wiggler - Corretoras\Bobina Tungstenio\Gap200\Translado200_X=-15_#006.dat
Data.................: 26/01/2005
Hora.................: 09:15:01
Ganho................: 20
N. de Coletas........: 1
N. de Voltas.........: 10
Intervalo de Análise.: 4 - 8

-11850
-11875
-10250
-9475
-10625
-10025
-9200
-8775
-8875
-7675
-6325
-6625
-5850
-4700
-5800
-6400
-5050
-4525
-3650
-2625
-2200
-3400
-5075
-3500
-3450
-2575
-1700
-2750
-3050
-3725
-3525
-3175
-4200
-4125
-4725
-5000
-4950
-5075
-5275
-7275
-8825
-8475
-8650
-7850
-8575
-10300
-11625
-13600
-12800
-12725
-14200
-14050
-15475
-16600
-16850
-17250
-17700
-19725
-20400
-20100
-21150
-20475
-20300
-22425
-24175
-24675
-23400
-23650
-24000
-23400
-25850
-26175
-25275
-25675
-25300
-25775
-25500
-26850
-26775
-25075
-25300
-25950
-26250
-26975
-26425
-25325
-24625
-24625
-26125
-25600
-25775
-25875
-23800
-23950
-23800
-24400
-24650
-23950
-23825
-22850
-22475
-23375
-22375
-22225
-22300
-21150
-21400
-21375
-20675
-20975
-19925
-19775
-18575
-18725
-20125
-18350
-18300
-17600
-16375
-15725
-16075
-16575
-15475
-14450
-15225
-12925
-12425
-13575

-12475
-11700
-10700
-10825
-10400
-9175
-9975
-8900
-7175
-7550
-7475
-6675
-6550
-6300
-5375
-3775
-4525
-5400
-4075
-3875
-3775
-2475
-3000
-3250
-3775
-2750
-2450
-3275
-2350
-3675
-4000
-3600
-3650
-2825
-4325
-5550
-5800
-6425
-5775
-5500
-6575
-8275
-9575
-9275
-9325
-10250
-10450
-12000
-12975
-13500
-14125
-13550
-15250
-16575
-17175
-18625
-17800
-17550
-18725
-20450
-22050
-21225
-21925
-21550
-21350
-23475
-24550
-24025
-24375
-24275
-24725
-23925
-26150
-26825
-24900
-25475
-25100
-25650
-26375
-26825
-26475
-24775
-24700
-26400
-25775
-26000
-26200
-25050
-24550
-24175
-25000
-25900
-24525
-24600
-23725
-23225
-24000
-23850
-23850
-23075
-22250
-22500
-22325
-22425
-22325
-21475
-21300
-20100
-19875
-21300
-19850
-20050
-19475
-18250
-17875
-17850
-18350
-17150
-16400
-17050
-15125
-14850
-15850
-14650
-13925
-12975
-12975
-12250

-11650
-12500
-11050
-9725
-9950
-9100
-8750
-8550
-8525
-7450
-5675
-6475
-6575
-5350
-5375
-5375
-3400
-3750
-4050
-4175
-2975
-3175
-3100
-1800
-2725
-3500
-2550
-3000
-2200
-2550
-2800
-3700
-4550
-3550
-3675
-4075
-4950
-6350
-6350
-6475
-6525
-6725
-8250
-9400
-10100
-10625
-10275
-11100
-11900
-13275
-15350
-14600
-14650
-15125
-16275
-18025
-18350
-19650
-18975
-18400
-20400
-21725
-22200
-22300
-22225
-22675
-21900
-24250
-25575
-24350
-24575
-24200
-24275
-25400
-26525
-26450
-25000
-24950
-25475
-25125
-26775
-26500
-25700
-25100
-24950
-25000
-25750
-25950
-25700
-24225
-23875
-25000
-24475
-25050
-24175
-23600
-23075
-22925
-23625
-23475
-22525
-22800
-21475
-21225
-21925
-21600
-21725
-20700
-20050
-19900
-19400
-19925
-19050
-18400
-18875
-17225
-17175
-17550
-16875
-16175
-15475
-15400
-14225
-14025
-14975
-13450
-12350
-12550

-11425
-10825
-10775
-11025
-10100
-8275
-8950
-8250
-7350
-7800
-7125
-5700
-5175
-5375
-5750
-4350
-4750
-4175
-2525
-2900
-3850
-3050
-3125
-2750
-2275
-1575
-2400
-4000
-2150
-2950
-2775
-2800
-3850
-4000
-4175
-4150
-4250
-5125
-5725
-6625
-7300
-7300
-7475
-7900
-9150
-11125
-11275
-11325
-11275
-12100
-14025
-14400
-16150
-15800
-15375
-16700
-17775
-19050
-19650
-19600
-20400
-19425
-21700
-22825
-22450
-23275
-22800
-22275
-23500
-25075
-25800
-24200
-24600
-25000
-24150
-25925
-26475
-26150
-25000
-25025
-25425
-25275
-25975
-26525
-25100
-24275
-24975
-25000
-25550
-24875
-24600
-24225
-23175
-24350
-24150
-23825
-23750
-22850
-22425
-22575
-22500
-22950
-22250
-21625
-21025
-20650
-21625
-20550
-20050
-20775
-18975
-18825
-18975
-18825
-18275
-17525
-17825
-16050
-16150
-16925
-15775
-14750
-14925
-13850
-13375
-13050
-13375
-12375

-11250
-11300
-10300
-9600
-10075
-9600
-8400
-7450
-7550
-7575
-6275
-6425
-6100
-4450
-4325
-5200
-4300
-3875
-3625
-3300
-2025
-2500
-3825
-2350
-2475
-2200
-1650
-2200
-2875
-3375
-2850
-2375
-3150
-2925
-4100
-4975
-4875
-5200
-4700
-5675
-7250
-7950
-8150
-8075
-8300
-9800
-10575
-12500
-12050
-12150
-13275
-13650
-15075
-16450
-16725
-16975
-16350
-18150
-19225
-19825
-21025
-20775
-20175
-20750
-22525
-24050
-22650
-23100
-23750
-22950
-24350
-25450
-25375
-24750
-24750
-24925
-24675
-25900
-26450
-25225
-24850
-25000
-24950
-25525
-25750
-25375
-24575
-24100
-24900
-24425
-24750
-25000
-23850
-23450
-23075
-23500
-24025
-23250
-22875
-22125
-21725
-22250
-22225
-21750
-21700
-20525
-20500
-20150
-20050
-20350
-19550
-19350
-17875
-18100
-18450
-17575
-17100
-17100
-16125
-15450
-15000
-16000
-14250
-13725
-14200
-12600
-11725
-12900

-12000
-10850
-9950
-10000
-9500
-8400
-9075
-8275
-6675
-6600
-6700
-5875
-5775
-5575
-4900
-3250
-3650
-4625
-3075
-3250
-3000
-2025
-2100
-2575
-3025
-2225
-1825
-2475
-1450
-2500
-3250
-3075
-3125
-2625
-3275
-4050
-5000
-5600
-5325
-5625
-6175
-6875
-8575
-8825
-8675
-9725
-9825
-11025
-12225
-13175
-13800
-13050
-14350
-15050
-16325
-17750
-17775
-17600
-17775
-19200
-20725
-20825
-21475
-21525
-20775
-22375
-23225
-23950
-23575
-23900
-23875
-23025
-24625
-26225
-24875
-24625
-24800
-24700
-24950
-26100
-26125
-24750
-24325
-25175
-24900
-24950
-25725
-24850
-24050
-23450
-24150
-24525
-24000
-24450
-23000
-22425
-23050
-23000
-23200
-22525
-22025
-21925
-21175
-21500
-21550
-20875
-20875
-19475
-19250
-20050
-19350
-19150
-18600
-17975
-17250
-16825
-17750
-16750
-15775
-16125
-15000
-14075
-14525
-14525
-13250
-12300
-12400
-11850

-10750
-11375
-10525
-9075
-9025
-8625
-8100
-7475
-7675
-7200
-5350
-5325
-6000
-4825
-4525
-4525
-3625
-2700
-3075
-3750
-2600
-2000
-2800
-1375
-1675
-2550
-2625
-2125
-1775
-2050
-2050
-2575
-3775
-3350
-3175
-3550
-3925
-5425
-5750
-6000
-6550
-6225
-7200
-8375
-9400
-10225
-9850
-10800
-11150
-12075
-14450
-14350
-14425
-14500
-15700
-16875
-17450
-18975
-18775
-18325
-19375
-20625
-21450
-21350
-22450
-22500
-21225
-22700
-24725
-23950
-24275
-24000
-24075
-24000
-25125
-26225
-24825
-24650
-24850
-24725
-24950
-25950
-25300
-24875
-24250
-24500
-24800
-24875
-25375
-24050
-23375
-23575
-23625
-24200
-23775
-23175
-23000
-22050
-22625
-22350
-22250
-22625
-21150
-20650
-21050
-20700
-21300
-20275
-19575
-19100
-18650
-19425
-18450
-17950
-18275
-16925
-16275
-16525
-16650
-15600
-14750
-15275
-13800
-13025
-13975
-13250
-11625
-11775

-11375
-10100
-9875
-10425
-9700
-7750
-8150
-7825
-6425
-7000
-6675
-5675
-4500
-4750
-4825
-3875
-3475
-4250
-2575
-2225
-2675
-2875
-2275
-1925
-2350
-1175
-1625
-3125
-2350
-2000
-2175
-2075
-2850
-3175
-4225
-4050
-3900
-4450
-4850
-6000
-7050
-6775
-7650
-7500
-8325
-10150
-11050
-11025
-10975
-11975
-12950
-13500
-15525
-15875
-15325
-16350
-16850
-18175
-18850
-19950
-19900
-19275
-20325
-21625
-22100
-23050
-22725
-22600
-22250
-23750
-25325
-23950
-24350
-24650
-23950
-24350
-25525
-25775
-25025
-24525
-24950
-24300
-24750
-26200
-25250
-23925
-24275
-24400
-24400
-24350
-24450
-24050
-22875
-23600
-23025
-23450
-23325
-22600
-22350
-21950
-21675
-22300
-21825
-21200
-20750
-19900
-20725
-19775
-19900
-20050
-18775
-18425
-18225
-18125
-17800
-17100
-17225
-15975
-15275
-15950
-15425
-14650
-14050
-13900
-12625
-12100
-12525
-12050

