
Curva de Excitacao - Bobina Girante (Dados Brutos)

Arquivo..............: C:\Arq\Wiggler\Medidas Wiggler - Corretoras\Bobina Tungstenio\Gap200\Translado200_X=10_#004.dat
Data.................: 26/01/2005
Hora.................: 10:14:08
Ganho................: 20
N. de Coletas........: 1
N. de Voltas.........: 10
Intervalo de Análise.: 4 - 8

-5725
-1950
225
-325
-1950
-2275
-3750
-1500
2125
1975
700
200
425
1200
2200
3925
1725
-150
1925
3075
4375
4450
2400
-350
-950
2250
4400
3375
2525
-1075
-3200
-1600
375
1700
-950
-3975
-6000
-5775
-3775
-51000
-5400
-8725
-11875
-10600
-8400
-8525
-10075
-14125
-17275
-17275
-15425
-12900
-15475
-18875
-21875
-23475
-20950
-18925
-19250
-22750
-26825
-26150
-25275
-23425
-22050
-25650
-28800
-29350
-27125
-25050
-24700
-24900
-28725
-31050
-28025
-25425
-24350
-25100
-27150
-28825
-27975
-24275
-22550
-24175
-25450
-25950
-25825
-22525
-20775
-20450
-22550
-24550
-22275
-20550
-17800
-17250
-19325
-20875
-20600
-17775
-15250
-14925
-15650
-17475
-17475
-15225
-13700
-11325
-12300
-15075
-14325
-12500
-10350
-8975
-9675
-10550
-12625
-9875
-6925
-6675
-6025
-7000
-9025
-8000
-4850
-2475
-3450
-4500

-4550
-5275
-2800
100
-75
-1575
-2475
-1575
-300
1225
3400
1425
-1125
350
1725
3225
4300
3350
900
-300
2450
4250
3750
3775
1250
-550
575
2400
3775
1325
-675
-2475
-2650
-125
200
-1300
-4200
-7325
-6500
-4750
-4350
-5450
-9000
-11825
-12625
-11000
-9225
-11100
-13900
-16925
-18925
-16750
-15200
-15400
-19275
-23000
-22275
-22575
-20500
-19275
-23075
-26600
-27425
-25275
-24075
-23825
-23900
-27725
-30650
-27575
-25350
-24525
-25725
-27475
-29700
-29350
-25000
-23675
-25100
-26700
-27800
-27600
-24825
-22600
-22100
-24400
-26125
-24425
-23250
-20500
-19275
-21575
-22800
-22650
-19900
-17800
-17450
-17675
-19675
-19600
-17375
-15700
-13850
-14875
-16725
-16325
-15225
-12775
-11000
-11825
-12750
-14475
-11925
-9675
-9275
-8250
-9400
-10900
-9925
-7125
-5200
-6125
-6375
-6775
-7550
-4725
-2150
-2250

-4050
-4200
-3400
-2425
-600
1725
-625
-2300
-850
300
1725
3225
2900
500
-550
2350
4025
3500
4425
2275
500
1525
3825
4825
3025
1975
400
-425
2275
3100
1925
-600
-3000
-2325
-1650
-325
-900
-4375
-6975
-7500
-6475
-5025
-6400
-8650
-11600
-13700
-12075
-10925
-11075
-14275
-18025
-18300
-18300
-16650
-15850
-19250
-22375
-24175
-22625
-21350
-21125
-21900
-25850
-27875
-26125
-24725
-23575
-24700
-26925
-29300
-29025
-25400
-24300
-25875
-26950
-28800
-28750
-26350
-23900
-23575
-26275
-27000
-26700
-25625
-22600
-21225
-23500
-24975
-24775
-22175
-20200
-19875
-19675
-22125
-21825
-19900
-18025
-16275
-17200
-18525
-18775
-17725
-15225
-13700
-14100
-14975
-16575
-14275
-12125
-11800
-10600
-11700
-13100
-12150
-9850
-7575
-8575
-8550
-9000
-9700
-7375
-5025
-4650
-6150
-6325
-5425
-4800
-2875

-800
-2725
-4000
-2825
-1650
-300
1475
1350
-850
-1875
1225
2625
2650
3600
1925
150
1350
3800
4600
3600
2850
1500
850
3550
4725
3625
1675
-250
350
1075
2675
2275
-1000
-2850
-3575
-2425
-1125
-1875
-4050
-6975
-8550
-7650
-6400
-6300
-9175
-12850
-13500
-13725
-12175
-11625
-14875
-17700
-19775
-18375
-17950
-17725
-18250
-22550
-24925
-23250
-22125
-21675
-23000
-24475
-27800
-27925
-24300
-23475
-25375
-26625
-28350
-28550
-26900
-24250
-24275
-27300
-27825
-27650
-26750
-24100
-22950
-24850
-26650
-26550
-24075
-22475
-21500
-21525
-24075
-23950
-21875
-20200
-18475
-19425
-20325
-21175
-19850
-17075
-16150
-15875
-17050
-18575
-16650
-14575
-13650
-12725
-14125
-15025
-14125
-12275
-10125
-10725
-10550
-11375
-12050
-9475
-7275
-6875
-8375
-8575
-7950
-7550
-5075
-3050
-4950
-6175
-4950
-3900

-2700
-1100
-575
-2900
-3525
-525
650
825
2150
650
-850
200
3150
3800
2800
2975
1625
725
3575
5350
4375
2550
1525
1900
2250
4575
4725
1450
-25
-125
625
1750
1675
50
-3025
-4200
-3025
-2375
-2275
-4425
-7575
-8925
-8825
-7175
-7175
-9850
-12700
-14950
-14025
-13250
-13600
-13825
-18125
-20375
-19775
-18725
-18275
-19775
-21350
-24850
-25050
-22525
-21825
-23125
-24725
-27125
-27525
-25925
-23775
-24200
-26900
-27425
-28100
-27375
-24800
-23625
-25900
-27675
-27600
-25725
-24550
-22775
-23025
-26125
-26000
-23725
-22075
-21225
-21075
-21825
-23600
-22250
-19325
-18375
-18200
-19150
-20325
-19075
-17375
-15275
-14975
-16450
-16825
-16250
-14650
-12375
-12525
-12850
-13725
-14150
-11675
-10075
-9250
-9975
-10775
-10575
-9725
-7250
-5775
-7300
-7600
-7600
-6225
-5200
-3225
-3125
-4825
-5350

-2950
-2000
-850
350
-1450
-2425
-1275
1175
2150
1650
2000
625
-150
2850
4200
4075
2775
2075
2025
2450
5050
5375
2775
1825
1550
2425
3675
3850
2825
-350
-925
350
775
1300
-350
-3175
-4600
-4750
-2925
-2925
-4850
-7525
-10025
-9575
-8800
-8775
-9550
-13150
-15275
-15425
-14775
-14100
-15475
-17300
-20900
-21525
-19350
-19150
-20025
-22000
-24300
-25650
-24550
-21975
-22700
-25850
-26575
-27150
-27025
-24925
-23700
-25600
-28000
-28200
-26625
-25525
-24175
-24275
-27025
-27650
-25850
-23675
-22900
-23175
-23950
-25300
-24700
-21625
-20725
-20250
-21250
-22625
-21350
-19975
-17750
-17150
-18625
-19025
-18975
-16900
-15050
-14975
-15050
-15925
-16225
-14125
-12600
-11625
-12275
-13000
-12825
-12525
-9550
-8200
-9575
-9750
-9900
-8700
-7675
-5925
-5125
-7250
-7375
-5550
-4500
-3600
-2050
-3475

-4725
-3625
-1025
-400
-600
150
-1025
-1800
1075
2750
2475
1600
1275
1175
1400
4675
4875
2800
2025
1975
2675
4175
4925
4050
1475
1100
2300
2525
3550
2500
100
-1450
-1075
350
350
-1000
-3400
-5500
-5250
-4625
-4150
-4900
-8550
-10425
-10550
-10475
-9625
-10850
-12675
-16175
-17300
-15275
-15350
-16175
-17925
-20650
-22175
-21325
-19125
-20325
-22825
-24200
-25650
-25200
-23475
-22675
-24825
-26800
-27425
-26725
-25800
-23600
-24750
-27775
-28075
-26475
-25350
-24375
-23975
-25475
-27325
-26025
-23100
-23100
-22350
-22900
-24375
-23925
-22200
-19575
-19900
-20850
-20925
-21225
-19250
-17400
-17000
-17225
-18475
-18000
-16450
-15125
-13925
-14250
-14950
-15050
-14425
-11825
-10875
-11625
-11875
-12150
-10875
-9900
-8050
-7700
-9475
-9400
-7650
-7150
-5750
-4450
-5600
-6775
-5550
-3075
-2700
-2600

-1725
-2925
-3500
-500
725
525
-125
350
-175
175
3625
3675
2000
1750
1875
2525
3950
5050
4800
1875
2225
3450
3725
4900
4425
2550
900
1675
3125
2825
2300
800
-1775
-1275
-625
-100
-1100
-3675
-5200
-6175
-5675
-4800
-6175
-7900
-10925
-12025
-10700
-10825
-11375
-13425
-16450
-17475
-17150
-15650
-16775
-19000
-20525
-22500
-22050
-20925
-20475
-22625
-24850
-25450
-25225
-24625
-23200
-23575
-27275
-27675
-26650
-25275
-24925
-24825
-25900
-28125
-27225
-24575
-24450
-24025
-24825
-25725
-25750
-24175
-21750
-21975
-23000
-23050
-23575
-21575
-19675
-19550
-19525
-20950
-20175
-18975
-17500
-16025
-16600
-17125
-17300
-16700
-14525
-13350
-13650
-14125
-14650
-13200
-12050
-10725
-10100
-11700
-11475
-10300
-9500
-7950
-7350
-7700
-8875
-8075
-5725
-5250
-4775
-4250
-5325
-5675
-3100
-1575

