
Curva de Excitacao - Bobina Girante (Dados Brutos)

Arquivo..............: C:\Arq\Wiggler\Medidas Wiggler - Corretoras\Bobina Tungstenio\Gap200\Translado200_X=17_#005.dat
Data.................: 26/01/2005
Hora.................: 11:14:52
Ganho................: 20
N. de Coletas........: 1
N. de Voltas.........: 10
Intervalo de Análise.: 4 - 8

-5000
-4000
-5400
-5400
-5350
-4900
-4550
-2500
-3000
-4950
-2500
-900
-1050
-1075
-2150
-3525
-3875
-800
1700
650
-425
-2200
-5050
-3650
-750
575
-1300
-3750
-4525
-6050
-4750
-3125
-5025
-6725
-8825
-8400
-8150
-8025
-8850
-12475
-14975
-15000
-13875
-12525
-14025
-18025
-20600
-21975
-20425
-19100
-20050
-22725
-26375
-26625
-26500
-26000
-25200
-27850
-30850
-31550
-29975
-29400
-29875
-31000
-33625
-35300
-33075
-30375
-31950
-32600
-34575
-34950
-34700
-32350
-30375
-32825
-33850
-33650
-33050
-31150
-29550
-29800
-31950
-32825
-29850
-28325
-27150
-26300
-28775
-29550
-28050
-25750
-23650
-23475
-23900
-25200
-25450
-22675
-21075
-19750
-20425
-21925
-21025
-19475
-17825
-16575
-17300
-17875
-17975
-17000
-13975
-13700
-13200
-14500
-15600
-14125
-11775
-9775
-10050
-11375
-11150
-11050
-9825
-7275
-6725
-8025
-7950
-7625

-6550
-5000
-3650
-4425
-6650
-4475
-3300
-2500
-1325
-1900
-3175
-4075
-1925
275
-300
0
-1275
-2900
-2125
200
1200
-500
-2050
-2450
-2875
-1200
25
-1900
-3850
-5575
-5100
-4050
-3700
-3800
-7700
-9900
-9925
-9025
-7725
-9025
-12325
-14750
-16150
-14900
-13950
-14950
-18075
-21200
-21350
-20950
-20725
-20575
-23550
-26750
-27925
-26275
-25425
-26525
-27600
-30625
-32650
-31400
-28550
-29500
-31250
-33175
-34225
-33700
-32025
-30300
-32550
-33900
-34275
-34300
-32075
-30650
-30650
-33200
-34350
-32075
-30900
-29050
-28225
-30700
-31550
-30125
-28050
-26400
-26350
-26325
-27675
-28250
-24800
-23275
-22450
-23100
-24575
-23800
-22375
-19875
-19025
-19675
-20350
-20800
-19225
-16775
-16225
-15950
-16600
-17625
-16525
-14150
-12200
-12625
-14000
-13350
-13700
-11900
-9225
-9050
-10550
-10350
-9800
-8975
-7400
-5450
-6375
-8825

-6950
-5425
-4425
-3150
-3450
-4500
-5675
-3225
-1150
-2000
-950
-1975
-3325
-2425
-550
1100
-500
-1100
-1600
-2150
-150
1050
-175
-1875
-3000
-2325
-1750
-1425
-1075
-4050
-5825
-5925
-5050
-4150
-5225
-7550
-9875
-11275
-10100
-9200
-10150
-12850
-15575
-16250
-16350
-15675
-15725
-18500
-21325
-22625
-22350
-21450
-22175
-23550
-26775
-28850
-27700
-26200
-26975
-28400
-30675
-32525
-32200
-29950
-29325
-31700
-33225
-33300
-34675
-32475
-30850
-30925
-33700
-35150
-32825
-32950
-30575
-30175
-32000
-33475
-32500
-29975
-28900
-28850
-28725
-30150
-30325
-27775
-26100
-25050
-25750
-26800
-26525
-25700
-22600
-21875
-22400
-23050
-23300
-21875
-19650
-18925
-18275
-19500
-19900
-18700
-16925
-15200
-14900
-16475
-16125
-15950
-14000
-12000
-11850
-12650
-13225
-12125
-11300
-9900
-8100
-8800
-10525
-9075
-7925
-6825
-5400
-5600

-6625
-7475
-4875
-3150
-3900
-2450
-3450
-4575
-3500
-1675
75
-1400
-1425
-2050
-2650
-675
1075
725
-1075
-1675
-1100
-775
150
950
-1600
-2900
-3000
-2375
-1575
-2000
-3350
-5900
-7175
-5625
-5175
-5775
-7750
-10325
-11350
-11250
-10400
-10775
-13150
-15825
-17225
-17150
-16800
-17225
-18225
-21575
-24225
-23275
-22325
-22875
-24400
-26700
-28525
-29300
-27150
-26575
-29000
-31025
-31900
-32375
-31425
-29925
-30325
-32800
-34875
-33125
-33125
-31125
-30650
-32750
-34250
-34050
-31375
-30775
-30550
-30225
-32325
-32325
-29850
-28550
-27825
-28125
-28975
-29400
-28050
-25000
-24300
-25275
-25350
-25900
-24225
-22575
-21400
-20600
-22350
-22375
-21200
-19650
-17825
-17675
-18175
-18625
-18675
-16400
-14325
-14475
-15125
-15600
-14575
-13575
-12250
-10550
-11450
-12775
-11600
-10275
-9100
-8050
-7525
-8875
-9800
-7050
-5450
-5900

-4625
-4850
-6275
-5300
-3400
-1575
-3200
-2575
-2625
-3775
-1300
250
-150
-1575
-1525
-975
-700
650
1450
-550
-1850
-1325
-450
50
175
-325
-2875
-4100
-2175
-2125
-2500
-3500
-5775
-7000
-6875
-5900
-6525
-8450
-10500
-11825
-11825
-11500
-12100
-13325
-16125
-18600
-18250
-17550
-17975
-19475
-21975
-23900
-24850
-23125
-23200
-25525
-27225
-28550
-29400
-28800
-27550
-28650
-31300
-32325
-31675
-32225
-30325
-30075
-32650
-34300
-33900
-31675
-31600
-31600
-30900
-33775
-33750
-31425
-30125
-29975
-30600
-30500
-31600
-30625
-27500
-26700
-27800
-28250
-28400
-27050
-25325
-24150
-23575
-25200
-24675
-23725
-22525
-20500
-20625
-21050
-21050
-20925
-18925
-17325
-16825
-17500
-18350
-16925
-15875
-14750
-13525
-14025
-14800
-14125
-12825
-11600
-10850
-10250
-11200
-11900
-9475
-7975
-8325
-7350
-7775
-8175
-7475
-5550

-3975
-5250
-4550
-4425
-5375
-3425
-1625
-1550
-2975
-2450
-1625
-2000
-325
750
-950
-1700
-975
-50
-50
775
650
-1550
-2000
-475
-150
-425
-875
-2925
-3800
-3750
-2500
-2850
-4600
-5800
-7575
-7800
-7250
-7325
-8650
-11075
-12725
-13200
-12925
-12875
-14375
-16950
-18900
-19775
-18750
-18625
-20825
-22425
-24375
-25450
-25150
-24275
-24925
-27950
-29625
-28975
-29950
-29250
-28375
-30625
-32650
-33200
-31125
-31175
-31500
-31275
-34100
-34075
-32375
-31175
-31100
-31925
-31750
-33400
-32425
-29600
-29300
-29475
-30350
-30525
-29825
-27925
-26500
-26225
-28075
-26975
-26225
-25525
-23675
-23000
-23575
-24375
-23400
-21525
-20475
-19450
-19800
-21000
-20075
-18550
-17000
-16075
-16575
-16975
-16675
-15675
-14200
-13525
-12500
-13600
-14025
-12075
-10775
-10600
-9625
-10250
-10525
-9700
-7850
-6400
-7300
-6725
-6950
-7175

-5475
-3575
-3325
-4350
-4450
-3550
-3775
-1775
-275
-1975
-2450
-1750
-650
-775
425
825
-1125
-1650
125
600
400
625
-975
-2100
-1675
25
-225
-1700
-2575
-4100
-4500
-3350
-3325
-4225
-6650
-8000
-8475
-8475
-8125
-9025
-11475
-13375
-14625
-13750
-13700
-15725
-17225
-19275
-20150
-20275
-19900
-20725
-23625
-25375
-25700
-26300
-25450
-25600
-27550
-29975
-30725
-29600
-29675
-29600
-29525
-33000
-33375
-31800
-31200
-31400
-32025
-31900
-34125
-33575
-30600
-30600
-31200
-31800
-32100
-31950
-30475
-28050
-28550
-30325
-29725
-28825
-27900
-26300
-25625
-26000
-26925
-26300
-24200
-23425
-22150
-22450
-23325
-22675
-21575
-19450
-19025
-19475
-19700
-19100
-18225
-16625
-15925
-15200
-16100
-16675
-14750
-13550
-12700
-12100
-12650
-13225
-12450
-10375
-9200
-9975
-8975
-9350
-9850
-7925
-6150
-6075
-6700
-6400

-5500
-5925
-3625
-2225
-4100
-4250
-3375
-2175
-1975
-575
-100
-2425
-2200
-350
50
700
1100
-325
-1800
-825
850
750
50
-400
-1600
-2425
-850
-700
-1550
-3325
-4075
-4750
-4725
-3775
-4925
-7275
-8900
-9700
-9150
-8850
-10175
-12350
-14450
-15325
-15075
-15075
-15975
-18550
-20350
-21000
-22175
-20925
-21500
-23625
-26325
-27000
-26225
-26875
-26825
-27400
-30300
-31600
-30175
-29525
-29900
-31225
-31475
-33425
-33425
-31250
-31075
-31350
-32575
-33000
-33025
-32050
-29725
-30650
-31875
-31425
-31275
-30025
-28650
-27950
-28925
-29175
-28475
-27175
-26175
-24750
-24975
-26550
-25525
-24200
-22375
-21850
-21700
-21950
-22475
-20650
-19300
-18550
-18100
-18900
-18675
-17450
-16250
-15275
-14775
-15525
-15550
-14625
-12800
-11750
-12575
-11775
-12000
-12025
-10375
-8600
-8275
-9150
-8700
-8350
-8250
-5800
-4625
-6025

