
Curva de Excitacao - Bobina Girante (Dados Brutos)

Arquivo..............: C:\Arq\Wiggler\Medidas Wiggler - Corretoras\Bobina Tungstenio\Gap200\Translado200_X=19_#007.dat
Data.................: 26/01/2005
Hora.................: 11:18:24
Ganho................: 20
N. de Coletas........: 1
N. de Voltas.........: 10
Intervalo de Análise.: 4 - 8

-7350
-6025
-4575
-2475
-2350
-3575
-5725
-3475
-1225
-1800
-350
-825
-3100
-2550
-425
1425
-350
-775
-1375
-2350
-750
1700
525
-1750
-3075
-2775
-2650
-1575
-175
-3525
-5900
-6675
-5925
-4675
-4975
-6775
-9775
-12075
-10675
-9625
-10450
-12600
-15625
-17175
-17350
-16350
-15975
-18500
-21400
-23550
-23725
-22500
-22475
-23250
-26900
-29650
-28925
-27425
-27400
-28075
-30350
-33200
-33275
-31300
-29925
-31550
-33000
-33600
-35875
-33925
-31425
-30975
-33425
-35250
-33875
-34000
-31300
-30025
-31600
-33300
-33525
-30750
-29600
-29300
-28225
-29625
-30925
-28700
-26275
-25200
-25525
-26400
-26525
-26150
-23025
-21400
-22175
-22550
-23225
-21900
-20225
-18750
-17350
-19000
-19825
-18725
-16950
-14775
-14600
-15300
-15625
-16250
-13750
-11475
-11475
-11875
-12350
-12100
-11375
-9100
-7350
-8175
-10150
-8975
-8000
-6625
-4650
-4700

-6350
-7350
-4575
-2975
-3275
-1575
-2925
-4850
-3625
-1300
425
-775
-875
-1600
-2825
-550
1500
875
-925
-1575
-1475
-1300
425
1350
-1450
-3275
-3250
-2625
-1525
-1650
-2900
-6000
-7850
-6000
-5375
-5775
-7500
-10350
-12225
-12150
-10775
-10875
-13525
-16000
-18050
-18500
-17525
-17425
-18450
-21975
-25000
-24050
-23475
-23275
-24525
-26975
-29575
-30325
-28275
-27400
-29375
-31225
-32250
-33725
-32300
-30600
-30650
-33025
-35025
-34400
-34325
-31725
-30825
-32925
-34500
-34725
-32525
-31450
-30850
-30200
-32575
-32750
-30775
-29050
-28125
-28200
-28950
-29975
-28925
-25725
-24275
-25200
-25700
-26125
-24775
-23250
-21325
-20450
-22075
-22550
-21525
-19875
-17925
-17400
-17925
-18550
-19000
-16300
-14025
-14350
-14650
-15225
-14600
-13825
-11700
-10025
-11275
-12325
-11500
-10725
-8950
-7300
-7200
-8875
-9725
-7150
-5375
-5700

-3800
-4925
-6425
-5300
-3025
-1475
-2825
-2225
-2850
-4050
-1375
975
0
-1550
-1650
-1350
-1300
900
2025
-575
-2100
-1550
-1250
-200
450
-450
-3250
-4975
-2700
-2300
-2575
-3625
-6275
-7925
-7600
-6075
-6225
-9050
-10850
-12850
-13225
-12350
-12200
-13500
-17000
-19350
-19050
-18875
-18550
-19500
-22725
-25150
-26175
-24225
-24225
-25725
-27625
-29800
-31000
-29875
-27950
-29350
-31650
-33050
-33250
-33650
-31275
-30150
-33400
-34900
-34850
-33100
-32625
-31975
-31250
-34450
-34525
-32350
-31175
-30300
-30725
-30825
-32275
-31350
-28200
-27125
-28125
-28000
-28975
-27750
-25975
-24250
-23625
-25300
-25000
-24225
-23050
-20650
-20575
-20700
-21450
-21375
-19100
-17450
-16975
-17000
-17975
-17225
-16100
-14225
-12975
-13900
-14275
-13925
-13125
-11400
-10050
-9675
-11250
-11425
-9350
-8200
-7775
-6225
-7550
-8550
-6975
-4975

-4100
-4575
-3775
-4575
-5650
-2600
-950
-1650
-2075
-2725
-1975
-2100
625
1375
-900
-1425
-925
-650
500
1650
825
-1700
-2475
-725
-225
50
-775
-3075
-4475
-4000
-2375
-2600
-4675
-6275
-8000
-8400
-7475
-7350
-8500
-11625
-13525
-13725
-13675
-13275
-14175
-17350
-19775
-20675
-19100
-19275
-21100
-22475
-25350
-26550
-25725
-24475
-25925
-28350
-29625
-30650
-30800
-29525
-28575
-31400
-33250
-33775
-32625
-31475
-31750
-31550
-34875
-34525
-33075
-32150
-31100
-31950
-32325
-34200
-32875
-29900
-29825
-29875
-30175
-31400
-30375
-28350
-26375
-26700
-28000
-27375
-26650
-25600
-23550
-23100
-23475
-24350
-24000
-21325
-20400
-19600
-19700
-20650
-20275
-18675
-16650
-15900
-16950
-16600
-16325
-15675
-14225
-12525
-12400
-13725
-13775
-11775
-11025
-10200
-8700
-10175
-10825
-9500
-7125
-6900
-6925
-5950
-6625
-7750

-4825
-2975
-3775
-3750
-4325
-3600
-3600
-550
-175
-2300
-1900
-1550
-1000
-200
1125
600
-1625
-1375
250
500
1050
625
-1175
-2625
-1300
50
-225
-2075
-2775
-4450
-4675
-3325
-3500
-4650
-7350
-8700
-8750
-8925
-8275
-9400
-11925
-14675
-15025
-14225
-14500
-16275
-17625
-20450
-21425
-20800
-20400
-22025
-24225
-25425
-27100
-27125
-25750
-26150
-29100
-30425
-30950
-31075
-30225
-29650
-30950
-34025
-33900
-32275
-32600
-31875
-31975
-33050
-34800
-34025
-31025
-31750
-31775
-31925
-33050
-32500
-30925
-28350
-29600
-30525
-30000
-29100
-28500
-26150
-25975
-26600
-27075
-26425
-24475
-23425
-22525
-22525
-23600
-23050
-21400
-19525
-18900
-19550
-19300
-19275
-18400
-16475
-15575
-15325
-16225
-16250
-14325
-13800
-12275
-11650
-12700
-13150
-11650
-9750
-9275
-9300
-8750
-9500
-9600
-6875
-5675
-6200
-6075
-6175

-5850
-5375
-2400
-1850
-4175
-3600
-2800
-2500
-1125
-325
75
-2600
-1500
550
0
825
750
-800
-1725
225
1725
725
-475
-850
-2275
-1875
-350
-350
-1900
-3875
-4500
-4850
-4800
-3700
-5325
-7725
-9425
-9650
-9100
-9600
-10925
-12625
-15300
-15700
-14925
-15375
-16975
-19425
-20675
-21875
-22250
-20850
-22100
-25050
-26825
-27125
-27050
-27225
-26875
-28300
-31750
-31750
-30250
-30450
-30775
-31475
-32775
-34000
-33475
-30900
-32275
-32325
-32850
-34175
-33300
-31850
-29925
-31575
-32600
-31800
-31700
-30225
-28275
-28475
-29625
-29925
-28500
-27225
-26650
-24775
-25225
-26650
-25525
-23925
-22500
-22000
-22250
-21850
-22075
-20650
-18825
-18450
-18500
-18925
-18425
-17150
-16250
-14450
-14300
-15775
-15750
-13825
-12375
-12025
-11475
-11300
-12350
-11675
-9050
-8450
-8850
-8300
-8400
-8200
-7500
-4650
-4725
-6575

-5650
-4675
-4375
-2950
-2000
-2325
-4200
-2650
-900
-1175
200
50
-1525
-2250
25
1625
750
375
150
-1600
-550
1100
1125
-200
-1250
-1650
-2025
-1875
-500
-2100
-4225
-5175
-5125
-4975
-5125
-6125
-8075
-10550
-10525
-9650
-10275
-11750
-14025
-15475
-16625
-16975
-16000
-17575
-19925
-21700
-22850
-22750
-22975
-23050
-25050
-27650
-28300
-27375
-27875
-27900
-29175
-31250
-32425
-31300
-29950
-31550
-31875
-32375
-33875
-33650
-32250
-30625
-32575
-33550
-32825
-33375
-31750
-30450
-30550
-31450
-32475
-30200
-29550
-28950
-28075
-27900
-29200
-28450
-26600
-25100
-25075
-25400
-24975
-25325
-23250
-21525
-21350
-21350
-21825
-21075
-19850
-19050
-17500
-17350
-18075
-17900
-16825
-14875
-14575
-14400
-14000
-14900
-13750
-11675
-10900
-11275
-11025
-10900
-10725
-9675
-7300
-7225
-8800
-7900
-7325
-6625
-4975
-4175

-4725
-6225
-4250
-2900
-3125
-1600
-1700
-2700
-3125
-1225
575
-325
-200
-25
-1575
-625
1300
1700
-75
-150
-300
-775
-150
1350
50
-1875
-2100
-2075
-2050
-2000
-2150
-4300
-6350
-5875
-5400
-5800
-7125
-8700
-10525
-11625
-11300
-10950
-12525
-15000
-16075
-17875
-17850
-17900
-17925
-20750
-23125
-23450
-23525
-23975
-24250
-25675
-27975
-29550
-28400
-27675
-29400
-30150
-30725
-32475
-32450
-31200
-30600
-32375
-33600
-32800
-34000
-32225
-31025
-32025
-33050
-33550
-31625
-32150
-30825
-29800
-30950
-31450
-30400
-29425
-28325
-27825
-27625
-28100
-28375
-25500
-24450
-24850
-24625
-24475
-24125
-23250
-21575
-20325
-20975
-20975
-20425
-19850
-18225
-17050
-17025
-17400
-17675
-16000
-14625
-14250
-14075
-13800
-13500
-13325
-12225
-10300
-10525
-11275
-10425
-9975
-9175
-7300
-7050
-7325
-8300
-6600
-5425
-5425

