
Curva de Excitacao - Bobina Girante (Dados Brutos)

Arquivo..............: C:\Arq\Wiggler\Medidas Wiggler - Corretoras\Bobina Tungstenio\Gap200\Translado200_X=-13_#008.dat
Data.................: 26/01/2005
Hora.................: 09:18:22
Ganho................: 20
N. de Coletas........: 1
N. de Voltas.........: 10
Intervalo de Análise.: 4 - 8

-12075
-11150
-10225
-10500
-9775
-8575
-9650
-8450
-6800
-7150
-6925
-6275
-5975
-6150
-4950
-3575
-4400
-4850
-3575
-3800
-3400
-2225
-2875
-3150
-3325
-2550
-2475
-3075
-2300
-3450
-3775
-3450
-3725
-3300
-4525
-5150
-5650
-6450
-6025
-6150
-6850
-8425
-9325
-9100
-9525
-10825
-11150
-12200
-13000
-13625
-14150
-14300
-16175
-16550
-17225
-18575
-18100
-18475
-19525
-20775
-21750
-21650
-22275
-22525
-21900
-24175
-24675
-23775
-24850
-24800
-25450
-24475
-26350
-26875
-24975
-25600
-26100
-25925
-26575
-26450
-26200
-25025
-25450
-26575
-25725
-25750
-25875
-25125
-24925
-24550
-24900
-25575
-24275
-24500
-23575
-23375
-23625
-23275
-23475
-22900
-21875
-22425
-21900
-21875
-21675
-21200
-21025
-19850
-19675
-20925
-19375
-19250
-19150
-17900
-17575
-17575
-17825
-16725
-16025
-16625
-14700
-14325
-15200
-14200
-13750
-12925
-12575
-11575

-11075
-11975
-10525
-9400
-9825
-8575
-8225
-8075
-8175
-6950
-5575
-6025
-6025
-5025
-5400
-4975
-3300
-3250
-3975
-3750
-2825
-3075
-2975
-1925
-2500
-3100
-2450
-2825
-2250
-2850
-2850
-3700
-4350
-3600
-3900
-4400
-5050
-6325
-6250
-6600
-7075
-7300
-8500
-9375
-10375
-10900
-10650
-11750
-12400
-13300
-15225
-14675
-15075
-15900
-17025
-18425
-18475
-19575
-19400
-19125
-21275
-22125
-22225
-22475
-22700
-23325
-22850
-24500
-25800
-24450
-24975
-24775
-24775
-26050
-26225
-26500
-25125
-25625
-26275
-25500
-26675
-26200
-25475
-25350
-25475
-25300
-25950
-25500
-25600
-23875
-24200
-24925
-24250
-24500
-24025
-23275
-23050
-22900
-23225
-22925
-22400
-22750
-21450
-21200
-21575
-21250
-20975
-20325
-19475
-19550
-19000
-19575
-18725
-18325
-18275
-16675
-16700
-17125
-16275
-15900
-15400
-14800
-13725
-13575
-14425
-12725
-11975
-12550

-10775
-10600
-10575
-10550
-9300
-7825
-8525
-7625
-7025
-7875
-6900
-5250
-4825
-5325
-4875
-4075
-4600
-4025
-2500
-2800
-3175
-2425
-2800
-2600
-2350
-1850
-2550
-3400
-2050
-2725
-2675
-2675
-3750
-4225
-4225
-4100
-4150
-5200
-6025
-7000
-7625
-7575
-7775
-8375
-9425
-11225
-11325
-11650
-11875
-12700
-14325
-14925
-16150
-16100
-15975
-17625
-18275
-19425
-19925
-20200
-20500
-20525
-22025
-23175
-22825
-23575
-23375
-22800
-24400
-25225
-25725
-24225
-25150
-25500
-24625
-26500
-26450
-25900
-25200
-25550
-25725
-25500
-26100
-26325
-24775
-24550
-25475
-25025
-25400
-24875
-24550
-24200
-23625
-24300
-23900
-23650
-23650
-22550
-22475
-22400
-22425
-22450
-21925
-21225
-20975
-20600
-20950
-20450
-19875
-20000
-18500
-18625
-18600
-18250
-17900
-17400
-17100
-15725
-15525
-16725
-15050
-14375
-14800
-13175
-12900
-12900
-12975
-11725

-10925
-11175
-9625
-9200
-10275
-9075
-7775
-7075
-7175
-6625
-5900
-6450
-5725
-4050
-4125
-4575
-3650
-3700
-3600
-2850
-1650
-2525
-3350
-2125
-2325
-2425
-1525
-2150
-2650
-3175
-2500
-2625
-3350
-2850
-4175
-4875
-4775
-5175
-5100
-6050
-7300
-7725
-8400
-8500
-8875
-10150
-10975
-12575
-12100
-12225
-14025
-14275
-15450
-16425
-16950
-17025
-17325
-19075
-19650
-19825
-21150
-21250
-20600
-21750
-23000
-24025
-22925
-23675
-24200
-23525
-25075
-25625
-25000
-24925
-25250
-25575
-24750
-26250
-26600
-25000
-25275
-25525
-25525
-25500
-26075
-25175
-24375
-24600
-25100
-24300
-24500
-24750
-23650
-23525
-23075
-23625
-23550
-22850
-22675
-22150
-21675
-22200
-21750
-21300
-21200
-20300
-20475
-20100
-19550
-19850
-19125
-18875
-17925
-17475
-18250
-17200
-16650
-16650
-15675
-15150
-14850
-15375
-13825
-13225
-13800
-12075
-11350
-12450

-11200
-10300
-9575
-9875
-8625
-8250
-8925
-7725
-6175
-6450
-6175
-5375
-5500
-5225
-4425
-3050
-3725
-4000
-3000
-2875
-2800
-1625
-2050
-2350
-2750
-1975
-1825
-2325
-1550
-2475
-3025
-2900
-3125
-2875
-3600
-4300
-4725
-5700
-5350
-5700
-6375
-7400
-8625
-8575
-8800
-10125
-10275
-11350
-12600
-13125
-13600
-13500
-15275
-15950
-16375
-18100
-18000
-17900
-18800
-20025
-20850
-21050
-21900
-21575
-21425
-23325
-23900
-23500
-23975
-24300
-24375
-23750
-25425
-26025
-24525
-25050
-25250
-25275
-25425
-26250
-26025
-24475
-24775
-25450
-25125
-24950
-25700
-24550
-24200
-23800
-24300
-24625
-23850
-23800
-22850
-22575
-23200
-22650
-22850
-22300
-21600
-21625
-21100
-21175
-20950
-20400
-20650
-19275
-18975
-19950
-18925
-18700
-18175
-17625
-16900
-16750
-17375
-16025
-15325
-15925
-14450
-13500
-14450
-13650
-12925
-12050
-12200
-11125

-10350
-11150
-10075
-8825
-8850
-8325
-7550
-7025
-7500
-6575
-4925
-5325
-5425
-4325
-4250
-4325
-2900
-2775
-3050
-3275
-2075
-2175
-2550
-1275
-1575
-2325
-2150
-2100
-1800
-2125
-2050
-2725
-3775
-3025
-3375
-3675
-4325
-5350
-5700
-6175
-6550
-6650
-7625
-8775
-9425
-10175
-10225
-11175
-11750
-12600
-14450
-14350
-14550
-15175
-16500
-17450
-18050
-19250
-18950
-18800
-20250
-21375
-21675
-21850
-22300
-23075
-21875
-23675
-24900
-24075
-24450
-24325
-24375
-24925
-25700
-25925
-24650
-25075
-25400
-25000
-25700
-25800
-25225
-24725
-24825
-24725
-25125
-25000
-24975
-23850
-23400
-24275
-23775
-23950
-23300
-22950
-22825
-22200
-22700
-22075
-21950
-21975
-21000
-20625
-20925
-20225
-20825
-19875
-19125
-18950
-18675
-18825
-17925
-17525
-17875
-16425
-16000
-16425
-15875
-15000
-14550
-14775
-13175
-12825
-13700
-12525
-11075
-11925

-10825
-9775
-9450
-10300
-8700
-7525
-8000
-7250
-6150
-6675
-6425
-4925
-4475
-4525
-4425
-3400
-3650
-3475
-2150
-2225
-2850
-2250
-2150
-1800
-2025
-1075
-1650
-3075
-1725
-1875
-2300
-2225
-2775
-3450
-3950
-3800
-3950
-4850
-5275
-6150
-6875
-7050
-7600
-8075
-8675
-10475
-10750
-11100
-11425
-12550
-13600
-14050
-15825
-15700
-15425
-17025
-17650
-18325
-19250
-19900
-20025
-19775
-21575
-22250
-22100
-23100
-22750
-22750
-23650
-24525
-25250
-23925
-24475
-25275
-24250
-25300
-25775
-25600
-24625
-25100
-25500
-24675
-25300
-25950
-24650
-23850
-24900
-24375
-24600
-24175
-24150
-23750
-23050
-23800
-22950
-23150
-23125
-22150
-22075
-21800
-21375
-21875
-21550
-20650
-20400
-20075
-20225
-19650
-19250
-19675
-18125
-18175
-18025
-17550
-17300
-16825
-16675
-15425
-15050
-15725
-14625
-14000
-13950
-13150
-12325
-11700
-12350
-11375

-10050
-10650
-9575
-8325
-8975
-8600
-7250
-6675
-6975
-6225
-5125
-5575
-5275
-3600
-3700
-4075
-2825
-3075
-3100
-2600
-1300
-1850
-2675
-1500
-1725
-1775
-1175
-1600
-1975
-2475
-2175
-2000
-2825
-2475
-3300
-4325
-4275
-4625
-5025
-5425
-6425
-7125
-8000
-7900
-8450
-9750
-10325
-11650
-12025
-11900
-13250
-13775
-14725
-15650
-16750
-17050
-16625
-18150
-19200
-19325
-20550
-21050
-20625
-20750
-22525
-23450
-22600
-23125
-24100
-23100
-24275
-24800
-25050
-24400
-24800
-25350
-24275
-25300
-26075
-25050
-24625
-24950
-24925
-24950
-25050
-24975
-24400
-23775
-24650
-23900
-23800
-24250
-23225
-23200
-22700
-23075
-23075
-22300
-22475
-21525
-21400
-21650
-21275
-20850
-20975
-19950
-20000
-19475
-19000
-19450
-18550
-18750
-17400
-17075
-17675
-16425
-16400
-16200
-15375
-14800
-14300
-14825
-13350
-12800
-13325
-11925
-10950
-11550

