
Curva de Excitacao - Bobina Girante (Dados Brutos)

Arquivo..............: C:\Arq\Wiggler\Medidas Wiggler - Corretoras\Bobina Tungstenio\Gap200\Translado200_X=-2_#019.dat
Data.................: 26/01/2005
Hora.................: 09:37:40
Ganho................: 20
N. de Coletas........: 1
N. de Voltas.........: 10
Intervalo de Análise.: 4 - 8

-7425
-5125
-6150
-7000
-9125
-9125
-6750
-2850
-2975
-6400
-5575
-5425
-3375
-325
-100
-3475
-6275
-4650
-775
1275
2725
-50
-5725
-5975
-2650
1775
2725
-125
-3825
-6775
-5275
-450
525
-1650
-6400
-8700
-7425
-4250
-1575
-4800
-10575
-13425
-12700
-7950
-5650
-8350
-13200
-19000
-18625
-14000
-11275
-12425
-17875
-21950
-23600
-20825
-15800
-17125
-22100
-26450
-27125
-24375
-20625
-19650
-23925
-30225
-30350
-27025
-24075
-22000
-24675
-29525
-32475
-29800
-24500
-23500
-25200
-28525
-31825
-29725
-25250
-22425
-24225
-28475
-29625
-28725
-25025
-20825
-22250
-25600
-28000
-28000
-23425
-20450
-19200
-22250
-26050
-25625
-22750
-18875
-17325
-20275
-22325
-23200
-21250
-17200
-15925
-16900
-19850
-21125
-18600
-16025
-13075
-13650
-17225
-18450
-16975
-13500
-11075
-11200
-12800
-15350
-15075
-11100
-8625
-8250
-9250
-11675

-11875
-9300
-5325
-4400
-7450
-7950
-8650
-6950
-2875
-1400
-3075
-6150
-6650
-4150
-2050
1150
-75
-3925
-5150
-3625
75
1675
650
-1950
-5125
-3950
-175
1450
850
-3300
-6100
-5925
-3075
600
-700
-5250
-8975
-9925
-6350
-3375
-3850
-7900
-13325
-14375
-11550
-8675
-8075
-12575
-16500
-19400
-17975
-13175
-13025
-16650
-21650
-24375
-22700
-19175
-16450
-19650
-25925
-28075
-26950
-23275
-20400
-21975
-27000
-30725
-29950
-25675
-23225
-23250
-27050
-31775
-30925
-27075
-23325
-23925
-27175
-29750
-31200
-27150
-22625
-22975
-25350
-28200
-29425
-26600
-23100
-20300
-22750
-26625
-26725
-25500
-21350
-18900
-20675
-23200
-25000
-23375
-19750
-17825
-17775
-20775
-22400
-21500
-18750
-15350
-14750
-18050
-19775
-19475
-16175
-13750
-12775
-13875
-17025
-17075
-14175
-11550
-10175
-10950
-13200
-14225
-12350
-8375
-6800
-8700

-9550
-10775
-10050
-5825
-3850
-4350
-6950
-8000
-6900
-4850
-600
-850
-3775
-5825
-5125
-2175
375
1000
-825
-4575
-3925
-1050
1000
2025
-525
-3775
-4850
-2450
1200
1625
-1550
-4900
-7275
-4900
-1750
-375
-3200
-8200
-10100
-9200
-5975
-4025
-7050
-11200
-14775
-14775
-10525
-9275
-10975
-15650
-20250
-19675
-16800
-13250
-15175
-20450
-23825
-24900
-21825
-18275
-18650
-23450
-27950
-28125
-25350
-22900
-21200
-24400
-30150
-30700
-27875
-23950
-23100
-25650
-29075
-31750
-28975
-24250
-23250
-24850
-28200
-30075
-28825
-25100
-21800
-23200
-26625
-28400
-27800
-23825
-20700
-21500
-23625
-26325
-25500
-22600
-19975
-18925
-21725
-23550
-23325
-21475
-17925
-16625
-18850
-21025
-21675
-18950
-16375
-14625
-15075
-18325
-19200
-16900
-14700
-12400
-12725
-14200
-16475
-15200
-11675
-9800
-10275
-10975
-12875
-12875
-8825
-6575

-6525
-8525
-9350
-9300
-7950
-3225
-2725
-5250
-6600
-6775
-4750
-2425
50
-1100
-5125
-4625
-2600
-800
1475
600
-2400
-4400
-2650
775
1625
800
-1825
-5425
-3850
-675
1500
-150
-3800
-6450
-7200
-3975
-900
-2875
-6100
-9850
-11025
-8150
-5975
-5975
-9975
-14700
-15575
-13875
-10375
-10775
-14950
-18825
-21300
-19075
-16100
-15025
-18575
-23650
-25200
-23825
-21125
-18800
-21350
-26250
-29000
-27500
-23850
-22050
-23550
-27275
-30750
-29650
-25275
-23950
-24075
-27375
-30125
-30350
-26850
-22900
-23900
-26225
-28525
-29675
-26350
-22500
-21975
-24350
-27475
-26875
-25275
-22275
-19850
-22225
-24525
-25150
-23800
-20325
-18725
-19225
-21475
-23650
-21475
-18850
-16550
-16750
-19575
-20375
-19500
-17475
-14350
-14225
-15900
-17925
-17700
-14625
-12675
-11500
-12475
-14950
-15175
-12275
-9650
-8875
-9700
-10950
-12075
-10625

-6475
-5250
-6675
-7825
-9025
-7700
-4775
-2175
-2475
-5875
-5925
-5025
-2850
-75
0
-2250
-4675
-3725
-775
850
1825
-450
-3775
-3450
-1000
1725
1675
-850
-3525
-5125
-2850
275
250
-1925
-5850
-7750
-5925
-3525
-2075
-4850
-9750
-11700
-10900
-7475
-6625
-9450
-13050
-16925
-16075
-12825
-11625
-13425
-18250
-20975
-21450
-18750
-15900
-17600
-22150
-25500
-25425
-23175
-20450
-20125
-24350
-28875
-28475
-25350
-23800
-22875
-25250
-29075
-30525
-27700
-23950
-23850
-25550
-28200
-30550
-28125
-24375
-22775
-24300
-27525
-28450
-27400
-24300
-21325
-22850
-24850
-26500
-26025
-22750
-20575
-20000
-22250
-24850
-23625
-21500
-18500
-18000
-20225
-21800
-21600
-19875
-16700
-16025
-16950
-19325
-19825
-17425
-15250
-13500
-14000
-16400
-17225
-15275
-12450
-11275
-11425
-12475
-14350
-13525
-9675
-8000
-8750
-9250
-10825

-10675
-8025
-4650
-4550
-7225
-7350
-7225
-6025
-2475
-1350
-3025
-5550
-5025
-2775
-1250
1050
-50
-3500
-4175
-1875
1000
1500
800
-1575
-4275
-2575
925
1600
375
-2550
-4825
-4600
-1975
500
-1350
-4975
-7675
-8175
-5250
-3375
-4375
-7975
-12075
-12325
-10100
-8475
-8675
-12650
-16025
-17725
-16275
-12650
-13625
-16775
-20875
-22425
-21050
-18400
-17300
-20200
-25075
-26275
-24925
-22425
-20950
-22750
-26675
-29100
-27725
-24600
-23425
-24000
-26775
-30625
-29000
-25700
-23425
-24400
-27050
-28850
-29475
-26000
-22600
-23350
-25575
-27175
-27750
-25200
-22750
-20550
-23075
-25925
-25500
-23900
-20750
-19275
-20900
-22775
-23825
-21975
-18950
-17900
-18000
-20275
-21350
-20025
-17750
-15200
-15325
-17850
-18900
-18175
-14975
-13350
-12900
-14000
-16225
-15800
-12875
-10825
-10450
-10900
-12600
-12950
-11225
-7700
-6825
-8625

-9100
-9725
-8675
-5325
-3475
-4575
-6825
-6700
-5250
-3575
-550
-1075
-3825
-5050
-3625
-800
650
1050
-875
-3850
-2875
175
1575
1625
-475
-2775
-3575
-1350
1575
1125
-1575
-4125
-5425
-3475
-1050
-1000
-3475
-7800
-8725
-7275
-5300
-4325
-7300
-10900
-13450
-12925
-9550
-9400
-11425
-15600
-18575
-18050
-15625
-13625
-15850
-20325
-22775
-22700
-20625
-18500
-19275
-23500
-26625
-26275
-23975
-22375
-22000
-24600
-29275
-29200
-26100
-23450
-23675
-25700
-28350
-30175
-27525
-24075
-23650
-25250
-27750
-28775
-27025
-24575
-22150
-23525
-26250
-27175
-26175
-22750
-20825
-21850
-23525
-25700
-24150
-21325
-19550
-18925
-21450
-22575
-22075
-20400
-17500
-16850
-18550
-20325
-20375
-17625
-16025
-14825
-15250
-17950
-17850
-15500
-13500
-12625
-12675
-14225
-15625
-13975
-10500
-9450
-10275
-10750
-12250
-11775
-8050
-6275

-6500
-8225
-8550
-8125
-6975
-3100
-2850
-5025
-6325
-5500
-3400
-1625
-150
-1250
-4525
-3675
-1400
175
1400
325
-2075
-3600
-1400
1600
1875
575
-1575
-4125
-2500
100
1250
-375
-3550
-5525
-5350
-3075
-1425
-3125
-6100
-9075
-9550
-6800
-5900
-6675
-10075
-13925
-14425
-12700
-9950
-11400
-15225
-18025
-19625
-18075
-15800
-15400
-18975
-23050
-23650
-22400
-20650
-19550
-21650
-25925
-27550
-25775
-23150
-22600
-23850
-26875
-29775
-27900
-24575
-24100
-24625
-27025
-29025
-28850
-25700
-23100
-24225
-26275
-27650
-28200
-25350
-22250
-22350
-24425
-26750
-25675
-23925
-21725
-20225
-22250
-23750
-24150
-22550
-19625
-18800
-19400
-21275
-22375
-20400
-18125
-16525
-16675
-19050
-19550
-18200
-16525
-14475
-14450
-15600
-17300
-16425
-13500
-12375
-11925
-12275
-14250
-14200
-11225
-9025
-8875
-9950
-10425
-10800
-9925

