X[mm]	Y[mm]	Z[mm]	Bx[T]	By[T]	Bz[T]
----------------------------------------------------------------------------------------------------------------------------------------------------------------
0	0	-1650	8.94e-06	-6.298e-05	-5.304e-05
0	0	-1648	9.61e-06	-6.485e-05	-5.36e-05
0	0	-1646	9.88e-06	-6.68e-05	-5.451e-05
0	0	-1644	9.33e-06	-6.856e-05	-5.541e-05
0	0	-1642	9.51e-06	-6.997e-05	-5.68e-05
0	0	-1640	9.97e-06	-7.155e-05	-5.779e-05
0	0	-1638	9.93e-06	-7.308e-05	-5.859e-05
0	0	-1636	1.027e-05	-7.48e-05	-5.992e-05
0	0	-1634	1.046e-05	-7.619e-05	-6.157e-05
0	0	-1632	1.042e-05	-7.75e-05	-6.285e-05
0	0	-1630	1.06e-05	-7.984e-05	-6.368e-05
0	0	-1628	1.111e-05	-8.158e-05	-6.442e-05
0	0	-1626	1.124e-05	-8.352e-05	-6.6e-05
0	0	-1624	1.142e-05	-8.605e-05	-6.712e-05
0	0	-1622	1.139e-05	-8.802e-05	-6.849e-05
0	0	-1620	1.141e-05	-8.987e-05	-6.972e-05
0	0	-1618	1.161e-05	-9.189e-05	-7.131e-05
0	0	-1616	1.196e-05	-9.426e-05	-7.231e-05
0	0	-1614	1.198e-05	-9.659e-05	-7.373e-05
0	0	-1612	1.215e-05	-9.877e-05	-7.539e-05
0	0	-1610	1.206e-05	-0.00010094	-7.641e-05
0	0	-1608	1.199e-05	-0.00010322	-7.8e-05
0	0	-1606	1.25e-05	-0.00010577	-7.967e-05
0	0	-1604	1.315e-05	-0.00010821	-8.065e-05
0	0	-1602	1.336e-05	-0.00011057	-8.234e-05
0	0	-1600	1.335e-05	-0.00011361	-8.39e-05
0	0	-1598	1.354e-05	-0.00011624	-8.577e-05
0	0	-1596	1.369e-05	-0.0001183	-8.769e-05
0	0	-1594	1.356e-05	-0.00012147	-8.917e-05
0	0	-1592	1.397e-05	-0.00012414	-9.082e-05
0	0	-1590	1.45e-05	-0.00012731	-9.278e-05
0	0	-1588	1.502e-05	-0.00012992	-9.428e-05
0	0	-1586	1.551e-05	-0.00013302	-9.528e-05
0	0	-1584	1.583e-05	-0.00013645	-9.76e-05
0	0	-1582	1.561e-05	-0.00013941	-0.00010011
0	0	-1580	1.587e-05	-0.0001421	-0.00010206
0	0	-1578	1.633e-05	-0.0001457	-0.00010373
0	0	-1576	1.611e-05	-0.00014913	-0.00010573
0	0	-1574	1.607e-05	-0.00015249	-0.00010814
0	0	-1572	1.62e-05	-0.00015601	-0.00011059
0	0	-1570	1.688e-05	-0.00015963	-0.00011235
0	0	-1568	1.726e-05	-0.00016315	-0.00011403
0	0	-1566	1.73e-05	-0.00016671	-0.00011649
0	0	-1564	1.764e-05	-0.00017041	-0.00011881
0	0	-1562	1.757e-05	-0.0001746	-0.00012097
0	0	-1560	1.817e-05	-0.00017852	-0.0001234
0	0	-1558	1.928e-05	-0.00018272	-0.00012575
0	0	-1556	1.956e-05	-0.00018662	-0.00012809
0	0	-1554	1.943e-05	-0.00019042	-0.00013041
0	0	-1552	1.893e-05	-0.00019506	-0.00013342
0	0	-1550	1.958e-05	-0.00019933	-0.00013604
0	0	-1548	2.016e-05	-0.00020321	-0.00013862
0	0	-1546	2.03e-05	-0.00020771	-0.00014121
0	0	-1544	2.082e-05	-0.0002125	-0.0001446
0	0	-1542	2.083e-05	-0.00021646	-0.0001475
0	0	-1540	2.149e-05	-0.00022129	-0.00015007
0	0	-1538	2.204e-05	-0.00022644	-0.00015317
0	0	-1536	2.203e-05	-0.00023068	-0.00015609
0	0	-1534	2.197e-05	-0.00023511	-0.0001592
0	0	-1532	2.235e-05	-0.0002402	-0.00016276
0	0	-1530	2.337e-05	-0.00024602	-0.00016587
0	0	-1528	2.321e-05	-0.00025073	-0.00016925
0	0	-1526	2.365e-05	-0.00025552	-0.00017295
0	0	-1524	2.411e-05	-0.00026094	-0.00017604
0	0	-1522	2.426e-05	-0.00026603	-0.00017921
0	0	-1520	2.42e-05	-0.00027092	-0.00018285
0	0	-1518	2.422e-05	-0.00027603	-0.00018698
0	0	-1516	2.489e-05	-0.00028143	-0.00019096
0	0	-1514	2.509e-05	-0.00028697	-0.000195
0	0	-1512	2.613e-05	-0.00029235	-0.00019826
0	0	-1510	2.628e-05	-0.00029757	-0.00020217
0	0	-1508	2.622e-05	-0.00030299	-0.00020579
0	0	-1506	2.625e-05	-0.00030882	-0.00021003
0	0	-1504	2.639e-05	-0.00031472	-0.00021418
0	0	-1502	2.671e-05	-0.00032047	-0.00021806
0	0	-1500	2.695e-05	-0.00032598	-0.00022208
0	0	-1498	2.735e-05	-0.00033145	-0.00022613
0	0	-1496	2.834e-05	-0.00033712	-0.00023028
0	0	-1494	2.818e-05	-0.0003424	-0.00023478
0	0	-1492	2.84e-05	-0.00034782	-0.00023957
0	0	-1490	2.878e-05	-0.00035372	-0.00024422
0	0	-1488	2.873e-05	-0.00035959	-0.00024875
0	0	-1486	2.866e-05	-0.00036513	-0.00025317
0	0	-1484	2.821e-05	-0.00037035	-0.00025732
0	0	-1482	2.845e-05	-0.00037598	-0.00026217
0	0	-1480	2.84e-05	-0.00038192	-0.0002671
0	0	-1478	2.832e-05	-0.00038755	-0.00027181
0	0	-1476	2.889e-05	-0.00039282	-0.00027636
0	0	-1474	2.897e-05	-0.00039893	-0.00028077
0	0	-1472	2.866e-05	-0.00040471	-0.00028556
0	0	-1470	2.81e-05	-0.00040997	-0.00029011
0	0	-1468	2.768e-05	-0.00041581	-0.00029474
0	0	-1466	2.792e-05	-0.00042173	-0.00029851
0	0	-1464	2.739e-05	-0.00042771	-0.00030324
0	0	-1462	2.684e-05	-0.00043387	-0.0003078
0	0	-1460	2.674e-05	-0.00043992	-0.00031215
0	0	-1458	2.693e-05	-0.00044622	-0.0003161
0	0	-1456	2.594e-05	-0.00045293	-0.0003201
0	0	-1454	2.512e-05	-0.00046023	-0.00032407
0	0	-1452	2.425e-05	-0.00046729	-0.00032753
0	0	-1450	2.384e-05	-0.00047538	-0.00033113
0	0	-1448	2.298e-05	-0.00048446	-0.00033452
0	0	-1446	2.23e-05	-0.0004943	-0.00033797
0	0	-1444	2.139e-05	-0.00050444	-0.00034124
0	0	-1442	2.048e-05	-0.0005164	-0.00034408
0	0	-1440	1.931e-05	-0.00053002	-0.00034603
0	0	-1438	1.828e-05	-0.00054538	-0.00034763
0	0	-1436	1.744e-05	-0.0005627	-0.00034901
0	0	-1434	1.659e-05	-0.00058258	-0.0003496
0	0	-1432	1.537e-05	-0.00060542	-0.00034992
0	0	-1430	1.373e-05	-0.00063239	-0.00034945
0	0	-1428	1.243e-05	-0.00066335	-0.0003473
0	0	-1426	1.11e-05	-0.0006998	-0.00034424
0	0	-1424	9.68e-06	-0.00074324	-0.00033983
0	0	-1422	8.15e-06	-0.00079366	-0.00033371
0	0	-1420	6.85e-06	-0.00085229	-0.0003254
0	0	-1418	5.53e-06	-0.00091887	-0.00031401
0	0	-1416	3.78e-06	-0.00099243	-0.00029885
0	0	-1414	2.12e-06	-0.0010713	-0.0002813
0	0	-1412	5.1e-07	-0.00115096	-0.00026061
0	0	-1410	-8.3e-07	-0.00122712	-0.00023781
0	0	-1408	-2.18e-06	-0.00129498	-0.00021435
0	0	-1406	-3.04e-06	-0.00135169	-0.00019216
0	0	-1404	-4.3e-06	-0.00139569	-0.00017428
0	0	-1402	-5.03e-06	-0.001429	-0.0001617
0	0	-1400	-6.46e-06	-0.00145433	-0.00015578
0	0	-1398	-7.65e-06	-0.00147374	-0.00015715
0	0	-1396	-9.06e-06	-0.00148914	-0.00016632
0	0	-1394	-1.032e-05	-0.00150229	-0.0001849
0	0	-1392	-1.138e-05	-0.00151414	-0.00021381
0	0	-1390	-1.311e-05	-0.00152485	-0.00025512
0	0	-1388	-1.475e-05	-0.00153564	-0.00031121
0	0	-1386	-1.7e-05	-0.00154767	-0.00038674
0	0	-1384	-1.915e-05	-0.00156153	-0.00048605
0	0	-1382	-2.223e-05	-0.00157885	-0.00061489
0	0	-1380	-2.643e-05	-0.00160235	-0.00078204
0	0	-1378	-3.142e-05	-0.00163729	-0.00099822
0	0	-1376	-3.707e-05	-0.00169005	-0.00127604
0	0	-1374	-4.419e-05	-0.00177096	-0.00163035
0	0	-1372	-5.33e-05	-0.00189874	-0.00208121
0	0	-1370	-6.461e-05	-0.00210031	-0.00264685
0	0	-1368	-7.946e-05	-0.00241489	-0.00334368
0	0	-1366	-9.813e-05	-0.00289558	-0.00418045
0	0	-1364	-0.00012038	-0.0036099	-0.00515128
0	0	-1362	-0.00014781	-0.00462871	-0.00622746
0	0	-1360	-0.00018113	-0.00600862	-0.00735648
0	0	-1358	-0.00021906	-0.00777834	-0.00847515
0	0	-1356	-0.0002615	-0.00993264	-0.00952799
0	0	-1354	-0.00030838	-0.0124377	-0.0104846
0	0	-1352	-0.00035949	-0.0152535	-0.0113375
0	0	-1350	-0.000414	-0.0183453	-0.012096
0	0	-1348	-0.00047164	-0.021695	-0.0127784
0	0	-1346	-0.00053366	-0.0253004	-0.0134024
0	0	-1344	-0.00059906	-0.0291722	-0.0139799
0	0	-1342	-0.00066833	-0.0333351	-0.014515
0	0	-1340	-0.0007418	-0.0378223	-0.0150069
0	0	-1338	-0.00081999	-0.0426765	-0.0154441
0	0	-1336	-0.00090292	-0.0479494	-0.0158073
0	0	-1334	-0.00099129	-0.0536974	-0.0160689
0	0	-1332	-0.00108526	-0.0599838	-0.0161895
0	0	-1330	-0.00118616	-0.0668794	-0.0161178
0	0	-1328	-0.00129429	-0.0744572	-0.0157893
0	0	-1326	-0.00140973	-0.0827906	-0.0151274
0	0	-1324	-0.00153353	-0.0919462	-0.0140401
0	0	-1322	-0.00166641	-0.101987	-0.0124259
0	0	-1320	-0.00180869	-0.112962	-0.0101824
0	0	-1318	-0.00196171	-0.124892	-0.00720944
0	0	-1316	-0.00212658	-0.137782	-0.00343496
0	0	-1314	-0.00230345	-0.151621	0.00116907
0	0	-1312	-0.00249305	-0.166393	0.00656693
0	0	-1310	-0.0026961	-0.182091	0.0126427
0	0	-1308	-0.00291257	-0.198756	0.0192014
0	0	-1306	-0.00313891	-0.216494	0.0259793
0	0	-1304	-0.00337015	-0.235474	0.0326687
0	0	-1302	-0.00360049	-0.25591	0.0389527
0	0	-1300	-0.00381687	-0.278046	0.0445265
0	0	-1298	-0.00400395	-0.302106	0.0491194
0	0	-1296	-0.00414505	-0.328233	0.0525035
0	0	-1294	-0.00422275	-0.356442	0.0544985
0	0	-1292	-0.00422306	-0.386558	0.0549822
0	0	-1290	-0.00413895	-0.418163	0.0538829
0	0	-1288	-0.00397226	-0.450515	0.0511956
0	0	-1286	-0.00373651	-0.482511	0.0469918
0	0	-1284	-0.00344992	-0.512702	0.0414214
0	0	-1282	-0.00313551	-0.539368	0.0347256
0	0	-1280	-0.00281147	-0.560647	0.0272192
0	0	-1278	-0.00249277	-0.57473	0.0192505
0	0	-1276	-0.00218452	-0.580036	0.0111601
0	0	-1274	-0.00188722	-0.575316	0.00325405
0	0	-1272	-0.00159672	-0.559714	-0.00420761
0	0	-1270	-0.0013043	-0.532824	-0.0109989
0	0	-1268	-0.00100407	-0.494732	-0.0169262
0	0	-1266	-0.00068897	-0.446059	-0.0218579
0	0	-1264	-0.00035443	-0.387904	-0.0257438
0	0	-1262	-8.6e-07	-0.321703	-0.0286151
0	0	-1260	0.00037083	-0.249035	-0.0305846
0	0	-1258	0.00075831	-0.171408	-0.031821
0	0	-1256	0.00115724	-0.0901261	-0.0325038
0	0	-1254	0.00156403	-0.00621569	-0.0327892
0	0	-1252	0.0019756	0.0795277	-0.0328034
0	0	-1250	0.0023878	0.166558	-0.0326437
0	0	-1248	0.00279611	0.254521	-0.0323838
0	0	-1246	0.00319548	0.343213	-0.0320536
0	0	-1244	0.00358253	0.432508	-0.0316503
0	0	-1242	0.00395418	0.52228	-0.0311406
0	0	-1240	0.00430584	0.612291	-0.0304507
0	0	-1238	0.00463388	0.702026	-0.0294896
0	0	-1236	0.00493412	0.790632	-0.028168
0	0	-1234	0.00520258	0.876926	-0.0264236
0	0	-1232	0.00543386	0.959495	-0.024236
0	0	-1230	0.00562575	1.03677	-0.0216288
0	0	-1228	0.00577604	1.10717	-0.0186635
0	0	-1226	0.00588341	1.16928	-0.0154188
0	0	-1224	0.00594938	1.22193	-0.0119989
0	0	-1222	0.00597759	1.26428	-0.0085133
0	0	-1220	0.00597169	1.29587	-0.00503361
0	0	-1218	0.00593575	1.31658	-0.00158887
0	0	-1216	0.00587271	1.32646	0.00183007
0	0	-1214	0.00578692	1.32561	0.00525967
0	0	-1212	0.00568038	1.31406	0.00872567
0	0	-1210	0.00555313	1.29183	0.012208
0	0	-1208	0.00540559	1.25901	0.0156283
0	0	-1206	0.00523696	1.21595	0.01886
0	0	-1204	0.0050453	1.16338	0.0217417
0	0	-1202	0.00482849	1.10244	0.0241168
0	0	-1200	0.00458207	1.0346	0.0258835
0	0	-1198	0.00430401	0.961565	0.0270024
0	0	-1196	0.00399382	0.885076	0.0274988
0	0	-1194	0.00365129	0.806739	0.0274404
0	0	-1192	0.00327857	0.727924	0.0269274
0	0	-1190	0.00288015	0.649702	0.0260874
0	0	-1188	0.00246068	0.572809	0.0250263
0	0	-1186	0.00202521	0.497687	0.023844
0	0	-1184	0.00158002	0.424534	0.0226237
0	0	-1182	0.00112862	0.353351	0.0214178
0	0	-1180	0.00067429	0.284	0.0202755
0	0	-1178	0.00022089	0.216254	0.0192251
0	0	-1176	-0.00022914	0.149814	0.0182817
0	0	-1174	-0.00067439	0.0843403	0.0174517
0	0	-1172	-0.00111286	0.0194734	0.0167347
0	0	-1170	-0.00154451	-0.0451478	0.016129
0	0	-1168	-0.00196717	-0.109894	0.0156252
0	0	-1166	-0.00237953	-0.175153	0.0152055
0	0	-1164	-0.00278006	-0.241302	0.0148613
0	0	-1162	-0.00316729	-0.308682	0.0145895
0	0	-1160	-0.00353975	-0.377634	0.0143625
0	0	-1158	-0.00389628	-0.44845	0.0141665
0	0	-1156	-0.00423551	-0.521323	0.0139933
0	0	-1154	-0.00455628	-0.596343	0.0138174
0	0	-1152	-0.004858	-0.67345	0.0135979
0	0	-1150	-0.00513829	-0.752382	0.0132818
0	0	-1148	-0.00539474	-0.832569	0.0128266
0	0	-1146	-0.00562377	-0.913151	0.0121801
0	0	-1144	-0.00582276	-0.992941	0.0112815
0	0	-1142	-0.00598932	-1.07046	0.0101026
0	0	-1140	-0.00612087	-1.14399	0.00865391
0	0	-1138	-0.00621612	-1.21175	0.00696412
0	0	-1136	-0.00627653	-1.27206	0.00509417
0	0	-1134	-0.00630417	-1.3235	0.00313138
0	0	-1132	-0.0062995	-1.36502	0.00116556
0	0	-1130	-0.00626569	-1.39599	-0.00073961
0	0	-1128	-0.0062043	-1.41615	-0.00257124
0	0	-1126	-0.00611669	-1.42544	-0.004347
0	0	-1124	-0.00600426	-1.42386	-0.00609942
0	0	-1122	-0.00586541	-1.4114	-0.00785586
0	0	-1120	-0.00569695	-1.38802	-0.00960309
0	0	-1118	-0.00549646	-1.35384	-0.0112893
0	0	-1116	-0.00526144	-1.30919	-0.0128288
0	0	-1114	-0.00499043	-1.25482	-0.0141291
0	0	-1112	-0.00468382	-1.19188	-0.0151192
0	0	-1110	-0.00434392	-1.12187	-0.0157715
0	0	-1108	-0.00397585	-1.04651	-0.0161071
0	0	-1106	-0.00358442	-0.967538	-0.016176
0	0	-1104	-0.00317592	-0.886606	-0.0160576
0	0	-1102	-0.00275759	-0.805101	-0.015836
0	0	-1100	-0.00233276	-0.724113	-0.0155807
0	0	-1098	-0.00190687	-0.644427	-0.0153585
0	0	-1096	-0.00148222	-0.566507	-0.0152045
0	0	-1094	-0.00105963	-0.490578	-0.0151448
0	0	-1092	-0.00064099	-0.416659	-0.0151865
0	0	-1090	-0.000226	-0.34465	-0.0153307
0	0	-1088	0.0001843	-0.274332	-0.0155759
0	0	-1086	0.00058874	-0.205413	-0.0159169
0	0	-1084	0.00098698	-0.137556	-0.0163567
0	0	-1082	0.00137709	-0.0704142	-0.0168998
0	0	-1080	0.00175748	-0.00361155	-0.0175435
0	0	-1078	0.00212715	0.0632457	-0.0182869
0	0	-1076	0.00248439	0.130542	-0.0191268
0	0	-1074	0.00282832	0.198643	-0.0200594
0	0	-1072	0.00315834	0.267911	-0.0210628
0	0	-1070	0.00347327	0.33869	-0.0221118
0	0	-1068	0.00377361	0.411269	-0.0231884
0	0	-1066	0.00405964	0.485836	-0.0242535
0	0	-1064	0.00432958	0.562502	-0.0252459
0	0	-1062	0.00458228	0.641221	-0.0260869
0	0	-1060	0.00481766	0.72171	-0.0267024
0	0	-1058	0.00503192	0.803422	-0.0269975
0	0	-1056	0.0052205	0.885509	-0.0268491
0	0	-1054	0.00538049	0.966765	-0.0261683
0	0	-1052	0.00550699	1.04568	-0.0248994
0	0	-1050	0.00559599	1.12052	-0.0230289
0	0	-1048	0.00564662	1.18951	-0.0205823
0	0	-1046	0.00565698	1.25093	-0.0176474
0	0	-1044	0.00562929	1.30334	-0.0143623
0	0	-1042	0.00556678	1.34572	-0.0108683
0	0	-1040	0.00547196	1.37747	-0.00728778
0	0	-1038	0.00534894	1.39834	-0.00369637
0	0	-1036	0.00520038	1.40832	-0.00012967
0	0	-1034	0.00502804	1.40744	0.00340365
0	0	-1032	0.00483302	1.3957	0.00690096
0	0	-1030	0.00461494	1.37311	0.0103259
0	0	-1028	0.00437478	1.33974	0.0135987
0	0	-1026	0.00411231	1.29592	0.0166079
0	0	-1024	0.00383009	1.24234	0.0192355
0	0	-1022	0.0035292	1.18014	0.021367
0	0	-1020	0.00321205	1.11075	0.0229421
0	0	-1018	0.00288259	1.0359	0.0239625
0	0	-1016	0.00254437	0.957328	0.0244641
0	0	-1014	0.00220015	0.876667	0.0245329
0	0	-1012	0.00185322	0.795334	0.0242623
0	0	-1010	0.00150467	0.714441	0.0237645
0	0	-1008	0.00115459	0.634796	0.0231428
0	0	-1006	0.00080317	0.556882	0.0224642
0	0	-1004	0.0004517	0.480928	0.0217882
0	0	-1002	9.989e-05	0.406967	0.0211552
0	0	-1000	-0.00025282	0.334907	0.0205983
0	0	-998	-0.00060388	0.264521	0.020135
0	0	-996	-0.00095404	0.195516	0.0197634
0	0	-994	-0.00130209	0.127575	0.0194938
0	0	-992	-0.00164607	0.0603445	0.019333
0	0	-990	-0.00198622	-0.0065647	0.0192713
0	0	-988	-0.00232265	-0.0735353	0.0192986
0	0	-986	-0.00265554	-0.140937	0.0194127
0	0	-984	-0.00298434	-0.209145	0.0196121
0	0	-982	-0.0033085	-0.278538	0.0198795
0	0	-980	-0.00362573	-0.349446	0.020194
0	0	-978	-0.0039322	-0.422154	0.0205424
0	0	-976	-0.00422479	-0.496874	0.0208991
0	0	-974	-0.00450078	-0.573721	0.0212226
0	0	-972	-0.00475617	-0.652634	0.0214592
0	0	-970	-0.00498949	-0.733331	0.0215394
0	0	-968	-0.00520042	-0.815257	0.0214041
0	0	-966	-0.00538603	-0.897566	0.0209665
0	0	-964	-0.00554582	-0.979047	0.020148
0	0	-962	-0.00568026	-1.05817	0.0189072
0	0	-960	-0.00578632	-1.13321	0.0172275
0	0	-958	-0.0058632	-1.20236	0.0151341
0	0	-956	-0.00591132	-1.26389	0.012695
0	0	-954	-0.0059295	-1.31636	0.0100113
0	0	-952	-0.00591773	-1.35873	0.00718922
0	0	-950	-0.00587628	-1.39039	0.00431764
0	0	-948	-0.00580566	-1.41107	0.00144571
0	0	-946	-0.00570497	-1.42073	-0.00141588
0	0	-944	-0.00557354	-1.41937	-0.00427873
0	0	-942	-0.00540961	-1.40698	-0.0071535
0	0	-940	-0.00521077	-1.38351	-0.0100177
0	0	-938	-0.00497353	-1.34904	-0.0127995
0	0	-936	-0.00469625	-1.3039	-0.0153963
0	0	-934	-0.00437689	-1.24882	-0.0176869
0	0	-932	-0.0040186	-1.18497	-0.019562
0	0	-930	-0.00362637	-1.11387	-0.020956
0	0	-928	-0.00320789	-1.03731	-0.0218589
0	0	-926	-0.00277191	-0.957105	-0.0223045
0	0	-924	-0.00232715	-0.874925	-0.0223528
0	0	-922	-0.00188367	-0.792237	-0.0220868
0	0	-920	-0.00144923	-0.710218	-0.0216037
0	0	-918	-0.00102865	-0.629706	-0.0209851
0	0	-916	-0.00062571	-0.551233	-0.0203007
0	0	-914	-0.00024453	-0.47509	-0.0196161
0	0	-912	0.00011465	-0.401335	-0.0189782
0	0	-910	0.00045265	-0.32984	-0.0184265
0	0	-908	0.00077181	-0.260332	-0.01798
0	0	-906	0.00107637	-0.192457	-0.0176465
0	0	-904	0.0013718	-0.125813	-0.017423
0	0	-902	0.00166232	-0.0599691	-0.0173015
0	0	-900	0.00195367	0.00552132	-0.0172703
0	0	-898	0.00225115	0.0710805	-0.0173269
0	0	-896	0.00256063	0.137123	-0.0174743
0	0	-894	0.00288518	0.204087	-0.0177089
0	0	-892	0.00322688	0.272395	-0.018033
0	0	-890	0.00358708	0.342437	-0.018437
0	0	-888	0.00396351	0.414547	-0.0189011
0	0	-886	0.00435142	0.488963	-0.0193804
0	0	-884	0.0047449	0.565774	-0.0198259
0	0	-882	0.00513637	0.644879	-0.0201819
0	0	-880	0.00551309	0.725927	-0.0203802
0	0	-878	0.00586732	0.808299	-0.020338
0	0	-876	0.00618698	0.891083	-0.0199714
0	0	-874	0.00646453	0.973035	-0.0192188
0	0	-872	0.00669287	1.05262	-0.0180254
0	0	-870	0.00686899	1.1281	-0.0163775
0	0	-868	0.00699162	1.19765	-0.0143065
0	0	-866	0.00706105	1.25954	-0.0118905
0	0	-864	0.00708123	1.31232	-0.00924231
0	0	-862	0.0070579	1.35494	-0.00648382
0	0	-860	0.00699565	1.38679	-0.00371014
0	0	-858	0.00689745	1.40765	-0.00097512
0	0	-856	0.00676655	1.41749	0.00170778
0	0	-854	0.00660498	1.41637	0.00435486
0	0	-852	0.0064114	1.40431	0.00697776
0	0	-850	0.0061838	1.38131	0.00955467
0	0	-848	0.00592066	1.34748	0.0120257
0	0	-846	0.00562111	1.30316	0.0142962
0	0	-844	0.00528659	1.24905	0.016257
0	0	-842	0.00491726	1.18628	0.0178207
0	0	-840	0.00451613	1.11635	0.0189389
0	0	-838	0.00408676	1.04096	0.0196136
0	0	-836	0.00363621	0.961887	0.0198779
0	0	-834	0.00316993	0.880749	0.0198024
0	0	-832	0.00269436	0.79899	0.0194772
0	0	-830	0.00221732	0.717721	0.0189914
0	0	-828	0.0017443	0.637735	0.0184168
0	0	-826	0.00128034	0.559516	0.0178219
0	0	-824	0.00082888	0.483308	0.0172593
0	0	-822	0.00039068	0.409147	0.0167624
0	0	-820	-3.381e-05	0.336911	0.0163526
0	0	-818	-0.00044606	0.266375	0.0160372
0	0	-816	-0.00084929	0.197267	0.015828
0	0	-814	-0.00124557	0.129258	0.0157255
0	0	-812	-0.00163717	0.0619809	0.0157294
0	0	-810	-0.00202506	-0.00493884	0.015835
0	0	-808	-0.00240965	-0.0718814	0.0160399
0	0	-806	-0.00278855	-0.139223	0.0163358
0	0	-804	-0.00315876	-0.207342	0.0167174
0	0	-802	-0.00351571	-0.276609	0.0171699
0	0	-800	-0.00385318	-0.347352	0.0176778
0	0	-798	-0.00416614	-0.419854	0.0182236
0	0	-796	-0.00444754	-0.494333	0.018766
0	0	-794	-0.00469334	-0.570894	0.0192597
0	0	-792	-0.00489879	-0.649471	0.0196546
0	0	-790	-0.0050634	-0.729792	0.0198777
0	0	-788	-0.00518562	-0.811304	0.0198552
0	0	-786	-0.00526604	-0.893147	0.0195003
0	0	-784	-0.0053094	-0.974124	0.0187465
0	0	-782	-0.00531926	-1.05273	0.0175514
0	0	-780	-0.00530209	-1.12724	0.0158994
0	0	-778	-0.00526686	-1.19589	0.013827
0	0	-776	-0.00522095	-1.25695	0.0114072
0	0	-774	-0.00517272	-1.30901	0.00875029
0	0	-772	-0.00512974	-1.35104	0.00596883
0	0	-770	-0.00509806	-1.38244	0.00315186
0	0	-768	-0.00508088	-1.40298	0.00034766
0	0	-766	-0.00508122	-1.4126	-0.00243225
0	0	-764	-0.00509905	-1.41135	-0.00519723
0	0	-762	-0.00513184	-1.39921	-0.0079509
0	0	-760	-0.00517598	-1.37617	-0.0106588
0	0	-758	-0.00522538	-1.34232	-0.0132459
0	0	-756	-0.00527285	-1.298	-0.015608
0	0	-754	-0.00530688	-1.24391	-0.0176221
0	0	-752	-0.00531926	-1.18118	-0.0191959
0	0	-750	-0.00530335	-1.11132	-0.0202878
0	0	-748	-0.00525339	-1.03605	-0.0209001
0	0	-746	-0.00516489	-0.957116	-0.0210782
0	0	-744	-0.00503624	-0.876163	-0.0209066
0	0	-742	-0.0048664	-0.794624	-0.0204779
0	0	-740	-0.0046549	-0.713602	-0.0198928
0	0	-738	-0.00440546	-0.633873	-0.0192294
0	0	-736	-0.00411732	-0.555919	-0.0185567
0	0	-734	-0.00379504	-0.47999	-0.0179318
0	0	-732	-0.00344349	-0.406107	-0.0173821
0	0	-730	-0.00306761	-0.334131	-0.0169326
0	0	-728	-0.00267236	-0.263846	-0.0165938
0	0	-726	-0.00226499	-0.194961	-0.0163715
0	0	-724	-0.00185	-0.127135	-0.0162676
0	0	-722	-0.00143324	-0.06	-0.0162774
0	0	-720	-0.00101736	0.00682456	-0.0164003
0	0	-718	-0.00060248	0.0737132	-0.0166264
0	0	-716	-0.00018884	0.141048	-0.016946
0	0	-714	0.00022625	0.209207	-0.0173468
0	0	-712	0.00064589	0.27855	-0.017816
0	0	-710	0.00107312	0.349406	-0.0183325
0	0	-708	0.00151196	0.422051	-0.0188683
0	0	-706	0.00196392	0.496692	-0.0193878
0	0	-704	0.00242928	0.573425	-0.0198478
0	0	-702	0.00290495	0.652188	-0.0201859
0	0	-700	0.00338656	0.732706	-0.020334
0	0	-698	0.00386536	0.814413	-0.0202168
0	0	-696	0.00433072	0.89645	-0.0197574
0	0	-694	0.00477199	0.977628	-0.0188951
0	0	-692	0.00517634	1.05643	-0.0175925
0	0	-690	0.00553407	1.13112	-0.0158533
0	0	-688	0.00583616	1.19995	-0.0137155
0	0	-686	0.00607777	1.26123	-0.0112651
0	0	-684	0.00625827	1.3135	-0.00861543
0	0	-682	0.00638133	1.35574	-0.00587664
0	0	-680	0.00644967	1.38736	-0.00313311
0	0	-678	0.00646964	1.40811	-0.00042869
0	0	-676	0.00644799	1.41794	0.00223254
0	0	-674	0.00638795	1.41688	0.00486822
0	0	-672	0.00629426	1.40494	0.00748773
0	0	-670	0.00617004	1.3821	0.0100746
0	0	-668	0.00601691	1.34845	0.0125719
0	0	-666	0.00583582	1.30432	0.0148793
0	0	-664	0.0056253	1.25039	0.0168903
0	0	-662	0.00538671	1.18781	0.0185316
0	0	-660	0.0051188	1.11805	0.0197562
0	0	-658	0.00482204	1.04282	0.0205542
0	0	-656	0.00449826	0.963867	0.0209613
0	0	-654	0.00415071	0.882862	0.021055
0	0	-652	0.00378308	0.801234	0.0209208
0	0	-650	0.00339911	0.720084	0.0206268
0	0	-648	0.00300431	0.640214	0.0202466
0	0	-646	0.00260224	0.562137	0.0198489
0	0	-644	0.0021951	0.486079	0.0194752
0	0	-642	0.00178703	0.412068	0.0191524
0	0	-640	0.00138004	0.339994	0.0188986
0	0	-638	0.0009742	0.269639	0.0187228
0	0	-636	0.00057233	0.200705	0.0186298
0	0	-634	0.000176	0.132851	0.0186164
0	0	-632	-0.00021482	0.0657229	0.0186842
0	0	-630	-0.00059935	-0.00107278	0.0188293
0	0	-628	-0.0009764	-0.0679192	0.0190445
0	0	-626	-0.00134451	-0.135194	0.0193293
0	0	-624	-0.00170386	-0.203283	0.0196726
0	0	-622	-0.00205419	-0.272576	0.0200654
0	0	-620	-0.00239574	-0.343407	0.0204857
0	0	-618	-0.00272976	-0.41606	0.0209163
0	0	-616	-0.00305523	-0.490765	0.0213156
0	0	-614	-0.0033728	-0.567641	0.0216261
0	0	-612	-0.00368232	-0.646629	0.0217962
0	0	-610	-0.00398302	-0.727449	0.0217552
0	0	-608	-0.00427128	-0.809569	0.0214246
0	0	-606	-0.00454555	-0.892136	0.0207305
0	0	-604	-0.00480106	-0.973914	0.0196175
0	0	-602	-0.00503512	-1.05338	0.01807
0	0	-600	-0.005244	-1.12879	0.0161054
0	0	-598	-0.0054246	-1.19834	0.0137792
0	0	-596	-0.00557617	-1.26029	0.0111964
0	0	-594	-0.00569861	-1.31319	0.00847514
0	0	-592	-0.00579099	-1.35599	0.00573353
0	0	-590	-0.00585556	-1.38808	0.00304975
0	0	-588	-0.00589366	-1.4092	0.00045948
0	0	-586	-0.00590643	-1.4193	-0.00204395
0	0	-584	-0.00589348	-1.41841	-0.00448798
0	0	-582	-0.00585459	-1.40652	-0.00689534
0	0	-580	-0.00578689	-1.38361	-0.00925092
0	0	-578	-0.00568668	-1.34976	-0.0114982
0	0	-576	-0.00554905	-1.30528	-0.0135417
0	0	-574	-0.00536868	-1.2509	-0.0152825
0	0	-572	-0.00514508	-1.18777	-0.0166486
0	0	-570	-0.00487666	-1.11741	-0.0176012
0	0	-568	-0.00456512	-1.04153	-0.0181528
0	0	-566	-0.00421323	-0.961936	-0.0183497
0	0	-564	-0.00382839	-0.880305	-0.0182676
0	0	-562	-0.00341706	-0.798101	-0.0179843
0	0	-560	-0.00298766	-0.716476	-0.0175711
0	0	-558	-0.00254731	-0.636279	-0.0170989
0	0	-556	-0.0021031	-0.558071	-0.0166197
0	0	-554	-0.00166038	-0.482155	-0.0161744
0	0	-552	-0.00122479	-0.408601	-0.0158025
0	0	-550	-0.00079747	-0.337285	-0.0155235
0	0	-548	-0.00038065	-0.267955	-0.0153502
0	0	-546	2.654e-05	-0.200264	-0.0153013
0	0	-544	0.00042573	-0.133799	-0.0153621
0	0	-542	0.00081687	-0.0681272	-0.0155308
0	0	-540	0.00120127	-0.00281721	-0.0158003
0	0	-538	0.00157787	0.0625412	-0.0161566
0	0	-536	0.00194605	0.128373	-0.0166061
0	0	-534	0.00230522	0.195123	-0.0171368
0	0	-532	0.00265306	0.263216	-0.0177372
0	0	-530	0.0029891	0.33305	-0.0184034
0	0	-528	0.00331178	0.404987	-0.0191046
0	0	-526	0.00362125	0.479291	-0.0197977
0	0	-524	0.00391686	0.556071	-0.0204357
0	0	-522	0.00419655	0.635221	-0.0209542
0	0	-520	0.00445995	0.716438	-0.021277
0	0	-518	0.00470585	0.799142	-0.0213225
0	0	-516	0.00493127	0.882404	-0.0210109
0	0	-514	0.00513522	0.964977	-0.0202752
0	0	-512	0.00531397	1.04532	-0.0190667
0	0	-510	0.00546515	1.12166	-0.0173717
0	0	-508	0.0055867	1.19212	-0.0152259
0	0	-506	0.00567745	1.25494	-0.0127095
0	0	-504	0.00573843	1.30862	-0.00993639
0	0	-502	0.00576969	1.35208	-0.00702826
0	0	-500	0.00577442	1.38469	-0.0040833
0	0	-498	0.00575663	1.4062	-0.0011634
0	0	-496	0.00571816	1.41661	0.00171395
0	0	-494	0.00566001	1.41596	0.00455815
0	0	-492	0.00558346	1.4043	0.00737126
0	0	-490	0.00548756	1.38165	0.0101244
0	0	-488	0.00537133	1.3481	0.0127429
0	0	-486	0.00523285	1.30399	0.0151146
0	0	-484	0.00507017	1.25003	0.0171231
0	0	-482	0.00488167	1.18736	0.0186724
0	0	-480	0.00466893	1.11749	0.0197054
0	0	-478	0.0044321	1.04213	0.0202209
0	0	-476	0.00417365	0.963027	0.0202782
0	0	-474	0.00389814	0.881874	0.019972
0	0	-472	0.00360844	0.800098	0.0194061
0	0	-470	0.00331017	0.718828	0.0186896
0	0	-468	0.00300621	0.638859	0.0179084
0	0	-466	0.00269956	0.560692	0.0171482
0	0	-464	0.00239221	0.484575	0.0164566
0	0	-462	0.00208528	0.41054	0.0158669
0	0	-460	0.00178012	0.338461	0.0154006
0	0	-458	0.00147629	0.268132	0.0150642
0	0	-456	0.00117434	0.199272	0.0148679
0	0	-454	0.00087463	0.131535	0.0148027
0	0	-452	0.00057598	0.0645459	0.0148627
0	0	-450	0.0002791	-0.00207053	0.0150448
0	0	-448	-1.758e-05	-0.0686953	0.0153361
0	0	-446	-0.00031468	-0.135719	0.0157295
0	0	-444	-0.00061159	-0.203532	0.0162055
0	0	-442	-0.00090985	-0.2725	0.0167531
0	0	-440	-0.00120901	-0.342944	0.0173599
0	0	-438	-0.00150716	-0.415172	0.0179927
0	0	-436	-0.00180374	-0.489403	0.0186227
0	0	-434	-0.00209909	-0.565736	0.0192117
0	0	-432	-0.00239068	-0.644109	0.0196998
0	0	-430	-0.00267654	-0.724251	0.0200159
0	0	-428	-0.0029551	-0.805636	0.0200857
0	0	-426	-0.00322433	-0.887402	0.0198324
0	0	-424	-0.00348272	-0.968349	0.0191862
0	0	-422	-0.00372667	-1.04699	0.0181048
0	0	-420	-0.00395311	-1.12161	0.0165774
0	0	-418	-0.0041583	-1.19042	0.0146394
0	0	-416	-0.00433921	-1.25171	0.0123733
0	0	-414	-0.00449348	-1.30406	0.0098796
0	0	-412	-0.00461798	-1.34644	0.00727179
0	0	-410	-0.00471164	-1.37823	0.00464631
0	0	-408	-0.00477402	-1.39921	0.00205642
0	0	-406	-0.00480523	-1.40936	-0.00048396
0	0	-404	-0.00480414	-1.40872	-0.0029896
0	0	-402	-0.00477012	-1.39733	-0.0054685
0	0	-400	-0.00470264	-1.37517	-0.00790338
0	0	-398	-0.00459949	-1.34235	-0.0102377
0	0	-396	-0.00445577	-1.29917	-0.0123774
0	0	-394	-0.00427151	-1.24632	-0.0142257
0	0	-392	-0.00404816	-1.1849	-0.0157094
0	0	-390	-0.00378908	-1.11635	-0.0167839
0	0	-388	-0.00349915	-1.04231	-0.0174476
0	0	-386	-0.0031871	-0.96451	-0.0177487
0	0	-384	-0.00286358	-0.884564	-0.0177574
0	0	-382	-0.00253717	-0.80388	-0.0175536
0	0	-380	-0.00221418	-0.723542	-0.0172193
0	0	-378	-0.00190058	-0.644358	-0.0168298
0	0	-376	-0.00159817	-0.566809	-0.0164384
0	0	-374	-0.00130861	-0.491153	-0.0160929
0	0	-372	-0.00103006	-0.417419	-0.0158192
0	0	-370	-0.00075976	-0.345503	-0.0156303
0	0	-368	-0.00049559	-0.275207	-0.0155432
0	0	-366	-0.00023404	-0.206263	-0.0155627
0	0	-364	2.836e-05	-0.138338	-0.0156826
0	0	-362	0.00029428	-0.0710809	-0.0159067
0	0	-360	0.00056573	-0.00412585	-0.0162307
0	0	-358	0.0008448	0.0629028	-0.0166532
0	0	-356	0.00113325	0.130386	-0.0171649
0	0	-354	0.00143195	0.198701	-0.0177581
0	0	-352	0.00174163	0.268197	-0.0184272
0	0	-350	0.00206433	0.339197	-0.0191538
0	0	-348	0.00240028	0.412001	-0.0199178
0	0	-346	0.00274789	0.486833	-0.0206774
0	0	-344	0.00310581	0.563786	-0.0213979
0	0	-342	0.00347134	0.642813	-0.0220255
0	0	-340	0.00383977	0.723657	-0.022485
0	0	-338	0.00420362	0.805793	-0.0226905
0	0	-336	0.00455626	0.888355	-0.0225614
0	0	-334	0.00488898	0.970145	-0.0220192
0	0	-332	0.00519423	1.04968	-0.0210062
0	0	-330	0.00546457	1.12524	-0.0195026
0	0	-328	0.00569547	1.195	-0.0175395
0	0	-326	0.00588521	1.25721	-0.0151985
0	0	-324	0.00603291	1.31041	-0.0125886
0	0	-322	0.00614254	1.35355	-0.00983456
0	0	-320	0.00621765	1.38598	-0.00704598
0	0	-318	0.00626251	1.40743	-0.00428919
0	0	-316	0.00627892	1.41786	-0.00158761
0	0	-314	0.00627092	1.41727	0.00106335
0	0	-312	0.00623928	1.40568	0.00366611
0	0	-310	0.00618252	1.38305	0.00620486
0	0	-308	0.00610022	1.34946	0.0086205
0	0	-306	0.00599044	1.30522	0.0108229
0	0	-304	0.00585462	1.25102	0.0127156
0	0	-302	0.00569276	1.18801	0.0142238
0	0	-300	0.00550572	1.1177	0.0153086
0	0	-298	0.00529628	1.04182	0.0159752
0	0	-296	0.00506761	0.962186	0.0162747
0	0	-294	0.00482164	0.880474	0.0162769
0	0	-292	0.00456193	0.798152	0.0160609
0	0	-290	0.00429224	0.716381	0.0157059
0	0	-288	0.00401506	0.636051	0.0152911
0	0	-286	0.00373081	0.557713	0.0148713
0	0	-284	0.00344175	0.481658	0.0144957
0	0	-282	0.00314808	0.407954	0.0141987
0	0	-280	0.00284777	0.336474	0.0140061
0	0	-278	0.00253929	0.266967	0.0139316
0	0	-276	0.00221905	0.199086	0.0139805
0	0	-274	0.001884	0.132425	0.0141502
0	0	-272	0.00153151	0.0665621	0.0144302
0	0	-270	0.0011597	0.00109558	0.0148225
0	0	-268	0.00076864	-0.0644026	0.0153213
0	0	-266	0.00035776	-0.130359	0.0159177
0	0	-264	-7.284e-05	-0.197211	0.0165996
0	0	-262	-0.00052287	-0.265368	0.0173632
0	0	-260	-0.00099315	-0.335234	0.0181865
0	0	-258	-0.00148182	-0.407162	0.019036
0	0	-256	-0.00198648	-0.481403	0.0198761
0	0	-254	-0.00250226	-0.558049	0.0206586
0	0	-252	-0.0030215	-0.637014	0.0213293
0	0	-250	-0.00353406	-0.717991	0.0218215
0	0	-248	-0.00403041	-0.800392	0.0220597
0	0	-246	-0.00450006	-0.883302	0.0219646
0	0	-244	-0.00493306	-0.96551	0.0214606
0	0	-242	-0.00532241	-1.04551	0.0204854
0	0	-240	-0.00566289	-1.12157	0.0190147
0	0	-238	-0.00594885	-1.19181	0.0170805
0	0	-236	-0.0061819	-1.25448	0.0147557
0	0	-234	-0.00636333	-1.30809	0.012157
0	0	-232	-0.00649395	-1.35156	0.0094102
0	0	-230	-0.0065792	-1.38421	0.00662693
0	0	-228	-0.00662326	-1.40578	0.00387545
0	0	-226	-0.00662813	-1.41625	0.00117736
0	0	-224	-0.00659609	-1.41564	-0.0014705
0	0	-222	-0.00652732	-1.40396	-0.00407589
0	0	-220	-0.00642027	-1.38118	-0.00661858
0	0	-218	-0.00627234	-1.3474	-0.00903945
0	0	-216	-0.00607972	-1.30294	-0.0112547
0	0	-214	-0.00584039	-1.24852	-0.0131682
0	0	-212	-0.00555298	-1.18528	-0.0147058
0	0	-210	-0.00521788	-1.11472	-0.0158236
0	0	-208	-0.00484108	-1.03862	-0.0165383
0	0	-206	-0.00442776	-0.958767	-0.0168948
0	0	-204	-0.00398504	-0.876859	-0.0169532
0	0	-202	-0.00352212	-0.794363	-0.0167941
0	0	-200	-0.00304696	-0.712449	-0.0164947
0	0	-198	-0.00256771	-0.631975	-0.0161253
0	0	-196	-0.00209267	-0.553521	-0.015744
0	0	-194	-0.00162667	-0.477381	-0.0154047
0	0	-192	-0.00117361	-0.403618	-0.0151423
0	0	-190	-0.00073625	-0.332119	-0.0149876
0	0	-188	-0.00031527	-0.262624	-0.0149578
0	0	-186	9.079e-05	-0.19478	-0.0150615
0	0	-184	0.00048349	-0.128178	-0.015289
0	0	-182	0.00086363	-0.0624047	-0.015646
0	0	-180	0.0012334	0.00295591	-0.0161181
0	0	-178	0.00159432	0.0683282	-0.0166938
0	0	-176	0.00194807	0.13415	-0.0173678
0	0	-174	0.00229454	0.200844	-0.0181261
0	0	-172	0.00263387	0.268821	-0.0189587
0	0	-170	0.00296592	0.338511	-0.0198384
0	0	-168	0.00329075	0.410266	-0.0207334
0	0	-166	0.00360626	0.484338	-0.0216047
0	0	-164	0.00391097	0.560829	-0.022402
0	0	-162	0.00420288	0.63968	-0.0230601
0	0	-160	0.00447852	0.720592	-0.0235119
0	0	-158	0.00473361	0.802974	-0.0236817
0	0	-156	0.00496563	0.885913	-0.0234966
0	0	-154	0.00517031	0.968206	-0.0228738
0	0	-152	0.00534605	1.04833	-0.0217576
0	0	-150	0.00548928	1.12453	-0.0201326
0	0	-148	0.00559821	1.19495	-0.0180291
0	0	-146	0.00567413	1.25783	-0.0155207
0	0	-144	0.00571824	1.31165	-0.0127193
0	0	-142	0.00573352	1.35532	-0.00975819
0	0	-140	0.00572538	1.38817	-0.00675242
0	0	-138	0.00569564	1.40994	-0.00376528
0	0	-136	0.00564936	1.42059	-0.00082524
0	0	-134	0.00558851	1.42016	0.00207016
0	0	-132	0.00551368	1.40866	0.00492039
0	0	-130	0.00542534	1.38607	0.00770281
0	0	-128	0.00532382	1.35247	0.0103553
0	0	-126	0.00520708	1.30821	0.012779
0	0	-124	0.00507493	1.25397	0.0148653
0	0	-122	0.00492741	1.19089	0.0165318
0	0	-120	0.00476326	1.12048	0.0177312
0	0	-118	0.0045845	1.04448	0.0184662
0	0	-116	0.0043935	0.964674	0.0187984
0	0	-114	0.00419107	0.882776	0.0188102
0	0	-112	0.00398017	0.800217	0.0185919
0	0	-110	0.00376398	0.718149	0.0182328
0	0	-108	0.00354273	0.637459	0.0178228
0	0	-106	0.00331787	0.558698	0.0174168
0	0	-104	0.00309023	0.482147	0.0170507
0	0	-102	0.00285913	0.407877	0.0167522
0	0	-100	0.00262217	0.335814	0.0165336
0	0	-98	0.00237737	0.265723	0.0164027
0	0	-96	0.00212145	0.197245	0.0163531
0	0	-94	0.00184968	0.130007	0.0163798
0	0	-92	0.00155965	0.0636195	0.0164858
0	0	-90	0.00124935	-0.00233236	0.0166751
0	0	-88	0.00091696	-0.068263	0.0169399
0	0	-86	0.00056307	-0.134598	0.0172808
0	0	-84	0.00018965	-0.201742	0.0177001
0	0	-82	-0.00020045	-0.27011	0.0181946
0	0	-80	-0.00060286	-0.34013	0.0187528
0	0	-78	-0.00101247	-0.412128	0.019356
0	0	-76	-0.00142244	-0.486347	0.0199847
0	0	-74	-0.00182692	-0.562911	0.0206032
0	0	-72	-0.00221892	-0.641759	0.0211525
0	0	-70	-0.00259119	-0.722584	0.0215596
0	0	-68	-0.0029381	-0.804799	0.0217516
0	0	-66	-0.00325615	-0.887525	0.0216336
0	0	-64	-0.0035427	-0.969548	0.0211167
0	0	-62	-0.00379686	-1.04934	0.0201359
0	0	-60	-0.00401933	-1.12517	0.0186686
0	0	-58	-0.00421098	-1.19518	0.0167419
0	0	-56	-0.00437485	-1.25763	0.0144328
0	0	-54	-0.0045157	-1.31102	0.0118596
0	0	-52	-0.00463541	-1.35427	0.00914841
0	0	-50	-0.00474012	-1.38673	0.00641697
0	0	-48	-0.00483634	-1.40817	0.00373011
0	0	-46	-0.00493113	-1.41855	0.00110611
0	0	-44	-0.00502978	-1.41792	-0.00145753
0	0	-42	-0.00513926	-1.40631	-0.00396341
0	0	-40	-0.00526302	-1.38371	-0.00639442
0	0	-38	-0.00540224	-1.35023	-0.00869477
0	0	-36	-0.0055578	-1.3062	-0.010786
0	0	-34	-0.00572594	-1.25235	-0.0125881
0	0	-32	-0.00590053	-1.18979	-0.0140441
0	0	-30	-0.0060749	-1.12002	-0.0151314
0	0	-28	-0.00624466	-1.04476	-0.0158717
0	0	-26	-0.006402	-0.965748	-0.0163066
0	0	-24	-0.00654031	-0.88468	-0.0165047
0	0	-22	-0.00665334	-0.802971	-0.0165274
0	0	-20	-0.00673509	-0.721732	-0.0164397
0	0	-18	-0.00678029	-0.641788	-0.0163049
0	0	-16	-0.00678424	-0.563624	-0.0161669
0	0	-14	-0.00674339	-0.487471	-0.0160548
0	0	-12	-0.00665813	-0.413363	-0.0159934
0	0	-10	-0.00652975	-0.341196	-0.0160085
0	0	-8	-0.00636184	-0.270761	-0.0161071
0	0	-6	-0.0061598	-0.201735	-0.0162887
0	0	-4	-0.00592761	-0.13379	-0.0165533
0	0	-2	-0.00567011	-0.0665813	-0.0169061
0	0	0	-0.00539128	0.00027313	-0.0173452
0	0	2	-0.00509179	0.0671627	-0.017861
0	0	4	-0.00476901	0.134463	-0.0184515
0	0	6	-0.00441937	0.202525	-0.0191111
0	0	8	-0.00403683	0.271723	-0.0198242
0	0	10	-0.00361396	0.342407	-0.0205774
0	0	12	-0.00314346	0.41485	-0.0213496
0	0	14	-0.00261979	0.489258	-0.0221062
0	0	16	-0.00204035	0.565738	-0.0228133
0	0	18	-0.00140644	0.64426	-0.0234119
0	0	20	-0.00072359	0.724558	-0.0238332
0	0	22	-3.69e-06	0.806084	-0.0239948
0	0	24	0.00073868	0.888007	-0.023818
0	0	26	0.00148364	0.96916	-0.0232182
0	0	28	0.00221103	1.04804	-0.0221396
0	0	30	0.00290036	1.12294	-0.0205608
0	0	32	0.00353388	1.19206	-0.0185116
0	0	34	0.00409567	1.25372	-0.0160682
0	0	36	0.00457484	1.30646	-0.0133373
0	0	38	0.0049658	1.34921	-0.0104485
0	0	40	0.00526766	1.38136	-0.00750901
0	0	42	0.00548048	1.40264	-0.00458541
0	0	44	0.00560895	1.41302	-0.00170488
0	0	46	0.00565542	1.41251	0.00112935
0	0	48	0.0056232	1.40114	0.00391709
0	0	50	0.00551789	1.37889	0.00663573
0	0	52	0.00534061	1.34584	0.00922377
0	0	54	0.00509547	1.30228	0.0115929
0	0	56	0.00478689	1.24893	0.0136349
0	0	58	0.00441947	1.18687	0.01526
0	0	60	0.00399992	1.11756	0.0164233
0	0	62	0.00353738	1.04271	0.0171212
0	0	64	0.00304137	0.964102	0.0173987
0	0	66	0.00252174	0.883374	0.0173389
0	0	68	0.00198868	0.801951	0.0170319
0	0	70	0.00145142	0.720982	0.0165762
0	0	72	0.00092124	0.641287	0.0160592
0	0	74	0.00040518	0.563358	0.0155398
0	0	76	-9.293e-05	0.48742	0.0150679
0	0	78	-0.00056894	0.413528	0.0146793
0	0	80	-0.00102077	0.341578	0.0143929
0	0	82	-0.0014489	0.271352	0.0142198
0	0	84	-0.00185442	0.202548	0.014159
0	0	86	-0.00223955	0.134844	0.01422
0	0	88	-0.0026064	0.0678822	0.0143978
0	0	90	-0.00295505	0.00127818	0.0146879
0	0	92	-0.00328513	-0.06536	0.0150914
0	0	94	-0.00359683	-0.132405	0.0156024
0	0	96	-0.00388702	-0.200228	0.0162099
0	0	98	-0.00415516	-0.269194	0.0169017
0	0	100	-0.00439801	-0.339664	0.017654
0	0	102	-0.00461296	-0.411911	0.0184432
0	0	104	-0.00480005	-0.486152	0.0192346
0	0	106	-0.00495707	-0.5625	0.0199857
0	0	108	-0.00508618	-0.640942	0.0206369
0	0	110	-0.00518967	-0.721197	0.0211132
0	0	112	-0.00527005	-0.802752	0.0213435
0	0	114	-0.00533192	-0.88479	0.0212387
0	0	116	-0.00537858	-0.966152	0.0207166
0	0	118	-0.00541401	-1.04534	0.0197296
0	0	120	-0.00544094	-1.12063	0.0182664
0	0	122	-0.00546129	-1.19022	0.0163523
0	0	124	-0.00547653	-1.25239	0.0140662
0	0	126	-0.00548802	-1.30564	0.011528
0	0	128	-0.00549733	-1.3489	0.00887057
0	0	130	-0.00550478	-1.38153	0.00619647
0	0	132	-0.00551266	-1.40324	0.00356808
0	0	134	-0.00552387	-1.41398	0.00101192
0	0	136	-0.00553751	-1.41379	-0.00147344
0	0	138	-0.00555359	-1.40268	-0.00389328
0	0	140	-0.00556997	-1.38061	-0.0062285
0	0	142	-0.00558101	-1.34767	-0.00841859
0	0	144	-0.00557983	-1.30414	-0.0103807
0	0	146	-0.00555476	-1.25071	-0.0120217
0	0	148	-0.00549665	-1.18846	-0.0132691
0	0	150	-0.0053979	-1.11887	-0.0140898
0	0	152	-0.00525144	-1.04366	-0.0145025
0	0	154	-0.00505356	-0.964643	-0.0145746
0	0	156	-0.00480449	-0.883487	-0.0143883
0	0	158	-0.00450426	-0.801631	-0.0140384
0	0	160	-0.00415731	-0.720245	-0.0136328
0	0	162	-0.00376717	-0.640163	-0.0132514
0	0	164	-0.00334027	-0.561865	-0.0129485
0	0	166	-0.00288093	-0.485576	-0.012761
0	0	168	-0.00239908	-0.411365	-0.0127114
0	0	170	-0.00190571	-0.339126	-0.0128079
0	0	172	-0.00140917	-0.268622	-0.0130431
0	0	174	-0.00092103	-0.199558	-0.0134106
0	0	176	-0.000452	-0.131622	-0.0139018
0	0	178	-1.033e-05	-0.064456	-0.014503
0	0	180	0.00039904	0.00234976	-0.0151883
0	0	182	0.00077293	0.0691706	-0.0159463
0	0	184	0.00110955	0.136368	-0.0167628
0	0	186	0.00141227	0.20432	-0.0176276
0	0	188	0.00168822	0.273401	-0.0185187
0	0	190	0.00194701	0.34394	-0.0194151
0	0	192	0.00219936	0.416207	-0.020295
0	0	194	0.00245714	0.490435	-0.0211182
0	0	196	0.00272994	0.566742	-0.0218296
0	0	198	0.00302522	0.645083	-0.0223592
0	0	200	0.00334639	0.725187	-0.0226474
0	0	202	0.00369128	0.80655	-0.0226171
0	0	204	0.00405511	0.888344	-0.0221991
0	0	206	0.00442846	0.969401	-0.0213456
0	0	208	0.00479875	1.04823	-0.0200287
0	0	210	0.00515401	1.12314	-0.0182704
0	0	212	0.00548242	1.19234	-0.0161218
0	0	214	0.00577379	1.25411	-0.0136758
0	0	216	0.00602286	1.30701	-0.0110497
0	0	218	0.00622574	1.34995	-0.00836427
0	0	220	0.0063831	1.38233	-0.00570646
0	0	222	0.00649739	1.40385	-0.00312577
0	0	224	0.00657147	1.41449	-0.00062985
0	0	226	0.00660931	1.41426	0.00179959
0	0	228	0.00661228	1.40317	0.00418413
0	0	230	0.00658416	1.38122	0.00652021
0	0	232	0.00652456	1.34846	0.00876858
0	0	234	0.00643101	1.30521	0.0108555
0	0	236	0.00630489	1.25212	0.012696
0	0	238	0.00614345	1.19028	0.0142111
0	0	240	0.00594429	1.12114	0.015366
0	0	242	0.00570839	1.0464	0.0161514
0	0	244	0.00543628	0.967823	0.0166011
0	0	246	0.00513208	0.887068	0.0167681
0	0	248	0.00479847	0.805574	0.0167244
0	0	250	0.00444017	0.724504	0.0165558
0	0	252	0.00406298	0.644689	0.0163278
0	0	254	0.00367105	0.566631	0.0161013
0	0	256	0.00326926	0.490585	0.0159276
0	0	258	0.00286082	0.416609	0.0158406
0	0	260	0.00245045	0.344589	0.0158664
0	0	262	0.00204036	0.274301	0.016005
0	0	264	0.00163427	0.205466	0.0162621
0	0	266	0.0012364	0.137755	0.0166333
0	0	268	0.00084732	0.0708084	0.0171005
0	0	270	0.00046998	0.00422433	0.0176404
0	0	272	0.00010446	-0.0623829	0.0182351
0	0	274	-0.00024875	-0.129391	0.0188678
0	0	276	-0.00059028	-0.197203	0.0195175
0	0	278	-0.00092122	-0.266202	0.020165
0	0	280	-0.00124299	-0.336735	0.0207918
0	0	282	-0.00155733	-0.409099	0.0213767
0	0	284	-0.0018642	-0.483535	0.021887
0	0	286	-0.00216533	-0.560175	0.0222738
0	0	288	-0.00246227	-0.63898	0.0224934
0	0	290	-0.00275363	-0.71969	0.0224945
0	0	292	-0.00304016	-0.801763	0.0222092
0	0	294	-0.00331937	-0.884367	0.0215777
0	0	296	-0.00358983	-0.966304	0.0205489
0	0	298	-0.00384723	-1.04606	0.0191024
0	0	300	-0.00408817	-1.12189	0.0172431
0	0	302	-0.00430772	-1.19199	0.0150097
0	0	304	-0.00450281	-1.2546	0.0124826
0	0	306	-0.00467117	-1.30826	0.00977301
0	0	308	-0.00480949	-1.35187	0.00698107
0	0	310	-0.00491859	-1.38479	0.0041851
0	0	312	-0.00499821	-1.40676	0.00143291
0	0	314	-0.00504898	-1.41769	-0.00126634
0	0	316	-0.00507223	-1.41762	-0.00392583
0	0	318	-0.00506702	-1.40652	-0.00655358
0	0	320	-0.00503348	-1.38437	-0.00912473
0	0	322	-0.00496919	-1.35123	-0.0115763
0	0	324	-0.00487264	-1.30744	-0.0138097
0	0	326	-0.00474151	-1.25371	-0.0157115
0	0	328	-0.00457791	-1.1912	-0.0172016
0	0	330	-0.00438293	-1.12143	-0.0182352
0	0	332	-0.00416003	-1.04619	-0.018824
0	0	334	-0.00391431	-0.967226	-0.0190166
0	0	336	-0.00364862	-0.886226	-0.0188853
0	0	338	-0.00336623	-0.80461	-0.0185271
0	0	340	-0.00307041	-0.723496	-0.0180365
0	0	342	-0.00276212	-0.643676	-0.0174877
0	0	344	-0.00244171	-0.565655	-0.0169429
0	0	346	-0.00211001	-0.489672	-0.0164534
0	0	348	-0.00176567	-0.415771	-0.0160518
0	0	350	-0.00140881	-0.34383	-0.0157602
0	0	352	-0.0010376	-0.273632	-0.0155826
0	0	354	-0.00065284	-0.204889	-0.0155212
0	0	356	-0.00025417	-0.137265	-0.0155778
0	0	358	0.00015694	-0.0704069	-0.0157384
0	0	360	0.00057913	-0.00393405	-0.0159817
0	0	362	0.00101091	0.0625379	-0.0162821
0	0	364	0.00144874	0.129382	-0.0166318
0	0	366	0.00189013	0.196982	-0.0170079
0	0	368	0.00233134	0.265706	-0.0173918
0	0	370	0.00276862	0.335892	-0.0177685
0	0	372	0.00319651	0.407831	-0.0181289
0	0	374	0.00361085	0.481755	-0.0184499
0	0	376	0.00400916	0.557801	-0.0186999
0	0	378	0.00438492	0.635944	-0.0188372
0	0	380	0.00473497	0.715935	-0.0188222
0	0	382	0.00505472	0.797275	-0.0185949
0	0	384	0.00534039	0.879163	-0.0180905
0	0	386	0.00558714	0.960447	-0.0172498
0	0	388	0.0057925	1.03965	-0.0160381
0	0	390	0.00595299	1.11508	-0.0144296
0	0	392	0.00606918	1.18492	-0.0124396
0	0	394	0.00614287	1.24739	-0.0101254
0	0	396	0.00617615	1.30096	-0.00757436
0	0	398	0.00617218	1.34449	-0.00489025
0	0	400	0.00613429	1.37733	-0.00215511
0	0	402	0.00606793	1.3992	0.00057726
0	0	404	0.00597749	1.41008	0.00329365
0	0	406	0.00586453	1.41001	0.00600148
0	0	408	0.00572925	1.39906	0.00870195
0	0	410	0.00557232	1.37724	0.0113668
0	0	412	0.0053938	1.34465	0.0139284
0	0	414	0.00519041	1.30161	0.0162801
0	0	416	0.00496045	1.24879	0.0183068
0	0	418	0.00470329	1.18728	0.0199004
0	0	420	0.00441919	1.11851	0.0209983
0	0	422	0.0041104	1.04419	0.0215914
0	0	424	0.00377862	0.966036	0.0217185
0	0	426	0.00342853	0.885707	0.0214491
0	0	428	0.00306522	0.804642	0.0208789
0	0	430	0.00269401	0.723964	0.0201124
0	0	432	0.00231857	0.64448	0.0192393
0	0	434	0.00194318	0.566696	0.0183343
0	0	436	0.00157129	0.490867	0.0174507
0	0	438	0.00120464	0.417039	0.0166322
0	0	440	0.00084516	0.3451	0.0159102
0	0	442	0.00049501	0.274833	0.0152921
0	0	444	0.00015443	0.205975	0.0147843
0	0	446	-0.00017584	0.138194	0.0143944
0	0	448	-0.00049516	0.0711347	0.0141209
0	0	450	-0.00080378	0.00442159	0.0139585
0	0	452	-0.00110165	-0.0623131	0.0138991
0	0	454	-0.00139053	-0.129441	0.01394
0	0	456	-0.00166959	-0.197343	0.0140656
0	0	458	-0.00194078	-0.2664	0.0142621
0	0	460	-0.00220484	-0.336949	0.0145186
0	0	462	-0.00246295	-0.409268	0.0148066
0	0	464	-0.00271611	-0.483598	0.0151047
0	0	466	-0.00296484	-0.560076	0.0153668
0	0	468	-0.00320841	-0.638658	0.0155515
0	0	470	-0.00344665	-0.719102	0.0156017
0	0	472	-0.00367859	-0.800904	0.0154496
0	0	474	-0.00390252	-0.883232	0.0150236
0	0	476	-0.00411629	-0.964897	0.0142728
0	0	478	-0.00431651	-1.04441	0.0131555
0	0	480	-0.00450091	-1.12004	0.0116555
0	0	482	-0.00466524	-1.18997	0.00979462
0	0	484	-0.0048071	-1.25246	0.00763439
0	0	486	-0.00492457	-1.30601	0.00526689
0	0	488	-0.0050155	-1.34954	0.00277694
0	0	490	-0.00508004	-1.38238	0.00024386
0	0	492	-0.00511761	-1.40427	-0.00229019
0	0	494	-0.00513018	-1.41512	-0.00481863
0	0	496	-0.00511582	-1.41497	-0.00735143
0	0	498	-0.00507385	-1.40381	-0.00988977
0	0	500	-0.00500381	-1.38162	-0.0124014
0	0	502	-0.00490147	-1.34846	-0.0148135
0	0	504	-0.00476557	-1.30466	-0.0170165
0	0	506	-0.00459202	-1.2509	-0.018895
0	0	508	-0.00438179	-1.1883	-0.0203528
0	0	510	-0.00413718	-1.11835	-0.0213374
0	0	512	-0.00386072	-1.04279	-0.0218472
0	0	514	-0.00355852	-0.963389	-0.0219241
0	0	516	-0.00323588	-0.881843	-0.0216511
0	0	518	-0.00289964	-0.799623	-0.0211213
0	0	520	-0.00255457	-0.717891	-0.0204172
0	0	522	-0.00220451	-0.63752	-0.0196235
0	0	524	-0.00185343	-0.559074	-0.0188051
0	0	526	-0.00150414	-0.482862	-0.0180099
0	0	528	-0.00115851	-0.408978	-0.0172789
0	0	530	-0.00081636	-0.337317	-0.0166356
0	0	532	-0.00047681	-0.267617	-0.0160936
0	0	534	-0.00013838	-0.19955	-0.0156641
0	0	536	0.00020105	-0.132732	-0.0153362
0	0	538	0.00054335	-0.066753	-0.0151062
0	0	540	0.00089036	-0.00117029	-0.0149715
0	0	542	0.00124209	0.0643997	-0.014926
0	0	544	0.00159949	0.130369	-0.0149633
0	0	546	0.00196283	0.197173	-0.0150718
0	0	548	0.00233237	0.26524	-0.0152437
0	0	550	0.00270799	0.334963	-0.0154605
0	0	552	0.00308836	0.406676	-0.0156879
0	0	554	0.00346992	0.480648	-0.015882
0	0	556	0.00384955	0.556994	-0.0160091
0	0	558	0.00422017	0.635609	-0.0160123
0	0	560	0.00457535	0.71618	-0.0158365
0	0	562	0.00490847	0.79817	-0.0154269
0	0	564	0.00521262	0.880688	-0.0147315
0	0	566	0.00548262	0.962505	-0.0137118
0	0	568	0.00571393	1.04215	-0.0123499
0	0	570	0.00590396	1.11789	-0.0106523
0	0	572	0.00605173	1.18791	-0.00865779
0	0	574	0.00616069	1.25046	-0.00644834
0	0	576	0.0062357	1.30407	-0.00411932
0	0	578	0.00628012	1.34762	-0.00175401
0	0	580	0.00630267	1.3805	0.00057332
0	0	582	0.00630768	1.40241	0.00283608
0	0	584	0.00630008	1.41333	0.00504546
0	0	586	0.00628404	1.41331	0.00722701
0	0	588	0.00626018	1.40237	0.00939799
0	0	590	0.00622947	1.38053	0.0115436
0	0	592	0.00619001	1.34788	0.013603
0	0	594	0.00614062	1.30472	0.0154825
0	0	596	0.00607633	1.25175	0.0170795
0	0	598	0.00599472	1.19003	0.0183122
0	0	600	0.00589358	1.12103	0.0191336
0	0	602	0.00577005	1.04644	0.0195362
0	0	604	0.00562141	0.968011	0.0195602
0	0	606	0.00544729	0.887382	0.0192882
0	0	608	0.00524637	0.806011	0.0188173
0	0	610	0.00501848	0.725059	0.0182202
0	0	612	0.00476354	0.645325	0.0175788
0	0	614	0.00448154	0.567325	0.0169619
0	0	616	0.00417457	0.491324	0.0164083
0	0	618	0.00384308	0.417378	0.015941
0	0	620	0.00348759	0.345359	0.015572
0	0	622	0.00311109	0.275041	0.0153162
0	0	624	0.00271528	0.206167	0.0151685
0	0	626	0.00230425	0.138379	0.0151213
0	0	628	0.00188052	0.0712919	0.0151702
0	0	630	0.00144784	0.0045259	0.0153183
0	0	632	0.00101022	-0.0622855	0.0155545
0	0	634	0.00057093	-0.129516	0.015865
0	0	636	0.00013434	-0.197568	0.0162411
0	0	638	-0.00029606	-0.266786	0.016676
0	0	640	-0.00071697	-0.337485	0.0171446
0	0	642	-0.00112541	-0.409952	0.0176184
0	0	644	-0.00151856	-0.484411	0.0180675
0	0	646	-0.0018938	-0.560959	0.0184506
0	0	648	-0.00224775	-0.639508	0.0187127
0	0	650	-0.00257804	-0.719822	0.0187797
0	0	652	-0.00288399	-0.801378	0.0185815
0	0	654	-0.0031614	-0.883321	0.0180464
0	0	656	-0.00340944	-0.964465	0.017123
0	0	658	-0.00362815	-1.04336	0.0157698
0	0	660	-0.00381628	-1.1183	0.0139996
0	0	662	-0.00397234	-1.18749	0.0118721
0	0	664	-0.00409952	-1.24923	0.00948241
0	0	666	-0.00420146	-1.3021	0.0069426
0	0	668	-0.00428032	-1.34503	0.00436566
0	0	670	-0.0043419	-1.37741	0.00184468
0	0	672	-0.00439164	-1.39896	-0.00057777
0	0	674	-0.00443569	-1.40965	-0.00289986
0	0	676	-0.00447882	-1.40952	-0.00513923
0	0	678	-0.00452457	-1.39858	-0.00730282
0	0	680	-0.00457563	-1.37681	-0.0093724
0	0	682	-0.00463155	-1.3443	-0.011288
0	0	684	-0.00468923	-1.30134	-0.0129664
0	0	686	-0.00474425	-1.2486	-0.0143245
0	0	688	-0.00479086	-1.18715	-0.0152953
0	0	690	-0.00482435	-1.11845	-0.0158566
0	0	692	-0.00484027	-1.04416	-0.0160227
0	0	694	-0.00483633	-0.966005	-0.0158646
0	0	696	-0.00480901	-0.885668	-0.0154656
0	0	698	-0.00475833	-0.804579	-0.0149137
0	0	700	-0.00468397	-0.72384	-0.0142971
0	0	702	-0.00458266	-0.644284	-0.0136872
0	0	704	-0.00445726	-0.566419	-0.013146
0	0	706	-0.00430894	-0.490483	-0.0126954
0	0	708	-0.00414003	-0.416542	-0.012353
0	0	710	-0.00395479	-0.344482	-0.0121257
0	0	712	-0.0037587	-0.274097	-0.012026
0	0	714	-0.00355615	-0.205129	-0.0120368
0	0	716	-0.00335133	-0.137251	-0.0121496
0	0	718	-0.00314752	-0.0700975	-0.0123624
0	0	720	-0.00294498	-0.00330131	-0.0126757
0	0	722	-0.00274241	0.0635015	-0.013073
0	0	724	-0.00253574	0.130697	-0.0135425
0	0	726	-0.00231785	0.198662	-0.0140817
0	0	728	-0.00208026	0.267741	-0.0146795
0	0	730	-0.00181229	0.338289	-0.0153255
0	0	732	-0.00150607	0.410584	-0.0159831
0	0	734	-0.00115359	0.484848	-0.0166311
0	0	736	-0.00075159	0.561205	-0.0172476
0	0	738	-0.00030064	0.639584	-0.0177615
0	0	740	0.00019511	0.719745	-0.0181081
0	0	742	0.00072491	0.80119	-0.0182181
0	0	744	0.00127473	0.883069	-0.01802
0	0	746	0.00182762	0.964215	-0.0174332
0	0	748	0.00236527	1.04317	-0.0163978
0	0	750	0.00287009	1.11825	-0.0148998
0	0	752	0.00332494	1.18765	-0.0129681
0	0	754	0.00371653	1.24964	-0.0106638
0	0	756	0.00403646	1.30278	-0.00807661
0	0	758	0.00428158	1.34598	-0.00531302
0	0	760	0.00444937	1.37859	-0.00246929
0	0	762	0.00454457	1.4003	0.00039565
0	0	764	0.0045709	1.41106	0.00325573
0	0	766	0.00453591	1.41089	0.00610396
0	0	768	0.00444578	1.39977	0.00892731
0	0	770	0.00430459	1.37768	0.0116866
0	0	772	0.00412074	1.34469	0.0142986
0	0	774	0.00390134	1.30111	0.0166515
0	0	776	0.00365187	1.2476	0.0186304
0	0	778	0.00337988	1.18529	0.0201427
0	0	780	0.00309467	1.11565	0.0211462
0	0	782	0.00280188	1.04039	0.0216352
0	0	784	0.00250858	0.961287	0.0216609
0	0	786	0.00222042	0.880015	0.0213078
0	0	788	0.00194245	0.798028	0.0206641
0	0	790	0.00167749	0.716511	0.019817
0	0	792	0.00142894	0.636339	0.0188607
0	0	794	0.00119804	0.558094	0.0178786
0	0	796	0.00098537	0.482076	0.0169162
0	0	798	0.00079034	0.408374	0.0160114
0	0	800	0.00061023	0.336882	0.0151977
0	0	802	0.00044285	0.267352	0.0144991
0	0	804	0.00028551	0.199462	0.0139114
0	0	806	0.00013331	0.132805	0.0134303
0	0	808	-1.689e-05	0.0669747	0.0130569
0	0	810	-0.00016815	0.00155172	0.0127801
0	0	812	-0.00032381	-0.0638641	0.0125956
0	0	814	-0.00048679	-0.129699	0.0124906
0	0	816	-0.00065875	-0.196367	0.0124663
0	0	818	-0.00084318	-0.264275	0.0125168
0	0	820	-0.00104306	-0.333815	0.0126282
0	0	822	-0.00125909	-0.405343	0.0127718
0	0	824	-0.0014927	-0.479105	0.0129268
0	0	826	-0.00174388	-0.555208	0.0130566
0	0	828	-0.00201102	-0.633579	0.0131179
0	0	830	-0.00228944	-0.71392	0.0130554
0	0	832	-0.00257542	-0.795664	0.0128261
0	0	834	-0.00286307	-0.877939	0.0123788
0	0	836	-0.00314893	-0.959555	0.0116705
0	0	838	-0.00342617	-1.03903	0.0106668
0	0	840	-0.00368982	-1.11467	0.00936943
0	0	842	-0.003935	-1.18464	0.00781179
0	0	844	-0.00415782	-1.2472	0.00605289
0	0	846	-0.00435602	-1.30085	0.00417013
0	0	848	-0.00452644	-1.34451	0.00224663
0	0	850	-0.00466858	-1.3775	0.00035481
0	0	852	-0.00478358	-1.39954	-0.00147825
0	0	854	-0.00487199	-1.41059	-0.00325582
0	0	856	-0.00493368	-1.41069	-0.00500193
0	0	858	-0.00496976	-1.39988	-0.00673762
0	0	860	-0.00497994	-1.37816	-0.00845806
0	0	862	-0.00496015	-1.34562	-0.0101245
0	0	864	-0.00490702	-1.30255	-0.0116589
0	0	866	-0.00481583	-1.24965	-0.0129773
0	0	868	-0.00468428	-1.18799	-0.0140131
0	0	870	-0.00450889	-1.11904	-0.0147198
0	0	872	-0.00428956	-1.04448	-0.0150965
0	0	874	-0.00402921	-0.96608	-0.0151903
0	0	876	-0.00373327	-0.885518	-0.0150809
0	0	878	-0.00340731	-0.804212	-0.0148416
0	0	880	-0.00305791	-0.723299	-0.0145466
0	0	882	-0.00269228	-0.643616	-0.0142639
0	0	884	-0.00231666	-0.565669	-0.0140473
0	0	886	-0.00193643	-0.489702	-0.0139236
0	0	888	-0.00155698	-0.415774	-0.0138975
0	0	890	-0.00118333	-0.343776	-0.0139732
0	0	892	-0.0008193	-0.273486	-0.0141567
0	0	894	-0.00046816	-0.204621	-0.0144349
0	0	896	-0.00013329	-0.136848	-0.0147979
0	0	898	0.00018348	-0.0698102	-0.0152425
0	0	900	0.00048251	-0.00312852	-0.0157684
0	0	902	0.00076513	0.0635755	-0.0163697
0	0	904	0.00103378	0.13068	-0.0170346
0	0	906	0.00129044	0.198556	-0.0177585
0	0	908	0.00153927	0.267553	-0.0185313
0	0	910	0.00178269	0.337998	-0.0193317
0	0	912	0.00202305	0.41018	-0.0201293
0	0	914	0.00226061	0.484318	-0.020884
0	0	916	0.00249572	0.56052	-0.021542
0	0	918	0.00272869	0.638762	-0.0220332
0	0	920	0.00295557	0.718808	-0.0222738
0	0	922	0.00317426	0.800167	-0.0221837
0	0	924	0.00338193	0.882	-0.0216977
0	0	926	0.00357349	0.963154	-0.0207525
0	0	928	0.00374516	1.04217	-0.0193113
0	0	930	0.00389421	1.11737	-0.0173845
0	0	932	0.00401779	1.18691	-0.0150242
0	0	934	0.00411423	1.24908	-0.012318
0	0	936	0.00418473	1.30242	-0.00938742
0	0	938	0.00423147	1.34584	-0.00633996
0	0	940	0.00425735	1.37866	-0.00327075
0	0	942	0.00426327	1.40062	-0.00023465
0	0	944	0.00425105	1.41165	0.00275033
0	0	946	0.00422185	1.41178	0.00568673
0	0	948	0.00417658	1.401	0.00857154
0	0	950	0.00411363	1.37932	0.0113723
0	0	952	0.00403199	1.34679	0.0140166
0	0	954	0.00393122	1.30371	0.016403
0	0	956	0.00381084	1.25076	0.0184184
0	0	958	0.00367089	1.18902	0.0199743
0	0	960	0.0035121	1.11991	0.0210243
0	0	962	0.00333672	1.04513	0.021566
0	0	964	0.00314589	0.966453	0.0216521
0	0	966	0.00294349	0.885552	0.0213622
0	0	968	0.0027308	0.803857	0.0207967
0	0	970	0.00250882	0.722536	0.0200523
0	0	972	0.00228029	0.642431	0.0192232
0	0	974	0.00204664	0.564073	0.0183858
0	0	976	0.00180644	0.487715	0.0175914
0	0	978	0.00156078	0.41342	0.0168743
0	0	980	0.00130954	0.341094	0.016253
0	0	982	0.00105241	0.270537	0.0157387
0	0	984	0.0007907	0.201461	0.0153289
0	0	986	0.00052206	0.133538	0.0150244
0	0	988	0.00024889	0.0664265	0.0148115
0	0	990	-2.789e-05	-0.00024709	0.0146872
0	0	992	-0.00030779	-0.0668733	0.0146402
0	0	994	-0.00058928	-0.133826	0.0146677
0	0	996	-0.00087051	-0.201497	0.0147569
0	0	998	-0.00114949	-0.270251	0.0148909
0	0	1000	-0.00142353	-0.340443	0.0150586
0	0	1002	-0.00169116	-0.412376	0.0152391
0	0	1004	-0.00195016	-0.486282	0.0154034
0	0	1006	-0.00219978	-0.562274	0.0155115
0	0	1008	-0.00243818	-0.640334	0.0155179
0	0	1010	-0.0026644	-0.720229	0.0153675
0	0	1012	-0.00287848	-0.801445	0.0150066
0	0	1014	-0.00307871	-0.883139	0.0143732
0	0	1016	-0.00326305	-0.964165	0.0134309
0	0	1018	-0.00342944	-1.04305	0.0121571
0	0	1020	-0.00357597	-1.1181	0.0105686
0	0	1022	-0.00369851	-1.18752	0.00869489
0	0	1024	-0.00379505	-1.2496	0.00660656
0	0	1026	-0.00386241	-1.30287	0.0043913
0	0	1028	-0.00389894	-1.34624	0.00213814
0	0	1030	-0.0039034	-1.37905	-9.19e-05
0	0	1032	-0.00387545	-1.40099	-0.00227527
0	0	1034	-0.00381378	-1.41199	-0.00441418
0	0	1036	-0.00371751	-1.41204	-0.00653075
0	0	1038	-0.00358575	-1.40111	-0.00863591
0	0	1040	-0.00341852	-1.37917	-0.0107077
0	0	1042	-0.00321549	-1.34625	-0.0126841
0	0	1044	-0.00297473	-1.30268	-0.0144663
0	0	1046	-0.00270188	-1.24915	-0.0159549
0	0	1048	-0.00240207	-1.1868	-0.0170621
0	0	1050	-0.00208347	-1.11714	-0.0177428
0	0	1052	-0.00175584	-1.04192	-0.0180167
0	0	1054	-0.00142945	-0.962929	-0.017923
0	0	1056	-0.00111489	-0.881841	-0.0175386
0	0	1058	-0.00081804	-0.800071	-0.0169463
0	0	1060	-0.0005416	-0.718758	-0.0162318
0	0	1062	-0.00028728	-0.638702	-0.0154783
0	0	1064	-5.455e-05	-0.560418	-0.0147379
0	0	1066	0.00016052	-0.484137	-0.0140521
0	0	1068	0.00036031	-0.409915	-0.0134565
0	0	1070	0.00054926	-0.337659	-0.0129605
0	0	1072	0.00073145	-0.267162	-0.0125742
0	0	1074	0.00091115	-0.19814	-0.0122923
0	0	1076	0.00109085	-0.130271	-0.0121227
0	0	1078	0.00127385	-0.0632143	-0.0120655
0	0	1080	0.00146107	0.00341452	-0.0121201
0	0	1082	0.00165573	0.0699974	-0.0122852
0	0	1084	0.00186047	0.136914	-0.0125611
0	0	1086	0.00207517	0.204546	-0.012943
0	0	1088	0.00230277	0.273272	-0.0134161
0	0	1090	0.00254326	0.343447	-0.0139609
0	0	1092	0.00279596	0.415379	-0.0145552
0	0	1094	0.00305913	0.489297	-0.0151732
0	0	1096	0.00332923	0.565328	-0.0157713
0	0	1098	0.00360133	0.643477	-0.0162935
0	0	1100	0.00387028	0.723525	-0.0166769
0	0	1102	0.00412812	0.804993	-0.0168475
0	0	1104	0.0043698	0.887089	-0.0167319
0	0	1106	0.00458899	0.968696	-0.0162562
0	0	1108	0.00478007	1.04837	-0.015369
0	0	1110	0.00494077	1.1244	-0.0140457
0	0	1112	0.0050684	1.19496	-0.0122985
0	0	1114	0.00516196	1.25826	-0.010176
0	0	1116	0.0052238	1.31276	-0.00776662
0	0	1118	0.00525653	1.35727	-0.00517057
0	0	1120	0.00526371	1.39107	-0.00247425
0	0	1122	0.0052484	1.41387	0.00026293
0	0	1124	0.00521396	1.42561	0.00301632
0	0	1126	0.00516482	1.42637	0.00578043
0	0	1128	0.0051001	1.41619	0.0085476
0	0	1130	0.0050217	1.39512	0.0112841
0	0	1132	0.0049297	1.36327	0.0139183
0	0	1134	0.00482188	1.32096	0.0163474
0	0	1136	0.00469997	1.26887	0.0184581
0	0	1138	0.00456301	1.20808	0.0201527
0	0	1140	0.00441157	1.14001	0.0213703
0	0	1142	0.00424679	1.06636	0.0220936
0	0	1144	0.0040708	0.988872	0.0223501
0	0	1146	0.00388408	0.909195	0.0222053
0	0	1148	0.00369066	0.828777	0.0217475
0	0	1150	0.00349255	0.748771	0.0210691
0	0	1152	0.00329055	0.670015	0.0202531
0	0	1154	0.00308653	0.593029	0.019369
0	0	1156	0.00288209	0.518074	0.0184769
0	0	1158	0.00267557	0.445202	0.0176251
0	0	1160	0.00246709	0.374328	0.016831
0	0	1162	0.00225466	0.305244	0.0161168
0	0	1164	0.00203682	0.237666	0.0154802
0	0	1166	0.00181295	0.171267	0.014927
0	0	1168	0.00158175	0.105705	0.0144508
0	0	1170	0.00134305	0.0406039	0.0140327
0	0	1172	0.00109542	-0.0244165	0.0136708
0	0	1174	0.00083889	-0.0897328	0.0133515
0	0	1176	0.00057461	-0.155699	0.0130656
0	0	1178	0.00030237	-0.222672	0.0127966
0	0	1180	2.227e-05	-0.290992	0.0125362
0	0	1182	-0.00026341	-0.360958	0.0122668
0	0	1184	-0.00055546	-0.432772	0.0119775
0	0	1186	-0.00085213	-0.506557	0.0116481
0	0	1188	-0.00115025	-0.582299	0.0112517
0	0	1190	-0.00144952	-0.659758	0.0107592
0	0	1192	-0.00174567	-0.738432	0.0101283
0	0	1194	-0.0020362	-0.817527	0.00932831
0	0	1196	-0.00231776	-0.895921	0.00832641
0	0	1198	-0.00258565	-0.972168	0.00710268
0	0	1200	-0.00283841	-1.04459	0.00566413
0	0	1202	-0.00307193	-1.11145	0.00403246
0	0	1204	-0.00328308	-1.17105	0.00225506
0	0	1206	-0.00347035	-1.22198	0.00039274
0	0	1208	-0.00363386	-1.26316	-0.00149442
0	0	1210	-0.00377345	-1.29396	-0.00337169
0	0	1212	-0.00389076	-1.3141	-0.00522818
0	0	1214	-0.00398569	-1.32345	-0.00707993
0	0	1216	-0.00406035	-1.32198	-0.00894569
0	0	1218	-0.00411443	-1.30956	-0.010827
0	0	1220	-0.00414656	-1.28604	-0.0126786
0	0	1222	-0.00415349	-1.25133	-0.0144069
0	0	1224	-0.00413398	-1.20561	-0.0158854
0	0	1226	-0.00408433	-1.1494	-0.0169719
0	0	1228	-0.00400175	-1.08373	-0.0175493
0	0	1230	-0.00388875	-1.00998	-0.0175675
0	0	1232	-0.0037473	-0.929804	-0.0170317
0	0	1234	-0.00358123	-0.844928	-0.0160007
0	0	1236	-0.00339546	-0.756974	-0.0145794
0	0	1238	-0.0031945	-0.667357	-0.0128842
0	0	1240	-0.0029822	-0.577229	-0.0110334
0	0	1242	-0.00276015	-0.487438	-0.00912711
0	0	1244	-0.00252786	-0.398531	-0.00723192
0	0	1246	-0.0022871	-0.31085	-0.00540037
0	0	1248	-0.00203928	-0.224569	-0.00366011
0	0	1250	-0.00178558	-0.139792	-0.00201245
0	0	1252	-0.00153185	-0.056607	-0.00044779
0	0	1254	-0.00128212	0.024818	0.00104017
0	0	1256	-0.00104149	0.104123	0.00245195
0	0	1258	-0.00081595	0.180713	0.00377246
0	0	1260	-0.00061	0.253725	0.00495567
0	0	1262	-0.00043049	0.322003	0.00591574
0	0	1264	-0.00028477	0.384146	0.00651195
0	0	1266	-0.0001811	0.438685	0.00657169
0	0	1268	-0.00012799	0.484274	0.00591835
0	0	1270	-0.00013303	0.519862	0.00439608
0	0	1272	-0.00020336	0.544857	0.00190527
0	0	1274	-0.00034381	0.559164	-0.00158648
0	0	1276	-0.00055588	0.563189	-0.00603101
0	0	1278	-0.00083743	0.557783	-0.0113044
0	0	1280	-0.00117865	0.5442	-0.0171996
0	0	1282	-0.00156391	0.524005	-0.0234165
0	0	1284	-0.00196855	0.498941	-0.0295766
0	0	1286	-0.00236385	0.470759	-0.0352638
0	0	1288	-0.00271845	0.441052	-0.0400717
0	0	1290	-0.00300655	0.411125	-0.0436593
0	0	1292	-0.00321035	0.381936	-0.0457804
0	0	1294	-0.0033237	0.354109	-0.046302
0	0	1296	-0.00334952	0.327991	-0.0451905
0	0	1298	-0.00329967	0.303692	-0.0425098
0	0	1300	-0.00318853	0.281153	-0.0384136
0	0	1302	-0.00303388	0.260196	-0.0331319
0	0	1304	-0.00285327	0.24059	-0.0269646
0	0	1306	-0.00265718	0.222092	-0.0202644
0	0	1308	-0.00245822	0.204499	-0.0134132
0	0	1310	-0.0022637	0.187684	-0.0067862
0	0	1312	-0.00207944	0.171608	-0.00070651
0	0	1314	-0.00190933	0.156313	0.00459183
0	0	1316	-0.00175393	0.141877	0.00898328
0	0	1318	-0.0016132	0.128386	0.0124439
0	0	1320	-0.00148679	0.115901	0.0150315
0	0	1322	-0.001373	0.104445	0.0168498
0	0	1324	-0.00127018	0.0939997	0.0180274
0	0	1326	-0.00117635	0.0845173	0.0186921
0	0	1328	-0.00109021	0.0759292	0.01896
0	0	1330	-0.00100981	0.0681544	0.0189314
0	0	1332	-0.00093418	0.06111	0.0186873
0	0	1334	-0.00086217	0.054712	0.0182921
0	0	1336	-0.0007932	0.048883	0.0177947
0	0	1338	-0.00072687	0.0435531	0.0172303
0	0	1340	-0.00066345	0.0386603	0.0166232
0	0	1342	-0.0006014	0.0341506	0.0159876
0	0	1344	-0.00054058	0.0299794	0.0153288
0	0	1346	-0.00048263	0.0261131	0.0146452
0	0	1348	-0.0004264	0.0225283	0.0139263
0	0	1350	-0.00037257	0.0192124	0.0131539
0	0	1352	-0.00032093	0.0161687	0.012305
0	0	1354	-0.00027301	0.0134172	0.0113574
0	0	1356	-0.00022923	0.0109894	0.0102973
0	0	1358	-0.00018995	0.00892381	0.00913129
0	0	1360	-0.0001556	0.00724703	0.00789625
0	0	1362	-0.00012642	0.00595844	0.00665607
0	0	1364	-0.00010241	0.0050224	0.00548223
0	0	1366	-8.174e-05	0.00437683	0.00442939
0	0	1368	-6.497e-05	0.00394972	0.00352759
0	0	1370	-5.254e-05	0.00367583	0.00278165
0	0	1372	-4.172e-05	0.00350395	0.00217894
0	0	1374	-3.364e-05	0.00339657	0.00169962
0	0	1376	-2.699e-05	0.00332986	0.00132265
0	0	1378	-2.18e-05	0.00328779	0.0010286
0	0	1380	-1.782e-05	0.00325972	0.00079965
0	0	1382	-1.55e-05	0.0032404	0.00062271
0	0	1384	-1.297e-05	0.00322544	0.00048674
0	0	1386	-1.08e-05	0.00321244	0.00038331
0	0	1388	-9.55e-06	0.00319971	0.00030593
0	0	1390	-8.81e-06	0.00318725	0.0002489
0	0	1392	-7.99e-06	0.0031733	0.00020912
0	0	1394	-6.88e-06	0.00315687	0.0001828
0	0	1396	-6.18e-06	0.0031361	0.00016911
0	0	1398	-5.03e-06	0.00310905	0.0001677
0	0	1400	-4.49e-06	0.00307237	0.00017588
0	0	1402	-4.43e-06	0.00302156	0.0001941
0	0	1404	-3.9e-06	0.00295065	0.00022217
0	0	1406	-2.3e-06	0.00285384	0.00025834
0	0	1408	-1.54e-06	0.0027279	0.00030005
0	0	1410	-4.1e-07	0.0025731	0.00034422
0	0	1412	9.7e-07	0.00239748	0.00038656
0	0	1414	2.67e-06	0.0022123	0.00042372
0	0	1416	4.02e-06	0.00202969	0.00045416
0	0	1418	5.91e-06	0.00185813	0.00047771
0	0	1420	8.2e-06	0.00170258	0.00049548
0	0	1422	1.029e-05	0.00156446	0.00050805
0	0	1424	1.212e-05	0.00144385	0.00051642
0	0	1426	1.416e-05	0.00133925	0.00052196
0	0	1428	1.653e-05	0.00124885	0.00052434
0	0	1430	1.861e-05	0.00117041	0.00052575
0	0	1432	2.029e-05	0.00110243	0.00052522
0	0	1434	2.182e-05	0.00104311	0.00052346
0	0	1436	2.344e-05	0.00099069	0.00052072
0	0	1438	2.512e-05	0.00094426	0.00051749
0	0	1440	2.678e-05	0.00090336	0.00051389
0	0	1442	2.827e-05	0.0008667	0.00050961
0	0	1444	2.995e-05	0.00083357	0.0005047
0	0	1446	3.075e-05	0.00080297	0.00049938
0	0	1448	3.207e-05	0.00077586	0.00049443
0	0	1450	3.364e-05	0.00075153	0.00048957
0	0	1452	3.478e-05	0.00072885	0.00048351
0	0	1454	3.592e-05	0.00070771	0.00047731
0	0	1456	3.659e-05	0.00068817	0.0004712
0	0	1458	3.744e-05	0.00066969	0.0004648
0	0	1460	3.83e-05	0.00065233	0.00045886
0	0	1462	3.861e-05	0.00063579	0.000452
0	0	1464	3.848e-05	0.00062069	0.00044555
0	0	1466	3.91e-05	0.00060644	0.0004394
0	0	1468	4.012e-05	0.00059236	0.00043238
0	0	1470	4.053e-05	0.00057877	0.00042607
0	0	1472	4.096e-05	0.00056645	0.00041945
0	0	1474	4.077e-05	0.00055368	0.00041332
0	0	1476	4.089e-05	0.00054165	0.00040708
0	0	1478	4.094e-05	0.00052982	0.00040024
0	0	1480	4.157e-05	0.00051882	0.00039378
0	0	1482	4.153e-05	0.00050781	0.00038794
0	0	1484	4.08e-05	0.00049732	0.00038147
0	0	1486	4.095e-05	0.00048695	0.00037563
0	0	1488	4.125e-05	0.00047685	0.00036916
0	0	1490	4.096e-05	0.00046673	0.00036319
0	0	1492	4.129e-05	0.00045748	0.00035735
0	0	1494	4.06e-05	0.0004478	0.00035143
0	0	1496	3.988e-05	0.00043827	0.00034587
0	0	1498	3.999e-05	0.00042952	0.00033974
0	0	1500	4.002e-05	0.0004208	0.0003337
0	0	1502	3.943e-05	0.00041223	0.00032781
0	0	1504	3.923e-05	0.00040286	0.00032222
0	0	1506	3.858e-05	0.000395	0.00031703
0	0	1508	3.855e-05	0.000387	0.00031178
0	0	1510	3.768e-05	0.00037913	0.00030626
0	0	1512	3.713e-05	0.00037093	0.0003009
0	0	1514	3.703e-05	0.00036355	0.00029559
0	0	1516	3.69e-05	0.00035584	0.0002908
0	0	1518	3.626e-05	0.00034831	0.00028599
0	0	1520	3.572e-05	0.00034137	0.00028078
0	0	1522	3.507e-05	0.00033393	0.0002761
0	0	1524	3.501e-05	0.00032659	0.00027159
0	0	1526	3.426e-05	0.00031942	0.00026654
0	0	1528	3.358e-05	0.00031286	0.00026237
0	0	1530	3.4e-05	0.00030618	0.00025832
0	0	1532	3.307e-05	0.00029924	0.00025382
0	0	1534	3.244e-05	0.00029321	0.00024932
0	0	1536	3.193e-05	0.00028703	0.000245
0	0	1538	3.166e-05	0.00028089	0.00024097
0	0	1540	3.146e-05	0.00027505	0.00023717
0	0	1542	3.064e-05	0.00026892	0.00023263
0	0	1544	3.025e-05	0.00026314	0.00022927
0	0	1546	2.977e-05	0.00025764	0.00022603
0	0	1548	2.933e-05	0.00025203	0.00022242
0	0	1550	2.863e-05	0.00024682	0.00021841
0	0	1552	2.827e-05	0.00024145	0.00021454
0	0	1554	2.802e-05	0.00023669	0.00021097
0	0	1556	2.754e-05	0.00023164	0.00020814
0	0	1558	2.681e-05	0.00022687	0.00020508
0	0	1560	2.672e-05	0.00022251	0.00020125
0	0	1562	2.641e-05	0.00021727	0.00019834
0	0	1564	2.545e-05	0.00021242	0.000195
0	0	1566	2.435e-05	0.00020817	0.00019199
0	0	1568	2.4e-05	0.00020384	0.00018876
0	0	1570	2.385e-05	0.00019979	0.00018595
0	0	1572	2.361e-05	0.00019529	0.00018241
0	0	1574	2.293e-05	0.0001911	0.00017962
0	0	1576	2.261e-05	0.00018668	0.00017705
0	0	1578	2.226e-05	0.0001834	0.00017428
0	0	1580	2.152e-05	0.00017947	0.00017193
0	0	1582	2.145e-05	0.00017592	0.00016953
0	0	1584	2.061e-05	0.00017238	0.00016666
0	0	1586	2.025e-05	0.00016818	0.00016388
0	0	1588	1.947e-05	0.00016478	0.00016149
0	0	1590	1.909e-05	0.00016145	0.00015941
0	0	1592	1.884e-05	0.00015809	0.000157
0	0	1594	1.838e-05	0.00015502	0.00015466
0	0	1596	1.828e-05	0.00015165	0.00015233
0	0	1598	1.746e-05	0.00014837	0.00015006
0	0	1600	1.733e-05	0.00014564	0.00014792
0	0	1602	1.698e-05	0.00014186	0.00014592
0	0	1604	1.61e-05	0.00013908	0.00014392
0	0	1606	1.568e-05	0.00013653	0.00014152
0	0	1608	1.595e-05	0.00013374	0.0001394
0	0	1610	1.541e-05	0.00013083	0.00013746
0	0	1612	1.509e-05	0.00012836	0.00013587
0	0	1614	1.524e-05	0.0001255	0.00013448
0	0	1616	1.433e-05	0.00012316	0.00013258
0	0	1618	1.384e-05	0.00012118	0.00013017
0	0	1620	1.314e-05	0.0001187	0.00012813
0	0	1622	1.242e-05	0.00011601	0.00012653
0	0	1624	1.174e-05	0.00011397	0.00012485
0	0	1626	1.19e-05	0.00011172	0.0001234
0	0	1628	1.187e-05	0.00010972	0.00012211
0	0	1630	1.092e-05	0.00010755	0.00012082
0	0	1632	9.89e-06	0.00010557	0.00011916
0	0	1634	9.34e-06	0.00010359	0.00011712
0	0	1636	9.46e-06	0.00010141	0.00011495
0	0	1638	8.66e-06	9.917e-05	0.00011329
0	0	1640	8.55e-06	9.748e-05	0.00011161
0	0	1642	8.12e-06	9.569e-05	0.00010997
0	0	1644	7.63e-06	9.397e-05	0.0001089
0	0	1646	7.12e-06	9.292e-05	0.00010757
0	0	1648	6.86e-06	9.097e-05	0.00010595
0	0	1650	6.48e-06	8.884e-05	0.0001044
