X[mm]	Y[mm]	Z[mm]	Bx[T]	By[T]	Bz[T]
----------------------------------------------------------------------------------------------------------------------------------------------------------------
0	0	-1650	1.46e-06	-0.00029036	-3.234e-05
0	0	-1648	1.12e-06	-0.00029501	-3.244e-05
0	0	-1646	9.1e-07	-0.00029961	-3.327e-05
0	0	-1644	8.4e-07	-0.00030422	-3.35e-05
0	0	-1642	5.9e-07	-0.00030933	-3.429e-05
0	0	-1640	1.36e-06	-0.00031403	-3.447e-05
0	0	-1638	1.47e-06	-0.00031878	-3.551e-05
0	0	-1636	9.5e-07	-0.00032365	-3.553e-05
0	0	-1634	8.5e-07	-0.00032851	-3.602e-05
0	0	-1632	1.42e-06	-0.00033413	-3.666e-05
0	0	-1630	1.66e-06	-0.00033973	-3.687e-05
0	0	-1628	1.35e-06	-0.00034456	-3.695e-05
0	0	-1626	1.34e-06	-0.00034997	-3.755e-05
0	0	-1624	1.35e-06	-0.00035537	-3.83e-05
0	0	-1622	1.32e-06	-0.00036099	-3.893e-05
0	0	-1620	7.4e-07	-0.00036618	-3.926e-05
0	0	-1618	1.2e-06	-0.00037143	-3.992e-05
0	0	-1616	1.32e-06	-0.00037719	-4.041e-05
0	0	-1614	2.01e-06	-0.00038308	-4.12e-05
0	0	-1612	1.63e-06	-0.00038866	-4.177e-05
0	0	-1610	1.32e-06	-0.00039485	-4.272e-05
0	0	-1608	1.29e-06	-0.00040084	-4.319e-05
0	0	-1606	1.58e-06	-0.00040692	-4.39e-05
0	0	-1604	1.96e-06	-0.00041282	-4.428e-05
0	0	-1602	1.49e-06	-0.00041885	-4.495e-05
0	0	-1600	1.36e-06	-0.00042568	-4.54e-05
0	0	-1598	1.41e-06	-0.00043203	-4.624e-05
0	0	-1596	1.84e-06	-0.00043794	-4.736e-05
0	0	-1594	1.89e-06	-0.00044422	-4.738e-05
0	0	-1592	1.56e-06	-0.00045097	-4.779e-05
0	0	-1590	1.36e-06	-0.00045749	-4.836e-05
0	0	-1588	8.8e-07	-0.00046427	-4.889e-05
0	0	-1586	1.01e-06	-0.00047039	-4.972e-05
0	0	-1584	1.42e-06	-0.00047743	-5.065e-05
0	0	-1582	1.07e-06	-0.00048427	-5.125e-05
0	0	-1580	1.1e-06	-0.00049079	-5.199e-05
0	0	-1578	1.45e-06	-0.00049798	-5.309e-05
0	0	-1576	1.73e-06	-0.00050462	-5.398e-05
0	0	-1574	9.3e-07	-0.00051082	-5.425e-05
0	0	-1572	1.37e-06	-0.00051817	-5.488e-05
0	0	-1570	1.77e-06	-0.00052497	-5.57e-05
0	0	-1568	1.38e-06	-0.00053159	-5.646e-05
0	0	-1566	1.5e-06	-0.00053874	-5.722e-05
0	0	-1564	2.18e-06	-0.00054584	-5.764e-05
0	0	-1562	2.25e-06	-0.00055276	-5.85e-05
0	0	-1560	1.71e-06	-0.00055964	-5.893e-05
0	0	-1558	1.63e-06	-0.00056667	-5.962e-05
0	0	-1556	2.29e-06	-0.00057308	-6.045e-05
0	0	-1554	2.16e-06	-0.0005799	-6.126e-05
0	0	-1552	2.08e-06	-0.00058647	-6.243e-05
0	0	-1550	1.98e-06	-0.00059293	-6.292e-05
0	0	-1548	2.11e-06	-0.00059975	-6.377e-05
0	0	-1546	2.4e-06	-0.00060615	-6.459e-05
0	0	-1544	1.82e-06	-0.0006126	-6.529e-05
0	0	-1542	1.79e-06	-0.00061919	-6.635e-05
0	0	-1540	2.37e-06	-0.00062559	-6.69e-05
0	0	-1538	1.75e-06	-0.00063158	-6.783e-05
0	0	-1536	2.06e-06	-0.00063757	-6.846e-05
0	0	-1534	2.1e-06	-0.00064361	-6.909e-05
0	0	-1532	2.33e-06	-0.00064878	-6.999e-05
0	0	-1530	2.47e-06	-0.0006539	-7.055e-05
0	0	-1528	2.27e-06	-0.00065937	-7.141e-05
0	0	-1526	2.6e-06	-0.0006643	-7.216e-05
0	0	-1524	2.91e-06	-0.00066858	-7.306e-05
0	0	-1522	3.01e-06	-0.00067258	-7.401e-05
0	0	-1520	3.12e-06	-0.00067645	-7.446e-05
0	0	-1518	3.35e-06	-0.00068043	-7.485e-05
0	0	-1516	3.24e-06	-0.00068396	-7.589e-05
0	0	-1514	2.87e-06	-0.00068663	-7.653e-05
0	0	-1512	3.16e-06	-0.00068889	-7.724e-05
0	0	-1510	3.61e-06	-0.00069065	-7.829e-05
0	0	-1508	3.34e-06	-0.00069222	-7.829e-05
0	0	-1506	3.7e-06	-0.00069295	-7.906e-05
0	0	-1504	3.28e-06	-0.00069345	-7.958e-05
0	0	-1502	3.31e-06	-0.00069316	-8.036e-05
0	0	-1500	3.67e-06	-0.0006922	-8.111e-05
0	0	-1498	3.47e-06	-0.00069077	-8.151e-05
0	0	-1496	3.81e-06	-0.00068822	-8.234e-05
0	0	-1494	4.01e-06	-0.00068525	-8.309e-05
0	0	-1492	3.94e-06	-0.00068118	-8.356e-05
0	0	-1490	4.15e-06	-0.00067579	-8.409e-05
0	0	-1488	4.21e-06	-0.00067036	-8.455e-05
0	0	-1486	4.02e-06	-0.00066323	-8.501e-05
0	0	-1484	4e-06	-0.00065494	-8.536e-05
0	0	-1482	4.37e-06	-0.00064622	-8.617e-05
0	0	-1480	4.49e-06	-0.00063605	-8.657e-05
0	0	-1478	4.45e-06	-0.00062403	-8.718e-05
0	0	-1476	4.29e-06	-0.00061116	-8.796e-05
0	0	-1474	4.13e-06	-0.00059664	-8.862e-05
0	0	-1472	4.29e-06	-0.00058076	-8.933e-05
0	0	-1470	4.2e-06	-0.00056347	-8.935e-05
0	0	-1468	4.13e-06	-0.00054414	-8.967e-05
0	0	-1466	4.47e-06	-0.00052333	-9.015e-05
0	0	-1464	4.11e-06	-0.0005005	-9.008e-05
0	0	-1462	3.99e-06	-0.00047545	-9.001e-05
0	0	-1460	4.16e-06	-0.0004486	-9.031e-05
0	0	-1458	4.59e-06	-0.00042035	-9.04e-05
0	0	-1456	4.18e-06	-0.00038935	-9.123e-05
0	0	-1454	4.36e-06	-0.00035557	-9.111e-05
0	0	-1452	3.86e-06	-0.00031947	-9.081e-05
0	0	-1450	4.15e-06	-0.0002801	-9.054e-05
0	0	-1448	4.39e-06	-0.00023788	-9.063e-05
0	0	-1446	4.07e-06	-0.00019292	-9.084e-05
0	0	-1444	3.9e-06	-0.00014427	-9.075e-05
0	0	-1442	3.75e-06	-9.167e-05	-9.023e-05
0	0	-1440	3.91e-06	-3.435e-05	-8.985e-05
0	0	-1438	3.86e-06	2.738e-05	-8.953e-05
0	0	-1436	4.01e-06	9.386e-05	-8.887e-05
0	0	-1434	4.37e-06	0.00016594	-8.839e-05
0	0	-1432	3.91e-06	0.00024439	-8.729e-05
0	0	-1430	3.76e-06	0.00033033	-8.658e-05
0	0	-1428	3.81e-06	0.00042499	-8.541e-05
0	0	-1426	4.21e-06	0.00052905	-8.399e-05
0	0	-1424	4.41e-06	0.0006429	-8.203e-05
0	0	-1422	4.42e-06	0.00076929	-8.029e-05
0	0	-1420	4.58e-06	0.00090615	-7.759e-05
0	0	-1418	5.08e-06	0.00105448	-7.343e-05
0	0	-1416	5.76e-06	0.00121167	-6.918e-05
0	0	-1414	5.93e-06	0.00137289	-6.47e-05
0	0	-1412	6.41e-06	0.0015292	-5.913e-05
0	0	-1410	6.63e-06	0.00167194	-5.349e-05
0	0	-1408	6.61e-06	0.00179292	-4.802e-05
0	0	-1406	7.14e-06	0.00188824	-4.319e-05
0	0	-1404	7.37e-06	0.00195789	-3.91e-05
0	0	-1402	7.44e-06	0.00200632	-3.597e-05
0	0	-1400	7.27e-06	0.00203854	-3.312e-05
0	0	-1398	7.06e-06	0.00205945	-3.034e-05
0	0	-1396	6.69e-06	0.00207328	-2.854e-05
0	0	-1394	6.22e-06	0.00208235	-2.592e-05
0	0	-1392	6.22e-06	0.00208901	-2.359e-05
0	0	-1390	5.8e-06	0.00209455	-2.11e-05
0	0	-1388	5.18e-06	0.00209951	-1.798e-05
0	0	-1386	4.76e-06	0.00210455	-1.471e-05
0	0	-1384	4.32e-06	0.00210961	-1.068e-05
0	0	-1382	4.45e-06	0.00211503	-5.99e-06
0	0	-1380	4.73e-06	0.00211951	-1.01e-06
0	0	-1378	4.61e-06	0.00212422	5.69e-06
0	0	-1376	4.58e-06	0.00212772	1.269e-05
0	0	-1374	4.81e-06	0.00212806	2.14e-05
0	0	-1372	5.08e-06	0.00212428	3.128e-05
0	0	-1370	4.95e-06	0.00211271	4.321e-05
0	0	-1368	5.45e-06	0.00208893	5.655e-05
0	0	-1366	6.63e-06	0.00204724	7.204e-05
0	0	-1364	6.8e-06	0.00198233	8.835e-05
0	0	-1362	6.98e-06	0.00188896	0.00010536
0	0	-1360	7e-06	0.00176508	0.00012235
0	0	-1358	6.97e-06	0.00161563	0.00013804
0	0	-1356	6.99e-06	0.0014496	0.00015226
0	0	-1354	6.64e-06	0.00127714	0.0001641
0	0	-1352	6.51e-06	0.00110891	0.00017462
0	0	-1350	5.86e-06	0.00095174	0.00018421
0	0	-1348	5.43e-06	0.00080884	0.00019276
0	0	-1346	5.4e-06	0.00068204	0.00020092
0	0	-1344	5.53e-06	0.00057332	0.00020839
0	0	-1342	5.2e-06	0.0004812	0.00021554
0	0	-1340	4.81e-06	0.00040514	0.00022239
0	0	-1338	4.77e-06	0.00034561	0.00022889
0	0	-1336	4.28e-06	0.00030153	0.00023599
0	0	-1334	4.18e-06	0.00027288	0.00024356
0	0	-1332	4.47e-06	0.0002589	0.00024967
0	0	-1330	4.66e-06	0.00026018	0.00025654
0	0	-1328	4.76e-06	0.00027631	0.00026361
0	0	-1326	5.21e-06	0.00030689	0.00027038
0	0	-1324	5.72e-06	0.00035251	0.00027709
0	0	-1322	6.11e-06	0.00041264	0.00028401
0	0	-1320	5.88e-06	0.0004874	0.00029102
0	0	-1318	5.77e-06	0.00057792	0.00029802
0	0	-1316	6.36e-06	0.00068209	0.00030499
0	0	-1314	7.56e-06	0.00080132	0.00031174
0	0	-1312	8.31e-06	0.00093587	0.00031797
0	0	-1310	9.16e-06	0.00108442	0.00032387
0	0	-1308	9.51e-06	0.00124759	0.00033056
0	0	-1306	9.68e-06	0.00142462	0.00033717
0	0	-1304	1.086e-05	0.00161464	0.00034317
0	0	-1302	1.181e-05	0.00181897	0.00034922
0	0	-1300	1.289e-05	0.0020366	0.00035512
0	0	-1298	1.376e-05	0.00226705	0.00036146
0	0	-1296	1.452e-05	0.00250899	0.0003669
0	0	-1294	1.534e-05	0.00276262	0.00037247
0	0	-1292	1.68e-05	0.00302712	0.00037794
0	0	-1290	1.761e-05	0.00330184	0.00038289
0	0	-1288	1.915e-05	0.00358626	0.00038742
0	0	-1286	2.057e-05	0.00387887	0.0003926
0	0	-1284	2.132e-05	0.00417858	0.00039733
0	0	-1282	2.254e-05	0.00448462	0.0004018
0	0	-1280	2.402e-05	0.00479647	0.00040626
0	0	-1278	2.584e-05	0.00511312	0.00041044
0	0	-1276	2.677e-05	0.0054329	0.00041427
0	0	-1274	2.801e-05	0.00575435	0.00041795
0	0	-1272	2.929e-05	0.00607665	0.00042134
0	0	-1270	3.041e-05	0.006398	0.00042514
0	0	-1268	3.194e-05	0.00671754	0.00042847
0	0	-1266	3.297e-05	0.00703362	0.00043162
0	0	-1264	3.405e-05	0.00734512	0.00043451
0	0	-1262	3.5e-05	0.00765001	0.0004368
0	0	-1260	3.599e-05	0.00794737	0.00043957
0	0	-1258	3.729e-05	0.00823563	0.00044262
0	0	-1256	3.869e-05	0.00851254	0.00044444
0	0	-1254	3.958e-05	0.00877683	0.00044551
0	0	-1252	4.018e-05	0.00902784	0.00044765
0	0	-1250	4.106e-05	0.00926308	0.00044896
0	0	-1248	4.17e-05	0.00948158	0.00044996
0	0	-1246	4.233e-05	0.00968203	0.00045151
0	0	-1244	4.295e-05	0.00986279	0.0004525
0	0	-1242	4.319e-05	0.0100224	0.00045291
0	0	-1240	4.359e-05	0.0101601	0.00045245
0	0	-1238	4.362e-05	0.0102745	0.00045276
0	0	-1236	4.32e-05	0.0103641	0.00045212
0	0	-1234	4.31e-05	0.0104277	0.0004507
0	0	-1232	4.326e-05	0.0104651	0.00044969
0	0	-1230	4.268e-05	0.0104749	0.00044854
0	0	-1228	4.236e-05	0.0104568	0.00044672
0	0	-1226	4.171e-05	0.0104096	0.00044444
0	0	-1224	4.026e-05	0.0103331	0.00044121
0	0	-1222	3.938e-05	0.0102266	0.00043831
0	0	-1220	3.852e-05	0.0100901	0.00043429
0	0	-1218	3.701e-05	0.00992353	0.00042978
0	0	-1216	3.56e-05	0.00972676	0.00042538
0	0	-1214	3.413e-05	0.00949999	0.00042063
0	0	-1212	3.223e-05	0.00924311	0.00041509
0	0	-1210	3.034e-05	0.00895681	0.00040856
0	0	-1208	2.876e-05	0.00864162	0.00040183
0	0	-1206	2.668e-05	0.00829815	0.00039476
0	0	-1204	2.44e-05	0.00792749	0.000387
0	0	-1202	2.208e-05	0.00753051	0.00037842
0	0	-1200	2.002e-05	0.0071081	0.0003695
0	0	-1198	1.764e-05	0.00666107	0.0003602
0	0	-1196	1.416e-05	0.00619196	0.00034996
0	0	-1194	1.171e-05	0.00570141	0.00033931
0	0	-1192	8.79e-06	0.00519116	0.00032823
0	0	-1190	5.75e-06	0.00466238	0.00031647
0	0	-1188	2.65e-06	0.00411786	0.00030469
0	0	-1186	-3.4e-07	0.00355948	0.00029204
0	0	-1184	-3.58e-06	0.00298833	0.00027869
0	0	-1182	-6.85e-06	0.00240713	0.00026548
0	0	-1180	-1.017e-05	0.00181824	0.00025154
0	0	-1178	-1.299e-05	0.00122292	0.00023671
0	0	-1176	-1.625e-05	0.00062463	0.00022197
0	0	-1174	-1.986e-05	2.427e-05	0.00020737
0	0	-1172	-2.284e-05	-0.00057483	0.00019208
0	0	-1170	-2.613e-05	-0.00117106	0.00017668
0	0	-1168	-2.893e-05	-0.00176148	0.00016074
0	0	-1166	-3.25e-05	-0.00234358	0.0001453
0	0	-1164	-3.609e-05	-0.002916	0.00012922
0	0	-1162	-3.897e-05	-0.00347536	0.00011302
0	0	-1160	-4.153e-05	-0.00402016	9.682e-05
0	0	-1158	-4.433e-05	-0.0045484	8.067e-05
0	0	-1156	-4.697e-05	-0.00505714	6.445e-05
0	0	-1154	-4.997e-05	-0.00554493	4.845e-05
0	0	-1152	-5.229e-05	-0.00600906	3.288e-05
0	0	-1150	-5.453e-05	-0.00644797	1.708e-05
0	0	-1148	-5.712e-05	-0.00686095	1.36e-06
0	0	-1146	-5.933e-05	-0.00724502	-1.395e-05
0	0	-1144	-6.18e-05	-0.0075991	-2.904e-05
0	0	-1142	-6.353e-05	-0.00792183	-4.362e-05
0	0	-1140	-6.475e-05	-0.00821121	-5.74e-05
0	0	-1138	-6.717e-05	-0.00846729	-7.13e-05
0	0	-1136	-6.819e-05	-0.00868797	-8.471e-05
0	0	-1134	-6.944e-05	-0.00887328	-9.749e-05
0	0	-1132	-7.077e-05	-0.00902161	-0.00010959
0	0	-1130	-7.164e-05	-0.00913287	-0.00012087
0	0	-1128	-7.24e-05	-0.009207	-0.0001321
0	0	-1126	-7.265e-05	-0.00924362	-0.00014293
0	0	-1124	-7.297e-05	-0.00924262	-0.00015263
0	0	-1122	-7.337e-05	-0.00920392	-0.0001616
0	0	-1120	-7.365e-05	-0.0091275	-0.00016954
0	0	-1118	-7.339e-05	-0.00901432	-0.00017754
0	0	-1116	-7.287e-05	-0.0088657	-0.00018488
0	0	-1114	-7.245e-05	-0.00868204	-0.00019099
0	0	-1112	-7.177e-05	-0.00846349	-0.00019663
0	0	-1110	-7.106e-05	-0.00821134	-0.00020094
0	0	-1108	-7.022e-05	-0.00792772	-0.00020563
0	0	-1106	-6.919e-05	-0.00761362	-0.00020855
0	0	-1104	-6.867e-05	-0.00727078	-0.00021071
0	0	-1102	-6.742e-05	-0.00690034	-0.0002119
0	0	-1100	-6.593e-05	-0.00650461	-0.00021318
0	0	-1098	-6.445e-05	-0.00608478	-0.00021394
0	0	-1096	-6.306e-05	-0.00564331	-0.0002132
0	0	-1094	-6.139e-05	-0.00518324	-0.00021128
0	0	-1092	-5.976e-05	-0.00470537	-0.00020923
0	0	-1090	-5.778e-05	-0.00421238	-0.00020713
0	0	-1088	-5.594e-05	-0.00370795	-0.00020368
0	0	-1086	-5.384e-05	-0.00319324	-0.00019958
0	0	-1084	-5.216e-05	-0.00267038	-0.00019556
0	0	-1082	-5.041e-05	-0.00214201	-0.00019046
0	0	-1080	-4.833e-05	-0.00161176	-0.00018466
0	0	-1078	-4.648e-05	-0.00108143	-0.00017844
0	0	-1076	-4.465e-05	-0.00055351	-0.00017189
0	0	-1074	-4.237e-05	-2.991e-05	-0.00016496
0	0	-1072	-4.034e-05	0.0004858	-0.00015759
0	0	-1070	-3.9e-05	0.00099172	-0.00014973
0	0	-1068	-3.747e-05	0.0014851	-0.00014184
0	0	-1066	-3.565e-05	0.00196367	-0.00013367
0	0	-1064	-3.443e-05	0.00242618	-0.00012498
0	0	-1062	-3.262e-05	0.00286958	-0.00011604
0	0	-1060	-3.109e-05	0.0032917	-0.00010785
0	0	-1058	-2.977e-05	0.00369042	-9.919e-05
0	0	-1056	-2.808e-05	0.00406469	-9.043e-05
0	0	-1054	-2.673e-05	0.00441198	-8.16e-05
0	0	-1052	-2.56e-05	0.00473142	-7.273e-05
0	0	-1050	-2.492e-05	0.00502098	-6.355e-05
0	0	-1048	-2.424e-05	0.00527943	-5.493e-05
0	0	-1046	-2.379e-05	0.00550528	-4.629e-05
0	0	-1044	-2.336e-05	0.00569848	-3.88e-05
0	0	-1042	-2.292e-05	0.00585784	-3.13e-05
0	0	-1040	-2.212e-05	0.00598207	-2.403e-05
0	0	-1038	-2.215e-05	0.00607087	-1.669e-05
0	0	-1036	-2.243e-05	0.00612422	-9.92e-06
0	0	-1034	-2.244e-05	0.00614225	-3.72e-06
0	0	-1032	-2.296e-05	0.00612396	2.34e-06
0	0	-1030	-2.363e-05	0.00607069	8.27e-06
0	0	-1028	-2.374e-05	0.00598191	1.32e-05
0	0	-1026	-2.415e-05	0.00585842	1.709e-05
0	0	-1024	-2.496e-05	0.00570093	2.048e-05
0	0	-1022	-2.574e-05	0.00551034	2.387e-05
0	0	-1020	-2.641e-05	0.00528775	2.706e-05
0	0	-1018	-2.763e-05	0.00503407	2.901e-05
0	0	-1016	-2.927e-05	0.00475087	2.974e-05
0	0	-1014	-3.079e-05	0.00443958	3.111e-05
0	0	-1012	-3.216e-05	0.00410183	3.14e-05
0	0	-1010	-3.307e-05	0.00373885	3.057e-05
0	0	-1008	-3.469e-05	0.00335367	2.984e-05
0	0	-1006	-3.627e-05	0.00294688	2.842e-05
0	0	-1004	-3.797e-05	0.00252216	2.616e-05
0	0	-1002	-3.917e-05	0.00208031	2.297e-05
0	0	-1000	-4.09e-05	0.00162348	1.979e-05
0	0	-998	-4.304e-05	0.00115485	1.585e-05
0	0	-996	-4.483e-05	0.0006762	1.105e-05
0	0	-994	-4.681e-05	0.00019023	6.01e-06
0	0	-992	-4.879e-05	-0.00030094	8.1e-07
0	0	-990	-5.047e-05	-0.00079394	-4.84e-06
0	0	-988	-5.209e-05	-0.00128722	-1.09e-05
0	0	-986	-5.389e-05	-0.00177793	-1.764e-05
0	0	-984	-5.519e-05	-0.00226333	-2.476e-05
0	0	-982	-5.684e-05	-0.00274182	-3.198e-05
0	0	-980	-5.848e-05	-0.00321042	-3.982e-05
0	0	-978	-5.98e-05	-0.00366686	-4.777e-05
0	0	-976	-6.135e-05	-0.00410821	-5.523e-05
0	0	-974	-6.273e-05	-0.00453299	-6.37e-05
0	0	-972	-6.4e-05	-0.00493932	-7.172e-05
0	0	-970	-6.485e-05	-0.0053251	-8.004e-05
0	0	-968	-6.562e-05	-0.00568721	-8.836e-05
0	0	-966	-6.7e-05	-0.00602493	-9.638e-05
0	0	-964	-6.795e-05	-0.00633607	-0.00010473
0	0	-962	-6.886e-05	-0.00661921	-0.0001128
0	0	-960	-6.906e-05	-0.00687249	-0.00012071
0	0	-958	-6.957e-05	-0.00709529	-0.0001282
0	0	-956	-7.037e-05	-0.00728626	-0.00013528
0	0	-954	-7.031e-05	-0.00744421	-0.00014188
0	0	-952	-6.988e-05	-0.00756822	-0.00014866
0	0	-950	-6.937e-05	-0.00765739	-0.00015489
0	0	-948	-6.896e-05	-0.00771205	-0.00016183
0	0	-946	-6.864e-05	-0.00773178	-0.00016695
0	0	-944	-6.814e-05	-0.00771567	-0.00017183
0	0	-942	-6.715e-05	-0.00766371	-0.00017614
0	0	-940	-6.61e-05	-0.00757722	-0.00018036
0	0	-938	-6.511e-05	-0.00745551	-0.00018423
0	0	-936	-6.439e-05	-0.00729912	-0.00018766
0	0	-934	-6.256e-05	-0.00710907	-0.00018956
0	0	-932	-6.072e-05	-0.00688634	-0.00019141
0	0	-930	-5.886e-05	-0.00663194	-0.00019318
0	0	-928	-5.736e-05	-0.0063471	-0.00019346
0	0	-926	-5.559e-05	-0.00603326	-0.00019359
0	0	-924	-5.394e-05	-0.00569126	-0.00019321
0	0	-922	-5.196e-05	-0.00532269	-0.00019212
0	0	-920	-4.991e-05	-0.00492968	-0.00018996
0	0	-918	-4.776e-05	-0.00451436	-0.00018756
0	0	-916	-4.513e-05	-0.00407883	-0.00018518
0	0	-914	-4.293e-05	-0.00362412	-0.00018195
0	0	-912	-4.081e-05	-0.00315288	-0.00017789
0	0	-910	-3.851e-05	-0.00266802	-0.00017351
0	0	-908	-3.618e-05	-0.00217131	-0.00016863
0	0	-906	-3.344e-05	-0.00166461	-0.00016285
0	0	-904	-3.115e-05	-0.00115083	-0.00015639
0	0	-902	-2.834e-05	-0.00063238	-0.00014971
0	0	-900	-2.577e-05	-0.00011276	-0.00014291
0	0	-898	-2.327e-05	0.00040679	-0.00013539
0	0	-896	-2.096e-05	0.00092392	-0.00012799
0	0	-894	-1.811e-05	0.0014353	-0.00012029
0	0	-892	-1.579e-05	0.00193924	-0.00011217
0	0	-890	-1.367e-05	0.00243312	-0.00010378
0	0	-888	-1.184e-05	0.00291405	-9.557e-05
0	0	-886	-9.99e-06	0.00338054	-8.678e-05
0	0	-884	-7.84e-06	0.0038295	-7.774e-05
0	0	-882	-5.95e-06	0.00425952	-6.973e-05
0	0	-880	-3.78e-06	0.00466814	-6.076e-05
0	0	-878	-2.17e-06	0.00505382	-5.157e-05
0	0	-876	-1e-06	0.00541431	-4.246e-05
0	0	-874	8.2e-07	0.00574806	-3.404e-05
0	0	-872	1.93e-06	0.00605373	-2.606e-05
0	0	-870	3.03e-06	0.00632962	-1.767e-05
0	0	-868	3.73e-06	0.0065742	-9.72e-06
0	0	-866	4.74e-06	0.00678584	-2.52e-06
0	0	-864	5.6e-06	0.0069648	5.1e-06
0	0	-862	6.06e-06	0.00710986	1.186e-05
0	0	-860	6.31e-06	0.00721957	1.84e-05
0	0	-858	6.95e-06	0.00729387	2.436e-05
0	0	-856	7.77e-06	0.0073331	3.052e-05
0	0	-854	7.28e-06	0.00733641	3.598e-05
0	0	-852	6.85e-06	0.00730414	4.053e-05
0	0	-850	6.33e-06	0.00723639	4.495e-05
0	0	-848	6.05e-06	0.0071329	4.89e-05
0	0	-846	5.54e-06	0.00699496	5.166e-05
0	0	-844	5.09e-06	0.00682308	5.487e-05
0	0	-842	4.43e-06	0.00661785	5.652e-05
0	0	-840	3.31e-06	0.00638104	5.731e-05
0	0	-838	1.71e-06	0.00611278	5.83e-05
0	0	-836	1.14e-06	0.00581523	5.851e-05
0	0	-834	-1.1e-07	0.00548919	5.89e-05
0	0	-832	-1.38e-06	0.00513673	5.809e-05
0	0	-830	-3.05e-06	0.00475951	5.624e-05
0	0	-828	-4.31e-06	0.00435946	5.41e-05
0	0	-826	-5.61e-06	0.00393829	5.175e-05
0	0	-824	-7.43e-06	0.0034985	4.865e-05
0	0	-822	-9.44e-06	0.00304241	4.504e-05
0	0	-820	-1.148e-05	0.00257166	4.051e-05
0	0	-818	-1.238e-05	0.00208885	3.561e-05
0	0	-816	-1.41e-05	0.00159579	3.094e-05
0	0	-814	-1.634e-05	0.00109558	2.525e-05
0	0	-812	-1.798e-05	0.00059051	1.951e-05
0	0	-810	-1.938e-05	8.347e-05	1.372e-05
0	0	-808	-2.132e-05	-0.00042391	7.72e-06
0	0	-806	-2.325e-05	-0.00092862	9.5e-07
0	0	-804	-2.462e-05	-0.0014285	-6.11e-06
0	0	-802	-2.63e-05	-0.00192074	-1.324e-05
0	0	-800	-2.727e-05	-0.0024027	-2.071e-05
0	0	-798	-2.859e-05	-0.0028729	-2.814e-05
0	0	-796	-2.999e-05	-0.00332843	-3.567e-05
0	0	-794	-3.158e-05	-0.00376705	-4.326e-05
0	0	-792	-3.207e-05	-0.00418682	-5.054e-05
0	0	-790	-3.257e-05	-0.00458566	-5.731e-05
0	0	-788	-3.336e-05	-0.00496143	-6.46e-05
0	0	-786	-3.398e-05	-0.00531271	-7.201e-05
0	0	-784	-3.471e-05	-0.00563718	-7.887e-05
0	0	-782	-3.535e-05	-0.00593335	-8.525e-05
0	0	-780	-3.547e-05	-0.00620015	-9.148e-05
0	0	-778	-3.467e-05	-0.00643624	-9.691e-05
0	0	-776	-3.45e-05	-0.00663977	-0.00010226
0	0	-774	-3.432e-05	-0.006811	-0.00010801
0	0	-772	-3.303e-05	-0.0069481	-0.00011304
0	0	-770	-3.204e-05	-0.00705029	-0.00011759
0	0	-768	-3.109e-05	-0.00711789	-0.00012181
0	0	-766	-3.025e-05	-0.00715018	-0.00012495
0	0	-764	-2.891e-05	-0.00714601	-0.00012729
0	0	-762	-2.776e-05	-0.00710676	-0.0001291
0	0	-760	-2.6e-05	-0.00703244	-0.0001313
0	0	-758	-2.368e-05	-0.0069227	-0.00013195
0	0	-756	-2.204e-05	-0.00677872	-0.00013216
0	0	-754	-1.992e-05	-0.00660084	-0.00013235
0	0	-752	-1.75e-05	-0.00639027	-0.00013203
0	0	-750	-1.524e-05	-0.00614735	-0.00012992
0	0	-748	-1.257e-05	-0.00587419	-0.00012762
0	0	-746	-9.58e-06	-0.00557164	-0.00012488
0	0	-744	-6.74e-06	-0.00524078	-0.00012123
0	0	-742	-3.58e-06	-0.00488384	-0.00011724
0	0	-740	1e-07	-0.00450247	-0.00011253
0	0	-738	3.36e-06	-0.00409857	-0.00010663
0	0	-736	6.14e-06	-0.00367332	-0.0001003
0	0	-734	9.69e-06	-0.00322947	-9.452e-05
0	0	-732	1.299e-05	-0.00276966	-8.735e-05
0	0	-730	1.674e-05	-0.00229517	-7.998e-05
0	0	-728	2.13e-05	-0.00180855	-7.17e-05
0	0	-726	2.476e-05	-0.00131268	-6.278e-05
0	0	-724	2.861e-05	-0.00080964	-5.327e-05
0	0	-722	3.265e-05	-0.00030144	-4.342e-05
0	0	-720	3.624e-05	0.00020844	-3.35e-05
0	0	-718	3.97e-05	0.00071814	-2.344e-05
0	0	-716	4.331e-05	0.00122591	-1.306e-05
0	0	-714	4.719e-05	0.00172729	-2.05e-06
0	0	-712	5.107e-05	0.00222165	9.21e-06
0	0	-710	5.476e-05	0.00270601	2e-05
0	0	-708	5.842e-05	0.00317822	3.13e-05
0	0	-706	6.215e-05	0.0036354	4.333e-05
0	0	-704	6.569e-05	0.00407593	5.513e-05
0	0	-702	6.874e-05	0.00449642	6.626e-05
0	0	-700	7.156e-05	0.00489631	7.747e-05
0	0	-698	7.495e-05	0.00527378	8.897e-05
0	0	-696	7.822e-05	0.00562532	0.00010021
0	0	-694	8.092e-05	0.00595028	0.000111
0	0	-692	8.367e-05	0.00624756	0.00012271
0	0	-690	8.593e-05	0.00651466	0.00013324
0	0	-688	8.858e-05	0.00675136	0.00014336
0	0	-686	9.069e-05	0.00695586	0.00015337
0	0	-684	9.237e-05	0.00712647	0.00016302
0	0	-682	9.374e-05	0.00726324	0.00017138
0	0	-680	9.56e-05	0.00736586	0.0001802
0	0	-678	9.693e-05	0.00743303	0.00018846
0	0	-676	9.876e-05	0.00746496	0.00019578
0	0	-674	0.00010037	0.00746076	0.0002032
0	0	-672	0.00010125	0.00742052	0.00020985
0	0	-670	0.00010183	0.00734492	0.00021551
0	0	-668	0.00010253	0.00723484	0.00022051
0	0	-666	0.00010301	0.0070892	0.00022527
0	0	-664	0.00010332	0.00691051	0.00022949
0	0	-662	0.00010408	0.00669889	0.00023303
0	0	-660	0.00010396	0.00645441	0.00023578
0	0	-658	0.00010362	0.0061791	0.00023699
0	0	-656	0.00010339	0.00587445	0.00023814
0	0	-654	0.00010292	0.00554154	0.00023892
0	0	-652	0.00010248	0.00518277	0.00023845
0	0	-650	0.00010234	0.00479944	0.00023762
0	0	-648	0.00010124	0.00439286	0.00023595
0	0	-646	9.995e-05	0.00396496	0.00023367
0	0	-644	9.914e-05	0.00351865	0.00023075
0	0	-642	9.776e-05	0.0030553	0.0002271
0	0	-640	9.66e-05	0.00257764	0.00022273
0	0	-638	9.519e-05	0.00208857	0.00021809
0	0	-636	9.405e-05	0.00158916	0.00021283
0	0	-634	9.316e-05	0.00108267	0.00020694
0	0	-632	9.207e-05	0.0005713	0.0002012
0	0	-630	9.071e-05	5.736e-05	0.00019429
0	0	-628	8.864e-05	-0.00045641	0.00018642
0	0	-626	8.751e-05	-0.00096732	0.00017869
0	0	-624	8.612e-05	-0.00147348	0.00017045
0	0	-622	8.49e-05	-0.00197226	0.0001619
0	0	-620	8.386e-05	-0.00246093	0.00015351
0	0	-618	8.251e-05	-0.00293687	0.0001449
0	0	-616	8.123e-05	-0.00339815	0.0001355
0	0	-614	7.993e-05	-0.00384308	0.00012603
0	0	-612	7.911e-05	-0.00426916	0.00011674
0	0	-610	7.824e-05	-0.00467433	0.0001072
0	0	-608	7.699e-05	-0.00505625	9.731e-05
0	0	-606	7.596e-05	-0.00541329	8.74e-05
0	0	-604	7.532e-05	-0.00574349	7.809e-05
0	0	-602	7.457e-05	-0.00604605	6.919e-05
0	0	-600	7.5e-05	-0.00631851	6.029e-05
0	0	-598	7.425e-05	-0.00656018	5.085e-05
0	0	-596	7.397e-05	-0.00676924	4.183e-05
0	0	-594	7.444e-05	-0.00694609	3.295e-05
0	0	-592	7.45e-05	-0.00708905	2.461e-05
0	0	-590	7.465e-05	-0.00719709	1.668e-05
0	0	-588	7.479e-05	-0.00726962	8.99e-06
0	0	-586	7.57e-05	-0.00730685	1.84e-06
0	0	-584	7.691e-05	-0.00730806	-4.59e-06
0	0	-582	7.746e-05	-0.00727409	-1.137e-05
0	0	-580	7.799e-05	-0.00720456	-1.773e-05
0	0	-578	7.953e-05	-0.00709974	-2.309e-05
0	0	-576	8.077e-05	-0.00696039	-2.773e-05
0	0	-574	8.199e-05	-0.00678692	-3.262e-05
0	0	-572	8.371e-05	-0.00658069	-3.647e-05
0	0	-570	8.575e-05	-0.00634232	-4.02e-05
0	0	-568	8.771e-05	-0.00607305	-4.322e-05
0	0	-566	8.971e-05	-0.00577467	-4.6e-05
0	0	-564	9.146e-05	-0.00544763	-4.789e-05
0	0	-562	9.373e-05	-0.00509427	-4.893e-05
0	0	-560	9.616e-05	-0.00471656	-4.915e-05
0	0	-558	9.799e-05	-0.00431556	-4.903e-05
0	0	-556	0.00010058	-0.0038933	-4.927e-05
0	0	-554	0.00010327	-0.00345248	-4.841e-05
0	0	-552	0.00010571	-0.00299492	-4.717e-05
0	0	-550	0.00010823	-0.00252317	-4.524e-05
0	0	-548	0.00011116	-0.00203906	-4.267e-05
0	0	-546	0.00011375	-0.00154526	-3.976e-05
0	0	-544	0.00011626	-0.00104411	-3.706e-05
0	0	-542	0.00011937	-0.0005384	-3.375e-05
0	0	-540	0.00012203	-2.944e-05	-2.984e-05
0	0	-538	0.00012463	0.00047949	-2.529e-05
0	0	-536	0.00012734	0.00098546	-2.093e-05
0	0	-534	0.00013018	0.00148614	-1.626e-05
0	0	-532	0.00013263	0.00198006	-1.067e-05
0	0	-530	0.00013513	0.00246406	-4.98e-06
0	0	-528	0.00013757	0.00293532	7.4e-07
0	0	-526	0.00013997	0.00339245	6.2e-06
0	0	-524	0.00014229	0.00383294	1.211e-05
0	0	-522	0.00014431	0.00425474	1.825e-05
0	0	-520	0.0001467	0.00465519	2.354e-05
0	0	-518	0.0001489	0.005033	2.975e-05
0	0	-516	0.00015099	0.00538602	3.556e-05
0	0	-514	0.00015268	0.00571293	4.123e-05
0	0	-512	0.00015444	0.00601059	4.655e-05
0	0	-510	0.0001561	0.00627922	5.172e-05
0	0	-508	0.00015647	0.00651702	5.709e-05
0	0	-506	0.00015784	0.00672305	6.211e-05
0	0	-504	0.00015894	0.00689667	6.691e-05
0	0	-502	0.00015919	0.0070356	7.147e-05
0	0	-500	0.00016	0.00714003	7.557e-05
0	0	-498	0.00016139	0.00720977	7.968e-05
0	0	-496	0.00016152	0.00724347	8.318e-05
0	0	-494	0.00016163	0.00724151	8.568e-05
0	0	-492	0.00016158	0.00720418	8.876e-05
0	0	-490	0.00016108	0.0071322	9.048e-05
0	0	-488	0.00016097	0.00702451	9.17e-05
0	0	-486	0.00016045	0.00688237	9.322e-05
0	0	-484	0.00015993	0.00670648	9.38e-05
0	0	-482	0.00015899	0.00649768	9.42e-05
0	0	-480	0.00015819	0.00625727	9.383e-05
0	0	-478	0.00015706	0.00598543	9.332e-05
0	0	-476	0.00015602	0.00568461	9.215e-05
0	0	-474	0.00015411	0.00535537	9.034e-05
0	0	-472	0.00015274	0.00499974	8.804e-05
0	0	-470	0.00015146	0.00461924	8.485e-05
0	0	-468	0.00014977	0.00421581	8.108e-05
0	0	-466	0.00014812	0.00379216	7.735e-05
0	0	-464	0.00014544	0.00334915	7.287e-05
0	0	-462	0.00014385	0.00288963	6.869e-05
0	0	-460	0.0001417	0.00241531	6.366e-05
0	0	-458	0.00013971	0.00192901	5.756e-05
0	0	-456	0.00013771	0.0014324	5.195e-05
0	0	-454	0.00013559	0.00092924	4.592e-05
0	0	-452	0.00013328	0.00042104	3.882e-05
0	0	-450	0.00013158	-8.952e-05	3.149e-05
0	0	-448	0.00012919	-0.00060028	2.393e-05
0	0	-446	0.00012659	-0.00110845	1.625e-05
0	0	-444	0.00012434	-0.00161181	8.9e-06
0	0	-442	0.00012252	-0.00210767	8.3e-07
0	0	-440	0.00012032	-0.00259369	-7.47e-06
0	0	-438	0.00011825	-0.00306749	-1.567e-05
0	0	-436	0.0001167	-0.00352683	-2.416e-05
0	0	-434	0.0001145	-0.00396961	-3.298e-05
0	0	-432	0.00011217	-0.00439278	-4.215e-05
0	0	-430	0.00011043	-0.00479545	-5.085e-05
0	0	-428	0.00010857	-0.00517553	-5.906e-05
0	0	-426	0.00010718	-0.0055305	-6.762e-05
0	0	-424	0.0001054	-0.00585922	-7.594e-05
0	0	-422	0.00010397	-0.00615947	-8.391e-05
0	0	-420	0.00010279	-0.00643053	-9.23e-05
0	0	-418	0.00010194	-0.00667116	-9.987e-05
0	0	-416	0.00010104	-0.00687933	-0.00010703
0	0	-414	9.968e-05	-0.00705442	-0.00011408
0	0	-412	9.905e-05	-0.00719545	-0.00012128
0	0	-410	9.839e-05	-0.00730191	-0.0001282
0	0	-408	9.798e-05	-0.00737351	-0.00013468
0	0	-406	9.777e-05	-0.00740976	-0.00014044
0	0	-404	9.751e-05	-0.00741036	-0.00014596
0	0	-402	9.769e-05	-0.00737552	-0.0001509
0	0	-400	9.768e-05	-0.00730498	-0.00015529
0	0	-398	9.801e-05	-0.0071995	-0.00015926
0	0	-396	9.804e-05	-0.00705921	-0.00016297
0	0	-394	9.854e-05	-0.00688471	-0.00016583
0	0	-392	9.979e-05	-0.00667739	-0.00016817
0	0	-390	0.00010098	-0.00643815	-0.00017081
0	0	-388	0.00010112	-0.00616746	-0.00017219
0	0	-386	0.00010217	-0.00586798	-0.0001735
0	0	-384	0.00010355	-0.00554023	-0.00017393
0	0	-382	0.00010433	-0.0051857	-0.00017343
0	0	-380	0.00010533	-0.00480656	-0.00017309
0	0	-378	0.00010725	-0.00440432	-0.0001722
0	0	-376	0.00010822	-0.00398114	-0.00017093
0	0	-374	0.00010932	-0.00353893	-0.00016906
0	0	-372	0.00011095	-0.00308011	-0.00016715
0	0	-370	0.00011243	-0.00260669	-0.00016414
0	0	-368	0.00011388	-0.00212036	-0.0001604
0	0	-366	0.00011565	-0.00162447	-0.00015679
0	0	-364	0.00011681	-0.00112148	-0.00015259
0	0	-362	0.00011828	-0.00061318	-0.00014812
0	0	-360	0.00011993	-0.00010213	-0.00014304
0	0	-358	0.00012132	0.00040939	-0.00013827
0	0	-356	0.00012307	0.00091786	-0.00013251
0	0	-354	0.00012439	0.00142151	-0.00012694
0	0	-352	0.00012515	0.00191795	-0.00012079
0	0	-350	0.00012647	0.00240459	-0.0001147
0	0	-348	0.00012778	0.00287959	-0.00010786
0	0	-346	0.00012866	0.00334021	-0.00010185
0	0	-344	0.00012987	0.00378445	-9.519e-05
0	0	-342	0.00013081	0.00420964	-8.883e-05
0	0	-340	0.00013142	0.00461355	-8.23e-05
0	0	-338	0.00013171	0.00499509	-7.586e-05
0	0	-336	0.000132	0.00535232	-6.948e-05
0	0	-334	0.00013201	0.00568303	-6.338e-05
0	0	-332	0.00013219	0.00598576	-5.709e-05
0	0	-330	0.00013252	0.00625934	-5.096e-05
0	0	-328	0.00013265	0.00650138	-4.484e-05
0	0	-326	0.00013167	0.00671213	-3.919e-05
0	0	-324	0.00013075	0.00689025	-3.411e-05
0	0	-322	0.00013066	0.00703412	-2.901e-05
0	0	-320	0.00012957	0.00714358	-2.378e-05
0	0	-318	0.00012822	0.00721827	-1.972e-05
0	0	-316	0.00012755	0.00725769	-1.582e-05
0	0	-314	0.00012574	0.0072616	-1.249e-05
0	0	-312	0.00012417	0.00723038	-9.53e-06
0	0	-310	0.00012272	0.00716324	-6.6e-06
0	0	-308	0.00012076	0.00706106	-3.73e-06
0	0	-306	0.00011807	0.00692473	-2.06e-06
0	0	-304	0.00011545	0.00675426	-6.9e-07
0	0	-302	0.00011305	0.006551	5.6e-07
0	0	-300	0.00011044	0.00631635	3.3e-07
0	0	-298	0.00010813	0.00605028	3.4e-07
0	0	-296	0.00010481	0.00575473	4.7e-07
0	0	-294	0.00010159	0.00543139	-1e-06
0	0	-292	9.849e-05	0.00508213	-2.53e-06
0	0	-290	9.555e-05	0.00470773	-4.78e-06
0	0	-288	9.193e-05	0.00431035	-8.26e-06
0	0	-286	8.767e-05	0.00389232	-1.098e-05
0	0	-284	8.403e-05	0.00345502	-1.422e-05
0	0	-282	8.047e-05	0.00300137	-1.795e-05
0	0	-280	7.662e-05	0.00253344	-2.288e-05
0	0	-278	7.304e-05	0.00205332	-2.805e-05
0	0	-276	6.874e-05	0.00156302	-3.359e-05
0	0	-274	6.49e-05	0.00106571	-3.912e-05
0	0	-272	6.107e-05	0.00056317	-4.535e-05
0	0	-270	5.716e-05	5.772e-05	-5.203e-05
0	0	-268	5.317e-05	-0.0004472	-5.859e-05
0	0	-266	4.933e-05	-0.00095003	-6.556e-05
0	0	-264	4.513e-05	-0.00144815	-7.307e-05
0	0	-262	4.131e-05	-0.00193858	-8.069e-05
0	0	-260	3.774e-05	-0.00241895	-8.806e-05
0	0	-258	3.403e-05	-0.00288755	-9.556e-05
0	0	-256	3.028e-05	-0.00334182	-0.00010349
0	0	-254	2.594e-05	-0.0037795	-0.00011177
0	0	-252	2.278e-05	-0.00419832	-0.00012006
0	0	-250	1.947e-05	-0.00459608	-0.00012823
0	0	-248	1.589e-05	-0.00497155	-0.00013612
0	0	-246	1.26e-05	-0.00532235	-0.00014388
0	0	-244	9.65e-06	-0.00564605	-0.00015157
0	0	-242	7.04e-06	-0.00594232	-0.00015899
0	0	-240	4.42e-06	-0.0062094	-0.00016635
0	0	-238	1.71e-06	-0.00644562	-0.0001733
0	0	-236	-8.7e-07	-0.00665014	-0.00018002
0	0	-234	-2.76e-06	-0.00682227	-0.00018673
0	0	-232	-4.49e-06	-0.00695957	-0.00019237
0	0	-230	-6.73e-06	-0.00706291	-0.00019793
0	0	-228	-8.84e-06	-0.00713193	-0.00020367
0	0	-226	-1.061e-05	-0.00716523	-0.00020866
0	0	-224	-1.176e-05	-0.00716331	-0.0002126
0	0	-222	-1.283e-05	-0.00712636	-0.00021725
0	0	-220	-1.392e-05	-0.00705357	-0.00022087
0	0	-218	-1.411e-05	-0.00694592	-0.00022308
0	0	-216	-1.505e-05	-0.00680364	-0.00022557
0	0	-214	-1.56e-05	-0.00662791	-0.00022801
0	0	-212	-1.561e-05	-0.00641954	-0.00022883
0	0	-210	-1.618e-05	-0.00617967	-0.00022939
0	0	-208	-1.654e-05	-0.00590879	-0.00022947
0	0	-206	-1.613e-05	-0.00560816	-0.00022892
0	0	-204	-1.568e-05	-0.00528032	-0.00022779
0	0	-202	-1.522e-05	-0.00492571	-0.00022587
0	0	-200	-1.469e-05	-0.00454719	-0.00022375
0	0	-198	-1.463e-05	-0.0041458	-0.00022081
0	0	-196	-1.36e-05	-0.00372326	-0.00021739
0	0	-194	-1.299e-05	-0.00328264	-0.00021283
0	0	-192	-1.182e-05	-0.00282528	-0.00020861
0	0	-190	-1.09e-05	-0.00235347	-0.00020325
0	0	-188	-9.99e-06	-0.00186968	-0.00019724
0	0	-186	-8.66e-06	-0.00137627	-0.00019142
0	0	-184	-7.87e-06	-0.00087508	-0.00018454
0	0	-182	-7.21e-06	-0.00036952	-0.00017737
0	0	-180	-6.08e-06	0.00013775	-0.00016994
0	0	-178	-4.67e-06	0.00064603	-0.00016213
0	0	-176	-4.05e-06	0.00115116	-0.00015374
0	0	-174	-3.32e-06	0.0016508	-0.00014502
0	0	-172	-2.34e-06	0.00214286	-0.0001365
0	0	-170	-1.48e-06	0.00262582	-0.0001272
0	0	-168	-5.6e-07	0.0030957	-0.00011763
0	0	-166	1.7e-07	0.00355089	-0.00010877
0	0	-164	6.2e-07	0.00398923	-9.946e-05
0	0	-162	1.18e-06	0.0044093	-8.913e-05
0	0	-160	1.51e-06	0.00480806	-7.924e-05
0	0	-158	1.84e-06	0.00518435	-6.963e-05
0	0	-156	2.45e-06	0.00553557	-5.968e-05
0	0	-154	2.39e-06	0.00585973	-5.008e-05
0	0	-152	1.72e-06	0.00615606	-4.074e-05
0	0	-150	1.3e-06	0.00642264	-3.128e-05
0	0	-148	6e-07	0.00665865	-2.279e-05
0	0	-146	1.1e-07	0.00686232	-1.406e-05
0	0	-144	-3.8e-07	0.00703353	-5.61e-06
0	0	-142	-1.86e-06	0.00717028	3.24e-06
0	0	-140	-2.84e-06	0.00727292	1.121e-05
0	0	-138	-4.65e-06	0.00733993	1.881e-05
0	0	-136	-6.19e-06	0.00737189	2.596e-05
0	0	-134	-7.47e-06	0.00736822	3.241e-05
0	0	-132	-9.69e-06	0.00732872	3.878e-05
0	0	-130	-1.178e-05	0.0072537	4.45e-05
0	0	-128	-1.41e-05	0.00714387	4.95e-05
0	0	-126	-1.663e-05	0.00699948	5.41e-05
0	0	-124	-1.925e-05	0.00682171	5.859e-05
0	0	-122	-2.215e-05	0.00661074	6.184e-05
0	0	-120	-2.489e-05	0.00636736	6.469e-05
0	0	-118	-2.793e-05	0.00609378	6.712e-05
0	0	-116	-3.168e-05	0.00579054	6.951e-05
0	0	-114	-3.518e-05	0.00545917	7.055e-05
0	0	-112	-3.834e-05	0.00510149	7.082e-05
0	0	-110	-4.182e-05	0.00471895	7.036e-05
0	0	-108	-4.617e-05	0.00431379	6.981e-05
0	0	-106	-5.015e-05	0.00388804	6.867e-05
0	0	-104	-5.391e-05	0.00344328	6.664e-05
0	0	-102	-5.695e-05	0.00298159	6.423e-05
0	0	-100	-6.138e-05	0.00250537	6.095e-05
0	0	-98	-6.6e-05	0.00201793	5.7e-05
0	0	-96	-7.046e-05	0.00152042	5.3e-05
0	0	-94	-7.473e-05	0.00101539	4.84e-05
0	0	-92	-7.882e-05	0.00050577	4.315e-05
0	0	-90	-8.339e-05	-6.41e-06	3.774e-05
0	0	-88	-8.79e-05	-0.0005187	3.241e-05
0	0	-86	-9.225e-05	-0.00102848	2.599e-05
0	0	-84	-9.653e-05	-0.00153291	1.875e-05
0	0	-82	-0.00010062	-0.0020293	1.219e-05
0	0	-80	-0.00010482	-0.00251652	4.76e-06
0	0	-78	-0.00010891	-0.00299144	-2.48e-06
0	0	-76	-0.00011271	-0.00345181	-1.027e-05
0	0	-74	-0.0001161	-0.00389486	-1.836e-05
0	0	-72	-0.00012026	-0.00431886	-2.617e-05
0	0	-70	-0.00012465	-0.00472246	-3.438e-05
0	0	-68	-0.00012829	-0.00510294	-4.214e-05
0	0	-66	-0.00013197	-0.00545853	-5.001e-05
0	0	-64	-0.00013548	-0.00578749	-5.897e-05
0	0	-62	-0.0001382	-0.00608821	-6.721e-05
0	0	-60	-0.00014149	-0.00635958	-7.479e-05
0	0	-58	-0.0001443	-0.00660012	-8.207e-05
0	0	-56	-0.00014711	-0.00680845	-8.941e-05
0	0	-54	-0.00014966	-0.00698355	-9.65e-05
0	0	-52	-0.00015209	-0.00712472	-0.000104
0	0	-50	-0.00015422	-0.00723147	-0.00011034
0	0	-48	-0.00015618	-0.00730332	-0.00011705
0	0	-46	-0.00015741	-0.00733962	-0.00012262
0	0	-44	-0.00015882	-0.00733978	-0.00012828
0	0	-42	-0.00016011	-0.00730419	-0.00013297
0	0	-40	-0.00016141	-0.00723396	-0.00013818
0	0	-38	-0.0001624	-0.00712788	-0.00014268
0	0	-36	-0.0001625	-0.0069875	-0.00014631
0	0	-34	-0.00016276	-0.00681332	-0.00014919
0	0	-32	-0.00016322	-0.00660581	-0.00015153
0	0	-30	-0.00016338	-0.00636723	-0.00015395
0	0	-28	-0.00016337	-0.00609692	-0.00015534
0	0	-26	-0.00016273	-0.00579714	-0.0001558
0	0	-24	-0.00016215	-0.00546977	-0.00015678
0	0	-22	-0.00016074	-0.0051156	-0.00015615
0	0	-20	-0.00015995	-0.00473659	-0.00015523
0	0	-18	-0.00015857	-0.00433487	-0.00015418
0	0	-16	-0.00015679	-0.00391236	-0.00015227
0	0	-14	-0.00015554	-0.00347072	-0.0001498
0	0	-12	-0.00015365	-0.00301183	-0.00014611
0	0	-10	-0.00015151	-0.00253935	-0.0001424
0	0	-8	-0.00014943	-0.00205482	-0.0001383
0	0	-6	-0.00014714	-0.00155979	-0.00013348
0	0	-4	-0.00014596	-0.00105817	-0.00012854
0	0	-2	-0.00014281	-0.0005515	-0.0001227
0	0	0	-0.00014005	-4.22e-05	-0.00011666
0	0	2	-0.00013762	0.00046729	-0.00011001
0	0	4	-0.00013541	0.00097443	-0.00010271
0	0	6	-0.00013275	0.00147625	-9.624e-05
0	0	8	-0.00012958	0.0019703	-8.849e-05
0	0	10	-0.00012659	0.00245509	-8.073e-05
0	0	12	-0.00012371	0.00292743	-7.265e-05
0	0	14	-0.00012066	0.00338557	-6.39e-05
0	0	16	-0.00011834	0.00382657	-5.529e-05
0	0	18	-0.00011475	0.00424893	-4.671e-05
0	0	20	-0.00011177	0.00465049	-3.794e-05
0	0	22	-0.00010896	0.00502901	-2.955e-05
0	0	24	-0.00010599	0.00538283	-2.033e-05
0	0	26	-0.00010275	0.00571015	-1.134e-05
0	0	28	-9.982e-05	0.00600983	-2.46e-06
0	0	30	-9.687e-05	0.0062794	5.59e-06
0	0	32	-9.406e-05	0.006518	1.387e-05
0	0	34	-9.21e-05	0.00672487	2.208e-05
0	0	36	-8.975e-05	0.00689924	3.04e-05
0	0	38	-8.69e-05	0.00703947	3.84e-05
0	0	40	-8.443e-05	0.00714531	4.609e-05
0	0	42	-8.233e-05	0.00721537	5.312e-05
0	0	44	-7.997e-05	0.00725024	5.967e-05
0	0	46	-7.816e-05	0.00725039	6.55e-05
0	0	48	-7.607e-05	0.00721454	7.181e-05
0	0	50	-7.438e-05	0.00714293	7.717e-05
0	0	52	-7.213e-05	0.00703681	8.29e-05
0	0	54	-7.032e-05	0.00689567	8.729e-05
0	0	56	-6.832e-05	0.00672153	9.115e-05
0	0	58	-6.678e-05	0.00651406	9.473e-05
0	0	60	-6.538e-05	0.00627475	9.761e-05
0	0	62	-6.45e-05	0.00600445	0.00010007
0	0	64	-6.341e-05	0.00570497	0.00010235
0	0	66	-6.234e-05	0.0053772	0.00010395
0	0	68	-6.155e-05	0.00502253	0.00010447
0	0	70	-6.05e-05	0.004644	0.00010514
0	0	72	-5.963e-05	0.00424272	0.00010514
0	0	74	-5.861e-05	0.00382086	0.00010443
0	0	76	-5.781e-05	0.00337979	0.00010319
0	0	78	-5.713e-05	0.00292202	0.00010126
0	0	80	-5.713e-05	0.00244933	9.876e-05
0	0	82	-5.676e-05	0.00196461	9.562e-05
0	0	84	-5.615e-05	0.00147006	9.204e-05
0	0	86	-5.603e-05	0.00096898	8.867e-05
0	0	88	-5.568e-05	0.00046334	8.494e-05
0	0	90	-5.437e-05	-4.567e-05	8.032e-05
0	0	92	-5.399e-05	-0.00055419	7.524e-05
0	0	94	-5.382e-05	-0.00106044	6.967e-05
0	0	96	-5.357e-05	-0.0015615	6.427e-05
0	0	98	-5.296e-05	-0.00205516	5.794e-05
0	0	100	-5.242e-05	-0.00253873	5.166e-05
0	0	102	-5.182e-05	-0.00301051	4.535e-05
0	0	104	-5.188e-05	-0.00346745	3.872e-05
0	0	106	-5.103e-05	-0.00390809	3.201e-05
0	0	108	-5.014e-05	-0.0043295	2.447e-05
0	0	110	-4.885e-05	-0.0047298	1.78e-05
0	0	112	-4.799e-05	-0.00510714	1.07e-05
0	0	114	-4.724e-05	-0.00545997	3.17e-06
0	0	116	-4.592e-05	-0.00578666	-4.01e-06
0	0	118	-4.437e-05	-0.00608519	-1.064e-05
0	0	120	-4.328e-05	-0.00635434	-1.724e-05
0	0	122	-4.129e-05	-0.00659221	-2.462e-05
0	0	124	-3.956e-05	-0.006798	-3.114e-05
0	0	126	-3.819e-05	-0.00697106	-3.755e-05
0	0	128	-3.673e-05	-0.0071101	-4.353e-05
0	0	130	-3.46e-05	-0.00721448	-4.921e-05
0	0	132	-3.238e-05	-0.00728436	-5.509e-05
0	0	134	-3.03e-05	-0.00731832	-6.032e-05
0	0	136	-2.814e-05	-0.00731654	-6.451e-05
0	0	138	-2.522e-05	-0.00727971	-6.923e-05
0	0	140	-2.237e-05	-0.00720729	-7.324e-05
0	0	142	-2.01e-05	-0.00709977	-7.675e-05
0	0	144	-1.698e-05	-0.00695845	-8.013e-05
0	0	146	-1.39e-05	-0.00678258	-8.268e-05
0	0	148	-1.108e-05	-0.00657361	-8.54e-05
0	0	150	-7.63e-06	-0.00633299	-8.697e-05
0	0	152	-4.38e-06	-0.00606185	-8.814e-05
0	0	154	-6.4e-07	-0.00576069	-8.95e-05
0	0	156	2.74e-06	-0.00543223	-8.975e-05
0	0	158	6.67e-06	-0.00507691	-8.952e-05
0	0	160	1.028e-05	-0.00469627	-8.909e-05
0	0	162	1.39e-05	-0.00429362	-8.797e-05
0	0	164	1.738e-05	-0.00386987	-8.6e-05
0	0	166	2.1e-05	-0.00342702	-8.37e-05
0	0	168	2.526e-05	-0.00296802	-8.114e-05
0	0	170	2.876e-05	-0.00249431	-7.825e-05
0	0	172	3.283e-05	-0.00200853	-7.426e-05
0	0	174	3.693e-05	-0.00151254	-7.049e-05
0	0	176	4.042e-05	-0.0010095	-6.616e-05
0	0	178	4.448e-05	-0.00050226	-6.153e-05
0	0	180	4.838e-05	7.73e-06	-5.601e-05
0	0	182	5.181e-05	0.000518	-5.017e-05
0	0	184	5.515e-05	0.00102562	-4.478e-05
0	0	186	5.908e-05	0.00152828	-3.875e-05
0	0	188	6.337e-05	0.00202335	-3.242e-05
0	0	190	6.67e-05	0.00250864	-2.552e-05
0	0	192	6.991e-05	0.00298113	-1.843e-05
0	0	194	7.318e-05	0.00343952	-1.199e-05
0	0	196	7.639e-05	0.0038815	-4.54e-06
0	0	198	7.952e-05	0.00430449	2.76e-06
0	0	200	8.24e-05	0.00470649	1.007e-05
0	0	202	8.531e-05	0.00508559	1.689e-05
0	0	204	8.788e-05	0.00543939	2.401e-05
0	0	206	9.059e-05	0.00576679	3.134e-05
0	0	208	9.331e-05	0.00606663	3.842e-05
0	0	210	9.495e-05	0.0063361	4.567e-05
0	0	212	9.704e-05	0.00657524	5.265e-05
0	0	214	9.851e-05	0.00678273	5.958e-05
0	0	216	0.00010037	0.00695644	6.614e-05
0	0	218	0.00010138	0.00709681	7.217e-05
0	0	220	0.00010297	0.00720248	7.803e-05
0	0	222	0.00010474	0.00727296	8.399e-05
0	0	224	0.00010476	0.00730731	8.903e-05
0	0	226	0.00010532	0.00730685	9.384e-05
0	0	228	0.00010636	0.00727088	9.768e-05
0	0	230	0.00010617	0.00719859	0.00010195
0	0	232	0.00010646	0.00709188	0.000106
0	0	234	0.00010623	0.00695065	0.00010912
0	0	236	0.00010582	0.00677515	0.00011196
0	0	238	0.00010553	0.00656661	0.00011437
0	0	240	0.00010505	0.00632627	0.0001158
0	0	242	0.00010405	0.00605518	0.00011667
0	0	244	0.00010384	0.00575459	0.00011719
0	0	246	0.00010316	0.00542618	0.00011817
0	0	248	0.00010135	0.00507109	0.00011764
0	0	250	0.00010022	0.00469046	0.00011703
0	0	252	9.898e-05	0.00428712	0.00011612
0	0	254	9.728e-05	0.00386304	0.00011422
0	0	256	9.524e-05	0.00342025	0.00011172
0	0	258	9.315e-05	0.00296098	0.00010894
0	0	260	9.197e-05	0.00248703	0.00010625
0	0	262	8.962e-05	0.00200063	0.00010235
0	0	264	8.757e-05	0.00150438	9.858e-05
0	0	266	8.569e-05	0.00100065	9.461e-05
0	0	268	8.354e-05	0.00049224	8.944e-05
0	0	270	8.158e-05	-1.843e-05	8.443e-05
0	0	272	7.948e-05	-0.00052923	7.882e-05
0	0	274	7.728e-05	-0.00103736	7.36e-05
0	0	276	7.567e-05	-0.00154062	6.729e-05
0	0	278	7.371e-05	-0.00203671	6.108e-05
0	0	280	7.165e-05	-0.0025229	5.517e-05
0	0	282	6.932e-05	-0.00299698	4.89e-05
0	0	284	6.717e-05	-0.0034566	4.242e-05
0	0	286	6.578e-05	-0.00389935	3.521e-05
0	0	288	6.358e-05	-0.00432391	2.884e-05
0	0	290	6.205e-05	-0.00472693	2.25e-05
0	0	292	6.07e-05	-0.0051062	1.561e-05
0	0	294	5.892e-05	-0.00546107	9.12e-06
0	0	296	5.774e-05	-0.00579024	3.07e-06
0	0	298	5.669e-05	-0.00609073	-3.28e-06
0	0	300	5.601e-05	-0.00636194	-9.17e-06
0	0	302	5.46e-05	-0.0066017	-1.498e-05
0	0	304	5.364e-05	-0.00680976	-2.048e-05
0	0	306	5.305e-05	-0.00698474	-2.539e-05
0	0	308	5.229e-05	-0.00712573	-3.041e-05
0	0	310	5.219e-05	-0.0072318	-3.468e-05
0	0	312	5.146e-05	-0.00730303	-3.883e-05
0	0	314	5.164e-05	-0.00733888	-4.24e-05
0	0	316	5.189e-05	-0.00733904	-4.548e-05
0	0	318	5.141e-05	-0.00730311	-4.833e-05
0	0	320	5.15e-05	-0.00723226	-5.044e-05
0	0	322	5.23e-05	-0.00712537	-5.174e-05
0	0	324	5.383e-05	-0.0069844	-5.275e-05
0	0	326	5.462e-05	-0.00680941	-5.366e-05
0	0	328	5.57e-05	-0.00660102	-5.431e-05
0	0	330	5.666e-05	-0.00636079	-5.373e-05
0	0	332	5.805e-05	-0.00608925	-5.256e-05
0	0	334	5.916e-05	-0.00578811	-5.102e-05
0	0	336	6.055e-05	-0.00545864	-4.869e-05
0	0	338	6.219e-05	-0.0051025	-4.577e-05
0	0	340	6.397e-05	-0.00472186	-4.227e-05
0	0	342	6.591e-05	-0.00431787	-3.847e-05
0	0	344	6.779e-05	-0.00389267	-3.41e-05
0	0	346	6.967e-05	-0.00344848	-2.953e-05
0	0	348	7.157e-05	-0.00298722	-2.445e-05
0	0	350	7.353e-05	-0.00251167	-1.888e-05
0	0	352	7.524e-05	-0.00202346	-1.28e-05
0	0	354	7.737e-05	-0.00152462	-6.36e-06
0	0	356	7.968e-05	-0.00101875	7.8e-07
0	0	358	8.178e-05	-0.00050809	7.98e-06
0	0	360	8.403e-05	5.69e-06	1.535e-05
0	0	362	8.586e-05	0.00051993	2.299e-05
0	0	364	8.792e-05	0.00103173	3.111e-05
0	0	366	9.045e-05	0.00153871	3.939e-05
0	0	368	9.211e-05	0.0020386	4.718e-05
0	0	370	9.424e-05	0.00252908	5.562e-05
0	0	372	9.6e-05	0.0030072	6.424e-05
0	0	374	9.767e-05	0.0034713	7.236e-05
0	0	376	9.961e-05	0.00391908	8.047e-05
0	0	378	0.00010149	0.00434789	8.884e-05
0	0	380	0.00010257	0.00475599	9.74e-05
0	0	382	0.00010424	0.00514168	0.0001054
0	0	384	0.00010531	0.00550279	0.00011296
0	0	386	0.00010646	0.00583756	0.00012116
0	0	388	0.00010738	0.00614464	0.00012875
0	0	390	0.0001081	0.00642213	0.0001357
0	0	392	0.00010858	0.00666959	0.00014198
0	0	394	0.0001095	0.00688512	0.00014801
0	0	396	0.00011026	0.00706728	0.00015361
0	0	398	0.00010953	0.00721585	0.00015857
0	0	400	0.00010942	0.00732974	0.00016317
0	0	402	0.00010955	0.00740866	0.00016774
0	0	404	0.00010899	0.00745257	0.00017163
0	0	406	0.00010828	0.00746087	0.00017451
0	0	408	0.00010784	0.00743372	0.00017685
0	0	410	0.00010655	0.00737124	0.00017887
0	0	412	0.00010546	0.00727333	0.00017992
0	0	414	0.00010444	0.00714072	0.00018048
0	0	416	0.000103	0.00697497	0.00018027
0	0	418	0.00010195	0.00677557	0.00018007
0	0	420	0.00010051	0.00654405	0.00017931
0	0	422	9.868e-05	0.00628161	0.00017738
0	0	424	9.687e-05	0.00598994	0.00017466
0	0	426	9.452e-05	0.0056703	0.00017123
0	0	428	9.227e-05	0.00532379	0.00016748
0	0	430	8.945e-05	0.0049524	0.00016294
0	0	432	8.74e-05	0.00455778	0.0001575
0	0	434	8.492e-05	0.00414199	0.00015201
0	0	436	8.232e-05	0.00370731	0.00014629
0	0	438	7.958e-05	0.00325525	0.00013975
0	0	440	7.711e-05	0.00278844	0.00013227
0	0	442	7.438e-05	0.00230961	0.00012461
0	0	444	7.151e-05	0.00182089	0.00011657
0	0	446	6.864e-05	0.00132419	0.00010799
0	0	448	6.577e-05	0.00082238	9.929e-05
0	0	450	6.319e-05	0.00031749	9.027e-05
0	0	452	6.037e-05	-0.0001878	8.046e-05
0	0	454	5.74e-05	-0.00069057	7.073e-05
0	0	456	5.45e-05	-0.00118869	6.134e-05
0	0	458	5.151e-05	-0.00168033	5.074e-05
0	0	460	4.878e-05	-0.00216243	4.071e-05
0	0	462	4.646e-05	-0.00263241	3.063e-05
0	0	464	4.319e-05	-0.00308806	2.063e-05
0	0	466	4.054e-05	-0.00352751	1.04e-05
0	0	468	3.919e-05	-0.0039484	7e-07
0	0	470	3.656e-05	-0.00434864	-9.8e-06
0	0	472	3.422e-05	-0.00472723	-1.973e-05
0	0	474	3.251e-05	-0.00508095	-2.907e-05
0	0	476	3.008e-05	-0.00540832	-3.768e-05
0	0	478	2.85e-05	-0.00570768	-4.658e-05
0	0	480	2.668e-05	-0.0059781	-5.559e-05
0	0	482	2.495e-05	-0.00621809	-6.353e-05
0	0	484	2.402e-05	-0.00642672	-7.136e-05
0	0	486	2.277e-05	-0.00660269	-7.851e-05
0	0	488	2.162e-05	-0.00674497	-8.527e-05
0	0	490	2.132e-05	-0.00685294	-9.205e-05
0	0	492	2.057e-05	-0.0069264	-9.794e-05
0	0	494	1.969e-05	-0.00696405	-0.00010224
0	0	496	1.922e-05	-0.00696602	-0.00010668
0	0	498	1.865e-05	-0.00693388	-0.00010973
0	0	500	1.872e-05	-0.00686562	-0.00011272
0	0	502	1.896e-05	-0.00676281	-0.0001153
0	0	504	1.94e-05	-0.006626	-0.00011633
0	0	506	1.943e-05	-0.00645511	-0.00011727
0	0	508	2.02e-05	-0.00625175	-0.00011725
0	0	510	2.074e-05	-0.00601635	-0.00011632
0	0	512	2.145e-05	-0.00575038	-0.00011492
0	0	514	2.269e-05	-0.00545463	-0.00011253
0	0	516	2.389e-05	-0.00513116	-0.00010969
0	0	518	2.551e-05	-0.00478161	-0.00010657
0	0	520	2.652e-05	-0.00440706	-0.00010192
0	0	522	2.798e-05	-0.00400956	-9.686e-05
0	0	524	2.976e-05	-0.0035914	-9.08e-05
0	0	526	3.114e-05	-0.00315444	-8.479e-05
0	0	528	3.305e-05	-0.00270047	-7.849e-05
0	0	530	3.412e-05	-0.00223191	-7.144e-05
0	0	532	3.535e-05	-0.00175123	-6.316e-05
0	0	534	3.751e-05	-0.00126112	-5.391e-05
0	0	536	4.029e-05	-0.00076395	-4.541e-05
0	0	538	4.237e-05	-0.00026101	-3.598e-05
0	0	540	4.394e-05	0.00024426	-2.626e-05
0	0	542	4.524e-05	0.00074963	-1.596e-05
0	0	544	4.715e-05	0.0012524	-5.61e-06
0	0	546	4.909e-05	0.0017503	5.27e-06
0	0	548	5.096e-05	0.00224141	1.675e-05
0	0	550	5.228e-05	0.00272215	2.81e-05
0	0	552	5.392e-05	0.0031912	3.858e-05
0	0	554	5.568e-05	0.00364668	5.03e-05
0	0	556	5.728e-05	0.00408436	6.223e-05
0	0	558	5.859e-05	0.00450336	7.351e-05
0	0	560	5.99e-05	0.00490221	8.481e-05
0	0	562	6.064e-05	0.00527792	9.637e-05
0	0	564	6.108e-05	0.00562942	0.00010759
0	0	566	6.223e-05	0.00595428	0.00011865
0	0	568	6.284e-05	0.00625154	0.00012947
0	0	570	6.356e-05	0.0065191	0.00013978
0	0	572	6.346e-05	0.00675598	0.00014962
0	0	574	6.344e-05	0.00696114	0.00015937
0	0	576	6.336e-05	0.00713312	0.00016867
0	0	578	6.378e-05	0.00727182	0.00017764
0	0	580	6.326e-05	0.00737578	0.000186
0	0	582	6.293e-05	0.00744496	0.00019388
0	0	584	6.2e-05	0.00747856	0.00020164
0	0	586	6.079e-05	0.00747695	0.00020812
0	0	588	5.979e-05	0.00743987	0.00021404
0	0	590	5.788e-05	0.00736715	0.0002199
0	0	592	5.601e-05	0.00725979	0.00022502
0	0	594	5.435e-05	0.00711786	0.00022882
0	0	596	5.316e-05	0.00694216	0.00023268
0	0	598	5.133e-05	0.00673388	0.00023554
0	0	600	4.874e-05	0.00649331	0.00023798
0	0	602	4.648e-05	0.00622183	0.00023961
0	0	604	4.365e-05	0.00592118	0.00024072
0	0	606	4.037e-05	0.00559157	0.00024097
0	0	608	3.753e-05	0.00523586	0.00024008
0	0	610	3.444e-05	0.00485625	0.00023926
0	0	612	3.117e-05	0.00445323	0.00023764
0	0	614	2.805e-05	0.00402862	0.00023552
0	0	616	2.453e-05	0.00358545	0.00023233
0	0	618	2.089e-05	0.00312631	0.00022862
0	0	620	1.786e-05	0.00265171	0.00022492
0	0	622	1.393e-05	0.00216521	0.00022014
0	0	624	9.9e-06	0.00166847	0.00021522
0	0	626	5.87e-06	0.00116503	0.00020908
0	0	628	1.74e-06	0.00065593	0.00020313
0	0	630	-1.73e-06	0.00014395	0.0001972
0	0	632	-6.03e-06	-0.00036757	0.00019024
0	0	634	-1.054e-05	-0.00087696	0.00018355
0	0	636	-1.469e-05	-0.00138178	0.00017577
0	0	638	-1.841e-05	-0.00187887	0.00016829
0	0	640	-2.264e-05	-0.00236639	0.00016043
0	0	642	-2.722e-05	-0.00284179	0.00015264
0	0	644	-3.131e-05	-0.00330287	0.00014453
0	0	646	-3.467e-05	-0.00374775	0.00013635
0	0	648	-3.903e-05	-0.00417382	0.00012803
0	0	650	-4.302e-05	-0.00457869	0.00012017
0	0	652	-4.735e-05	-0.00496154	0.00011191
0	0	654	-5.079e-05	-0.00531947	0.00010358
0	0	656	-5.445e-05	-0.00565139	9.593e-05
0	0	658	-5.754e-05	-0.00595487	8.881e-05
0	0	660	-6.059e-05	-0.00622899	8.184e-05
0	0	662	-6.402e-05	-0.00647283	7.395e-05
0	0	664	-6.731e-05	-0.00668451	6.712e-05
0	0	666	-7.081e-05	-0.00686374	6.092e-05
0	0	668	-7.37e-05	-0.00700912	5.491e-05
0	0	670	-7.643e-05	-0.00711941	4.925e-05
0	0	672	-7.935e-05	-0.00719512	4.395e-05
0	0	674	-8.172e-05	-0.00723536	3.887e-05
0	0	676	-8.388e-05	-0.00724073	3.482e-05
0	0	678	-8.622e-05	-0.00721023	3.104e-05
0	0	680	-8.801e-05	-0.0071443	2.736e-05
0	0	682	-8.968e-05	-0.00704319	2.483e-05
0	0	684	-9.127e-05	-0.00690826	2.307e-05
0	0	686	-9.268e-05	-0.00673941	2.196e-05
0	0	688	-9.41e-05	-0.00653733	2.109e-05
0	0	690	-9.493e-05	-0.00630322	2.064e-05
0	0	692	-9.623e-05	-0.00603863	2.081e-05
0	0	694	-9.684e-05	-0.00574447	2.127e-05
0	0	696	-9.716e-05	-0.00542188	2.256e-05
0	0	698	-9.756e-05	-0.00507283	2.46e-05
0	0	700	-9.788e-05	-0.00469972	2.648e-05
0	0	702	-9.841e-05	-0.00430315	2.964e-05
0	0	704	-9.835e-05	-0.00388581	3.34e-05
0	0	706	-9.804e-05	-0.00344907	3.787e-05
0	0	708	-9.716e-05	-0.00299582	4.234e-05
0	0	710	-9.701e-05	-0.00252792	4.709e-05
0	0	712	-9.665e-05	-0.00204773	5.259e-05
0	0	714	-9.608e-05	-0.00155778	5.807e-05
0	0	716	-9.526e-05	-0.0010603	6.414e-05
0	0	718	-9.474e-05	-0.00055803	7.021e-05
0	0	720	-9.376e-05	-5.312e-05	7.707e-05
0	0	722	-9.261e-05	0.00045223	8.438e-05
0	0	724	-9.177e-05	0.00095525	9.193e-05
0	0	726	-9.049e-05	0.00145371	9.891e-05
0	0	728	-8.919e-05	0.00194487	0.00010597
0	0	730	-8.836e-05	0.00242647	0.0001138
0	0	732	-8.73e-05	0.00289579	0.00012171
0	0	734	-8.61e-05	0.00335089	0.00012986
0	0	736	-8.489e-05	0.0037895	0.00013701
0	0	738	-8.334e-05	0.00420955	0.00014431
0	0	740	-8.164e-05	0.00460902	0.00015181
0	0	742	-8.088e-05	0.00498545	0.00015913
0	0	744	-8.02e-05	0.00533742	0.00016623
0	0	746	-7.907e-05	0.0056636	0.00017314
0	0	748	-7.789e-05	0.00596203	0.00017989
0	0	750	-7.707e-05	0.0062307	0.000186
0	0	752	-7.585e-05	0.006469	0.00019159
0	0	754	-7.527e-05	0.00667548	0.00019656
0	0	756	-7.448e-05	0.00684943	0.00020173
0	0	758	-7.341e-05	0.00698939	0.00020636
0	0	760	-7.307e-05	0.00709501	0.0002106
0	0	762	-7.264e-05	0.00716626	0.00021427
0	0	764	-7.191e-05	0.0072024	0.00021676
0	0	766	-7.182e-05	0.00720277	0.00021919
0	0	768	-7.117e-05	0.00716795	0.00022045
0	0	770	-7.126e-05	0.00709798	0.00022168
0	0	772	-7.128e-05	0.00699297	0.00022243
0	0	774	-7.094e-05	0.00685373	0.00022181
0	0	776	-7.112e-05	0.00668135	0.00022092
0	0	778	-7.148e-05	0.00647579	0.00021882
0	0	780	-7.14e-05	0.00623852	0.00021673
0	0	782	-7.193e-05	0.00597079	0.0002137
0	0	784	-7.235e-05	0.00567363	0.00020966
0	0	786	-7.235e-05	0.00534864	0.00020555
0	0	788	-7.295e-05	0.00499711	0.000201
0	0	790	-7.377e-05	0.00462117	0.00019537
0	0	792	-7.49e-05	0.0042224	0.00018887
0	0	794	-7.578e-05	0.00380259	0.00018182
0	0	796	-7.671e-05	0.00336456	0.00017479
0	0	798	-7.716e-05	0.00290974	0.00016644
0	0	800	-7.753e-05	0.00244086	0.00015756
0	0	802	-7.883e-05	0.00195928	0.00014836
0	0	804	-7.988e-05	0.00146846	0.00013944
0	0	806	-8.089e-05	0.00097041	0.00012957
0	0	808	-8.203e-05	0.00046713	0.00011923
0	0	810	-8.315e-05	-3.846e-05	0.00010834
0	0	812	-8.378e-05	-0.0005435	9.726e-05
0	0	814	-8.484e-05	-0.00104652	8.558e-05
0	0	816	-8.593e-05	-0.00154483	7.389e-05
0	0	818	-8.73e-05	-0.00203495	6.215e-05
0	0	820	-8.792e-05	-0.00251564	5.042e-05
0	0	822	-8.827e-05	-0.00298396	3.83e-05
0	0	824	-8.842e-05	-0.00343822	2.639e-05
0	0	826	-8.957e-05	-0.00387533	1.399e-05
0	0	828	-9.039e-05	-0.0042938	1.73e-06
0	0	830	-9.128e-05	-0.00469158	-9.83e-06
0	0	832	-9.173e-05	-0.00506648	-2.208e-05
0	0	834	-9.16e-05	-0.00541671	-3.384e-05
0	0	836	-9.211e-05	-0.0057406	-4.53e-05
0	0	838	-9.251e-05	-0.00603599	-5.69e-05
0	0	840	-9.304e-05	-0.006302	-6.845e-05
0	0	842	-9.274e-05	-0.00653749	-7.894e-05
0	0	844	-9.173e-05	-0.00674089	-8.885e-05
0	0	846	-9.123e-05	-0.00691131	-9.873e-05
0	0	848	-9.163e-05	-0.00704814	-0.00010826
0	0	850	-9.083e-05	-0.00715011	-0.00011711
0	0	852	-8.99e-05	-0.00721734	-0.00012529
0	0	854	-8.922e-05	-0.0072494	-0.00013399
0	0	856	-8.805e-05	-0.00724553	-0.00014114
0	0	858	-8.687e-05	-0.00720625	-0.00014793
0	0	860	-8.545e-05	-0.00713174	-0.00015415
0	0	862	-8.433e-05	-0.00702182	-0.00016026
0	0	864	-8.274e-05	-0.00687798	-0.00016469
0	0	866	-8.106e-05	-0.00670025	-0.00016891
0	0	868	-7.964e-05	-0.0064892	-0.00017285
0	0	870	-7.761e-05	-0.00624638	-0.00017549
0	0	872	-7.49e-05	-0.00597261	-0.00017749
0	0	874	-7.285e-05	-0.00566927	-0.00017937
0	0	876	-6.962e-05	-0.00533795	-0.00018042
0	0	878	-6.773e-05	-0.00498012	-0.0001803
0	0	880	-6.5e-05	-0.00459757	-0.00017908
0	0	882	-6.255e-05	-0.00419223	-0.0001781
0	0	884	-5.989e-05	-0.00376573	-0.00017632
0	0	886	-5.673e-05	-0.00332018	-0.00017388
0	0	888	-5.427e-05	-0.00285822	-0.00017091
0	0	890	-5.122e-05	-0.00238193	-0.00016674
0	0	892	-4.833e-05	-0.00189291	-0.00016279
0	0	894	-4.534e-05	-0.00139357	-0.00015806
0	0	896	-4.129e-05	-0.00088724	-0.00015303
0	0	898	-3.855e-05	-0.00037618	-0.00014739
0	0	900	-3.585e-05	0.00013773	-0.00014118
0	0	902	-3.286e-05	0.00065189	-0.00013486
0	0	904	-2.919e-05	0.00116308	-0.00012768
0	0	906	-2.623e-05	0.00167044	-0.00012052
0	0	908	-2.309e-05	0.00217074	-0.00011279
0	0	910	-1.965e-05	0.0026605	-0.00010456
0	0	912	-1.628e-05	0.00313805	-9.627e-05
0	0	914	-1.321e-05	0.00360173	-8.847e-05
0	0	916	-1.081e-05	0.00404974	-7.984e-05
0	0	918	-7.41e-06	0.00447838	-7.118e-05
0	0	920	-4.18e-06	0.00488578	-6.268e-05
0	0	922	-1.09e-06	0.00527068	-5.433e-05
0	0	924	1.52e-06	0.00563144	-4.593e-05
0	0	926	4.18e-06	0.00596593	-3.723e-05
0	0	928	6.99e-06	0.00627257	-2.907e-05
0	0	930	9.41e-06	0.0065501	-2.085e-05
0	0	932	1.169e-05	0.00679639	-1.298e-05
0	0	934	1.444e-05	0.00701132	-5.08e-06
0	0	936	1.67e-05	0.00719372	2.3e-06
0	0	938	1.829e-05	0.00734213	9.4e-06
0	0	940	2.076e-05	0.00745645	1.584e-05
0	0	942	2.287e-05	0.00753549	2.197e-05
0	0	944	2.415e-05	0.00757988	2.767e-05
0	0	946	2.563e-05	0.00758897	3.282e-05
0	0	948	2.662e-05	0.00756284	3.807e-05
0	0	950	2.8e-05	0.00750104	4.244e-05
0	0	952	2.938e-05	0.00740408	4.634e-05
0	0	954	3.047e-05	0.00727364	4.953e-05
0	0	956	3.152e-05	0.0071094	5.204e-05
0	0	958	3.257e-05	0.00691252	5.43e-05
0	0	960	3.281e-05	0.00668395	5.566e-05
0	0	962	3.314e-05	0.006424	5.658e-05
0	0	964	3.423e-05	0.00613588	5.723e-05
0	0	966	3.459e-05	0.00581967	5.727e-05
0	0	968	3.47e-05	0.00547688	5.617e-05
0	0	970	3.5e-05	0.00510971	5.505e-05
0	0	972	3.555e-05	0.00471944	5.321e-05
0	0	974	3.553e-05	0.00430875	5.061e-05
0	0	976	3.559e-05	0.00388005	4.793e-05
0	0	978	3.558e-05	0.00343401	4.458e-05
0	0	980	3.533e-05	0.00297413	4.061e-05
0	0	982	3.488e-05	0.0025026	3.589e-05
0	0	984	3.478e-05	0.00202109	3.126e-05
0	0	986	3.486e-05	0.00153243	2.586e-05
0	0	988	3.453e-05	0.00103917	2.05e-05
0	0	990	3.392e-05	0.00054328	1.455e-05
0	0	992	3.313e-05	4.757e-05	8.05e-06
0	0	994	3.302e-05	-0.00044489	1.04e-06
0	0	996	3.243e-05	-0.00093214	-5.58e-06
0	0	998	3.228e-05	-0.00141234	-1.222e-05
0	0	1000	3.281e-05	-0.00188277	-1.982e-05
0	0	1002	3.271e-05	-0.00234066	-2.697e-05
0	0	1004	3.232e-05	-0.00278383	-3.412e-05
0	0	1006	3.228e-05	-0.00321019	-4.149e-05
0	0	1008	3.222e-05	-0.00361698	-4.892e-05
0	0	1010	3.174e-05	-0.00400313	-5.622e-05
0	0	1012	3.184e-05	-0.00436604	-6.357e-05
0	0	1014	3.197e-05	-0.00470406	-7.071e-05
0	0	1016	3.219e-05	-0.00501544	-7.776e-05
0	0	1018	3.264e-05	-0.00529873	-8.464e-05
0	0	1020	3.283e-05	-0.00555181	-9.145e-05
0	0	1022	3.309e-05	-0.00577506	-9.779e-05
0	0	1024	3.361e-05	-0.00596531	-0.00010366
0	0	1026	3.449e-05	-0.00612234	-0.00010941
0	0	1028	3.558e-05	-0.00624571	-0.00011436
0	0	1030	3.628e-05	-0.00633389	-0.00011889
0	0	1032	3.723e-05	-0.0063873	-0.0001234
0	0	1034	3.8e-05	-0.00640503	-0.00012783
0	0	1036	3.977e-05	-0.00638667	-0.00013115
0	0	1038	4.106e-05	-0.00633328	-0.00013377
0	0	1040	4.269e-05	-0.00624405	-0.00013633
0	0	1042	4.393e-05	-0.00611936	-0.00013822
0	0	1044	4.561e-05	-0.00596022	-0.00013989
0	0	1046	4.723e-05	-0.00576707	-0.00014067
0	0	1048	4.865e-05	-0.00554055	-0.00014101
0	0	1050	5.026e-05	-0.00528199	-0.00014061
0	0	1052	5.236e-05	-0.00499258	-0.0001397
0	0	1054	5.5e-05	-0.0046734	-0.00013817
0	0	1056	5.739e-05	-0.00432603	-0.00013635
0	0	1058	5.916e-05	-0.00395253	-0.00013367
0	0	1060	6.129e-05	-0.00355373	-0.00013041
0	0	1062	6.398e-05	-0.00313202	-0.00012717
0	0	1064	6.556e-05	-0.00268969	-0.00012372
0	0	1066	6.742e-05	-0.00222854	-0.00011931
0	0	1068	7.008e-05	-0.0017502	-0.00011445
0	0	1070	7.207e-05	-0.00125779	-0.00010956
0	0	1072	7.484e-05	-0.00075254	-0.00010338
0	0	1074	7.702e-05	-0.00023756	-9.758e-05
0	0	1076	7.921e-05	0.00028412	-9.153e-05
0	0	1078	8.167e-05	0.00081086	-8.5e-05
0	0	1080	8.429e-05	0.0013402	-7.828e-05
0	0	1082	8.613e-05	0.00186925	-7.152e-05
0	0	1084	8.84e-05	0.00239621	-6.432e-05
0	0	1086	9.055e-05	0.00291775	-5.693e-05
0	0	1088	9.212e-05	0.00343132	-4.973e-05
0	0	1090	9.376e-05	0.0039348	-4.228e-05
0	0	1092	9.577e-05	0.00442572	-3.53e-05
0	0	1094	9.757e-05	0.00490165	-2.796e-05
0	0	1096	9.948e-05	0.00536087	-2.09e-05
0	0	1098	0.00010045	0.00580055	-1.403e-05
0	0	1100	0.00010212	0.00621865	-7.03e-06
0	0	1102	0.00010311	0.00661313	-1.31e-06
0	0	1104	0.00010404	0.00698244	5.17e-06
0	0	1106	0.00010512	0.00732434	1.141e-05
0	0	1108	0.00010568	0.00763768	1.651e-05
0	0	1110	0.00010669	0.00792086	2.118e-05
0	0	1112	0.00010745	0.00817141	2.595e-05
0	0	1114	0.00010754	0.00838922	3.028e-05
0	0	1116	0.0001076	0.00857293	3.378e-05
0	0	1118	0.00010755	0.00872078	3.665e-05
0	0	1120	0.00010745	0.00883265	3.872e-05
0	0	1122	0.00010684	0.00890868	4.044e-05
0	0	1124	0.00010613	0.00894764	4.189e-05
0	0	1126	0.00010533	0.00894926	4.231e-05
0	0	1128	0.00010488	0.00891345	4.213e-05
0	0	1130	0.00010415	0.00883994	4.123e-05
0	0	1132	0.00010242	0.00872931	3.978e-05
0	0	1134	0.00010096	0.00858217	3.714e-05
0	0	1136	9.942e-05	0.00839813	3.383e-05
0	0	1138	9.777e-05	0.00817905	2.989e-05
0	0	1140	9.597e-05	0.00792545	2.576e-05
0	0	1142	9.421e-05	0.00763764	2.063e-05
0	0	1144	9.237e-05	0.0073177	1.459e-05
0	0	1146	8.97e-05	0.00696641	7.7e-06
0	0	1148	8.69e-05	0.00658517	2.3e-07
0	0	1150	8.422e-05	0.00617584	-7.89e-06
0	0	1152	8.114e-05	0.00574057	-1.676e-05
0	0	1154	7.88e-05	0.00528025	-2.648e-05
0	0	1156	7.564e-05	0.0047967	-3.694e-05
0	0	1158	7.254e-05	0.00429204	-4.779e-05
0	0	1160	6.925e-05	0.00376918	-5.895e-05
0	0	1162	6.566e-05	0.00322977	-7.067e-05
0	0	1164	6.222e-05	0.00267559	-8.345e-05
0	0	1166	5.883e-05	0.00210901	-9.625e-05
0	0	1168	5.545e-05	0.00153317	-0.00010893
0	0	1170	5.245e-05	0.00094943	-0.00012219
0	0	1172	4.854e-05	0.00036036	-0.0001361
0	0	1174	4.467e-05	-0.00023239	-0.00015026
0	0	1176	4.087e-05	-0.00082526	-0.00016472
0	0	1178	3.729e-05	-0.00141601	-0.0001792
0	0	1180	3.367e-05	-0.00200303	-0.00019466
0	0	1182	2.992e-05	-0.0025845	-0.00020897
0	0	1184	2.622e-05	-0.0031577	-0.00022363
0	0	1186	2.222e-05	-0.00372016	-0.00023885
0	0	1188	1.845e-05	-0.00427048	-0.00025376
0	0	1190	1.456e-05	-0.00480659	-0.00026852
0	0	1192	1.108e-05	-0.00532513	-0.00028344
0	0	1194	8.07e-06	-0.00582646	-0.00029788
0	0	1196	4.62e-06	-0.00630807	-0.00031211
0	0	1198	8.9e-07	-0.006768	-0.00032632
0	0	1200	-2.78e-06	-0.0072052	-0.00033992
0	0	1202	-6e-06	-0.00761772	-0.0003536
0	0	1204	-9.39e-06	-0.00800571	-0.00036699
0	0	1206	-1.256e-05	-0.00836657	-0.0003802
0	0	1208	-1.57e-05	-0.0087001	-0.00039238
0	0	1210	-1.803e-05	-0.00900582	-0.00040392
0	0	1212	-2.097e-05	-0.00928271	-0.00041582
0	0	1214	-2.377e-05	-0.00952977	-0.00042685
0	0	1216	-2.666e-05	-0.0097475	-0.00043702
0	0	1218	-2.94e-05	-0.00993518	-0.00044718
0	0	1220	-3.147e-05	-0.0100925	-0.00045634
0	0	1222	-3.388e-05	-0.01022	-0.00046519
0	0	1224	-3.653e-05	-0.0103179	-0.00047389
0	0	1226	-3.849e-05	-0.0103859	-0.00048133
0	0	1228	-4.048e-05	-0.0104243	-0.00048853
0	0	1230	-4.271e-05	-0.0104345	-0.00049488
0	0	1232	-4.473e-05	-0.0104161	-0.00050061
0	0	1234	-4.597e-05	-0.0103711	-0.00050615
0	0	1236	-4.715e-05	-0.0102991	-0.00051076
0	0	1238	-4.834e-05	-0.010202	-0.00051409
0	0	1240	-4.996e-05	-0.0100808	-0.00051775
0	0	1242	-5.116e-05	-0.00993646	-0.00052001
0	0	1244	-5.21e-05	-0.00976999	-0.00052171
0	0	1246	-5.25e-05	-0.00958326	-0.0005236
0	0	1248	-5.324e-05	-0.00937702	-0.00052458
0	0	1250	-5.412e-05	-0.00915247	-0.00052502
0	0	1252	-5.445e-05	-0.00891142	-0.00052411
0	0	1254	-5.47e-05	-0.00865544	-0.00052278
0	0	1256	-5.489e-05	-0.00838545	-0.00052092
0	0	1258	-5.557e-05	-0.00810364	-0.00051891
0	0	1260	-5.609e-05	-0.00781162	-0.00051699
0	0	1262	-5.587e-05	-0.00751041	-0.00051393
0	0	1264	-5.545e-05	-0.00720148	-0.0005098
0	0	1266	-5.547e-05	-0.00688654	-0.00050519
0	0	1268	-5.56e-05	-0.00656704	-0.00050075
0	0	1270	-5.455e-05	-0.00624383	-0.00049513
0	0	1272	-5.448e-05	-0.00591907	-0.00048952
0	0	1274	-5.369e-05	-0.00559421	-0.000484
0	0	1276	-5.297e-05	-0.00527	-0.00047734
0	0	1278	-5.246e-05	-0.00494792	-0.00047016
0	0	1280	-5.152e-05	-0.00462879	-0.00046308
0	0	1282	-5.103e-05	-0.00431494	-0.00045565
0	0	1284	-5.041e-05	-0.0040071	-0.00044709
0	0	1286	-4.954e-05	-0.00370482	-0.00043856
0	0	1288	-4.884e-05	-0.00341053	-0.00042907
0	0	1290	-4.772e-05	-0.00312438	-0.00041984
0	0	1292	-4.614e-05	-0.00284833	-0.00041038
0	0	1294	-4.47e-05	-0.00258266	-0.00040063
0	0	1296	-4.364e-05	-0.002328	-0.00039083
0	0	1298	-4.234e-05	-0.00208452	-0.00038055
0	0	1300	-4.13e-05	-0.00185309	-0.00036981
0	0	1302	-4.048e-05	-0.00163443	-0.00035898
0	0	1304	-3.902e-05	-0.00142858	-0.00034838
0	0	1306	-3.75e-05	-0.00123628	-0.00033727
0	0	1308	-3.59e-05	-0.00105695	-0.00032592
0	0	1310	-3.473e-05	-0.00089204	-0.00031474
0	0	1312	-3.362e-05	-0.00074198	-0.00030377
0	0	1314	-3.197e-05	-0.00060563	-0.00029229
0	0	1316	-3.014e-05	-0.00048366	-0.00028078
0	0	1318	-2.85e-05	-0.00037583	-0.00026983
0	0	1320	-2.732e-05	-0.00028226	-0.000259
0	0	1322	-2.526e-05	-0.00020326	-0.00024769
0	0	1324	-2.364e-05	-0.0001385	-0.000237
0	0	1326	-2.234e-05	-8.706e-05	-0.00022605
0	0	1328	-2.123e-05	-4.977e-05	-0.00021533
0	0	1330	-1.952e-05	-2.679e-05	-0.00020537
0	0	1332	-1.774e-05	-1.651e-05	-0.00019505
0	0	1334	-1.624e-05	-2.01e-05	-0.00018466
0	0	1336	-1.466e-05	-3.748e-05	-0.00017538
0	0	1338	-1.276e-05	-6.711e-05	-0.00016593
0	0	1340	-1.103e-05	-0.00010959	-0.00015658
0	0	1342	-9.8e-06	-0.00016509	-0.0001472
0	0	1344	-8.11e-06	-0.00023369	-0.00013802
0	0	1346	-6.71e-06	-0.00031506	-0.00012865
0	0	1348	-5.5e-06	-0.00040842	-0.00011925
0	0	1350	-3.71e-06	-0.00051287	-0.00011008
0	0	1352	-2.78e-06	-0.00062651	-0.00010107
0	0	1354	-1.47e-06	-0.00074674	-9.201e-05
0	0	1356	1.5e-07	-0.00086739	-8.281e-05
0	0	1358	7.1e-07	-0.00098174	-7.381e-05
0	0	1360	1.77e-06	-0.00108307	-6.625e-05
0	0	1362	2.23e-06	-0.00116557	-5.969e-05
0	0	1364	2.21e-06	-0.0012279	-5.383e-05
0	0	1366	2.75e-06	-0.00127099	-4.824e-05
0	0	1368	3.27e-06	-0.00129912	-4.291e-05
0	0	1370	2.82e-06	-0.0013156	-3.869e-05
0	0	1372	2.1e-06	-0.00132434	-3.55e-05
0	0	1374	2.41e-06	-0.00132737	-3.178e-05
0	0	1376	2.29e-06	-0.00132796	-2.859e-05
0	0	1378	1.2e-06	-0.00132691	-2.548e-05
0	0	1380	8.3e-07	-0.00132426	-2.292e-05
0	0	1382	7.8e-07	-0.00132075	-2.084e-05
0	0	1384	4.4e-07	-0.00131778	-1.796e-05
0	0	1386	-1e-08	-0.00131409	-1.47e-05
0	0	1388	-7.7e-07	-0.00131087	-1.094e-05
0	0	1390	-8.9e-07	-0.00130689	-6.32e-06
0	0	1392	-8.8e-07	-0.00130169	-1.32e-06
0	0	1394	-1.84e-06	-0.00129528	5.43e-06
0	0	1396	-1.99e-06	-0.00128682	1.308e-05
0	0	1398	-1.62e-06	-0.00127438	2.227e-05
0	0	1400	-2.33e-06	-0.00125672	3.374e-05
0	0	1402	-2.56e-06	-0.00123059	4.677e-05
0	0	1404	-2.5e-06	-0.00119249	6.166e-05
0	0	1406	-2.33e-06	-0.00113904	7.729e-05
0	0	1408	-1.99e-06	-0.00106934	9.332e-05
0	0	1410	-1.71e-06	-0.00098276	0.00010906
0	0	1412	-1.54e-06	-0.0008824	0.00012326
0	0	1414	-7e-07	-0.00077398	0.00013594
0	0	1416	7e-08	-0.00066326	0.00014604
0	0	1418	8.6e-07	-0.00055489	0.00015396
0	0	1420	1.65e-06	-0.00045135	0.00016043
0	0	1422	2.31e-06	-0.00035459	0.00016537
0	0	1424	3.44e-06	-0.00026508	0.00016906
0	0	1426	4.68e-06	-0.00018227	0.00017144
0	0	1428	5.14e-06	-0.00010636	0.00017318
0	0	1430	5.33e-06	-3.526e-05	0.00017474
0	0	1432	6.39e-06	3.04e-05	0.00017569
0	0	1434	7.21e-06	9.081e-05	0.00017598
0	0	1436	7.76e-06	0.00014742	0.00017637
0	0	1438	8.22e-06	0.00020046	0.00017643
0	0	1440	9.2e-06	0.00024985	0.0001759
0	0	1442	9.38e-06	0.00029586	0.00017535
0	0	1444	9.28e-06	0.00033878	0.00017498
0	0	1446	1.002e-05	0.0003788	0.00017485
0	0	1448	1.05e-05	0.00041605	0.000174
0	0	1450	1.055e-05	0.00045118	0.00017314
0	0	1452	1.085e-05	0.00048366	0.00017223
0	0	1454	1.115e-05	0.00051389	0.0001715
0	0	1456	1.133e-05	0.00054222	0.00017073
0	0	1458	1.199e-05	0.00056799	0.00016973
0	0	1460	1.228e-05	0.00059207	0.00016899
0	0	1462	1.28e-05	0.00061437	0.0001682
0	0	1464	1.306e-05	0.00063457	0.00016711
0	0	1466	1.275e-05	0.00065412	0.00016667
0	0	1468	1.231e-05	0.0006715	0.00016547
0	0	1470	1.241e-05	0.00068802	0.00016421
0	0	1472	1.283e-05	0.00070256	0.00016345
0	0	1474	1.322e-05	0.00071507	0.00016176
0	0	1476	1.32e-05	0.00072636	0.00016101
0	0	1478	1.306e-05	0.00073675	0.00015973
0	0	1480	1.301e-05	0.00074635	0.00015882
0	0	1482	1.275e-05	0.00075462	0.00015796
0	0	1484	1.275e-05	0.00076135	0.00015672
0	0	1486	1.277e-05	0.00076721	0.0001562
0	0	1488	1.24e-05	0.00077172	0.00015491
0	0	1490	1.202e-05	0.00077545	0.00015372
0	0	1492	1.191e-05	0.00077855	0.00015222
0	0	1494	1.244e-05	0.00078065	0.00015127
0	0	1496	1.259e-05	0.00078227	0.00015018
0	0	1498	1.205e-05	0.0007832	0.00014918
0	0	1500	1.192e-05	0.00078343	0.00014832
0	0	1502	1.203e-05	0.00078297	0.0001473
0	0	1504	1.229e-05	0.00078217	0.00014601
0	0	1506	1.216e-05	0.00077986	0.0001449
0	0	1508	1.232e-05	0.00077695	0.00014381
0	0	1510	1.19e-05	0.00077422	0.00014195
0	0	1512	1.15e-05	0.00077126	0.00014085
0	0	1514	1.13e-05	0.00076764	0.00014012
0	0	1516	1.191e-05	0.000764	0.00013904
0	0	1518	1.131e-05	0.00075944	0.00013794
0	0	1520	1.084e-05	0.00075429	0.00013622
0	0	1522	1.099e-05	0.00074877	0.00013506
0	0	1524	1.05e-05	0.00074325	0.00013374
0	0	1526	1.032e-05	0.00073795	0.00013223
0	0	1528	1.023e-05	0.00073222	0.00013092
0	0	1530	1.005e-05	0.00072603	0.00013024
0	0	1532	1.015e-05	0.00071944	0.00012949
0	0	1534	9.9e-06	0.00071302	0.00012839
0	0	1536	9.65e-06	0.00070637	0.00012761
0	0	1538	9.88e-06	0.00069958	0.00012586
0	0	1540	9.5e-06	0.00069225	0.00012454
0	0	1542	8.95e-06	0.00068541	0.0001234
0	0	1544	8.75e-06	0.00067804	0.00012226
0	0	1546	9.11e-06	0.00067085	0.000121
0	0	1548	8.73e-06	0.00066312	0.00011947
0	0	1550	8.57e-06	0.00065601	0.00011896
0	0	1552	8.62e-06	0.00064916	0.00011803
0	0	1554	8.21e-06	0.00064111	0.00011672
0	0	1556	8.01e-06	0.00063342	0.00011521
0	0	1558	8.17e-06	0.00062594	0.00011437
0	0	1560	7.93e-06	0.00061831	0.00011366
0	0	1562	7.67e-06	0.00061046	0.00011226
0	0	1564	7.75e-06	0.00060276	0.00011107
0	0	1566	7.73e-06	0.00059508	0.0001097
0	0	1568	7.13e-06	0.00058785	0.00010873
0	0	1570	6e-06	0.00058035	0.00010848
0	0	1572	6.09e-06	0.00057246	0.00010746
0	0	1574	6.22e-06	0.00056477	0.00010641
0	0	1576	6.09e-06	0.00055773	0.00010516
0	0	1578	6.39e-06	0.00055047	0.00010389
0	0	1580	6.48e-06	0.00054278	0.00010331
0	0	1582	6.15e-06	0.00053537	0.00010237
0	0	1584	5.76e-06	0.00052791	0.00010136
0	0	1586	5.79e-06	0.00052031	0.00010031
0	0	1588	5.65e-06	0.00051285	9.967e-05
0	0	1590	5.32e-06	0.00050649	9.825e-05
0	0	1592	5.24e-06	0.00049935	9.676e-05
0	0	1594	4.92e-06	0.00049187	9.588e-05
0	0	1596	4.93e-06	0.00048505	9.502e-05
0	0	1598	4.39e-06	0.00047844	9.462e-05
0	0	1600	3.99e-06	0.00047196	9.393e-05
0	0	1602	4.11e-06	0.00046536	9.244e-05
0	0	1604	4.33e-06	0.00045857	9.13e-05
0	0	1606	4.24e-06	0.00045198	9.046e-05
0	0	1608	3.73e-06	0.00044552	8.978e-05
0	0	1610	3.45e-06	0.00043904	8.88e-05
0	0	1612	3.34e-06	0.00043255	8.813e-05
0	0	1614	3.72e-06	0.00042622	8.723e-05
0	0	1616	3.21e-06	0.00041984	8.582e-05
0	0	1618	2.87e-06	0.00041361	8.473e-05
0	0	1620	2.79e-06	0.00040775	8.416e-05
0	0	1622	2.42e-06	0.0004015	8.369e-05
0	0	1624	2.82e-06	0.00039556	8.282e-05
0	0	1626	2.35e-06	0.00038951	8.238e-05
0	0	1628	1.53e-06	0.00038322	8.101e-05
0	0	1630	1.46e-06	0.00037781	8.045e-05
0	0	1632	1.16e-06	0.00037238	7.976e-05
0	0	1634	8.9e-07	0.00036641	7.89e-05
0	0	1636	1.41e-06	0.00036105	7.806e-05
0	0	1638	6.9e-07	0.00035627	7.733e-05
0	0	1640	1.1e-07	0.00035125	7.663e-05
0	0	1642	1.5e-07	0.00034554	7.555e-05
0	0	1644	-5e-08	0.00034008	7.47e-05
0	0	1646	-3.6e-07	0.00033466	7.456e-05
0	0	1648	-5.9e-07	0.00033005	7.376e-05
0	0	1650	-1.07e-06	0.00032549	7.269e-05
