X[mm]	Y[mm]	Z[mm]	Bx[T]	By[T]	Bz[T]
----------------------------------------------------------------------------------------------------------------------------------------------------------------
0	0	-1650	1.74e-06	-0.00031026	-3.221e-05
0	0	-1648	2.03e-06	-0.00031576	-3.215e-05
0	0	-1646	1.45e-06	-0.00032046	-3.252e-05
0	0	-1644	1.36e-06	-0.00032556	-3.33e-05
0	0	-1642	2.03e-06	-0.00033102	-3.327e-05
0	0	-1640	1.9e-06	-0.00033646	-3.407e-05
0	0	-1638	1.65e-06	-0.00034196	-3.472e-05
0	0	-1636	1.61e-06	-0.00034765	-3.493e-05
0	0	-1634	1.54e-06	-0.00035343	-3.547e-05
0	0	-1632	1.66e-06	-0.00035892	-3.566e-05
0	0	-1630	1.24e-06	-0.00036506	-3.643e-05
0	0	-1628	1.43e-06	-0.00037083	-3.726e-05
0	0	-1626	1.76e-06	-0.00037627	-3.784e-05
0	0	-1624	1.3e-06	-0.00038198	-3.763e-05
0	0	-1622	1.23e-06	-0.00038781	-3.853e-05
0	0	-1620	1.59e-06	-0.00039431	-3.918e-05
0	0	-1618	2.01e-06	-0.00040064	-3.946e-05
0	0	-1616	1.6e-06	-0.00040722	-4.013e-05
0	0	-1614	1.83e-06	-0.00041358	-4.103e-05
0	0	-1612	2.03e-06	-0.00042019	-4.146e-05
0	0	-1610	1.81e-06	-0.00042677	-4.117e-05
0	0	-1608	1.28e-06	-0.00043375	-4.188e-05
0	0	-1606	1.07e-06	-0.00044109	-4.328e-05
0	0	-1604	1.18e-06	-0.00044735	-4.336e-05
0	0	-1602	1.23e-06	-0.00045382	-4.407e-05
0	0	-1600	1.46e-06	-0.00046119	-4.51e-05
0	0	-1598	1.52e-06	-0.00046818	-4.556e-05
0	0	-1596	1.43e-06	-0.00047546	-4.588e-05
0	0	-1594	1.01e-06	-0.00048326	-4.634e-05
0	0	-1592	1.4e-06	-0.00049081	-4.702e-05
0	0	-1590	1.27e-06	-0.00049795	-4.795e-05
0	0	-1588	1.44e-06	-0.00050567	-4.887e-05
0	0	-1586	1.03e-06	-0.00051358	-4.97e-05
0	0	-1584	1.29e-06	-0.00052127	-5.046e-05
0	0	-1582	1.34e-06	-0.00052943	-5.073e-05
0	0	-1580	1.33e-06	-0.00053728	-5.128e-05
0	0	-1578	1.85e-06	-0.00054496	-5.246e-05
0	0	-1576	1.84e-06	-0.00055305	-5.276e-05
0	0	-1574	1.53e-06	-0.0005609	-5.297e-05
0	0	-1572	1.69e-06	-0.00056915	-5.415e-05
0	0	-1570	1.97e-06	-0.00057777	-5.469e-05
0	0	-1568	2e-06	-0.00058573	-5.558e-05
0	0	-1566	1.96e-06	-0.00059457	-5.669e-05
0	0	-1564	2.4e-06	-0.00060288	-5.688e-05
0	0	-1562	2.21e-06	-0.00061124	-5.801e-05
0	0	-1560	2.32e-06	-0.00062003	-5.865e-05
0	0	-1558	2.32e-06	-0.00062864	-5.922e-05
0	0	-1556	2.12e-06	-0.00063779	-5.99e-05
0	0	-1554	2.22e-06	-0.00064617	-6.071e-05
0	0	-1552	2.92e-06	-0.00065425	-6.132e-05
0	0	-1550	2.61e-06	-0.00066343	-6.201e-05
0	0	-1548	2.76e-06	-0.00067246	-6.295e-05
0	0	-1546	2.39e-06	-0.00068092	-6.36e-05
0	0	-1544	2.35e-06	-0.00068934	-6.44e-05
0	0	-1542	2.75e-06	-0.00069848	-6.529e-05
0	0	-1540	2.94e-06	-0.00070688	-6.585e-05
0	0	-1538	2.74e-06	-0.00071553	-6.673e-05
0	0	-1536	3.05e-06	-0.00072423	-6.749e-05
0	0	-1534	3e-06	-0.00073262	-6.842e-05
0	0	-1532	2.97e-06	-0.00074084	-6.945e-05
0	0	-1530	2.71e-06	-0.00074921	-6.954e-05
0	0	-1528	2.72e-06	-0.00075766	-7.012e-05
0	0	-1526	2.76e-06	-0.00076581	-7.095e-05
0	0	-1524	3.27e-06	-0.00077399	-7.182e-05
0	0	-1522	2.95e-06	-0.000782	-7.255e-05
0	0	-1520	3.44e-06	-0.00078985	-7.278e-05
0	0	-1518	3.43e-06	-0.00079678	-7.387e-05
0	0	-1516	3.7e-06	-0.00080392	-7.454e-05
0	0	-1514	3.71e-06	-0.00081123	-7.52e-05
0	0	-1512	3.79e-06	-0.00081807	-7.616e-05
0	0	-1510	3.48e-06	-0.00082439	-7.688e-05
0	0	-1508	3.58e-06	-0.00083062	-7.752e-05
0	0	-1506	3.29e-06	-0.00083629	-7.796e-05
0	0	-1504	3.36e-06	-0.00084204	-7.869e-05
0	0	-1502	3.71e-06	-0.00084776	-7.95e-05
0	0	-1500	4.18e-06	-0.00085256	-8.065e-05
0	0	-1498	4.19e-06	-0.0008563	-8.135e-05
0	0	-1496	3.78e-06	-0.00086068	-8.194e-05
0	0	-1494	3.54e-06	-0.00086421	-8.242e-05
0	0	-1492	3.58e-06	-0.00086717	-8.291e-05
0	0	-1490	3.82e-06	-0.00086949	-8.31e-05
0	0	-1488	3.42e-06	-0.00087192	-8.359e-05
0	0	-1486	3.69e-06	-0.00087327	-8.343e-05
0	0	-1484	4.02e-06	-0.00087394	-8.413e-05
0	0	-1482	4.16e-06	-0.00087403	-8.49e-05
0	0	-1480	4.16e-06	-0.00087328	-8.523e-05
0	0	-1478	4.06e-06	-0.00087218	-8.589e-05
0	0	-1476	4.2e-06	-0.00087042	-8.679e-05
0	0	-1474	4.29e-06	-0.00086775	-8.699e-05
0	0	-1472	4.18e-06	-0.00086389	-8.689e-05
0	0	-1470	3.77e-06	-0.00085958	-8.709e-05
0	0	-1468	3.93e-06	-0.00085445	-8.717e-05
0	0	-1466	4.71e-06	-0.00084883	-8.761e-05
0	0	-1464	4.61e-06	-0.00084192	-8.765e-05
0	0	-1462	4.65e-06	-0.0008344	-8.796e-05
0	0	-1460	4.15e-06	-0.00082606	-8.843e-05
0	0	-1458	3.77e-06	-0.00081661	-8.849e-05
0	0	-1456	4.01e-06	-0.00080639	-8.771e-05
0	0	-1454	3.74e-06	-0.00079608	-8.682e-05
0	0	-1452	3.77e-06	-0.00078469	-8.681e-05
0	0	-1450	3.73e-06	-0.000772	-8.711e-05
0	0	-1448	3.86e-06	-0.00075935	-8.712e-05
0	0	-1446	3.63e-06	-0.00074597	-8.633e-05
0	0	-1444	3.35e-06	-0.00073192	-8.591e-05
0	0	-1442	3.37e-06	-0.00071789	-8.588e-05
0	0	-1440	3.73e-06	-0.00070375	-8.491e-05
0	0	-1438	3.87e-06	-0.0006893	-8.399e-05
0	0	-1436	3.37e-06	-0.00067529	-8.308e-05
0	0	-1434	3.1e-06	-0.00066145	-8.205e-05
0	0	-1432	3.19e-06	-0.00064863	-8.121e-05
0	0	-1430	2.98e-06	-0.00063708	-8.026e-05
0	0	-1428	3.11e-06	-0.00062718	-7.888e-05
0	0	-1426	2.52e-06	-0.00062	-7.73e-05
0	0	-1424	2.19e-06	-0.00061511	-7.514e-05
0	0	-1422	2.39e-06	-0.00061409	-7.284e-05
0	0	-1420	2.07e-06	-0.00061725	-6.988e-05
0	0	-1418	1.93e-06	-0.00062535	-6.667e-05
0	0	-1416	1.66e-06	-0.00063808	-6.342e-05
0	0	-1414	1.08e-06	-0.00065477	-5.935e-05
0	0	-1412	9.4e-07	-0.00067496	-5.447e-05
0	0	-1410	1.03e-06	-0.00069626	-4.947e-05
0	0	-1408	1.22e-06	-0.00071648	-4.426e-05
0	0	-1406	6.7e-07	-0.00073398	-3.913e-05
0	0	-1404	-1e-07	-0.00074819	-3.342e-05
0	0	-1402	-4.5e-07	-0.00075927	-2.86e-05
0	0	-1400	-6.4e-07	-0.00076721	-2.42e-05
0	0	-1398	-1.13e-06	-0.00077215	-2.097e-05
0	0	-1396	-1.22e-06	-0.00077497	-1.716e-05
0	0	-1394	-1.39e-06	-0.00077642	-1.402e-05
0	0	-1392	-1.72e-06	-0.00077643	-1.081e-05
0	0	-1390	-2.33e-06	-0.00077509	-7.43e-06
0	0	-1388	-2.72e-06	-0.00077272	-4.15e-06
0	0	-1386	-3.27e-06	-0.000769	-6.8e-07
0	0	-1384	-3.79e-06	-0.00076489	3.58e-06
0	0	-1382	-3.77e-06	-0.00075983	7.44e-06
0	0	-1380	-3.25e-06	-0.00075356	1.225e-05
0	0	-1378	-3.83e-06	-0.00074629	1.778e-05
0	0	-1376	-3.72e-06	-0.00073746	2.475e-05
0	0	-1374	-3.06e-06	-0.00072864	3.191e-05
0	0	-1372	-2.98e-06	-0.00071804	4.041e-05
0	0	-1370	-3.37e-06	-0.00070572	5.086e-05
0	0	-1368	-3.28e-06	-0.00069267	6.246e-05
0	0	-1366	-2.77e-06	-0.00067886	7.654e-05
0	0	-1364	-2.49e-06	-0.00066398	9.172e-05
0	0	-1362	-1.69e-06	-0.00064787	0.00010821
0	0	-1360	-8.1e-07	-0.00063245	0.00012414
0	0	-1358	-1.41e-06	-0.00061974	0.00013996
0	0	-1356	-1.09e-06	-0.00060906	0.00015481
0	0	-1354	-6.1e-07	-0.00060153	0.00016795
0	0	-1352	-4.5e-07	-0.00059781	0.00018006
0	0	-1350	-2.4e-07	-0.00059609	0.00019033
0	0	-1348	1.6e-07	-0.00059558	0.00019912
0	0	-1346	-1e-07	-0.00059473	0.00020739
0	0	-1344	-1.1e-07	-0.00059118	0.00021507
0	0	-1342	2.8e-07	-0.00058491	0.00022253
0	0	-1340	7.9e-07	-0.00057453	0.00022932
0	0	-1338	8.5e-07	-0.00055824	0.00023603
0	0	-1336	7.6e-07	-0.00053484	0.00024246
0	0	-1334	1.23e-06	-0.00050363	0.00024892
0	0	-1332	1.85e-06	-0.00046429	0.00025519
0	0	-1330	2.19e-06	-0.0004153	0.00026199
0	0	-1328	2.2e-06	-0.00035616	0.00026825
0	0	-1326	2.52e-06	-0.00028611	0.00027492
0	0	-1324	3.12e-06	-0.00020512	0.00028152
0	0	-1322	3.64e-06	-0.00011205	0.0002886
0	0	-1320	4.2e-06	-7.52e-06	0.00029521
0	0	-1318	4.82e-06	0.00010957	0.00030201
0	0	-1316	5.65e-06	0.00023938	0.00030857
0	0	-1314	5.81e-06	0.000382	0.00031496
0	0	-1312	5.84e-06	0.00053818	0.00032137
0	0	-1310	6.38e-06	0.00070642	0.00032733
0	0	-1308	8.22e-06	0.00088775	0.00033398
0	0	-1306	8.89e-06	0.00108258	0.00034066
0	0	-1304	9.6e-06	0.0012892	0.00034643
0	0	-1302	1.098e-05	0.00150883	0.00035263
0	0	-1300	1.178e-05	0.00174038	0.00035812
0	0	-1298	1.275e-05	0.00198379	0.00036372
0	0	-1296	1.419e-05	0.0022383	0.00036966
0	0	-1294	1.571e-05	0.00250379	0.00037506
0	0	-1292	1.643e-05	0.00277965	0.0003805
0	0	-1290	1.719e-05	0.00306474	0.00038571
0	0	-1288	1.824e-05	0.00335887	0.00039056
0	0	-1286	1.961e-05	0.0036606	0.00039553
0	0	-1284	2.051e-05	0.00396956	0.0004
0	0	-1282	2.233e-05	0.00428481	0.00040456
0	0	-1280	2.389e-05	0.00460506	0.00040921
0	0	-1278	2.481e-05	0.00492897	0.00041298
0	0	-1276	2.651e-05	0.00525585	0.00041692
0	0	-1274	2.764e-05	0.00558381	0.00042051
0	0	-1272	2.878e-05	0.00591241	0.00042452
0	0	-1270	3.013e-05	0.00624026	0.00042784
0	0	-1268	3.086e-05	0.00656565	0.00043068
0	0	-1266	3.269e-05	0.00688815	0.00043353
0	0	-1264	3.381e-05	0.00720445	0.00043638
0	0	-1262	3.514e-05	0.00751423	0.00043887
0	0	-1260	3.665e-05	0.00781667	0.0004412
0	0	-1258	3.739e-05	0.00810928	0.00044367
0	0	-1256	3.849e-05	0.00839053	0.00044607
0	0	-1254	3.933e-05	0.00865952	0.00044776
0	0	-1252	4.017e-05	0.00891407	0.00044925
0	0	-1250	4.13e-05	0.00915312	0.0004511
0	0	-1248	4.15e-05	0.00937564	0.00045249
0	0	-1246	4.186e-05	0.00957952	0.00045303
0	0	-1244	4.284e-05	0.00976364	0.00045324
0	0	-1242	4.299e-05	0.00992648	0.0004536
0	0	-1240	4.354e-05	0.0100672	0.00045427
0	0	-1238	4.332e-05	0.0101848	0.00045398
0	0	-1236	4.297e-05	0.0102772	0.00045394
0	0	-1234	4.365e-05	0.0103441	0.00045328
0	0	-1232	4.323e-05	0.0103843	0.00045179
0	0	-1230	4.277e-05	0.0103971	0.00045024
0	0	-1228	4.187e-05	0.0103808	0.00044814
0	0	-1226	4.134e-05	0.0103356	0.00044557
0	0	-1224	4.086e-05	0.0102613	0.00044267
0	0	-1222	3.996e-05	0.0101575	0.00043957
0	0	-1220	3.923e-05	0.0100227	0.00043568
0	0	-1218	3.764e-05	0.00985839	0.00043187
0	0	-1216	3.617e-05	0.00966332	0.00042734
0	0	-1214	3.499e-05	0.00943795	0.00042184
0	0	-1212	3.303e-05	0.00918279	0.0004164
0	0	-1210	3.149e-05	0.00889838	0.0004098
0	0	-1208	2.961e-05	0.00858475	0.0004024
0	0	-1206	2.729e-05	0.00824322	0.000395
0	0	-1204	2.513e-05	0.00787422	0.00038736
0	0	-1202	2.291e-05	0.00747813	0.00037916
0	0	-1200	2e-05	0.00705694	0.00037007
0	0	-1198	1.716e-05	0.00661173	0.00036009
0	0	-1196	1.53e-05	0.00614402	0.00035032
0	0	-1194	1.233e-05	0.00565505	0.00033944
0	0	-1192	8.66e-06	0.00514605	0.00032845
0	0	-1190	6.55e-06	0.00461843	0.00031684
0	0	-1188	3.8e-06	0.0040754	0.00030436
0	0	-1186	3.5e-07	0.00351804	0.00029193
0	0	-1184	-3e-06	0.00294772	0.00027891
0	0	-1182	-6.55e-06	0.0023679	0.00026534
0	0	-1180	-9.25e-06	0.00177967	0.00025191
0	0	-1178	-1.225e-05	0.00118509	0.00023737
0	0	-1176	-1.587e-05	0.00058724	0.00022247
0	0	-1174	-1.886e-05	-1.205e-05	0.00020733
0	0	-1172	-2.196e-05	-0.00060983	0.00019218
0	0	-1170	-2.508e-05	-0.00120487	0.00017635
0	0	-1168	-2.876e-05	-0.0017944	0.00016088
0	0	-1166	-3.196e-05	-0.00237607	0.00014495
0	0	-1164	-3.492e-05	-0.0029473	0.00012914
0	0	-1162	-3.788e-05	-0.00350626	0.00011298
0	0	-1160	-4.067e-05	-0.00405037	9.681e-05
0	0	-1158	-4.361e-05	-0.00457699	8.143e-05
0	0	-1156	-4.672e-05	-0.00508512	6.559e-05
0	0	-1154	-4.931e-05	-0.00557175	4.884e-05
0	0	-1152	-5.194e-05	-0.00603574	3.314e-05
0	0	-1150	-5.374e-05	-0.00647462	1.725e-05
0	0	-1148	-5.564e-05	-0.00688648	1.75e-06
0	0	-1146	-5.821e-05	-0.0072695	-1.339e-05
0	0	-1144	-6.058e-05	-0.00762345	-2.836e-05
0	0	-1142	-6.236e-05	-0.0079455	-4.32e-05
0	0	-1140	-6.382e-05	-0.0082348	-5.757e-05
0	0	-1138	-6.582e-05	-0.00848946	-7.137e-05
0	0	-1136	-6.74e-05	-0.0087099	-8.473e-05
0	0	-1134	-6.873e-05	-0.00889449	-9.715e-05
0	0	-1132	-6.967e-05	-0.00904223	-0.00010945
0	0	-1130	-7.047e-05	-0.0091531	-0.00012097
0	0	-1128	-7.101e-05	-0.00922673	-0.00013131
0	0	-1126	-7.16e-05	-0.00926324	-0.00014188
0	0	-1124	-7.21e-05	-0.00926141	-0.00015213
0	0	-1122	-7.232e-05	-0.00922213	-0.00016094
0	0	-1120	-7.29e-05	-0.00914568	-0.0001693
0	0	-1118	-7.244e-05	-0.00903211	-0.00017716
0	0	-1116	-7.212e-05	-0.00888287	-0.00018441
0	0	-1114	-7.176e-05	-0.00869869	-0.00019039
0	0	-1112	-7.106e-05	-0.00847975	-0.00019587
0	0	-1110	-7.023e-05	-0.00822734	-0.00020037
0	0	-1108	-6.921e-05	-0.00794306	-0.00020436
0	0	-1106	-6.839e-05	-0.00762852	-0.00020735
0	0	-1104	-6.738e-05	-0.00728495	-0.00020989
0	0	-1102	-6.644e-05	-0.00691404	-0.00021168
0	0	-1100	-6.459e-05	-0.00651761	-0.00021256
0	0	-1098	-6.328e-05	-0.00609801	-0.00021253
0	0	-1096	-6.155e-05	-0.00565705	-0.00021185
0	0	-1094	-6.017e-05	-0.00519614	-0.0002107
0	0	-1092	-5.852e-05	-0.00471766	-0.00020872
0	0	-1090	-5.635e-05	-0.00422538	-0.00020596
0	0	-1088	-5.438e-05	-0.00372014	-0.00020242
0	0	-1086	-5.287e-05	-0.00320493	-0.00019845
0	0	-1084	-5.099e-05	-0.00268156	-0.00019399
0	0	-1082	-4.924e-05	-0.00215308	-0.00018861
0	0	-1080	-4.727e-05	-0.00162251	-0.00018359
0	0	-1078	-4.518e-05	-0.00109186	-0.00017712
0	0	-1076	-4.317e-05	-0.00056387	-0.00017049
0	0	-1074	-4.094e-05	-4.033e-05	-0.00016402
0	0	-1072	-3.906e-05	0.00047558	-0.00015667
0	0	-1070	-3.756e-05	0.00098139	-0.00014916
0	0	-1068	-3.565e-05	0.00147532	-0.00014073
0	0	-1066	-3.384e-05	0.00195427	-0.00013248
0	0	-1064	-3.238e-05	0.00241659	-0.00012487
0	0	-1062	-3.105e-05	0.00285981	-0.00011635
0	0	-1060	-2.983e-05	0.00328218	-0.00010671
0	0	-1058	-2.863e-05	0.00368158	-9.789e-05
0	0	-1056	-2.703e-05	0.00405558	-8.926e-05
0	0	-1054	-2.582e-05	0.00440295	-8e-05
0	0	-1052	-2.494e-05	0.00472275	-7.105e-05
0	0	-1050	-2.363e-05	0.00501262	-6.243e-05
0	0	-1048	-2.342e-05	0.00527078	-5.412e-05
0	0	-1046	-2.273e-05	0.00549676	-4.605e-05
0	0	-1044	-2.23e-05	0.00568995	-3.802e-05
0	0	-1042	-2.177e-05	0.00584926	-3.014e-05
0	0	-1040	-2.142e-05	0.00597406	-2.255e-05
0	0	-1038	-2.131e-05	0.00606333	-1.492e-05
0	0	-1036	-2.125e-05	0.00611631	-8.49e-06
0	0	-1034	-2.135e-05	0.00613452	-2.73e-06
0	0	-1032	-2.188e-05	0.00611681	2.99e-06
0	0	-1030	-2.172e-05	0.0060635	8.61e-06
0	0	-1028	-2.219e-05	0.00597477	1.352e-05
0	0	-1026	-2.315e-05	0.00585096	1.718e-05
0	0	-1024	-2.372e-05	0.00569353	2.089e-05
0	0	-1022	-2.509e-05	0.00550308	2.427e-05
0	0	-1020	-2.59e-05	0.00528083	2.672e-05
0	0	-1018	-2.679e-05	0.00502788	2.919e-05
0	0	-1016	-2.81e-05	0.00474449	3.058e-05
0	0	-1014	-2.969e-05	0.00443261	3.17e-05
0	0	-1012	-3.092e-05	0.00409453	3.142e-05
0	0	-1010	-3.197e-05	0.0037324	3.064e-05
0	0	-1008	-3.382e-05	0.00334699	2.979e-05
0	0	-1006	-3.498e-05	0.00294062	2.771e-05
0	0	-1004	-3.68e-05	0.00251534	2.556e-05
0	0	-1002	-3.871e-05	0.00207369	2.338e-05
0	0	-1000	-4.012e-05	0.00161743	2.011e-05
0	0	-998	-4.264e-05	0.00114828	1.552e-05
0	0	-996	-4.423e-05	0.00066984	1.101e-05
0	0	-994	-4.579e-05	0.00018376	6.07e-06
0	0	-992	-4.727e-05	-0.00030668	5.3e-07
0	0	-990	-4.95e-05	-0.00079978	-5.16e-06
0	0	-988	-5.145e-05	-0.00129271	-1.109e-05
0	0	-986	-5.299e-05	-0.00178383	-1.762e-05
0	0	-984	-5.474e-05	-0.00226959	-2.5e-05
0	0	-982	-5.688e-05	-0.00274786	-3.217e-05
0	0	-980	-5.796e-05	-0.00321612	-3.969e-05
0	0	-978	-5.902e-05	-0.00367214	-4.711e-05
0	0	-976	-6.028e-05	-0.00411373	-5.506e-05
0	0	-974	-6.14e-05	-0.00453881	-6.323e-05
0	0	-972	-6.287e-05	-0.004945	-7.123e-05
0	0	-970	-6.433e-05	-0.00532975	-7.962e-05
0	0	-968	-6.553e-05	-0.00569162	-8.793e-05
0	0	-966	-6.653e-05	-0.00602949	-9.674e-05
0	0	-964	-6.745e-05	-0.00634079	-0.00010491
0	0	-962	-6.802e-05	-0.00662345	-0.00011237
0	0	-960	-6.807e-05	-0.00687708	-0.00012012
0	0	-958	-6.835e-05	-0.00710014	-0.00012826
0	0	-956	-6.856e-05	-0.00729059	-0.00013553
0	0	-954	-6.878e-05	-0.00744801	-0.00014228
0	0	-952	-6.885e-05	-0.00757229	-0.00014909
0	0	-950	-6.849e-05	-0.00766182	-0.00015547
0	0	-948	-6.822e-05	-0.00771585	-0.00016143
0	0	-946	-6.769e-05	-0.00773508	-0.000167
0	0	-944	-6.732e-05	-0.00771927	-0.00017229
0	0	-942	-6.619e-05	-0.00766748	-0.00017693
0	0	-940	-6.496e-05	-0.00758045	-0.00018075
0	0	-938	-6.378e-05	-0.0074589	-0.00018447
0	0	-936	-6.236e-05	-0.00730239	-0.00018748
0	0	-934	-6.128e-05	-0.00711263	-0.00018913
0	0	-932	-6.009e-05	-0.00688995	-0.00019116
0	0	-930	-5.825e-05	-0.00663561	-0.00019305
0	0	-928	-5.674e-05	-0.00635041	-0.00019369
0	0	-926	-5.481e-05	-0.0060358	-0.00019294
0	0	-924	-5.293e-05	-0.00569338	-0.0001922
0	0	-922	-5.129e-05	-0.00532535	-0.00019109
0	0	-920	-4.906e-05	-0.0049332	-0.0001896
0	0	-918	-4.673e-05	-0.00451736	-0.00018732
0	0	-916	-4.455e-05	-0.0040807	-0.0001844
0	0	-914	-4.212e-05	-0.00362658	-0.00018085
0	0	-912	-3.941e-05	-0.0031556	-0.0001767
0	0	-910	-3.721e-05	-0.00267021	-0.00017188
0	0	-908	-3.492e-05	-0.00217297	-0.00016694
0	0	-906	-3.291e-05	-0.00166631	-0.0001614
0	0	-904	-3.012e-05	-0.0011528	-0.00015574
0	0	-902	-2.766e-05	-0.00063524	-0.00014911
0	0	-900	-2.549e-05	-0.00011533	-0.00014219
0	0	-898	-2.283e-05	0.00040443	-0.00013464
0	0	-896	-2.076e-05	0.00092133	-0.00012711
0	0	-894	-1.872e-05	0.00143316	-0.00011915
0	0	-892	-1.605e-05	0.00193702	-0.00011073
0	0	-890	-1.348e-05	0.00243074	-0.00010265
0	0	-888	-1.127e-05	0.00291187	-9.477e-05
0	0	-886	-8.93e-06	0.00337854	-8.628e-05
0	0	-884	-6.44e-06	0.00382801	-7.673e-05
0	0	-882	-4.67e-06	0.00425758	-6.77e-05
0	0	-880	-3.06e-06	0.00466613	-5.911e-05
0	0	-878	-1.16e-06	0.00505165	-5.064e-05
0	0	-876	1.9e-07	0.00541227	-4.137e-05
0	0	-874	1.6e-06	0.00574605	-3.272e-05
0	0	-872	2.77e-06	0.00605135	-2.494e-05
0	0	-870	3.8e-06	0.00632702	-1.71e-05
0	0	-868	4.63e-06	0.00657157	-9.2e-06
0	0	-866	5.45e-06	0.00678371	-1.33e-06
0	0	-864	6.11e-06	0.00696247	6.03e-06
0	0	-862	6.9e-06	0.00710758	1.253e-05
0	0	-860	7.47e-06	0.00721697	1.947e-05
0	0	-858	7.65e-06	0.00729146	2.602e-05
0	0	-856	7.93e-06	0.00733096	3.151e-05
0	0	-854	7.5e-06	0.00733428	3.683e-05
0	0	-852	7.27e-06	0.00730169	4.151e-05
0	0	-850	7.05e-06	0.00723351	4.561e-05
0	0	-848	6.77e-06	0.00712986	4.938e-05
0	0	-846	6.08e-06	0.00699208	5.236e-05
0	0	-844	5.15e-06	0.00682048	5.473e-05
0	0	-842	4.48e-06	0.00661513	5.639e-05
0	0	-840	3.59e-06	0.00637791	5.758e-05
0	0	-838	2.49e-06	0.00610981	5.849e-05
0	0	-836	1.15e-06	0.0058119	5.857e-05
0	0	-834	4.5e-07	0.00548608	5.777e-05
0	0	-832	-7.5e-07	0.00513361	5.752e-05
0	0	-830	-2.26e-06	0.0047565	5.65e-05
0	0	-828	-4.39e-06	0.00435641	5.398e-05
0	0	-826	-5.68e-06	0.00393538	5.126e-05
0	0	-824	-7.29e-06	0.00349578	4.799e-05
0	0	-822	-9.14e-06	0.00303954	4.47e-05
0	0	-820	-1.053e-05	0.00256861	4.029e-05
0	0	-818	-1.229e-05	0.00208563	3.592e-05
0	0	-816	-1.398e-05	0.00159261	3.13e-05
0	0	-814	-1.582e-05	0.00109269	2.535e-05
0	0	-812	-1.723e-05	0.00058758	1.91e-05
0	0	-810	-1.9e-05	8.014e-05	1.331e-05
0	0	-808	-2.085e-05	-0.00042718	7.13e-06
0	0	-806	-2.221e-05	-0.00093211	8.6e-07
0	0	-804	-2.367e-05	-0.00143139	-6.03e-06
0	0	-802	-2.552e-05	-0.00192351	-1.327e-05
0	0	-800	-2.665e-05	-0.00240602	-2.06e-05
0	0	-798	-2.815e-05	-0.00287614	-2.823e-05
0	0	-796	-2.953e-05	-0.00333101	-3.584e-05
0	0	-794	-3.057e-05	-0.00377001	-4.289e-05
0	0	-792	-3.148e-05	-0.0041897	-5.013e-05
0	0	-790	-3.204e-05	-0.00458866	-5.773e-05
0	0	-788	-3.247e-05	-0.00496417	-6.485e-05
0	0	-786	-3.29e-05	-0.00531511	-7.131e-05
0	0	-784	-3.376e-05	-0.00563944	-7.839e-05
0	0	-782	-3.382e-05	-0.00593556	-8.522e-05
0	0	-780	-3.357e-05	-0.00620214	-9.117e-05
0	0	-778	-3.388e-05	-0.00643813	-9.708e-05
0	0	-776	-3.352e-05	-0.00664218	-0.00010281
0	0	-774	-3.301e-05	-0.00681337	-0.00010814
0	0	-772	-3.319e-05	-0.00695007	-0.00011306
0	0	-770	-3.219e-05	-0.00705215	-0.00011721
0	0	-768	-3.098e-05	-0.0071198	-0.00012062
0	0	-766	-3e-05	-0.00715184	-0.00012412
0	0	-764	-2.851e-05	-0.00714819	-0.00012715
0	0	-762	-2.729e-05	-0.00710849	-0.000129
0	0	-760	-2.566e-05	-0.00703354	-0.00013018
0	0	-758	-2.349e-05	-0.00692404	-0.00013092
0	0	-756	-2.161e-05	-0.00678062	-0.00013174
0	0	-754	-1.927e-05	-0.0066031	-0.0001317
0	0	-752	-1.68e-05	-0.00639174	-0.00013044
0	0	-750	-1.446e-05	-0.00614907	-0.00012894
0	0	-748	-1.172e-05	-0.00587559	-0.00012708
0	0	-746	-9.26e-06	-0.00557294	-0.00012377
0	0	-744	-6.32e-06	-0.00524216	-0.00012038
0	0	-742	-2.57e-06	-0.00488523	-0.00011668
0	0	-740	2e-08	-0.00450399	-0.0001115
0	0	-738	3.47e-06	-0.00409945	-0.00010594
0	0	-736	6.68e-06	-0.00367469	-9.968e-05
0	0	-734	9.66e-06	-0.00323052	-9.338e-05
0	0	-732	1.412e-05	-0.00277027	-8.632e-05
0	0	-730	1.814e-05	-0.00229647	-7.875e-05
0	0	-728	2.12e-05	-0.0018101	-7.085e-05
0	0	-726	2.489e-05	-0.00131372	-6.155e-05
0	0	-724	2.829e-05	-0.00081031	-5.265e-05
0	0	-722	3.205e-05	-0.00030249	-4.3e-05
0	0	-720	3.615e-05	0.00020791	-3.299e-05
0	0	-718	3.994e-05	0.00071752	-2.273e-05
0	0	-716	4.373e-05	0.00122425	-1.2e-05
0	0	-714	4.748e-05	0.00172642	-1.26e-06
0	0	-712	5.105e-05	0.00222089	9.71e-06
0	0	-710	5.512e-05	0.00270557	2.113e-05
0	0	-708	5.876e-05	0.00317764	3.29e-05
0	0	-706	6.172e-05	0.00363446	4.44e-05
0	0	-704	6.538e-05	0.00407461	5.569e-05
0	0	-702	6.9e-05	0.00449569	6.699e-05
0	0	-700	7.204e-05	0.00489538	7.832e-05
0	0	-698	7.483e-05	0.00527295	8.953e-05
0	0	-696	7.781e-05	0.00562504	0.00010063
0	0	-694	8.096e-05	0.00595003	0.00011186
0	0	-692	8.332e-05	0.00624671	0.00012285
0	0	-690	8.61e-05	0.00651395	0.00013402
0	0	-688	8.817e-05	0.0067501	0.00014465
0	0	-686	9.081e-05	0.00695412	0.0001539
0	0	-684	9.312e-05	0.00712517	0.00016341
0	0	-682	9.457e-05	0.00726247	0.00017264
0	0	-680	9.631e-05	0.00736486	0.0001814
0	0	-678	9.797e-05	0.00743179	0.00018968
0	0	-676	9.962e-05	0.00746329	0.00019694
0	0	-674	0.00010054	0.00745905	0.00020402
0	0	-672	0.00010138	0.0074192	0.00021052
0	0	-670	0.0001023	0.00734385	0.00021627
0	0	-668	0.00010326	0.00723281	0.00022162
0	0	-666	0.00010402	0.00708761	0.00022586
0	0	-664	0.00010417	0.00690853	0.00022964
0	0	-662	0.00010456	0.00669649	0.00023312
0	0	-660	0.00010421	0.0064525	0.00023572
0	0	-658	0.00010411	0.00617728	0.00023754
0	0	-656	0.00010411	0.00587254	0.0002392
0	0	-654	0.0001035	0.00554042	0.00023948
0	0	-652	0.00010292	0.00518119	0.00023876
0	0	-650	0.00010211	0.00479728	0.00023775
0	0	-648	0.00010146	0.00439067	0.00023642
0	0	-646	0.0001004	0.00396252	0.00023419
0	0	-644	9.926e-05	0.00351618	0.00023138
0	0	-642	9.835e-05	0.00305359	0.00022782
0	0	-640	9.684e-05	0.00257628	0.00022398
0	0	-638	9.542e-05	0.00208672	0.00021917
0	0	-636	9.481e-05	0.00158729	0.0002136
0	0	-634	9.32e-05	0.0010808	0.00020767
0	0	-632	9.159e-05	0.00056958	0.00020163
0	0	-630	9.034e-05	5.611e-05	0.00019438
0	0	-628	8.939e-05	-0.00045792	0.00018662
0	0	-626	8.775e-05	-0.00096948	0.00017912
0	0	-624	8.573e-05	-0.00147497	0.00017125
0	0	-622	8.468e-05	-0.00197365	0.00016307
0	0	-620	8.348e-05	-0.00246223	0.00015374
0	0	-618	8.237e-05	-0.00293843	0.00014444
0	0	-616	8.106e-05	-0.00340057	0.00013572
0	0	-614	8.002e-05	-0.00384531	0.00012677
0	0	-612	7.905e-05	-0.00427111	0.00011731
0	0	-610	7.823e-05	-0.00467558	0.00010765
0	0	-608	7.705e-05	-0.00505722	9.796e-05
0	0	-606	7.645e-05	-0.00541401	8.845e-05
0	0	-604	7.625e-05	-0.00574475	7.899e-05
0	0	-602	7.556e-05	-0.00604718	6.959e-05
0	0	-600	7.453e-05	-0.00631918	6.008e-05
0	0	-598	7.428e-05	-0.00656141	5.089e-05
0	0	-596	7.461e-05	-0.0067714	4.248e-05
0	0	-594	7.383e-05	-0.00694745	3.315e-05
0	0	-592	7.355e-05	-0.00708983	2.5e-05
0	0	-590	7.436e-05	-0.00719759	1.681e-05
0	0	-588	7.53e-05	-0.00727042	9.2e-06
0	0	-586	7.569e-05	-0.00730781	1.96e-06
0	0	-584	7.675e-05	-0.00730935	-4.92e-06
0	0	-582	7.754e-05	-0.00727432	-1.134e-05
0	0	-580	7.827e-05	-0.00720421	-1.711e-05
0	0	-578	7.947e-05	-0.00709949	-2.249e-05
0	0	-576	8.092e-05	-0.00696055	-2.758e-05
0	0	-574	8.228e-05	-0.00678736	-3.234e-05
0	0	-572	8.358e-05	-0.00658088	-3.617e-05
0	0	-570	8.508e-05	-0.00634285	-3.908e-05
0	0	-568	8.726e-05	-0.00607353	-4.224e-05
0	0	-566	8.947e-05	-0.00577473	-4.452e-05
0	0	-564	9.141e-05	-0.00544805	-4.676e-05
0	0	-562	9.362e-05	-0.00509416	-4.775e-05
0	0	-560	9.616e-05	-0.00471638	-4.843e-05
0	0	-558	9.828e-05	-0.00431572	-4.909e-05
0	0	-556	0.00010102	-0.00389374	-4.892e-05
0	0	-554	0.00010372	-0.00345302	-4.768e-05
0	0	-552	0.00010605	-0.00299521	-4.637e-05
0	0	-550	0.00010838	-0.00252342	-4.461e-05
0	0	-548	0.00011105	-0.00203999	-4.242e-05
0	0	-546	0.00011411	-0.00154608	-3.937e-05
0	0	-544	0.0001168	-0.0010446	-3.602e-05
0	0	-542	0.00011949	-0.00053825	-3.23e-05
0	0	-540	0.0001222	-2.941e-05	-2.845e-05
0	0	-538	0.00012509	0.00047927	-2.36e-05
0	0	-536	0.00012737	0.000985	-1.886e-05
0	0	-534	0.00013004	0.00148583	-1.408e-05
0	0	-532	0.0001326	0.00198007	-9.06e-06
0	0	-530	0.0001351	0.00246416	-3.58e-06
0	0	-528	0.00013784	0.00293554	2.1e-06
0	0	-526	0.00014	0.00339273	7.36e-06
0	0	-524	0.00014209	0.00383307	1.283e-05
0	0	-522	0.00014448	0.00425432	1.876e-05
0	0	-520	0.00014675	0.00465488	2.463e-05
0	0	-518	0.00014869	0.00503255	3.039e-05
0	0	-516	0.00015064	0.00538555	3.665e-05
0	0	-514	0.00015217	0.00571184	4.241e-05
0	0	-512	0.00015432	0.00601007	4.795e-05
0	0	-510	0.00015603	0.00627881	5.226e-05
0	0	-508	0.00015663	0.0065168	5.765e-05
0	0	-506	0.00015715	0.00672317	6.269e-05
0	0	-504	0.00015823	0.00689608	6.751e-05
0	0	-502	0.00015967	0.00703522	7.245e-05
0	0	-500	0.00015996	0.0071396	7.645e-05
0	0	-498	0.00016065	0.00720898	8.006e-05
0	0	-496	0.00016091	0.00724305	8.318e-05
0	0	-494	0.00016091	0.00724153	8.608e-05
0	0	-492	0.00016107	0.00720411	8.856e-05
0	0	-490	0.00016112	0.00713138	9.06e-05
0	0	-488	0.00016025	0.00702373	9.243e-05
0	0	-486	0.0001597	0.00688215	9.414e-05
0	0	-484	0.00015929	0.00670607	9.497e-05
0	0	-482	0.00015869	0.00649683	9.471e-05
0	0	-480	0.00015765	0.00625601	9.437e-05
0	0	-478	0.00015649	0.00598428	9.362e-05
0	0	-476	0.00015545	0.0056828	9.249e-05
0	0	-474	0.00015453	0.00535387	9.077e-05
0	0	-472	0.00015336	0.00499847	8.771e-05
0	0	-470	0.00015136	0.00461817	8.478e-05
0	0	-468	0.00014965	0.00421478	8.162e-05
0	0	-466	0.00014788	0.00379088	7.797e-05
0	0	-464	0.00014557	0.00334775	7.389e-05
0	0	-462	0.00014395	0.0028881	6.895e-05
0	0	-460	0.00014155	0.00241378	6.362e-05
0	0	-458	0.00013948	0.00192726	5.801e-05
0	0	-456	0.00013786	0.00143183	5.149e-05
0	0	-454	0.0001358	0.00092799	4.519e-05
0	0	-452	0.00013345	0.0004203	3.857e-05
0	0	-450	0.00013067	-9.072e-05	3.213e-05
0	0	-448	0.00012906	-0.00060195	2.451e-05
0	0	-446	0.00012696	-0.00110966	1.663e-05
0	0	-444	0.00012439	-0.00161284	8.63e-06
0	0	-442	0.00012218	-0.00210852	9.8e-07
0	0	-440	0.00012046	-0.00259477	-7.07e-06
0	0	-438	0.00011837	-0.00306867	-1.596e-05
0	0	-436	0.00011646	-0.00352779	-2.439e-05
0	0	-434	0.00011438	-0.00397021	-3.324e-05
0	0	-432	0.00011231	-0.00439368	-4.211e-05
0	0	-430	0.00011014	-0.00479678	-5.052e-05
0	0	-428	0.00010846	-0.00517663	-5.876e-05
0	0	-426	0.00010723	-0.00553189	-6.658e-05
0	0	-424	0.00010623	-0.00586091	-7.512e-05
0	0	-422	0.000104	-0.00616132	-8.386e-05
0	0	-420	0.00010251	-0.00643178	-9.198e-05
0	0	-418	0.00010167	-0.00667193	-9.968e-05
0	0	-416	0.000101	-0.00687997	-0.00010712
0	0	-414	9.998e-05	-0.00705483	-0.00011451
0	0	-412	9.898e-05	-0.00719588	-0.0001216
0	0	-410	9.869e-05	-0.00730274	-0.00012825
0	0	-408	9.817e-05	-0.00737447	-0.00013432
0	0	-406	9.78e-05	-0.00741063	-0.00014027
0	0	-404	9.775e-05	-0.00741111	-0.0001457
0	0	-402	9.753e-05	-0.00737617	-0.00015014
0	0	-400	9.752e-05	-0.00730483	-0.00015522
0	0	-398	9.798e-05	-0.00719909	-0.00015916
0	0	-396	9.843e-05	-0.00705944	-0.00016229
0	0	-394	9.91e-05	-0.00688499	-0.00016594
0	0	-392	9.956e-05	-0.00667723	-0.00016834
0	0	-390	9.981e-05	-0.00643807	-0.00017006
0	0	-388	0.00010086	-0.00616757	-0.00017146
0	0	-386	0.00010197	-0.00586793	-0.00017273
0	0	-384	0.00010322	-0.00554014	-0.00017357
0	0	-382	0.00010417	-0.00518575	-0.00017343
0	0	-380	0.00010501	-0.00480687	-0.00017272
0	0	-378	0.00010636	-0.00440431	-0.00017133
0	0	-376	0.0001079	-0.00398078	-0.00016995
0	0	-374	0.00010933	-0.00353895	-0.00016837
0	0	-372	0.00011092	-0.00308014	-0.00016575
0	0	-370	0.00011218	-0.00260621	-0.00016315
0	0	-368	0.00011343	-0.00212073	-0.00016007
0	0	-366	0.00011494	-0.00162452	-0.00015637
0	0	-364	0.00011676	-0.00112114	-0.00015182
0	0	-362	0.00011838	-0.00061297	-0.00014768
0	0	-360	0.00011969	-0.00010196	-0.00014258
0	0	-358	0.00012098	0.00040895	-0.00013721
0	0	-356	0.00012274	0.00091719	-0.00013195
0	0	-354	0.00012382	0.00142154	-0.00012614
0	0	-352	0.00012511	0.00191834	-0.00012023
0	0	-350	0.00012656	0.00240499	-0.00011434
0	0	-348	0.00012759	0.00287992	-0.00010793
0	0	-346	0.00012859	0.00334051	-0.00010156
0	0	-344	0.00012976	0.00378425	-9.497e-05
0	0	-342	0.00013077	0.00420899	-8.863e-05
0	0	-340	0.00013148	0.00461281	-8.188e-05
0	0	-338	0.00013186	0.00499512	-7.502e-05
0	0	-336	0.00013216	0.00535185	-6.851e-05
0	0	-334	0.00013253	0.00568223	-6.241e-05
0	0	-332	0.00013256	0.00598475	-5.649e-05
0	0	-330	0.00013239	0.00625822	-5.022e-05
0	0	-328	0.0001322	0.00650059	-4.468e-05
0	0	-326	0.00013187	0.00671151	-3.923e-05
0	0	-324	0.00013094	0.00688919	-3.386e-05
0	0	-322	0.00013075	0.00703354	-2.837e-05
0	0	-320	0.00013001	0.00714297	-2.383e-05
0	0	-318	0.00012865	0.00721719	-1.937e-05
0	0	-316	0.000127	0.00725645	-1.51e-05
0	0	-314	0.00012513	0.00726034	-1.184e-05
0	0	-312	0.00012398	0.00722862	-9.07e-06
0	0	-310	0.00012165	0.00716173	-6.12e-06
0	0	-308	0.00011947	0.00706027	-3.85e-06
0	0	-306	0.00011769	0.00692349	-2.06e-06
0	0	-304	0.00011531	0.00675312	-8.9e-07
0	0	-302	0.00011329	0.00654965	-3.1e-07
0	0	-300	0.00011086	0.0063147	5e-07
0	0	-298	0.00010736	0.0060489	-1.8e-07
0	0	-296	0.00010396	0.00575358	-8.2e-07
0	0	-294	0.00010125	0.00543032	-1.34e-06
0	0	-292	9.815e-05	0.00508083	-3.26e-06
0	0	-290	9.479e-05	0.00470681	-5.28e-06
0	0	-288	9.089e-05	0.00430898	-7.83e-06
0	0	-286	8.748e-05	0.00389062	-1.146e-05
0	0	-284	8.397e-05	0.0034537	-1.49e-05
0	0	-282	8.057e-05	0.00300006	-1.92e-05
0	0	-280	7.638e-05	0.00253202	-2.313e-05
0	0	-278	7.257e-05	0.00205124	-2.831e-05
0	0	-276	6.83e-05	0.00156112	-3.444e-05
0	0	-274	6.426e-05	0.00106348	-3.973e-05
0	0	-272	6.074e-05	0.00056061	-4.583e-05
0	0	-270	5.666e-05	5.567e-05	-5.228e-05
0	0	-268	5.312e-05	-0.00044921	-5.936e-05
0	0	-266	4.921e-05	-0.00095131	-6.644e-05
0	0	-264	4.475e-05	-0.00144897	-7.374e-05
0	0	-262	4.055e-05	-0.0019397	-8.132e-05
0	0	-260	3.72e-05	-0.00242062	-8.877e-05
0	0	-258	3.327e-05	-0.00288961	-9.633e-05
0	0	-256	2.952e-05	-0.00334326	-0.00010482
0	0	-254	2.603e-05	-0.00378009	-0.00011263
0	0	-252	2.221e-05	-0.00419897	-0.00012046
0	0	-250	1.885e-05	-0.00459728	-0.00012848
0	0	-248	1.594e-05	-0.00497252	-0.00013628
0	0	-246	1.277e-05	-0.00532324	-0.00014378
0	0	-244	9.11e-06	-0.00564727	-0.00015178
0	0	-242	6.54e-06	-0.00594292	-0.0001594
0	0	-240	4.33e-06	-0.00621006	-0.00016603
0	0	-238	1.54e-06	-0.00644639	-0.00017299
0	0	-236	-1.06e-06	-0.00665113	-0.00018019
0	0	-234	-3.14e-06	-0.00682251	-0.00018667
0	0	-232	-5.11e-06	-0.00696028	-0.00019292
0	0	-230	-6.8e-06	-0.00706374	-0.00019863
0	0	-228	-8.3e-06	-0.00713248	-0.00020337
0	0	-226	-9.33e-06	-0.0071658	-0.00020836
0	0	-224	-1.101e-05	-0.00716371	-0.0002131
0	0	-222	-1.238e-05	-0.00712644	-0.00021719
0	0	-220	-1.372e-05	-0.00705392	-0.00022064
0	0	-218	-1.429e-05	-0.00694615	-0.00022326
0	0	-216	-1.499e-05	-0.00680379	-0.00022535
0	0	-214	-1.516e-05	-0.00662768	-0.00022701
0	0	-212	-1.561e-05	-0.00641942	-0.0002285
0	0	-210	-1.664e-05	-0.00617924	-0.00022915
0	0	-208	-1.642e-05	-0.00590821	-0.00022935
0	0	-206	-1.609e-05	-0.00560813	-0.00022843
0	0	-204	-1.565e-05	-0.0052803	-0.00022711
0	0	-202	-1.54e-05	-0.00492603	-0.00022542
0	0	-200	-1.506e-05	-0.00454731	-0.0002228
0	0	-198	-1.461e-05	-0.00414582	-0.00021998
0	0	-196	-1.393e-05	-0.00372325	-0.00021639
0	0	-194	-1.304e-05	-0.00328211	-0.00021202
0	0	-192	-1.189e-05	-0.00282486	-0.0002077
0	0	-190	-1.094e-05	-0.00235269	-0.00020287
0	0	-188	-1.03e-05	-0.0018691	-0.00019654
0	0	-186	-9.34e-06	-0.00137605	-0.00019087
0	0	-184	-7.88e-06	-0.0008756	-0.00018449
0	0	-182	-6.95e-06	-0.00036986	-0.00017712
0	0	-180	-6.52e-06	0.00013811	-0.00016934
0	0	-178	-5.29e-06	0.00064606	-0.00016155
0	0	-176	-4.64e-06	0.00115111	-0.00015294
0	0	-174	-3.7e-06	0.00165089	-0.00014512
0	0	-172	-2.41e-06	0.00214275	-0.0001358
0	0	-170	-1.54e-06	0.00262538	-0.00012652
0	0	-168	-7.1e-07	0.00309595	-0.00011739
0	0	-166	-4.7e-07	0.00355156	-0.00010772
0	0	-164	2.4e-07	0.00398998	-9.855e-05
0	0	-162	9.6e-07	0.00440982	-8.903e-05
0	0	-160	1.11e-06	0.00480855	-7.895e-05
0	0	-158	1.43e-06	0.00518395	-6.919e-05
0	0	-156	1.06e-06	0.0055354	-5.956e-05
0	0	-154	1.38e-06	0.00586021	-4.973e-05
0	0	-152	1.14e-06	0.00615579	-4.06e-05
0	0	-150	6.5e-07	0.00642258	-3.112e-05
0	0	-148	2.4e-07	0.00665836	-2.15e-05
0	0	-146	-3.1e-07	0.00686224	-1.272e-05
0	0	-144	-1.4e-06	0.00703293	-4.39e-06
0	0	-142	-2.67e-06	0.00716963	3.32e-06
0	0	-140	-3.81e-06	0.00727211	1.125e-05
0	0	-138	-5.27e-06	0.00733914	1.915e-05
0	0	-136	-6.58e-06	0.00737125	2.637e-05
0	0	-134	-8.12e-06	0.00736751	3.27e-05
0	0	-132	-1.022e-05	0.00732797	3.905e-05
0	0	-130	-1.234e-05	0.00725333	4.478e-05
0	0	-128	-1.426e-05	0.00714327	4.967e-05
0	0	-126	-1.677e-05	0.0069991	5.4e-05
0	0	-124	-1.95e-05	0.00682095	5.866e-05
0	0	-122	-2.227e-05	0.00660968	6.208e-05
0	0	-120	-2.55e-05	0.00636636	6.447e-05
0	0	-118	-2.828e-05	0.00609215	6.677e-05
0	0	-116	-3.16e-05	0.00578933	6.834e-05
0	0	-114	-3.479e-05	0.00545799	6.918e-05
0	0	-112	-3.844e-05	0.00510023	7.023e-05
0	0	-110	-4.213e-05	0.00471836	7.004e-05
0	0	-108	-4.58e-05	0.00431312	6.887e-05
0	0	-106	-4.955e-05	0.00388655	6.754e-05
0	0	-104	-5.399e-05	0.00344172	6.603e-05
0	0	-102	-5.802e-05	0.00298064	6.364e-05
0	0	-100	-6.227e-05	0.00250484	6.043e-05
0	0	-98	-6.652e-05	0.00201666	5.722e-05
0	0	-96	-7.02e-05	0.00151935	5.307e-05
0	0	-94	-7.444e-05	0.00101421	4.803e-05
0	0	-92	-7.9e-05	0.00050427	4.256e-05
0	0	-90	-8.319e-05	-7.89e-06	3.72e-05
0	0	-88	-8.744e-05	-0.00052	3.152e-05
0	0	-86	-9.185e-05	-0.00102951	2.548e-05
0	0	-84	-9.623e-05	-0.00153398	1.842e-05
0	0	-82	-0.00010045	-0.00203083	1.106e-05
0	0	-80	-0.00010434	-0.00251802	4.14e-06
0	0	-78	-0.00010888	-0.00299272	-2.92e-06
0	0	-76	-0.00011364	-0.00345278	-1.079e-05
0	0	-74	-0.00011691	-0.00389576	-1.844e-05
0	0	-72	-0.00012079	-0.00431998	-2.651e-05
0	0	-70	-0.00012472	-0.00472348	-3.511e-05
0	0	-68	-0.00012812	-0.00510369	-4.332e-05
0	0	-66	-0.00013184	-0.00545952	-5.087e-05
0	0	-64	-0.00013522	-0.00578859	-5.921e-05
0	0	-62	-0.00013804	-0.00608885	-6.746e-05
0	0	-60	-0.00014125	-0.00636047	-7.53e-05
0	0	-58	-0.00014404	-0.00660101	-8.315e-05
0	0	-56	-0.00014686	-0.00680916	-9.05e-05
0	0	-54	-0.00014902	-0.00698448	-9.763e-05
0	0	-52	-0.0001514	-0.00712564	-0.00010456
0	0	-50	-0.00015353	-0.00723219	-0.00011126
0	0	-48	-0.00015546	-0.00730404	-0.00011768
0	0	-46	-0.0001575	-0.0073403	-0.00012323
0	0	-44	-0.00015893	-0.00734025	-0.00012882
0	0	-42	-0.00015993	-0.00730473	-0.00013331
0	0	-40	-0.00016151	-0.00723427	-0.00013761
0	0	-38	-0.00016223	-0.00712861	-0.00014241
0	0	-36	-0.00016256	-0.00698783	-0.00014555
0	0	-34	-0.00016333	-0.00681371	-0.00014876
0	0	-32	-0.00016299	-0.00660664	-0.0001516
0	0	-30	-0.00016292	-0.00636732	-0.00015359
0	0	-28	-0.00016281	-0.00609681	-0.0001552
0	0	-26	-0.00016238	-0.00579745	-0.00015619
0	0	-24	-0.00016189	-0.00546962	-0.00015616
0	0	-22	-0.00016088	-0.00511533	-0.00015588
0	0	-20	-0.0001597	-0.00473612	-0.00015504
0	0	-18	-0.00015842	-0.00433428	-0.00015319
0	0	-16	-0.00015698	-0.00391218	-0.0001512
0	0	-14	-0.00015557	-0.00347004	-0.00014883
0	0	-12	-0.00015388	-0.00301201	-0.00014572
0	0	-10	-0.00015229	-0.00253934	-0.00014157
0	0	-8	-0.00015008	-0.00205458	-0.00013722
0	0	-6	-0.00014727	-0.00155989	-0.00013286
0	0	-4	-0.00014531	-0.00105747	-0.00012778
0	0	-2	-0.00014338	-0.00055134	-0.0001219
0	0	0	-0.00014036	-4.182e-05	-0.0001158
0	0	2	-0.00013782	0.00046757	-0.00010933
0	0	4	-0.0001353	0.00097403	-0.00010251
0	0	6	-0.00013245	0.00147604	-9.508e-05
0	0	8	-0.00012983	0.00197072	-8.793e-05
0	0	10	-0.00012702	0.00245493	-7.966e-05
0	0	12	-0.00012349	0.00292782	-7.165e-05
0	0	14	-0.00012061	0.00338583	-6.356e-05
0	0	16	-0.00011765	0.0038271	-5.452e-05
0	0	18	-0.00011419	0.00424939	-4.569e-05
0	0	20	-0.00011133	0.00465091	-3.762e-05
0	0	22	-0.00010853	0.00502953	-2.879e-05
0	0	24	-0.00010553	0.00538318	-1.973e-05
0	0	26	-0.00010283	0.00571024	-1.116e-05
0	0	28	-0.00010002	0.00600938	-2.74e-06
0	0	30	-9.729e-05	0.00627918	5.85e-06
0	0	32	-9.455e-05	0.00651772	1.449e-05
0	0	34	-9.199e-05	0.00672467	2.287e-05
0	0	36	-8.953e-05	0.00689853	3.013e-05
0	0	38	-8.652e-05	0.00703872	3.798e-05
0	0	40	-8.413e-05	0.0071441	4.58e-05
0	0	42	-8.234e-05	0.00721476	5.311e-05
0	0	44	-8.003e-05	0.00725	5.963e-05
0	0	46	-7.791e-05	0.0072497	6.632e-05
0	0	48	-7.569e-05	0.00721388	7.218e-05
0	0	50	-7.383e-05	0.00714252	7.732e-05
0	0	52	-7.249e-05	0.0070363	8.201e-05
0	0	54	-7.129e-05	0.00689535	8.68e-05
0	0	56	-6.932e-05	0.00672052	9.131e-05
0	0	58	-6.799e-05	0.00651303	9.51e-05
0	0	60	-6.594e-05	0.00627347	9.782e-05
0	0	62	-6.485e-05	0.00600362	0.00010023
0	0	64	-6.391e-05	0.00570379	0.00010229
0	0	66	-6.317e-05	0.00537593	0.00010326
0	0	68	-6.221e-05	0.00502186	0.00010439
0	0	70	-6.12e-05	0.00464326	0.000105
0	0	72	-5.983e-05	0.00424186	0.00010462
0	0	74	-5.935e-05	0.00381989	0.00010387
0	0	76	-5.916e-05	0.00337847	0.00010289
0	0	78	-5.779e-05	0.00292027	0.00010097
0	0	80	-5.77e-05	0.00244831	9.874e-05
0	0	82	-5.735e-05	0.00196391	9.58e-05
0	0	84	-5.697e-05	0.00146965	9.229e-05
0	0	86	-5.578e-05	0.00096835	8.849e-05
0	0	88	-5.481e-05	0.00046223	8.408e-05
0	0	90	-5.49e-05	-4.643e-05	7.983e-05
0	0	92	-5.485e-05	-0.00055544	7.458e-05
0	0	94	-5.411e-05	-0.00106164	6.928e-05
0	0	96	-5.353e-05	-0.00156257	6.359e-05
0	0	98	-5.29e-05	-0.00205589	5.729e-05
0	0	100	-5.261e-05	-0.00254003	5.13e-05
0	0	102	-5.251e-05	-0.00301164	4.547e-05
0	0	104	-5.224e-05	-0.00346836	3.831e-05
0	0	106	-5.126e-05	-0.00390855	3.131e-05
0	0	108	-5.06e-05	-0.00432999	2.426e-05
0	0	110	-4.939e-05	-0.00473033	1.718e-05
0	0	112	-4.861e-05	-0.00510789	1.029e-05
0	0	114	-4.794e-05	-0.00546059	3.28e-06
0	0	116	-4.678e-05	-0.00578719	-4.05e-06
0	0	118	-4.535e-05	-0.00608578	-1.105e-05
0	0	120	-4.397e-05	-0.00635441	-1.699e-05
0	0	122	-4.173e-05	-0.00659179	-2.414e-05
0	0	124	-4.09e-05	-0.0067977	-3.077e-05
0	0	126	-3.954e-05	-0.0069708	-3.734e-05
0	0	128	-3.734e-05	-0.00711021	-4.342e-05
0	0	130	-3.489e-05	-0.00721532	-4.914e-05
0	0	132	-3.264e-05	-0.00728474	-5.436e-05
0	0	134	-3.075e-05	-0.0073185	-5.959e-05
0	0	136	-2.838e-05	-0.00731698	-6.525e-05
0	0	138	-2.553e-05	-0.00727973	-6.978e-05
0	0	140	-2.315e-05	-0.00720739	-7.36e-05
0	0	142	-2.05e-05	-0.00710006	-7.7e-05
0	0	144	-1.779e-05	-0.00695827	-8.046e-05
0	0	146	-1.484e-05	-0.00678255	-8.325e-05
0	0	148	-1.157e-05	-0.00657351	-8.587e-05
0	0	150	-8.28e-06	-0.00633258	-8.744e-05
0	0	152	-4.98e-06	-0.00606083	-8.889e-05
0	0	154	-1.15e-06	-0.0057597	-8.984e-05
0	0	156	1.86e-06	-0.00543098	-9.008e-05
0	0	158	4.93e-06	-0.00507603	-8.954e-05
0	0	160	9.19e-06	-0.00469565	-8.882e-05
0	0	162	1.269e-05	-0.00429303	-8.757e-05
0	0	164	1.596e-05	-0.00386927	-8.588e-05
0	0	166	2.042e-05	-0.00342631	-8.407e-05
0	0	168	2.424e-05	-0.0029673	-8.05e-05
0	0	170	2.827e-05	-0.00249372	-7.694e-05
0	0	172	3.15e-05	-0.00200807	-7.408e-05
0	0	174	3.558e-05	-0.00151246	-7.043e-05
0	0	176	3.965e-05	-0.00100935	-6.564e-05
0	0	178	4.368e-05	-0.00050181	-6.084e-05
0	0	180	4.734e-05	8.55e-06	-5.612e-05
0	0	182	5.149e-05	0.0005188	-5.036e-05
0	0	184	5.497e-05	0.00102588	-4.411e-05
0	0	186	5.88e-05	0.00152812	-3.811e-05
0	0	188	6.262e-05	0.00202304	-3.185e-05
0	0	190	6.612e-05	0.00250848	-2.51e-05
0	0	192	6.943e-05	0.00298153	-1.83e-05
0	0	194	7.281e-05	0.00344036	-1.093e-05
0	0	196	7.594e-05	0.00388198	-3.74e-06
0	0	198	7.896e-05	0.00430473	3.24e-06
0	0	200	8.17e-05	0.00470678	1.044e-05
0	0	202	8.417e-05	0.00508539	1.721e-05
0	0	204	8.761e-05	0.00543914	2.411e-05
0	0	206	8.971e-05	0.00576685	3.177e-05
0	0	208	9.202e-05	0.0060663	3.864e-05
0	0	210	9.443e-05	0.00633608	4.53e-05
0	0	212	9.63e-05	0.0065748	5.308e-05
0	0	214	9.804e-05	0.00678209	6.02e-05
0	0	216	9.93e-05	0.00695618	6.584e-05
0	0	218	0.00010056	0.00709604	7.19e-05
0	0	220	0.00010186	0.00720187	7.789e-05
0	0	222	0.00010285	0.00727215	8.339e-05
0	0	224	0.00010431	0.00730679	8.895e-05
0	0	226	0.0001051	0.00730678	9.331e-05
0	0	228	0.00010539	0.0072704	9.798e-05
0	0	230	0.00010573	0.00719818	0.00010221
0	0	232	0.00010569	0.00709117	0.00010604
0	0	234	0.00010572	0.00694969	0.00010846
0	0	236	0.00010547	0.00677426	0.00011091
0	0	238	0.00010505	0.00656564	0.00011359
0	0	240	0.00010411	0.00632497	0.00011509
0	0	242	0.00010327	0.00605368	0.00011621
0	0	244	0.00010265	0.00575316	0.00011735
0	0	246	0.00010143	0.00542442	0.00011745
0	0	248	0.00010024	0.00506935	0.00011711
0	0	250	9.911e-05	0.00468903	0.00011649
0	0	252	9.79e-05	0.00428552	0.00011516
0	0	254	9.638e-05	0.00386162	0.00011305
0	0	256	9.468e-05	0.00341943	0.00011108
0	0	258	9.249e-05	0.00295988	0.00010822
0	0	260	9.003e-05	0.00248594	0.00010534
0	0	262	8.868e-05	0.00199967	0.00010165
0	0	264	8.682e-05	0.00150318	9.744e-05
0	0	266	8.462e-05	0.00099972	9.279e-05
0	0	268	8.25e-05	0.00049205	8.799e-05
0	0	270	8.054e-05	-1.903e-05	8.313e-05
0	0	272	7.849e-05	-0.0005304	7.775e-05
0	0	274	7.642e-05	-0.00103873	7.239e-05
0	0	276	7.38e-05	-0.00154222	6.613e-05
0	0	278	7.219e-05	-0.00203829	6.007e-05
0	0	280	7.06e-05	-0.00252392	5.364e-05
0	0	282	6.86e-05	-0.0029983	4.74e-05
0	0	284	6.703e-05	-0.00345806	4.11e-05
0	0	286	6.53e-05	-0.00390054	3.457e-05
0	0	288	6.316e-05	-0.00432414	2.746e-05
0	0	290	6.119e-05	-0.00472713	2.093e-05
0	0	292	5.955e-05	-0.00510685	1.454e-05
0	0	294	5.823e-05	-0.00546214	8.05e-06
0	0	296	5.647e-05	-0.0057909	1.97e-06
0	0	298	5.539e-05	-0.00609161	-4.06e-06
0	0	300	5.437e-05	-0.00636252	-1.015e-05
0	0	302	5.354e-05	-0.00660221	-1.592e-05
0	0	304	5.29e-05	-0.00680991	-2.097e-05
0	0	306	5.161e-05	-0.00698465	-2.598e-05
0	0	308	5.139e-05	-0.00712616	-3.104e-05
0	0	310	5.153e-05	-0.00723216	-3.538e-05
0	0	312	5.108e-05	-0.00730356	-3.945e-05
0	0	314	5.12e-05	-0.00733919	-4.338e-05
0	0	316	5.164e-05	-0.00733913	-4.642e-05
0	0	318	5.126e-05	-0.00730357	-4.871e-05
0	0	320	5.125e-05	-0.00723236	-5.063e-05
0	0	322	5.181e-05	-0.00712585	-5.229e-05
0	0	324	5.318e-05	-0.00698467	-5.38e-05
0	0	326	5.384e-05	-0.00680952	-5.43e-05
0	0	328	5.461e-05	-0.0066013	-5.428e-05
0	0	330	5.527e-05	-0.00636034	-5.38e-05
0	0	332	5.633e-05	-0.00608852	-5.252e-05
0	0	334	5.821e-05	-0.00578737	-5.083e-05
0	0	336	5.954e-05	-0.00545822	-4.859e-05
0	0	338	6.101e-05	-0.00510235	-4.59e-05
0	0	340	6.277e-05	-0.00472079	-4.304e-05
0	0	342	6.411e-05	-0.00431695	-3.945e-05
0	0	344	6.62e-05	-0.0038922	-3.496e-05
0	0	346	6.819e-05	-0.00344806	-2.968e-05
0	0	348	7.049e-05	-0.00298709	-2.524e-05
0	0	350	7.279e-05	-0.00251069	-1.922e-05
0	0	352	7.473e-05	-0.00202244	-1.263e-05
0	0	354	7.683e-05	-0.00152433	-6.59e-06
0	0	356	7.874e-05	-0.00101834	1.1e-07
0	0	358	8.054e-05	-0.0005071	7.06e-06
0	0	360	8.283e-05	7.15e-06	1.456e-05
0	0	362	8.503e-05	0.00052101	2.257e-05
0	0	364	8.706e-05	0.00103308	3.059e-05
0	0	366	8.921e-05	0.00153984	3.86e-05
0	0	368	9.142e-05	0.00203971	4.663e-05
0	0	370	9.35e-05	0.0025301	5.545e-05
0	0	372	9.481e-05	0.00300792	6.351e-05
0	0	374	9.694e-05	0.00347204	7.252e-05
0	0	376	9.873e-05	0.00391966	8.118e-05
0	0	378	0.00010035	0.00434871	8.933e-05
0	0	380	0.00010176	0.0047569	9.718e-05
0	0	382	0.00010284	0.00514254	0.00010518
0	0	384	0.00010408	0.00550396	0.00011277
0	0	386	0.00010509	0.00583884	0.00012047
0	0	388	0.00010586	0.00614559	0.00012798
0	0	390	0.00010682	0.00642359	0.00013536
0	0	392	0.00010745	0.00667007	0.00014193
0	0	394	0.00010797	0.00688528	0.0001478
0	0	396	0.00010813	0.00706771	0.00015357
0	0	398	0.00010825	0.00721643	0.00015899
0	0	400	0.00010831	0.00733076	0.00016339
0	0	402	0.00010835	0.00740962	0.00016789
0	0	404	0.000108	0.00745302	0.0001717
0	0	406	0.00010688	0.00746135	0.00017435
0	0	408	0.00010622	0.00743399	0.00017729
0	0	410	0.00010545	0.00737133	0.00017913
0	0	412	0.00010482	0.00727394	0.00018023
0	0	414	0.00010372	0.0071415	0.00018135
0	0	416	0.0001028	0.00697524	0.00018069
0	0	418	0.00010087	0.00677583	0.00017986
0	0	420	9.919e-05	0.00654442	0.00017865
0	0	422	9.749e-05	0.00628206	0.00017689
0	0	424	9.579e-05	0.00599018	0.00017425
0	0	426	9.364e-05	0.00566987	0.00017099
0	0	428	9.127e-05	0.00532317	0.00016737
0	0	430	8.889e-05	0.00495197	0.00016277
0	0	432	8.624e-05	0.0045576	0.00015715
0	0	434	8.4e-05	0.0041419	0.00015174
0	0	436	8.156e-05	0.00370688	0.00014564
0	0	438	7.902e-05	0.00325521	0.00013932
0	0	440	7.634e-05	0.0027889	0.00013164
0	0	442	7.352e-05	0.00230965	0.0001237
0	0	444	7.076e-05	0.00182085	0.00011585
0	0	446	6.79e-05	0.00132401	0.00010712
0	0	448	6.524e-05	0.0008219	9.82e-05
0	0	450	6.171e-05	0.00031697	8.898e-05
0	0	452	5.894e-05	-0.00018807	7.891e-05
0	0	454	5.62e-05	-0.00069086	6.978e-05
0	0	456	5.331e-05	-0.00118919	6.026e-05
0	0	458	5.043e-05	-0.00168013	5.056e-05
0	0	460	4.75e-05	-0.00216247	4.048e-05
0	0	462	4.5e-05	-0.00263258	2.965e-05
0	0	464	4.287e-05	-0.00308822	1.95e-05
0	0	466	4.026e-05	-0.00352793	9.21e-06
0	0	468	3.835e-05	-0.0039488	-9.2e-07
0	0	470	3.553e-05	-0.00434938	-1.027e-05
0	0	472	3.277e-05	-0.00472759	-1.997e-05
0	0	474	3.109e-05	-0.00508119	-2.932e-05
0	0	476	2.963e-05	-0.00540869	-3.879e-05
0	0	478	2.762e-05	-0.00570804	-4.767e-05
0	0	480	2.607e-05	-0.00597815	-5.618e-05
0	0	482	2.415e-05	-0.00621828	-6.447e-05
0	0	484	2.278e-05	-0.0064272	-7.196e-05
0	0	486	2.201e-05	-0.00660275	-7.887e-05
0	0	488	2.1e-05	-0.0067447	-8.594e-05
0	0	490	2.037e-05	-0.00685279	-9.174e-05
0	0	492	1.984e-05	-0.00692541	-9.705e-05
0	0	494	1.865e-05	-0.00696328	-0.00010187
0	0	496	1.809e-05	-0.00696602	-0.00010593
0	0	498	1.82e-05	-0.00693329	-0.00010927
0	0	500	1.829e-05	-0.00686533	-0.00011254
0	0	502	1.821e-05	-0.00676247	-0.00011467
0	0	504	1.83e-05	-0.00662496	-0.00011613
0	0	506	1.882e-05	-0.00645422	-0.000117
0	0	508	1.953e-05	-0.00625079	-0.00011713
0	0	510	1.995e-05	-0.00601559	-0.00011644
0	0	512	2.104e-05	-0.00574941	-0.00011529
0	0	514	2.209e-05	-0.00545349	-0.00011283
0	0	516	2.293e-05	-0.0051301	-0.00010997
0	0	518	2.405e-05	-0.00478017	-0.00010636
0	0	520	2.577e-05	-0.00440534	-0.00010166
0	0	522	2.734e-05	-0.00400772	-9.68e-05
0	0	524	2.865e-05	-0.00358963	-9.147e-05
0	0	526	3e-05	-0.00315283	-8.526e-05
0	0	528	3.163e-05	-0.00269935	-7.848e-05
0	0	530	3.274e-05	-0.00223082	-7.093e-05
0	0	532	3.52e-05	-0.00175045	-6.265e-05
0	0	534	3.769e-05	-0.00126041	-5.401e-05
0	0	536	3.937e-05	-0.00076292	-4.479e-05
0	0	538	4.089e-05	-0.00026018	-3.58e-05
0	0	540	4.294e-05	0.00024541	-2.596e-05
0	0	542	4.409e-05	0.00075087	-1.597e-05
0	0	544	4.608e-05	0.00125353	-5.04e-06
0	0	546	4.832e-05	0.0017518	5.74e-06
0	0	548	5.004e-05	0.00224238	1.648e-05
0	0	550	5.1e-05	0.00272339	2.782e-05
0	0	552	5.262e-05	0.00319244	3.944e-05
0	0	554	5.403e-05	0.00364733	5.077e-05
0	0	556	5.538e-05	0.00408553	6.248e-05
0	0	558	5.707e-05	0.00450464	7.379e-05
0	0	560	5.874e-05	0.00490275	8.529e-05
0	0	562	5.945e-05	0.00527845	9.634e-05
0	0	564	5.973e-05	0.00562979	0.000108
0	0	566	6.132e-05	0.00595455	0.00011866
0	0	568	6.22e-05	0.0062519	0.00012929
0	0	570	6.243e-05	0.00651939	0.00013955
0	0	572	6.288e-05	0.00675632	0.00015001
0	0	574	6.31e-05	0.00696171	0.00015967
0	0	576	6.237e-05	0.00713396	0.00016861
0	0	578	6.197e-05	0.00727204	0.00017717
0	0	580	6.163e-05	0.00737613	0.00018564
0	0	582	6.149e-05	0.00744537	0.00019348
0	0	584	6.109e-05	0.00747915	0.00020082
0	0	586	5.964e-05	0.00747681	0.00020761
0	0	588	5.875e-05	0.00743962	0.00021324
0	0	590	5.716e-05	0.00736786	0.00021887
0	0	592	5.591e-05	0.00726005	0.0002243
0	0	594	5.405e-05	0.00711808	0.00022818
0	0	596	5.191e-05	0.00694232	0.00023222
0	0	598	5.033e-05	0.00673375	0.00023487
0	0	600	4.811e-05	0.00649285	0.00023743
0	0	602	4.535e-05	0.00622126	0.00023908
0	0	604	4.266e-05	0.00592034	0.00023942
0	0	606	4.003e-05	0.00559125	0.00023984
0	0	608	3.729e-05	0.00523554	0.00023922
0	0	610	3.433e-05	0.00485565	0.00023801
0	0	612	3.066e-05	0.00445251	0.00023686
0	0	614	2.699e-05	0.00402842	0.00023444
0	0	616	2.399e-05	0.00358581	0.00023133
0	0	618	2.055e-05	0.00312572	0.0002279
0	0	620	1.643e-05	0.0026513	0.00022403
0	0	622	1.287e-05	0.0021648	0.00021966
0	0	624	9.15e-06	0.00166824	0.00021456
0	0	626	4.77e-06	0.00116414	0.00020867
0	0	628	1.17e-06	0.00065554	0.0002025
0	0	630	-3.05e-06	0.000144	0.00019578
0	0	632	-7.44e-06	-0.00036789	0.00018907
0	0	634	-1.173e-05	-0.00087706	0.00018273
0	0	636	-1.508e-05	-0.00138115	0.00017533
0	0	638	-1.928e-05	-0.00187847	0.00016727
0	0	640	-2.377e-05	-0.00236619	0.00015971
0	0	642	-2.8e-05	-0.00284182	0.00015167
0	0	644	-3.245e-05	-0.00330333	0.00014357
0	0	646	-3.644e-05	-0.00374755	0.00013562
0	0	648	-4.018e-05	-0.00417364	0.00012732
0	0	650	-4.414e-05	-0.00457919	0.00011934
0	0	652	-4.745e-05	-0.00496146	0.00011112
0	0	654	-5.145e-05	-0.005319	0.0001028
0	0	656	-5.494e-05	-0.00565091	9.533e-05
0	0	658	-5.822e-05	-0.00595489	8.802e-05
0	0	660	-6.233e-05	-0.00622934	8.039e-05
0	0	662	-6.543e-05	-0.00647271	7.35e-05
0	0	664	-6.851e-05	-0.0066839	6.668e-05
0	0	666	-7.147e-05	-0.00686214	5.997e-05
0	0	668	-7.435e-05	-0.00700717	5.436e-05
0	0	670	-7.728e-05	-0.007118	4.899e-05
0	0	672	-8.003e-05	-0.0071942	4.355e-05
0	0	674	-8.191e-05	-0.0072347	3.869e-05
0	0	676	-8.446e-05	-0.00723976	3.449e-05
0	0	678	-8.684e-05	-0.00720923	3.073e-05
0	0	680	-8.908e-05	-0.00714356	2.731e-05
0	0	682	-9.018e-05	-0.00704302	2.524e-05
0	0	684	-9.192e-05	-0.00690815	2.282e-05
0	0	686	-9.325e-05	-0.00673872	2.145e-05
0	0	688	-9.423e-05	-0.0065363	2.052e-05
0	0	690	-9.578e-05	-0.00630203	1.98e-05
0	0	692	-9.702e-05	-0.00603737	1.971e-05
0	0	694	-9.771e-05	-0.00574293	2.089e-05
0	0	696	-9.795e-05	-0.00542007	2.226e-05
0	0	698	-9.816e-05	-0.00507116	2.472e-05
0	0	700	-9.876e-05	-0.00469806	2.721e-05
0	0	702	-9.876e-05	-0.00430131	2.984e-05
0	0	704	-9.86e-05	-0.00388434	3.329e-05
0	0	706	-9.861e-05	-0.00344813	3.713e-05
0	0	708	-9.862e-05	-0.00299513	4.178e-05
0	0	710	-9.815e-05	-0.00252738	4.674e-05
0	0	712	-9.722e-05	-0.00204698	5.192e-05
0	0	714	-9.676e-05	-0.00155693	5.808e-05
0	0	716	-9.637e-05	-0.00105971	6.42e-05
0	0	718	-9.612e-05	-0.00055714	7.051e-05
0	0	720	-9.482e-05	-5.188e-05	7.712e-05
0	0	722	-9.363e-05	0.00045376	8.401e-05
0	0	724	-9.262e-05	0.00095687	9.13e-05
0	0	726	-9.192e-05	0.00145497	9.855e-05
0	0	728	-9.068e-05	0.00194607	0.00010613
0	0	730	-8.946e-05	0.00242707	0.000114
0	0	732	-8.793e-05	0.00289668	0.0001221
0	0	734	-8.699e-05	0.00335211	0.00012914
0	0	736	-8.563e-05	0.00379088	0.00013637
0	0	738	-8.424e-05	0.00421027	0.00014395
0	0	740	-8.344e-05	0.0046096	0.00015185
0	0	742	-8.212e-05	0.00498633	0.00015913
0	0	744	-8.165e-05	0.00533813	0.00016568
0	0	746	-8.044e-05	0.00566417	0.00017255
0	0	748	-7.91e-05	0.00596222	0.00017939
0	0	750	-7.815e-05	0.00623114	0.00018531
0	0	752	-7.704e-05	0.00646938	0.00019092
0	0	754	-7.626e-05	0.00667557	0.00019667
0	0	756	-7.537e-05	0.00684931	0.00020157
0	0	758	-7.491e-05	0.00698973	0.00020593
0	0	760	-7.452e-05	0.00709539	0.00020947
0	0	762	-7.36e-05	0.00716634	0.00021245
0	0	764	-7.326e-05	0.00720217	0.00021573
0	0	766	-7.282e-05	0.00720288	0.000218
0	0	768	-7.239e-05	0.00716818	0.00021956
0	0	770	-7.199e-05	0.00709782	0.00022039
0	0	772	-7.194e-05	0.00699317	0.00022064
0	0	774	-7.246e-05	0.00685424	0.00022067
0	0	776	-7.213e-05	0.00668175	0.0002194
0	0	778	-7.166e-05	0.00647634	0.00021782
0	0	780	-7.218e-05	0.0062388	0.00021589
0	0	782	-7.28e-05	0.00597061	0.00021228
0	0	784	-7.321e-05	0.00567319	0.00020884
0	0	786	-7.349e-05	0.00534828	0.00020458
0	0	788	-7.45e-05	0.00499699	0.00019936
0	0	790	-7.498e-05	0.00462042	0.00019385
0	0	792	-7.553e-05	0.00422184	0.00018756
0	0	794	-7.648e-05	0.00380255	0.00018076
0	0	796	-7.729e-05	0.00336438	0.0001739
0	0	798	-7.831e-05	0.0029098	0.00016587
0	0	800	-8.003e-05	0.00244063	0.00015717
0	0	802	-8.019e-05	0.00195946	0.0001481
0	0	804	-8.046e-05	0.00146845	0.0001383
0	0	806	-8.139e-05	0.00096992	0.00012814
0	0	808	-8.253e-05	0.00046682	0.00011788
0	0	810	-8.353e-05	-3.839e-05	0.00010708
0	0	812	-8.462e-05	-0.00054389	9.646e-05
0	0	814	-8.554e-05	-0.00104684	8.523e-05
0	0	816	-8.64e-05	-0.00154486	7.358e-05
0	0	818	-8.742e-05	-0.00203585	6.185e-05
0	0	820	-8.861e-05	-0.00251634	4.973e-05
0	0	822	-8.927e-05	-0.0029844	3.794e-05
0	0	824	-8.975e-05	-0.00343865	2.575e-05
0	0	826	-9.041e-05	-0.00387568	1.328e-05
0	0	828	-9.132e-05	-0.00429418	1.27e-06
0	0	830	-9.176e-05	-0.00469167	-1.104e-05
0	0	832	-9.223e-05	-0.00506644	-2.275e-05
0	0	834	-9.275e-05	-0.00541611	-3.475e-05
0	0	836	-9.267e-05	-0.00574	-4.651e-05
0	0	838	-9.285e-05	-0.00603544	-5.781e-05
0	0	840	-9.287e-05	-0.00630143	-6.912e-05
0	0	842	-9.271e-05	-0.00653679	-7.974e-05
0	0	844	-9.231e-05	-0.0067403	-8.999e-05
0	0	846	-9.212e-05	-0.00691094	-0.00010013
0	0	848	-9.187e-05	-0.00704774	-0.00010921
0	0	850	-9.155e-05	-0.00714999	-0.00011792
0	0	852	-9.03e-05	-0.00721668	-0.00012665
0	0	854	-8.931e-05	-0.00724806	-0.00013429
0	0	856	-8.844e-05	-0.00724467	-0.00014188
0	0	858	-8.689e-05	-0.0072055	-0.00014859
0	0	860	-8.568e-05	-0.00713062	-0.00015445
0	0	862	-8.436e-05	-0.00702147	-0.00015979
0	0	864	-8.292e-05	-0.00687717	-0.00016504
0	0	866	-8.104e-05	-0.00669921	-0.00016914
0	0	868	-7.952e-05	-0.00648841	-0.00017285
0	0	870	-7.704e-05	-0.00624517	-0.00017547
0	0	872	-7.535e-05	-0.0059718	-0.00017796
0	0	874	-7.302e-05	-0.00566865	-0.00017997
0	0	876	-7.074e-05	-0.00533722	-0.00018075
0	0	878	-6.873e-05	-0.00497908	-0.00018082
0	0	880	-6.651e-05	-0.00459635	-0.00018029
0	0	882	-6.332e-05	-0.00419109	-0.00017934
0	0	884	-6.085e-05	-0.00376426	-0.00017703
0	0	886	-5.8e-05	-0.00331913	-0.00017433
0	0	888	-5.497e-05	-0.00285697	-0.00017142
0	0	890	-5.21e-05	-0.0023802	-0.00016775
0	0	892	-4.892e-05	-0.00189153	-0.00016395
0	0	894	-4.541e-05	-0.00139257	-0.00015931
0	0	896	-4.253e-05	-0.00088586	-0.00015369
0	0	898	-3.921e-05	-0.00037495	-0.00014815
0	0	900	-3.597e-05	0.00013898	-0.00014209
0	0	902	-3.291e-05	0.0006534	-0.00013492
0	0	904	-2.967e-05	0.00116507	-0.00012738
0	0	906	-2.64e-05	0.00167217	-0.00012056
0	0	908	-2.358e-05	0.00217167	-0.000113
0	0	910	-2.007e-05	0.00266166	-0.00010454
0	0	912	-1.728e-05	0.00313987	-9.604e-05
0	0	914	-1.397e-05	0.00360351	-8.819e-05
0	0	916	-1.082e-05	0.00405051	-7.984e-05
0	0	918	-7.97e-06	0.00447927	-7.142e-05
0	0	920	-4.56e-06	0.00488714	-6.32e-05
0	0	922	-1.9e-06	0.00527236	-5.45e-05
0	0	924	7.8e-07	0.00563331	-4.59e-05
0	0	926	3.67e-06	0.00596735	-3.797e-05
0	0	928	6.39e-06	0.00627383	-2.971e-05
0	0	930	8.91e-06	0.0065514	-2.144e-05
0	0	932	1.167e-05	0.00679772	-1.35e-05
0	0	934	1.309e-05	0.00701275	-5.72e-06
0	0	936	1.53e-05	0.0071949	1.93e-06
0	0	938	1.762e-05	0.007343	8.55e-06
0	0	940	1.907e-05	0.00745753	1.53e-05
0	0	942	2.146e-05	0.00753762	2.137e-05
0	0	944	2.294e-05	0.0075821	2.745e-05
0	0	946	2.474e-05	0.00759067	3.27e-05
0	0	948	2.652e-05	0.00756413	3.746e-05
0	0	950	2.799e-05	0.00750322	4.214e-05
0	0	952	2.89e-05	0.00740655	4.531e-05
0	0	954	2.962e-05	0.00727541	4.831e-05
0	0	956	3.071e-05	0.00711091	5.169e-05
0	0	958	3.167e-05	0.00691393	5.362e-05
0	0	960	3.274e-05	0.00668544	5.499e-05
0	0	962	3.373e-05	0.00642594	5.675e-05
0	0	964	3.341e-05	0.00613716	5.67e-05
0	0	966	3.416e-05	0.00582078	5.637e-05
0	0	968	3.438e-05	0.00547815	5.565e-05
0	0	970	3.456e-05	0.0051108	5.464e-05
0	0	972	3.481e-05	0.00472108	5.298e-05
0	0	974	3.493e-05	0.00431069	5.008e-05
0	0	976	3.485e-05	0.00388176	4.713e-05
0	0	978	3.502e-05	0.0034364	4.371e-05
0	0	980	3.476e-05	0.00297609	4.002e-05
0	0	982	3.438e-05	0.00250438	3.519e-05
0	0	984	3.413e-05	0.00202326	2.994e-05
0	0	986	3.375e-05	0.00153449	2.535e-05
0	0	988	3.362e-05	0.00104143	2.019e-05
0	0	990	3.345e-05	0.00054517	1.346e-05
0	0	992	3.334e-05	4.962e-05	7.17e-06
0	0	994	3.322e-05	-0.00044288	5.5e-07
0	0	996	3.249e-05	-0.00093045	-6.5e-06
0	0	998	3.227e-05	-0.00141021	-1.344e-05
0	0	1000	3.174e-05	-0.00188027	-2.063e-05
0	0	1002	3.16e-05	-0.00233833	-2.778e-05
0	0	1004	3.079e-05	-0.00278105	-3.505e-05
0	0	1006	3.1e-05	-0.00320718	-4.245e-05
0	0	1008	3.103e-05	-0.00361426	-4.984e-05
0	0	1010	3.085e-05	-0.00400012	-5.748e-05
0	0	1012	3.137e-05	-0.00436304	-6.473e-05
0	0	1014	3.121e-05	-0.00470112	-7.202e-05
0	0	1016	3.14e-05	-0.00501233	-7.853e-05
0	0	1018	3.164e-05	-0.00529553	-8.548e-05
0	0	1020	3.222e-05	-0.00554876	-9.218e-05
0	0	1022	3.311e-05	-0.00577075	-9.848e-05
0	0	1024	3.402e-05	-0.00596189	-0.00010436
0	0	1026	3.431e-05	-0.00611879	-0.00011005
0	0	1028	3.446e-05	-0.00624157	-0.00011488
0	0	1030	3.562e-05	-0.00632976	-0.0001197
0	0	1032	3.738e-05	-0.00638286	-0.00012422
0	0	1034	3.838e-05	-0.00640053	-0.00012836
0	0	1036	3.901e-05	-0.0063821	-0.000132
0	0	1038	4.068e-05	-0.00632864	-0.00013445
0	0	1040	4.232e-05	-0.00623957	-0.00013658
0	0	1042	4.377e-05	-0.00611443	-0.0001384
0	0	1044	4.534e-05	-0.00595471	-0.00014023
0	0	1046	4.697e-05	-0.00576164	-0.00014106
0	0	1048	4.829e-05	-0.00553514	-0.00014141
0	0	1050	5.025e-05	-0.00527629	-0.00014113
0	0	1052	5.237e-05	-0.00498703	-0.00014042
0	0	1054	5.469e-05	-0.00466775	-0.00013882
0	0	1056	5.654e-05	-0.00432053	-0.0001365
0	0	1058	5.87e-05	-0.00394631	-0.00013391
0	0	1060	6.112e-05	-0.00354743	-0.00013052
0	0	1062	6.326e-05	-0.0031257	-0.00012766
0	0	1064	6.497e-05	-0.00268318	-0.00012397
0	0	1066	6.721e-05	-0.00222111	-0.00011917
0	0	1068	6.936e-05	-0.00174296	-0.00011431
0	0	1070	7.159e-05	-0.00125038	-0.0001096
0	0	1072	7.413e-05	-0.00074527	-0.00010442
0	0	1074	7.659e-05	-0.00023064	-9.749e-05
0	0	1076	7.867e-05	0.0002916	-9.099e-05
0	0	1078	8.081e-05	0.00081902	-8.477e-05
0	0	1080	8.329e-05	0.00134831	-7.87e-05
0	0	1082	8.579e-05	0.0018774	-7.137e-05
0	0	1084	8.781e-05	0.00240355	-6.387e-05
0	0	1086	8.952e-05	0.00292547	-5.697e-05
0	0	1088	9.125e-05	0.00343959	-4.992e-05
0	0	1090	9.339e-05	0.00394338	-4.236e-05
0	0	1092	9.549e-05	0.00443419	-3.529e-05
0	0	1094	9.699e-05	0.00491046	-2.861e-05
0	0	1096	9.851e-05	0.00536947	-2.144e-05
0	0	1098	0.00010062	0.00580895	-1.423e-05
0	0	1100	0.00010173	0.00622727	-7.38e-06
0	0	1102	0.00010243	0.00662193	-7.7e-07
0	0	1104	0.00010395	0.00699177	5.8e-06
0	0	1106	0.00010492	0.00733459	1.135e-05
0	0	1108	0.00010526	0.0076475	1.668e-05
0	0	1110	0.00010617	0.00792998	2.109e-05
0	0	1112	0.00010706	0.00818083	2.541e-05
0	0	1114	0.00010725	0.00839869	3.007e-05
0	0	1116	0.00010719	0.00858249	3.365e-05
0	0	1118	0.00010731	0.00873105	3.648e-05
0	0	1120	0.00010721	0.00884323	3.902e-05
0	0	1122	0.00010659	0.00891913	4.052e-05
0	0	1124	0.00010579	0.00895838	4.102e-05
0	0	1126	0.00010494	0.00895987	4.155e-05
0	0	1128	0.00010407	0.00892379	4.148e-05
0	0	1130	0.0001033	0.00885083	4.067e-05
0	0	1132	0.00010177	0.00874069	3.876e-05
0	0	1134	0.00010026	0.00859324	3.663e-05
0	0	1136	9.908e-05	0.00840971	3.333e-05
0	0	1138	9.781e-05	0.00819065	2.925e-05
0	0	1140	9.597e-05	0.00793773	2.461e-05
0	0	1142	9.359e-05	0.0076504	1.903e-05
0	0	1144	9.123e-05	0.00733084	1.326e-05
0	0	1146	8.884e-05	0.00697995	6.65e-06
0	0	1148	8.659e-05	0.00659912	-7.1e-07
0	0	1150	8.418e-05	0.00619008	-8.6e-06
0	0	1152	8.14e-05	0.00575465	-1.706e-05
0	0	1154	7.824e-05	0.00529487	-2.699e-05
0	0	1156	7.483e-05	0.0048118	-3.782e-05
0	0	1158	7.233e-05	0.0043081	-4.891e-05
0	0	1160	6.922e-05	0.00378579	-5.964e-05
0	0	1162	6.548e-05	0.00324657	-7.155e-05
0	0	1164	6.18e-05	0.00269261	-8.394e-05
0	0	1166	5.816e-05	0.00212661	-9.65e-05
0	0	1168	5.475e-05	0.00155096	-0.00010961
0	0	1170	5.129e-05	0.00096795	-0.00012355
0	0	1172	4.787e-05	0.00037956	-0.00013723
0	0	1174	4.424e-05	-0.00021212	-0.00015137
0	0	1176	4.024e-05	-0.0008042	-0.00016551
0	0	1178	3.679e-05	-0.00139517	-0.00018005
0	0	1180	3.311e-05	-0.00198224	-0.00019469
0	0	1182	2.925e-05	-0.00256268	-0.00020983
0	0	1184	2.581e-05	-0.00313465	-0.00022471
0	0	1186	2.24e-05	-0.00369625	-0.00024001
0	0	1188	1.829e-05	-0.00424609	-0.00025492
0	0	1190	1.451e-05	-0.00478088	-0.00026969
0	0	1192	1.089e-05	-0.00529901	-0.00028467
0	0	1194	7.05e-06	-0.00579937	-0.00029929
0	0	1196	3.35e-06	-0.00628026	-0.00031378
0	0	1198	1.2e-07	-0.00673927	-0.00032798
0	0	1200	-3.26e-06	-0.00717571	-0.0003421
0	0	1202	-6.69e-06	-0.00758751	-0.00035566
0	0	1204	-9.85e-06	-0.00797398	-0.0003681
0	0	1206	-1.3e-05	-0.00833426	-0.00038091
0	0	1208	-1.643e-05	-0.00866685	-0.00039364
0	0	1210	-1.91e-05	-0.00897113	-0.00040564
0	0	1212	-2.191e-05	-0.00924676	-0.00041677
0	0	1214	-2.486e-05	-0.00949292	-0.00042773
0	0	1216	-2.755e-05	-0.00970947	-0.00043856
0	0	1218	-2.999e-05	-0.00989604	-0.00044818
0	0	1220	-3.251e-05	-0.0100522	-0.00045741
0	0	1222	-3.473e-05	-0.0101783	-0.0004665
0	0	1224	-3.682e-05	-0.0102741	-0.00047425
0	0	1226	-3.866e-05	-0.0103406	-0.00048181
0	0	1228	-4.093e-05	-0.0103781	-0.00048937
0	0	1230	-4.316e-05	-0.0103866	-0.00049611
0	0	1232	-4.443e-05	-0.0103674	-0.0005016
0	0	1234	-4.615e-05	-0.0103204	-0.00050658
0	0	1236	-4.73e-05	-0.0102468	-0.00051111
0	0	1238	-4.88e-05	-0.0101476	-0.00051466
0	0	1240	-4.991e-05	-0.0100243	-0.00051798
0	0	1242	-5.079e-05	-0.00987772	-0.00052099
0	0	1244	-5.232e-05	-0.00970935	-0.00052252
0	0	1246	-5.296e-05	-0.00952044	-0.00052402
0	0	1248	-5.422e-05	-0.00931174	-0.00052492
0	0	1250	-5.484e-05	-0.00908525	-0.00052542
0	0	1252	-5.51e-05	-0.00884178	-0.00052512
0	0	1254	-5.568e-05	-0.00858298	-0.00052382
0	0	1256	-5.581e-05	-0.0083111	-0.00052195
0	0	1258	-5.623e-05	-0.00802665	-0.00052039
0	0	1260	-5.651e-05	-0.00773104	-0.0005172
0	0	1262	-5.616e-05	-0.00742669	-0.00051411
0	0	1264	-5.6e-05	-0.007115	-0.00051064
0	0	1266	-5.602e-05	-0.00679665	-0.00050585
0	0	1268	-5.551e-05	-0.00647331	-0.00050115
0	0	1270	-5.474e-05	-0.00614666	-0.00049585
0	0	1272	-5.45e-05	-0.00581832	-0.00049045
0	0	1274	-5.353e-05	-0.00548936	-0.00048476
0	0	1276	-5.325e-05	-0.00516121	-0.00047769
0	0	1278	-5.319e-05	-0.00483455	-0.00047062
0	0	1280	-5.207e-05	-0.0045112	-0.0004632
0	0	1282	-5.083e-05	-0.00419178	-0.00045542
0	0	1284	-5.019e-05	-0.00387824	-0.00044745
0	0	1286	-4.918e-05	-0.00357111	-0.00043867
0	0	1288	-4.864e-05	-0.00327087	-0.00043036
0	0	1290	-4.716e-05	-0.00297923	-0.00042097
0	0	1292	-4.568e-05	-0.00269706	-0.00041175
0	0	1294	-4.526e-05	-0.00242362	-0.00040245
0	0	1296	-4.412e-05	-0.0021619	-0.00039253
0	0	1298	-4.282e-05	-0.00191071	-0.00038159
0	0	1300	-4.152e-05	-0.00167063	-0.00037097
0	0	1302	-3.995e-05	-0.00144317	-0.00036074
0	0	1304	-3.843e-05	-0.00122836	-0.00034998
0	0	1306	-3.73e-05	-0.00102597	-0.00033879
0	0	1308	-3.632e-05	-0.0008368	-0.00032765
0	0	1310	-3.513e-05	-0.0006606	-0.00031721
0	0	1312	-3.34e-05	-0.00049786	-0.0003064
0	0	1314	-3.155e-05	-0.0003483	-0.0002945
0	0	1316	-3.074e-05	-0.00021181	-0.00028345
0	0	1318	-2.922e-05	-8.851e-05	-0.00027267
0	0	1320	-2.691e-05	2.18e-05	-0.00026182
0	0	1322	-2.542e-05	0.00011925	-0.00025107
0	0	1324	-2.393e-05	0.00020414	-0.00024058
0	0	1326	-2.194e-05	0.00027671	-0.0002298
0	0	1328	-2.006e-05	0.00033795	-0.00021986
0	0	1330	-1.848e-05	0.00038812	-0.0002099
0	0	1332	-1.718e-05	0.00042714	-0.00019999
0	0	1334	-1.546e-05	0.0004566	-0.00019064
0	0	1336	-1.362e-05	0.00047739	-0.0001818
0	0	1338	-1.169e-05	0.00048976	-0.0001727
0	0	1340	-1.037e-05	0.00049384	-0.00016382
0	0	1342	-9.15e-06	0.00049194	-0.00015573
0	0	1344	-7.12e-06	0.00048481	-0.00014748
0	0	1346	-5.06e-06	0.00047314	-0.00013915
0	0	1348	-3.92e-06	0.00045889	-0.00013157
0	0	1350	-2.4e-06	0.00044377	-0.00012422
0	0	1352	-1.14e-06	0.00042811	-0.00011656
0	0	1354	6.8e-07	0.00041427	-0.00010862
0	0	1356	2.16e-06	0.00040303	-0.00010082
0	0	1358	3.07e-06	0.00039548	-9.256e-05
0	0	1360	4.27e-06	0.00039097	-8.42e-05
0	0	1362	4.71e-06	0.00038949	-7.608e-05
0	0	1364	4.94e-06	0.00038999	-6.833e-05
0	0	1366	5.18e-06	0.00039294	-6.141e-05
0	0	1368	5.92e-06	0.00039704	-5.461e-05
0	0	1370	5.88e-06	0.00040112	-4.899e-05
0	0	1372	5.53e-06	0.00040543	-4.397e-05
0	0	1374	5.23e-06	0.00041022	-4.016e-05
0	0	1376	5.38e-06	0.00041446	-3.629e-05
0	0	1378	5.35e-06	0.00041867	-3.283e-05
0	0	1380	4.82e-06	0.0004227	-2.995e-05
0	0	1382	4.67e-06	0.00042611	-2.704e-05
0	0	1384	4.06e-06	0.00042956	-2.456e-05
0	0	1386	3.24e-06	0.00043287	-2.142e-05
0	0	1388	2.41e-06	0.00043545	-1.804e-05
0	0	1390	2.28e-06	0.00043821	-1.368e-05
0	0	1392	2.32e-06	0.00044032	-8.18e-06
0	0	1394	1.61e-06	0.00044165	-2.21e-06
0	0	1396	1.18e-06	0.0004434	5.43e-06
0	0	1398	8.6e-07	0.00044484	1.503e-05
0	0	1400	4e-07	0.00044541	2.6e-05
0	0	1402	7e-07	0.00044567	3.899e-05
0	0	1404	9.5e-07	0.00044524	5.41e-05
0	0	1406	1.04e-06	0.00044317	7.106e-05
0	0	1408	1.04e-06	0.00044063	8.9e-05
0	0	1410	1.22e-06	0.00043797	0.00010658
0	0	1412	1.59e-06	0.0004361	0.00012247
0	0	1414	1.64e-06	0.00043588	0.00013635
0	0	1416	2.14e-06	0.0004387	0.00014771
0	0	1418	3.16e-06	0.00044487	0.00015704
0	0	1420	3.64e-06	0.00045452	0.00016371
0	0	1422	4.51e-06	0.00046791	0.00016797
0	0	1424	4.7e-06	0.00048382	0.00017188
0	0	1426	5.6e-06	0.00050123	0.00017456
0	0	1428	6.07e-06	0.00052085	0.00017642
0	0	1430	7.24e-06	0.0005418	0.00017714
0	0	1432	7.68e-06	0.00056276	0.00017761
0	0	1434	7.97e-06	0.00058466	0.00017791
0	0	1436	8.77e-06	0.00060628	0.00017795
0	0	1438	9.04e-06	0.00062749	0.00017835
0	0	1440	9.59e-06	0.0006488	0.00017772
0	0	1442	9.76e-06	0.00066946	0.00017736
0	0	1444	1e-05	0.00068983	0.00017694
0	0	1446	1.083e-05	0.00070938	0.00017641
0	0	1448	1.129e-05	0.00072794	0.00017556
0	0	1450	1.151e-05	0.0007453	0.00017443
0	0	1452	1.166e-05	0.0007616	0.00017396
0	0	1454	1.197e-05	0.0007767	0.00017324
0	0	1456	1.234e-05	0.00079119	0.00017238
0	0	1458	1.287e-05	0.00080511	0.00017182
0	0	1460	1.332e-05	0.00081781	0.00017049
0	0	1462	1.296e-05	0.00082925	0.00016938
0	0	1464	1.294e-05	0.00083988	0.00016864
0	0	1466	1.312e-05	0.00084953	0.0001671
0	0	1468	1.325e-05	0.00085788	0.00016613
0	0	1470	1.405e-05	0.0008653	0.00016477
0	0	1472	1.343e-05	0.00087153	0.00016385
0	0	1474	1.325e-05	0.00087735	0.0001631
0	0	1476	1.296e-05	0.00088193	0.00016192
0	0	1478	1.356e-05	0.00088574	0.0001609
0	0	1480	1.371e-05	0.0008887	0.00015993
0	0	1482	1.299e-05	0.00089035	0.0001585
0	0	1484	1.316e-05	0.00089175	0.00015724
0	0	1486	1.318e-05	0.0008925	0.00015668
0	0	1488	1.305e-05	0.00089218	0.00015563
0	0	1490	1.351e-05	0.00089143	0.00015445
0	0	1492	1.324e-05	0.00089001	0.00015343
0	0	1494	1.27e-05	0.00088782	0.00015254
0	0	1496	1.274e-05	0.00088536	0.00015104
0	0	1498	1.328e-05	0.00088242	0.0001496
0	0	1500	1.276e-05	0.00087882	0.00014825
0	0	1502	1.305e-05	0.0008746	0.00014705
0	0	1504	1.236e-05	0.00087001	0.00014573
0	0	1506	1.247e-05	0.00086511	0.00014431
0	0	1508	1.238e-05	0.00085976	0.00014369
0	0	1510	1.227e-05	0.00085432	0.00014272
0	0	1512	1.244e-05	0.00084807	0.00014175
0	0	1514	1.187e-05	0.00084141	0.00014021
0	0	1516	1.212e-05	0.00083492	0.00013886
0	0	1518	1.22e-05	0.00082784	0.0001376
0	0	1520	1.172e-05	0.00082038	0.0001367
0	0	1522	1.153e-05	0.0008132	0.00013497
0	0	1524	1.126e-05	0.00080611	0.00013429
0	0	1526	1.093e-05	0.00079806	0.00013324
0	0	1528	1.032e-05	0.00078983	0.00013167
0	0	1530	1.014e-05	0.00078187	0.00013106
0	0	1532	1.08e-05	0.00077378	0.00013005
0	0	1534	1.119e-05	0.00076531	0.00012883
0	0	1536	1.071e-05	0.00075727	0.00012772
0	0	1538	1.015e-05	0.00074877	0.00012618
0	0	1540	1e-05	0.00074004	0.00012495
0	0	1542	1.01e-05	0.00073176	0.00012399
0	0	1544	9.54e-06	0.00072321	0.00012301
0	0	1546	9.67e-06	0.00071439	0.00012196
0	0	1548	9.83e-06	0.00070571	0.00012046
0	0	1550	9.32e-06	0.00069662	0.00011961
0	0	1552	8.64e-06	0.00068823	0.00011789
0	0	1554	8.46e-06	0.00068006	0.00011673
0	0	1556	8.63e-06	0.00067102	0.00011591
0	0	1558	8.67e-06	0.00066199	0.00011483
0	0	1560	8.56e-06	0.00065322	0.00011342
0	0	1562	8.54e-06	0.0006443	0.00011271
0	0	1564	8.57e-06	0.00063628	0.00011171
0	0	1566	7.94e-06	0.00062794	0.00011046
0	0	1568	7.61e-06	0.00061901	0.00010965
0	0	1570	7.44e-06	0.0006102	0.00010841
0	0	1572	7.29e-06	0.00060193	0.00010753
0	0	1574	7.43e-06	0.00059383	0.00010634
0	0	1576	7.63e-06	0.00058582	0.00010562
0	0	1578	7.33e-06	0.00057756	0.0001045
0	0	1580	7.14e-06	0.00056921	0.00010377
0	0	1582	6.85e-06	0.0005613	0.00010273
0	0	1584	6.56e-06	0.00055345	0.00010127
0	0	1586	6.48e-06	0.00054533	0.0001004
0	0	1588	6.67e-06	0.00053715	9.978e-05
0	0	1590	6.42e-06	0.00052905	9.865e-05
0	0	1592	6.24e-06	0.00052127	9.74e-05
0	0	1594	6.26e-06	0.00051417	9.639e-05
0	0	1596	6.07e-06	0.00050681	9.565e-05
0	0	1598	5.73e-06	0.00049925	9.506e-05
0	0	1600	5.32e-06	0.00049173	9.407e-05
0	0	1602	5.27e-06	0.00048427	9.286e-05
0	0	1604	5.32e-06	0.0004774	9.168e-05
0	0	1606	4.97e-06	0.00047078	9.064e-05
0	0	1608	4.91e-06	0.00046366	9.029e-05
0	0	1610	4.25e-06	0.00045688	8.928e-05
0	0	1612	4.04e-06	0.00044996	8.803e-05
0	0	1614	3.97e-06	0.00044344	8.732e-05
0	0	1616	4e-06	0.00043712	8.671e-05
0	0	1618	3.86e-06	0.00042994	8.623e-05
0	0	1620	3.42e-06	0.00042346	8.562e-05
0	0	1622	3.01e-06	0.0004166	8.485e-05
0	0	1624	3.74e-06	0.00041035	8.397e-05
0	0	1626	3.32e-06	0.00040455	8.303e-05
0	0	1628	2.55e-06	0.00039792	8.223e-05
0	0	1630	2.24e-06	0.0003917	8.148e-05
0	0	1632	1.81e-06	0.00038615	8.094e-05
0	0	1634	1.8e-06	0.00038045	8.039e-05
0	0	1636	1.62e-06	0.00037483	7.955e-05
0	0	1638	1.28e-06	0.00036854	7.871e-05
0	0	1640	1.24e-06	0.00036313	7.748e-05
0	0	1642	9.6e-07	0.00035841	7.661e-05
0	0	1644	3.8e-07	0.00035271	7.585e-05
0	0	1646	-2e-08	0.0003469	7.468e-05
0	0	1648	-1.8e-07	0.00034157	7.436e-05
0	0	1650	-2e-07	0.00033613	7.3e-05
