
Curva de Excitacao - Bobina Girante (Dados Brutos)

Arquivo..............: C:\Arq\Wiggler\Medidas Wiggler - Corretoras\Bobina Tungstenio\Gap22\temporal22_#003.dat
Data.................: 31/01/2005
Hora.................: 14:59:27
Ganho................: 20
N. de Coletas........: 1
N. de Voltas.........: 10
Intervalo de Análise.: 4 - 8

-9825
-7475
-1900
51000
-4200
-3475
-7100
-1425
-1300
2650
3500
300
-875
-3850
-6925
-13975
-7550
-15325
-10050
-8625
-2125
-1200
-5475
-3625
-10850
250
4225
11400
6700
7775
3025
1075
8100
2775
8925
3075
15125
13650
20000
18475
11350
6925
-775
7900
9850
16675
9200
-3275
-9950
-7000
-750
1700
9050
1675
-2950
-11325
-3975
-675
3875
3600
-6325
-10175
-14450
-3900
-2850
1250
-7325
-15175
-20325
-17875
-12225
-9550
-5875
-22950
-27700
-31000
-17950
-13550
-8550
-8775
-24525
-19875
-19650
-8825
-7450
-900
-7925
-14875
-19800
-21175
-21925
-28825
-12800
-28225
-16800
-29650
-32275
-42350
-43000
-34225
-38050
-27200
-29400
-25200
-35350
-28375
-35700
-22550
-23150
-28825
-28900
-37375
-25500
-22450
-14100
-17275
-22325
-25600
-24250
-18350
-12075
-6250
-13800
-17150
-21375
-15425
-10575
-4575

-1550
-10100
-9350
-9750
-1625
-1975
4725
2800
200
-2575
-950
-1825
-3625
1450
-5025
-5700
-13750
-9600
-13700
-13000
-4900
-6100
5125
-500
2050
-4600
1000
300
9625
11900
9425
6600
-3575
8975
4875
16500
14775
12225
7475
6550
17525
16150
20125
9800
3575
-6025
-900
2450
7100
8825
-6550
-4800
-8100
950
2175
6350
2900
-5400
-9000
-9025
75
-850
4175
-6950
-14725
-16050
-7425
-4450
-6375
-6225
-19450
-20950
-24850
-15975
-13400
-13350
-15325
-27175
-22650
-17550
-7950
-9675
-6025
-15775
-12500
-12825
-10375
-9425
-16050
-10375
-24575
-17825
-26000
-25375
-30150
-28300
-33925
-33425
-32375
-40075
-33625
-41525
-28325
-32600
-23450
-24275
-29975
-30775
-37350
-26925
-23625
-21525
-25300
-24500
-30325
-22425
-15875
-11725
-9825
-21200
-20650
-26100
-12200
-10625
-6000
-8100
-14075
-13425

-14375
-1775
-3025
-25
-6325
-1675
-3725
-1250
3100
2225
4525
-3175
-1350
-7525
-5375
-7425
-5750
-8875
-12000
-10925
-10225
-2550
-7650
3425
2000
8850
3925
-25
4325
-800
10225
7350
14025
6725
7875
3900
8800
17850
19200
21400
8275
9725
400
12250
14575
11000
4750
-5925
-3875
-7375
2950
4300
5300
-1350
-5850
-7400
-4050
6450
3425
300
-9650
-7600
-10025
-3575
-875
-2725
-7150
-17825
-16925
-16975
-7700
-8025
-12450
-22125
-25725
-25625
-18625
-10550
-15725
-12625
-19975
-13125
-16800
-9000
-4075
-11800
-10550
-13875
-10200
-19300
-14725
-23175
-23275
-30250
-24475
-27375
-37750
-30700
-42225
-32300
-35425
-30900
-36275
-30525
-29575
-30700
-24825
-24600
-24525
-35100
-28875
-34750
-25375
-17975
-14550
-17500
-28375
-21050
-24250
-13125
-10550
-9000
-17925
-18150
-17775
-13250
-4625
-5400

-4325
-11525
-6375
-8525
-2050
2575
2350
1025
75
3700
-3975
300
-1250
-2300
-7050
-5025
-8350
-13125
-7075
-10550
-7725
-7025
1025
-2550
-1625
3325
950
7275
8300
12950
-325
3050
2125
8875
13625
14700
13250
4425
13450
10175
18800
19725
16925
6900
-875
1125
-600
10525
6025
4375
-8275
-5175
-3625
1275
7125
750
175
-8750
-4525
-7100
475
3825
-1525
-9700
-13650
-9250
-9550
-2250
-5050
-13775
-21100
-18250
-18150
-16200
-9875
-16475
-19500
-27575
-19525
-16300
-9625
-7400
-11850
-13775
-12575
-9175
-14975
-9400
-16275
-11950
-18800
-19250
-22075
-30750
-23450
-33475
-29125
-33375
-30925
-39175
-35825
-37650
-30850
-28300
-27550
-22475
-36050
-27925
-32850
-26025
-23400
-22650
-25975
-30825
-24125
-21225
-13625
-12475
-13875
-25725
-20125
-17350
-13475
-8325
-7625
-8325
-18900
-10250

-10375
-3150
-2825
1475
-3775
-5000
675
-1500
2725
275
4350
-2775
-2225
-2325
-8300
-4550
-8450
-6825
-12775
-8375
-9800
-5250
-2825
-975
5800
2925
10000
-4200
3900
4175
13350
9075
9150
9125
-750
9450
10375
20800
16175
19150
6850
6325
9625
13825
17200
6225
3525
-7950
-1375
-400
4025
4950
1775
-100
-8750
-3050
1425
4625
1200
325
-9575
-11450
-2725
-775
775
-7675
-7700
-17475
-15200
-8975
-8800
-8925
-17475
-20900
-27075
-19250
-16150
-11925
-15850
-16100
-18325
-17250
-5525
-10050
-3975
-13325
-7600
-16375
-15425
-13675
-20900
-20675
-20650
-22150
-32000
-22950
-38125
-31625
-39725
-32200
-33925
-35350
-26200
-38300
-29400
-28275
-21125
-28050
-26675
-31525
-32300
-29825
-19625
-16575
-22200
-15700
-26025
-22325
-19000
-10700
-10900
-15450
-13950
-19900
-15625
-9900
-5250
-8475

-4900
-8375
-9700
-4325
-975
1875
-700
5200
-2125
725
1050
-525
-425
-1000
700
-11575
-10400
-10000
-8175
-11275
-2100
-2000
-5375
1875
-3375
4900
475
13975
7350
6575
3700
1675
8750
10000
16575
7400
14275
7125
11100
13850
22275
21200
8475
10225
-650
4250
3875
10450
3350
-1525
-1850
-6825
925
4100
8825
-3300
-1375
-5975
-3975
1575
2325
2725
-7550
-6000
-13975
-8900
-2675
-2925
-10100
-12975
-16225
-22075
-14550
-12175
-11575
-22425
-18750
-22975
-21175
-10525
-11025
-6450
-14350
-5900
-14150
-11175
-10900
-8750
-15500
-13925
-13075
-26425
-19450
-32600
-24575
-34525
-28875
-30875
-38475
-33300
-38150
-32850
-33125
-25600
-31850
-25725
-32400
-28000
-28975
-25775
-18550
-30475
-25100
-28675
-20425
-18875
-14275
-14575
-18650
-19900
-20375
-15000
-12400
-6225
-13725
-11625
-14150
-10600

-9150
-3400
500
-5450
-675
-1425
-500
-3425
6225
4425
1450
675
-2775
-900
-8000
-3750
-8425
-8175
-9075
-12025
-7825
-6400
2350
-1200
6700
3525
3350
-1075
6450
7275
7925
15325
3700
9325
1450
11700
14150
17450
20325
10275
10200
9475
15250
12675
16225
4750
-275
-5450
-175
3150
1950
8800
-3800
-4225
-3200
-250
1850
3775
3850
-7950
-7050
-5225
-775
-4550
1525
-6650
-12925
-12575
-11550
-6525
-11425
-7475
-21050
-21525
-21150
-16675
-14325
-13625
-14100
-20850
-13725
-14650
-5750
-12700
-1375
-13250
-13050
-8925
-16925
-11625
-21450
-13650
-26475
-25275
-24425
-29675
-39950
-32325
-28575
-38900
-29100
-37675
-29750
-37250
-25300
-25825
-26350
-20400
-31950
-33575
-30625
-22225
-26350
-18125
-17350
-23000
-26050
-16075
-13950
-17375
-6800
-15550
-18600
-19050
-8050
-10200
-9600
-2575

-7200
-8475
-7825
-450
-6275
5325
2750
600
1200
2050
3375
-5125
4875
-3000
-5700
-6750
-8300
-12450
-8250
-1900
-9200
-4150
-4450
2625
-5900
9100
8325
5300
12150
4050
4250
825
16400
11275
12550
10650
9825
6525
13750
20675
13125
21800
9500
4850
1000
9200
8100
950
7900
-2800
-5525
-3100
5775
1025
3875
1100
-4750
-4925
-1600
5500
-2750
1700
-7725
-9075
-8900
-3425
-3625
-7225
-6275
-18125
-17525
-14550
-11225
-16800
-13575
-18125
-26250
-21000
-17825
-8325
-15825
-3850
-12750
-13875
-10800
-9725
-9900
-11325
-7775
-16425
-18475
-23525
-19800
-31650
-24950
-22500
-34000
-26900
-39500
-32800
-41375
-29425
-33000
-26250
-25950
-24775
-30625
-30600
-22300
-29650
-22400
-30075
-24400
-27625
-17700
-15000
-19575
-12775
-18225
-19850
-20825
-10450
-14100
-9350
-9875
-12750
-14375
-9725

