
Curva de Excitacao - Bobina Girante (Dados Brutos)

Arquivo..............: C:\Arq\Wiggler\Medidas Wiggler - Corretoras\Bobina Tungstenio\Gap22\temporal22_#016.dat
Data.................: 31/01/2005
Hora.................: 15:49:30
Ganho................: 20
N. de Coletas........: 1
N. de Voltas.........: 10
Intervalo de Análise.: 4 - 8

-10675
-12075
-6800
-2040
2750
425
-1750
-7925
-4925
950
5450
3975
1525
-2800
-11000
-12975
-11875
-10875
-6875
-7025
-4850
-8600
-1325
-1200
-4425
-3550
1600
4775
9425
16050
6525
5725
-2800
2525
1100
14100
18275
15575
17800
10200
10075
6175
12075
7475
7350
5725
4050
1600
-3200
-1850
-5450
-575
-500
1925
-675
-3075
-1375
-4100
-1175
-3100
-4250
-6425
-5325
-7125
-9025
-4125
-7975
-8725
-14125
-15050
-17975
-14050
-12325
-18275
-19975
-25725
-19600
-23100
-11050
-10675
-15650
-16975
-17725
-16625
-10825
-475
-5400
-8075
-22300
-21525
-30450
-20825
-19250
-23200
-19525
-30700
-32925
-41975
-35950
-40600
-33600
-34075
-28325
-34050
-28375
-25675
-32750
-29175
-30475
-26800
-27400
-27300
-28675
-24100
-18300
-18650
-19650
-17550
-20175
-23725
-16650
-13225
-10050
-12250
-13575
-16875
-17625
-8225

-3925
-2275
-5550
-6175
-10025
-5600
5475
5525
4750
-1550
-2700
-8975
-1350
1200
-150
-3675
-9950
-14800
-18650
-8050
-7125
1675
-2000
-3175
-3925
1350
6475
1425
9975
4650
6550
1175
6575
6425
8025
13700
8925
11750
10400
15725
11400
14075
13325
8400
7600
1750
1350
-4325
2700
2075
-275
-2475
-2000
-675
-3775
300
-1000
175
-3525
-3200
-8100
-3125
450
-5850
-8125
-11050
-7675
-13825
-9350
-11125
-12500
-14875
-18675
-21175
-22775
-12300
-18025
-17925
-21625
-17225
-21100
-9125
-4000
-13700
-6800
-16125
-11525
-18075
-8975
-14400
-18650
-23300
-23375
-29575
-29775
-25000
-39275
-30500
-39275
-32825
-39850
-31950
-28400
-32125
-27325
-28675
-27900
-29500
-26150
-32075
-24350
-26275
-23700
-22550
-23475
-18175
-23875
-15200
-15600
-15725
-15100
-17775
-19300
-16950
-7325
-7525
-6750
-12000

-12375
-13025
-2800
1775
-2200
1975
-1275
-550
-5325
6100
5750
2575
-4500
-4350
-9000
-10525
-1850
-7400
-7250
-14500
-10825
-11275
-825
5450
3225
6225
-300
1200
950
10525
6775
8900
5550
4850
8025
6525
16175
10600
17200
14275
13950
10000
9075
12600
4975
9750
2225
1525
-2700
-25
-2875
225
3300
-775
-650
-4275
1000
-5200
950
-1575
-4775
-4250
-6175
-5775
-11200
-2300
-7350
-10275
-15400
-12675
-17400
-13975
-9450
-18250
-19775
-24725
-19250
-25875
-11775
-11850
-14675
-14225
-16250
-12100
-11475
-4450
-13550
-12050
-18700
-15125
-24400
-18375
-17825
-30775
-21425
-33875
-31900
-38650
-30800
-37925
-34975
-33725
-30975
-31225
-31675
-22000
-33100
-26925
-28950
-30050
-29200
-26375
-25050
-25550
-16825
-19825
-16750
-20900
-18300
-21525
-14500
-10950
-13325
-11600
-16925
-13900
-15000
-4725

-6125
-2425
-4750
-7825
-6075
-2600
7775
-925
5600
-1350
0
-4050
-300
1475
-5325
-4750
-12050
-10225
-14975
-2800
-6150
-3600
-3950
-4950
50
2950
10725
875
8225
3275
4325
5050
6950
11750
6575
14400
7850
12900
13325
16250
12750
12725
14875
5400
9325
1925
6175
-2525
4625
-450
-2225
-150
-2725
0
-2025
4200
-3200
-2575
-1675
-3350
-6400
-1350
-650
-9025
-5800
-9300
-8950
-13800
-5525
-10075
-17550
-13275
-19600
-20600
-19575
-12725
-20325
-19000
-20125
-17575
-17975
-7250
-5025
-14325
-4825
-16975
-14350
-12850
-8875
-17000
-22950
-17275
-24650
-25800
-26900
-23200
-39775
-29600
-36150
-38200
-36725
-32250
-27050
-36200
-24150
-29825
-27850
-29525
-27025
-33075
-25650
-21225
-27675
-20875
-23175
-18825
-25225
-12175
-14600
-17475
-16150
-17450
-18450
-17625
-3200
-9975
-10975
-11175

-10750
-10450
-1800
2325
-2025
2250
-3150
450
-2875
9075
3350
-100
1125
-4825
-7875
-5900
-1125
-12300
-6600
-10975
-10675
-8750
1825
6500
-1250
7600
-1025
2025
3100
11175
6450
5450
12125
3575
8850
8500
15800
8200
17975
14075
11575
13675
10925
10775
2225
12775
1700
-600
-450
725
-3000
700
3950
-3425
550
-1675
-250
-4350
3250
50
-6325
-2250
-6250
-6025
-6275
-400
-10825
-11575
-9200
-14200
-15900
-10800
-10575
-23025
-17150
-22150
-20975
-20550
-9600
-12625
-20375
-10375
-14300
-12800
-9000
-4025
-14600
-12075
-14050
-19550
-19400
-18925
-15700
-34850
-22325
-32450
-34825
-32800
-31750
-35200
-37575
-30075
-34725
-29950
-29700
-21550
-32300
-25700
-27050
-30900
-26150
-28750
-22900
-27050
-12975
-19700
-19550
-20225
-16600
-18900
-15200
-8800
-16250
-14625
-15100
-12025
-14850
-1700

-2600
-8125
-6475
-4375
-4225
-2650
7775
1875
1250
925
575
-2450
-25
4425
-6050
-6475
-12475
-11400
-10825
-3475
-4950
-7300
-425
-4300
275
3425
11450
2850
5925
5275
4975
7575
6975
16050
3725
11925
9900
12100
14400
15375
17025
12575
13475
8375
7225
3000
6625
-2025
2350
4150
-4200
-325
-1850
400
-1925
3800
-300
-3475
-1350
-875
-2425
-4275
-75
-5700
-8225
-9800
-8050
-9025
-7625
-8525
-16825
-12875
-20000
-18050
-16375
-14825
-18825
-21275
-19275
-18600
-13700
-8300
-4800
-15100
-7425
-14150
-14050
-9750
-11900
-10475
-23125
-17000
-25950
-23000
-27025
-27325
-36775
-29875
-34575
-35925
-31950
-36475
-26425
-34175
-25900
-29550
-27700
-25400
-30125
-26025
-26700
-24625
-25550
-21475
-24850
-19325
-19550
-13650
-14875
-16800
-14900
-20600
-12800
-13575
-6200
-10175
-7725
-12400

-11550
-6200
-75
925
-2475
-150
-3375
75
1800
7050
3450
-250
275
-6325
-2800
-6150
-4275
-8425
-8875
-11375
-11575
-1200
-1525
4425
-650
5775
-1025
6500
9100
4600
9400
5025
7950
3375
12075
9750
12250
16100
14025
13200
10850
19275
6725
12050
7125
8300
1575
150
1550
-3275
475
1425
875
-3075
1850
-1950
-1875
1375
25
-525
-3925
-625
-8825
-3350
-2750
-6100
-7400
-9950
-9950
-16625
-9250
-12875
-15050
-18275
-15925
-24450
-20575
-12200
-15650
-14525
-16450
-10900
-17500
-5725
-3175
-10300
-12875
-10900
-16200
-21925
-7900
-19800
-18425
-28975
-23600
-36500
-34075
-28375
-37825
-29225
-33700
-31250
-38550
-28425
-26250
-29775
-26425
-23300
-29350
-31725
-20425
-31000
-25275
-21575
-16550
-22150
-19075
-14500
-21900
-15300
-11850
-11950
-16075
-9425
-16900
-15775
-6275
-4425

-7225
-5875
-1075
-11250
-2250
5750
4025
-2400
3850
3250
-4000
2275
2625
-425
-7850
-1125
-11800
-13475
-2150
-4825
-5800
-7125
200
-7925
2775
8450
5225
4975
8650
6850
-1925
12750
7150
9950
6850
11500
9350
10050
21950
10900
15325
14825
14125
4875
10125
7350
1100
3525
2875
1025
-4750
3850
-2725
-2725
4150
1425
-3950
-2550
4275
-7300
-1700
1175
-3925
-9150
-3625
-6400
-13325
-2750
-6800
-13625
-17025
-9675
-21175
-19300
-12100
-17900
-18700
-19850
-16250
-22175
-9675
-7025
-11800
-13650
-6450
-13400
-17050
-2350
-14650
-14850
-20725
-14875
-29175
-26675
-21650
-31225
-34350
-31350
-30250
-40525
-28475
-35375
-30900
-33800
-25375
-27550
-31225
-21775
-30575
-28275
-24125
-21500
-29300
-21625
-17600
-22550
-19950
-12125
-13375
-21550
-12250
-17675
-15900
-10450
-5575
-11800
-14450
-6325

