
Curva de Excitacao - Bobina Girante (Dados Brutos)

Arquivo..............: C:\Arq\Wiggler\Medidas Wiggler - Corretoras\Bobina Tungstenio\Gap22\temporal22_#007.dat
Data.................: 31/01/2005
Hora.................: 15:12:28
Ganho................: 20
N. de Coletas........: 1
N. de Voltas.........: 10
Intervalo de Análise.: 4 - 8

-5325
-11200
-5975
-2800
-1525
-1350
-1200
-3750
-5050
-25
3750
4700
650
-3450
-11300
-15475
-14200
-10725
-4425
-6325
-3875
-9700
-4450
-6950
-4200
-200
3425
7000
7450
13675
4200
3575
-2050
750
2400
12650
21600
21075
18725
8350
7125
5325
12050
9725
10800
9575
-825
-1125
-3700
75
-5275
1350
-600
-1225
-975
-3475
675
-4225
-1600
-3400
-6525
-6075
-4350
-3950
-8450
-7925
-10350
-9750
-13475
-11300
-15100
-15500
-15175
-20000
-18425
-23850
-16375
-20925
-15825
-15800
-16575
-15275
-15950
-13725
-8800
-2350
-9150
-8400
-24100
-22575
-30725
-18450
-15800
-21650
-17575
-33575
-37875
-47325
-39675
-39000
-31875
-29250
-28675
-35575
-33125
-27000
-37175
-25475
-32175
-28475
-27975
-25600
-27800
-26675
-19850
-21025
-20275
-16300
-15850
-22625
-17050
-15975
-14000
-11350
-11700
-14075
-16825
-8275

-7375
-6575
-3950
-4400
-7450
-4925
3275
-325
3100
2300
-1425
-9750
-1550
1750
-3175
-3200
-11775
-14325
-19950
-8875
-6825
-250
1750
-900
-6725
-2275
6125
525
11650
5350
6825
1750
5550
9000
5825
11875
8150
10175
11275
16950
12700
14200
11225
5150
4550
3700
5300
-2275
3550
-1300
-2525
-625
-2000
1050
-2750
2275
-2075
-1625
-2750
-1675
-5575
-3400
-2575
-8375
-5925
-8375
-6450
-13800
-9425
-12225
-14325
-13600
-17875
-19350
-23050
-15800
-19450
-15900
-19175
-14250
-19325
-14175
-9200
-13350
-5500
-14225
-11025
-16850
-9775
-15675
-17275
-22075
-26475
-27725
-27525
-23300
-37675
-28725
-40125
-35800
-39750
-32550
-28600
-32950
-23800
-31250
-31425
-31625
-26225
-33400
-25150
-26825
-27225
-22875
-22950
-21250
-24850
-14950
-16125
-18950
-16300
-17150
-16450
-17425
-9225
-11525
-8475
-10375

-10600
-11100
-7050
-2525
-425
3450
-3375
-1325
-4250
4875
975
1675
-1350
-3925
-8500
-9100
-4000
-10575
-6600
-12075
-10625
-12375
-1750
5075
3100
6950
-3000
600
350
8825
7650
8775
6675
5400
5375
5400
15100
10975
18075
11450
12000
11225
9025
12000
6100
7850
-1250
-75
-875
1025
-1025
425
1650
-1775
1625
-4900
1825
-2900
300
-3725
-5025
-2975
-6475
-2850
-9250
-5550
-9625
-8475
-12975
-13425
-16625
-15175
-13775
-20025
-16225
-23850
-17100
-23000
-15075
-12375
-13950
-9975
-16300
-13000
-13575
-6225
-13000
-6950
-20025
-14825
-21500
-22000
-18500
-30675
-22300
-35500
-32275
-36150
-22725
-35325
-37575
-35175
-35825
-30550
-31775
-22100
-31075
-22775
-34925
-30075
-24800
-29575
-26050
-23100
-16850
-23975
-18300
-17575
-17450
-20450
-15300
-13950
-16750
-8475
-16175
-13500
-15400
-5650

-7625
-3600
-4350
-8575
-3150
-3450
3525
-825
6225
25
-2125
-3800
-825
600
-4775
-3575
-14675
-10425
-12175
-5100
-7125
-2400
-1500
-7225
325
1925
8650
1125
11025
2175
3325
7600
7925
11900
6625
10750
5000
11175
13825
16125
14975
13425
11725
3775
9475
3775
3525
-1675
4225
-1100
-5200
2575
-3225
2350
-1700
1200
-4475
-1350
-550
-3400
-4825
-1900
-2050
-9600
-4275
-9925
-6125
-11875
-9450
-12800
-15850
-10925
-19525
-19275
-19825
-15875
-20175
-14950
-19350
-18775
-15800
-9275
-6300
-14475
-5150
-15450
-13225
-14350
-9350
-14825
-21025
-19375
-27450
-27950
-29400
-22325
-38075
-29150
-38150
-39650
-34800
-35825
-29925
-34750
-20875
-31825
-29175
-27400
-29450
-32475
-24325
-24750
-27650
-18650
-22175
-21225
-24250
-13575
-17600
-18850
-13000
-18225
-16225
-16100
-7300
-13025
-8925
-10175

-10875
-11350
-2900
625
-4725
2375
-1850
-1900
-4275
5975
1875
-700
775
-7125
-6800
-7525
-1800
-11525
-7050
-12275
-11800
-7125
-800
5200
-850
10650
-2150
1675
4475
9300
8700
7225
10250
2725
10525
9325
15000
8875
17500
13225
11175
16650
9550
11525
3150
8000
-525
-875
2150
1150
-300
-1875
2875
-3200
1300
-1975
300
-5150
1925
-350
-8450
-800
-3450
-4225
-10675
-2750
-8900
-10000
-10200
-12375
-15975
-15075
-10825
-20575
-15800
-21300
-18575
-21025
-13775
-12025
-18100
-9625
-13200
-11350
-9175
-6250
-12425
-11075
-15425
-19700
-18200
-20250
-17150
-33750
-22975
-32500
-34350
-32175
-34725
-31600
-38050
-31275
-37125
-30800
-29625
-21125
-32125
-24175
-28950
-31475
-25900
-29000
-21525
-27000
-17525
-20850
-19475
-18875
-15525
-17025
-18225
-11050
-14925
-11850
-17300
-10375
-14150
-5700

-5200
-4525
-4575
-8375
-1500
-3650
4550
1225
2575
-650
-825
-2050
-800
4700
-7075
-6450
-12375
-10125
-12500
-8075
-3600
-5850
-2975
-5000
1950
1400
8900
4575
5750
3275
3750
11325
5225
14600
5025
10875
9550
13650
14450
14975
18800
10150
12825
6325
9350
3275
6025
800
-525
1450
-2050
125
-3300
4625
-1425
-1525
-2025
-825
-1350
-3500
-1350
-4975
-2050
-6825
-5375
-8500
-7475
-10450
-10225
-9050
-15725
-14100
-18150
-17525
-18975
-16325
-16150
-19775
-18325
-16775
-13200
-11575
-4975
-12350
-8400
-15750
-12625
-9000
-13825
-9925
-20050
-18850
-26975
-25450
-28950
-27750
-34225
-32500
-36175
-38050
-27975
-38100
-27175
-33300
-26525
-32650
-26000
-26125
-30850
-27825
-27225
-27475
-28350
-18475
-23775
-19175
-20775
-16275
-18325
-17200
-11225
-20575
-13950
-14300
-10225
-11650
-8150
-10950

-10325
-5150
-4450
-1800
-1875
2300
-6175
-850
3075
4125
3525
275
300
-8450
-1575
-5450
-6650
-9550
-6575
-11675
-14050
-1075
-3525
3500
-300
4825
-1825
4150
10825
5175
10050
5575
8000
2750
12475
9725
14950
14775
14225
12250
12150
18900
8000
12100
8150
5975
-425
-375
5250
-2050
1500
-350
150
-1525
4900
-1975
-1450
1325
-1975
-1825
-4975
1400
-8075
-4925
-4275
-7600
-9575
-7950
-7100
-17025
-11700
-12875
-15300
-20225
-15825
-20350
-21800
-14475
-16875
-13450
-16325
-7800
-16750
-9325
-6600
-9400
-10525
-11450
-14500
-20975
-11900
-20200
-19600
-31400
-22475
-32325
-36675
-26000
-37875
-32425
-36200
-32500
-37625
-26950
-29100
-25175
-28550
-26675
-30325
-31550
-20375
-32550
-25075
-22000
-17575
-23550
-18500
-14450
-19825
-18450
-13425
-12350
-17850
-11875
-14075
-15500
-10650
-3875

-5525
-8600
-3600
-7350
-3625
1525
3675
-650
2450
1800
-3525
950
175
2425
-7575
-3675
-12875
-12850
-5075
-7125
-4675
-6500
-125
-6225
675
6375
7600
2750
8400
7850
1075
13000
9175
10825
4900
12675
11375
10350
19325
14900
15400
12275
11625
6275
11025
7575
2925
1500
1050
750
-4525
4550
-1250
-1525
725
875
-800
-2100
3400
-4675
-4325
-2975
-75
-7850
-5475
-5250
-10600
-6050
-9825
-10000
-16800
-10525
-18975
-18400
-14750
-18175
-17425
-19175
-16550
-20425
-12550
-7575
-9650
-15050
-7225
-11400
-15700
-6275
-13575
-11625
-24325
-15775
-25600
-26600
-23375
-28925
-32600
-35150
-31950
-38425
-30875
-36275
-26750
-33750
-26250
-26050
-31125
-23050
-29025
-26200
-28575
-25325
-24525
-22025
-20875
-20075
-20125
-17425
-13050
-19000
-13350
-18575
-12800
-12100
-9925
-9800
-12325
-8275

