
Curva de Excitacao - Bobina Girante (Dados Brutos)

Arquivo..............: C:\Arq\Wiggler\Medidas Wiggler - Corretoras\Bobina Tungstenio\Gap22\temporal22_#008.dat
Data.................: 31/01/2005
Hora.................: 15:19:02
Ganho................: 20
N. de Coletas........: 1
N. de Voltas.........: 10
Intervalo de Análise.: 4 - 8

-11775
-8325
-650
5425
-5825
-4600
-4700
-3275
-4000
4275
7225
-3850
550
-5350
-8225
-16850
-6900
-12825
-11975
-6400
-4575
-4600
-6975
-3275
-11725
1425
4525
11375
7875
7425
4850
-2000
8125
3150
7250
6200
17075
14025
18875
20925
7475
4475
50
8425
8950
18775
8125
-3600
-7925
-10600
-2075
2600
10525
-125
-5350
-9425
-4925
-1225
4650
5625
-9525
-11100
-11600
-6850
-3525
3500
-5725
-19600
-18750
-17600
-11325
-10275
-3475
-23025
-28475
-29450
-18175
-13025
-7725
-9975
-26675
-18250
-19350
-10175
-4975
-25
-10950
-15125
-17525
-24800
-22000
-24650
-15425
-28950
-16350
-27750
-38100
-43700
-43050
-33375
-39925
-23500
-30975
-32300
-35875
-28325
-38275
-26100
-19700
-31750
-28750
-34425
-27625
-25875
-12100
-14675
-25675
-24775
-24375
-18950
-14175
-3350
-13650
-19200
-20800
-15650
-11225
-3500

-425
-11250
-9225
-9875
-3375
-825
6350
475
-1150
650
-3975
-4175
-3700
5175
-6550
-5800
-10650
-14150
-15500
-9475
-4575
-8625
2750
25
-2250
-5875
1125
-650
7450
15375
5650
3200
-900
6425
4425
16550
16275
9750
9100
7075
14875
15600
22425
9275
-300
-4300
-1750
2550
6050
11225
-5225
-7825
-9775
-600
2825
6400
3050
-7850
-6675
-9425
-1275
1550
4175
-9250
-14075
-14050
-10750
-4375
-4200
-6300
-22700
-22175
-22550
-17850
-13550
-10400
-17525
-30075
-20825
-18525
-11025
-9425
-6775
-17350
-11625
-12125
-13025
-9825
-14575
-12250
-24750
-16025
-27750
-28225
-27775
-28050
-33125
-33750
-29900
-40875
-34500
-39675
-28325
-33600
-23300
-24300
-33800
-31875
-35250
-27225
-24925
-19300
-27900
-28200
-27625
-24650
-17725
-9400
-8850
-25025
-23225
-23650
-15850
-9550
-3525
-8600
-18200
-12925

-11875
-5500
-4250
3700
-6325
-2225
-3700
-1725
3000
2650
5200
-5425
-1700
-6750
-5450
-6725
-4725
-9400
-12350
-9350
-13675
-6125
-3975
3900
-900
6775
6050
-1250
2500
25
9200
7475
14525
6800
2675
1700
8100
16450
19625
19575
7825
7250
2750
7950
13150
14100
5225
-9100
-4450
-5750
1900
3575
6700
-1725
-9300
-6300
-2575
6150
3525
1300
-11275
-9150
-10350
-3175
775
-3575
-5900
-18875
-16600
-17325
-7800
-6275
-13000
-22750
-26200
-25000
-19825
-11925
-12725
-12675
-23500
-14075
-13550
-12600
-6175
-10050
-10550
-16075
-12825
-19100
-17675
-23300
-21900
-28650
-24600
-27025
-39450
-31950
-39425
-33875
-37650
-28375
-32175
-32900
-28925
-31725
-26975
-24600
-22700
-35125
-30625
-33475
-23075
-18225
-15825
-18300
-27825
-21275
-24325
-13775
-10125
-8625
-18950
-18475
-17700
-15050
-6350
-3500

-3975
-12975
-7175
-7600
-4000
1775
3900
50
-2275
4075
-2200
-875
-2575
1300
-6575
-8425
-10050
-11750
-7275
-9925
-5850
-8775
425
-2000
-1500
4750
1925
7200
7850
10975
-2300
3375
3025
8650
12700
14025
13825
4100
11750
8875
17600
19050
16425
5375
-1875
2025
-1025
9225
7500
2900
-9925
-4500
-5075
525
7325
4175
-1900
-10650
-3525
-5500
1175
3800
-750
-10750
-15600
-9175
-7700
-1625
-7050
-10675
-22700
-18200
-17150
-16525
-8775
-17425
-19650
-28475
-20025
-17625
-9950
-5250
-11825
-15550
-11150
-8000
-17025
-9125
-14925
-15575
-20450
-17500
-22425
-34375
-20700
-33950
-31400
-34375
-31175
-42900
-36200
-35800
-33050
-29625
-26250
-20675
-38475
-26950
-32500
-26900
-23325
-21350
-28075
-31375
-20650
-22175
-15225
-12675
-12025
-24275
-20325
-19175
-14700
-7700
-7925
-11275
-18650
-11375

-11250
-3975
-175
-1750
-6400
-1600
50
-4900
2825
4225
2975
-3975
-425
-3450
-9275
-5475
-6175
-8350
-14800
-7275
-12225
-7250
-2525
2050
3725
6225
5650
-4775
7025
2775
9850
9025
11300
7075
225
11100
9875
19400
19325
18200
4400
7175
11250
12325
14700
7175
3200
-10625
-1625
-1200
4000
4975
-1125
-1025
-8575
-3275
-750
5975
2300
-3600
-11750
-7400
-2875
-2825
625
-5850
-10350
-18200
-11925
-10750
-9900
-6600
-15850
-22325
-27725
-17850
-15775
-12875
-15425
-17375
-21225
-14550
-7075
-12800
-1125
-14600
-7400
-14250
-12000
-16375
-17300
-15400
-22925
-23000
-28700
-22625
-39300
-28025
-38875
-32800
-34750
-35800
-29825
-37500
-26850
-27575
-22900
-26450
-29900
-34375
-31275
-28950
-24425
-16500
-17525
-19475
-29800
-19250
-17975
-12525
-10450
-11175
-17950
-22025
-13550
-11475
-6100
-6200

-4225
-9800
-8325
-5100
-2500
3050
225
3025
-2475
1125
0
950
2825
-2775
-2050
-10700
-8975
-13575
-6975
-8775
-5200
-4425
-4675
-600
-4975
5850
2725
9050
5400
5800
2400
775
8775
10850
17600
8325
12075
3675
12850
15275
20725
20625
10025
7975
-2075
5025
5300
8875
2075
-750
-6750
-7925
3725
5250
7300
-3775
-2275
-7400
-4325
875
1275
1775
-8125
-7475
-13875
-8500
-2750
-1225
-10450
-17525
-16875
-20775
-13100
-14350
-10750
-21175
-20275
-24075
-20725
-10950
-11900
-6950
-13525
-9350
-16275
-9050
-11350
-9525
-14625
-12725
-13325
-24475
-20475
-32400
-23575
-34050
-26775
-32650
-38350
-34425
-35000
-34275
-32050
-26200
-32300
-24525
-33200
-27900
-30825
-23975
-21325
-30625
-26475
-28800
-21275
-20250
-11925
-14900
-20150
-21225
-19600
-15475
-12625
-3150
-13625
-13075
-16075
-9325

-7525
-4550
1300
-4975
-2475
-3875
-975
-800
3625
3375
1825
800
-4775
-2800
-7175
-725
-11850
-7075
-10350
-13125
-9275
-6050
1925
-3325
8100
1850
1875
-3050
8275
5225
10750
13100
2250
7450
1025
12225
12700
18225
17250
9850
11225
9000
12025
12775
18600
3300
-3850
-4200
350
2900
2875
7075
-6575
-3275
-4125
-250
2925
5350
1750
-7525
-5375
-8850
-750
425
-875
-11750
-11100
-11125
-13950
-7800
-8700
-8900
-23450
-19575
-23075
-21025
-13400
-13100
-15325
-21825
-15250
-13900
-8650
-10575
-3300
-13750
-11000
-9275
-17275
-13650
-19400
-15625
-26275
-21600
-28650
-31700
-34200
-29950
-34025
-37050
-27675
-38950
-32725
-34750
-24550
-27700
-24775
-22250
-32650
-34050
-30300
-24975
-23875
-15050
-21850
-23950
-25250
-17075
-14575
-14375
-7800
-19225
-17275
-17375
-12525
-13025
-4475
-1775

-13000
-8550
-6075
-2950
-5475
6075
1150
-275
1575
1400
-850
-2075
4050
-2050
-5425
-9875
-7700
-11625
-5025
-6200
-8675
-2175
-5525
-1650
-4325
9850
7525
5775
8775
200
1525
3675
13850
9025
14450
9625
8150
7400
13275
22600
14650
18725
6425
4300
1775
7450
7575
4550
5600
-5800
-4625
-2425
4400
1650
6100
-1050
-7575
-3100
700
3425
-3200
1875
-8475
-9525
-8925
-4325
-3250
-7150
-6750
-17900
-18375
-16675
-10225
-15050
-15450
-20225
-23650
-20600
-18775
-8650
-15125
-7325
-13200
-13750
-10000
-10875
-9725
-11700
-9425
-17525
-15625
-23425
-19200
-30450
-23425
-26825
-35300
-29500
-38325
-32600
-38325
-29200
-31700
-28050
-28750
-30100
-31750
-27125
-22025
-28050
-22200
-30725
-26725
-27000
-18975
-16250
-18625
-11250
-20775
-21400
-21100
-10125
-11650
-9725
-12900
-11975
-14400
-11650

