
Curva de Excitacao - Bobina Girante (Dados Brutos)

Arquivo..............: C:\Arq\Wiggler\Medidas Wiggler - Corretoras\Bobina Tungstenio\Gap22\temporal22_#014.dat
Data.................: 31/01/2005
Hora.................: 15:38:33
Ganho................: 20
N. de Coletas........: 1
N. de Voltas.........: 10
Intervalo de Análise.: 4 - 8

-5900
-2500
-1175
-7300
-8350
-7000
400
1500
5900
2025
-4500
-9250
-7675
1775
-1100
-2375
-9800
-15825
-20725
-13375
-6100
1225
3900
-2975
-3225
-7550
2850
3000
10950
7525
1525
6325
3825
9800
5875
10150
9475
11550
10350
13075
18500
13200
13225
5625
8725
2050
2600
-1575
100
3000
-1525
-1075
-3525
1925
-2425
-1175
-1150
-975
-1600
-4675
-3925
-6925
-950
-6175
-5150
-9475
-7950
-12975
-12550
-8350
-14225
-12650
-18125
-18900
-25150
-17550
-13075
-16475
-18975
-18025
-17900
-17625
-4050
-9550
-7275
-15325
-12175
-14950
-15000
-8850
-18625
-19275
-30025
-26725
-31500
-23350
-33200
-32925
-36350
-39300
-35675
-41950
-27650
-32725
-26700
-29700
-28750
-29875
-30175
-29600
-29350
-29275
-28000
-18525
-24100
-20825
-23425
-18725
-16200
-18300
-13050
-18950
-16850
-20450
-12850
-8900
-4725
-7700

-11375
-10775
-11100
-1425
525
3425
-4575
-3375
-1800
-1450
5500
2350
1525
-8075
-7725
-13925
-6225
-5925
-6425
-11025
-15725
-9175
-7550
7275
4050
7275
-900
-1725
1550
2050
12125
8700
9300
1600
7675
4550
14500
16250
15100
14700
10325
14350
6750
12350
6250
7700
1175
-1725
1025
-3000
1850
-5000
900
400
50
-5250
1500
-1250
-4675
-275
-3400
-2225
-9500
-2625
-10350
-6575
-4075
-9800
-12275
-14825
-13675
-19125
-11250
-15350
-17925
-22425
-19600
-23425
-19750
-6125
-13325
-10425
-16000
-11800
-14500
-8075
-5800
-15150
-14775
-19125
-17975
-27100
-13775
-28325
-26650
-33300
-36300
-33400
-36875
-28450
-40650
-32750
-35075
-30525
-34325
-25150
-28950
-30250
-27325
-31875
-26300
-32925
-21400
-25225
-21225
-21375
-17950
-17225
-21775
-19100
-20225
-12625
-13575
-10075
-15725
-15425
-14950
-11150

-2675
-4400
-3300
-8475
-4925
-7275
1750
4325
4625
925
-3025
-2050
-7200
1775
-2275
-5400
-11725
-11900
-15075
-11525
-1300
-4975
-975
-7375
-1100
425
4725
8100
6850
7625
-1025
7150
3200
14325
8300
10450
10950
10700
14125
10825
19775
10975
11625
7600
6625
3200
4025
1100
-900
2575
-2575
-550
-2475
2450
-2575
-750
3400
-4875
-2200
-2975
-2075
-8050
-1275
-3325
-8325
-8700
-6450
-10075
-12900
-5300
-14875
-14800
-18475
-18875
-21775
-17075
-10525
-22250
-15850
-18500
-17975
-13575
-2700
-8075
-10625
-10275
-14650
-15025
-15575
-4200
-22125
-19500
-23375
-30325
-29075
-28600
-29000
-36300
-33775
-37200
-35300
-39875
-25750
-33450
-29725
-23900
-32225
-27950
-29100
-25625
-33300
-26275
-24550
-22825
-23975
-18725
-20500
-20825
-13100
-15200
-16200
-21450
-14825
-18675
-12200
-6150
-9450
-7875

-12675
-9525
-9275
2225
1425
1075
-3000
-3625
-925
975
8425
-1300
-925
-5675
-7325
-12250
-5675
-3425
-12425
-8350
-11875
-7350
-7000
7400
4900
3025
1350
-1550
5175
3300
13325
4750
7400
7450
5675
8225
14350
16575
10925
16175
11650
11950
10400
13050
6075
3150
7475
-900
650
-525
400
-3100
1000
2150
-2700
-1175
425
300
-3900
1325
-4925
-4600
-4875
-6050
-7400
-5875
-975
-14575
-9500
-12075
-15025
-16475
-10275
-15500
-21500
-18475
-19625
-22075
-18400
-5225
-16325
-13425
-12250
-13525
-9550
-7200
-3575
-16675
-15900
-17375
-17850
-23125
-15025
-28900
-29375
-28950
-35925
-31250
-39800
-28750
-39375
-34650
-30225
-34750
-31150
-23050
-23625
-35900
-26100
-28925
-28100
-32200
-23050
-25325
-21800
-14300
-20275
-20725
-20350
-14775
-21000
-11575
-9075
-14825
-15925
-12575
-12625
-13400

950
-2500
-8500
-9600
-3300
-2300
2075
8225
-275
-575
-1600
-1700
-5425
3075
-75
-10050
-10525
-14450
-11600
-9625
2475
-6000
-6100
-2900
400
400
6975
12375
1675
5475
4025
4925
5025
15575
10900
4700
15525
9800
15250
13275
20275
10325
8950
14075
4275
4125
3500
3975
-2850
4600
-1350
-3950
2100
2250
-575
-3750
5575
-2925
-4000
-1800
-2225
-4150
-2325
-1450
-9650
-7800
-8150
-8625
-11300
-5975
-15250
-16100
-14625
-20675
-18375
-15925
-10250
-23525
-19250
-16425
-17250
-9575
-3400
-7750
-15150
-8975
-14200
-10550
-15325
-6050
-21575
-22000
-19575
-30850
-25075
-30450
-28500
-38150
-34375
-36750
-34250
-36225
-27400
-30500
-35575
-22075
-30050
-27875
-32450
-25025
-28750
-28350
-20875
-24025
-22950
-22550
-17700
-20975
-13900
-15025
-15300
-19650
-16150
-14650
-11025
-3225
-10950
-12700

-12500
-6575
-6475
1325
3150
-3775
-3000
-3750
3325
1475
7475
800
-4300
-5475
-7675
-5575
-7725
-2650
-13875
-10650
-11175
-6175
-775
4125
6300
-1650
5125
-1050
8850
6175
10250
5650
3200
9125
5575
12350
11325
18725
10325
15100
14625
12525
11200
10200
10975
2700
5575
-1725
2725
100
-2025
100
1800
3275
-3675
-350
-150
550
-1950
250
-2325
-6500
-3150
-6700
-4425
-7550
-5225
-11300
-10650
-12975
-15300
-11100
-13350
-15275
-21850
-18525
-23075
-16825
-13625
-11425
-16300
-13925
-9850
-15900
-3000
-8000
-8325
-15425
-14950
-16975
-20425
-12400
-20500
-26100
-31700
-26700
-39975
-30125
-34275
-35650
-36325
-34775
-29050
-38925
-24425
-27775
-27650
-30050
-27100
-29950
-28300
-26275
-25700
-22900
-22750
-16775
-21025
-17300
-20900
-18375
-12550
-11000
-13075
-16275
-12625
-15925
-10625
-6500

-2150
-6000
-7200
-3400
-8225
1900
4925
5025
-2650
500
-1125
-3325
2375
1550
-3625
-10550
-7000
-16675
-9300
-6300
-2175
-5275
-6200
-475
-4050
11325
4350
5550
3325
7800
1900
5125
14225
8675
8650
6300
14875
7450
18950
16100
16350
15325
8725
11525
4250
7650
1175
700
4100
2100
-1150
-1975
2450
-2250
2250
700
2375
-5000
600
-675
-8725
1500
-2100
-4950
-8875
-3450
-10075
-10900
-5800
-9350
-15400
-15825
-13100
-22125
-13525
-15225
-16350
-22025
-17175
-16025
-20875
-1625
-7225
-13250
-10850
-8325
-17550
-9700
-7825
-15050
-20000
-21900
-17625
-33900
-18625
-31125
-33675
-35475
-34400
-34925
-38600
-27450
-31400
-30800
-31975
-24400
-34275
-24575
-26525
-30050
-26325
-26500
-19150
-29000
-19400
-21675
-21425
-17100
-12775
-16125
-20875
-14400
-17225
-12125
-10400
-5600
-13775
-11700

-9425
-8925
-250
-25
2975
-5550
-550
-3600
1000
6125
5500
-900
-4350
-300
-9450
-5200
-4550
-6475
-15375
-10100
-6675
-9175
4050
2425
3150
-2675
4650
1575
8625
11550
6675
7475
3425
13325
2850
14400
14175
15500
12100
13625
18275
10100
16150
10300
7925
4200
6750
-775
75
2625
-1725
550
50
2875
-2650
1375
1100
-3000
575
100
-3825
-6225
-900
-8175
-6175
-4600
-4500
-12925
-11175
-9050
-16400
-10450
-13675
-17250
-21450
-18425
-18800
-19600
-10325
-12275
-13950
-16325
-8500
-13325
-4900
-8725
-9275
-15550
-16850
-11375
-21850
-11400
-21750
-26400
-30875
-29675
-36225
-32775
-30375
-33275
-34450
-41050
-26325
-36750
-26875
-25375
-29425
-28850
-28025
-26900
-32125
-26525
-25150
-22025
-22850
-15125
-21900
-18850
-16875
-20025
-14500
-13400
-8350
-19300
-15325
-11725
-10775
-6525

