
Curva de Excitacao - Bobina Girante (Dados Brutos)

Arquivo..............: C:\Arq\Wiggler\Medidas Wiggler - Corretoras\Bobina Tungstenio\Gap22\temporal22_#017.dat
Data.................: 31/01/2005
Hora.................: 15:53:29
Ganho................: 20
N. de Coletas........: 1
N. de Voltas.........: 10
Intervalo de Análise.: 4 - 8

-4175
-6200
-1925
-6625
-9925
50
2525
5125
1250
1725
-6450
-5400
-775
2525
50
-5475
-9200
-18700
-14450
-11225
-3925
1150
-675
-1900
-7225
4725
1550
5925
7525
9025
3450
4625
7975
4325
11250
7200
11925
7075
18075
15000
13075
15100
9850
9950
3150
5875
-1575
1050
2350
375
-875
-1900
350
-5025
2250
-2375
-925
-2675
-850
-3000
-6500
-1550
-3775
-4825
-8675
-7750
-9575
-12050
-9350
-11525
-11800
-17525
-15775
-21750
-19375
-17925
-15600
-18125
-20175
-17325
-18975
-8075
-10300
-10125
-11725
-11675
-13725
-10175
-9500
-14950
-17100
-25600
-22800
-34350
-21225
-29700
-33375
-30375
-38475
-39225
-39850
-32025
-34350
-29075
-28900
-26200
-34375
-25325
-29600
-33675
-25350
-27250
-23425
-25325
-20475
-24525
-21875
-16100
-13725
-17500
-14650
-16550
-21500
-14100
-10500
-6875
-9850
-10350

-13325
-11075
-1750
-1200
-875
1275
-200
-6025
-25
6175
3325
525
-2275
-5850
-12225
-3950
-4975
-6825
-9350
-11300
-12825
-10925
1900
1275
5450
1625
2550
-5100
4100
9525
6200
10175
6675
9050
1450
13250
10450
13025
18800
12975
12850
8100
15125
8350
8325
4650
1700
1175
-2600
25
-3325
2825
-150
-25
-3250
-925
-1325
-1900
1125
-3700
-3175
-5525
-5050
-7600
-6650
-4400
-8825
-10450
-12575
-12150
-18650
-10625
-13475
-17475
-21200
-20650
-19575
-23575
-11475
-13725
-13500
-16725
-10975
-16675
-8300
-6175
-10550
-11050
-17575
-13250
-24675
-16200
-23675
-26075
-29450
-30125
-34400
-34675
-30600
-38450
-32075
-39450
-30700
-35625
-26475
-25775
-30075
-25850
-31900
-30150
-29500
-25125
-29275
-21825
-17775
-21075
-20850
-16675
-17075
-22975
-12250
-11925
-13800
-16075
-13725
-13675
-13975
-5750

-4950
-3575
-6900
-6075
-9125
75
5025
2325
3100
-1875
-875
-5825
1275
-2000
-2450
-7225
-10150
-13775
-13450
-3500
-7375
-3525
-8225
-2850
-3250
7600
8375
2225
8850
1125
3475
525
11900
8175
9450
10100
8050
10200
14700
18750
9825
17275
9550
9700
5325
4575
4050
-475
4100
-1050
-575
-2975
2650
-825
-1475
875
-1725
-850
-3200
-25
-6250
-25
-4025
-5900
-7450
-9200
-7650
-12200
-5550
-12525
-13300
-17350
-16250
-21125
-15575
-14650
-20825
-17875
-23025
-15250
-19425
-4325
-8150
-12575
-8900
-14450
-13375
-14875
-7250
-16125
-18325
-23450
-21900
-32600
-26250
-28100
-36775
-26750
-39475
-32625
-40900
-31600
-32350
-31400
-28725
-29825
-26025
-28750
-28375
-34550
-23250
-28875
-25050
-23425
-21725
-20375
-21375
-11550
-19600
-16000
-15150
-15850
-20275
-12275
-7600
-10450
-9550
-13550

-9425
-11050
225
-2075
-2300
-575
-2900
-1100
-1125
8325
2500
1425
-6450
-4725
-8050
-5350
-3825
-9600
-7050
-14850
-8825
-10150
1925
2900
4150
5600
-1475
2300
4325
12150
3000
7275
4175
9350
7875
9050
15875
10625
19650
9175
13375
12000
12400
8500
6525
8650
225
2125
-1525
2000
-4425
2750
-325
-2000
325
-1400
725
-3825
2225
-1900
-4450
-5900
-3425
-5450
-7275
-2500
-9800
-8950
-12725
-10375
-16950
-11775
-14025
-19025
-18025
-23775
-19225
-20375
-9550
-16175
-14850
-13750
-10825
-13225
-7925
-6200
-14100
-8975
-18000
-16675
-21425
-13650
-19475
-30650
-24175
-34725
-31200
-34475
-30825
-39200
-31650
-35825
-33650
-31900
-28375
-21400
-32325
-23150
-32425
-27500
-29175
-27925
-23950
-22875
-18700
-21475
-15450
-22025
-17200
-19525
-11600
-15025
-12575
-11300
-17425
-11950
-12725
-2975

-6525
-2375
-8400
-6900
-5475
3425
4825
-625
3575
-850
1825
-3525
600
-50
-4250
-7275
-11675
-9100
-8900
-3600
-8525
-4525
-7350
-2075
1775
5475
10350
2225
7425
-725
5200
6850
9550
12275
7550
11075
9500
13650
10750
16750
14875
16175
10825
7100
9850
1450
4825
-25
2350
-1175
275
-800
-1925
1375
450
1050
-3725
-1850
-1575
-1425
-4750
-1375
-2025
-6850
-6325
-9025
-7000
-10025
-6100
-12025
-15650
-14675
-17400
-17025
-17350
-15875
-20625
-18825
-21250
-16400
-12975
-6700
-6475
-12925
-8175
-17325
-9950
-10200
-10725
-15225
-17675
-19275
-25625
-26100
-27950
-27075
-36725
-26525
-37625
-35475
-33500
-35800
-28150
-31750
-24950
-31225
-25525
-27800
-27850
-30550
-26375
-27675
-25025
-20550
-23650
-18600
-20650
-13150
-17900
-14725
-17375
-18175
-12450
-11975
-7875
-10500
-8075
-16100

-9400
-4475
-1900
-1925
25
75
-5750
1675
4400
6300
1150
1725
-4450
-7375
-3000
-4800
-4350
-10000
-8150
-14425
-10450
-3275
-150
3600
1525
4500
-2100
7325
6525
6975
6175
7625
7325
5400
14575
8700
13975
11700
16400
11350
14425
16925
11300
12825
6150
5900
175
3700
0
-300
1475
950
450
-1950
2525
-3300
950
800
375
-3475
-2275
-1975
-8075
-2625
-3725
-6125
-10250
-6950
-11600
-15575
-9100
-12325
-16425
-20225
-15950
-23150
-19650
-14625
-15275
-14875
-15900
-10025
-16950
-5575
-6150
-7925
-13275
-7775
-16225
-18725
-13125
-22150
-19800
-29700
-21575
-35050
-30250
-30700
-37600
-34150
-35975
-32575
-35475
-24175
-29800
-25225
-28250
-24675
-32375
-28500
-21300
-30300
-23600
-20225
-18050
-23225
-17675
-16925
-19625
-15550
-10600
-13825
-16975
-11575
-14600
-13000
-8550
-4150

-7175
-6650
-3475
-7650
-2050
3425
4800
-1975
2425
1500
-900
3075
375
-975
-5825
-5150
-14175
-9700
-6025
-6425
-5175
-6625
-825
-6300
5750
6925
5075
4150
10225
4425
2925
13275
7575
10550
5150
13125
9400
14925
19525
12525
16050
15400
13775
4950
11125
6450
1450
1625
3650
-425
-4225
4875
-3400
525
850
1875
-2400
-1525
2350
-5825
-600
-1925
-3675
-8950
-3025
-8225
-10150
-2650
-8775
-14650
-15725
-10200
-21725
-14525
-12750
-19100
-20050
-17875
-14950
-20575
-6750
-8525
-12400
-13625
-6025
-14900
-11675
-2425
-15275
-13175
-22000
-15450
-29850
-22350
-21875
-30525
-32325
-28025
-35675
-40625
-30425
-35825
-28725
-32675
-27150
-28350
-28825
-23750
-30825
-26425
-26100
-25150
-27450
-20625
-22050
-21375
-17600
-14550
-15025
-18575
-11750
-18625
-12650
-10325
-8025
-14125
-11425
-7950

-10925
-3725
-925
-600
-5400
1100
-625
-1150
4550
4275
2975
-2900
1400
-5600
-1625
-4275
-6975
-10050
-11650
-8375
-9900
1625
-1075
2800
-825
5550
2000
5025
12750
5675
8250
3025
10050
6125
12725
12000
12400
15850
14625
16050
12175
18450
9725
11300
7500
5650
3175
350
4300
-2875
1925
250
1575
-2500
1825
1575
-1950
2450
-1350
-1000
-6050
150
-4900
-3075
-3800
-7200
-7325
-11750
-8075
-13400
-9775
-14800
-14875
-18300
-18300
-20025
-16575
-12025
-18600
-13150
-17000
-11100
-12725
-6600
-5375
-12350
-8925
-15150
-13350
-16825
-9825
-23425
-19825
-27775
-26550
-29725
-32975
-25800
-42275
-28775
-34950
-33750
-33475
-28675
-28425
-26500
-24650
-28975
-29350
-29975
-22750
-31325
-20275
-21725
-19750
-19125
-21550
-16675
-20025
-10825
-15375
-13175
-14600
-12975
-15075
-8975
-5350
-9600

