
Curva de Excitacao - Bobina Girante (Dados Brutos)

Arquivo..............: C:\Arq\Wiggler\Medidas Wiggler - Corretoras\Bobina Tungstenio\Gap22\temporal22_#015.dat
Data.................: 31/01/2005
Hora.................: 15:44:01
Ganho................: 20
N. de Coletas........: 1
N. de Voltas.........: 10
Intervalo de Análise.: 4 - 8

-10475
-9900
-9350
1950
-1750
2550
-1100
-5825
-6725
-1350
6975
2025
5525
-6075
-9325
-17625
-11025
-9800
-6350
-2725
-8225
-3950
-9375
-950
-4075
1925
-750
3850
13450
9725
11450
-400
2275
-2825
4475
9600
20550
19575
13825
13850
5525
10600
6600
11225
8125
7250
4000
-1925
1100
-6025
-1475
-3175
2975
-1450
1600
-2575
-2050
-2700
-3825
50
-6375
-2100
-8100
-4700
-9425
-6375
-5575
-10850
-10275
-17550
-13125
-18900
-11175
-16750
-20175
-22675
-19800
-17675
-18475
-7200
-17650
-14200
-20375
-13400
-9500
-4625
-1350
-11425
-18275
-28300
-23550
-27175
-12825
-21425
-20550
-29925
-39625
-37425
-46475
-30650
-36375
-28750
-30475
-30150
-32450
-26950
-31450
-32475
-27075
-31250
-22400
-30275
-24825
-26600
-22300
-18975
-20375
-14100
-21550
-19425
-22700
-12250
-12625
-10175
-12475
-16175
-14300
-14425

-2775
-4350
-850
-9925
-5950
-4775
1575
5400
3850
2475
-7525
-4875
-6150
3125
-750
-1850
-10225
-18050
-16425
-14925
25
-1500
3000
-4525
-2850
-3475
2300
7775
5500
11000
1800
6375
3600
10300
7675
6825
13925
8575
15450
10975
18550
10375
14175
8375
6300
5125
-750
1450
-2150
4050
-675
-1675
-3650
1200
-1600
-3550
2950
-3700
1000
-5450
-4075
-5775
-1250
-2750
-8075
-8325
-10450
-10350
-13500
-7125
-15300
-13100
-18175
-21550
-21900
-18225
-12150
-20700
-17675
-18875
-18675
-13200
-4850
-9725
-12200
-10725
-15200
-10450
-15925
-8675
-23150
-22875
-24625
-33175
-23375
-28050
-26325
-37350
-33250
-40350
-36725
-37975
-27750
-29925
-30925
-24600
-31100
-27400
-34225
-27625
-28850
-26950
-25000
-21925
-20925
-23175
-19550
-19375
-11900
-18675
-11625
-19075
-18125
-17525
-11350
-4150
-9925
-7625

-13575
-9975
-9000
1175
875
125
-1475
-3900
675
-725
8925
50
-2200
-6800
-9125
-9025
-6275
-1575
-10800
-9925
-15550
-6725
-4875
4900
5800
2975
2750
-3400
5600
3650
14125
7025
6775
7425
3150
11925
9875
16750
12125
17400
11575
11275
10875
10100
9325
5250
5425
-3600
225
-1925
-775
-2750
525
5200
-3950
-2225
-1450
-675
-2175
525
-2925
-6625
-4575
-4600
-7800
-8050
-2300
-11425
-12775
-13300
-15800
-14400
-12750
-14025
-21575
-19900
-21450
-22050
-17025
-9350
-12850
-15800
-11725
-16950
-7275
-8850
-5075
-15325
-15325
-15300
-21800
-19350
-20375
-24425
-31025
-27675
-37175
-33525
-35350
-33425
-34775
-36050
-27250
-35850
-27050
-28550
-24950
-29925
-29225
-28875
-26350
-29375
-25425
-21225
-25300
-14475
-19700
-16925
-23125
-19025
-14625
-13250
-10925
-13800
-15225
-17425
-10275
-9475

-3175
-3600
-4725
-7525
-7900
-1825
2150
5075
1775
1200
-2775
-3400
-775
275
-825
-9175
-9525
-14125
-11000
-9350
-1575
-1375
-6900
-1125
-3675
8825
3375
6200
5850
3275
5750
2575
10100
9100
13350
5450
11425
9725
14400
15050
14000
17725
7675
11600
4775
7525
25
2275
3675
-125
375
-1900
-50
-3100
575
-700
1100
-3250
-1850
-1225
-6875
450
-3375
-4025
-9825
-6800
-7950
-13650
-6225
-8200
-13950
-18250
-15050
-20925
-17675
-14550
-15425
-20600
-19725
-14325
-20975
-5975
-8825
-8675
-12250
-12875
-14175
-13600
-7275
-15200
-15075
-24825
-20125
-32375
-21250
-29925
-32500
-30975
-38300
-35325
-42325
-28450
-33075
-29350
-29775
-24475
-30325
-28475
-27400
-33700
-25200
-28600
-21150
-25600
-20725
-22075
-22000
-15450
-14275
-13400
-18600
-17300
-18100
-13250
-10275
-7000
-9600
-10550

-11225
-11675
-1550
-1100
2225
-1475
-1725
-3625
-150
6925
3275
1350
-3525
-2550
-9800
-4325
-5650
-7025
-8975
-12675
-9575
-11275
2475
1850
6375
1350
275
225
4825
13900
6300
8000
3575
10975
2850
11850
15475
12650
18200
9975
16675
10025
13675
9325
5525
6625
3975
1425
-2350
1800
-3100
1725
-1000
-25
-1275
-1425
675
-4425
2875
-2000
-2325
-5600
-3300
-8475
-7100
-1200
-8800
-10550
-13500
-9100
-19625
-9275
-13650
-17300
-20400
-20250
-18775
-23275
-9075
-13850
-16200
-15575
-8325
-15700
-6725
-3475
-11700
-10400
-18750
-13575
-25150
-13800
-19750
-27975
-26625
-31450
-31200
-37700
-31075
-37300
-33425
-37625
-27550
-34300
-28125
-23425
-29000
-25525
-31700
-25575
-29400
-25925
-26175
-23900
-17350
-18875
-18950
-22050
-15775
-21550
-13550
-12450
-10750
-15225
-13750
-10950
-16025
-4300

-4650
-3050
-10400
-4925
-5525
-775
4625
3300
1825
-2150
1875
-5150
500
2125
-1475
-8725
-11575
-11400
-12800
-2150
-5875
-2600
-6525
-1825
-1500
4175
11825
3700
7000
2400
7400
2800
11150
9525
6950
12450
9700
16650
10800
17400
12725
14950
10450
10300
7825
3325
6025
-2475
3950
900
375
-4200
1825
1400
-1550
1950
-950
-300
-4450
875
-5650
-2175
-1475
-5150
-7275
-9350
-7300
-11225
-5825
-12400
-13800
-14800
-17025
-19375
-17275
-11850
-20175
-18025
-21225
-16950
-17550
-6000
-6075
-14275
-6275
-14225
-10075
-15050
-8175
-14150
-18250
-19600
-23925
-26200
-28075
-24525
-37800
-28125
-38325
-31950
-38200
-34500
-25900
-35075
-27675
-28550
-25375
-30475
-27450
-29800
-26500
-27725
-23700
-21300
-25000
-18675
-20850
-13725
-18200
-15150
-16425
-16750
-15575
-14125
-8425
-10400
-7650
-13500

-9875
-9800
525
550
-1450
-775
-2250
175
-1450
6450
1700
1050
-1575
-4800
-4675
-6825
-2150
-10075
-9850
-14450
-7850
-4950
350
2800
750
7575
-1575
5000
3450
10000
5500
5100
6800
5675
12125
7450
15050
11750
17675
12125
13200
15975
10325
12975
5550
8875
-925
2225
1700
-375
-1150
1600
3250
-3075
800
-2425
100
-1625
2325
-1525
-5250
-1425
-5425
-5025
-6800
-2025
-9275
-10475
-9875
-13825
-12875
-12425
-11225
-20525
-16550
-22775
-20525
-15850
-11775
-13650
-16750
-9800
-15875
-10125
-5400
-6275
-15050
-9750
-14025
-19300
-14300
-18825
-16925
-32850
-21900
-34375
-33500
-31125
-33875
-35850
-36100
-29525
-35175
-30150
-29550
-23725
-30500
-23900
-29250
-30400
-25225
-28625
-21500
-26000
-16500
-19325
-19325
-20500
-17975
-16600
-13225
-10550
-16750
-13400
-15650
-10950
-10975
-5900

-4200
-5850
-5025
-8200
-3625
2175
6450
-650
900
1550
-1125
75
575
1650
-8625
-4075
-10125
-12900
-9375
-3800
-6400
-8000
-1475
-4100
3675
3950
8600
1725
4975
8275
2150
9800
8875
14175
5150
10950
11025
13475
18250
14500
17400
11700
16275
7425
7700
5250
3850
1450
525
2550
-3500
2300
-1725
75
300
3275
-1175
-3875
3250
-3800
-4475
-1100
-1700
-9275
-5975
-5575
-10400
-7325
-6975
-9775
-19400
-10000
-18400
-19250
-14775
-14900
-20325
-22200
-12700
-19950
-13250
-7125
-3900
-16600
-7925
-10250
-14050
-4775
-11100
-11100
-25025
-15375
-24525
-28975
-25175
-27275
-31775
-34650
-30125
-39575
-32200
-34575
-27750
-35975
-24525
-25050
-31550
-25075
-30650
-26950
-29275
-22625
-26350
-25475
-19975
-19550
-20700
-15100
-10350
-20650
-14875
-16150
-14300
-15675
-5375
-7175
-16225
-10200

