
Curva de Excitacao - Bobina Girante (Dados Brutos)

Arquivo..............: C:\Arq\Wiggler\Medidas Wiggler - Corretoras\Bobina Tungstenio\Gap22\temporal22_#009.dat
Data.................: 31/01/2005
Hora.................: 15:21:33
Ganho................: 20
N. de Coletas........: 1
N. de Voltas.........: 10
Intervalo de Análise.: 4 - 8

-10050
-3625
450
-51000
-6825
-5925
900
-4550
850
150
3750
-1300
-1400
-525
-8875
-10475
-14825
-13300
-11075
-4375
-2650
-4950
-1125
-10200
-5550
-1300
8175
1775
9175
9625
4025
6650
700
4400
-5275
12625
13100
22550
19775
14000
4025
-750
8675
7625
19000
12225
1650
-9500
-5750
-3075
-1825
5950
2875
-3975
-9300
-3300
-1225
3050
4625
-2050
-12025
-12950
-4450
-2375
-875
-6000
-12000
-19200
-15750
-10500
-9900
-7100
-18275
-24825
-27700
-23500
-14575
-11725
-12275
-19625
-22650
-18950
-11375
-13050
-3200
-7550
-10475
-13650
-19800
-18650
-29400
-18000
-23850
-20325
-23500
-24400
-43725
-40975
-42450
-39500
-28675
-31675
-26350
-39500
-28525
-32625
-28800
-25625
-26400
-32925
-32200
-28450
-27050
-17025
-19325
-17750
-30425
-20525
-19750
-13875
-10825
-14100
-18800
-21000
-14125
-14075
-6375
-7425

-8600
-12125
-6650
-4050
-4175
2675
175
-1000
-1025
1925
-125
-5175
-2350
-700
-4100
-8225
-8900
-14325
-13000
-13625
-7250
-1400
-500
2125
-6325
700
-2975
6925
10350
9075
5425
-225
4525
4625
14550
9200
13700
4875
11175
11350
16825
21450
10125
6975
-3475
3100
2050
5875
5075
-1475
-4275
-6900
-2425
2250
6875
-1900
-4000
-7575
-6225
-1900
400
2900
-5850
-9950
-13675
-10000
-2975
-5375
-8400
-15950
-18000
-22575
-13750
-12650
-14275
-22375
-22275
-23450
-22525
-10075
-12700
-9450
-17125
-11650
-13125
-12375
-8850
-8875
-15900
-16750
-16250
-27075
-21000
-33075
-23375
-32575
-28600
-30600
-39825
-36525
-38475
-37275
-34825
-25375
-28375
-26325
-35125
-29500
-33100
-25875
-21700
-30175
-28500
-29850
-23800
-20975
-13500
-14300
-17275
-22750
-21800
-17175
-12600
-6975
-14300
-13600
-14150
-12175

-7675
-3600
-1800
-7475
-1875
-900
-2750
-2700
3200
2175
-1300
-200
-3300
-4200
-7300
-4525
-12075
-8575
-8900
-11700
-8775
-9325
-1125
-1575
7700
2725
125
-3250
3825
4300
7775
18825
4075
5650
-925
6200
9450
21700
19825
9800
10500
6825
9025
10800
15825
4325
-2050
-4625
-5425
1275
4050
4600
-5250
-3900
-5000
-4900
2150
6050
-200
-10725
-4300
-9175
-4900
-675
1025
-10725
-13375
-11700
-16075
-8850
-10350
-10450
-22800
-19400
-23525
-20900
-12675
-15125
-18800
-19175
-13900
-19025
-9675
-9750
-8500
-16100
-9000
-8350
-20725
-11650
-20850
-20425
-28200
-19925
-28750
-32475
-34925
-31800
-39175
-35850
-28850
-42200
-32550
-33700
-30275
-30500
-22425
-23975
-35725
-32475
-28250
-29825
-25225
-14775
-21800
-25400
-24025
-16900
-16175
-14100
-8600
-19800
-18625
-15725
-13375
-11250
-6625
-7550

-11450
-7900
-7725
-4325
-3900
3950
-4425
-625
4500
75
-1100
-1475
1300
-7150
-1525
-7450
-10925
-13050
-4825
-10625
-11400
350
-4525
-1475
-5275
6325
3025
8325
11950
800
2100
3250
8825
6750
16375
7750
5200
6350
12575
16500
15325
25575
5700
2875
600
7125
4850
5650
5775
-7350
-5775
-4350
1475
2450
3500
-2075
-6375
-4100
-4625
2100
-900
1800
-10625
-9675
-10275
-7075
-2700
-4475
-9850
-20425
-15550
-16625
-11600
-17250
-12525
-23000
-24250
-21800
-18075
-12125
-15425
-7825
-14850
-12300
-10350
-10800
-11775
-13025
-10900
-18325
-14825
-24950
-20150
-33600
-24575
-31175
-31825
-30400
-39900
-36850
-38650
-31400
-33750
-27925
-28850
-28750
-33775
-29700
-26425
-28675
-20425
-31275
-29425
-27300
-19475
-19475
-17400
-13875
-22875
-20775
-18525
-11275
-15250
-9425
-12700
-15725
-14925
-8925

-5150
-7950
275
-5575
-2575
-2250
2250
-3200
700
4775
325
-175
-4600
-675
-9175
-4600
-8725
-9925
-10775
-11325
-9575
-9500
1275
-1725
7050
2200
3225
-2300
6000
11750
7175
10500
2400
8325
350
13375
15775
15650
16250
8775
9425
8250
16575
12325
10300
3300
-1700
-4750
800
6825
-50
2050
-3925
-3800
-5950
3650
3850
-825
1300
-7475
-6725
-7125
2900
-2575
-5350
-10300
-11400
-13200
-10425
-4975
-14425
-12275
-19375
-22700
-23625
-14700
-13175
-18675
-16900
-19675
-17550
-14075
-6600
-14450
-7000
-9700
-12125
-11175
-17325
-10650
-24825
-15775
-23100
-25400
-29750
-28900
-33875
-36025
-32600
-36000
-32700
-37925
-30025
-36725
-27500
-22950
-27600
-26500
-34925
-27550
-31600
-22950
-22825
-18875
-24400
-22575
-23375
-21200
-12300
-14425
-12850
-19925
-15750
-19025
-12050
-8750
-8225
-7850

-10300
-4450
-9250
-1150
-2850
3825
-25
225
-900
-600
3700
-3025
375
-2200
-2725
-13350
-8725
-8000
-10525
-7725
-6900
-1925
-8125
350
-1700
6125
6925
8650
5825
-1800
7800
1225
12100
11275
13450
5425
8450
11025
12500
19425
19075
16100
1600
8375
4025
4375
8625
3950
-1275
-5950
250
-4575
2375
4850
3000
-6325
-5250
-1900
-1625
4325
-3350
-4225
-9550
-5050
-11525
-5225
-425
-8500
-13400
-17775
-13500
-17700
-9100
-14425
-19600
-23975
-18900
-19025
-21050
-9725
-13850
-10625
-13900
-9525
-10625
-12800
-8425
-14075
-15425
-15925
-13250
-26875
-20000
-29350
-26250
-30775
-30175
-28550
-43150
-29375
-37125
-33800
-32650
-27275
-32025
-30775
-26450
-27625
-25900
-27025
-21700
-37050
-24325
-25025
-19675
-16275
-15850
-17525
-24750
-15400
-18600
-13500
-11750
-8200
-19375
-12950
-9350
-11700

-5850
-3525
-350
-9075
-325
-725
-3625
225
4700
3175
-1550
2325
-3800
-4525
-6150
-1950
-10950
-9425
-7400
-14800
-6400
-5175
1775
-2975
6600
850
-175
5300
7275
8550
6700
11950
-2550
5300
8425
17125
14000
15975
16575
3375
15850
13425
14025
10800
13750
1100
-5075
1775
950
4825
650
1450
-9150
475
2275
-1300
2550
1600
-1725
-10075
-2625
-2425
-975
-2500
-4225
-12700
-12650
-5650
-9425
-9900
-12950
-11475
-22900
-19400
-16600
-17450
-13675
-19625
-18050
-21975
-13925
-11150
-8675
-11050
-6900
-12175
-14025
-7050
-19125
-10450
-19800
-16100
-25450
-23375
-27825
-34000
-32575
-31750
-32775
-38150
-28675
-41425
-30800
-31275
-25700
-27300
-28075
-22875
-37650
-30300
-26675
-24900
-25350
-16075
-24500
-26700
-18550
-14150
-13375
-18850
-10000
-21000
-16225
-13550
-11300
-10625
-7600
-5725

-13550
-6100
-4000
-3050
-3775
4275
-350
-325
4550
-1925
700
-700
4225
-4750
-6225
-6250
-11675
-9875
-5750
-5950
-12125
-625
-5050
-1775
-675
10025
9125
850
8175
-2125
6200
6850
12550
7325
9450
9625
5100
13675
17425
21450
11575
15975
4300
5050
9275
10325
5925
-1975
3600
-5925
-3275
1675
4775
-975
-425
-2675
-5100
-550
2150
3450
-5850
-4375
-8275
-6825
-3500
-4400
-5525
-10450
-10950
-18850
-13475
-10650
-12250
-18525
-17800
-20175
-24300
-15625
-15575
-11800
-18125
-8050
-12300
-14500
-5150
-10650
-9450
-13675
-10300
-19325
-18400
-24650
-19150
-28875
-24575
-27225
-36900
-31475
-40575
-31600
-38700
-27300
-31200
-30125
-30925
-27925
-28550
-27475
-22050
-30300
-25600
-32550
-22900
-23850
-19025
-15375
-20875
-15800
-21750
-17575
-16050
-9300
-13175
-12675
-14300
-12900
-10600
-9050

