
Curva de Excitacao - Bobina Girante (Dados Brutos)

Arquivo..............: C:\Arq\Wiggler\Medidas Wiggler - Corretoras\Bobina Tungstenio\Gap22\Temporal_#001.dat
Data.................: 31/01/2005
Hora.................: 13:26:02
Ganho................: 20
N. de Coletas........: 1
N. de Voltas.........: 10
Intervalo de Análise.: 4 - 8

-3525
2575
-10700
-2040
-8875
-5725
2800
-425
6000
-12225
-3050
-2750
-4175
625
-6975
-8200
-17825
-8250
-5350
-3700
3800
-9700
-4325
-5425
9125
6250
4625
2650
-4000
8525
3000
9975
3925
7500
9525
9275
22700
11425
19850
11975
9575
12600
6950
12050
-4825
-6250
-6800
-4300
3525
-2450
-3950
-10500
-7500
-3550
2950
1750
-5550
-7875
-11125
-5875
-3200
-1700
-6425
-13250
-16400
-18375
-10825
-6925
-6275
-17325
-25600
-28825
-19825
-17400
-18600
-26075
-35200
-35175
-29800
-17375
-18850
-15250
-20850
-23175
-19050
-10000
-7650
-11575
-19525
-19950
-19225
-18825
-17750
-28975
-29750
-32300
-31450
-32825
-42025
-38050
-40525
-42650
-40250
-37500
-37325
-33325
-31000
-39075
-30325
-28850
-26125
-34650
-31425
-28625
-27100
-14375
-22025
-25400
-25800
-23450
-16275
-16225
-10025
-17325
-17025
-18800
-14100
-5325

-4725
-3950
-16150
-7125
-9850
2600
1375
-1275
-5125
-6125
450
-4975
-1925
-4600
-7600
-10175
-11175
-6900
-7900
-1225
-7300
-6875
-2450
5825
6875
-225
1400
-2775
7350
10500
6525
8800
900
10525
9475
15775
14775
11000
16925
8700
12500
12925
14850
3900
-4000
-6575
-3975
2225
-550
-3400
-10875
-8875
-3700
-75
4250
-5450
-4575
-11025
-6575
-1700
-4250
-2425
-12000
-12325
-17800
-10400
-8775
-6675
-14225
-24950
-22850
-21925
-11900
-17650
-22250
-31675
-36850
-25375
-24775
-16400
-23625
-21900
-23650
-21240
-7700
-13175
-6600
-17175
-18875
-18475
-16875
-12825
-25150
-25050
-34350
-25400
-31150
-34025
-36275
-41875
-35325
-44850
-36050
-41325
-34900
-31925
-38025
-31400
-30325
-27425
-33825
-32775
-32450
-27625
-21300
-19975
-27150
-28425
-22600
-20300
-13475
-12850
-15400
-21175
-19175
-12600
-8525
-5000

-5550
-12000
-8775
-9550
-1175
2550
-550
-4075
-5575
-2275
-3125
1450
-2100
-4925
-8700
-10125
-7900
-8500
-2950
-4850
-8300
-3200
-1900
3650
125
2600
-1525
3150
10800
4500
6725
1150
6750
11625
14575
16175
9375
15925
10525
16575
16425
16300
8050
-2825
300
-3825
4900
-600
-2725
-5400
-10650
-1200
-675
2875
-1600
-6400
-6250
-11150
1925
-3150
-2125
-9100
-13275
-11825
-11475
-2950
-10500
-10575
-20500
-22575
-18675
-18550
-10600
-23275
-26075
-36875
-32450
-19175
-25300
-17875
-29150
-18300
-24725
-10250
-5200
-13175
-6475
-21475
-14025
-21300
-10275
-20400
-22950
-25525
-34750
-23550
-39200
-31475
-44800
-38050
-35675
-44975
-32975
-45150
-30725
-38675
-33650
-29450
-30800
-28050
-36875
-29875
-33675
-18400
-24625
-23500
-25675
-27675
-15350
-20075
-7725
-19475
-21150
-18975
-17675
-6225
-10175
-4175

-14125
-9275
-9275
-3750
3400
-4375
-1100
-8550
-2200
-1975
1125
625
-8250
-4175
-11075
-6700
-6000
-6800
-2450
-10700
200
-5250
2425
3275
1175
4100
125
9600
3925
8100
4475
3450
8850
10075
14825
7925
11350
10400
16400
21525
13425
11100
-1550
1875
1300
3525
6225
-6025
-1600
-8375
-2900
1550
-1900
4650
-5800
-4925
-7675
-2700
1625
-4350
-5700
-13600
-14075
-8000
-5950
-6475
-12525
-14825
-21200
-16650
-13350
-15000
-15550
-26675
-28450
-33475
-20425
-19625
-24800
-24425
-32625
-20650
-17350
-7225
-13350
-13700
-12425
-19825
-12850
-17400
-12175
-23550
-22675
-29425
-29050
-24725
-37900
-29750
-45150
-29775
-41300
-36400
-35950
-41875
-32325
-37725
-27800
-34450
-30650
-33400
-31275
-27125
-28275
-18350
-32025
-21500
-27425
-23125
-14100
-17275
-10425
-27700
-13775
-19300
-10275
-5900
-10250
-9225

-16700
-5375
-8200
1050
-1550
-2975
-2550
-6775
1650
-2000
2425
-3600
-8350
-3425
-10125
-75
-8025
-5375
-10475
-5925
550
-5950
3050
-950
3350
2375
5825
7850
2875
11425
425
10100
8925
11250
11900
5625
16275
12675
24300
20250
11500
6200
1925
5725
4550
2700
-2700
-8100
-4625
-5500
1275
-1525
750
-2675
-5275
-6175
-2125
-625
-300
-6500
-10400
-11950
-6850
-2950
-5175
-10650
-15100
-17175
-16100
-10800
-12575
-15500
-22225
-28425
-28875
-24525
-20600
-19875
-27975
-31225
-30775
-16650
-10100
-13100
-11025
-14900
-13050
-12800
-14875
-14675
-18050
-22250
-22525
-29825
-24750
-29700
-31200
-35100
-37100
-36300
-37225
-38600
-39275
-39400
-34275
-29100
-29300
-33000
-31675
-34400
-29050
-27350
-25900
-25700
-29100
-22225
-27550
-16725
-15350
-16700
-19700
-22750
-15050
-15425
-6025
-10400
-12275
-13025

-10900
-2825
-4900
400
-4300
-4275
-3600
-2675
3075
-1275
1775
-5900
-6375
-6425
-5025
-2875
-8150
-7200
-8325
-2250
-3525
175
475
-275
3675
2575
7400
-1075
5850
4900
6150
9575
7475
13475
7850
10250
13025
19800
24325
13775
12625
5875
9500
10225
8350
1075
-7525
-5950
-5475
2650
-2175
-175
-1700
-5550
-1000
-3325
4200
-2825
-1150
-6975
-10850
-6900
-4600
-1425
-10450
-11175
-18050
-14600
-7075
-13450
-14050
-22525
-22350
-27900
-22950
-18700
-23325
-21650
-35875
-26100
-25925
-11425
-11475
-17425
-11100
-19350
-7450
-10675
-13075
-15100
-19500
-18550
-25250
-23525
-28750
-24125
-31075
-34350
-35725
-39450
-34875
-44100
-37900
-38725
-33075
-27800
-34950
-31550
-34600
-28575
-25875
-25900
-28600
-27975
-26600
-23775
-19750
-18175
-18025
-21550
-19675
-18700
-14800
-8325
-8900
-12750
-15975
-9900

-8800
-3750
-3625
-5825
-4500
-2650
-1575
600
1275
-450
-1825
-4875
-4000
-3375
-150
-6375
-7350
-10600
-6575
-5250
-850
1400
-3350
3625
3600
5325
175
2500
8275
4650
11325
7375
9175
9925
9900
14925
14900
21675
16250
12775
10325
9250
14175
8975
6725
-7900
-4650
-6250
-375
3300
-2875
-1300
-7475
-825
-2225
-200
2150
-5525
-2800
-9325
-5550
-2750
-5475
-3700
-14175
-11625
-17300
-5475
-8725
-14525
-17200
-25400
-18750
-24275
-16975
-23825
-26700
-25725
-33700
-19775
-23250
-7900
-17025
-16850
-13575
-16000
-3650
-16300
-11575
-20625
-15600
-18400
-22850
-21950
-32900
-25575
-38550
-28425
-41300
-34875
-32400
-44350
-31925
-44325
-29400
-37150
-31050
-30425
-32425
-25825
-29825
-27925
-34225
-23875
-28200
-19400
-16575
-21100
-17525
-24250
-14600
-20475
-9400
-10650
-15850
-13175
-15500
-8100

-7900
-700
-5650
-8000
-3450
-3925
2975
-3750
3900
-850
-1975
-1250
-6575
625
-5950
-3675
-8725
-9175
-2100
-5900
975
-5150
-250
4800
2600
6700
1050
6925
4825
9375
9800
5275
6775
7675
17075
11700
19050
15375
15850
15275
9875
17900
11100
8450
250
-6300
1150
-3700
4025
-1075
-3875
-3350
-5625
2775
-775
3450
-4575
-6475
-3625
-6100
-2000
-5400
-4525
-8450
-13525
-10050
-10750
-4950
-13175
-14800
-20600
-22050
-17125
-19925
-17725
-29625
-26200
-28850
-28800
-17975
-21425
-11000
-19725
-13400
-14575
-9200
-5675
-12075
-10025
-20775
-9625
-23175
-16525
-27800
-28050
-26400
-36050
-28025
-44500
-36275
-38800
-40600
-35900
-40525
-27800
-38625
-26700
-34450
-25500
-27850
-27000
-27200
-32775
-23775
-26750
-16125
-21900
-22700
-20400
-22350
-10250
-17700
-6725
-16850
-14675
-11175
-14325
-4025

