
Curva de Excitacao - Bobina Girante (Dados Brutos)

Arquivo..............: C:\Arq\Wiggler\Medidas Wiggler - Corretoras\Bobina Tungstenio\Gap22\temporal22_#004.dat
Data.................: 31/01/2005
Hora.................: 15:03:26
Ganho................: 20
N. de Coletas........: 1
N. de Voltas.........: 10
Intervalo de Análise.: 4 - 8

-6200
-10125
-7525
-3000
-2700
1750
-2075
-2875
-6200
-1500
3900
4750
2050
-2725
-10150
-19325
-11750
-11675
-3525
-6000
-3775
-5875
-8025
-4200
-4925
2350
-50
7075
6975
12550
6625
3575
2325
-925
3800
8625
22975
16625
17375
10350
6425
7000
6525
13425
9875
8075
50
-1900
-2975
-2175
375
-625
-150
-1975
-300
-3300
-625
-1750
-550
-3600
-6900
-3500
-7000
-2775
-8550
-5400
-9975
-11500
-12750
-11475
-14050
-17125
-13150
-20900
-19425
-24425
-14975
-20125
-17275
-12500
-15975
-13500
-19400
-10650
-11875
-2575
-6375
-7325
-19450
-23975
-24500
-26675
-13775
-23575
-17675
-33025
-35500
-43450
-41400
-37525
-33225
-27150
-32050
-27550
-33675
-26825
-33700
-27450
-29975
-33000
-24175
-29150
-24600
-24350
-19625
-24075
-21225
-17275
-17925
-19600
-19950
-13550
-13350
-9400
-14175
-13550
-14925
-10725

-6500
-3525
-875
-9025
-4125
-4975
2225
800
7675
650
-6075
-6850
-2825
800
-2975
175
-11800
-15050
-20075
-11975
-5425
100
5275
-5150
-1850
-4350
3475
2075
10625
6300
4400
6925
2575
12325
6225
14375
6450
11000
12950
13950
19525
13525
13500
3400
7175
2125
5125
-275
150
2400
-3475
1425
-4475
2375
-1675
-100
-3300
-175
-1200
-5700
-2150
-5600
-1750
-9450
-4575
-9450
-7400
-10700
-11850
-11100
-16750
-10025
-18800
-17525
-22800
-17575
-16400
-19225
-16700
-18300
-13975
-16525
-5300
-12775
-7600
-14000
-13350
-12450
-15425
-10000
-21300
-19200
-29425
-27800
-30000
-25200
-32675
-32075
-35950
-41150
-33375
-41300
-27100
-31875
-24600
-30825
-30100
-26300
-32750
-25925
-28275
-25950
-29425
-20375
-22375
-20975
-20950
-16250
-15975
-20850
-11575
-19250
-15550
-19025
-9800
-10800
-8775
-7200

-11875
-9300
-9050
-150
-1575
2775
-3225
-2050
-2575
575
5425
850
850
-8400
-6425
-9400
-6175
-8200
-6475
-9425
-15400
-7025
-5950
4975
2525
9025
-1725
-4125
3800
5150
12500
5875
11425
1175
6875
7425
12600
15300
16825
15800
6700
14725
8850
11925
6325
8175
850
-2550
3500
-2900
500
-2200
1850
-1850
-225
-3450
425
-175
-2300
-500
-6550
-1975
-8075
-4275
-8775
-5600
-5900
-10175
-10050
-15525
-12650
-16400
-13875
-19150
-17100
-20675
-22625
-18100
-18350
-9825
-17225
-6975
-15200
-14775
-10500
-8975
-6850
-12875
-12625
-19600
-16675
-24400
-18750
-31675
-24750
-30125
-37250
-28225
-37600
-30375
-39850
-32675
-37875
-31825
-29375
-24025
-26500
-29000
-27375
-33925
-24925
-31400
-21575
-24200
-20025
-21750
-20825
-14950
-21525
-16650
-18600
-11450
-15550
-11550
-14100
-15750
-13400
-7925

-2050
-7400
-1950
-8075
-6150
-5450
3100
4575
1075
3000
-3225
-3525
-4075
2150
-5975
-4875
-9150
-12750
-11200
-12900
-1150
-6025
1550
-6400
-1350
3075
6775
7575
3075
6400
-250
7600
5875
14325
8400
10100
10125
6775
16350
13700
20450
12000
10600
7725
5000
3075
1950
3975
650
3225
-5050
825
-750
175
-500
-1050
1350
-4675
575
-2700
-3800
-4675
-400
-7725
-10150
-5950
-7250
-10150
-11375
-9150
-17075
-14750
-16475
-19100
-17650
-19075
-14275
-22350
-16950
-18125
-16750
-10975
-6650
-10375
-11025
-9750
-17725
-11000
-13050
-6725
-23225
-21100
-24825
-32675
-22200
-28550
-28350
-36600
-31725
-42550
-36050
-37200
-28475
-29575
-29425
-24650
-34300
-25050
-31650
-27675
-29225
-24325
-23775
-23300
-22225
-19100
-20675
-20175
-14825
-18575
-13550
-18300
-15600
-15900
-11850
-5675
-10600
-9400

-13525
-7325
-6600
1600
-125
-400
750
-4200
625
350
6800
-1900
-575
-6100
-8650
-5675
-4125
-4700
-14200
-10425
-12875
-7550
-4250
5400
6425
2500
4375
-3875
6100
6375
12050
4625
7900
9450
3550
13550
11775
16450
11725
15925
10700
13575
12300
11975
8150
2175
4925
-2425
2500
-750
275
-150
-1525
1575
-4025
-475
-400
175
-1850
100
-6100
-2925
-3225
-8700
-4100
-6325
-6450
-14175
-7575
-11600
-17875
-13175
-13175
-15950
-21550
-17150
-22275
-19625
-15650
-10275
-15350
-13625
-9400
-15775
-5900
-10975
-5325
-14725
-12575
-17725
-22875
-15800
-21200
-26625
-31025
-24675
-37750
-29375
-35950
-35150
-39450
-33575
-26625
-36650
-25275
-25725
-23875
-31750
-29300
-31600
-27350
-24700
-24925
-22500
-21975
-16550
-22550
-17375
-19200
-18275
-15950
-12675
-12475
-16100
-12450
-13250
-11850
-9825

-3525
-4175
-6125
-6625
-5425
575
2425
6575
-875
-250
-3425
450
675
-800
-875
-8725
-8975
-15875
-8900
-8175
-950
-4650
-6325
-2175
-3025
9050
5600
8600
3175
4350
2175
5750
13225
9425
14250
4525
12800
9525
16400
14675
16700
15275
8525
11325
5475
8000
250
1900
300
-425
-1300
-1725
2425
-650
1400
-3225
1250
-1825
-175
-1125
-5275
-150
-5600
-3525
-7125
-6125
-10425
-6975
-9325
-13350
-13475
-13750
-14750
-23275
-14600
-17350
-17000
-19525
-18925
-17500
-17525
-4700
-9475
-8150
-12400
-11450
-15500
-9075
-11825
-16575
-15500
-23975
-20550
-33425
-16800
-31775
-31000
-32425
-35650
-38025
-36425
-28575
-32075
-26300
-31225
-27075
-32825
-25650
-28775
-29000
-24100
-29975
-23750
-22900
-18025
-23725
-19300
-13950
-18525
-17150
-14850
-15000
-20575
-9800
-10925
-9525
-11400
-6900

-10150
-10650
-350
-1500
525
-2025
-500
-4850
2050
5750
3675
1775
-2475
-2350
-10000
-2600
-8400
-7000
-9275
-12175
-10825
-6300
5875
-1250
3450
1350
2075
-975
10700
10775
4900
9575
3550
8275
4175
15050
11700
13550
18100
10725
15350
13375
16525
6725
10925
5750
1500
-450
4625
425
-5125
6225
-2850
350
300
2800
-3750
-1650
4425
-4700
-3650
-2400
-1775
-8675
-2425
-6450
-10275
-5975
-10700
-12100
-16250
-6925
-19450
-17325
-16425
-20625
-20725
-15475
-12050
-20950
-11125
-11325
-12500
-14925
675
-10225
-12575
-8125
-18400
-16850
-19275
-10925
-25550
-27350
-22750
-32500
-36325
-29075
-29150
-40825
-29775
-36375
-32850
-36925
-21800
-27550
-30500
-23025
-31125
-28125
-27400
-23725
-29900
-19825
-19800
-20900
-18900
-13725
-16200
-21050
-10475
-16025
-14275
-13900
-9875
-15725
-10550
-2475

-7325
-4475
-5350
-2950
-9825
5100
3925
-150
1525
3025
675
-4325
6850
-2700
-4675
-8450
-9975
-14100
-7900
-1875
-8750
-2275
-5775
-925
-2775
11600
6550
1300
10375
1500
4325
4175
14800
7975
9650
9950
11075
12550
15775
21100
9075
18050
9200
10050
6300
8600
4150
-1350
4950
-1775
-950
-375
3600
-3575
2050
2150
-2950
1200
-950
425
-7500
600
-4075
-7450
-5800
-4575
-6550
-11350
-5050
-14375
-12025
-13825
-15200
-21950
-14675
-15600
-20675
-16800
-19550
-12775
-16625
-4150
-11075
-12025
-6725
-13450
-12750
-12000
-7950
-17950
-16025
-22600
-22600
-28850
-22225
-25225
-37025
-26225
-41375
-30150
-38875
-29900
-32075
-31400
-27300
-27775
-28025
-28425
-25075
-31675
-22675
-31300
-23025
-24125
-19675
-17850
-21825
-13225
-17325
-13825
-19150
-14800
-16125
-11500
-9775
-8775
-11250
-13575

