
Curva de Excitacao - Bobina Girante (Dados Brutos)

Arquivo..............: C:\Arq\Wiggler\Medidas Wiggler - Corretoras\Bobina Tungstenio\Gap22\temporal22_#011.dat
Data.................: 31/01/2005
Hora.................: 15:26:34
Ganho................: 20
N. de Coletas........: 1
N. de Voltas.........: 10
Intervalo de Análise.: 4 - 8

-7650
-9400
-1500
-2525
-5250
-3850
-2700
-675
-3375
-1100
-400
-1200
-875
-375
-7425
-12125
-12400
-18350
-10275
-6325
-625
-3625
-7750
-8100
-10125
1700
4725
11000
8275
8875
-1750
2500
6275
3700
6050
7200
15100
12900
22700
16150
11175
5625
4550
6800
11125
16775
4675
-1550
-7875
-5075
-4625
4175
6425
-625
-1375
-7150
-3075
-1825
3375
650
-4700
-10050
-10950
-3325
-4800
-500
-8975
-11575
-18100
-13900
-12750
-9325
-8200
-21250
-22625
-27475
-15850
-16075
-9775
-14575
-18150
-17325
-15550
-9825
-7625
-2950
-11325
-8375
-19575
-18050
-25350
-23050
-19475
-25500
-14925
-29150
-32675
-44500
-42525
-41675
-31400
-27925
-30100
-29650
-33950
-33100
-38800
-23400
-28400
-29275
-29575
-31875
-29475
-24950
-15475
-19650
-21075
-25425
-22225
-20025
-12125
-13250
-17050
-13550
-16575
-14400
-13650
-5625

-10200
-8425
-5750
-4975
-5625
-1100
1550
-4050
3350
650
-2000
-5275
-4175
-3800
-5225
-1150
-9975
-11425
-17275
-11325
-13300
-2475
2425
3550
2400
-6475
-175
-2650
13550
10250
8450
3325
2775
3650
5300
18325
13875
15300
7350
10850
11750
18700
19425
8725
5325
-4125
875
975
7950
2275
-700
-4350
-6250
-1000
725
6075
-1925
-2500
-7225
-4850
-3075
200
75
-8375
-8800
-14100
-7025
-10150
-3750
-8800
-16350
-17650
-18750
-15100
-17900
-14150
-19625
-20725
-22450
-14800
-12450
-11075
-8125
-13650
-6800
-13525
-8125
-12900
-14325
-16475
-16700
-15300
-25575
-25775
-31450
-27625
-36200
-27600
-39225
-37275
-36300
-41450
-31125
-32850
-17700
-29750
-31050
-34325
-34175
-33550
-19850
-25950
-27575
-23275
-27100
-23875
-21925
-10925
-18400
-17975
-19375
-21825
-15225
-11500
-9925
-14100
-10800
-12475

-9275
-7725
-5325
-4925
-4025
3675
-4250
-1425
-375
1900
-2600
1000
-1300
-6700
-4700
-9250
-5550
-14400
-6475
-11475
-10525
-9375
-6150
-1750
2400
11175
-75
3400
-1275
1700
4050
11600
14775
6300
8250
750
11375
14525
23975
15200
13375
9275
4075
11775
11100
13875
775
-1075
-4975
-3550
900
5075
4550
-2875
-3175
-8425
500
850
2650
-1200
-4475
-7200
-11575
-1050
-4175
-2725
-10375
-11350
-14500
-14750
-9575
-10450
-11975
-20500
-17875
-24450
-15025
-18475
-13800
-14100
-14625
-11625
-12900
-9275
-12175
-10350
-11625
-7625
-15550
-14100
-15425
-24125
-19825
-29000
-18925
-33375
-32125
-35925
-37400
-36375
-32375
-18250
-38700
-29550
-34925
-28750
-31850
-21625
-30100
-32725
-29100
-37050
-24250
-19875
-15625
-24000
-20450
-22825
-20700
-17925
-11475
-14225
-18250
-13700
-18050
-12500
-12600
-5725

-9200
-6350
-5500
-5500
-3175
-3150
-1525
-1450
5025
-50
300
-3075
-3875
-3350
-5875
-1600
-12050
-8800
-14050
-10550
-10400
-3100
950
-2275
1575
-3375
1550
4275
15725
5175
4350
3175
2950
10950
10300
18100
9400
11900
8475
10800
20525
19600
16625
6950
5350
-1875
5275
3025
8000
1125
-5325
-1325
-4025
4325
1825
3775
-2100
-4050
-7275
-2600
550
950
-400
-9275
-7200
-12450
-4950
-5925
-6375
-12175
-17975
-15325
-20050
-12700
-15550
-13675
-19750
-20375
-20575
-14925
-12950
-10625
-6875
-13575
-4300
-12275
-7700
-15500
-15075
-10625
-16875
-17325
-24350
-26325
-31525
-26625
-33900
-28025
-38125
-36725
-33725
-38150
-28050
-34925
-22125
-29725
-29825
-34825
-31925
-25975
-25375
-25100
-27300
-23950
-30275
-18500
-18025
-14800
-19725
-18125
-18600
-20025
-12400
-14325
-9225
-14825
-10425
-13050

-8300
-6450
-6675
-2350
-3725
1325
-2525
400
-3350
1500
2400
1100
-1300
-4700
-5050
-10300
-6050
-10575
-7350
-10175
-6900
-8675
-8225
2300
4750
10300
-550
1600
400
4900
8750
11525
13550
5300
6525
1475
15100
17175
21025
15675
13425
7850
5775
19150
10125
11000
225
-950
-3600
-525
3800
900
3375
-2550
-1950
-4775
3675
1150
1400
1525
-8925
-4950
-5600
550
-5525
-4300
-9000
-13050
-12625
-9875
-9800
-13750
-11100
-20375
-21475
-21625
-12800
-16950
-16375
-11950
-16700
-11300
-11175
-7725
-13750
-6450
-9175
-9900
-13925
-13450
-17125
-25525
-12400
-29050
-24375
-32650
-29125
-38375
-39075
-27800
-36350
-36050
-32450
-28850
-38550
-20200
-25325
-26700
-32125
-29550
-29900
-34275
-17450
-22500
-21875
-21400
-20650
-26725
-17350
-10225
-16975
-15825
-14875
-14600
-19875
-8225
-10300
-11975

-6525
-2975
-8550
-7125
600
-3975
-275
2050
4600
-2175
1650
125
-6250
600
-2750
-5825
-13300
-7400
-15300
-11425
-1025
-2425
-2450
-2625
4750
-7025
6300
10300
10025
2425
3300
7000
0
16875
12300
12325
9200
12975
7125
12725
26550
13750
11450
7800
7575
-1725
8850
8300
2200
200
-1975
-4100
-4175
7850
1850
-900
-1575
-2100
-5825
-800
3800
-3975
-2600
-6800
-8800
-11000
-1900
-4625
-11450
-9450
-17025
-16875
-14350
-9975
-20650
-17650
-14225
-22375
-19250
-12775
-9075
-15875
-4000
-9775
-8550
-14700
-6625
-13275
-17500
-5900
-16550
-20150
-25800
-21525
-34525
-24850
-28025
-31175
-38950
-32950
-33825
-44425
-25200
-31175
-28000
-29450
-26825
-35175
-31525
-21750
-27600
-28350
-27075
-23075
-28525
-15950
-16150
-16575
-20900
-17900
-16450
-19825
-7025
-15450
-14750
-11125
-6675
-14800

-7500
-3875
-10100
-3550
950
1975
-6825
3225
1050
-1400
2100
4225
-1300
-6775
-2775
-11500
-7175
-7100
-8425
-11900
-10775
-4675
-9125
3975
5225
5525
-1350
5800
1750
4050
15050
9125
9700
2850
8000
6175
18975
18475
17500
12600
12575
13025
5625
18525
11975
6350
-875
575
-1250
1350
6750
-825
825
-1550
1125
-5100
3675
2950
-2025
-2275
-5975
-4050
-6325
1450
-4925
-8525
-8625
-10900
-10550
-10775
-6775
-14475
-15650
-20000
-17775
-19600
-14550
-14975
-19700
-10675
-17025
-8975
-12625
-6100
-11100
-6600
-7150
-10850
-13250
-15225
-15800
-25450
-10975
-26900
-23150
-34400
-31525
-33275
-38000
-27825
-36125
-33350
-33400
-31350
-35650
-21850
-26350
-28575
-28500
-31325
-27850
-31675
-17825
-22975
-20625
-24075
-19850
-20450
-17925
-13150
-17425
-14150
-16275
-13750
-15650
-9575
-12450
-8025

-4525
-7700
-3825
-3350
-100
-6275
1250
4200
1875
400
-975
-1175
-3925
3150
-4625
-6800
-10725
-8400
-12975
-9825
-825
-5700
800
-5850
675
-1375
9850
9450
5650
6575
1900
5250
6100
19525
6850
13200
11125
9525
12725
18025
24450
12700
12175
5050
6075
5650
9725
4325
-100
3175
-6975
1050
975
6625
-1950
200
425
-6800
-325
2900
900
-5725
-650
-7850
-8000
-5350
-2500
-8450
-11400
-7525
-19525
-12775
-13600
-13675
-20075
-15500
-17300
-21525
-12575
-13525
-15600
-13550
-575
-12625
-7025
-8575
-11850
-14650
-14200
-4875
-25025
-14600
-21700
-26325
-31600
-21675
-32300
-35925
-31950
-36125
-34075
-38925
-21150
-37550
-28950
-26750
-31150
-30875
-24700
-23500
-32175
-26600
-25025
-26350
-25975
-13250
-19300
-22025
-13575
-18800
-17750
-16225
-8450
-17450
-12525
-11125
-11525
-11175

