
Curva de Excitacao - Bobina Girante (Dados Brutos)

Arquivo..............: C:\Arq\Wiggler\Medidas Wiggler - Corretoras\Bobina Tungstenio\Gap22\temporal22_#006.dat
Data.................: 31/01/2005
Hora.................: 15:09:57
Ganho................: 20
N. de Coletas........: 1
N. de Voltas.........: 10
Intervalo de Análise.: 4 - 8

-10300
-10325
-7100
2040
-2675
150
-3600
-4600
-6375
75
6900
1975
3400
-5550
-8050
-19425
-10275
-10775
-7150
-6025
-6650
-4550
-7725
1175
-6800
2275
-1600
8475
8550
12050
10375
-1175
3475
-3125
5125
10200
20800
16275
14025
14225
5625
10225
6550
12675
5625
9750
1750
75
-600
-4525
-1675
-4100
3925
-1125
-275
-3200
-2225
-2375
-2425
975
-7800
-3625
-8200
-4575
-11350
-5300
-7175
-11250
-12675
-14450
-12475
-18950
-10275
-19700
-18550
-25975
-18125
-20625
-15650
-8175
-18400
-13925
-20900
-12450
-10325
-2550
-6325
-11300
-19675
-25125
-24675
-26800
-12000
-27200
-16200
-31425
-37175
-42150
-40775
-34875
-38300
-26825
-32050
-29100
-32475
-25200
-35275
-29275
-27775
-31975
-22875
-30050
-23250
-29375
-17725
-20675
-20550
-16375
-20875
-21225
-20325
-10625
-14425
-9150
-15750
-15325
-16400
-10000

-2850
-5900
-1600
-9525
-6475
-4800
3975
2150
3700
1575
-6450
-6900
-3700
4575
-5150
-1025
-12850
-14500
-18925
-11850
-3350
-2625
2400
-4850
-700
-3575
6050
1450
9100
6800
3975
8250
3050
9750
3625
12225
8275
10500
15150
12650
16350
10375
14425
6050
7850
900
2050
-125
625
3475
-3325
1325
-5125
725
-4125
1100
-100
-1700
-1025
-5350
-2375
-6000
-950
-7325
-5775
-10875
-8675
-11075
-10675
-8275
-16700
-10850
-21325
-19475
-21925
-15125
-16300
-19975
-18550
-20225
-16325
-12375
-3125
-13525
-7900
-16650
-13300
-12650
-11925
-10725
-21400
-16300
-30325
-27425
-28275
-27350
-35325
-31750
-33325
-39950
-33625
-38300
-28750
-36600
-23300
-29725
-28600
-26350
-31575
-29225
-28775
-24375
-29875
-18575
-23800
-21500
-22925
-13875
-15225
-19650
-11725
-20875
-16175
-17825
-7325
-11075
-8800
-10800

-13575
-7700
-6825
1025
-2375
3650
-5300
-2825
-2050
4400
4150
-750
850
-8775
-6775
-7925
-4950
-10100
-7275
-11250
-15325
-6600
-4250
5525
1575
9050
-2425
-1350
6350
4450
11700
4350
10500
3475
7225
7650
14450
13700
16425
14200
7700
15625
6825
12675
6025
6950
1250
-425
625
-4100
-575
-1600
3525
-3175
800
-5150
-2050
-2050
-950
400
-5600
-1775
-9650
-4825
-8475
-5200
-6800
-11325
-11175
-16675
-14575
-15125
-11125
-19800
-17475
-23925
-22100
-19225
-15875
-9250
-18375
-9000
-15925
-13325
-10675
-6400
-9875
-13175
-16450
-20150
-18250
-22125
-17575
-31925
-24925
-32775
-37725
-29475
-36875
-31025
-38925
-30600
-38350
-31700
-29475
-24600
-30525
-27225
-27425
-33150
-23325
-32925
-26100
-25300
-17450
-22225
-19175
-15325
-21625
-18825
-16025
-9675
-17725
-8225
-16350
-15125
-14600
-5175

-4250
-7000
-3225
-10675
-4725
-2025
5300
1100
1950
1625
-3750
-2575
-1150
2000
-6300
-5375
-12950
-15475
-7550
-6350
-4175
-7050
-250
-9575
-75
3550
7050
4375
5925
7175
-1700
8325
5125
11400
6550
12625
8850
10525
16650
11525
17600
11350
13800
5950
9950
4925
1325
1025
2175
2875
-7600
2150
-1625
250
-800
2075
-1400
-4675
1475
-5000
-4250
-2950
1400
-7925
-6500
-8825
-9150
-9700
-9750
-8850
-17700
-12575
-19225
-21050
-16450
-15750
-16250
-20475
-17625
-22400
-16450
-8450
-6500
-14500
-7675
-9300
-17300
-8900
-14050
-11600
-24875
-16450
-26950
-28125
-25125
-26875
-34000
-34400
-33875
-42925
-30550
-36375
-27100
-34175
-24300
-28000
-32750
-24800
-31550
-28625
-28300
-23575
-27525
-20275
-23300
-21200
-21900
-16300
-13575
-19550
-12925
-20975
-15800
-15700
-5575
-10350
-10625
-10025

-13950
-9175
-2650
3100
-4675
975
-1675
-4525
-1375
4725
5225
-2075
1825
-7525
-7275
-7475
-3000
-8200
-11900
-8950
-13875
-3850
-1750
4350
-825
6400
350
-3725
10125
7550
11625
1525
9125
3125
9550
10250
13625
14950
14000
16000
8925
14700
8825
11375
5800
6350
5050
-2200
3125
-2175
-850
-1750
3150
-2000
-225
1200
-2100
-975
400
-700
-9575
-925
-3200
-7675
-6450
-4475
-6700
-13375
-8650
-14650
-15700
-11875
-12150
-20500
-19600
-19375
-22875
-15925
-14425
-12275
-19150
-9700
-15425
-13075
-3475
-7200
-8900
-16175
-12225
-23450
-14800
-19125
-17200
-31450
-23950
-28400
-39675
-27375
-39600
-31375
-38900
-28975
-36375
-30525
-25775
-27250
-28325
-28750
-26900
-32750
-23350
-29850
-24100
-23875
-18150
-19625
-21400
-16475
-20275
-15600
-15625
-10800
-15600
-13025
-16250
-14200
-10400
-7275

-2275
-6550
-4425
-8750
-4650
425
3825
1400
1025
1875
-4550
2575
775
1325
-6500
-6650
-10100
-14675
-5950
-8300
-1875
-8100
-2575
-6000
1025
6975
6075
8700
2825
5850
1025
9825
4825
11250
8075
9675
12475
10200
19800
11200
16175
12550
11275
7625
6925
5650
1050
3225
-75
2400
-3300
675
-2950
750
3275
-1500
100
-2325
425
-5200
-1575
-1625
-3350
-6300
-6825
-7500
-12450
-4500
-8900
-10500
-16450
-13225
-18550
-19900
-12700
-18775
-16600
-21425
-16700
-21025
-11475
-8025
-8275
-11100
-10900
-13250
-17425
-1625
-16800
-13625
-20100
-18650
-23250
-27975
-21200
-32825
-30300
-33725
-33825
-40700
-27850
-35950
-32575
-30625
-29225
-28100
-28575
-23000
-34650
-26000
-26400
-26900
-27025
-20275
-23100
-23575
-15550
-14800
-17250
-20050
-13050
-20600
-17100
-8675
-10250
-11025
-12750
-8925

-13225
-3850
-1800
-1300
-1750
1100
-3175
-3025
7050
2000
1775
-1100
1450
-8250
-6225
-875
-8900
-7100
-8050
-10150
-16275
1300
225
250
2400
5100
1725
-125
15350
2625
8950
7350
8725
2525
9675
15200
8975
17700
14300
13725
10275
19450
9175
6975
12875
5700
375
-1625
5950
-3550
-600
2825
-1425
-1600
1600
875
-5100
3450
0
-2600
-5950
725
-6175
-7125
300
-9975
-9650
-8725
-7525
-18700
-9650
-7975
-18800
-19050
-16650
-20350
-25125
-9750
-15175
-17100
-15225
-9975
-17275
-9525
3100
-14375
-9950
-11125
-14100
-23325
-11250
-17525
-26025
-27450
-25200
-29050
-40100
-25675
-40900
-35400
-32425
-32850
-32350
-29275
-23050
-31975
-26500
-27775
-27350
-33375
-20700
-30725
-27975
-17625
-20175
-21650
-21400
-12775
-23125
-16875
-10475
-14825
-16725
-12775
-11575
-17975
-5750
-4625

-6300
-9025
-2975
-7275
-5150
6150
2025
-1000
300
4550
-3500
2450
2250
-1175
-6225
-6150
-8700
-15850
-875
-8650
-7475
-5875
-950
-2650
1775
12925
1775
4275
5650
8875
-250
12625
10300
5600
11700
7950
13500
8250
19550
12950
14300
15300
10300
9950
7175
9100
-1075
3425
2700
700
-4900
3025
1725
-4850
5300
-575
-1725
-3875
3300
-4550
-2850
425
-3775
-7175
-7325
-4775
-11275
-4125
-10475
-12650
-14650
-12750
-16950
-19825
-10450
-21425
-18550
-20475
-17775
-19500
-8250
-5500
-14825
-9900
-9150
-10825
-15750
-3100
-15125
-15925
-18975
-21150
-22175
-26775
-17050
-33200
-30650
-34100
-36400
-39475
-32050
-33225
-31450
-26275
-29900
-23475
-32800
-24425
-32400
-27450
-24975
-26475
-23675
-22850
-19975
-23675
-16800
-16675
-13375
-19075
-15575
-17425
-14175
-9225
-12750
-8500
-14375
-9300

