
Curva de Excitacao - Bobina Girante (Dados Brutos)

Arquivo..............: C:\Arq\Wiggler\Medidas Wiggler - Corretoras\Bobina Tungstenio\Gap22\Translado22_X=7_#028.dat
Data.................: 31/01/2005
Hora.................: 12:33:09
Ganho................: 5
N. de Coletas........: 1
N. de Voltas.........: 10
Intervalo de Análise.: 4 - 8

-13800
-15100
-13000
-2040
-7800
-11600
-9800
-14600
-13000
-9200
-6200
1500
-10200
-6200
-14800
-4400
3400
300
3200
-7200
-100
-2300
12600
21800
14200
11000
-2100
10200
26800
38600
23800
-24500
-39300
-38000
-17400
-20600
-28200
-19900
-9800
4600
-1600
8200
5900
15300
21500
17500
20300
18200
27500
23600
8900
-4700
-9000
11200
16200
11500
-19200
-47000
-37000
-15900
10900
-4300
-19700
-46500
-40600
-19400
10100
12500
4200
-16800
-15200
-5700
17500
20300
18800
7600
3300
4000
-4900
-5500
-20900
-24000
-47700
-56100
-74100
-72400
-63800
-73500
-102600
-130700
-111000
-50000
18400
11000
-19200
-19500
6100
28900
15100
4800
-14400
-30700
-22900
-32000
-14900
-21100
-23700
-37800
-36100
-35600
-30100
-25400
-33400
-30900
-34000
-23600
-29300
-27700
-22800
-31300
-16800
-24600
-22600
-23800
-15200
-16200
-22900
-14200

-16800
-12100
-14800
-11300
-14600
-11200
-6600
-15600
-8500
-7500
-2800
-7000
-13300
-8100
-6200
8900
-900
-4600
-8300
-5200
6500
10100
18300
8700
5800
5900
6500
28300
35700
31700
-13800
-28500
-26300
-12400
-7700
-31400
-30200
-25100
-5300
-2900
1400
7100
9200
21500
17500
18300
21500
21300
28100
14800
5500
-1300
11500
18800
15300
-12700
-40400
-34400
-15600
9600
-1500
-21500
-46400
-40800
-17300
5600
6000
-3200
-18200
-18500
-5900
15400
21600
17500
7900
3600
4900
4700
4500
-7100
-16400
-33300
-44400
-58200
-58900
-61000
-71800
-99700
-131700
-117500
-61700
-11200
-8600
-39700
-36600
2600
37300
34500
6600
-7200
-20300
-21500
-22700
-19700
-19200
-23200
-32400
-34400
-33200
-33700
-25400
-30100
-35000
-31700
-32200
-23800
-27700
-27900
-28100
-23600
-18200
-27600
-20500
-19100
-16300
-19700
-16800
-16400

-17100
-9800
-14100
-14000
-14800
-7000
-11000
-12500
-5700
-8600
-4200
-11600
-9000
-5800
1000
5000
-7500
-8700
-7400
3800
14800
10700
6500
-200
5700
11200
28400
32300
28000
3200
-18100
-11900
-8800
-3900
-25600
-34400
-32500
-20800
-7800
-6200
2600
9000
14900
16800
16800
26900
18800
23200
14500
10600
8300
15000
21300
13700
-5100
-33000
-27300
-14600
5700
2000
-23200
-44100
-45600
-17200
6300
2300
-6600
-24600
-21800
-8400
15500
17800
14400
8700
400
9100
5400
15300
-2500
-7300
-23600
-31500
-42700
-49500
-49900
-71900
-90700
-117900
-116700
-71300
-37500
-32300
-60400
-61100
-17800
37500
50400
19500
-3900
-17000
-9700
-21800
-11400
-20700
-23700
-28000
-34300
-31400
-35300
-25100
-26700
-33200
-33700
-32100
-29200
-25100
-28900
-30900
-25200
-22300
-23700
-24100
-21900
-18700
-18400
-13800
-18800
-19900

-11100
-11400
-15800
-14700
-11200
-9900
-9100
-8900
-9100
-8400
-8300
-7800
-5500
-1400
1400
-4600
-7200
-8400
200
11700
10800
4300
-2900
4700
11300
28600
29900
20900
9800
-5600
-100
2500
-1000
-16200
-34900
-33300
-28300
-20700
-13500
-3400
9200
11700
12800
13900
23500
21100
19800
16400
12200
16000
19600
26600
12800
-2500
-21300
-20800
-7100
2500
2800
-22300
-42900
-40700
-21200
5600
-700
-8800
-30700
-26600
-8000
12900
18200
5100
6900
-1200
10400
12700
15900
9400
-5400
-8800
-23800
-27400
-36100
-44100
-58400
-85000
-99300
-112100
-78400
-57800
-55200
-72500
-81800
-38400
13300
56300
25900
10700
-11900
-8900
-7300
-14900
-6400
-30800
-25700
-30100
-28100
-26500
-32300
-25200
-35100
-32200
-35300
-30300
-27700
-25200
-28000
-30700
-21300
-27500
-17400
-24000
-22500
-18100
-18700
-14600
-22300
-13400

-14000
-14000
-12400
-14700
-10300
-10800
-3600
-13200
-9700
-8600
-7300
-4200
-5500
-1000
-6600
-6100
-4300
-3900
8100
6300
7500
-6000
-1600
10700
23400
33500
16800
9000
900
11000
18900
8300
-11200
-34700
-32400
-28700
-24400
-21100
-15300
4500
6600
11600
8800
20900
22200
19600
20200
8800
18000
24800
28600
19000
-3700
-13800
-13000
-1000
7900
-2800
-20800
-41400
-32500
-21600
-400
-2900
-11100
-30300
-30900
-10300
8700
15500
4100
-1000
-1100
8500
18600
19700
9700
3800
-7000
-9700
-21900
-20600
-34000
-49000
-71500
-88500
-96200
-80700
-62800
-77000
-87800
-98400
-58500
-5400
38200
34500
9900
6700
-7200
-2400
-4500
-9400
-16400
-31900
-21900
-29800
-21200
-30400
-30800
-32000
-33000
-28100
-34800
-26400
-31400
-24800
-30600
-28200
-21900
-26200
-16200
-28000
-18500
-18700
-17200
-15200
-19300
-12900

-16600
-9400
-15500
-13700
-10400
-6700
-7300
-15600
-7600
-10200
-3100
-1300
-7400
-2700
-11000
900
-4400
4500
4200
2100
1300
-3800
8200
16800
28000
18400
4800
7100
11600
33100
20000
400
-26900
-35300
-23600
-27500
-21400
-27800
-6600
1200
6500
10600
10400
21600
18300
22400
14000
15800
27500
30200
21400
4700
-9000
-6500
7000
11700
-1700
-22100
-38900
-27400
-18600
-1500
-6000
-17800
-30100
-30000
-14300
3900
10900
3600
-3700
-6200
5000
18800
22000
14500
5900
1900
-2700
-10900
-12900
-22900
-37500
-56700
-70700
-82000
-74500
-67300
-83700
-102500
-108200
-77000
-24900
14200
19900
7900
9800
13200
300
400
-3100
-14100
-24900
-26000
-24600
-21900
-22800
-30200
-34700
-32100
-26500
-32100
-31500
-26700
-30100
-26000
-29900
-25700
-25000
-21300
-21600
-24500
-17400
-20700
-15800
-15000
-18500
-16500

-13800
-8900
-16600
-10000
-10000
-9400
-11400
-10900
-8300
-7300
1200
-6000
-11200
-9600
-3400
2600
1500
3200
-3100
-1600
1200
5100
14100
17200
18400
7500
9000
12000
31100
32500
8300
-15000
-31400
-20200
-20500
-24400
-28600
-23100
-5900
-400
7300
8900
13900
19800
18000
19900
15600
25700
27900
24600
9600
-900
-1500
8600
18800
700
-18500
-36500
-25200
-13200
-1400
-6800
-24700
-33000
-28000
-14200
-500
3800
3300
-9500
-4900
-1300
17500
21800
14500
11000
2200
7400
-5700
-400
-15900
-27600
-41900
-59200
-65600
-72000
-62400
-84300
-106900
-112500
-94300
-42400
-10100
-1100
-12800
3800
20600
16500
9400
-2600
-5300
-22500
-13600
-27700
-23800
-17800
-28000
-31600
-35600
-28400
-29500
-30700
-29100
-30300
-27800
-26500
-25300
-28600
-22000
-21200
-21000
-22600
-22800
-17700
-17100
-15800
-19000
-14500

-11700
-12100
-10200
-12500
-10300
-9500
-8200
-9100
-10500
-2000
-3000
-7900
-11300
-5600
600
2400
3000
-6900
-4900
1600
9300
13100
10400
12800
5500
11700
16900
25300
35500
18600
-600
-22000
-16200
-14900
-19400
-25200
-30800
-19800
-9800
1700
3200
9800
16700
15200
20300
19500
25200
23400
22900
18300
4900
8300
10900
19300
5700
-14900
-27900
-27400
-8000
-2400
-6100
-24300
-38400
-27100
-15600
100
-2700
-4700
-11500
-9300
1800
10400
20600
13000
12800
6500
6900
8300
1800
-2200
-23300
-28900
-43300
-55100
-55300
-64200
-74300
-105200
-111800
-106000
-61000
-27600
-26800
-29200
-22100
21800
22900
27300
700
-5700
-7400
-19300
-14300
-26700
-17300
-26400
-26900
-28400
-34600
-26800
-30300
-26300
-35100
-28800
-28200
-24400
-25200
-30400
-20900
-26000
-16700
-25200
-20100
-15400
-19300
-12100
-20200
-13900

