
Curva de Excitacao - Bobina Girante (Dados Brutos)

Arquivo..............: C:\Arq\Wiggler\Medidas Wiggler - Corretoras\Bobina Tungstenio\Gap22\Translado22_X=-18_#003.dat
Data.................: 31/01/2005
Hora.................: 11:32:32
Ganho................: 5
N. de Coletas........: 1
N. de Voltas.........: 10
Intervalo de Análise.: 4 - 8

57100
83400
92100
2040
67900
44500
29000
22400
29200
3900
-24200
-56100
-56600
-62200
-85200
-117400
-177600
-195200
-175100
-150500
-155300
-203000
-237600
-228000
-136500
-33400
-5200
-26600
-48900
32900
142600
245400
235700
186700
147100
129100
134700
112500
88600
56700
36200
25600
2300
-11800
-24900
-23700
-18900
-25400
-19100
-26500
-18800
-19800
-19100
-19700
-23600
-11500
-14100
-8600
-16100
-19800
-25600
-23000
-11200
-12500
-9900
-23200
-30200
-28500
-25700
-12000
-19300
-14600
-32800
-37600
-31400
-27900
-13600
-22800
-26400
-45900
-34700
-19900
100
17100
15400
-4600
-20100
17900
62800
106400
94000
-13400
-122600
-126300
-68300
-44900
-134100
-242500
-299400
-218000
-167100
-126400
-133400
-121300
-109500
-88700
-54300
-68400
-54300
-38400
4000
25200
35200
36000
13800
36600
52000
83100
89400
88500
74600
61400
90400
93400
114800
98800
85500
75000

75800
97800
84500
88200
53400
50300
36400
29700
26400
-9300
-17800
-44000
-39800
-69300
-105900
-143100
-183400
-157000
-141300
-141700
-186400
-244700
-252500
-197100
-77800
-29900
-42300
-78300
-55600
79600
194600
247300
190800
156100
142100
151700
153300
115500
82000
49400
37000
28300
-100
-9000
-25300
-20900
-22900
-24500
-21300
-25336
-15700
-19400
-18400
-22800
-18300
-14400
-13400
-8600
-17000
-20600
-22900
-16900
-10500
-15100
-10900
-26200
-27800
-24700
-20000
-11400
-20500
-20400
-38800
-31600
-27600
-21500
-15600
-26900
-34600
-42400
-27000
-12900
6100
9600
-3600
-18800
-1200
44500
85700
100100
42100
-67600
-90700
-63300
-21500
-78300
-183500
-281100
-260400
-182800
-155400
-142600
-148700
-126700
-110100
-71000
-59100
-72700
-59200
-30200
12400
30600
33600
15900
8600
47300
66500
89300
87500
75100
62900
67300
96300
98700
119100
91300
83600
75000

84000
96800
86900
82400
49700
50500
37100
33200
27700
-8900
-17600
-40700
-43600
-78000
-114100
-142700
-160800
-132100
-145200
-168100
-222900
-252400
-218500
-147300
-67000
-69200
-89900
-94900
-16100
119700
206300
207400
170300
160900
167400
163500
143400
101300
78600
55800
45000
26100
-3500
-14400
-23100
-19200
-20100
-22200
-22900
-20600
-20000
-19200
-21400
-20300
-16600
-14700
-11400
-12200
-18900
-22700
-19100
-14200
-11500
-13600
-16500
-29800
-24300
-20000
-15700
-13500
-22700
-29900
-36000
-27000
-20500
-20200
-19800
-30300
-42900
-34300
-23700
-6500
3400
400
-15000
-13200
16000
59100
86500
76200
900
-65600
-51100
-23700
-21800
-105700
-220400
-279500
-226700
-181400
-165000
-161200
-139800
-121000
-92900
-73700
-76500
-82100
-48700
-15100
12900
30300
17200
3400
21300
60900
71200
87600
77900
62300
64000
80100
104400
103900
107600
82900
76300
82800

91600
99600
83600
74200
49900
53700
42300
37500
23200
-12200
-16200
-34400
-46600
-81500
-116500
-140200
-146900
-129300
-151900
-189500
-232100
-241700
-189500
-121700
-82000
-99800
-120400
-86900
20600
148800
200300
183800
162700
162300
175600
161000
138900
102400
82200
65200
43900
21100
-7100
-15200
-14000
-21400
-17400
-25300
-20300
-23100
-18700
-19600
-21900
-15900
-17800
-11800
-12900
-14200
-20500
-20500
-13200
-15900
-10600
-14100
-21300
-26300
-23200
-15900
-17100
-12600
-27400
-33900
-30200
-25100
-18900
-24100
-19200
-40100
-38700
-26300
-18500
-2800
-3100
-9700
-21800
1000
30500
70000
80400
43600
-26600
-43400
-11100
3500
-37100
-134800
-251400
-255000
-212800
-178100
-174500
-154300
-136500
-122700
-88300
-87800
-85900
-76100
-32900
-9400
16000
20300
-3700
10200
34400
68800
73300
80400
65600
53200
79100
90200
105500
100800
99600
77400
81500
94000

93700
100200
75200
72600
52300
52800
49300
33200
20700
-10800
-9200
-36400
-52500
-85200
-123000
-128500
-131700
-126100
-169800
-210400
-235700
-222400
-156100
-116200
-106800
-134800
-133600
-57300
53600
163600
172700
165700
158400
174100
182700
158600
136300
102500
89100
69900
38000
14200
-10500
-7300
-14400
-17900
-18200
-28100
-19500
-24700
-17700
-20100
-21700
-14900
-16800
-9700
-15200
-14500
-21300
-17500
-12300
-15600
-9600
-21200
-19400
-26700
-17100
-15200
-18500
-14400
-35300
-26700
-27000
-20500
-16700
-25600
-25800
-44400
-28300
-24700
-14100
-7400
-11700
-20200
-16500
15900
44300
72300
62500
12200
-23500
-13000
24500
6000
-58600
-179300
-254300
-227600
-203100
-177700
-178800
-147900
-143300
-115400
-93300
-100300
-80000
-64200
-23300
-12200
11000
4000
-7600
23900
44200
73200
70100
73200
52200
63200
90500
91200
109600
93300
91200
76500
90500
100500

92500
98400
69600
72200
54100
59100
48600
30500
21600
-8000
-6200
-43500
-54800
-86800
-117900
-112600
-127400
-135700
-190300
-218400
-225600
-195600
-132600
-132200
-135100
-160600
-122000
-22400
80500
153400
145300
149500
162000
189300
188700
153900
136000
104000
94800
66800
33700
12900
-9200
-2200
-15600
-14500
-23100
-26100
-19400
-22800
-16300
-24100
-16800
-15300
-16100
-12000
-15900
-15400
-20600
-12800
-11700
-15900
-12400
-21900
-19800
-22100
-13700
-15100
-17700
-19400
-36000
-23100
-24800
-18100
-18700
-28200
-32400
-39400
-22900
-22900
-12200
-12300
-18500
-23600
-4300
26300
46400
66500
35100
-1300
-3900
19600
41500
-9200
-87200
-209300
-229000
-207300
-200200
-190500
-178400
-147000
-141900
-105400
-105500
-105800
-78800
-53300
-23100
-12500
7700
-10000
-400
32800
50900
72500
64800
60700
49000
76400
95600
93200
105900
83900
87500
79600
99600
97400

95500
93200
65500
75900
56100
63300
45600
29900
20500
-5800
-7400
-44300
-54300
-92200
-106800
-102900
-130300
-148800
-204000
-216900
-210300
-170400
-133700
-152400
-164600
-169000
-97700
3100
91700
131100
127200
148300
170200
196900
185400
153500
135400
110700
96900
59900
30900
11200
-2000
-1500
-12200
-19000
-24300
-24100
-21200
-22000
-19500
-19800
-16100
-15600
-15000
-11200
-18500
-18600
-15700
-10800
-14300
-12700
-15700
-23900
-19900
-17700
-13900
-17500
-18300
-24100
-31100
-22000
-20200
-18600
-22300
-32200
-34400
-30600
-21700
-18200
-17300
-18100
-25100
-18300
8300
31500
49100
51500
12900
700
20300
43700
41400
-23400
-127400
-211500
-205800
-196000
-199200
-192600
-174800
-158300
-134400
-110300
-114900
-101400
-66000
-46200
-26700
-13800
-9900
-14000
13300
41900
51400
69700
59100
49800
57100
85000
95800
96200
100100
78100
87000
86200
101000
100900

92800
85100
67800
75500
61200
62500
46900
29200
20600
-2500
-12600
-45700
-57000
-85000
-98200
-102700
-137300
-163500
-204000
-210200
-187300
-157400
-149800
-173100
-182100
-156700
-74000
25500
85500
108400
117500
148700
182900
199500
186600
155200
134400
113300
90200
57900
28300
13400
4500
-800
-12400
-20700
-23500
-25100
-20000
-21800
-19300
-18100
-19200
-11700
-16500
-12600
-19200
-16500
-12800
-15100
-10500
-16700
-17000
-21800
-16100
-16500
-16800
-14200
-24900
-24200
-28700
-19000
-19300
-22300
-22400
-38600
-30400
-26600
-17000
-17500
-20000
-23800
-27000
-8200
12900
34900
43200
31700
6600
13000
44400
54100
34700
-50100
-152100
-189900
-187300
-192300
-206200
-185800
-178700
-157800
-130800
-125200
-116700
-94000
-56900
-45700
-24100
-21700
-24100
-2600
19400
47000
49800
67900
47400
49800
69400
87600
99600
91500
93600
74000
92000
96300
100600
101300

