
Curva de Excitacao - Bobina Girante (Dados Brutos)

Arquivo..............: C:\Arq\Wiggler\Medidas Wiggler - Corretoras\Bobina Tungstenio\Gap22\Translado22_X=17_#038.dat
Data.................: 31/01/2005
Hora.................: 12:56:15
Ganho................: 5
N. de Coletas........: 1
N. de Voltas.........: 10
Intervalo de Análise.: 4 - 8

-16500
-8400
-6600
-16500
-17100
-14500
-10500
-8600
-9200
-10300
-11600
-10400
-12600
-12600
-9700
-7400
-12100
-17700
-14600
-11000
-900
-400
-2800
-3800
-6500
-2600
-6800
-12300
-1600
33000
100400
168100
228200
280700
279900
232800
158200
96800
59100
26700
-22100
-87400
-153100
-176500
-163200
-154300
-138300
-147700
-149500
-140800
-120800
-100500
-86700
-72700
-61000
-54000
-49300
-43900
-27400
-21900
-27600
-40800
-50000
-39400
-32100
-28800
-55300
-75300
-88100
-83900
-77500
-78400
-88900
-105200
-118200
-121600
-104600
-65200
-52400
-45300
-42700
-22200
32900
92600
140400
147700
195600
231700
284800
293300
284000
256600
237200
192500
76500
-27000
-100500
-114900
-118100
-108900
-99500
-106900
-95400
-104800
-101500
-96400
-93600
-85900
-79800
-56400
-54200
-45100
-48600
-43000
-30600
-23600
-19100
-32500
-24700
-29300
-16200
-19500
-22300
-17000
-18400
-17500
-24900
-16100

-12300
-9500
-10200
-22500
-16900
-13600
-2400
-8500
-13800
-13300
-11700
-5500
-14000
-8200
-13700
-8300
-12300
-17900
-10400
-11900
4100
-3900
-6700
-5200
-4300
4600
-13100
-10400
-1500
39900
100300
165200
243200
276000
264900
204600
167000
132400
86800
27200
-58900
-117900
-157600
-151800
-137700
-142800
-148700
-171900
-159800
-137700
-106100
-88500
-89600
-74300
-72500
-54400
-47600
-34500
-26800
-28400
-31200
-45800
-40200
-29400
-26900
-42600
-68500
-81500
-78000
-64100
-69900
-91800
-106000
-115300
-109700
-103000
-84400
-77000
-65400
-57900
-48900
-8600
48700
99900
125400
156900
191200
231900
272700
285400
281100
289000
266400
180000
54400
-37600
-100600
-107100
-110200
-106800
-107800
-104300
-94500
-105700
-96000
-98900
-93300
-85800
-73000
-62900
-54900
-47800
-50900
-38000
-28500
-19000
-26300
-33500
-26800
-24900
-11500
-21800
-23900
-21400
-19500
-13500
-21500
-13700

-16800
-8500
-15900
-20600
-14000
-7000
-400
-16700
-15800
-16800
-5200
-3100
-12900
-12400
-19200
-3100
-12100
-14300
-14000
-10300
4000
-6100
-3300
-7200
1700
600
-12400
-7900
-1300
42200
96200
175100
232300
253700
247000
220700
207600
152600
76400
-11000
-84800
-111400
-130800
-124700
-139500
-157100
-171700
-173900
-146600
-124000
-98600
-99000
-96400
-85200
-65500
-45000
-36500
-36600
-37800
-33900
-35400
-34400
-27100
-29200
-35900
-57700
-70900
-72100
-57900
-57700
-81900
-104400
-120000
-106600
-95300
-86000
-93400
-88100
-76200
-65500
-36900
4800
54700
94300
127700
146000
179600
231200
275700
294000
306100
297500
246000
155100
56200
-40700
-86000
-104500
-108000
-109700
-105600
-104300
-100900
-99200
-101600
-94900
-91500
-81300
-77500
-69000
-52900
-49400
-40900
-34200
-26200
-24200
-31900
-32100
-25700
-18000
-12600
-22200
-25400
-23200
-15800
-12600
-18400
-19900

-14700
-9500
-15300
-16600
-13700
-4600
-6500
-14900
-17400
-12100
-900
-3200
-14700
-18800
-14700
-2000
-9800
-14300
-17300
-8700
-2100
-1400
-2400
-3600
-500
-1900
-5200
-12100
5500
38600
96200
164400
214600
257000
266400
259700
215300
128600
40600
-28700
-64000
-87100
-109500
-134300
-155700
-173300
-173800
-159300
-139300
-116900
-108100
-105300
-100000
-80900
-56400
-42000
-40100
-47100
-38900
-31100
-27000
-22200
-33600
-37400
-46800
-57300
-60100
-57400
-54600
-73500
-93600
-115600
-104500
-87800
-83600
-96600
-112500
-97700
-80600
-45200
-17300
4400
46400
84800
117400
136700
193500
236400
284100
313000
302700
280400
220600
161300
53600
-21200
-80900
-107700
-108500
-113300
-105500
-108400
-90800
-100600
-98500
-92500
-93200
-82900
-84800
-62600
-55000
-43300
-38800
-37400
-30900
-28300
-27500
-29200
-19000
-18400
-16300
-24500
-29300
-18600
-12700
-10000
-23400
-20300

-15000
-11300
-9000
-17600
-11900
-9100
-6300
-16100
-15200
-7700
-2800
-3000
-18600
-15200
-11300
-2700
-6400
-19200
-15700
-10800
5200
900
-5000
-3700
-3400
1700
-8000
-8700
2200
34200
96200
159900
221800
267600
290400
262000
187300
100300
30700
-5600
-41900
-71200
-120500
-151700
-168900
-172700
-154800
-151200
-136100
-123700
-118600
-106800
-97800
-68400
-54700
-45000
-49000
-49100
-36500
-25700
-17300
-31200
-40100
-44400
-44400
-44300
-48800
-59100
-68900
-82400
-99100
-103000
-85600
-85400
-94700
-112700
-117200
-94400
-61400
-30200
-30100
-1400
36300
83900
120500
152800
196600
237600
298300
302200
287500
261900
227800
165800
77500
-14300
-94000
-106400
-113100
-111300
-108400
-103400
-90100
-104600
-91500
-99100
-92300
-86200
-82500
-60400
-53200
-36600
-47200
-39500
-34600
-22500
-25300
-28200
-20200
-22500
-16400
-28800
-22600
-15600
-14000
-12100
-26200
-19100

-16300
-6400
-7900
-19800
-15700
-12700
-1800
-16000
-10100
-9400
-4100
-5500
-20100
-10900
-12800
1600
-12200
-19700
-15000
-8500
8000
-3700
-1500
-8600
-300
6200
-8200
-5900
-7400
39400
92000
165800
235300
282700
292500
228900
166100
96100
58300
21900
-32300
-84900
-145200
-159500
-164000
-154200
-146400
-155400
-139200
-136200
-116200
-103700
-88800
-68900
-58700
-49600
-53800
-40600
-31800
-18600
-24500
-39000
-42200
-42300
-31500
-37300
-53600
-68600
-77400
-83600
-85900
-85600
-91100
-94700
-107100
-120200
-108300
-78600
-51200
-43900
-32200
-12400
33000
86900
130900
153200
197000
248800
283000
288300
281500
264600
244500
186400
81200
-34700
-92500
-106800
-115500
-108500
-105200
-102000
-97900
-96000
-99000
-98500
-91800
-87100
-77000
-61500
-49000
-45400
-49400
-37900
-32500
-19200
-23600
-29100
-25000
-23300
-15500
-23100
-19700
-19000
-13300
-14600
-25100
-19000

-11300
-3000
-15200
-19000
-16200
-6800
-2700
-12100
-10300
-14700
-1700
-6400
-14600
-11000
-11900
-1000
-15200
-17600
-15300
-3500
3200
-4400
-7000
-7700
4600
2800
-5800
-15900
-1100
41600
97100
176800
238000
279400
262600
213300
174500
123700
83400
20200
-48900
-111000
-147900
-150100
-149700
-144900
-154300
-159100
-151400
-134300
-110200
-94800
-86000
-74100
-62800
-54600
-45000
-37200
-28200
-24200
-32200
-39800
-40500
-32100
-27000
-44200
-60100
-77000
-74400
-73300
-71600
-93300
-100300
-101600
-112700
-104400
-96300
-72900
-61600
-48700
-40000
-15500
43500
95300
131900
154200
197600
234800
272300
292800
280700
285700
257300
183700
58600
-37000
-87700
-112700
-106000
-110000
-103800
-106700
-92200
-100500
-102900
-92800
-97300
-82000
-76100
-59500
-53700
-47800
-44700
-39000
-26000
-21900
-23500
-31700
-25600
-19400
-14600
-19800
-25700
-16500
-15100
-15500
-21700
-16400

-10600
-9900
-12600
-21500
-14300
-5400
-1700
-10700
-18000
-11200
-4200
-3300
-12500
-12700
-12000
-5900
-11100
-16100
-12100
-6900
1800
-4500
-7500
500
2700
4100
-10000
-14700
3000
39500
106300
174300
233300
261600
253100
227800
194600
142400
74100
1700
-69200
-110500
-132500
-140200
-141400
-155400
-161500
-168200
-149500
-125700
-104600
-97100
-92800
-77700
-64200
-48600
-40700
-38800
-29400
-33600
-30600
-34600
-32800
-27200
-36700
-49700
-67700
-69600
-63600
-62500
-79200
-102700
-106900
-108200
-98400
-92900
-94600
-81200
-70300
-53200
-43100
-300
50800
97000
134300
149000
191700
224200
281300
291900
301900
296600
246800
169000
52100
-33300
-94000
-102600
-107400
-113700
-101500
-107800
-92300
-105200
-97000
-98500
-91600
-78800
-79400
-61400
-57000
-44500
-47400
-33000
-27000
-24100
-24800
-35700
-21400
-20700
-9500
-23100
-23600
-18100
-18300
-9600
-21000
-14300

