
Curva de Excitacao - Bobina Girante (Dados Brutos)

Arquivo..............: C:\Arq\Wiggler\Medidas Wiggler - Corretoras\Bobina Tungstenio\Gap22\Translado22_X=2_#023.dat
Data.................: 31/01/2005
Hora.................: 12:18:10
Ganho................: 5
N. de Coletas........: 1
N. de Voltas.........: 10
Intervalo de Análise.: 4 - 8

-11400
-8900
-12600
-12400
-8400
-5700
-8300
-7600
-8700
-11700
-7200
-4400
-8700
-9500
-10100
-9200
-7900
-4700
-3700
-4200
-3600
-5500
-4500
1600
3600
300
2500
-3100
2400
7900
10400
9300
8900
16400
12000
19600
18700
14700
9200
4600
100
-5900
-7200
-11800
-9000
-10300
-8900
-5300
-2300
0
-5700
-2600
-6300
-600
5300
-1300
-3400
-10800
-8000
-4500
-4300
-6200
-9200
-12300
-16800
-11600
-10100
-9000
-8500
-14200
-17600
-25700
-14900
-23600
-22800
-27400
-38300
-35400
-43000
-33200
-44500
-33400
-39100
-34500
-20600
-18700
-6200
-12400
-9500
-13800
-10000
-8200
-19000
-20700
-28600
-21700
-29000
-24900
-35800
-37300
-33400
-45200
-33400
-45600
-38100
-39500
-36900
-37100
-38700
-31100
-33800
-33000
-33600
-30900
-28400
-24100
-25300
-31200
-22900
-24800
-18200
-21400
-18800
-17300
-18300
-13100
-18900
-9900

-10400
-10800
-13300
-9200
-8100
-10500
-4200
-8700
-9600
-5100
-4400
-6000
-13500
-7100
-8700
-5700
-4700
-8100
-4700
-6600
-2200
-3600
1100
4200
-1400
1200
-5000
1400
9500
10600
9500
4600
10000
13100
21000
21900
15600
13300
9900
7300
500
-1600
-7300
-11900
-9300
-14000
-5700
-5000
800
-1300
-6400
-1600
-4300
4300
1000
-700
-7000
-7400
-1600
-4800
-4400
-8600
-10200
-12600
-12200
-7100
-13300
-7400
-11200
-18200
-19400
-17600
-13100
-25400
-20900
-35300
-35000
-33700
-36200
-37400
-43400
-34700
-41700
-28600
-18600
-18000
-5200
-10100
-8100
-15000
-3900
-17500
-17100
-20300
-24900
-18800
-29900
-26000
-41800
-30300
-34200
-41100
-35400
-47300
-32300
-43000
-35500
-39000
-33300
-32800
-37000
-29700
-38400
-24100
-29900
-22800
-29000
-28700
-20700
-24800
-14600
-24200
-16600
-18600
-16000
-15100
-17400
-8300

-14900
-9400
-12200
-9700
-5900
-8500
-4800
-13100
-2500
-7700
-7500
-7500
-11600
-5600
-10100
-2100
-9300
-7400
-5000
-6000
1200
-3600
2500
-2400
-700
1800
-1600
9900
4900
8100
2400
6700
11000
17400
26300
13500
15600
11100
12000
8900
1800
-1000
-12800
-9900
-12100
-10000
-4500
-5700
-1500
-4900
-2300
-2900
2600
3000
-1300
-4100
-7000
-5900
-2300
-3200
-5500
-11000
-10600
-11800
-8400
-10300
-11000
-9500
-15700
-16400
-14000
-14700
-18100
-20700
-27300
-35500
-32200
-31200
-38500
-39300
-41500
-39400
-36200
-26400
-20800
-17200
-8500
-9200
-9100
-11200
-9200
-17400
-14200
-24100
-18400
-22700
-28200
-30400
-37300
-32200
-35400
-38000
-39800
-41600
-37500
-41100
-36000
-39500
-34100
-36400
-29600
-34000
-33100
-23400
-31400
-23400
-29800
-25500
-21800
-21900
-18000
-23400
-16500
-19200
-16600
-14100
-13100
-13300

-13600
-6800
-13300
-7200
-7800
-6300
-7300
-8900
-3700
-10700
-4000
-9100
-10400
-6800
-5800
-4700
-9900
-3500
-6000
-3200
-200
-2400
-200
-3300
2600
0
6400
3500
3200
10300
3800
9000
13000
22200
17900
13600
17900
10900
18200
7600
4200
-6200
-11100
-6100
-10300
-5300
-8700
-4300
-5200
-900
-2300
800
400
-400
200
-5300
-3900
-3100
-1700
-2600
-10800
-9100
-12100
-6300
-7700
-8100
-11300
-16100
-11400
-14100
-11700
-18000
-14000
-23800
-30900
-29600
-31400
-30000
-39500
-36800
-44800
-38800
-30200
-29100
-18700
-19500
-7900
-7400
-8800
-7300
-12800
-11300
-17600
-18100
-23600
-22500
-25800
-30900
-32500
-34800
-32400
-40100
-37400
-43200
-40500
-35700
-37800
-34900
-38200
-32800
-32100
-32700
-29000
-28000
-28400
-26500
-28000
-24000
-21800
-21000
-19100
-22600
-19600
-17200
-13800
-12000
-15300
-13300

-11600
-11100
-9900
-7000
-9400
-6000
-6300
-7500
-7600
-7500
-4900
-9200
-7800
-6300
-8500
-6400
-7100
-7200
-5000
100
-1300
-500
-4400
1000
300
2400
5000
-600
5300
4900
7100
11700
13900
20600
13500
16200
11400
17600
17800
9300
-100
-9300
-9700
-9200
-7000
-7000
-6100
-6000
-6000
1300
-2300
1600
-1500
900
-1000
-4400
-400
-4300
-200
-7500
-8900
-9100
-10400
-3200
-9500
-7900
-16100
-11600
-9800
-13600
-12600
-19200
-17000
-27600
-23400
-27400
-30500
-28900
-40700
-41200
-46200
-32100
-29400
-30400
-18200
-22700
-5600
-10000
-4800
-12600
-10900
-12800
-17700
-17000
-26400
-18000
-30900
-26300
-34800
-35800
-31900
-44500
-35800
-45300
-34200
-37200
-37300
-38200
-38400
-32900
-34000
-26300
-32000
-29600
-28900
-27000
-26100
-25500
-18700
-22500
-18000
-21500
-17600
-15200
-15300
-12300
-16600
-10100

-12900
-8100
-9200
-10000
-6800
-6900
-6100
-8900
-5100
-5000
-7400
-6000
-7600
-5900
-9000
-3800
-5200
-8900
-300
-3000
-900
-5000
-3100
2000
1900
6100
-800
3800
4400
6700
11000
9800
15500
13800
18800
16100
16700
21100
12300
9000
-4700
-5000
-6900
-4600
-4700
-10800
-6900
-9300
-800
1400
-900
2400
-3600
1300
-3000
0
-300
-4900
300
-8200
-8900
-9100
-3800
-4600
-11000
-10400
-15700
-7400
-11000
-11400
-13500
-19400
-17000
-25500
-20300
-29700
-27800
-31500
-43700
-37700
-42800
-28000
-35500
-26500
-24000
-18400
-6100
-8100
-4500
-15900
-7900
-14500
-13300
-17700
-25200
-17100
-32700
-21700
-39100
-31100
-33800
-37700
-36200
-44200
-32800
-43300
-35700
-38000
-35700
-33300
-30200
-28200
-35200
-26100
-29400
-26000
-25100
-23300
-19400
-26300
-13600
-24600
-14900
-14500
-14700
-13100
-17300
-9200

-13100
-5300
-11300
-9200
-4800
-8700
-4600
-8900
-3400
-9800
-4700
-3300
-11300
-4900
-7700
-3400
-10300
-2800
-800
-5600
2800
-5700
400
1600
4800
3600
-2200
4500
1000
12900
8000
12800
12300
14800
18600
13100
24600
15900
12800
5900
-3400
-1200
-7200
-2700
-9100
-10900
-6300
-5600
500
400
500
-1500
-1300
400
700
2600
-2400
-2500
-5200
-7100
-5600
-5900
-5400
-8500
-10000
-12600
-12300
-8400
-8000
-10600
-17900
-18300
-18100
-20500
-23300
-27700
-27500
-35700
-40800
-38200
-37600
-32800
-32800
-30900
-24900
-14600
-5200
-5800
-9500
-9200
-9700
-14500
-11800
-22500
-19500
-22300
-25300
-25800
-35100
-29700
-36500
-40100
-37800
-40600
-35200
-40000
-33600
-40600
-34100
-33400
-30100
-31200
-32100
-26300
-32200
-20800
-26200
-23800
-24100
-22400
-16200
-22100
-13000
-17200
-15300
-15700
-13300
-9300

-12200
-6700
-11400
-7100
-8300
-6000
-5000
-7500
-5700
-8500
-2600
-7700
-7000
-6800
-8200
-3100
-8200
-1400
-6900
-1700
-1500
-3400
3800
1700
5000
0
1500
2200
7100
12300
8700
10600
8500
17100
20600
20200
21500
12700
15400
3400
1400
-1200
-3400
-8000
-10700
-8100
-6000
-4000
-100
3100
-1600
-1400
-100
2500
2600
-900
-1000
-4800
-6800
-1800
-4700
-6100
-8800
-8800
-11400
-9600
-7100
-9900
-8700
-15900
-15300
-19000
-14200
-18200
-23900
-26600
-34900
-33400
-38700
-34700
-39400
-34600
-34400
-33100
-19300
-15100
-5700
-7100
-8300
-8300
-13200
-8600
-16500
-19000
-21000
-18700
-26500
-28500
-34900
-33500
-33100
-38600
-35400
-40200
-37400
-37800
-40400
-34600
-34800
-33100
-29300
-31500
-31900
-28400
-25900
-22700
-26000
-24200
-21000
-22500
-17200
-20500
-15800
-17500
-14600
-13800
-12800
-10900

