
Curva de Excitacao - Bobina Girante (Dados Brutos)

Arquivo..............: C:\Arq\Wiggler\Medidas Wiggler - Corretoras\Bobina Tungstenio\Gap22\Translado22_X=1_#022.dat
Data.................: 31/01/2005
Hora.................: 12:16:28
Ganho................: 5
N. de Coletas........: 1
N. de Voltas.........: 10
Intervalo de Análise.: 4 - 8

-6300
-6600
-11800
-12700
-9800
-4200
-4000
-5300
-4600
-11800
-4600
-6100
-6000
-8200
-11300
-8900
-10200
-5600
-5900
-3000
-3200
-6800
-5800
-1000
5500
1200
2800
-3500
5000
3400
8900
6300
4800
11100
8500
15500
17100
14200
14400
9800
6100
2800
-2000
-1200
-6000
-5800
-9200
-5500
-4000
-1700
-5500
-4200
-6000
-4300
3000
-1700
-2700
-11800
-4600
-6700
-3000
-7000
-9400
-9400
-16500
-13600
-9600
-11700
-7900
-17400
-20900
-29900
-17800
-22000
-23800
-26300
-37700
-35000
-37300
-26400
-34300
-23300
-24500
-25900
-13000
-16200
-5200
-13000
-13400
-16600
-18200
-10400
-24700
-24200
-33500
-27500
-30700
-30400
-36700
-42100
-38100
-45700
-35200
-44500
-37500
-33400
-38900
-32800
-38500
-28500
-33000
-31000
-33000
-31800
-25300
-24700
-22700
-29000
-21000
-24700
-16800
-15800
-19800
-17200
-18100
-14600
-16200
-10300

-8400
-11100
-9800
-10200
-8700
-4200
-2200
-4400
-9500
-3100
-5900
-5500
-10200
-7000
-7800
-8000
-7400
-10000
-6100
-6800
-3800
-2400
-1500
5500
900
2700
-4700
-2000
8300
7400
6600
700
5400
6300
16300
21300
12500
14800
10900
14800
5700
6400
1700
-6100
-5200
-13100
-5600
-5000
-2800
-2900
-8100
-3600
-6300
3700
1500
-1300
-6200
-9300
-2700
-4600
-3600
-8200
-10900
-11500
-12900
-7400
-12200
-7500
-13700
-20000
-22400
-20200
-15700
-26400
-21900
-36400
-35600
-32400
-31400
-29800
-35400
-22900
-28400
-20100
-13500
-12800
-7300
-15300
-12900
-22900
-10900
-18800
-21500
-25400
-31300
-19500
-35700
-27000
-43700
-34800
-38000
-41000
-37300
-48100
-35200
-40300
-36200
-33400
-35000
-28500
-34300
-27500
-37100
-24200
-27100
-21800
-28500
-27100
-20900
-23400
-12900
-22200
-16800
-17300
-18100
-12900
-15600
-6300

-12400
-6800
-10200
-10800
-4200
-6100
-3000
-10600
-3000
-6600
-5600
-4600
-10100
-4800
-11300
-5100
-10100
-9200
-4200
-6400
1500
-5700
0
-1500
-700
1100
-2100
7500
4800
8100
2500
3400
7300
13700
20100
9900
12700
11700
12800
15400
7600
8700
-4100
-2600
-8600
-6900
-1700
-7900
-1100
-7400
-7500
-3200
300
3200
-2100
-3500
-7400
-6200
-2300
-1600
-4500
-11000
-10700
-12300
-7400
-9700
-10900
-10900
-18700
-19000
-18800
-15000
-18400
-21200
-28700
-36700
-31700
-29900
-31600
-32600
-33500
-30100
-28800
-17200
-13200
-12100
-12300
-12300
-15700
-13900
-13500
-20400
-18700
-29400
-24700
-29500
-31000
-32900
-43300
-33200
-39300
-38700
-40500
-40200
-37600
-38900
-33100
-35600
-32900
-35200
-30300
-32300
-32300
-22400
-29500
-24300
-28800
-25000
-20400
-19900
-15200
-21600
-17400
-18200
-17100
-11300
-12800
-9900

-13800
-6500
-12600
-5200
-4900
-4500
-5700
-7500
-3200
-8500
-2100
-7300
-9700
-7400
-8000
-5000
-10800
-5700
-7200
-4700
0
-2700
1500
-2200
2500
100
5600
2000
3000
5800
1500
6500
8300
17600
12100
10800
14300
12100
20700
14500
11900
1500
-4700
-3600
-6100
-2600
-5700
-6000
-6400
-5200
-3800
600
900
-2100
-1000
-6600
-6100
-1600
-1300
-3500
-9300
-9600
-12700
-8400
-4800
-8600
-10500
-15900
-14700
-15000
-15400
-18400
-17400
-24600
-32900
-32600
-29500
-26700
-34000
-32300
-35500
-30400
-19200
-18600
-12400
-16100
-9600
-12900
-15400
-12300
-18400
-16800
-22800
-23800
-28000
-26600
-29000
-35700
-35400
-36500
-34900
-42700
-37800
-42700
-41300
-35200
-36700
-32900
-35500
-30300
-30800
-31800
-25200
-27900
-28800
-26400
-26200
-24600
-18900
-17800
-18600
-21600
-19300
-17700
-13100
-10900
-12300
-12500

-9400
-9600
-9100
-5500
-7300
-4900
-4200
-5600
-7400
-4900
-2400
-7400
-7700
-6500
-7000
-8000
-6800
-9200
-6300
-3400
-2300
-1200
-4200
0
-100
4400
5400
-1000
7400
3900
5900
5800
10400
15900
10500
15900
9800
18700
17900
16700
7200
-400
500
-4100
1000
-6000
-5600
-9100
-5400
-2400
-2700
1000
-3500
-800
-2800
-5900
1200
-3600
1700
-7300
-7100
-11500
-9700
-3900
-7200
-9000
-17200
-14100
-12800
-14200
-14400
-19300
-17900
-29200
-25200
-28800
-29600
-26000
-36200
-33300
-40300
-21000
-19900
-18900
-13300
-18300
-5700
-14100
-7400
-18200
-14200
-17200
-20600
-21500
-31200
-22200
-35100
-31100
-38900
-36500
-33300
-44100
-34900
-47100
-31800
-36600
-35100
-32900
-35900
-31000
-33500
-24700
-31800
-27800
-28700
-25100
-23200
-24800
-14200
-22600
-18100
-21900
-17900
-11800
-14800
-10300
-17300
-10700

-12000
-7500
-6900
-7900
-5500
-7600
-1200
-6300
-3400
-2600
-6100
-4000
-10600
-4800
-9700
-4600
-7700
-11400
-1000
-4900
2100
-4100
-1100
1900
2200
7000
-700
2200
2400
4200
8400
6000
11200
9300
16400
11100
15900
20200
17900
16200
1400
3700
-2700
1900
100
-8300
-5800
-10100
400
-1900
-1700
800
-3100
0
-5400
600
-2300
-2800
-1200
-7400
-8900
-8600
-4500
-4600
-7700
-12500
-16700
-9900
-10600
-12400
-14900
-21100
-22300
-26900
-21100
-30300
-26500
-29100
-36900
-35500
-33900
-19800
-23900
-17400
-16200
-15800
-9600
-10300
-11800
-19400
-12400
-18300
-17100
-24800
-25200
-24100
-34800
-23400
-43200
-32500
-37800
-41500
-40000
-43100
-33900
-40000
-31800
-36300
-33000
-32400
-29000
-27300
-33300
-23900
-30600
-23600
-23900
-22500
-18900
-23200
-14000
-24700
-13100
-15300
-11200
-12500
-16100
-8300

-12300
-3700
-9900
-7200
-4300
-7000
-3100
-6100
-2400
-7200
-2200
-5100
-10200
-3900
-6800
-3800
-11000
-6100
-4400
-5500
1200
-6200
800
300
4300
3100
1200
6600
1200
11100
5200
6100
7400
11300
15300
11400
19900
15600
17500
12300
4600
6300
1900
5400
-6200
-6300
-7800
-8500
300
-2000
-1600
-3200
-2400
-2400
1600
1300
-2100
-700
-3900
-7200
-7900
-5100
-5500
-7600
-8400
-12600
-15200
-10200
-9200
-13200
-17300
-20100
-22000
-21100
-23900
-27500
-29300
-31800
-36000
-34100
-29400
-23700
-20200
-20500
-14600
-12800
-7700
-5800
-16100
-13400
-15300
-18700
-17000
-25000
-24100
-30900
-27800
-33100
-38000
-33800
-37100
-39600
-38600
-36200
-38800
-35800
-33000
-36200
-32700
-31300
-26800
-31900
-30700
-26100
-29800
-20100
-23300
-21600
-22300
-20300
-18900
-20600
-12400
-13700
-15800
-13800
-13600
-10000

-8900
-4900
-10000
-4300
-7600
-3800
-3200
-3500
-4100
-5900
-1900
-7400
-7700
-4900
-7000
-6500
-8300
-5600
-7000
-600
-1500
-2500
800
2300
2900
1200
2700
-1100
5600
8400
7800
8000
4900
16300
12100
17500
18200
15800
16900
11100
7600
5500
2800
100
-6200
-6700
-8000
-4800
-2100
1700
-3300
-2600
-3300
300
1700
-1300
-1000
-6700
-4100
-4900
-4500
-3600
-8700
-5200
-12400
-9500
-11100
-9000
-9200
-17100
-16800
-22700
-16600
-20600
-24200
-26900
-35300
-31800
-35200
-27400
-31500
-23300
-22600
-23400
-14200
-14500
-3900
-12100
-13400
-12100
-18800
-12200
-21200
-22600
-28900
-21300
-29500
-31400
-35800
-39100
-34700
-42600
-33600
-43300
-37500
-34800
-38100
-31800
-34200
-27500
-30600
-27400
-28000
-30300
-22800
-24100
-23700
-27000
-17500
-22400
-16800
-17300
-15300
-14900
-14500
-12600
-11800
-10000

