
Curva de Excitacao - Bobina Girante (Dados Brutos)

Arquivo..............: C:\Arq\Wiggler\Medidas Wiggler - Corretoras\Bobina Tungstenio\Gap22\Translado22_X=0_#021.dat
Data.................: 31/01/2005
Hora.................: 12:14:55
Ganho................: 5
N. de Coletas........: 1
N. de Voltas.........: 10
Intervalo de Análise.: 4 - 8

-9100
-10200
-10700
-204000
-6600
-1800
-2500
-5400
-7200
-1200
-5000
-2600
-7700
-9300
-8900
-8400
-7800
-12400
-6100
-9000
-8400
-6700
-1000
3100
-400
1800
-2700
-3800
10100
3600
5600
300
3600
6600
9700
15700
8100
13100
11900
14100
9900
10500
6600
-100
900
-8600
-2900
-3200
-1800
-4500
-10500
-3800
-5800
0
-2300
-4600
-5800
-8800
-3600
-4300
-6500
-11800
-9700
-10900
-14000
-9100
-12900
-11000
-17700
-19700
-22200
-20900
-15200
-27900
-24300
-33500
-29700
-26500
-27600
-24700
-30000
-18200
-20900
-16200
-13100
-16700
-12100
-18900
-15200
-25500
-16600
-21700
-27100
-30600
-33500
-25600
-41300
-31000
-47100
-38900
-40800
-43000
-34800
-46300
-31800
-40400
-34100
-33400
-34000
-28300
-36000
-28000
-36500
-24300
-25400
-23400
-26200
-24900
-19200
-24000
-12600
-21100
-18100
-16400
-15900
-10700
-15200
-7200

-12500
-10600
-9000
-6400
-1100
-5600
-1100
-8800
-2100
-4300
-1800
-2000
-10300
-6100
-9900
-7100
-11000
-10700
-5100
-11300
-3200
-5800
-200
-600
-1500
2600
-4200
7300
3300
4800
100
-900
6000
8800
14000
6700
10800
11000
11600
18300
9900
13300
500
4500
-2800
-4500
-1500
-6700
-1700
-8700
-6400
-4200
-2900
-100
-4200
-4600
-8300
-5700
-2800
-6400
-5400
-11500
-11400
-12600
-6900
-11200
-14500
-12700
-18600
-19000
-20200
-16100
-19900
-26500
-26300
-33000
-27100
-26600
-28200
-27100
-28800
-20800
-20300
-11700
-15800
-16500
-13700
-18100
-17900
-20900
-16600
-27700
-23600
-32900
-31700
-30900
-36000
-34400
-47000
-34600
-42000
-40800
-41000
-41600
-33500
-38000
-29400
-33300
-30300
-34100
-31200
-31200
-31800
-21700
-30500
-22200
-28100
-23100
-19900
-19500
-14700
-23900
-16400
-16500
-14300
-12500
-13700
-9100

-16300
-5400
-10100
-3900
-5000
-4100
-3000
-6600
-100
-4800
-400
-6200
-7000
-4900
-9600
-5500
-11700
-8000
-11400
-8300
-2000
-5500
-400
-3100
1800
-300
4300
5300
2100
5600
-200
6100
5800
12500
10200
7000
13000
8100
19300
14400
11700
7400
1100
3600
500
1400
-3200
-5900
-4700
-6000
-4700
-2900
-2200
-2200
-5400
-5600
-5700
-3400
-4500
-4100
-7900
-10600
-12500
-6200
-7200
-13800
-12800
-14600
-17300
-17600
-14900
-21300
-21700
-25200
-28500
-29900
-25600
-24600
-29200
-27300
-27000
-23100
-13100
-16900
-14100
-17200
-12200
-14900
-17900
-17000
-22000
-22400
-23500
-30200
-31200
-33300
-32900
-39100
-42400
-38400
-39600
-41600
-40900
-39400
-39700
-31800
-32800
-33800
-34400
-31800
-31300
-31400
-28600
-27900
-29000
-23700
-26200
-23300
-17700
-18700
-20900
-20100
-15100
-18500
-11900
-10600
-13800
-13300

-10200
-6100
-8200
-5800
-5100
-4600
-3800
-2700
-3700
-3000
-300
-6700
-4900
-5900
-7200
-7700
-9200
-11100
-10000
-3700
-5900
-3100
-3300
-600
700
3500
4600
-1700
5600
4000
1600
6100
5600
13200
6000
10700
8400
15500
16600
14000
10200
4800
5600
2900
5400
-1300
-6900
-4700
-5500
-1600
-5000
-1300
-5400
-3700
-3700
-5200
-2400
-6000
-1100
-7400
-9400
-9700
-8300
-4500
-11100
-11500
-15600
-16500
-12900
-15700
-17400
-23500
-19400
-27000
-25900
-26700
-27200
-24900
-31900
-24400
-28900
-16200
-13300
-19500
-11500
-19700
-9000
-17000
-15700
-20500
-21100
-18000
-26300
-26500
-34700
-28200
-38500
-35400
-37300
-42100
-35100
-44700
-35000
-45200
-35800
-32300
-32300
-33100
-34900
-29200
-32000
-27700
-30500
-27900
-27400
-25500
-23400
-22400
-17100
-21800
-18900
-18600
-17700
-14000
-13400
-13200
-16400
-9300

-9400
-6400
-6100
-8000
-5500
-4900
600
-3400
-2700
-1900
-3300
-2600
-7700
-3200
-6100
-7800
-10700
-11500
-5500
-7800
-2600
-3700
-4200
2600
1600
6400
-700
1500
3800
4400
7000
3600
6900
5300
9900
10600
11000
17700
15400
15100
7400
8700
7100
7700
5200
-6700
-3200
-7300
-2900
-1900
-5000
-500
-7600
200
-5100
-1000
-3300
-4400
-2600
-9300
-7100
-8200
-5800
-6900
-11800
-10800
-17100
-10600
-12600
-16300
-19000
-22800
-18700
-28100
-20500
-28500
-27700
-27000
-30400
-24100
-29100
-11600
-19700
-16400
-16000
-15000
-9800
-16700
-12400
-23100
-16000
-23200
-21300
-26700
-35000
-27100
-41000
-29000
-44000
-38600
-40100
-42500
-34300
-44000
-30000
-37700
-32100
-34300
-32600
-29500
-32800
-26500
-36300
-24600
-28300
-21900
-22300
-22600
-15400
-25300
-13500
-23500
-12700
-14000
-15000
-11800
-15700
-6800

-12300
-4200
-7300
-8500
-3300
-4600
600
-5600
600
-2600
-3100
-2900
-8100
-3700
-9000
-4200
-10900
-9100
-5900
-8700
100
-7500
-1900
700
2300
4400
-2100
5900
1500
6300
4500
5400
4300
7100
13700
8200
14700
13600
14400
14500
8100
12100
6600
7500
-1000
-4900
-2900
-7800
-100
-3300
-3400
-5500
-3200
-1600
-3100
-1300
-4100
-5100
-5400
-4900
-5800
-8000
-6000
-8000
-12300
-12600
-11900
-9800
-15100
-14700
-20000
-21000
-21400
-21200
-23700
-29600
-26700
-28900
-28100
-25500
-24900
-17700
-18500
-17100
-15000
-13500
-13100
-15700
-17500
-20600
-16300
-22900
-20200
-32900
-28100
-31800
-36000
-32400
-42700
-37600
-39700
-41000
-39200
-38800
-33200
-37500
-31100
-33700
-30300
-32700
-27800
-30000
-32500
-23900
-29300
-19500
-23700
-21000
-22400
-20200
-14200
-20100
-13200
-15600
-13700
-12900
-12600
-9800

-9100
-3500
-11800
-4400
-3200
-4700
-600
-3400
1200
-7000
700
-2700
-6100
-5500
-6300
-5200
-11000
-6000
-9000
-5900
-3600
-6000
200
1200
4000
500
2300
2300
4100
10700
3600
4600
2900
10500
10600
11600
16800
10900
17500
12300
12600
8900
7600
7300
-2200
-2400
-4000
-3400
-700
-2300
-4600
-5600
-4700
-1700
600
-2500
-4000
-6300
-4600
-3500
-7200
-5900
-8700
-8800
-11600
-10200
-10100
-13700
-10700
-18000
-19200
-21700
-17100
-21100
-26200
-26100
-30800
-26200
-27800
-23900
-25000
-19800
-17500
-17800
-10800
-14800
-13100
-13300
-19300
-16400
-21900
-17500
-26400
-27200
-28500
-30800
-33600
-36400
-42200
-40600
-36700
-41000
-36000
-37100
-36900
-33300
-35000
-30500
-33400
-28200
-30200
-32600
-29400
-26800
-26700
-21400
-21800
-23500
-20200
-18200
-15700
-19700
-16100
-15700
-13100
-12700
-11700
-9300

-8700
-7600
-6600
-5400
-4200
-2300
-800
-1300
-2400
-2200
-300
-3200
-6300
-4500
-6600
-8000
-8300
-8400
-7200
-4100
-4800
-3200
-1900
1900
2400
2600
2100
2300
10100
4000
5000
2000
6200
11900
12400
12500
10700
12500
15300
15300
15700
8800
8000
800
900
-4300
-400
-3000
-3000
-1100
-7000
-700
-4000
2600
-700
-5200
-1900
-7300
-1200
-4800
-4700
-7900
-9300
-6100
-11200
-8600
-13800
-9400
-12600
-19000
-15700
-21300
-15500
-25800
-24200
-27800
-28900
-22500
-28000
-22600
-28100
-14900
-16200
-16100
-9800
-17100
-7600
-19000
-14200
-20000
-17600
-17100
-25700
-23400
-34900
-24200
-37800
-30600
-41300
-39400
-34000
-45400
-32800
-44700
-32000
-35300
-33500
-28200
-33900
-28500
-33900
-26400
-32700
-24900
-23700
-23900
-23200
-24600
-16100
-19300
-13600
-18900
-15700
-13500
-16600
-9600
-13800
-6200

