
Curva de Excitacao - Bobina Girante (Dados Brutos)

Arquivo..............: C:\Arq\Wiggler\Medidas Wiggler - Corretoras\Bobina Tungstenio\Gap22\Translado22_X=-9_#012.dat
Data.................: 31/01/2005
Hora.................: 11:52:28
Ganho................: 5
N. de Coletas........: 1
N. de Voltas.........: 10
Intervalo de Análise.: 4 - 8

-9600
3800
100
-204000
-25500
-27400
-18500
-6800
2900
-2700
-17200
-19000
-5800
23400
39500
44400
41000
42000
57500
69200
72900
60000
50000
42900
30500
9400
-14900
-32300
-37300
-48700
-53000
-60100
-46000
-28500
-18300
-16100
-18300
-5900
4800
11600
2400
1600
-800
900
1300
3100
4500
500
-400
-4000
-4300
2900
-4800
-900
-6700
-6700
-4800
-6800
-4700
-14100
-7100
-10800
-12700
-7300
-14800
-12900
-19600
-10100
-17100
-20000
-15200
-21300
-18800
-23800
-15900
-27000
-22900
-21500
-31000
-22100
-32800
-24800
-33900
-33000
-33500
-37800
-26900
-37600
-30100
-32500
-21400
-32900
-44200
-67800
-77200
-59500
-64600
-49000
-44100
-20800
-8900
-4300
12100
13100
29800
16300
-7900
-28400
-28100
-9200
-23700
-35800
-78900
-77700
-61700
-33800
-23000
-33800
-40400
-54400
-28900
-20900
1300
-4500
-12900
-18500
-21500
-4800

-3100
6900
-4800
-21300
-24000
-23500
-5300
-1900
100
-15100
-26200
-10800
4800
36400
32500
37300
32900
42100
68900
71500
71700
54100
54400
45700
26500
10700
-19700
-26800
-37700
-44500
-54300
-58000
-40000
-34900
-19500
-22400
-14100
400
7600
10000
-200
5500
-4200
3300
6500
1300
4000
-3400
1300
-2100
-1100
900
-5800
-200
-5800
-4800
-5700
-7600
-5900
-10100
-7300
-13500
-9900
-10800
-13900
-14200
-15900
-11700
-19200
-13500
-18600
-22300
-17800
-19600
-18400
-27900
-18900
-27000
-25000
-25500
-31800
-28300
-33400
-30900
-35900
-32000
-34700
-34100
-29400
-29900
-20000
-34700
-47600
-73400
-67900
-62900
-62800
-45800
-45500
-21800
-13800
-2000
13400
14100
31600
2500
-7200
-20700
-9800
-12600
-28400
-56900
-85100
-60700
-49500
-24200
-35100
-43600
-53000
-46000
-17100
-11600
-2200
-14800
-19700
-17200
-14100
1900

100
1700
-18600
-21300
-18800
-14300
2900
-8000
-8400
-28200
-19400
-400
16900
32000
23100
27400
31900
56600
70800
69400
66600
57500
59300
44000
27400
2600
-18100
-24000
-35100
-43800
-57200
-52600
-42100
-33200
-24500
-26300
-7600
2000
10700
5100
600
600
-1300
9300
3600
1900
400
100
400
-1200
2500
-1100
-3500
-3500
-3500
-6000
-6500
-4000
-8100
-8500
-10300
-10800
-8200
-12400
-13000
-14100
-13200
-15300
-14900
-14600
-20400
-19100
-16200
-20200
-21900
-23700
-20900
-24800
-24000
-26300
-32100
-27900
-28200
-35500
-33000
-33400
-33200
-31300
-33000
-24100
-24000
-34600
-54800
-67300
-64400
-63100
-62600
-48000
-42200
-24200
-13000
-2200
10200
24500
18100
500
-4900
-7700
-2800
-17800
-43700
-74100
-70100
-49600
-35300
-32400
-44900
-57200
-49900
-31500
-11900
-10300
-9600
-21700
-21200
-13700
-5400
6000

-2600
-7800
-21900
-16800
-13300
-2400
-1000
-13700
-21200
-25400
-7800
6500
20600
21300
17500
24200
42700
62800
67900
66100
62900
62200
57600
45300
22200
500
-11500
-20800
-32500
-48900
-53900
-51000
-44200
-35400
-34300
-17300
-3900
7300
7500
1600
300
-2500
9100
3100
5000
1400
1700
0
200
4500
-2500
500
-2500
-2400
-3300
-5500
-2600
-8700
-5900
-9500
-8300
-7900
-12700
-10700
-13400
-11700
-16100
-11500
-15700
-18800
-15800
-19100
-15200
-23900
-15300
-24800
-24500
-18600
-27500
-25600
-33800
-24700
-32500
-33600
-28300
-38000
-30700
-34700
-28500
-26100
-22800
-38300
-55000
-59300
-68000
-62700
-61000
-46400
-40800
-26700
-11300
-5300
22200
16200
13900
1400
5600
3000
-7100
-26000
-64700
-64200
-57200
-36400
-33400
-43100
-56800
-59400
-34600
-25200
-10000
-15100
-17200
-26800
-17300
-3500
-300
2500

-8200
-14200
-17700
-14600
-2700
-4100
-7400
-21400
-23600
-16700
-1900
14700
10500
14400
11500
31500
50900
61400
67300
62400
67500
63100
58900
42100
16600
7100
-7800
-20600
-38200
-48200
-51800
-54100
-41300
-43200
-27000
-13400
800
4900
800
3700
-4400
7300
5500
4800
6100
-1400
3100
-1500
5100
0
-2300
2600
-5000
-100
-4700
-1500
-7600
-7300
-2500
-9600
-7400
-12200
-8900
-10900
-12700
-12000
-14900
-10400
-18700
-14700
-17400
-18700
-17200
-20400
-16900
-28000
-16600
-23000
-27200
-24000
-32400
-24000
-33600
-27300
-36300
-35500
-29200
-33300
-26400
-28100
-24000
-44700
-44400
-59900
-66100
-60500
-64900
-43000
-45500
-24000
-17000
1800
21000
10200
14300
6600
16200
2300
-11200
-46600
-62800
-49600
-47200
-29200
-46000
-56400
-64800
-46100
-28000
-20400
-8500
-25800
-25300
-24400
-7300
2000
-2900
2300

-18400
-13300
-15300
-3700
0
-10300
-12100
-29000
-15600
-10800
6300
8800
3200
10900
13900
40100
51200
62000
63800
60000
71700
64500
56500
34900
22000
11200
-7200
-18100
-41100
-46200
-54500
-49100
-48300
-43300
-19200
-11300
2200
-900
800
1800
2200
8100
2100
9400
1300
-1200
2400
2500
3500
-2200
2400
-2000
-3500
300
-3400
-3100
-6700
-5200
-4200
-8700
-7300
-11300
-9600
-11900
-10400
-13200
-14400
-14200
-15700
-14400
-19300
-16500
-16600
-20500
-20400
-22600
-17800
-24400
-23400
-25500
-31000
-27200
-27500
-33400
-35100
-32000
-33400
-28400
-27300
-26500
-29900
-38500
-40600
-63900
-62700
-65500
-62200
-45500
-42000
-27200
-15600
8800
12000
12100
16300
14500
18600
-500
-24400
-50600
-49000
-42000
-37500
-38300
-58400
-62500
-55600
-35000
-25300
-22100
-17700
-31900
-22400
-13500
-4400
-1400
-2100
-7900

-19900
-6800
-8700
-1400
-6600
-11700
-21200
-23600
-9800
-3100
4200
900
0
7800
22900
44200
51900
59900
57300
64300
71200
65200
52300
35800
26800
11700
-6000
-25500
-37300
-49600
-49500
-51500
-53500
-35200
-20500
-8700
-3700
-2300
-1100
3600
7700
5200
4800
5100
1300
2500
3400
3300
-100
3700
-1600
-600
300
0
-3700
-6300
-1700
-7900
-5000
-8100
-7300
-10900
-10200
-7200
-13500
-12200
-14700
-13400
-14400
-15500
-16500
-19200
-15600
-20700
-18900
-20600
-24000
-20700
-25700
-24200
-32800
-24000
-29200
-35600
-30400
-35000
-31200
-30500
-28000
-27300
-31300
-31400
-45700
-59800
-67600
-65200
-60900
-45200
-43400
-29600
-7400
500
15600
11000
21900
18700
12400
-5800
-37300
-40800
-39800
-32400
-43800
-49600
-67000
-59400
-43200
-33100
-21000
-27500
-29200
-30300
-17000
-7900
-3000
-1200
-9800
-14900

-12600
-3000
-2400
-4700
-7600
-20900
-19900
-17700
-3000
400
-4200
-2100
-4600
13900
29100
46800
50000
50600
60600
65700
72600
63400
50400
40400
28000
14400
-11300
-25000
-38600
-48100
-48200
-56500
-47400
-36300
-17200
-10300
-7500
-100
-2200
7600
5400
8800
3900
2100
4700
200
5400
100
4300
900
-4500
3900
-5000
800
-5200
-2600
-3600
-8600
-2000
-8600
-7900
-12700
-6600
-8800
-13200
-10500
-15900
-13600
-16600
-13000
-17400
-19700
-13600
-22000
-17400
-25300
-19200
-23000
-25800
-22400
-32900
-23000
-33300
-31600
-34700
-34300
-26400
-33300
-25100
-34500
-22900
-35500
-42300
-61800
-72400
-59800
-65200
-41500
-47800
-21200
-12900
2200
17700
10500
27600
15500
12100
-21100
-32400
-30500
-33000
-29400
-54600
-60600
-69600
-48000
-37200
-28100
-26400
-39700
-28200
-28800
-10100
-6800
-2300
-4000
-19900
-7300

