
Curva de Excitacao - Bobina Girante (Dados Brutos)

Arquivo..............: C:\Arq\Wiggler\Medidas Wiggler - Corretoras\Bobina Tungstenio\Gap22\Translado22_X=-8_#013.dat
Data.................: 31/01/2005
Hora.................: 11:56:59
Ganho................: 5
N. de Coletas........: 1
N. de Voltas.........: 10
Intervalo de Análise.: 4 - 8

-10200
-8900
-6100
-12500
-15300
-18200
-9600
-5400
3100
-1900
-200
1500
10400
27800
38100
42300
38900
44400
53900
54600
51300
35100
16600
9500
-2800
-15300
-35000
-42200
-46300
-51900
-47900
-46000
-25500
-8000
1000
-1400
-5300
0
3400
10300
7700
2400
-300
-1900
2200
800
6000
200
700
-2200
-3600
-2100
-4200
1400
-5100
-7300
-6300
-9900
-4400
-10400
-9500
-13000
-10300
-10400
-13500
-14400
-19000
-13900
-16100
-16100
-19800
-21100
-15400
-23700
-16400
-24900
-23900
-23500
-25400
-22000
-32700
-21200
-32800
-33300
-37600
-40900
-32800
-36400
-30700
-37900
-26900
-28100
-21200
-34600
-56800
-60600
-71500
-54100
-67400
-46400
-37100
-27800
-13100
-14500
9700
9300
14900
-9200
-15900
-20600
-15500
-19000
-39600
-52200
-59400
-45600
-33300
-30200
-27000
-39800
-34300
-32800
-16900
-11800
-11100
-11400
-21600
-11800

-15300
-1500
-7400
-11000
-15100
-18200
-7300
-8900
3800
-300
-1900
3200
11600
30700
35200
43400
42000
46000
53400
49800
51400
30400
25300
13100
-4600
-15300
-35300
-38900
-50700
-48500
-49700
-39500
-21100
-11100
-2000
-7100
200
4100
7400
10200
-1200
3900
-300
3700
4100
1900
4300
-3400
3800
-2000
-1300
0
-2100
-1500
-7600
-4000
-7400
-5700
-6200
-10600
-9800
-11500
-10000
-11500
-13000
-14600
-17500
-11500
-16700
-15700
-19600
-18600
-19700
-21200
-17000
-26600
-21200
-22500
-25500
-25600
-28400
-24500
-33400
-32300
-34100
-35300
-35700
-33600
-37900
-36700
-26700
-30400
-18300
-38400
-50800
-62100
-67400
-60700
-63600
-43400
-38900
-27200
-16200
-4300
9300
8800
5000
-10700
-9300
-10300
-15700
-27300
-50100
-48600
-50800
-34100
-33700
-35100
-37700
-45100
-26800
-26000
-9400
-18400
-13400
-19200
-17400
-8400

-7900
-1300
-13300
-11800
-16800
-12900
-4500
-3000
1200
-6700
-2500
6700
17500
32700
31700
41800
38600
51000
55200
52900
46100
32200
27700
11600
-2800
-19200
-30600
-43000
-47200
-49100
-51200
-36500
-22000
-9600
-6700
-3300
3200
2100
8600
4500
3100
4200
900
5900
2200
3500
300
-100
600
600
-900
-100
-4200
-4100
-4300
-4600
-4900
-8000
-7400
-9100
-10100
-8200
-10300
-11400
-13000
-13700
-14900
-14600
-15100
-17600
-19300
-21300
-17300
-17300
-19800
-23900
-22800
-21900
-25200
-23000
-30400
-27600
-32300
-31400
-32600
-38900
-33500
-36600
-37800
-34700
-29800
-23500
-24400
-37200
-49500
-59300
-66300
-64900
-60800
-48000
-34500
-28600
-11900
-3500
7100
5200
1300
-3000
-5500
-7700
-20500
-36100
-49200
-43200
-43400
-31600
-38500
-40300
-44500
-37200
-23900
-18400
-17100
-17900
-19300
-17400
-12700
-4900

-7100
-7000
-14200
-14500
-11800
-9400
-1000
-6500
-5300
-9300
700
11100
21000
28800
30500
36200
44900
53400
54500
52000
43800
36800
25300
16100
-5900
-17900
-33700
-40400
-46100
-54100
-46200
-36300
-21300
-11400
-10000
-500
700
8100
7700
4100
4000
1300
5100
2500
6700
-2200
3100
500
2100
1900
-3400
-100
-5600
1200
-3600
-5700
-2500
-8900
-5500
-11100
-7500
-10200
-11300
-9900
-14300
-12600
-16000
-12100
-15900
-18000
-17600
-20600
-13600
-22800
-16200
-23500
-21900
-21800
-26800
-20900
-34100
-23200
-30300
-33400
-32400
-37800
-31300
-39700
-33400
-36300
-27200
-22000
-26300
-34200
-52000
-53300
-72600
-62300
-62400
-46700
-33900
-30400
-9900
-7600
12000
1000
4500
1100
-2500
-8200
-26400
-38000
-47900
-38200
-36000
-36700
-40300
-49200
-38900
-34000
-17600
-22200
-16800
-19500
-21900
-9800
-12400
-2500

-12500
-7100
-15200
-13900
-8200
-5800
-4200
-11200
-7500
-5000
2400
16700
17300
29700
26500
38900
49000
51400
57200
46500
47700
35500
29200
12800
-6300
-18200
-34000
-38300
-50500
-50700
-42500
-35900
-20500
-18600
-5000
-2500
5700
9100
1500
8600
-800
6600
3200
5100
3700
-700
2400
-600
5000
1100
-1900
1400
-3400
200
-5700
-2300
-5100
-9000
-5300
-8700
-7700
-12200
-8400
-11600
-14100
-11200
-15700
-12000
-17300
-15100
-18700
-18400
-14700
-22300
-15300
-27000
-19100
-21400
-23400
-24000
-30900
-23800
-32000
-30100
-33200
-35400
-33600
-35400
-33200
-36400
-22900
-29100
-24300
-35600
-45400
-57700
-72900
-60300
-65800
-42700
-39200
-25000
-8900
-3800
7000
900
9700
500
-500
-13200
-31900
-35800
-44300
-29200
-39800
-38400
-49400
-46100
-33900
-31300
-16800
-25300
-18600
-26500
-13900
-8100
-9700
-3600

-15200
-9300
-16100
-8800
-4800
-7600
-3700
-14900
-5800
-4800
9600
16700
14700
25000
24900
44900
45900
56500
53400
47800
47500
36600
30300
8600
-4300
-17500
-30100
-38400
-51300
-46100
-46200
-32100
-25800
-17300
-2800
-900
9600
3200
7800
3100
1800
7400
4600
7900
3100
-300
1600
3000
3800
-300
500
-800
-3600
-1300
-2200
-2700
-8500
-4400
-7200
-6900
-8600
-10200
-10200
-11200
-11400
-13100
-13200
-14700
-16100
-15400
-17600
-17000
-17000
-17500
-19500
-22300
-20500
-21200
-25500
-22200
-29900
-26200
-28300
-31500
-35200
-35400
-34600
-34900
-36100
-30400
-28100
-29000
-22300
-35800
-42200
-59700
-70400
-64200
-59600
-44300
-39900
-24600
-10500
-6100
4900
7600
8100
3000
-3100
-19400
-29000
-31500
-36300
-31500
-41300
-43900
-50500
-37100
-31700
-27600
-21400
-27500
-23400
-21600
-10700
-8200
-8000
-6100

-17500
-10900
-11700
-4200
-8000
-7400
-8300
-14900
-4800
200
11400
10600
16100
21100
31100
43500
48800
53500
52500
50000
48800
37700
25900
10800
-2400
-17000
-29800
-41400
-46100
-50500
-43500
-33200
-29100
-11400
-4600
3900
3800
4700
6300
4600
4100
4500
5000
5100
3500
1200
2700
2200
-300
3000
-800
400
-2600
700
-2500
-7100
-3100
-6600
-4800
-8100
-8300
-10600
-10800
-8300
-14000
-12300
-14100
-13400
-15000
-17600
-15200
-19400
-14700
-21500
-17200
-21800
-21700
-19900
-24800
-22400
-33300
-23800
-26700
-34100
-31100
-36300
-33200
-37400
-33600
-32100
-31400
-21400
-24200
-30600
-48900
-59700
-71300
-63800
-57100
-48500
-33500
-27500
-8800
-8700
9100
7200
10400
2500
-8900
-19600
-27900
-25700
-34500
-35900
-44000
-50400
-43800
-39400
-28000
-29200
-23800
-29100
-21700
-17700
-12600
-7400
-12200
-9900

-13600
-7700
-7700
-8600
-5400
-11700
-10500
-11100
-1600
4000
4600
12300
12000
24800
32500
44000
49900
49000
54800
50500
49000
37600
23900
12600
-4000
-14100
-31200
-39600
-46500
-50200
-40400
-41300
-22500
-14400
-300
1100
2400
7300
3200
6600
3700
6600
4400
3400
5800
-400
3300
800
2700
2000
-1900
1000
-2700
-600
-5000
-3300
-3600
-8100
-2900
-8900
-6700
-12800
-9100
-9500
-13800
-11400
-16700
-12200
-16300
-13500
-16300
-20200
-14300
-21300
-16600
-23900
-19300
-22300
-24800
-21800
-31000
-23800
-32700
-30400
-32300
-36200
-32800
-36700
-29900
-38200
-25200
-27300
-21100
-30500
-48700
-58800
-74400
-56200
-64300
-43700
-35500
-25900
-8400
-7900
10200
4600
11400
400
-12400
-14300
-24100
-24100
-39700
-36200
-50400
-45100
-39000
-35800
-27300
-34800
-26600
-28800
-17700
-15900
-11300
-6900
-16700
-8800

