
Curva de Excitacao - Bobina Girante (Dados Brutos)

Arquivo..............: C:\Arq\Wiggler\Medidas Wiggler - Corretoras\Bobina Tungstenio\Gap22\Translado22_X=-1_#020.dat
Data.................: 31/01/2005
Hora.................: 12:13:23
Ganho................: 5
N. de Coletas........: 1
N. de Voltas.........: 10
Intervalo de Análise.: 4 - 8

-9600
-4300
-11500
-4900
-5500
-4000
2200
-3600
-800
-100
-2300
0
-7200
-700
-8300
-6700
-12100
-14000
-8000
-12500
-7800
-11600
-1600
-900
-400
3200
-4500
-500
3900
9000
1000
1800
4800
1000
9600
5900
9900
9500
13200
9600
8300
13000
7700
9200
2500
-3200
-400
-2900
2300
-6000
-6600
-8400
-7900
-400
-4100
-3800
-9000
-7500
-8600
-6300
-7100
-10100
-9200
-12400
-14600
-13000
-13400
-12400
-15100
-18700
-25600
-22100
-17600
-24300
-22300
-27100
-25700
-28600
-21400
-21000
-22500
-16500
-16000
-19100
-17000
-17100
-16400
-18600
-20900
-24900
-21700
-28000
-26600
-39700
-32600
-31300
-41000
-37400
-45800
-38300
-44400
-37100
-39400
-39700
-31500
-33900
-32800
-36200
-29200
-35800
-32200
-32000
-35500
-24500
-25200
-16400
-27000
-22400
-21700
-23900
-12600
-19300
-14200
-20200
-13500
-18500
-11300
-6400

-11100
-6300
-9900
-4900
-6400
-200
1400
-4200
3500
-3400
1700
-3100
-2300
-2500
-9500
-4700
-16300
-9800
-11300
-10400
-9900
-6700
-3000
-4500
2800
-1300
100
4800
5100
6100
-800
5700
-1200
9500
9100
7200
9900
5900
13900
7800
16000
11400
9200
7300
600
300
0
1500
-3900
-5100
-6300
-8600
-1800
-2400
-2800
-8200
-6000
-7800
-5800
-4700
-8300
-8200
-13400
-11500
-12900
-12800
-12400
-13200
-16700
-23000
-20800
-19900
-18000
-22900
-24900
-27500
-30500
-20000
-25100
-19400
-21500
-17100
-19200
-19400
-12900
-18900
-14400
-18700
-22100
-23700
-25100
-25100
-31500
-32100
-31100
-37000
-35900
-41400
-42600
-44100
-37100
-42600
-38000
-37600
-34100
-33700
-34200
-30300
-33600
-34600
-31500
-34900
-30400
-23700
-23300
-22900
-24100
-22700
-22100
-18600
-16600
-17400
-17100
-16800
-18700
-11800
-10300
-9300

-10000
-7400
-9400
-5400
-2000
500
-2100
-500
-700
-1800
300
-400
-2900
-3800
-6100
-9800
-10400
-10900
-9900
-10300
-8100
-6900
-6800
-800
-400
2500
4000
1000
5900
2200
5000
800
5900
10400
6400
6500
5700
10700
11300
14200
14800
8100
7600
3100
5300
1700
1000
-2100
-3500
-3200
-8400
-600
-5200
-2700
-2900
-9000
-5400
-8800
-1700
-6000
-9100
-11000
-13100
-7300
-12300
-8400
-15100
-13000
-17500
-21100
-15400
-23500
-16000
-24200
-24700
-30900
-24300
-19400
-26600
-17200
-25100
-16300
-18900
-14900
-13200
-22000
-8800
-22700
-19700
-25400
-20600
-24000
-31400
-27700
-38900
-30300
-43700
-36500
-46100
-40500
-35300
-46900
-32300
-41300
-32800
-34000
-28300
-31900
-37300
-30800
-35600
-31000
-30600
-20400
-25000
-25400
-22500
-26100
-16100
-19300
-14800
-21600
-17900
-17700
-15300
-6800
-14600
-9900

-11400
-8200
-6800
-5600
-100
-4900
800
-2500
-1200
1900
800
300
-6900
700
-8400
-6500
-8100
-13100
-9300
-12800
-6200
-9100
-4600
800
-2000
7000
600
3900
2100
4800
3300
1100
11800
5600
8600
4900
7700
11000
12100
18200
7400
9700
6400
7700
7800
2600
1600
-6200
-1600
-6700
-3600
-400
-5400
-1500
-6700
-6500
-6300
-4100
-600
-9200
-6700
-11800
-9900
-7700
-7900
-10100
-17500
-12200
-18700
-14900
-18400
-19900
-18200
-27400
-24000
-28300
-19700
-22300
-22700
-21200
-25200
-14700
-15600
-16000
-17500
-16000
-14000
-21000
-18000
-26200
-18700
-29600
-24400
-36300
-36000
-33100
-42000
-35700
-45900
-35800
-42800
-40600
-34600
-41400
-29300
-32600
-27300
-37800
-33200
-34900
-33000
-26500
-30600
-22900
-30000
-20100
-25400
-19900
-16500
-19500
-15000
-23500
-15100
-17900
-11100
-10000
-15300
-7000

-13200
-4800
-8000
-3300
-3700
-1700
3000
-6000
4300
-800
3600
-2500
-900
-1600
-9200
-4300
-11200
-9200
-9700
-10600
-5600
-9800
-1500
-3100
5600
3400
2300
3200
3000
7000
2600
8200
4500
4800
9700
3400
11100
9600
17900
11800
9600
9000
6300
12300
6200
2100
-300
-4200
-1100
-3600
-200
-3900
-4700
-3500
-6600
-3200
-4400
-3000
-5500
-7100
-9200
-9800
-6800
-7300
-11000
-12900
-16300
-14000
-13300
-15800
-18300
-18600
-22500
-24600
-23600
-24900
-22800
-20000
-23700
-24100
-22500
-13100
-16800
-17000
-13600
-16500
-16400
-15800
-21700
-21100
-23800
-24800
-27900
-33200
-32400
-36400
-38800
-35900
-43600
-41200
-40400
-38400
-40100
-34800
-31100
-32200
-32600
-35400
-34400
-35400
-26700
-28700
-32500
-25000
-27300
-22200
-23000
-18000
-17200
-21800
-18100
-21400
-14500
-14900
-9900
-14100
-12100
-11900

-11600
-2100
-7600
-3200
-2600
-200
-1700
-1600
4800
-1800
3700
-900
-1500
-5100
-5200
-6100
-11800
-7600
-11900
-7700
-9000
-6500
-3900
0
4600
900
3300
100
5200
5300
5100
6300
2500
9200
4200
7200
10600
13600
13200
10400
12700
8400
12400
9600
6900
-600
-1700
-2500
-2500
400
-5200
-2200
-6400
-4000
-2800
-4100
-3600
-5900
-2800
-8200
-10100
-5800
-8700
-7500
-13900
-11800
-15600
-13400
-12200
-17800
-16600
-24100
-19400
-23400
-22200
-24300
-24800
-20600
-28700
-19500
-22100
-13600
-15500
-17200
-11100
-23000
-9600
-20500
-18700
-22300
-21900
-22900
-31900
-28700
-37900
-33000
-39100
-36200
-41700
-43700
-34200
-46000
-34200
-38100
-30100
-32400
-33900
-32500
-37400
-28100
-31000
-31000
-30200
-24200
-27300
-22800
-18300
-22200
-18600
-21600
-16400
-17300
-16100
-13600
-15400
-12500
-13900
-10200

-7200
-4600
-5800
-5900
-1200
-4100
1600
900
600
800
2100
300
-4500
-2100
-3600
-8500
-7200
-12200
-10200
-10400
-5800
-5700
-6400
4300
-1000
3300
-600
1800
7400
6400
6500
900
5800
5100
7600
9800
10700
13700
8300
15700
7900
13800
13700
7700
7200
-4000
2300
-3200
900
1100
-6900
-2900
-8100
-500
-2400
-3900
-4100
-8100
-4400
-9600
-4700
-8300
-7900
-8000
-12500
-11400
-14700
-10100
-14400
-17600
-19700
-24400
-16400
-24400
-19500
-26700
-23100
-23200
-26300
-16400
-24400
-11400
-18100
-13700
-17100
-17600
-9200
-23000
-15900
-24000
-22100
-26800
-27800
-31900
-36600
-26800
-42800
-32300
-48000
-37100
-39700
-42100
-29400
-43000
-27500
-37100
-29600
-34400
-33300
-28000
-33100
-28000
-34600
-22100
-27000
-16500
-23900
-22900
-15300
-24100
-13700
-21900
-12500
-15700
-15300
-10200
-14800
-6200

-11000
-2900
-7200
-3500
-1700
-4000
4700
-4800
4500
400
200
2200
-5000
1900
-8500
-4000
-9600
-11200
-8000
-10600
-5100
-9000
-500
-4200
1400
2800
200
6200
4100
7600
4500
3500
8400
5500
15400
5400
10700
10200
14300
12800
10200
16700
6200
9800
3300
500
2300
-500
1800
-3400
-4600
-4800
-4500
1600
-5100
-2300
-5400
-7300
-6600
-4900
-5500
-10000
-6400
-10300
-11400
-12300
-11900
-11900
-15100
-15100
-21900
-19700
-17700
-22600
-21100
-26000
-23800
-25100
-20300
-20900
-21900
-12100
-14200
-18300
-15500
-15200
-17000
-17000
-16700
-26000
-20700
-25900
-25700
-37900
-28500
-32600
-40500
-34100
-44000
-39600
-42100
-35500
-39500
-37100
-29500
-36200
-28600
-31100
-30600
-35500
-28600
-30400
-33500
-21300
-25200
-18500
-25700
-18400
-21400
-20600
-11600
-20900
-13000
-16200
-13400
-13500
-12100
-7200

