
Curva de Excitacao - Bobina Girante (Dados Brutos)

Arquivo..............: C:\Arq\Wiggler\Medidas Wiggler - Corretoras\Bobina Tungstenio\Gap22\Translado22_X=10_#031.dat
Data.................: 31/01/2005
Hora.................: 12:39:16
Ganho................: 5
N. de Coletas........: 1
N. de Voltas.........: 10
Intervalo de Análise.: 4 - 8

-20800
-13800
-12600
-2040
-11800
-12800
-8000
-15800
-7700
-10600
-9100
-1500
-8000
900
-8000
2000
-4100
-1400
6500
4400
16700
4100
5600
-700
-1100
-1900
-15800
-21300
-34000
-29200
-30400
-30600
-25800
-17100
8100
13300
24500
18300
18700
19500
20600
31500
29300
37900
44000
55200
58800
40500
22300
3500
900
-2100
-11000
-25400
-44400
-48900
-48300
-38200
-35000
-35400
-47500
-56500
-48300
-38200
-26400
-27200
-29400
-35700
-23800
-8100
4000
3000
6400
12400
23400
43100
54500
56900
57400
50800
41400
33000
21000
5900
-4800
-19800
-37700
-48000
-67100
-81300
-99700
-112500
-124600
-136600
-116500
-95800
-69900
-57400
-51000
-27600
-2700
18300
16500
2600
-7100
-11500
-12700
-15400
-18900
-25200
-22000
-27800
-30100
-27100
-27500
-19500
-27700
-28800
-27800
-25000
-19500
-23100
-22400
-22300
-18400
-17900
-21800
-18400

-16900
-10900
-15900
-14600
-16100
-10200
-7000
-12500
-8100
-12500
-3500
-5800
-5900
-4500
-4100
4400
-2500
300
1600
9700
10400
7300
3500
-500
5200
-500
-11300
-26600
-33200
-28600
-34300
-30400
-30500
-7900
9500
19300
20500
14300
19200
17100
26600
26000
29900
39800
52000
59200
48900
32300
20200
16300
11300
-2400
-24300
-39100
-39200
-37900
-34100
-39500
-42600
-48500
-53800
-46000
-40400
-26800
-30000
-34500
-40600
-32800
-11900
-3800
400
-5000
2000
18200
35100
48000
42900
53100
50000
57200
50300
35200
22200
2000
-400
-27100
-32600
-51000
-66000
-82600
-96300
-106800
-130700
-127300
-118600
-91900
-77300
-67300
-51400
-24600
13300
16500
16200
-1600
-8500
-5400
-12900
-11900
-25200
-19100
-24800
-25400
-29500
-26700
-21800
-24000
-25900
-31500
-25000
-22800
-18100
-24100
-25700
-19500
-19100
-16200
-22200
-17100

-13000
-14300
-14100
-17700
-13500
-8100
-5900
-12200
-13800
-8000
-3900
-2500
-7900
-4300
-2100
300
1100
-1200
7100
8800
9500
4800
300
5400
6600
1500
-18200
-29200
-27700
-30000
-29400
-35800
-24700
-5800
10300
19600
13500
16500
17700
23500
23400
26800
31200
42400
55000
53700
45100
31500
26500
25100
8200
-10200
-32000
-33200
-29900
-31800
-36300
-48000
-49400
-50700
-43400
-40600
-36200
-32800
-37300
-39600
-37200
-22100
-10200
-7000
-4700
-8800
8500
23100
38200
39600
40400
53100
54300
64600
45500
35500
18500
8600
-4200
-25000
-33100
-57100
-64000
-80400
-91800
-114500
-129000
-125000
-115200
-92000
-89400
-66400
-49200
-11300
16200
10500
13400
-11000
900
-7400
-8500
-16100
-25600
-19700
-26700
-21800
-29400
-24500
-26100
-23800
-26200
-33000
-20100
-24600
-18200
-27300
-25000
-16700
-21300
-13700
-22800
-16000

-16100
-12700
-14100
-17800
-9400
-9900
-6900
-16600
-8000
-7200
-3500
-1000
-12100
-2700
-4900
5100
600
-1000
7800
4900
11400
1500
9500
9200
5300
-700
-23800
-22900
-30200
-26200
-33100
-35100
-19400
-7500
11900
10600
18700
16800
21100
25000
20500
28100
29100
46300
52700
52800
46100
34000
35500
20700
4000
-16700
-29700
-23900
-25600
-31600
-43700
-51600
-49700
-42100
-37400
-39500
-38600
-41700
-39300
-36200
-27200
-18400
-13900
-11400
-10800
-3900
11900
27400
36000
37800
42100
51700
59600
57500
46400
35200
22400
10800
-6700
-24600
-38800
-50800
-61300
-77100
-94500
-115600
-121300
-126300
-113400
-103800
-91000
-60600
-38200
-2900
4600
6700
4800
-1600
2400
-4400
-8100
-19900
-22700
-23600
-21500
-22200
-28700
-23600
-27500
-20600
-30600
-26400
-22000
-23500
-18200
-28100
-21700
-21200
-15600
-15700
-23100
-15300

-15600
-9500
-18000
-12500
-11800
-9800
-7300
-13700
-8000
-8600
900
-7100
-9100
-4100
-2200
8200
-2100
2200
500
8700
9800
7300
11300
4100
4100
-7800
-17600
-22300
-26900
-25400
-37000
-29300
-23700
-5800
8000
14900
21800
17100
22500
18900
21800
26400
32700
48500
50200
53300
44700
40600
32200
15100
800
-16400
-19600
-21900
-24500
-37600
-50800
-51600
-43500
-36000
-37500
-42000
-46300
-43600
-34000
-29900
-23100
-23900
-17400
-16400
-8700
2600
16000
25700
31700
37300
40700
55900
57800
57800
48700
35000
24400
6700
-4800
-26500
-37400
-48500
-63300
-75700
-98100
-111700
-122200
-124100
-121000
-107700
-80600
-57200
-30500
-15500
2200
2600
10500
4500
1700
-1900
-13900
-19300
-24700
-19300
-18600
-25500
-27500
-28700
-25300
-24300
-25600
-25600
-24700
-20900
-21900
-24600
-22500
-17300
-16600
-16700
-22700
-17700

-12300
-12300
-13300
-14600
-13700
-7100
-9100
-11300
-10700
-5800
-1900
-7300
-6900
-3300
1100
3100
2000
-400
2500
10800
10800
9800
4400
6000
2700
-4800
-13300
-24400
-24100
-31800
-30900
-32400
-23400
-6100
5900
17600
18800
20100
20300
20900
22400
25400
36200
44200
51900
54300
50500
41600
27100
12600
100
-6500
-16200
-21400
-32300
-44000
-49000
-47100
-37000
-36100
-40100
-47000
-50500
-37500
-30000
-23200
-28500
-26200
-22500
-16400
-1100
4100
15200
21800
32400
39200
41300
59400
53600
59700
45800
40100
22700
6900
-4200
-28200
-32600
-51600
-58600
-79800
-96600
-108600
-126100
-126600
-128200
-95900
-78700
-50100
-37100
-23200
2400
4600
18100
1500
4400
-7000
-15000
-16300
-25100
-14300
-22300
-23100
-31000
-27100
-24400
-23000
-23000
-29700
-21100
-24200
-18800
-25300
-21000
-17300
-19600
-16100
-21800
-15200

-13300
-11800
-10900
-18100
-9600
-9900
-6300
-11500
-9400
-6500
-5900
-4100
-8400
100
-900
3400
500
-2300
6900
9200
14200
6200
4300
5100
300
800
-14800
-21600
-27900
-31700
-27900
-35200
-22400
-9700
11200
15900
20000
21000
18600
22600
19800
31200
32100
43200
53600
55000
51000
34600
25600
14100
5500
-1600
-19600
-25600
-39200
-40400
-43700
-39900
-37000
-42100
-45200
-51100
-42400
-33400
-26600
-28000
-34100
-28600
-20000
-6200
1200
200
10700
19500
34100
40400
47800
54400
54800
58000
47100
40000
20100
10700
-7300
-24100
-33800
-49800
-60900
-81600
-92700
-113000
-123100
-131700
-119800
-92600
-75700
-51700
-50300
-21800
1700
16000
18700
600
2000
-9900
-10100
-19100
-19800
-17700
-22500
-23300
-32300
-20500
-27600
-20700
-27500
-28300
-22100
-26200
-15700
-25100
-20000
-22000
-17000
-14100
-23700
-13600

-14600
-7900
-18100
-14800
-9400
-10100
-4500
-14200
-6500
-10300
-1400
-4400
-5600
-500
-3400
5400
-2500
2500
5800
10700
15500
700
8300
2100
7700
500
-16300
-22900
-30200
-24900
-34200
-29300
-22600
-5600
13900
13700
21900
15100
22300
22000
22400
31500
30800
46300
52300
56500
48500
32600
26900
18700
12600
-6000
-22100
-34500
-35000
-34600
-37300
-40100
-42500
-46300
-47700
-44200
-36200
-32500
-29200
-34700
-35300
-28800
-13700
-4000
-2000
300
8500
23300
32200
43200
43800
53600
59200
58000
52000
33400
24200
6900
-5000
-22600
-35200
-48900
-65100
-77100
-95600
-112400
-125000
-127900
-111300
-95300
-76400
-66000
-47200
-14500
8300
20400
11200
100
-5900
-4200
-10500
-16100
-17800
-22700
-20500
-25100
-26600
-26000
-25000
-20000
-29100
-25900
-24100
-21500
-18300
-23600
-21100
-20000
-14400
-18700
-19200
-14600

