
Curva de Excitacao - Bobina Girante (Dados Brutos)

Arquivo..............: C:\Arq\Wiggler\Medidas Wiggler - Corretoras\Bobina Tungstenio\Gap22\Translado22_X=-16_#005.dat
Data.................: 31/01/2005
Hora.................: 11:41:37
Ganho................: 5
N. de Coletas........: 1
N. de Voltas.........: 10
Intervalo de Análise.: 4 - 8

56700
62300
44500
36300
22300
22500
17600
-1600
-17600
-49300
-55600
-64700
-74100
-93500
-129300
-126500
-127100
-112600
-136500
-163900
-162000
-117300
-26100
27700
33700
8900
29100
127200
207900
220300
167500
127700
119100
136500
130100
67900
32700
-1700
1900
-6900
-20700
-32400
-44400
-35100
-41000
-31100
-27000
-22000
-11900
-17500
-21700
-25700
-18000
-8700
-7900
-4600
-15600
-19000
-20700
-15700
-12200
-11200
-12800
-20600
-19000
-24700
-19100
-14900
-18300
-22400
-30300
-26200
-27300
-23200
-18700
-31400
-32100
-40000
-34900
-40300
-30900
-28900
-35100
-33400
-38300
-32500
-24500
7100
20000
36800
32400
32900
57500
86400
75900
-3800
-87800
-109600
-90200
-67900
-129800
-239200
-251100
-184700
-114500
-96100
-91100
-129200
-106100
-68200
-19100
-10200
-14700
-14600
-14800
26900
32900
45300
38800
44100
50600
59700
75600
61800
64500
53900
59100
66800

63200
61500
35200
35900
25900
29600
16000
-11900
-24600
-48200
-38300
-54400
-70100
-114600
-139800
-126600
-114600
-105900
-141100
-171500
-156700
-96100
-12300
8800
-100
-5800
49300
159400
218700
211400
148300
128400
125700
144500
118200
65700
33700
9700
6800
-11800
-26600
-35500
-39800
-38300
-34400
-31300
-26200
-21000
-17300
-21100
-21200
-18400
-13300
-8300
-7500
-11500
-19600
-17800
-15700
-11400
-8800
-11500
-18600
-20400
-20300
-18300
-16000
-14700
-21900
-23500
-28200
-25800
-24600
-20100
-22600
-33100
-32200
-37300
-35100
-30100
-30400
-35500
-35800
-38900
-38100
-33300
-12000
10700
24100
27900
23000
34400
78500
94600
54400
-25600
-89500
-76400
-56500
-60400
-184200
-261000
-233300
-160300
-112300
-97300
-109700
-130000
-90700
-56000
-23400
-18700
-18100
-23700
-3900
31200
38400
39700
39200
43400
54300
63400
70200
58200
63500
60500
63100
70400

58200
52600
34900
42400
30000
28200
8100
-14200
-19600
-33800
-34700
-62200
-89100
-117100
-125100
-104800
-108600
-125900
-165400
-178500
-131000
-63500
-10900
-25000
-36400
-4800
95300
194000
212900
171900
127400
130400
149600
157500
109900
61500
27500
19900
6900
-8400
-31800
-35700
-40300
-35900
-33100
-32500
-22000
-24000
-17200
-23400
-21900
-15300
-13700
-4800
-9500
-17000
-17900
-16800
-11000
-12200
-7500
-16100
-18600
-20700
-17900
-15800
-17200
-14800
-24400
-23800
-27700
-25500
-19900
-22600
-24700
-36200
-32900
-33700
-33400
-26400
-36900
-31900
-42100
-38100
-37400
-23900
-5300
6400
16500
11900
27500
53600
97200
82800
19200
-43100
-61800
-27700
-34500
-108200
-238400
-254900
-197500
-134700
-108600
-115700
-139000
-125600
-77700
-38900
-33700
-22600
-33200
-18500
9800
37400
32200
31700
41300
38300
64400
62700
68900
54400
63400
64000
64400
71300

53700
51700
37900
46000
31100
23900
8200
-15900
-12500
-31900
-39700
-68400
-95500
-107400
-112400
-97400
-121400
-148300
-174700
-158800
-96800
-58100
-36300
-58700
-45900
30400
130900
193600
174400
145600
136900
153200
172600
143300
96700
50400
40500
26200
8500
-12700
-38600
-33500
-40100
-32000
-31900
-30900
-19400
-27200
-20100
-23300
-19900
-12200
-11100
-5500
-17200
-12300
-18800
-12400
-8400
-10300
-9700
-21800
-15300
-21400
-14200
-13000
-17600
-16500
-27900
-20800
-27500
-20900
-19500
-24700
-23400
-40800
-27800
-35400
-27300
-29800
-37200
-34400
-44000
-35400
-36300
-16700
-11400
4400
6600
12100
39700
68100
97800
54700
700
-31000
-26200
2900
-55600
-163900
-251600
-224000
-162600
-130400
-118300
-148800
-140400
-110600
-61000
-44700
-37400
-29000
-39700
-3200
12700
35900
22500
34300
37500
42700
71800
61900
64000
50700
67400
63800
68300
70800

48100
53500
39600
48000
33000
20400
6100
-15900
-6800
-34100
-39800
-76200
-94100
-95500
-106100
-99400
-139100
-154400
-168400
-137600
-81000
-68600
-62200
-78100
-30600
62900
146700
177600
146100
145100
146300
175300
170000
130000
87900
52600
56600
26600
8000
-21500
-37100
-33600
-38000
-27500
-34600
-27400
-23600
-27200
-18300
-25000
-15200
-10900
-10200
-9500
-18200
-13300
-16300
-10600
-8500
-10900
-14700
-17700
-16500
-18800
-11300
-14700
-18200
-20400
-25000
-18200
-26500
-15800
-22800
-26600
-28400
-36900
-26800
-32000
-23900
-35400
-36900
-39200
-39100
-35100
-29200
-16100
-11100
2100
1300
15900
50500
76800
87000
34400
0
-12000
6600
6800
-95000
-197500
-239900
-188700
-150900
-132600
-140200
-162700
-126300
-95700
-53400
-55100
-39800
-44800
-29200
4500
18000
28100
20400
35400
32900
55200
72200
55000
62500
54400
69500
65600
69900
66800

45700
55500
45000
49100
28900
20400
5100
-9300
-4300
-34300
-45500
-80200
-86800
-88200
-101700
-110200
-149100
-158300
-155600
-115200
-79500
-85500
-87100
-82400
-900
89000
147100
146900
129900
149400
169200
190900
155800
117600
79600
67100
59100
29100
-600
-24900
-34500
-32100
-33800
-30200
-32100
-28000
-26800
-25700
-20700
-20900
-12700
-11100
-9600
-15100
-16100
-13800
-11000
-9800
-8800
-13400
-15900
-18300
-14400
-13700
-10400
-16900
-20900
-20000
-25000
-19700
-21800
-16100
-24700
-28500
-29800
-32700
-27400
-26900
-27000
-34300
-39100
-38800
-39300
-32700
-25400
-19800
-13600
-6500
1600
25700
59400
78800
64100
15200
6000
19000
32000
-10300
-138100
-215600
-205200
-159400
-144700
-148800
-174200
-160600
-112400
-73700
-58900
-57200
-53400
-44000
-17000
12100
14800
20300
22000
28000
44000
61800
67200
50100
61500
57700
69700
71800
70300
58400

49000
59500
45300
47800
26800
17400
6700
-2500
-5600
-36000
-55900
-77600
-79600
-81700
-101000
-122500
-158900
-158100
-134500
-100800
-89000
-107400
-105300
-67800
23600
105800
131500
120400
127300
159300
192800
185000
147700
107800
88900
77400
59600
25400
-10000
-23500
-31600
-26000
-33300
-32300
-31100
-31900
-26300
-26100
-19900
-17000
-13300
-8200
-17300
-12300
-17800
-10500
-8700
-10300
-8500
-16200
-14200
-18600
-11300
-11900
-14100
-15700
-21600
-19500
-24000
-16600
-19400
-21900
-23700
-30100
-26700
-33600
-21400
-26100
-32100
-34600
-43800
-34100
-37800
-25900
-25900
-21900
-18100
-10200
6200
35600
70700
66400
46100
15400
21100
47100
35000
-45000
-173300
-198600
-168900
-148400
-147700
-180200
-181000
-149100
-92400
-73800
-68000
-65100
-63600
-31400
-9900
15600
2800
20100
19100
31400
55300
58300
61300
48900
63400
56300
75900
72300
60900
60700

50600
61400
46100
46900
27200
13300
13800
-900
-6800
-42500
-56700
-72400
-72700
-76600
-111800
-130900
-162800
-143900
-116000
-105100
-104800
-127600
-105300
-44600
46900
102500
98500
110200
132500
186400
199100
172500
134500
103300
105400
82500
62100
14900
-13000
-19000
-28100
-23700
-36400
-30100
-33200
-33700
-24100
-28100
-16700
-17300
-12000
-12700
-17300
-10500
-17700
-6100
-11400
-7900
-12400
-17000
-13100
-17400
-8700
-15600
-12000
-19000
-23800
-17000
-23400
-12700
-24500
-19900
-27000
-31000
-23100
-31900
-19500
-32200
-29200
-40300
-41400
-31800
-34300
-23100
-32100
-22000
-23400
-8400
14400
43000
68800
49400
38600
24000
47100
61700
13000
-84800
-176100
-160600
-154000
-147700
-169700
-200800
-169100
-129100
-82300
-89500
-71700
-80100
-54000
-18200
-4400
6000
-3300
21900
16400
42600
56300
52200
58100
47900
65700
61000
78100
68000
58400
63800

