
Curva de Excitacao - Bobina Girante (Dados Brutos)

Arquivo..............: C:\Arq\Wiggler\Medidas Wiggler - Corretoras\Bobina Tungstenio\Gap22\Translado22_X=15_#036.dat
Data.................: 31/01/2005
Hora.................: 12:50:11
Ganho................: 5
N. de Coletas........: 1
N. de Voltas.........: 10
Intervalo de Análise.: 4 - 8

-22000
-17700
-10500
-11200
-11000
-12000
-14200
-15100
-10800
-9400
-7900
-5500
-9900
-11500
-9600
-7500
-10900
-18400
-17700
-21800
-16500
-15100
-16700
-8300
-10500
1000
6100
3600
4500
-8800
-7700
-8600
4800
41700
87900
145700
179700
197200
189500
176100
142700
87700
10700
-48800
-69500
-75400
-75300
-99500
-119400
-128600
-124700
-105800
-94300
-82500
-82800
-85100
-81700
-75600
-51800
-43800
-39800
-57700
-66500
-68000
-59500
-47300
-46700
-57900
-73500
-79800
-76300
-71300
-54400
-55100
-58900
-55500
-41100
-6900
26500
54800
51700
78700
113800
165500
205100
214900
212400
207400
203100
146200
73500
2900
-54900
-80300
-91300
-94300
-100400
-84400
-95800
-105100
-107300
-123600
-111600
-108300
-85800
-80700
-67600
-55600
-50800
-30100
-21500
-19000
-30900
-23800
-25700
-19700
-14800
-23600
-21600
-27200
-20500
-23200
-20800
-15700
-18200
-14400
-26300
-19100

-18300
-9100
-9500
-17600
-15500
-17600
-6200
-10900
-8400
-11000
-9500
-7400
-14600
-5900
-10500
-3700
-13000
-19200
-15400
-22400
-10900
-20000
-15800
-14900
-8300
7500
2900
8900
-3800
-6800
-9400
-7100
7100
26800
86900
143200
196100
204600
200600
182500
129700
70700
-5500
-37300
-51900
-66800
-76200
-114400
-123200
-129400
-111100
-101500
-98700
-88700
-89700
-77200
-76600
-64800
-53400
-48000
-51100
-64500
-62900
-55300
-41100
-43300
-64700
-74100
-78700
-66000
-63100
-59500
-68100
-66900
-59300
-51700
-30200
-3200
20600
35400
59200
85800
125900
170000
188800
194600
219800
228700
206400
141500
68100
-9900
-43200
-72700
-93000
-100000
-95500
-90300
-98700
-92100
-108000
-123700
-113300
-108900
-90900
-79400
-65700
-58000
-40600
-28200
-23800
-23700
-30500
-25700
-23200
-10300
-19800
-26200
-23100
-25400
-13800
-22700
-20000
-20700
-18000
-17500
-24000
-16900

-17200
-7700
-14600
-19800
-18200
-9600
-1900
-13000
-11200
-15100
-6200
-6200
-9000
-7500
-13900
-3300
-15000
-17000
-18900
-17200
-10400
-21300
-16300
-18900
-4200
7000
8700
4300
-5300
-3100
-9700
-6600
-4000
31700
95400
147400
195700
206200
211000
173100
112700
52800
400
-13000
-37800
-59400
-96900
-130300
-128700
-118300
-99500
-98500
-101100
-97900
-91900
-75700
-70900
-60800
-56900
-52800
-56800
-60100
-57800
-45800
-39900
-59500
-68400
-77500
-67600
-55100
-55500
-73300
-77100
-65900
-54900
-40300
-27800
-7400
12000
41100
60500
83200
129600
162200
188200
214400
226200
217100
188400
141100
62700
12700
-40800
-82400
-92000
-97300
-97200
-94800
-85800
-98900
-113100
-114900
-116100
-109900
-95700
-78100
-66900
-45900
-40300
-34900
-25500
-26100
-28500
-25900
-16200
-12700
-25000
-26100
-25700
-20000
-13900
-21900
-23800
-20800
-18000
-14800
-20200
-18600

-13500
-11200
-15400
-19300
-14600
-7400
-4900
-13600
-13900
-14500
-1100
-2400
-9200
-12900
-11000
-4600
-11200
-15900
-19200
-15400
-13300
-17700
-20900
-16400
-300
9000
8300
-1500
-2100
-3600
-6100
-10000
-3400
37400
91700
148200
197900
217200
204300
153200
103600
57800
25900
-3600
-36200
-81300
-114500
-128400
-115500
-102000
-97400
-105400
-112700
-104100
-81600
-69400
-62400
-66100
-62500
-56200
-56700
-52700
-49500
-44100
-53600
-61800
-71800
-70200
-54300
-53700
-66500
-82900
-77300
-62000
-45500
-31500
-35800
-14300
11700
41200
57800
88400
130200
163100
205900
205100
215500
203000
194900
144300
82600
14900
-55500
-77800
-92400
-97700
-99700
-88100
-86200
-104400
-102900
-123300
-112500
-114900
-97200
-75600
-58500
-43100
-49800
-33800
-27900
-23400
-23900
-20300
-15900
-19600
-20400
-29800
-19400
-17000
-13800
-22700
-26600
-19300
-15900
-11000
-22800
-17400

-15200
-13700
-12000
-18800
-11200
-8700
-5100
-14300
-16500
-8700
-2600
-1400
-15800
-11900
-10100
-2600
-8600
-18400
-18500
-17800
-9600
-18500
-22000
-12400
-1400
11400
1500
1900
1200
-3400
-5900
-14800
2400
35500
94200
153800
202500
212000
185200
150100
110800
82000
38700
-9900
-57600
-97300
-103700
-111300
-103700
-102100
-109900
-113400
-115600
-90900
-75800
-64800
-70800
-73400
-65000
-55300
-44800
-48600
-50600
-56000
-56200
-62500
-64900
-56200
-55500
-63900
-76000
-83900
-69400
-51700
-37200
-44200
-41700
-16300
12200
45400
65200
89900
125800
175200
194900
197500
210700
205900
202900
159400
81900
-4700
-51500
-72100
-99300
-95500
-98700
-85400
-94300
-95600
-109200
-123000
-110600
-117400
-89300
-70800
-58600
-54200
-48900
-32000
-28800
-15700
-24600
-20700
-21500
-15600
-21100
-29100
-16200
-20000
-11100
-27600
-25000
-17900
-14100
-9300
-26800
-17200

-17400
-10100
-12200
-16700
-10800
-11600
-3600
-18400
-9700
-8200
-1500
-2200
-18600
-8100
-11300
2100
-10500
-19700
-18400
-16900
-6900
-22600
-18400
-15500
-1000
11200
3000
7300
-4100
-600
-9300
-10200
4200
36100
98100
151500
197800
198300
184800
164100
129900
90500
21000
-26400
-68800
-83500
-89900
-105300
-102600
-117300
-116500
-116200
-104100
-85200
-75900
-69400
-78700
-74000
-61300
-45600
-43100
-53800
-58500
-59300
-52300
-55100
-55300
-60400
-66300
-67700
-76800
-73800
-62300
-45900
-49000
-50200
-42300
-14900
21200
49300
64100
86500
131400
168500
189100
200300
207300
217600
216600
155900
66700
-5600
-46400
-80700
-89700
-96000
-98600
-87800
-90800
-97800
-110200
-117000
-117500
-110700
-84200
-73600
-64300
-57100
-47300
-33500
-20400
-17800
-28000
-23600
-22900
-16000
-22200
-22000
-19200
-20000
-14100
-26500
-22400
-18300
-12100
-14500
-25200
-17700

-15000
-6100
-14200
-16400
-15600
-10800
-4300
-13100
-8700
-11700
0
-6600
-15700
-8800
-8800
4900
-14800
-17200
-20500
-14100
-9100
-20100
-17700
-17200
900
9100
6600
4600
-2000
1600
-10400
-7900
600
36500
96000
148100
192700
196200
200900
177400
134200
73000
3900
-31600
-56000
-67700
-85500
-108000
-116800
-122800
-113100
-105500
-97300
-87100
-79500
-78800
-77900
-66700
-55600
-42500
-49800
-57700
-61300
-55600
-45400
-49500
-57600
-71000
-66100
-69800
-66900
-66600
-62000
-55100
-56300
-49200
-40100
-5500
25100
43200
63800
85300
129000
162400
194100
199400
217200
229400
205100
147000
63300
0
-49700
-71000
-90100
-103300
-92700
-88700
-92100
-99800
-104300
-119800
-114400
-104100
-93400
-74100
-67000
-55000
-45200
-25200
-19000
-24400
-27500
-24200
-20300
-13700
-17800
-24400
-23000
-17300
-15900
-22300
-21600
-17100
-14900
-15600
-22000
-19700

-10400
-7800
-13300
-18300
-15300
-8100
-3700
-11200
-13400
-10400
-2500
-5900
-10600
-8900
-7300
-1800
-13300
-17400
-17700
-13300
-10500
-18400
-22200
-13100
1300
11000
9400
300
400
-1800
-4100
-8200
-2000
36700
90200
148200
190600
211100
212500
176800
118800
55100
7000
-20900
-39200
-63900
-95500
-118600
-124400
-113200
-106700
-100800
-100200
-93200
-84600
-78600
-68900
-64400
-53100
-48600
-53400
-58700
-59100
-46200
-43200
-53600
-66500
-71600
-64600
-62500
-59200
-69600
-69500
-60200
-55000
-43800
-36700
-1200
16600
47800
60900
84100
125100
163800
198100
204300
229600
215500
198200
144000
67200
5400
-44200
-70600
-98400
-93400
-97800
-90900
-88100
-100100
-105000
-121300
-107000
-111800
-94100
-74100
-67400
-46800
-44100
-26500
-27400
-22700
-26600
-24100
-14500
-14200
-19100
-29300
-19400
-20500
-14600
-19400
-24400
-16900
-17700
-13400
-22500
-15900

