
Curva de Excitacao - Bobina Girante (Dados Brutos)

Arquivo..............: C:\Arq\Wiggler\Medidas Wiggler - Corretoras\Bobina Tungstenio\Gap22\Translado22_X=11_#032.dat
Data.................: 31/01/2005
Hora.................: 12:40:49
Ganho................: 5
N. de Coletas........: 1
N. de Voltas.........: 10
Intervalo de Análise.: 4 - 8

-19300
-17800
-11500
-15400
-10500
-12800
-8600
-13800
-10500
-9300
-8000
300
-7800
1100
-6100
200
-1100
-800
7300
1300
9900
-1000
-3700
-7900
-15100
-15400
-33800
-30700
-34400
-25200
-15900
-13400
100
8000
21400
18300
18600
13800
12500
24600
34400
59900
55100
60600
65300
64700
62600
34600
10900
-8700
-18700
-20800
-37300
-43700
-55200
-58200
-58700
-53200
-47500
-49500
-49300
-58700
-53100
-48400
-38500
-38400
-38900
-37500
-28700
-17600
-10800
-11200
-3200
6300
20700
42900
57900
67900
72600
79400
65100
66500
57700
46700
27400
6600
-21300
-41000
-46900
-59200
-67200
-86400
-103800
-129300
-132600
-121500
-117200
-97500
-90700
-62400
-35400
-15500
2900
-6800
1800
-4300
-1100
-9600
-13500
-17200
-21100
-21200
-28500
-21000
-25800
-18300
-25800
-29400
-23700
-27000
-17600
-26000
-20600
-21600
-18700
-16700
-22000
-17000

-18200
-10500
-14800
-15600
-14400
-12800
-4100
-15400
-7500
-10400
-3700
-3300
-9400
-1300
-204000
6300
-1700
800
600
3800
10200
-4000
800
-12100
-9900
-15800
-29800
-29800
-37200
-22700
-24600
-10200
-1900
13500
24900
17900
22000
6600
16200
23700
37500
54000
52500
69200
70900
70100
52300
25700
14400
100
-10600
-29500
-43600
-50700
-50000
-47600
-52700
-53600
-58500
-52200
-55800
-50400
-47500
-40600
-41300
-42900
-45300
-34900
-22100
-16300
-15800
-13400
-5400
13600
33400
46800
48200
58700
68600
73900
80900
71000
63200
42700
29400
-1100
-21400
-35900
-49700
-55600
-66200
-82800
-105800
-125100
-132000
-129400
-116900
-102700
-85000
-59000
-32200
-15100
-5500
-6000
0
4200
-2200
-10300
-18000
-19800
-20800
-21500
-24600
-23600
-22900
-20400
-29400
-28300
-24300
-22200
-17800
-25300
-23700
-21600
-17400
-17500
-22000
-18500

-14500
-11300
-17500
-15500
-14500
-7000
-8600
-12900
-9300
-10200
-1400
-5200
-6100
-5600
-2100
5800
-1900
1100
1600
7800
6000
-800
-4500
-9200
-5800
-18500
-28500
-37000
-33100
-24800
-22400
-10600
-3100
18500
23700
21900
14500
8100
16000
22300
40000
49400
56200
70700
73100
69800
45900
29300
14200
3000
-12700
-31100
-43000
-47400
-42000
-50800
-54600
-59600
-55300
-51300
-50300
-48700
-49000
-45000
-42500
-44300
-38200
-34600
-23000
-22400
-15000
-18300
3000
20800
30700
39100
39600
62000
67100
89300
77000
69200
61400
46600
27100
-3700
-19000
-40200
-47600
-51400
-67000
-81400
-112300
-125800
-136000
-118900
-117000
-105200
-81200
-61700
-27900
-22800
-1700
-6900
4600
6100
-6000
-8900
-22800
-14000
-19100
-18800
-24500
-23800
-23000
-24800
-25900
-28200
-21700
-21600
-19900
-25300
-25800
-17900
-19000
-16100
-21800
-17300

-12900
-13800
-16100
-17800
-10700
-10200
-6100
-13000
-10700
-6800
-2600
-4300
-9600
-2700
-300
3300
800
-1100
3000
6800
7000
1800
-6100
-2500
-10300
-17900
-31100
-33600
-30300
-28300
-20200
-14800
3000
17700
24300
21300
12000
10700
16400
24900
37300
48000
59600
70400
74800
62400
48300
30000
17800
2500
-15500
-31200
-44400
-42500
-44600
-52900
-57300
-60200
-52900
-48800
-48600
-51100
-51200
-44100
-44100
-39400
-40000
-31000
-27300
-22300
-16000
-13600
8900
15800
27100
34900
44200
62300
76200
87000
73700
69500
62100
45400
25900
-2300
-18100
-42100
-40500
-56100
-65800
-87400
-107900
-125000
-130800
-120300
-123800
-99700
-84300
-55800
-31400
-23600
-3100
-6600
8400
2100
-4900
-12900
-19000
-12800
-20700
-17200
-28100
-23600
-25300
-20900
-24900
-30100
-17800
-24700
-18700
-27300
-22300
-17100
-19400
-14400
-24500
-14600

-16700
-10000
-13500
-16300
-10600
-11000
-5600
-16300
-7700
-5800
-2700
-5000
-9600
100
-3400
7000
500
-2000
4100
5100
11200
-2900
-400
-7200
-11500
-15000
-31300
-31100
-32900
-24400
-21300
-12600
3700
12200
26100
19400
17800
11100
17500
24300
31100
50300
59600
76300
71100
64300
49500
32200
19600
-2200
-16800
-30200
-39000
-38500
-48100
-50700
-61400
-58300
-51100
-45300
-48800
-54600
-50900
-48000
-38500
-38200
-35500
-33500
-29400
-23100
-17200
-6300
5500
16300
28500
35900
43500
66100
74800
79300
77500
72800
59000
48500
23800
-2500
-22200
-33700
-45700
-55200
-64300
-90000
-104600
-123200
-127900
-128700
-117100
-97100
-84200
-55100
-39900
-20700
-1700
0
9900
-400
-3700
-16000
-14000
-13700
-16800
-18600
-28600
-21500
-25500
-17700
-29600
-25400
-21000
-25500
-16700
-27300
-19000
-21100
-15700
-17000
-22200
-15700

-14200
-9500
-18300
-13800
-12600
-9600
-5400
-16000
-4800
-9800
-300
-6000
-8200
-1100
-1300
8700
-4100
700
2700
7000
9900
-2300
1100
-10200
-7000
-17800
-28700
-31100
-33100
-22600
-23500
-10800
-700
17500
26100
19200
20000
8000
20000
20100
35800
53000
61000
74100
69900
67600
49700
31500
15700
-2200
-14100
-26300
-36000
-45500
-49500
-53200
-58300
-52400
-50300
-48400
-52700
-52200
-53600
-41500
-37300
-38400
-40300
-37200
-27000
-21100
-10300
-7400
1000
16900
23600
39100
49800
66500
71100
82600
77100
66900
66000
44000
27000
-2700
-17500
-36200
-46200
-51500
-71100
-82700
-105600
-122000
-134300
-124100
-114100
-100900
-80900
-63200
-33800
-19700
1600
200
3300
2100
-8000
-9100
-16300
-13900
-14600
-22700
-25000
-24200
-20800
-21700
-26800
-26300
-22500
-22800
-18200
-24700
-20300
-19200
-16500
-20100
-19200
-16000

-14000
-12100
-14400
-13900
-12700
-6000
-8600
-11500
-9500
-5800
-1000
-6700
-6000
-1400
900
3800
-1100
1600
3700
10600
7300
-200
-5100
-5600
-6700
-17700
-24700
-35300
-27800
-26300
-20600
-12400
900
19400
24400
23000
14700
11500
17100
24900
38500
51800
63300
69300
72300
69000
49800
31200
11300
3500
-11600
-23800
-41000
-47500
-49700
-53400
-50600
-53100
-50200
-52200
-53700
-53200
-48400
-37900
-38800
-40500
-42900
-37200
-21800
-17200
-8000
-11400
2100
11900
27100
42300
46300
65500
72300
85200
74600
73100
61200
42500
29500
-1500
-15200
-39100
-43000
-55300
-66800
-80200
-108700
-121400
-134700
-120000
-116900
-99100
-84700
-63500
-27400
-18900
3900
-5800
3300
2400
-4800
-5300
-18700
-11400
-20000
-20400
-26700
-22700
-20000
-21600
-24400
-29800
-20300
-22200
-18100
-23800
-21600
-16900
-20200
-13100
-21300
-14900

-12900
-10400
-14400
-17400
-9000
-9700
-4900
-12800
-9000
-5500
-4400
-1800
-8300
-600
-600
3100
1300
-200
6300
7600
9000
-1900
-2700
-1500
-10500
-13200
-30900
-32600
-30400
-25000
-17500
-15300
5700
16700
25200
20000
18800
10600
16100
27100
35700
54100
61900
69700
77400
64000
51800
26700
17600
4500
-11400
-26200
-41500
-47200
-47400
-47300
-52800
-56100
-52800
-52800
-50500
-50500
-46800
-39900
-40700
-39900
-42400
-31300
-23700
-16600
-14800
-12100
2800
16900
33000
37400
47200
62800
72200
83200
79000
73300
56400
47500
28800
-3100
-18400
-37700
-41900
-57800
-62400
-85800
-105000
-124100
-132700
-121700
-117500
-98400
-90600
-53800
-28900
-16500
300
-7500
7000
-1000
900
-12200
-14100
-13100
-19200
-16600
-27200
-19600
-25500
-19600
-26700
-26800
-18700
-23800
-17400
-26400
-20700
-20000
-16900
-14000
-23500
-12800

