
Curva de Excitacao - Bobina Girante (Dados Brutos)

Arquivo..............: C:\Arq\Wiggler\Medidas Wiggler - Corretoras\Bobina Tungstenio\Gap22\Translado22_X=-12_#009.dat
Data.................: 31/01/2005
Hora.................: 11:47:50
Ganho................: 5
N. de Coletas........: 1
N. de Voltas.........: 10
Intervalo de Análise.: 4 - 8

10900
-5600
-14800
-2040
3400
4800
-11700
-40400
-59800
-65300
-28600
-16600
-21000
-56400
-81500
-60800
-10100
57200
53100
38300
23100
66400
105000
137900
119500
100200
97600
103000
79400
26200
-11700
-22900
-25300
-24400
-46500
-62500
-56900
-47800
-40000
-40100
-31500
-20800
-1200
-1900
-7000
-14200
-8800
-3600
5000
1600
-7300
-9000
-10400
-6500
-3100
-1400
-6500
-12600
-10100
-13000
-11600
-8500
-10500
-13500
-16700
-17000
-18200
-15200
-15900
-18300
-22300
-24100
-20300
-24800
-18100
-26200
-25400
-30300
-36100
-32500
-30100
-21300
-28700
-35300
-43400
-53100
-42600
-41900
-52700
-60500
-55600
-51300
-49400
-36900
-33200
6900
28200
37800
22700
55200
82000
65000
-2700
-97600
-98900
-65200
-5000
-51100
-103900
-165700
-137800
-86200
-32200
-32200
-55300
-68000
-60400
-27400
2900
12800
8100
-4900
-5100
1400
15900
29100
18700
19900

-3700
-1300
-8800
9500
7400
-2100
-26300
-57700
-55900
-41000
-8000
-17300
-45900
-81200
-85000
-33700
30600
47500
33100
1600
32200
81000
135300
132400
106200
94400
98700
108400
67800
21600
-8100
-13400
-15600
-31300
-50700
-61800
-55200
-46000
-44900
-37500
-35400
-8700
-2900
-5800
-7100
-15100
-1500
-3500
6200
-4100
-5700
-5800
-9800
-900
-4200
-3900
-10800
-9000
-9800
-13600
-6400
-10900
-10500
-14800
-14700
-15900
-19200
-9400
-20600
-16100
-23400
-20900
-22600
-24100
-16000
-29400
-23300
-32500
-33300
-25300
-29400
-22300
-34000
-36900
-46700
-43700
-32800
-47100
-53300
-65400
-51700
-61900
-41200
-43700
-23600
19700
22000
31000
25500
76400
76200
47700
-38900
-90400
-67700
-15700
-12500
-76900
-146300
-162800
-117900
-51500
-37600
-46500
-73900
-67500
-44500
-16500
2040
-3100
6200
-14500
4500
5400
26300
24400
16100
12500

-7900
4600
1100
15400
3600
-15700
-38200
-55800
-33800
-18300
-14500
-36500
-75200
-81100
-62500
4900
28700
24000
200
1300
60000
102100
133000
107600
100900
105600
116500
103100
49800
17700
1900
2000
-10700
-41900
-55300
-64000
-48800
-50500
-45800
-36700
-27100
-2300
-9500
-5200
-13500
-12100
-600
-1000
5400
-7200
-5700
-8200
-7200
1500
-5000
-4300
-11100
-8600
-10900
-10200
-6000
-15100
-8800
-15600
-14600
-18300
-14200
-11700
-22200
-14600
-25400
-22100
-20600
-20000
-19600
-31600
-24100
-33400
-28400
-25800
-29100
-25000
-36400
-38000
-45500
-31400
-39100
-47100
-60900
-62800
-55100
-58500
-40100
-46900
-10400
10100
14300
28600
48900
83000
65500
10900
-54500
-64800
-11100
-3000
-41200
-130300
-164400
-136900
-82100
-35700
-57500
-62400
-88600
-52700
-39600
-1000
-1100
-5800
-3300
-12100
11700
9900
27400
18900
13500
6900

-2200
12900
7300
13200
-6600
-25300
-38200
-43300
-14900
-22300
-25000
-61000
-79800
-66500
-33000
18100
7600
-500
-14700
22200
74900
111800
117100
98300
105000
118500
115800
85400
42600
27900
14500
9400
-20100
-49900
-56400
-60800
-46100
-51200
-44500
-36500
-18800
-7700
-13700
-8800
-12000
-5800
1300
1200
-1200
-6800
-5200
-5400
-3100
400
-7300
-5500
-11000
-7800
-8300
-7000
-8400
-12700
-9900
-15200
-14700
-12900
-14100
-16000
-18100
-17400
-23200
-20500
-16800
-21900
-21900
-28400
-25500
-31100
-25200
-24900
-29100
-30300
-36800
-39600
-36600
-30200
-42000
-49400
-64300
-59600
-56800
-51100
-47000
-36600
-8600
4300
10300
39800
60200
76200
43700
-14200
-39600
-18000
16100
-20800
-82100
-160400
-143100
-105800
-53900
-54700
-70600
-82700
-79600
-42200
-22500
-5400
-12100
-9400
-8200
-1800
14300
17900
22700
14500
7900
8600

3300
17200
9900
8200
-15400
-30500
-32600
-27100
-10100
-25000
-41600
-74800
-72100
-46500
-10300
5900
-9000
-22000
-6700
40600
92400
106300
102300
97300
113600
125200
107800
73100
46000
37000
28100
6100
-30500
-51900
-55000
-53500
-50900
-49900
-46600
-29300
-17100
-13900
-14400
-13100
-7600
-3000
4000
-1800
-4000
-5800
-6600
-1700
-3900
-400
-6500
-8900
-7000
-9000
-3200
-10700
-8400
-13200
-12700
-12500
-13900
-11500
-18000
-12500
-19700
-17800
-22400
-19400
-17200
-23500
-20300
-31300
-26800
-25200
-25900
-24100
-34700
-29300
-36700
-35500
-30100
-34000
-41800
-57000
-58400
-61600
-50500
-55900
-45300
-31100
-17500
3800
9400
52500
63600
66400
17800
-16700
-10000
15800
14700
-49300
-127600
-158100
-119100
-71700
-54800
-68300
-92100
-90500
-64200
-32400
-15900
-16400
-11900
-19100
-2500
2900
20500
13200
20300
12100
6600
13200

8800
21400
7500
-600
-21800
-27900
-21000
-15300
-12000
-36900
-61900
-72000
-58700
-22200
-9700
-9500
-31200
-31400
12800
58100
100300
88600
93800
99500
120700
124600
97600
71500
54300
49800
33000
-6400
-36400
-55500
-48300
-50500
-51100
-49100
-44800
-23200
-23700
-14300
-17800
-9900
-1900
-4300
5000
-5900
-2700
-5900
-4600
2300
-5300
-1000
-11000
-5400
-6500
-8600
-4400
-10300
-6600
-16100
-8800
-12900
-12800
-12900
-17500
-13100
-21100
-15400
-20500
-18000
-17300
-25600
-20600
-32400
-21200
-25400
-26200
-26000
-36900
-28800
-38700
-26100
-32000
-34800
-47700
-58300
-55000
-61200
-47400
-58200
-38000
-36300
-18200
2400
15800
57000
55900
47900
9200
-300
27700
24200
-3800
-95700
-140600
-132200
-84900
-58500
-71900
-85500
-110200
-75500
-54600
-20700
-23800
-20500
-19600
-20300
6500
6400
20900
10400
17000
9100
7800
18600

12200
21600
300
-5200
-20300
-23000
-6300
-16100
-18300
-53800
-65300
-60900
-43000
-10000
-22600
-26800
-47700
-15900
30000
70500
87300
76800
91100
107500
126000
118800
87700
77900
63300
61000
22900
-15800
-39400
-51900
-41700
-53300
-49400
-52800
-38100
-23400
-28300
-14300
-20100
-5100
-2100
-200
0
-7200
-1000
-5800
-1000
0
-5900
-1900
-9000
-3900
-9400
-3900
-5300
-11300
-9100
-13900
-9100
-12900
-10600
-13700
-17200
-14400
-20300
-15200
-20300
-16400
-19700
-25200
-21700
-30400
-17600
-25800
-25600
-29600
-35600
-30600
-32300
-23800
-34500
-35800
-53100
-52000
-56100
-55200
-52400
-56900
-36700
-37900
-17500
1600
23300
59600
43900
33600
13100
30400
46200
18100
-40000
-125100
-124200
-105700
-57100
-68500
-88300
-109600
-104000
-60200
-44900
-19800
-31100
-23400
-25300
-10700
10400
5400
19000
6900
15700
8500
14400
22800

10600
20000
-5800
-9500
-17200
-11000
-2900
-21900
-28100
-64200
-57300
-50300
-24400
-16300
-39200
-42800
-43200
3300
44400
68800
74200
70300
96100
115000
124800
108900
89400
85400
76500
58500
7400
-20900
-38100
-41900
-41000
-54300
-50700
-52300
-34500
-29700
-27100
-19400
-16200
-700
-2800
100
-4100
-4800
-2300
-3300
700
-2300
-3600
-3700
-7400
-3800
-5700
-5500
-7200
-9500
-9600
-11900
-9900
-10900
-10900
-14700
-16800
-14400
-19300
-14500
-17900
-17100
-21800
-23700
-22800
-26700
-19500
-24200
-27600
-32400
-34100
-28600
-26800
-27900
-33800
-41900
-50200
-51200
-53300
-56300
-53500
-53700
-41600
-36000
-17300
3800
30400
50300
32300
33100
30200
57100
45800
-5000
-79300
-120000
-99000
-74600
-59200
-88600
-105800
-114100
-86100
-50900
-40400
-28400
-35600
-28600
-18700
-4100
9800
4700
17100
5700
12500
13700
17400
20700

