
Curva de Excitacao - Bobina Girante (Dados Brutos)

Arquivo..............: C:\Arq\Wiggler\Medidas Wiggler - Corretoras\Bobina Tungstenio\Gap22\Translado22_X=-19_#002.dat
Data.................: 31/01/2005
Hora.................: 11:30:59
Ganho................: 5
N. de Coletas........: 1
N. de Voltas.........: 10
Intervalo de Análise.: 4 - 8

99300
123900
112900
94900
59100
54200
61000
69400
57600
10300
-18200
-42700
-24400
-33400
-65900
-115500
-161400
-165100
-165200
-178600
-220400
-251800
-241000
-186500
-140800
-153000
-193600
-190600
-100500
55100
145700
156000
108400
116600
175900
217400
201400
140600
106000
80200
87300
67800
40900
7000
-8300
-10700
-6800
-7800
-10500
-14100
-21800
-27400
-25700
-16900
-11000
-6900
-10300
-19900
-27900
-22000
-19500
-7200
-8800
-14700
-22100
-31400
-25400
-18900
-9700
-15300
-27300
-31000
-32600
-27500
-12700
-14900
-18700
-33200
-34000
-32000
-6200
11700
27000
8400
-10600
-15100
17700
80300
80400
33800
-88200
-134600
-118400
-60700
-111900
-217300
-282300
-241200
-177300
-128000
-128200
-146000
-144000
-96800
-62100
-47200
-57800
-64000
-39600
11800
49200
43800
27400
21000
35400
75400
96000
94800
79600
71000
79800
101100
126300
120000
107900
82200
86200
100700

120700
126500
94700
76100
55600
71200
75800
69700
41000
-1100
-12600
-18100
-9400
-43800
-91100
-137900
-156300
-136600
-143400
-180000
-239900
-267500
-235700
-170200
-138600
-168400
-207900
-184900
-72400
85400
139500
118000
76700
123100
199400
238500
196400
138300
96900
85000
82900
68600
36400
10700
-2800
-8400
-5300
-9400
-13100
-15800
-22300
-23100
-21500
-14400
-10500
-8600
-14600
-23300
-21600
-19400
-11900
-9600
-11000
-19700
-26800
-100
-45800
-11000
-15600
-15100
-32000
-31800
-29700
-18400
-10800
-18800
-23200
-37800
-32200
-20000
1300
14800
13200
-7500
-14900
-2400
52900
86900
72100
-24000
-97600
-104900
-50200
-48200
-153700
-269800
-283600
-207600
-151900
-123600
-146000
-160100
-131500
-90800
-59700
-58700
-63600
-58400
-26800
20300
41300
40900
17000
24000
42400
87000
96900
91100
73800
68500
89600
107300
123800
110600
100900
86700
94900
113200

118600
115100
84500
76300
65900
77500
80000
60800
35400
100
-3600
-11000
-18200
-53500
-102700
-125400
-132400
-124600
-159900
-214100
-254100
-249500
-186400
-157000
-165200
-214800
-226300
-147000
-16500
92700
96200
66700
80000
161900
241100
228300
173600
119000
98600
102700
88800
68100
24800
12600
-4100
-3900
-3100
-13300
-11000
-22100
-21600
-20600
-22500
-8900
-13100
-10300
-21000
-20600
-21300
-17400
-7500
-13000
-10900
-27200
-22200
-23800
-16200
-9300
-18200
-18700
-37800
-26700
-27600
-13300
-13900
-23500
-28000
-37000
-26800
-10200
3100
10400
-3400
-16100
-11100
27400
69100
78800
31300
-54600
-75300
-61900
-12400
-86000
-199000
-285500
-248300
-181300
-148500
-142400
-170400
-153600
-116900
-78300
-63900
-77500
-69000
-56800
-200
24400
33800
19400
9800
32300
60600
99000
87700
78400
62200
73300
100100
113200
125800
100800
94600
86000
101900
122800

114700
109200
75900
78200
71700
88200
80300
50100
29900
1700
8100
-9400
-18700
-63200
-105400
-111800
-126500
-127800
-179500
-222000
-241500
-221600
-169000
-175500
-198800
-238800
-206300
-100600
11600
69700
47500
47800
103000
203100
249100
199000
160100
113400
119300
113200
88000
57000
19500
13500
3500
800
-4100
-15100
-14500
-23700
-19400
-21600
-14500
-10800
-12400
-12500
-22700
-18900
-19800
-9200
-8900
-15400
-16800
-26800
-19000
-21800
-10200
-14000
-19100
-24600
-35000
-22200
-21100
-11500
-16700
-30600
-31700
-34600
-15600
-6900
3000
100
-13600
-14300
2900
50700
65300
67800
-10000
-51600
-51700
-16200
-11800
-125900
-230900
-272500
-215500
-173400
-161000
-166400
-173800
-135500
-103600
-77900
-84400
-87000
-67500
-36600
8600
17800
23700
5100
17300
42700
72900
97300
74100
68200
62200
85600
110900
118500
115300
87200
94200
93500
115900
122200

111800
98100
73500
87400
77600
91900
70900
44200
29800
7000
16300
-11500
-26100
-73600
-100000
-100600
-118900
-135100
-194300
-227100
-229700
-193800
-169600
-198500
-227100
-243400
-170600
-67200
12400
32700
13400
53900
137600
229600
232600
183900
145400
123700
136500
111000
85000
44600
24800
16300
6800
4500
-9100
-15800
-16700
-20700
-19200
-17200
-13400
-12900
-15400
-16200
-22100
-17000
-14500
-7300
-14000
-15100
-20900
-25600
-15600
-16500
-9700
-17700
-22300
-29200
-30000
-20600
-15800
-13800
-21200
-33100
-33000
-27600
-11600
-4100
-800
-11900
-16400
-7500
20500
55300
63000
35600
-29000
-35000
-15300
14600
-39400
-157400
-250500
-244000
-191300
-174000
-175100
-178600
-162100
-123800
-95200
-86200
-99600
-87900
-58600
-17900
8500
10900
4100
4300
26200
57700
77900
84500
64800
61200
70300
97500
116200
114000
102700
84600
98000
102100
122700
122100

103200
88800
78600
92300
87700
90900
63000
40400
29300
16600
17900
-11300
-34800
-71700
-87800
-96800
-119500
-151200
-203100
-219900
-207600
-178700
-183300
-223500
-247600
-228100
-139400
-44400
-4500
-4700
-3900
67500
170500
238000
218400
169400
141500
137900
138100
112300
74600
43600
28100
20300
11700
-900
-8300
-18600
-15600
-20100
-18200
-13700
-15500
-10500
-16100
-18600
-19200
-15400
-11800
-11500
-11700
-18900
-21500
-20900
-13900
-14400
-16100
-16600
-27700
-25800
-24900
-15600
-15100
-19500
-26100
-38300
-26000
-19800
-8000
-4500
-11000
-18700
-15800
3900
36800
55700
52700
5600
-23300
-16400
16100
15800
-66600
-189700
-244700
-213500
-188600
-180400
-191900
-176500
-148200
-115000
-98400
-105700
-101300
-87200
-40400
-14400
5000
-3600
-5800
13600
35900
67100
74000
76900
56600
63200
80100
103200
118200
102500
96500
84400
102100
113600
122600
116200

92800
91500
83700
96700
90000
83100
58800
38500
38500
20200
17300
-15200
-40900
-66600
-82700
-93200
-127700
-162300
-202700
-207300
-186400
-186200
-200700
-244400
-248400
-195500
-111100
-45800
-36900
-33100
400
98200
193400
226800
201000
158300
151000
149300
138700
107300
65800
51400
29900
26200
10400
-4200
-9000
-18900
-14000
-20400
-13800
-14400
-15100
-11900
-19700
-18000
-18500
-11800
-11000
-12200
-12100
-25500
-17000
-19700
-9900
-13900
-15200
-20000
-29900
-19800
-24500
-13000
-18800
-21000
-28800
-36400
-19500
-18300
-6500
-11000
-20200
-19100
-10200
18100
38800
53400
25700
-3900
-12300
9600
41400
-4600
-91200
-209200
-216900
-197700
-185900
-190800
-202100
-167900
-146100
-108500
-110300
-110800
-101500
-75400
-28000
-14800
-3700
-19900
-1400
21200
47700
70500
64200
65800
53200
71800
89900
107200
115400
92700
93700
87300
111400
116000
120200
108900

88200
97100
85300
104900
89200
75900
54900
42700
43400
19200
17000
-24500
-40000
-57900
-80100
-91800
-142200
-166000
-199000
-188600
-179700
-196000
-221800
-260000
-229300
-171400
-94900
-61500
-70300
-44200
13300
129900
200800
211000
186200
155100
164200
153200
138200
96400
66900
53400
33400
28300
3500
-5100
-12200
-16200
-14900
-19100
-11800
-17500
-14100
-14900
-19700
-13500
-18800
-9100
-14900
-11700
-17100
-22600
-14900
-19500
-7700
-17000
-16100
-25300
-25700
-16700
-22500
-12200
-21800
-24800
-31800
-29900
-15800
-14900
-6500
-20700
-23300
-18900
2700
26200
37200
42900
4600
0
3400
37900
37200
-24800
-123600
-205800
-189800
-191700
-186900
-210300
-194900
-163900
-136800
-112000
-123600
-114100
-97800
-57700
-25100
-20700
-17900
-25000
6200
33600
55400
65900
53700
60400
54100
83800
92800
109700
105300
87200
92700
94300
120400
115400
116400
101400

