
Curva de Excitacao - Bobina Girante (Dados Brutos)

Arquivo..............: C:\Arq\Wiggler\Medidas Wiggler - Corretoras\Bobina Tungstenio\Gap22\Translado22_X=19_#040.dat
Data.................: 31/01/2005
Hora.................: 13:00:47
Ganho................: 5
N. de Coletas........: 1
N. de Voltas.........: 10
Intervalo de Análise.: 4 - 8

-18900
-8800
-14500
-17000
-19400
-19300
-7300
-12400
-8100
-18900
-11400
-12200
-13500
-7400
-9400
-3500
-11300
-7600
-7200
-6500
4600
-3000
2500
1400
21700
49300
87700
155100
214700
267300
267200
271000
250600
208500
114600
2200
-72000
-120100
-128300
-147300
-174700
-209300
-244300
-224400
-201400
-178800
-152200
-149900
-128900
-112100
-74100
-69400
-44200
-37900
-20000
-12900
-4000
1500
4800
11500
-3300
-13200
-15900
-15100
-5900
-16000
-46700
-71900
-79400
-75800
-77100
-79500
-119100
-139100
-168000
-160700
-144300
-119500
-128800
-161600
-171700
-159800
-86000
-21000
21900
14900
53300
112900
188800
243000
269800
281100
318200
349800
351300
298500
227300
132500
67600
-5800
-75900
-117700
-114700
-110500
-114800
-90700
-99100
-92100
-88700
-79900
-77800
-71600
-66900
-61600
-49600
-36600
-37700
-43800
-38000
-36800
-25400
-23800
-24900
-24600
-22900
-22800
-24600
-19000

-14400
-14200
-13500
-23100
-20600
-11300
-4700
-11200
-18000
-16900
-12300
-7400
-7500
-9700
-14000
-6500
-7800
-7600
-5200
-2900
3300
400
400
4900
15700
47400
96400
156800
211600
248900
281700
300100
266700
177800
69000
-12200
-44600
-74200
-109800
-160600
-212200
-237400
-231400
-209300
-184400
-169400
-164100
-162000
-136600
-102900
-79100
-53900
-50900
-35400
-26500
-7500
-3500
3900
1100
1200
-4900
-5800
-11600
-2800
-9400
-36000
-55400
-69600
-61500
-60100
-70000
-112400
-134700
-147000
-140600
-129300
-130000
-147300
-167200
-174800
-160200
-114300
-53900
-34700
-19600
-4000
57300
139200
211400
243400
237900
286200
319400
365000
331500
291400
214900
170800
87300
-25200
-93700
-123500
-113600
-109800
-99100
-98800
-103300
-85700
-91800
-84500
-75700
-69600
-65600
-58000
-42900
-44700
-38100
-48500
-34900
-31400
-19800
-20900
-32700
-23600
-28400
-14400
-20300
-17700

-19700
-13900
-16600
-23800
-11800
-10700
-5400
-13900
-19400
-16700
-10000
1000
-12800
-14000
-17200
-5700
-2300
-8300
-2700
-10000
5700
-1000
2100
5800
12800
54500
91100
151300
203700
268400
315000
299300
226800
130000
70900
30700
-2100
-64400
-147600
-193400
-226600
-210100
-208600
-198300
-189800
-191600
-174200
-159200
-125000
-101200
-71200
-61200
-58100
-36000
-22600
-3300
3600
-5800
-1700
-4000
4200
-1200
600
-11200
-25700
-41700
-50700
-54700
-48100
-58800
-97500
-125000
-134700
-124900
-114000
-124700
-158600
-173700
-174200
-154000
-125700
-93500
-81200
-63800
-37000
6100
81100
156800
206600
220700
248800
280300
324700
350800
329900
291500
254700
181600
63200
-44500
-93900
-121800
-100100
-103000
-101700
-106700
-96400
-91900
-91600
-77700
-78600
-68900
-63700
-53300
-52800
-43400
-41300
-44200
-30400
-29500
-20600
-29300
-32400
-27700
-20300
-10400
-24200
-21300

-22000
-14800
-13700
-17500
-11600
-17600
-4900
-18900
-15700
-15100
-4600
-300
-18400
-13500
-17900
1800
-2200
-5800
-7700
-11500
9100
-300
4000
300
15200
54300
88800
155200
214300
292000
303700
263400
196200
142600
122200
63300
-5500
-109700
-173400
-190100
-195700
-187000
-209200
-210300
-206500
-195700
-159900
-152300
-121700
-102200
-75900
-70100
-55300
-32700
-18300
3700
-10600
-5400
-5200
3700
11700
7000
-11300
-20800
-26600
-34300
-36900
-42000
-56200
-80000
-107800
-117700
-117800
-101600
-117300
-154300
-177700
-177700
-147800
-125800
-113500
-128400
-104600
-72200
-23400
32000
94500
145900
189300
225200
243200
282900
325800
350000
336900
319700
255300
154700
45600
-38000
-93800
-100900
-104000
-105200
-109100
-100200
-98800
-91600
-87200
-85300
-75800
-65800
-61800
-59800
-51800
-42900
-41000
-35900
-100
-62700
-23900
-31700
-28300
-24300
-17300
-13800
-24500
-24300

-22700
-10200
-8700
-17100
-21500
-13100
-9800
-14900
-10300
-13400
-5700
-7800
-17400
-13300
-14800
4200
-1600
-8800
-10900
-5900
9100
3000
600
-4000
18700
50700
98200
159500
226500
278900
269000
249100
215200
188900
142600
49400
-49100
-135100
-162900
-163400
-174700
-189800
-226000
-222300
-212100
-179600
-159000
-146300
-126000
-102100
-81300
-65400
-52200
-32200
-17500
-6500
-8800
-6200
1200
13200
11100
-7200
-15900
-23100
-18000
-25300
-31100
-55300
-68100
-85400
-94800
-100600
-103900
-113200
-144400
-166000
-176600
-148000
-123400
-124800
-143600
-150200
-111200
-59300
6600
46500
81800
136100
183300
216700
240200
294800
327800
362500
357500
308000
229400
138100
56000
-33800
-73100
-107600
-109800
-105200
-107300
-101100
-100700
-86200
-89100
-83900
-72200
-66800
-64800
-63800
-48900
-41300
-35800
-36400
-36300
-32800
-25400
-26400
-28500
-19600
-18500
-16900
-27700
-25300

-15500
-9400
-8900
-21800
-21000
-14900
-6400
-9100
-13800
-17300
-8600
-4000
-12200
-13400
-12100
-1400
-3500
-11800
-5900
-1200
7200
3600
-5300
1500
16500
60100
100800
157200
216400
256000
271400
268400
250100
198700
118700
15900
-68000
-116200
-137600
-149000
-175800
-209100
-236700
-226400
-196900
-175200
-154500
-152700
-129300
-110500
-79800
-56300
-49900
-32100
-16600
-12600
-6500
-1900
8200
9700
3200
-9600
-17000
-12600
-8600
-21600
-45400
-63500
-74000
-76000
-78500
-95800
-112200
-128200
-150700
-160400
-152500
-132500
-135800
-145300
-160200
-146200
-91800
-33900
9800
23000
74100
122300
189600
226000
253700
291200
333600
368900
338800
292100
217500
150800
71100
-14000
-77500
-120700
-106600
-110800
-106100
-100600
-97600
-85400
-91000
-75600
-78500
-68300
-65700
-58100
-48600
-40600
-33500
-43500
-35300
-34800
-21300
-24400
-26800
-21600
-22100
-14300
-28000
-17800

-14200
-10500
-9800
-24600
-16700
-13600
1000
-11800
-17800
-16200
-10100
-800
-14100
-8400
-15700
-2000
-4300
-9500
-3400
-7300
10800
-2500
-2000
2000
19000
60100
93300
153900
203300
258000
291700
294500
255900
168500
88300
2100
-44800
-87400
-129000
-153000
-202600
-221500
-233500
-213100
-189000
-175100
-159300
-159700
-133400
-104700
-74100
-57100
-51900
-29900
-26100
-6900
-1700
800
6100
4400
-400
-8900
-7100
-7600
-8600
-32000
-54500
-64700
-62600
-61400
-79300
-105500
-126000
-138700
-139300
-140000
-141700
-145200
-149300
-161000
-156600
-123900
-74700
-33000
-12700
12800
60900
132500
201900
235100
253700
289200
329500
353800
330500
288000
228200
172800
78800
-18800
-95500
-117100
-106800
-109600
-98200
-101700
-98900
-89000
-85700
-82700
-78000
-67600
-65900
-55900
-49000
-37300
-39700
-42800
-34300
-32200
-16200
-26700
-28000
-25600
-22500
-14400
-23000
-17700

-20100
-10100
-14800
-21100
-15400
-9700
-800
-17000
-16200
-18400
-4700
1700
-12800
-12600
-18600
100
-2700
-5600
-7300
-6800
8700
-2800
3800
1800
18900
52600
90000
152300
206800
280000
305300
292500
224400
148700
90200
26700
-13900
-85300
-138400
-175500
-211900
-210000
-222200
-204900
-191000
-178300
-168300
-160500
-127000
-102000
-70300
-62500
-50600
-38500
-20500
0
-3100
-600
700
2300
1000
200
-4300
-12100
-16900
-39300
-50300
-53700
-52700
-64500
-91800
-113400
-132500
-120000
-125000
-134500
-158700
-159000
-159800
-156400
-132800
-112800
-78700
-50700
-23700
6000
72200
151800
206600
237400
249900
280700
319900
350900
338100
295900
249700
169200
67600
-34800
-94400
-115100
-108600
-99800
-103400
-102600
-98100
-87500
-88700
-82100
-73200
-69800
-61300
-55400
-49200
-41100
-40800
-40900
-34400
-29800
-19700
-28100
-29400
-27500
-18600
-11800
-20900
-24200

