
Curva de Excitacao - Bobina Girante (Dados Brutos)

Arquivo..............: C:\Arq\Wiggler\Medidas Wiggler - Corretoras\Bobina Tungstenio\Gap22\Translado22_X=6_#027.dat
Data.................: 31/01/2005
Hora.................: 12:30:07
Ganho................: 5
N. de Coletas........: 1
N. de Voltas.........: 10
Intervalo de Análise.: 4 - 8

-12900
-14300
-12400
-17700
-11500
-10400
-7800
-11400
-12400
-11400
-8900
-1700
-7500
-4600
-10800
-8100
-3500
100
3000
-4600
-500
-5400
3300
11500
14900
12900
1700
7800
20900
31600
38100
13300
-14600
-27800
-14900
-8300
-17000
-25400
-29400
-13400
-12800
-2900
-3100
5200
17100
12500
14000
10000
18600
20600
10700
2500
-7700
2400
11700
10400
-4100
-27300
-26300
-23000
2800
-2000
-9800
-28700
-32600
-22000
-5700
8900
9200
-6300
-13800
-12000
4200
6700
9400
3000
-12400
-11100
-21500
-19800
-34200
-30800
-58700
-76100
-87700
-80800
-53200
-55500
-69200
-97200
-74100
-23100
37800
35700
8700
-4200
-9900
200
-9400
-8000
-15600
-32800
-26700
-37200
-22400
-27400
-26700
-2040
-39800
-33500
-34900
-29600
-36900
-30600
-35100
-26300
-27300
-30600
-23000
-28600
-20400
-24200
-20600
-20600
-21100
-15100
-22000
-11800

-16800
-10200
-16400
-14400
-11400
-9400
-6400
-16000
-10500
-9100
-5000
-6500
-11900
-6900
-10000
2100
-900
-3700
-4200
-6500
2800
100
11300
9600
8300
6800
2200
17600
27700
40100
17600
-4600
-12900
-5800
5900
-13600
-28000
-37400
-20500
-14100
-10200
-3900
-1700
13800
12400
11600
12700
13800
22100
16000
6300
-1200
2300
14700
13300
2100
-22500
-24400
-20800
300
200
-10000
-27200
-31700
-22400
-6500
4100
4800
-8300
-16200
-10500
-100
12100
11200
5700
-10500
-7800
-11400
-14100
-20200
-26800
-45000
-62700
-75000
-71600
-59900
-58900
-78500
-103400
-93400
-41200
12800
28900
6300
-4700
4100
1600
4000
-11000
-9300
-25900
-26500
-26300
-28800
-24300
-26700
-33000
-40600
-34900
-35300
-31400
-31000
-36500
-31200
-31200
-24400
-33100
-27700
-26400
-24100
-18800
-24600
-19300
-23600
-15900
-18200
-17800
-13800

-13900
-10700
-18600
-11900
-11600
-7400
-9500
-14400
-7000
-9500
-3100
-9900
-10600
-9100
-3200
3500
-7200
-5900
-7300
-100
3900
5700
8500
3000
5600
3600
16500
23200
32700
25000
1100
2000
0
15000
-900
-26500
-36900
-31600
-15800
-14700
-9700
-5600
4900
11800
9500
14400
11900
18600
16900
9200
6400
5900
13500
14100
7200
-17000
-21600
-19300
1500
3400
-9300
-25600
-35200
-21900
-6500
2600
300
-12200
-18500
-11700
1800
9600
12200
6800
-9600
-4400
-10000
100
-14700
-15900
-37800
-50600
-58900
-63600
-57200
-65500
-76100
-102600
-99700
-58900
-14900
9900
-1200
-11800
5900
14400
12200
-1500
-10000
-23200
-18700
-26600
-19000
-26800
-26700
-29300
-38600
-32100
-36500
-29500
-31200
-34300
-33500
-30700
-29100
-28000
-29700
-27500
-23900
-23300
-21000
-24500
-23700
-19000
-17100
-15800
-17000
-15400

-13800
-14600
-13400
-12100
-10200
-9000
-11200
-11300
-8800
-6900
-6600
-9800
-9700
-4000
-200
-3100
-5500
-8000
-3600
3900
6600
4900
-1000
3400
5600
13900
21100
23300
25000
8200
8800
9700
19300
10000
-15700
-31600
-34800
-23500
-16600
-13300
-10400
-1700
6300
7500
13500
13600
16300
16800
10500
11700
9100
19500
12800
8500
-8700
-17200
-11800
-1100
5700
-9500
-24300
-31600
-26900
-2600
-300
-1300
-17700
-19400
-12000
-900
13200
4300
8900
-8500
-700
-2100
1000
-700
-15100
-24300
-43700
-42900
-51800
-55600
-57300
-79900
-93300
-104200
-71900
-38800
-15500
-15900
-24400
3400
12600
30900
3000
2300
-21300
-19300
-15700
-23700
-14700
-34400
-24100
-34900
-33000
-29900
-35000
-27800
-37200
-30700
-35900
-27200
-30500
-26300
-28800
-29300
-21800
-26200
-18100
-26200
-21900
-17500
-18600
-13100
-20500
-14500

-16900
-10200
-12700
-13000
-8200
-11400
-7300
-14100
-5900
-7900
-8900
-6900
-9600
-600
-6000
-2600
-6400
-7200
4600
2900
8700
-4400
1200
4500
11300
22900
16900
18700
10600
14200
18800
23600
20400
-7900
-22600
-32300
-25300
-19600
-18200
-13800
-12300
1000
2100
9200
13400
14300
18300
7800
13300
13400
19700
17600
8500
-1900
-10100
-6400
800
2900
-4700
-21800
-27600
-26500
-8200
200
-3600
-15200
-25200
-14200
-3500
10000
7000
1900
-3800
-1300
3600
3700
1500
-3100
-20900
-28600
-37400
-36600
-45800
-53000
-71700
-93000
-96900
-76900
-49400
-39100
-35700
-42500
-14800
13200
29500
21800
1800
-4300
-22300
-13800
-16300
-18300
-21800
-32200
-26700
-32800
-29200
-34400
-32300
-34000
-33100
-30100
-35700
-26700
-32500
-23800
-31000
-25400
-21000
-25300
-18300
-26800
-18300
-20000
-14300
-15400
-20200
-12400

-15500
-8700
-15200
-10500
-11100
-10200
-6700
-12600
-6300
-11800
-3200
-6200
-7000
-1500
-7700
-200
-9200
1400
2600
5000
1500
-5100
3800
6800
19300
16500
13800
11000
10600
27200
27500
28400
4300
-17200
-19500
-24700
-15000
-25200
-18000
-16100
-9700
500
1500
13800
11600
16700
10000
12500
15600
21600
21800
10200
-700
-5300
-300
6900
1500
-3900
-20800
-23200
-23900
-8300
-3800
-6200
-15700
-23400
-17900
-6800
8000
6100
1100
-7800
-1300
2800
8200
7300
-2200
-11900
-21500
-25600
-32100
-32900
-43500
-66400
-80000
-93100
-78700
-57100
-53700
-55100
-60600
-37700
200
28900
27700
13700
1400
-9100
-14900
-14100
-12200
-20300
-24400
-29000
-29800
-26900
-31400
-30900
-35000
-32000
-29600
-32800
-30900
-30200
-29800
-26400
-27900
-26200
-23400
-23300
-21700
-23600
-17800
-17300
-15200
-16700
-18900
-14000

-12800
-11900
-12300
-9700
-12000
-7900
-8700
-9600
-10400
-7900
-1900
-5800
-6600
-7900
-5300
-2200
-2000
1900
-200
300
-2400
600
5800
14300
18600
10900
9900
8500
24100
32100
30800
14800
-8200
-10900
-14300
-12800
-22100
-25900
-20600
-14800
-6600
-3400
3700
11700
13300
12800
12700
14200
20500
23700
13900
3500
-1900
3300
13000
5400
-2000
-20000
-21000
-18000
-8600
-3400
-10400
-17900
-23400
-17200
-10300
6300
6600
-4000
-4700
-6300
4100
9200
10000
3200
-9500
-8100
-22000
-16800
-30400
-33400
-53500
-72400
-79400
-82500
-56900
-66600
-68300
-77300
-58700
-19800
14400
28200
13500
12600
-3700
-3300
-9400
-12000
-10800
-28300
-20600
-33100
-23800
-26600
-32200
-30800
-37700
-27400
-34700
-28300
-35300
-29800
-28600
-27100
-27300
-29000
-20400
-24800
-18500
-21500
-20800
-15200
-20600
-13200
-20200
-12000

-13100
-10600
-11000
-15700
-7400
-10000
-8900
-12100
-8700
-3500
-6100
-2800
-11300
-5500
-4000
900
2000
-4600
-500
-5400
3800
3800
7900
15800
7900
10500
7200
19600
31400
29800
23500
900
-2500
-6000
-3400
-15500
-25700
-26400
-23400
-10400
-11300
-400
3700
10900
13700
11300
15900
16700
23000
16500
7800
6300
3300
15000
10000
1200
-14100
-23800
-13500
-6900
-1100
-12800
-19300
-22900
-18400
-7800
-700
2000
-4500
-5900
-4500
-900
12700
8300
6400
-5200
-6500
-9500
-14900
-14900
-32200
-38000
-60900
-69400
-70500
-64900
-64200
-78600
-83000
-82800
-40600
-3400
18500
13800
10600
14100
-2400
3100
-14500
-11400
-17000
-23900
-21200
-32400
-21500
-33900
-28300
-34700
-32500
-31800
-29300
-30600
-36500
-25400
-30500
-25800
-27400
-28100
-23400
-24600
-15300
-26100
-17700
-19800
-16900
-12900
-19000
-11900

