
Curva de Excitacao - Bobina Girante (Dados Brutos)

Arquivo..............: C:\Arq\Wiggler\Medidas Wiggler - Corretoras\Bobina Tungstenio\Gap22\Translado22_X=18_#039.dat
Data.................: 31/01/2005
Hora.................: 12:59:15
Ganho................: 5
N. de Coletas........: 1
N. de Voltas.........: 10
Intervalo de Análise.: 4 - 8

-22100
-18200
-11900
-13600
-11200
-12700
-8200
-17200
-13000
-14600
-13200
-5100
-14300
-6400
-15500
-5500
-14400
-11100
-6900
-11400
1700
-2700
4900
-5600
-7100
-9400
1100
46300
103700
164000
219400
271100
298200
279800
211100
117000
65700
19200
-23800
-79600
-153800
-187100
-204200
-176200
-163400
-162100
-173100
-177200
-158800
-124400
-92900
-69400
-75100
-60400
-55600
-30300
-29900
-12500
-15000
-13500
-14400
-22500
-26000
-30900
-24700
-42500
-46200
-67000
-67200
-74800
-86000
-105400
-114000
-126600
-127000
-121300
-116200
-121000
-108300
-113200
-102100
-65300
-16800
37500
69800
106900
126100
189800
233200
277200
288500
326300
330200
318800
249600
139600
34200
-22500
-79100
-113100
-120400
-120600
-111400
-101400
-93900
-98900
-95500
-92300
-87200
-78600
-61300
-63100
-55900
-47200
-43300
-29800
-30900
-34300
-32700
-28400
-21100
-24400
-22000
-20900
-21800
-16200
-21400
-18000

-20300
-10300
-14300
-16800
-16900
-12200
-8600
-14300
-11700
-15200
-10600
-9100
-11600
-13400
-13800
-6000
-9400
-10400
-11800
-9400
2500
-600
500
-9900
-9200
-6300
11300
51900
100000
162500
219700
277300
287200
267200
203400
140700
86900
19600
-44000
-107200
-152500
-165500
-177900
-175300
-183900
-190300
-178400
-166300
-137300
-113200
-89100
-93900
-79000
-67000
-42400
-27200
-14100
-23300
-22100
-14400
-16200
-19000
-21100
-24300
-27600
-41600
-55800
-66000
-67500
-70000
-87100
-102100
-125800
-116900
-120400
-113600
-129900
-122900
-125500
-113600
-83100
-49900
-5100
24900
55300
73800
142500
206900
261500
277100
284400
293200
328300
325300
254400
138500
53100
-32200
-79000
-109900
-122500
-125300
-103000
-99100
-100400
-92700
-100000
-89800
-86800
-75600
-66900
-60000
-52800
-51400
-39100
-30800
-35000
-35700
-29200
-25000
-20600
-21100
-26600
-24500
-15700
-15200
-17000
-22800

-13100
-13900
-12500
-18700
-16500
-9400
-7600
-10900
-15700
-12900
-8200
-4500
-12300
-15200
-13800
-6400
-10000
-10200
-11400
-2900
3100
2900
-8000
-11300
-12300
3800
21800
51500
94000
143800
219300
280300
301800
270300
205900
143200
85000
14800
-53300
-109200
-140800
-158800
-173900
-187000
-188700
-189100
-171100
-158600
-137800
-115000
-103000
-85300
-80200
-56500
-41700
-22800
-27700
-26200
-20000
-11900
-12400
-13600
-26600
-24200
-32200
-40400
-53700
-63200
-62500
-73200
-90000
-118100
-113300
-111500
-107700
-124300
-137600
-141500
-122100
-93600
-70400
-54400
-23500
4500
51900
98100
166200
208100
241800
257800
265100
324200
342300
332100
232400
148700
41000
-22900
-79700
-118400
-120100
-121700
-101700
-104100
-93800
-96400
-99500
-85400
-89100
-73900
-67400
-59000
-54000
-46400
-37000
-36700
-30000
-37100
-26100
-27000
-15600
-24600
-31300
-18800
-19300
-10700
-23700
-19300

-17100
-12900
-10100
-19000
-15100
-11800
-4200
-12400
-17800
-12000
-7800
-2200
-15900
-12200
-14100
-6400
-6200
-13200
-7300
-8200
8400
-2200
-7600
-9500
-7600
11300
16300
43200
77500
151700
242400
291300
292500
249200
210700
155300
88900
8500
-66200
-99500
-132900
-144700
-180800
-194100
-195000
-187100
-161100
-156000
-137100
-123700
-102600
-88100
-76600
-54600
-39200
-28000
-24900
-26600
-18600
-13400
-5400
-18900
-23100
-30000
-31000
-37900
-51400
-59600
-63200
-76400
-97600
-107800
-109900
-108000
-113500
-131000
-147200
-129200
-102200
-82200
-85300
-67800
-40400
18900
75800
115400
151700
187400
234400
258200
300700
325100
337900
308300
245400
149500
48700
-29400
-87200
-112600
-116200
-122000
-99900
-102600
-95400
-100500
-92400
-88700
-84700
-75100
-67500
-53800
-57300
-44100
-44600
-29200
-31100
-36500
-25400
-26300
-16000
-28100
-24500
-21000
-17100
-10600
-24000
-20500

-19300
-6600
-11100
-20300
-14800
-13000
-2300
-16300
-13700
-13100
-4600
-2000
-17700
-12200
-18400
300
-7300
-11100
-10800
-8800
7100
-3400
-2700
-9000
-5400
7700
10300
36800
82300
172200
238500
277500
276900
257800
229000
151400
79700
-7600
-54000
-84700
-123300
-154600
-195700
-199900
-190300
-170400
-157800
-162500
-142900
-128400
-97100
-84500
-70400
-55300
-44900
-25800
-29000
-21200
-17300
-5900
-10800
-19100
-25400
-28400
-27000
-37000
-51200
-63300
-69900
-78000
-89000
-101100
-110700
-108600
-122400
-140700
-135500
-118700
-95300
-95600
-89400
-80200
-25500
36500
78200
98500
136000
187500
240400
282500
298600
311600
324000
316300
250500
152300
43300
-35100
-81300
-100300
-124900
-116900
-105200
-99800
-100200
-94800
-93100
-90300
-86700
-77200
-63700
-57700
-55100
-48700
-40200
-27500
-33000
-32100
-28600
-26700
-16100
-25600
-24800
-23000
-13500
-12500
-26400
-19700

-16300
-6400
-14400
-17500
-17200
-10200
-4700
-12900
-13400
-16000
-1500
-5300
-16600
-15700
-12300
1600
-9100
-11500
-13000
-7100
8100
700
-200
-11100
-5100
800
12100
40500
96100
172200
226800
269400
278500
276000
225800
144100
70600
-1100
-40900
-83300
-131000
-168200
-197400
-188200
-178600
-168000
-168100
-165700
-146800
-121200
-93800
-81800
-72000
-60800
-41500
-28300
-27300
-20000
-15100
-9800
-11500
-19400
-27600
-27000
-24600
-35900
-48100
-68600
-68500
-75600
-86600
-104500
-108300
-112600
-127900
-126300
-132000
-115900
-105600
-102000
-101400
-68400
-7900
40000
71700
86000
129300
196100
257900
287900
283500
310200
318700
327700
260400
145000
33800
-34000
-67700
-112900
-117000
-124500
-101800
-100700
-96300
-92600
-97700
-85600
-89900
-75700
-63900
-57200
-55800
-49000
-37600
-30300
-29900
-34400
-31200
-22400
-18100
-22400
-28500
-17500
-16600
-14700
-21600
-21500

-13300
-8800
-9500
-21000
-17600
-8300
-3000
-12900
-17200
-13400
-4000
-6000
-15000
-15700
-11400
-1800
-4800
-13000
-13100
-1200
7300
2200
-6600
-9800
-7300
3600
15400
47600
102200
159900
217800
268600
294700
281800
215400
139300
69200
11000
-36200
-90200
-141000
-173600
-188300
-182800
-172800
-179200
-172500
-168400
-142800
-114800
-92400
-81800
-77900
-59800
-40800
-28400
-22600
-20800
-16100
-12900
-12600
-18600
-26300
-20200
-25000
-36500
-59100
-62600
-65100
-71900
-82200
-105100
-117300
-119700
-117100
-125600
-130500
-116800
-115400
-108700
-90200
-55600
-9600
29900
61700
76800
147000
206000
264200
270900
278900
302100
331500
340400
246300
138800
37100
-21200
-75900
-112600
-119300
-126800
-100300
-99600
-95800
-97300
-95800
-85300
-90800
-69200
-69600
-55500
-55600
-48500
-37500
-30400
-28200
-41000
-25800
-24800
-15200
-25000
-25500
-20600
-20100
-9100
-24700
-20200

-14800
-7200
-11600
-23600
-14300
-10200
-2500
-12400
-17100
-10500
-6800
-400
-17900
-12300
-14000
900
-7000
-16600
-9200
-5500
10400
-1900
-8300
-10700
-9300
10700
16900
50700
88300
154300
224600
279600
302000
266200
212900
140500
79900
15300
-49900
-96700
-144800
-160200
-183300
-181500
-183800
-186100
-170600
-165800
-134000
-114100
-98100
-85500
-80400
-55700
-42200
-23800
-24200
-23800
-16000
-13000
-8600
-20400
-19700
-23200
-28500
-41400
-52200
-63800
-64500
-69400
-87400
-111400
-113500
-112700
-114900
-127100
-130200
-127400
-116000
-95100
-83900
-57400
-19500
23800
55600
97600
151500
204800
250300
262600
277900
312800
345800
325200
241400
145600
42500
-21300
-78800
-113800
-125900
-119800
-98500
-101300
-93000
-100300
-91900
-89700
-86100
-74100
-66700
-54700
-58300
-45200
-40300
-30600
-32800
-36200
-26200
-26100
-14400
-26500
-25200
-23200
-14700
-11400
-25700
-16800

