
Curva de Excitacao - Bobina Girante (Dados Brutos)

Arquivo..............: C:\Arq\Wiggler\Medidas Wiggler - Corretoras\Bobina Tungstenio\Gap22\Translado22_X=-7_#014.dat
Data.................: 31/01/2005
Hora.................: 12:01:29
Ganho................: 5
N. de Coletas........: 1
N. de Voltas.........: 10
Intervalo de Análise.: 4 - 8

16100
9200
-15000
-2040
-29500
-9100
19600
19100
10300
-19600
-9100
9700
37200
45200
32200
28200
25000
48600
43400
30700
17700
7900
3700
-5000
-22100
-38300
-37800
-37900
-48700
-50000
-40900
-1100
9100
11200
-4000
-7500
2800
5100
14400
6900
4500
-900
1600
4200
2700
1900
600
1400
3300
2900
-1500
-5800
-5400
-2400
1200
-3000
-5300
-10900
-12400
-8400
-8000
-5700
-11800
-13100
-19200
-17400
-13000
-9300
-13300
-20000
-21900
-22100
-13600
-14400
-16900
-21500
-27100
-20200
-24900
-19700
-27700
-22800
-29200
-31600
-32100
-38000
-32900
-38000
-38100
-35500
-36500
-31700
-29600
-33800
-35400
-23200
-26200
-53600
-81800
-69600
-55800
-47600
-31100
-28700
-10600
-9900
-9900
-14000
10700
11100
-1900
-43800
-55500
-43500
-14900
-800
-22500
-52400
-62500
-45300
-16700
900
-6900
-26000
-41200
-29100
-14300
10700

4900
-3700
-29200
-27500
-14200
8200
17300
3100
-8100
-15400
2500
25100
37300
32100
27500
28200
43600
42500
40100
24400
20200
14900
9000
-7800
-29800
-32900
-39100
-44900
-51100
-51000
-18800
2100
3700
-3300
-9400
2200
6800
13400
8900
4100
-1700
1800
4700
4700
5200
-2500
3200
3700
4600
1800
-4800
-1400
-4700
200
-400
-4700
-5100
-13000
-6800
-8600
-4900
-8900
-12300
-13400
-19800
-10900
-11200
-10000
-18700
-20300
-17500
-21400
-9500
-19100
-17700
-26000
-20800
-20100
-24800
-18400
-31500
-22500
-29900
-29700
-29700
-36500
-29600
-43000
-34900
-40100
-32100
-33100
-32300
-31400
-27200
-7500
-41700
-64100
-83700
-61400
-53800
-45700
-29500
-28000
-11100
-15700
-12200
3800
14100
8200
-28600
-47100
-47500
-15100
-700
-15400
-44400
-68500
-47100
-33500
2700
-8400
-18200
-43400
-34400
-17700
-800
10900

-7200
-20300
-28800
-18600
1900
11500
10400
-8600
-16400
-4400
12200
34000
26400
30700
20200
36900
42700
42300
38100
22700
28600
19300
5300
-13400
-29300
-28700
-42600
-47000
-55100
-37200
-8600
-6000
-2700
-12400
1300
4900
9000
11000
800
5800
-500
8600
3600
4200
3900
-3000
7500
2500
5500
-1400
-2800
-900
-3400
4200
-3500
-5400
-9600
-10500
-3300
-6900
-3200
-12900
-13100
-16000
-12500
-8200
-13500
-11400
-20900
-18700
-21000
-15700
-11200
-22500
-17300
-26100
-19600
-19800
-21400
-21500
-31800
-20300
-29600
-27600
-33000
-33800
-35600
-37600
-34800
-42000
-32300
-37500
-28600
-29800
-13800
-11700
-54800
-68300
-78000
-57400
-52200
-42800
-31600
-30400
-14700
-20800
5400
7700
11800
-13300
-40800
-34600
-26800
8600
-17700
-31100
-69500
-55500
-33400
-10900
-900
-23800
-35500
-42200
-22800
-1800
2800
2400

-22900
-24800
-21400
-2800
9700
5800
400
-24600
-6900
1400
26000
26700
20700
23800
23000
43900
42000
40100
33000
30800
33600
17000
2600
-18400
-23000
-29400
-44000
-47700
-52000
-20700
-14700
-11400
-13400
-8100
7200
5200
12500
3600
4900
4900
3500
8700
700
6800
1300
3000
5000
3000
4600
-2700
-2700
-600
1300
1600
-5400
-7800
-7700
-5300
-4600
-3800
-8600
-13700
-12800
-11100
-8200
-11400
-14200
-14400
-20500
-17900
-15400
-13700
-15000
-20800
-20600
-23500
-18000
-17100
-21900
-24200
-26500
-23300
-27100
-29000
-32400
-35000
-34900
-31500
-38900
-37800
-36100
-35100
-28900
-24400
-9800
-25400
-58800
-68200
-68600
-51600
-52600
-43200
-35500
-30600
-17400
-8700
10900
7700
700
-32000
-31300
-20200
-3000
-3700
-31200
-57600
-63700
-38700
-14000
-7400
-17100
-39900
-39300
-30500
-8600
5000
-4600
-10600

-30000
-17100
-12100
7700
5800
-4200
-15400
-16900
1400
12500
26900
18100
16400
21400
32700
44100
40600
36100
37200
36000
34300
11700
-1900
-15500
-22000
-31600
-42600
-52400
-36900
-21600
-21300
-18900
-16600
3100
7400
10700
7500
3200
6400
4800
7500
3800
2900
3600
4300
6600
2600
3600
0
-1000
300
3500
1200
-2500
-5400
-8700
-5300
-3600
-1300
-8100
-12300
-12700
-13700
-6100
-10700
-11300
-15300
-17200
-15400
-15500
-11100
-20100
-14200
-21400
-18400
-21700
-17200
-16800
-27800
-19800
-26700
-24400
-24400
-31500
-30800
-36300
-28300
-36400
-36600
-37500
-37700
-34600
-29300
-18200
-18600
-31900
-60400
-61400
-60200
-55300
-51100
-47600
-34600
-30400
-14700
-1100
8000
1400
-19400
-23800
-21200
500
-600
-20100
-51800
-61400
-44900
-20900
-7800
-19100
-31000
-48500
-31300
-17200
1000
-1600
-11900
-24400

-22800
-10600
-200
7300
-2300
-14100
-14400
-7000
7700
18000
16400
13900
11600
29700
36300
41800
37700
37400
41700
40200
27500
9800
-5200
-10600
-21200
-30000
-46400
-45600
-29500
-30200
-23800
-25400
-7700
4100
10100
9500
4000
5900
6100
8800
4800
3200
4400
4100
9700
1500
5800
-700
700
3000
800
6600
-4000
-1100
-7000
-6100
-100
-4500
-2100
-13500
-9200
-13700
-9100
-4600
-11500
-13200
-19300
-13500
-15500
-12300
-14000
-20800
-14700
-23800
-15600
-21000
-16000
-20000
-24800
-18600
-30400
-20300
-28200
-30200
-30600
-32600
-26900
-40100
-33100
-43100
-34300
-33800
-24900
-18700
-25900
-33800
-57400
-49200
-61300
-57800
-52300
-50500
-31500
-33000
-6500
-4800
5600
-11900
-19100
-13300
-4100
8900
-19800
-34500
-62700
-44900
-27600
-15000
-15000
-35200
-43900
-40800
-18200
-4900
-4500
-8300
-24900
-20800

-19100
2200
5200
-2000
-7100
-22100
-5700
-3100
16200
12900
9900
10200
14600
31900
35300
41500
36600
41900
46300
33900
25300
5400
500
-6100
-21100
-30100
-47300
-35400
-38500
-33700
-30100
-22600
-1000
4300
11500
2800
7100
7800
5100
10000
0
6600
2800
8800
6600
1500
3400
-2200
4300
2400
3200
600
-4500
-400
-7100
-100
-2300
-4200
-6800
-10500
-9200
-11400
-3600
-7900
-13800
-15400
-15900
-12500
-14200
-9900
-18000
-19200
-16300
-21200
-14100
-20500
-16900
-22300
-20700
-22300
-28500
-19300
-29600
-29500
-31600
-30500
-34400
-35300
-37000
-43700
-29500
-34500
-20700
-28400
-26100
-33600
-48900
-39500
-68100
-58600
-59800
-44600
-35100
-25300
-4600
-8500
-2300
-17000
-9300
-2300
8000
-3700
-36800
-47200
-51700
-27300
-17800
-17000
-29400
-50300
-36100
-30400
-5800
-8400
-9300
-19100
-27600
-13500

-11400
8800
-5400
-6800
-18200
-15000
-400
4900
15300
3300
5500
11900
20400
34900
34400
40500
36800
45200
43600
29100
22900
7000
7300
-9000
-18000
-35900
-40500
-36500
-40600
-35500
-34000
-14800
-500
7600
8200
-200
10200
4900
8000
4900
5300
6300
4100
9300
3600
500
2500
1900
5900
4500
1900
-3000
-2300
-2800
-1900
500
-3500
-6600
-8800
-8400
-9500
-5500
-6000
-11800
-14100
-14400
-14500
-12600
-9800
-15300
-19500
-17600
-16300
-19000
-16300
-18700
-19800
-19500
-20700
-23000
-26200
-22700
-27800
-29000
-28000
-34200
-33800
-36100
-37000
-37900
-33400
-31600
-26400
-30500
-23600
-31700
-35500
-50200
-69800
-64400
-55100
-45400
-31200
-22300
-8800
-10400
-9700
-8500
-1400
10300
3100
-21100
-47200
-42300
-35800
-14700
-18500
-28700
-45000
-48800
-26700
-21200
-4100
-13100
-17600
-27200
-19300
-8100

