
Curva de Excitacao - Bobina Girante (Dados Brutos)

Arquivo..............: C:\Arq\Wiggler\Medidas Wiggler - Corretoras\Bobina Tungstenio\Gap22\Translado22_X=14_#035.dat
Data.................: 31/01/2005
Hora.................: 12:48:38
Ganho................: 5
N. de Coletas........: 1
N. de Voltas.........: 10
Intervalo de Análise.: 4 - 8

-16900
-9200
-7600
-17100
-15000
-15500
-9700
-7300
-6100
-7500
-7000
-7900
-11100
-7300
-2900
1400
-6400
-16500
-15100
-14700
-11500
-18600
-26100
-24400
-19800
-3900
-2200
3100
9800
10200
9300
500
-5300
-12700
800
43900
98000
137800
161700
174900
168400
132500
66100
18500
500
-10100
-19200
-60700
-91400
-111800
-108100
-89400
-81300
-77100
-81900
-88400
-87600
-76300
-52600
-44900
-49900
-68500
-74800
-60400
-45100
-35400
-52800
-65500
-74700
-66300
-50600
-40700
-35900
-35600
-35100
-25400
-9600
30900
53200
78500
94000
116700
143100
168800
181600
157200
166900
141600
96900
25200
-27000
-68000
-84600
-75700
-80900
-73100
-90400
-100600
-122200
-123800
-118300
-125500
-93200
-82600
-61500
-53300
-46300
-34100
-32400
-5500
-12000
-12300
-24800
-26100
-21000
-14500
-10800
-25800
-21900
-27700
-15700
-21000
-21600
-14800
-19100
-13300
-27100
-17400

-13000
-9700
-11400
-21500
-15500
-14600
600
-8000
-9800
-13500
-9400
-800
-10700
-2700
-7300
200
-8000
-16700
-11000
-16200
-6100
-23100
-26000
-25200
-18100
-2000
-6000
6200
5100
13100
13700
300
-9700
-20800
13700
52900
101500
131700
161400
179700
155900
114900
56900
40400
28000
4900
-33700
-93200
-106600
-105000
-80600
-73000
-87200
-89300
-100500
-86600
-78100
-57000
-51600
-54200
-65100
-74700
-65400
-46900
-34600
-47200
-67500
-77400
-69200
-47000
-36900
-46300
-49900
-49800
-37000
-18800
7100
29100
53700
75900
91000
107800
140900
167600
177900
185000
177600
129100
77900
22900
-31500
-61500
-73900
-82500
-79700
-72600
-93700
-102100
-115700
-121200
-127700
-111800
-89600
-90700
-70700
-60800
-43300
-29100
-17900
-12200
-16700
-17300
-28500
-20900
-16800
-7000
-19800
-28000
-23400
-25500
-10000
-20300
-22500
-19500
-19900
-14000
-23400
-13400

-16200
-7900
-15300
-21300
-14500
-9200
2900
-15300
-11400
-15200
-3900
400
-6200
-4500
-11800
-600
-9100
-11300
-13700
-14200
-5400
-25900
-23600
-28100
-13900
-4200
-4300
2500
1600
20800
12900
3300
-17500
-15000
19800
48900
100400
129700
169600
167800
137700
111600
78400
69900
34900
-14500
-70900
-99100
-90700
-77600
-65600
-87800
-105500
-107300
-91000
-69800
-62500
-59300
-66700
-66500
-68500
-62900
-47500
-42200
-43500
-67300
-73900
-70600
-47400
-36100
-46000
-60900
-66200
-44100
-24000
3200
4700
20500
46500
67800
87100
113400
147300
170700
196800
191000
156500
115200
75300
24400
-18700
-52400
-80500
-85800
-69500
-83100
-90200
-98000
-115000
-124100
-114200
-109000
-101800
-93500
-77000
-54100
-32500
-18100
-23700
-23600
-17700
-19900
-20900
-15200
-14800
-13100
-23900
-28500
-23900
-17400
-10300
-21800
-22600
-23000
-15700
-12800
-18400
-17800

-15200
-9500
-17100
-16200
-11400
-5900
-4300
-15400
-12000
-12200
1800
500
-8400
-11000
-10200
1800
-7100
-8100
-14500
-13400
-10700
-21500
-24400
-29400
-13100
-4800
-2300
-100
10000
19900
13100
-1000
-19600
-6100
19400
53500
95700
126000
160700
153800
147400
132900
104700
68600
10800
-43800
-74700
-76000
-67300
-67700
-83700
-108700
-113300
-98000
-72800
-60800
-66300
-74700
-75900
-64700
-57200
-45500
-49300
-50400
-60000
-70100
-65100
-54700
-37400
-47100
-60200
-71800
-58700
-28400
-11500
-4200
-7400
17900
41100
75000
100800
110300
147500
179000
199900
170000
149300
116000
78700
45400
-17700
-62600
-87100
-73300
-84800
-79300
-80600
-102000
-116400
-121100
-114600
-120100
-102100
-98600
-73800
-39000
-29400
-25700
-34600
-21600
-18900
-13900
-13400
-18900
-16200
-18600
-22800
-27300
-16400
-17500
-14200
-22400
-27400
-18900
-13600
-9100
-22400
-20500

-14200
-12200
-11100
-15700
-11600
-7900
-5600
-14800
-14400
-4000
1600
-1300
-13900
-9300
-5900
3400
-1000
-13200
-15500
-13500
-9800
-19800
-28300
-25000
-14100
-2500
-3500
2100
12000
18000
15200
-5000
-12700
-5900
17200
49000
89500
128700
153500
163900
164000
146600
96900
41400
-11600
-41000
-45700
-55500
-64300
-84200
-105500
-109700
-102400
-77800
-66300
-68800
-80600
-84300
-71700
-53500
-43200
-50100
-60400
-61300
-61900
-56800
-49800
-48200
-49900
-60900
-65900
-66600
-41300
-20300
-16200
-15500
-14800
16200
45900
86600
93800
116300
150100
177700
185900
164800
152000
118700
101300
44400
-26500
-65000
-79400
-81500
-83400
-68900
-87900
-100700
-113300
-123900
-116700
-125200
-101200
-95200
-55700
-39500
-39700
-31900
-35800
-16300
-14800
-3800
-21300
-23600
-19600
-17900
-18300
-26300
-13500
-20900
-15300
-26600
-25300
-15300
-14200
-9900
-26500
-16900

-16200
-7700
-9000
-19000
-12000
-12200
-2700
-15800
-7300
-5900
-3400
-1700
-16600
-5000
-5600
8200
-5300
-18700
-13200
-13200
-5500
-23800
-24700
-23900
-14800
1500
-7100
4000
7500
18000
13200
-4700
-8400
-10600
16900
45000
93200
129500
159100
180000
170900
138600
70000
26200
-2800
-15800
-27400
-61600
-77900
-104500
-107900
-95200
-86600
-73700
-76600
-81000
-90200
-74500
-57100
-44400
-48300
-62800
-67200
-63300
-49300
-43800
-50300
-58100
-64100
-65700
-59100
-48600
-36100
-27300
-25800
-25400
-11100
22400
58000
80800
95900
118900
144000
172400
181200
164200
156700
139400
100400
31300
-28900
-65500
-82500
-79900
-74000
-73500
-92800
-94400
-121100
-122000
-121100
-120500
-98500
-82100
-55800
-52100
-39600
-38200
-28700
-13000
-7500
-11900
-27300
-19300
-22200
-14600
-14800
-23900
-18300
-23300
-12200
-26600
-19300
-16900
-13900
-13700
-27300
-16200

-13900
-1100
-14700
-19100
-13200
-10400
-500
-12600
-7000
-11000
-1200
-3600
-12300
-1200
-5000
6900
-12300
-13900
-14400
-12400
-3500
-25300
-25400
-25700
-11000
-1800
-6700
3800
5600
20000
9900
4300
-12000
-12500
15900
45000
98300
128700
168900
182800
160600
118100
61400
39300
20000
800
-37400
-76900
-96900
-104300
-85100
-85400
-84000
-85300
-89400
-85200
-79900
-60600
-54500
-49100
-60800
-68500
-64700
-50500
-37300
-49400
-59300
-70700
-65100
-50400
-45500
-45000
-48000
-34700
-37900
-15500
-900
30600
55900
80100
93400
107300
143200
171500
183100
178300
170100
135800
82700
29300
-30300
-66600
-73600
-78600
-74800
-79800
-84900
-104700
-118000
-119600
-119600
-114300
-92600
-83000
-72800
-50900
-41500
-29900
-21500
-12100
-13500
-17900
-22900
-19900
-17300
-7000
-20000
-26900
-22400
-19000
-14700
-20300
-19200
-19300
-14900
-17500
-21600
-15800

-11700
-6200
-16300
-17200
-15100
-5300
800
-12300
-11800
-10700
400
-3800
-7000
-4500
-6200
3300
-10200
-11100
-13700
-6900
-9100
-24900
-24500
-25100
-9800
-5100
-3500
-1300
11600
17600
13300
4600
-17200
-9300
15300
52700
99000
132500
168500
168400
147600
113100
78100
61900
25900
-10000
-59300
-86700
-94400
-82900
-78100
-85900
-93200
-98000
-91700
-75900
-69000
-61100
-59100
-60400
-65400
-62600
-55900
-42600
-44700
-57200
-66300
-71100
-51700
-45900
-43400
-53800
-53600
-43500
-28500
-8700
500
30800
50600
75400
89900
108500
147400
169800
196900
182000
163700
121800
81200
29600
-29100
-57000
-81300
-76900
-79300
-75200
-88500
-102200
-111800
-126100
-114700
-112800
-95900
-93600
-72800
-49900
-41400
-19500
-24100
-15700
-16500
-17300
-22700
-21000
-10300
-14400
-19900
-29000
-20400
-18100
-13100
-21800
-23900
-17000
-17600
-14200
-20600
-16300

