
Curva de Excitacao - Bobina Girante (Dados Brutos)

Arquivo..............: C:\Arq\Wiggler\Medidas Wiggler - Corretoras\Bobina Tungstenio\Gap22\Translado22_X=-15_#006.dat
Data.................: 31/01/2005
Hora.................: 11:43:09
Ganho................: 5
N. de Coletas........: 1
N. de Voltas.........: 10
Intervalo de Análise.: 4 - 8

43900
42900
30300
21600
16500
12100
-1500
-15900
-36200
-54700
-54800
-61800
-76000
-102200
-127700
-116800
-94300
-77300
-96900
-123000
-116500
-49000
36600
97000
87600
72200
89700
157600
195500
175600
131300
100500
101600
100300
68100
10000
-19400
-27900
-26900
-29600
-39600
-43600
-42300
-36900
-34900
-32500
-19700
-17900
-7100
-12600
-20200
-18000
-17000
-6200
-6500
-3700
-12900
-19100
-15500
-14800
-11300
-10900
-11700
-18400
-19800
-20100
-20900
-13900
-19300
-20700
-27000
-28300
-22500
-27200
-17200
-32500
-29800
-37700
-39300
-35500
-33300
-27000
-44000
-42800
-51500
-49300
-38500
-23500
-8900
3500
16000
15600
37900
80700
93300
60400
-18900
-36500
-40100
500
-40200
-176600
-226100
-205800
-131800
-117300
-103700
-150000
-127200
-88500
-43200
-25800
-32600
-31300
-35500
2500
20400
29100
31300
27900
36600
41600
58000
50200
51100
48000
43500
52300

43500
44700
24100
27000
18600
10900
-300
-31500
-34900
-49100
-37700
-54300
-82500
-116500
-134200
-106700
-83900
-77800
-106900
-137500
-100600
-30300
56400
73900
58400
64900
102800
183800
192000
171700
119400
109600
110600
96600
57600
3400
-10200
-21300
-22900
-32000
-46200
-41500
-44500
-34800
-33500
-29900
-17100
-18200
-8500
-19400
-17500
-14800
-13000
-3500
-7800
-7800
-18600
-13800
-14700
-12300
-8000
-12700
-13600
-21600
-18300
-18000
-18100
-12000
-23200
-19600
-29600
-23200
-25700
-22400
-20700
-33600
-27700
-41200
-33700
-32300
-30400
-35500
-43400
-44100
-51100
-43800
-34300
-21300
-8600
-500
6700
8700
59500
86600
89300
38100
-27300
-17800
-7800
24900
-96200
-193300
-231800
-172100
-126800
-110600
-127300
-153200
-111700
-79800
-45400
-32600
-39100
-37500
-26600
14000
20700
27300
24300
24400
42100
43100
59500
43300
54400
45400
49200
56000

38600
43500
23400
33400
16700
10900
-10000
-30200
-25500
-37600
-38200
-71200
-97900
-117200
-116100
-80800
-84600
-99400
-134300
-136800
-70600
-2900
53800
34200
40500
66100
146200
195000
183200
146800
110100
121700
120900
101200
45600
2600
-6500
-17000
-20100
-36900
-46900
-42800
-43000
-33100
-34300
-25800
-20600
-16200
-13800
-19100
-15300
-12400
-10100
-5100
-9500
-14100
-15600
-12900
-13100
-10000
-9000
-14700
-17600
-18500
-15100
-20100
-13500
-15400
-22800
-22500
-27300
-23100
-23600
-20200
-26000
-33700
-31800
-34100
-32500
-29800
-33900
-39600
-41900
-47500
-48100
-37300
-31200
-21400
-15100
-8600
-200
24400
75100
84400
68500
11900
-6300
7500
31200
-14100
-139200
-208600
-197400
-145100
-118600
-125300
-158100
-147300
-100900
-65500
-46100
-40400
-53100
-38800
-10200
19600
16900
24000
20300
24600
45400
47000
56000
44000
53800
47000
52200
51500

40100
41000
29000
31900
14900
8100
-10700
-24400
-19000
-38600
-46500
-79400
-99700
-105500
-97700
-79300
-101300
-121200
-142100
-109000
-46200
5900
23400
10000
35200
98800
169000
184000
163300
129900
123700
137900
127000
86400
36400
8000
-500
-9900
-23300
-42300
-48200
-42300
-41500
-34900
-31000
-26100
-18400
-17200
-17600
-16900
-16100
-7000
-11100
-5400
-12400
-14000
-14700
-11900
-8600
-9900
-10500
-18800
-15200
-16800
-17700
-14400
-14400
-17400
-23900
-21000
-24100
-25800
-17600
-24400
-26500
-34800
-28700
-34000
-30600
-27000
-40600
-38900
-45300
-44200
-43300
-35700
-30700
-26700
-18300
-12300
5600
41500
75400
76100
41600
16200
10000
46600
31900
-61400
-162900
-199400
-153600
-131400
-117200
-166000
-164000
-134700
-87100
-62200
-51700
-50900
-59000
-23600
-4100
15400
13300
16600
18100
30600
53100
48800
49200
43000
49600
50300
52500
54400

38000
42800
29300
31900
17600
1100
-6300
-22200
-15200
-38200
-53600
-85800
-98600
-91300
-89400
-85300
-116700
-136200
-133000
-89800
-25600
-6800
-3800
-300
44600
130400
169600
173300
140000
135800
140800
148900
120300
68500
36400
12500
11400
-8500
-31900
-41000
-49600
-38900
-41800
-33300
-28200
-29400
-13400
-22600
-16200
-18500
-11200
-6000
-12500
-5600
-16700
-12900
-13400
-8100
-6400
-11900
-11700
-20000
-14800
-15200
-13600
-12800
-19100
-17500
-26700
-17600
-27200
-18700
-18000
-27900
-24600
-36600
-24700
-33400
-24500
-31000
-41900
-37900
-44600
-40700
-42600
-33000
-34800
-28500
-19200
-15600
20700
45100
74200
55000
31900
30900
36400
70900
-3200
-92400
-175700
-163400
-130900
-121900
-142600
-189300
-153000
-123900
-75400
-63300
-57400
-62300
-52400
-13100
-6500
14100
9300
12100
20800
39100
56100
39400
53800
41100
51200
55900
51600
53600

35700
46500
28000
31900
13800
2600
-3400
-16900
-13300
-45300
-59300
-87400
-89100
-76600
-90100
-95600
-133200
-138200
-115200
-69600
-20900
-30400
-20200
-6200
72900
143400
165300
157900
131100
146900
151000
150300
108500
63400
42000
20400
15100
-13600
-36200
-42600
-47300
-36300
-42100
-30600
-31500
-24100
-16800
-25400
-14500
-18200
-7400
-10000
-6300
-10000
-18300
-8500
-11600
-8800
-9200
-10900
-13900
-18600
-11700
-16700
-10700
-15200
-21000
-17400
-24200
-16800
-24700
-14700
-24600
-28600
-27100
-31700
-25600
-28100
-25100
-38400
-41800
-38600
-45300
-36300
-38500
-33200
-40100
-27300
-23500
-11200
27900
48300
67500
37900
39400
39400
64900
60300
-35200
-113300
-159200
-132500
-120900
-127500
-177400
-187400
-141900
-107200
-72500
-72000
-69500
-66300
-38800
-7000
-5300
11400
2100
13000
25600
43700
53600
38500
53800
38500
54700
55000
53400
47700

38500
48100
27700
32900
10200
5100
-1300
-12800
-14100
-52100
-64800
-82600
-77000
-72800
-93500
-109300
-146700
-126400
-96000
-54200
-37200
-51300
-34100
8300
100100
147300
152300
136100
136400
159800
162800
144300
93700
64200
48400
29700
14400
-22000
-37200
-44200
-43400
-36500
-40000
-31100
-30100
-23500
-21500
-22300
-16500
-12300
-8800
-7700
-11800
-12100
-14200
-9500
-8800
-8400
-8900
-14200
-14700
-15600
-11200
-13700
-12800
-16800
-19000
-20800
-21300
-17200
-21600
-18500
-24600
-27500
-28400
-31600
-22900
-26500
-29600
-36500
-42900
-37600
-40900
-37700
-38700
-39800
-37500
-30600
-23800
1500
30400
43500
47600
33800
50400
69200
77300
27100
-67400
-119900
-117600
-106000
-119500
-165900
-195600
-174700
-122000
-98300
-81800
-83800
-78200
-55100
-30900
-6300
-9700
3700
2400
17600
32400
44300
46300
39000
47800
44000
59400
54600
50600
49900

38600
46400
30300
29900
11600
7000
2200
-11200
-23300
-56600
-64200
-74700
-66400
-75500
-106400
-124100
-140900
-108500
-76900
-59100
-59500
-65200
-32700
37300
111100
139700
128400
133400
150400
172100
161700
127500
90600
70500
60400
35700
4600
-26300
-39400
-38900
-39600
-37800
-38100
-32900
-29000
-28600
-20700
-20500
-15000
-11100
-9100
-8900
-14700
-7900
-12700
-8300
-7000
-9300
-11100
-16000
-12000
-15900
-10200
-12800
-15300
-17200
-22300
-16900
-21300
-15000
-20200
-22300
-23700
-31300
-24300
-29300
-21500
-28500
-32900
-36700
-42800
-34400
-38000
-35800
-40600
-40000
-36100
-34700
-15300
4900
30200
32900
36900
43000
63300
92500
59600
-3800
-84700
-91200
-91600
-97100
-137500
-196900
-188600
-157600
-110400
-102400
-90000
-94000
-76100
-42200
-27100
-13600
-14100
1200
5300
22600
38400
35700
45800
35000
51000
49800
57700
55200
45900
51200

