
Curva de Excitacao - Bobina Girante (Dados Brutos)

Arquivo..............: C:\Arq\Wiggler\Medidas Wiggler - Corretoras\Bobina Tungstenio\Gap22\Translado22_X=-2_#019.dat
Data.................: 31/01/2005
Hora.................: 12:11:50
Ganho................: 5
N. de Coletas........: 1
N. de Voltas.........: 10
Intervalo de Análise.: 4 - 8

-5200
-5900
-6900
-2040
-4600
1100
2800
2600
2700
-1100
4500
5500
2200
700
-3100
-8600
-11000
-11000
-11400
-14400
-11200
-13100
-15400
-6200
-900
2200
3000
-1400
800
1800
6300
3800
3000
7000
2300
7700
4900
8200
8100
10900
7900
7000
8400
8600
5800
2200
2400
-300
-700
2200
-6900
-5000
-9500
-1700
-4400
-4700
-3900
-11200
-6800
-8400
-5800
-9000
-11900
-9400
-17000
-13900
-16400
-12500
-12800
-19100
-21800
-27300
-15200
-24200
-18600
-21600
-26700
-20600
-24400
-14100
-26200
-13400
-18600
-21000
-16300
-24400
-15300
-26700
-19800
-30400
-26500
-28100
-38000
-37100
-44400
-34200
-41400
-36700
-47100
-43800
-34400
-42900
-27500
-36400
-27100
-36700
-36400
-36000
-39000
-29100
-32300
-27100
-31500
-25300
-24300
-17700
-18100
-26400
-17000
-23100
-16800
-19500
-14500
-15700
-19800
-12400
-15800
-8800

-10300
-4700
-8400
-6300
-2800
-1100
2100
700
3400
5300
2700
6800
-2500
1200
-3200
-3400
-7100
-14300
-10500
-15300
-13100
-16200
-8900
-400
-3500
1700
-3800
900
5600
8900
8500
-400
3200
1600
7300
6400
8000
8900
7100
11300
5200
10700
10100
9400
5900
-500
2900
-1600
5200
-2000
-6900
-4400
-6500
-800
-4900
-3400
-7700
-8900
-5700
-6800
-6600
-11600
-7100
-12300
-14800
-12600
-15300
-10200
-16300
-18500
-23600
-19400
-16700
-23300
-18100
-27600
-22200
-20200
-20600
-18300
-23100
-12900
-20400
-17500
-18600
-20600
-20400
-21100
-21800
-31400
-22100
-33100
-31700
-40000
-36500
-33600
-44800
-37800
-51200
-35300
-39100
-35400
-29500
-33500
-29300
-39100
-34000
-38300
-31800
-31400
-34100
-26000
-34500
-20500
-22900
-14900
-24800
-22300
-18700
-24300
-11100
-19900
-13900
-20400
-14300
-14900
-14800
-5600

-9800
-7600
-7300
-5800
-600
-2100
5500
-2600
6200
1400
6300
4400
-1000
4000
-5200
-400
-12300
-11400
-11400
-16100
-12300
-14000
-6700
-7900
-2600
400
-1900
5800
5300
8600
-100
3000
1800
6200
11600
1300
7700
5000
8800
8600
11200
13100
5200
11500
1900
2100
4300
3700
1500
-6100
-4400
-6300
-2900
-700
-4400
-6300
-7900
-8000
-6700
-5300
-7600
-8900
-10100
-13500
-11000
-13000
-12100
-13200
-17500
-18800
-20800
-17800
-18700
-20800
-24100
-24000
-22200
-20100
-19700
-19700
-21000
-17900
-16500
-17200
-17900
-20300
-20100
-21000
-25000
-25500
-29200
-31300
-32600
-40000
-33600
-38500
-40800
-40100
-44700
-37900
-39400
-33200
-34300
-34400
-29900
-37300
-34300
-33700
-31300
-39100
-30200
-31500
-27900
-18100
-22300
-19100
-24600
-19900
-20500
-19200
-12500
-21100
-17700
-18000
-14400
-14100
-11000
-7500

-14400
-4500
-8900
-1800
-3900
1600
2300
-1400
6000
2500
8200
1600
1700
1000
-2000
-2900
-10100
-7900
-14200
-15200
-11800
-12300
-8900
-7100
-300
-3000
4400
4000
6900
5700
2100
5300
2500
11600
6100
3000
5200
6100
12600
10500
13600
8600
6300
8200
5500
6900
4900
900
-1900
-2200
-5200
-2600
-2000
-2100
-3800
-9400
-4500
-7400
-3700
-4500
-8400
-10100
-14300
-6900
-11700
-10800
-13800
-14100
-17200
-20000
-16300
-19900
-16900
-21800
-23600
-24100
-23100
-16300
-22100
-16900
-23500
-15000
-14100
-20500
-15100
-23300
-15700
-21700
-23100
-23500
-31200
-26400
-36600
-33800
-39600
-36200
-41400
-40700
-42000
-41400
-34200
-37500
-30500
-32800
-32400
-33000
-32500
-31500
-40600
-32900
-31200
-28200
-24600
-21500
-23100
-22300
-21700
-23600
-15700
-15400
-16800
-20000
-17200
-16200
-16000
-9000
-11000
-12000

-9600
-6300
-4900
-5400
0
-600
300
4200
3100
4600
4600
5200
100
2300
0
-4900
-7100
-12800
-12000
-12900
-12300
-10800
-11800
-3800
-5100
1800
3500
1600
7000
3100
6200
1900
9200
7100
5100
5700
3300
9100
8200
15400
8400
7400
9800
5600
11400
4000
5300
-300
-700
-700
-5500
400
-4200
-3500
-5900
-6500
-4000
-7800
-600
-7500
-9600
-11100
-9800
-5100
-11600
-11100
-16000
-14900
-16500
-15800
-16600
-22000
-16900
-25200
-21300
-24400
-20100
-16500
-24300
-16600
-24100
-12900
-16800
-17900
-16300
-22100
-13600
-24000
-20500
-30800
-26000
-29700
-32700
-33300
-42100
-32800
-45500
-36500
-46300
-37600
-34500
-37900
-27100
-37500
-28000
-32100
-30000
-35900
-38900
-29900
-34600
-23100
-27800
-19300
-25800
-20500
-20800
-20400
-12500
-21400
-17500
-20100
-17200
-14500
-12500
-7900
-18300
-6600

-11400
-5000
-5700
-3200
-400
-3100
6400
300
4600
4600
5600
4900
600
4600
-3200
-1900
-8400
-13500
-9100
-15600
-9400
-13600
-9700
-4200
-4100
7700
-800
6100
3200
5000
5000
6000
9800
3100
6900
3600
6200
10900
11900
13900
3700
10200
6800
12300
11500
2800
4100
-1200
800
-1900
-600
500
-6400
-2400
-7400
-2700
-5700
-3400
-3300
-9800
-7000
-10900
-5500
-8800
-8600
-12700
-18000
-11800
-14800
-14500
-18300
-19600
-18500
-23800
-19600
-24200
-18600
-19800
-21400
-16400
-22200
-11100
-18400
-13800
-19800
-18700
-17600
-21200
-24900
-29600
-21400
-33300
-26400
-39100
-40000
-34300
-43400
-35400
-46400
-34600
-39100
-36000
-30000
-35200
-23900
-32600
-33300
-40000
-33800
-34900
-29700
-23700
-29300
-21900
-25600
-18700
-21000
-18000
-13800
-23100
-13400
-23200
-13300
-15100
-11600
-13400
-13400
-4900

-12600
-2600
-5600
-2200
-3700
700
5100
-1500
6400
3500
5400
4600
3300
3700
-3800
0
-11500
-9200
-11800
-13000
-10000
-15100
-5600
-7200
1800
2400
200
5200
2500
7700
4500
9100
2100
5200
10600
2600
10400
9700
13300
8100
8100
10700
9400
14500
7400
4300
2300
-1600
1400
-300
-600
-5200
-2700
-3500
-4000
-3000
-4000
-3700
-6800
-6300
-8700
-8300
-7700
-7500
-10900
-13900
-13100
-12800
-14000
-16900
-18100
-20200
-19800
-20200
-20700
-21600
-20500
-19100
-19800
-18700
-19500
-14800
-14200
-19900
-16500
-17400
-18700
-19800
-24100
-25600
-27200
-27500
-32100
-38500
-35400
-37700
-41100
-37300
-42800
-37900
-36400
-35900
-33400
-30000
-27300
-33100
-34000
-36900
-33400
-35000
-24600
-27800
-28200
-21900
-24800
-16100
-20900
-14900
-19600
-20000
-16600
-21100
-12900
-15600
-12900
-11900
-11000
-9700

-8600
-3100
-7400
-2900
-700
1000
2400
1700
6200
1700
8000
5300
3200
-300
-600
-3100
-9200
-6600
-13500
-10500
-14500
-11200
-9500
-2400
1200
-500
3700
1700
6000
8900
7700
5100
1300
9200
6200
8200
9400
7700
11800
7500
12300
8200
13000
11800
7000
3600
1900
2900
1500
2300
-4000
-3200
-4400
-3500
-100
-4300
-3500
-7800
-4400
-7000
-8100
-5800
-9400
-7300
-13900
-10300
-12700
-14200
-12100
-18300
-18000
-22900
-16100
-20300
-20800
-20800
-23900
-16300
-23000
-15800
-20100
-14700
-15100
-19200
-13500
-23100
-15000
-21900
-22500
-23800
-26600
-24400
-37100
-33700
-40000
-35200
-36300
-37400
-43300
-40900
-32300
-38600
-28000
-31100
-29400
-31900
-35200
-33800
-39400
-27700
-30100
-29900
-25900
-22800
-21400
-18600
-17300
-21600
-17600
-19400
-15700
-18100
-14800
-15600
-15000
-11000
-13300
-8000

