
Curva de Excitacao - Bobina Girante (Dados Brutos)

Arquivo..............: C:\Arq\Wiggler\Medidas Wiggler - Corretoras\Bobina Tungstenio\Gap22\Translado22_X=-4_#017.dat
Data.................: 31/01/2005
Hora.................: 12:08:45
Ganho................: 5
N. de Coletas........: 1
N. de Voltas.........: 10
Intervalo de Análise.: 4 - 8

-7900
-1100
-7900
-204000
-9600
-3400
3500
6100
12200
1700
10400
11800
15900
11900
10700
9300
-500
100
-6400
-15000
-15900
-21800
-27700
-29400
-22800
-15000
-4600
-4200
-2400
-200
2300
6200
3100
9500
1600
1100
4300
2500
6100
3700
5100
1700
4000
4200
5800
3900
900
2400
2700
1300
-3200
-5200
-8100
-7300
-1100
-4700
-6200
-11700
-8600
-10300
-11400
-8300
-10600
-11000
-17600
-16700
-16700
-15300
-11800
-17600
-21600
-29000
-16500
-20400
-18200
-19000
-24400
-20800
-25500
-16400
-25600
-17200
-19900
-26100
-24800
-33400
-23800
-31600
-30700
-33300
-36400
-35500
-44000
-43000
-48800
-39600
-38600
-32000
-30600
-30600
-27200
-41200
-35300
-44300
-47600
-43400
-43300
-36800
-32800
-21000
-17200
-20400
-21000
-27100
-20800
-16900
-14200
-25100
-23400
-32300
-23000
-19800
-16600
-15800
-20200
-19900
-19600
-10100

-5900
-5600
-7800
-8500
-7800
-1200
5000
7800
4400
9300
8800
11800
12500
14000
13000
8000
6200
-3500
-7100
-13500
-15300
-23500
-29800
-24000
-22300
-10400
-8500
-9100
4800
-100
7100
1200
5400
3000
2300
8700
300
6900
3700
4800
600
6300
9000
4300
8400
-1800
3100
2300
4800
1700
-6500
-4400
-7800
-900
-2000
-6700
-6900
-10900
-7800
-9400
-7900
-8500
-11800
-11700
-16500
-15900
-15500
-10100
-14900
-21000
-21600
-22100
-14300
-20900
-16400
-23600
-21600
-19200
-22300
-16200
-25300
-14800
-24400
-25600
-23100
-30400
-20800
-33300
-28600
-38200
-34100
-39100
-39400
-43200
-47400
-33700
-43000
-32400
-37900
-27600
-28700
-33900
-29300
-50800
-43200
-48800
-43100
-36300
-25200
-19900
-26200
-17600
-30500
-18600
-16200
-10300
-20800
-29200
-26900
-29700
-17500
-18200
-13100
-22000
-22300
-19400
-16800
-4000

-8900
-7400
-9900
-11500
-2600
1000
9200
200
8800
5900
10100
14700
12400
15800
8600
11300
3800
-4600
-2200
-13500
-16100
-26300
-27100
-24100
-20300
-7100
-12700
-1200
-1200
3800
3100
2000
5100
3600
8800
2000
4900
3100
2600
6500
1500
11700
4200
6100
3200
1300
6300
2500
5800
-3200
-4500
-4200
-3400
800
-5400
-6700
-8900
-10600
-6800
-7300
-5100
-12000
-12100
-14200
-14600
-12700
-14100
-11000
-20400
-18800
-21100
-20000
-14800
-18100
-19500
-26000
-19100
-19700
-22500
-17800
-21700
-19000
-25400
-21900
-25000
-26000
-26400
-30700
-30500
-37600
-34100
-41300
-37400
-46400
-41100
-36900
-44900
-31400
-39100
-25900
-30300
-27200
-34800
-52300
-45000
-51200
-37100
-33700
-24500
-28200
-23500
-22900
-25600
-11800
-15900
-14700
-27100
-28100
-24700
-25300
-10400
-20200
-20000
-25000
-21400
-14400
-13000
-4900

-13700
-6900
-14400
-4900
-1400
1000
6500
-200
9100
3700
14700
13400
12700
16100
10400
12800
400
200
-5900
-14000
-15100
-26100
-24300
-25200
-15400
-13100
-11900
-1900
-2400
5300
3100
6600
3600
7600
8800
0
6000
-200
6400
6100
7400
6800
2100
8300
3500
6000
4200
5200
2700
-4000
-1800
-2300
-900
-1500
-4100
-8200
-9400
-7600
-5300
-6600
-9200
-11200
-14500
-12000
-11300
-12100
-12800
-16600
-16900
-19700
-18800
-18200
-15500
-19600
-23200
-21800
-20500
-17600
-18900
-18300
-24000
-21300
-18500
-22900
-23500
-27000
-25900
-28200
-32300
-34300
-37500
-37500
-37300
-44400
-40600
-41100
-39700
-35200
-32400
-26700
-24900
-28700
-41100
-48800
-50800
-43300
-36400
-30700
-30000
-26700
-23300
-21300
-16300
-12600
-17900
-21300
-26600
-25900
-22500
-16200
-15100
-25000
-22800
-23700
-16400
-11900
-9200
-10400

-14300
-9900
-9300
-2600
-1700
2200
2000
1200
7000
8800
15500
12100
13500
14900
11100
8900
4500
100
-6500
-11200
-18700
-24100
-25600
-20300
-16000
-17200
-9300
-6700
3000
4700
4100
7200
2800
9900
3300
3700
900
4800
9200
6300
6800
2300
4300
4600
6800
7000
5500
3400
-1200
1100
-4000
500
-900
-3000
-5400
-10600
-4300
-7000
-4100
-6100
-10700
-13300
-13500
-7100
-12500
-11700
-15700
-16400
-15800
-20400
-15200
-19600
-14400
-23700
-20800
-20700
-21300
-13200
-20800
-18900
-25900
-17500
-18700
-26300
-20800
-28600
-23200
-30000
-30500
-35600
-37800
-33200
-41200
-40700
-46600
-37000
-41400
-33800
-30600
-27900
-19200
-36600
-37900
-52200
-44700
-39600
-36100
-33900
-32100
-25400
-22500
-16200
-14800
-15900
-21000
-23100
-26300
-23500
-14200
-17400
-22200
-23700
-22900
-19700
-14100
-8300
-13700
-13300

-14300
-9200
-5100
-2900
2800
-1100
1800
2100
8500
10300
13000
14600
12400
14700
12600
10500
5900
-1300
-3500
-13800
-18200
-22600
-23500
-18300
-22400
-12600
-12300
-3900
4900
4100
6600
3700
8100
6500
4600
3500
2300
8100
6100
8200
3300
7300
4500
7000
11700
2900
5100
400
2600
600
-2200
3000
-4400
-2600
-7100
-5600
-4300
-7000
-2600
-9500
-11000
-12500
-9500
-5900
-12900
-12400
-17500
-14600
-16800
-14400
-15200
-20700
-15300
-22500
-17700
-23300
-15200
-16300
-22700
-15300
-25200
-14700
-22200
-20800
-23800
-27300
-21300
-32400
-27900
-38400
-34200
-37500
-38600
-41900
-46700
-33600
-43600
-27900
-33900
-23600
-24600
-36700
-36400
-51700
-39000
-44100
-36600
-35100
-31800
-23800
-22500
-10200
-21300
-15100
-24000
-23100
-21900
-18300
-12000
-27000
-19900
-28500
-20900
-15200
-12100
-10500
-19100
-10200

-16400
-4900
-2700
-300
-1100
-3800
5300
2000
10200
11500
13100
16000
8700
17500
10200
11900
4800
800
-1600
-16500
-13800
-23500
-20600
-23200
-20600
-11300
-14300
2000
-400
6000
5200
3900
6900
2400
10600
-100
7900
7100
6600
8700
500
8900
4300
10800
7800
2300
5300
100
3600
1800
1600
-800
-5400
-1000
-6300
-3600
-5300
-5700
-5300
-11500
-8300
-11100
-8100
-8600
-12300
-14100
-18100
-13000
-14800
-13800
-18300
-19700
-17500
-21700
-18100
-21400
-15700
-20400
-20400
-18400
-24600
-15000
-19500
-22700
-26800
-23800
-26400
-30200
-29600
-35800
-32200
-38200
-33800
-47200
-42700
-37900
-42500
-28700
-33700
-22200
-28700
-33000
-38700
-48500
-37100
-47000
-35100
-38700
-29500
-24500
-16400
-12200
-23400
-15200
-26200
-18700
-18000
-16600
-19700
-25800
-20000
-29000
-15000
-14700
-13400
-15800
-17400
-9500

-14100
-600
-4800
-5500
-3100
-400
4400
2400
13500
8500
12800
13900
13600
17100
9800
14500
2900
2400
-7100
-13100
-14300
-21400
-22300
-24400
-18400
-15700
-8200
-400
200
6700
5300
6600
1400
8900
6800
3000
9600
4700
6800
4600
4700
7100
8400
11600
3600
5600
1700
1800
4600
4500
700
-5100
-3000
-3400
-4200
-4100
-3400
-7100
-8500
-7700
-9500
-8900
-7300
-7800
-13500
-16000
-14600
-13200
-12600
-17100
-19100
-19800
-19400
-17100
-18400
-18700
-21500
-17600
-19200
-21000
-20400
-17300
-19500
-24300
-20700
-26800
-27200
-26100
-33200
-34100
-34900
-32900
-39500
-43700
-39600
-41900
-37600
-32900
-32700
-27900
-25500
-33200
-39400
-40500
-44300
-45300
-40300
-34100
-28300
-22500
-12700
-19900
-21700
-19900
-20800
-14300
-17100
-19900
-23700
-25600
-22200
-20700
-13200
-16400
-15300
-17100
-16500
-12500

