
Curva de Excitacao - Bobina Girante (Dados Brutos)

Arquivo..............: C:\Arq\Wiggler\Medidas Wiggler - Corretoras\Bobina Tungstenio\Gap22\Translado22_X=-5_#016.dat
Data.................: 31/01/2005
Hora.................: 12:04:37
Ganho................: 5
N. de Coletas........: 1
N. de Voltas.........: 10
Intervalo de Análise.: 4 - 8

-9100
-3500
-800
-11200
-8000
-10700
2700
7100
14600
8600
10600
14900
14200
26800
20200
20600
10000
9900
8300
-5900
-7200
-19400
-26300
-32600
-36600
-28300
-22000
-5500
-7000
-6200
-1600
-200
10900
7700
9100
-1600
1300
2600
4600
11600
2200
3600
-800
5400
5800
1800
8800
-1800
2500
100
-1300
-1400
-6500
-2800
-6400
-4500
-5800
-7900
-5200
-13400
-10200
-12300
-8700
-10000
-14600
-15800
-20700
-12900
-13800
-13700
-21600
-23800
-16500
-22400
-14100
-20300
-20500
-22500
-21800
-21000
-26600
-13400
-25700
-26000
-31900
-31800
-29000
-31700
-30200
-42600
-34600
-43500
-39200
-43800
-41100
-34000
-36300
-15800
-30300
-23200
-49800
-58400
-52300
-51000
-37600
-41500
-25100
-30900
-22200
-15700
-10700
-10400
-19400
-24700
-32400
-19900
-15100
-19400
-23100
-35900
-28100
-30400
-12600
-11900
-17600
-19200
-25200
-12600

-10900
2100
-7300
-7900
-10800
-6200
6600
6000
14500
6600
10200
13300
16900
25800
21500
21400
13100
10900
6500
-5700
-6200
-22400
-23800
-32300
-33900
-27100
-18400
-9400
-13100
-1700
-2100
5800
7600
8500
5800
-300
7900
4300
9000
4400
-600
3100
4000
6900
4700
3100
2500
-600
5500
1300
-1900
-3000
-3300
-4100
-4200
-3200
-5600
-6100
-10000
-9500
-10600
-8700
-9400
-10800
-15100
-17300
-16200
-11600
-13100
-17200
-20100
-19300
-20100
-17500
-15000
-21600
-20600
-19500
-23100
-21600
-21100
-19900
-26100
-27600
-26500
-28700
-27600
-29200
-37600
-38900
-36900
-43100
-39000
-41200
-37900
-37300
-28900
-22900
-26200
-28800
-46800
-52000
-49800
-45200
-44200
-36200
-32200
-29500
-17100
-11500
-11200
-14500
-23700
-25600
-23100
-9700
-18700
-23200
-32400
-36600
-25400
-17900
-8900
-19700
-19900
-25600
-19200
-9000

-4100
-2300
-11600
-10900
-10600
1000
7500
8900
8100
4300
11400
15700
24600
24400
19600
19300
13800
12000
5500
0
-11700
-19600
-25600
-33400
-31900
-25400
-15800
-16900
-8500
-4400
-100
8500
5200
9400
3100
6000
3400
5000
6900
1100
3600
5500
5000
6600
5000
1900
900
4600
2700
4400
-2300
-1700
-3200
-3000
-1400
-5100
-4500
-11400
-7700
-9800
-6500
-9000
-11100
-11000
-16300
-13700
-14200
-12100
-14400
-20200
-20200
-22700
-15200
-16500
-17800
-22300
-21600
-20000
-23900
-15200
-23400
-22700
-22300
-26500
-24900
-31500
-25600
-35800
-36200
-38200
-41800
-37700
-41600
-41700
-42000
-33300
-31900
-23200
-23700
-35000
-43500
-50300
-46200
-54100
-42800
-39400
-32100
-22100
-17600
-12300
-13300
-17100
-24700
-18200
-14400
-12800
-22800
-30500
-34600
-32000
-15700
-14300
-18800
-20700
-27000
-19600
-13600
-3100

-5500
-8800
-12700
-12400
-2600
2300
10200
1900
4800
6600
13100
21700
21000
22000
19700
19000
16800
11400
7100
-4100
-9500
-18400
-29200
-29400
-29700
-20000
-23900
-17400
-10200
-3800
7800
5500
7300
4300
7600
6000
3600
7500
3200
6300
2000
7000
5400
4700
5100
-200
5900
3900
3400
2700
-4800
-700
-6500
2300
-3300
-6400
-5900
-10100
-6000
-9600
-4200
-12500
-11100
-11600
-15400
-9700
-15400
-10600
-17400
-17100
-20000
-19700
-11800
-20400
-16900
-23200
-19600
-18200
-20100
-14300
-28500
-15800
-25200
-25800
-27300
-29000
-25500
-35600
-30200
-42100
-34700
-40600
-40400
-43700
-41300
-28900
-35000
-14600
-32800
-31800
-38700
-49400
-48500
-57600
-40800
-42100
-27300
-23800
-17300
-12900
-17300
-17000
-22600
-11300
-15700
-18400
-25100
-37300
-26400
-24600
-10100
-22500
-19900
-26500
-25000
-10200
-10800
-2400

-15500
-8800
-15200
-7800
2000
2900
6000
-900
4900
8100
18200
23800
18200
23300
17000
21000
17200
11700
8300
-5000
-6100
-23600
-25300
-27600
-25700
-23600
-27600
-15900
-12300
3300
6100
5200
4600
3300
8300
3200
7500
4800
3400
9400
1400
8200
4500
6600
4400
2100
4900
2300
5200
100
-1800
-1100
-2100
1300
-5400
-4100
-7300
-8600
-4500
-5600
-7400
-12300
-11000
-12100
-12300
-10300
-13600
-13300
-19400
-15800
-19600
-13900
-14500
-20600
-17800
-22400
-18400
-18100
-18100
-20300
-25800
-18700
-24500
-23300
-25700
-27500
-31400
-29800
-35000
-38200
-35500
-40000
-38700
-45000
-36300
-34200
-31100
-18100
-31800
-26600
-38900
-46500
-54500
-53500
-41100
-39800
-25800
-23100
-17700
-16000
-16600
-15100
-18300
-8100
-19700
-18600
-34500
-29500
-22200
-18800
-14000
-26700
-22000
-29700
-14900
-9400
-8300
-8100

-15700
-11000
-12900
-1000
3400
3800
1300
-1700
9200
8700
21500
20100
18100
20300
19000
24600
13700
15300
5100
-1900
-9100
-19700
-23600
-27600
-25200
-28400
-24800
-18600
-5700
5500
3600
6000
2300
9500
7800
4700
8100
2700
9300
3400
6300
6200
3900
7500
5800
5300
3800
4500
3100
200
-700
100
500
-1300
-4300
-6300
-5800
-7200
-3100
-6000
-11200
-10900
-11300
-9800
-11800
-10000
-14800
-17600
-14700
-16900
-17600
-16000
-14800
-19500
-20200
-19700
-18200
-16500
-19500
-19600
-23600
-19600
-19900
-25600
-22900
-31600
-29500
-29600
-34800
-34400
-38700
-36600
-42800
-40000
-39600
-33200
-30900
-23600
-26600
-28200
-34200
-50200
-54700
-52500
-44600
-33000
-28600
-20900
-20600
-19100
-15600
-13000
-13900
-11200
-20900
-26800
-29400
-22500
-18900
-18000
-22200
-28000
-28500
-20000
-12400
-9100
-12100
-12600

-17500
-10000
-3400
0
600
-1300
-400
800
9500
13300
20400
16800
17600
20600
24300
21900
16400
12900
6100
-2900
-8000
-16200
-25200
-25800
-29900
-31300
-25600
-13500
-1300
700
6200
2400
3400
10900
8200
7000
4500
5400
5800
8000
6200
5700
5400
5500
7600
2700
6100
3200
900
4600
-1300
2600
-3700
-200
-6000
-6800
-2300
-7000
-1600
-9500
-9000
-11900
-9900
-7400
-13200
-10200
-18300
-12900
-14500
-14600
-14300
-18400
-14500
-23400
-16200
-20000
-18800
-15300
-22400
-17000
-29600
-14200
-23100
-25000
-24000
-30900
-25900
-34400
-30600
-39600
-34700
-39000
-39900
-38500
-41100
-30100
-35200
-20100
-24900
-26900
-35900
-55800
-51900
-57000
-37400
-36900
-26900
-22600
-22900
-16000
-14900
-6600
-17400
-12700
-25600
-28500
-21700
-22800
-15500
-26000
-22200
-31900
-21500
-13400
-12100
-9900
-16600
-12700

-17400
-3400
-2800
-3200
-500
-5000
1600
2300
13400
15600
12800
19700
15600
25100
21300
22700
17800
10300
10300
-5100
-5200
-20100
-22200
-26500
-33400
-27200
-25400
-9100
-4900
500
3500
2500
9300
6800
11000
4100
5900
7900
4500
10900
500
7600
3900
7100
9000
1700
6500
600
4300
1800
600
2300
-3400
300
-9100
-3000
-3000
-7400
-4100
-9300
-8600
-13200
-6700
-7000
-13000
-13600
-17000
-11900
-16400
-11600
-17300
-18500
-16400
-20700
-15000
-21600
-15400
-19200
-20600
-20000
-24800
-14900
-24100
-23500
-26500
-28000
-28300
-31500
-31400
-38900
-35600
-39800
-35900
-42900
-36000
-31500
-33700
-16200
-27100
-23500
-41800
-52300
-53500
-51200
-34300
-40000
-24300
-26800
-19500
-16800
-9500
-9000
-18300
-14300
-28300
-23000
-21500
-18100
-19500
-29600
-24200
-28900
-16000
-15500
-12800
-13700
-19700
-12800

