
Curva de Excitacao - Bobina Girante (Dados Brutos)

Arquivo..............: C:\Arq\Wiggler\Medidas Wiggler - Corretoras\Bobina Tungstenio\Gap22\Translado22_X=-10_#011.dat
Data.................: 31/01/2005
Hora.................: 11:50:55
Ganho................: 5
N. de Coletas........: 1
N. de Voltas.........: 10
Intervalo de Análise.: 4 - 8

-16200
1600
-2300
204000
-15400
-30400
-33200
-29500
-3900
-8200
-10700
-30500
-32200
-9100
21200
46700
39800
37800
44400
66700
91200
87700
78900
61900
62400
49100
27300
-4000
-28600
-32300
-42200
-47000
-60600
-55900
-41800
-33000
-24800
-25300
-10600
-500
3900
4300
-3800
-700
-2000
3200
4300
1700
-1700
-5300
-4300
-200
600
-3000
-6000
-6100
-9800
-6900
-4700
-9700
-12000
-10000
-11100
-13300
-13500
-11600
-16500
-16800
-15100
-17600
-19900
-18100
-19400
-23900
-20000
-24600
-25700
-26200
-28000
-26800
-28900
-28800
-32400
-36500
-31300
-35000
-24100
-26500
-38200
-45600
-47400
-56500
-61600
-67400
-60400
-50300
-42900
-35100
-21300
8100
26600
22500
15900
19000
29300
29700
-13800
-62000
-74600
-57200
-36900
-32700
-66700
-91500
-84900
-54700
-29400
-15700
-24800
-42500
-32100
-22100
-3200
2400
7800
-8800
-15200
-8100

-6500
5800
3200
-5700
-26200
-30900
-25600
-14100
-2300
-10400
-28600
-37200
-25200
10100
29300
37400
26400
29100
50200
83900
95600
82900
67300
66400
65800
52500
23400
-10000
-21900
-29800
-38000
-52600
-58600
-54800
-42200
-32500
-33300
-23500
-5300
4400
3200
700
-2200
-3800
3800
1700
4100
-800
-3100
-3000
-2700
2200
-5000
-1700
-4700
-8300
-4600
-6900
-4300
-10600
-9300
-11400
-14000
-8400
-13900
-14700
-19400
-11200
-17700
-17400
-16900
-21900
-18400
-22800
-17600
-28600
-23400
-24300
-29400
-24200
-33100
-28700
-35100
-32900
-32900
-32100
-22300
-34900
-36200
-43600
-42600
-54600
-61900
-69900
-64000
-46600
-48800
-32400
-18400
11000
22300
14800
23500
21300
43900
12400
-31000
-64600
-57800
-37500
-34100
-46900
-93000
-89500
-69000
-37100
-27100
-26700
-39500
-46000
-23900
-14300
1600
3700
-4900
-11200
-13400
-2400

-400
9500
-2800
-18000
-25100
-27600
-10100
-10400
-4000
-26300
-37900
-29900
-8500
20400
23000
23300
17600
32400
69000
86500
86900
70300
72600
76600
70000
52100
9600
-8000
-20300
-23900
-38400
-58000
-54000
-57000
-38800
-41200
-33700
-14600
-2200
6200
-2700
2500
-5400
700
7600
500
4400
-3700
300
-3400
-1400
3200
-5000
-800
-8200
-5000
-5400
-6300
-6900
-11100
-6400
-14800
-8300
-10900
-14500
-15100
-15400
-11300
-20400
-13600
-19500
-21400
-17000
-21000
-19200
-30100
-18200
-26800
-27900
-24600
-33100
-26600
-35400
-30300
-33700
-28500
-29600
-33800
-34700
-39500
-37600
-58800
-62600
-72700
-58900
-48500
-51600
-25300
-17500
15100
12200
18000
28400
35600
39600
-9900
-37600
-54900
-34500
-28600
-38800
-74600
-101600
-75700
-56000
-30300
-29700
-39900
-46500
-40300
-13000
-9400
4500
-7200
-10000
-10700
-10600
7700

-200
7900
-14600
-18000
-21500
-19300
-3200
-12000
-14900
-37700
-32900
-19900
1500
19700
12000
14400
15600
46600
75900
81800
82200
68400
82000
77500
69800
39600
7800
2100
-14900
-22100
-46300
-53400
-55800
-53400
-42200
-44600
-27400
-13800
1400
1600
-4100
-1300
-3000
6500
5000
500
1300
-2800
800
-1500
2200
-1900
-5000
-2700
-5300
-3700
-5300
-5200
-7500
-10700
-8000
-10800
-9400
-12300
-11900
-14800
-15800
-15400
-15900
-12700
-22400
-19100
-15900
-22500
-20600
-25000
-20700
-26400
-25400
-26600
-33600
-29900
-30400
-30300
-31700
-28400
-34500
-32200
-34500
-32800
-41000
-61800
-64900
-69900
-57600
-53600
-45300
-25200
-12800
7800
9700
23900
36500
42400
21100
-21600
-33700
-37400
-19200
-28600
-62400
-91700
-90200
-61800
-45100
-27600
-43100
-51700
-46000
-27800
-8800
-8800
1500
-17900
-10200
-8400
400
7700

1500
-1200
-18600
-15900
-18100
-8500
-3100
-17600
-25700
-39100
-24500
-9700
7100
12300
800
13000
23200
60200
74000
77000
73900
73500
86100
81400
64100
30800
16800
4600
-9800
-27100
-46100
-53400
-57000
-49000
-49000
-43600
-22500
-9800
1800
-2800
-6000
-3100
3500
8100
2800
3200
-2100
-1100
1000
2100
500
-1800
-1800
-3100
-4800
-2800
-4700
-7300
-6500
-8500
-9400
-9700
-9900
-11300
-13500
-13300
-15300
-12500
-14100
-17000
-18700
-17200
-17900
-22500
-20400
-24300
-24200
-21200
-27400
-29000
-33700
-25200
-31400
-31800
-27700
-35200
-33000
-29600
-29900
-31100
-45700
-62000
-67600
-66500
-59600
-51100
-42000
-24700
-14400
1000
15300
25700
44200
33200
8400
-21400
-21400
-16900
-15800
-46500
-84400
-89800
-74300
-48600
-39500
-39000
-58600
-53500
-35800
-19800
-6700
-6900
-8200
-18600
-9000
200
3300
7400

-1200
-7300
-18600
-14700
-7100
-7700
-8400
-26600
-30100
-34400
-16300
0
1800
200
-3800
12600
36000
62800
71600
67800
73200
81500
87500
82000
51700
34400
22200
10000
-11600
-32200
-45100
-56700
-52100
-50800
-50400
-38800
-20300
-6600
-6100
-3300
-6300
2000
5800
5000
3500
-2700
2900
-1700
3900
2400
-3300
700
-5600
-500
-4900
-1000
-5400
-10200
-3300
-10300
-8300
-11200
-8600
-11800
-14800
-9200
-18000
-12400
-16200
-15400
-18000
-17400
-16400
-24600
-17600
-26600
-20400
-21600
-28200
-28000
-34000
-23000
-32100
-28800
-30500
-37900
-29100
-29700
-24500
-38700
-44200
-66600
-63400
-64200
-62200
-47200
-46300
-21000
-19000
900
17100
33400
44900
19200
1700
-15300
-1800
-9400
-27500
-66200
-90400
-74500
-64400
-39000
-45700
-56900
-59500
-46800
-24900
-21300
-3600
-17000
-16800
-13300
-2500
5100
1300
8000

-13500
-8300
-13000
-7000
-2800
-10300
-14100
-32600
-28100
-23600
-7800
-200
-9900
-3600
-5100
23300
45900
59900
64700
60800
83000
85600
89000
70200
48800
43900
24300
12600
-17200
-32800
-46300
-53700
-47900
-58600
-47000
-36400
-15300
-10100
-11500
-1800
-6400
9100
1900
4400
1700
-2900
5200
-500
4700
-800
-1300
-1400
-4400
3300
-5300
-3000
-6800
-5700
-4500
-11000
-4400
-11900
-8900
-13100
-10700
-12000
-16900
-8800
-19300
-14300
-19600
-17000
-17200
-22600
-16900
-26700
-18000
-26400
-26600
-28000
-32200
-23100
-31600
-27400
-37700
-32700
-30400
-29500
-24400
-39100
-45800
-67100
-57200
-69200
-59300
-49100
-46500
-20300
-23200
7000
16700
39600
34600
9400
8400
-900
10500
-14800
-47100
-79800
-80000
-59100
-54200
-39100
-64500
-61600
-57800
-37400
-20200
-16700
-7300
-27800
-13300
-11400
900
4500
3400
1300

-16600
-2900
-10900
-1400
-5200
-13100
-19100
-35300
-18600
-18600
-6100
-8800
-14700
-7300
-400
33800
43800
54800
56800
67800
86700
85600
85500
62300
56200
46600
29400
8800
-21900
-32700
-48700
-46800
-54100
-57500
-42600
-33300
-16700
-17600
-7500
-4700
0
6500
1800
5500
-1100
1200
3500
800
3500
-1300
-800
-1700
-400
-600
-4900
-3300
-5600
-5100
-7100
-5900
-6700
-13500
-8500
-10100
-11200
-14600
-12200
-14100
-18200
-13200
-18200
-18700
-19000
-19200
-19900
-24000
-21800
-25400
-24300
-28600
-30100
-26400
-30700
-33500
-34300
-32000
-29500
-23900
-29700
-41800
-49900
-59200
-60000
-67400
-55000
-53100
-42400
-26300
-20300
5700
21400
33600
24200
12300
13700
11100
8000
-27500
-61400
-75600
-65700
-52500
-51200
-53400
-71800
-59000
-50600
-30200
-22000
-20600
-19900
-24100
-8300
-7100
2700
4800
-3400
-4400

