
Curva de Excitacao - Bobina Girante (Dados Brutos)

Arquivo..............: C:\Arq\Wiggler\Medidas Wiggler - Corretoras\Bobina Tungstenio\Gap22\Translado22_X=-20_#001.dat
Data.................: 31/01/2005
Hora.................: 11:29:10
Ganho................: 5
N. de Coletas........: 1
N. de Voltas.........: 10
Intervalo de Análise.: 4 - 8

100300
133300
138900
121600
86100
66500
65900
82000
88000
49300
7100
-26900
-16900
-14900
-26500
-70600
-141100
-177400
-181000
-174200
-192700
-233400
-269300
-263700
-224000
-192800
-207800
-231100
-206200
-111800
10700
80600
80600
57400
98700
175400
230100
201300
152600
101800
96700
95400
85400
47900
22600
1200
2800
2200
3700
-5200
-16400
-21300
-29400
-17900
-16700
-4200
-10700
-17200
-26600
-27500
-23400
-13100
-7400
-12300
-20000
-30900
-32300
-23000
-16200
-11000
-21700
-29400
-32200
-33700
-14000
-15800
-4800
-21300
-31000
-30900
-10400
20000
35400
32100
-8700
-35600
-19400
40500
46600
-5900
-143000
-225300
-209800
-146500
-156000
-192700
-231700
-203400
-163900
-113400
-111000
-129500
-128700
-97000
-45000
-27400
-20700
-41700
-24200
15400
55100
65500
50100
43000
41000
77000
97000
111000
101300
87500
89300
98300
131500
133000
130500
102900
93700
106500

123900
144200
120700
101500
71200
77300
86700
92300
78700
28800
8100
-10500
2000
-10100
-46700
-100000
-155200
-149400
-144800
-158200
-205000
-269300
-288800
-252000
-192300
-184100
-223000
-246700
-210200
-76400
27700
68900
32800
38400
119500
211900
244600
192700
132400
100000
96700
106100
81400
51300
20800
2700
8600
-1100
5000
-13900
-11400
-23300
-21700
-16600
-12200
-8100
-17000
-17700
-27200
-23800
-16300
-12300
-9600
-19200
-22200
-30100
-26600
-14000
-16100
-11800
-28900
-28900
-34800
-24700
-11300
-14200
-10800
-32300
-29100
-24200
6300
23300
34000
5900
-26700
-25400
19400
57200
40300
-62800
-170600
-196700
-146500
-136300
-191500
-241500
-237100
-175700
-135200
-102400
-135200
-142700
-129800
-79000
-41300
-29300
-34200
-50100
-13800
23900
62200
64700
39800
34700
38300
89200
104100
113500
93400
78840
91200
103100
133600
126900
126200
97300
106100
115500

125800
140200
106600
98800
71500
92700
92600
89100
70900
21900
14100
-1800
8500
-17800
-62400
-105600
-137300
-123200
-149200
-177200
-237400
-273100
-253300
-219300
-188700
-226200
-256900
-244700
-166800
-40600
14900
21900
1700
57400
167000
233800
223600
159500
119900
109900
116200
117600
72200
45600
12100
10400
9100
4500
1700
-12900
-16300
-23000
-18100
-13900
-11800
-12000
-16900
-19500
-26200
-19400
-11800
-13200
-11800
-23000
-22500
-31600
-16700
-15100
-16900
-14900
-34600
-28500
-33600
-12700
-15900
-12300
-20800
-32900
-28800
-13900
9700
21500
19300
-11100
-20700
1000
40400
54300
6100
-96300
-156200
-156100
-117800
-169900
-214100
-251200
-206100
-160800
-125800
-127200
-158500
-140100
-114300
-59900
-42300
-44500
-51800
-43000
6700
35000
59000
44300
29200
34200
61000
102800
101300
102200
76500
83100
97000
118400
141000
119200
116300
93900
109800
122600

135600
132000
96900
96800
79900
100200
96200
87000
56100
20300
21400
4800
12800
-27900
-69200
-104200
-126500
-118300
-155700
-189300
-243700
-259200
-228700
-212900
-210900
-255400
-262300
-222300
-123400
-35500
-14900
-18700
-1000
93700
198300
224400
195400
141900
131300
129000
129200
105100
61800
38100
17900
20200
11800
7600
-6100
-14800
-17800
-20200
-14100
-11600
-11700
-14300
-20400
-20800
-22900
-13400
-12200
-13600
-16100
-23600
-24900
-25400
-12800
-17400
-14600
-21700
-33500
-30300
-23500
-12200
-15900
-18500
-26400
-32100
-22800
-1500
10600
19200
4500
-18800
-9600
23600
49900
48200
-29500
-108800
-138300
-117200
-118500
-190000
-238200
-246400
-185000
-150700
-131100
-150400
-155900
-132000
-92900
-60400
-54800
-60000
-55400
-26100
14500
39200
51100
30200
24800
45000
76200
104700
96500
88700
70600
89400
110000
126200
131300
110600
108400
98200
120200
131900

134600
119700
93500
96000
87900
105800
97600
78100
47500
25200
29800
12100
10300
-35100
-78900
-99600
-110600
-114600
-160300
-203900
-248200
-240700
-217100
-210600
-233700
-272900
-256000
-194300
-100200
-45000
-43300
-40100
11600
124900
213900
210900
177200
136200
140600
140200
132300
95600
57400
39000
25000
21900
16200
1500
-8400
-14200
-17300
-14200
-15200
-8400
-16900
-13800
-21300
-20400
-19000
-12700
-12200
-14900
-18000
-26000
-20900
-19900
-13200
-15700
-18600
-26700
-33300
-24100
-16200
-15900
-11500
-26300
-28700
-29800
-12600
1800
10200
10200
-9400
-15400
4300
38400
51500
26100
-50700
-106500
-107800
-94300
-134400
-206900
-252100
-224300
-177400
-142400
-150500
-160400
-152100
-120400
-79300
-65700
-65400
-74200
-46100
-13800
24400
35000
35000
25300
27800
59100
80200
102400
89800
78000
77700
95500
120200
124300
126600
105200
107000
107900
124600
135700

124700
113200
94900
102100
96100
108900
92500
65200
52600
32400
35400
13500
1800
-42700
-75600
-87200
-103000
-121600
-171400
-212400
-236500
-224700
-206000
-227200
-255100
-278100
-241000
-160700
-98500
-64300
-73300
-46300
38500
150200
209700
189400
164000
144100
154400
149200
121200
90700
55400
42900
32100
22000
15600
-6700
-4600
-16400
-13400
-13400
-12200
-11100
-17500
-13700
-22500
-17800
-15500
-10400
-13500
-18500
-19200
-25300
-17800
-15900
-14900
-13800
-25600
-25000
-32300
-18000
-18500
-14400
-18000
-33300
-26800
-25900
-3900
0
9800
-2600
-15400
-3800
20200
46100
44200
4000
-63500
-90400
-79500
-91800
-153700
-229100
-244900
-203600
-166900
-147900
-171900
-157300
-147300
-98600
-81200
-74200
-79000
-78800
-32100
-5900
30500
26300
25000
20100
34000
69900
83300
101300
78800
76800
79700
104400
125900
118400
118000
97600
111300
113100
132600
133600

116400
112700
91000
110700
100900
107900
85500
59500
56800
34800
41300
13800
-4100
-49300
-70700
-75500
-107000
-126000
-185000
-212700
-221200
-210700
-207800
-249900
-271500
-275400
-215200
-141800
-103700
-90800
-98500
-35000
63100
169300
198700
170400
157100
150700
166200
148800
113100
88400
53000
52600
33000
23900
7800
-6000
-6200
-16300
-8700
-15200
-10000
-14900
-15700
-16700
-22100
-13500
-14500
-11000
-15000
-20100
-20800
-25400
-12100
-17900
-13000
-20200
-26500
-23900
-30900
-11900
-20500
-13000
-24900
-32800
-23800
-19400
-700
-200
1600
-12800
-10700
5300
31900
46800
28500
-17000
-64600
-67600
-56800
-104100
-164800
-242200
-229900
-200100
-160900
-168600
-175900
-153200
-135400
-91600
-88400
-84200
-93800
-65200
-18200
3400
26000
13100
16900
21600
50600
76400
80600
92900
69800
76500
87100
115900
123000
114500
114200
94800
119400
118300
135300
128400

110500
110100
96500
115200
103600
104900
76500
64300
57200
40900
45300
4900
-9700
-46600
-63700
-72400
-109300
-131700
-191000
-205500
-208400
-205400
-222000
-264100
-272900
-262800
-188500
-142600
-120300
-116300
-101500
-12500
87900
171000
179900
158000
158500
164300
174500
142900
109500
83100
59000
54800
32000
24600
2100
-2800
-8400
-12200
-8700
-12800
-10900
-14800
-16100
-18500
-17500
-13000
-15700
-11600
-15600
-21300
-20100
-21100
-10700
-19100
-12400
-22500
-26500
-24200
-24900
-14300
-19600
-17800
-25600
-30000
-22700
-11800
-3900
-1300
-6600
-14100
-1800
15300
36400
40100
10000
-26700
-51500
-43400
-57300
-112600
-182400
-241100
-215300
-193200
-166200
-183400
-170600
-151200
-119800
-95700
-93800
-96400
-91500
-51500
-16200
7400
14300
6000
14300
36800
59200
74900
77900
79100
67400
83000
98400
118200
121000
106100
107000
99600
123100
125700
134200
119900

