
Curva de Excitacao - Bobina Girante (Dados Brutos)

Arquivo..............: C:\Arq\Wiggler\Medidas Wiggler - Corretoras\Bobina Tungstenio\Gap22\Translado22_X=5_#026.dat
Data.................: 31/01/2005
Hora.................: 12:28:32
Ganho................: 5
N. de Coletas........: 1
N. de Voltas.........: 10
Intervalo de Análise.: 4 - 8

-19000
-11800
-11900
-14700
-8000
-11900
-6900
-17100
-6900
-9400
-8300
-1500
-11900
-7000
-14500
-3100
-3300
-3400
1100
-7900
3700
-7700
3600
3800
7700
10600
3400
13700
12400
25700
22600
20900
16300
5700
7700
-9300
-9400
-18800
-21100
-16600
-24100
-10900
-13700
-400
2300
5300
11000
7300
14700
9000
6000
2400
1500
8100
4700
600
-8900
-12500
-11000
-8700
-6400
-14700
-13600
-17100
-13200
-12700
-9200
-6900
-3400
-2500
-5700
-7500
-5600
-6800
-7100
-7600
-17100
-20100
-30400
-35900
-46500
-45900
-62700
-70700
-71400
-70500
-62000
-51900
-42300
-29600
-4700
3700
11900
-500
800
-5900
-10400
-12200
-26600
-23000
-24800
-30500
-28300
-35500
-33400
-35600
-31800
-39900
-36700
-36100
-35900
-34800
-37200
-29800
-33500
-23300
-30800
-30100
-26400
-26000
-19500
-25100
-20500
-22900
-16600
-16100
-21300
-16300

-16200
-10000
-16900
-9300
-14300
-11800
-10600
-13400
-7300
-9800
-4000
-11800
-12500
-9800
-6500
1900
-5600
-5100
-8600
-3100
-900
-1100
5500
1900
6000
2700
6000
11500
18300
26900
15400
18500
10100
13300
7100
-6500
-13800
-24400
-18200
-23200
-17100
-13300
-11600
1000
1100
6100
5200
9700
12300
8500
7100
2100
6500
5100
6200
-3200
-9800
-9800
-9700
-6300
-14700
-11600
-16900
-13200
-11500
-9900
-12000
-7300
-3000
-6600
-7000
-5200
-2400
-5600
-6500
-12400
-18200
-19000
-28000
-35100
-42900
-53800
-61200
-70100
-65500
-69800
-58500
-54300
-46200
-23800
-7800
6700
8100
11200
0
-1700
-9900
-17600
-27400
-22600
-19500
-27200
-27500
-36600
-36300
-32400
-36600
-36100
-36300
-35000
-35400
-36200
-35200
-31500
-30100
-26900
-32200
-28300
-25400
-24000
-21400
-23500
-22000
-17800
-16200
-19200
-19100
-16400

-11700
-13400
-12100
-11900
-13900
-9100
-9300
-11800
-8700
-7200
-7500
-12500
-8700
-6700
-1600
-3000
-6600
-8300
-5600
1600
600
1700
-1000
1900
5200
5300
11100
11700
22000
15800
17400
16400
16000
20000
3700
-6300
-18300
-20000
-20400
-20800
-17400
-17100
-6200
-2200
4400
6000
6700
10100
9300
9900
5400
8500
7000
6700
3900
-8200
-6000
-10300
-4300
-9500
-12600
-14400
-17700
-8500
-12100
-10800
-12900
-4800
-4800
-7900
-2300
-7700
-1000
-5900
-7500
-13100
-17800
-14300
-32000
-31400
-49500
-50200
-60400
-67200
-65200
-72000
-58000
-61400
-37300
-27200
-8900
6000
11100
10900
-3900
-500
-16500
-17600
-19500
-20500
-15000
-32700
-28600
-41600
-30100
-31700
-35100
-34100
-40500
-33700
-38300
-33200
-34800
-29200
-28700
-29700
-28700
-30000
-20700
-24800
-20500
-26600
-20100
-17500
-19900
-14900
-18900
-13600

-13400
-11300
-13500
-15100
-10100
-9800
-7500
-10600
-7900
-9000
-8900
-8100
-10100
-2900
-5200
-4700
-6800
-9200
-1100
-300
2400
-2300
-1900
3200
4500
9700
9800
12800
16500
17200
19800
16500
22600
12100
6000
-8200
-15300
-18800
-22000
-19400
-20100
-11500
-8600
-100
4500
6200
10100
4400
11000
9300
8200
12500
4400
5600
-1600
-3300
-4900
-6100
-4900
-10800
-12600
-16700
-12700
-9400
-11900
-8900
-12000
-6400
-7500
-5200
-3200
-6500
800
-7900
-4400
-13500
-14000
-19800
-28600
-35400
-49200
-47600
-59500
-62900
-68500
-70500
-61000
-57900
-38700
-31700
-6000
6400
16700
8900
-4500
-2000
-19500
-8800
-25000
-16100
-24900
-31400
-26100
-38600
-28300
-35500
-33400
-38800
-38100
-33700
-36900
-30300
-37800
-26900
-34300
-25500
-30500
-26800
-21900
-27500
-18300
-26400
-16700
-21400
-17800
-14200
-21600
-11300

-15700
-11000
-15400
-12000
-9200
-10600
-4300
-13100
-6100
-12300
-6000
-7600
-8900
-2400
-9300
-2400
-8100
-5100
2700
-100
4000
-6700
1600
1400
9400
12700
7800
12000
11500
23200
19400
24100
19800
11200
5600
-8400
-12300
-22600
-20200
-17100
-19000
-10000
-11300
3500
1800
7400
6400
5600
10300
10900
15300
8600
5700
1800
1600
-1000
-4200
-6600
-7400
-12000
-13900
-13300
-11200
-12000
-8900
-11500
-10100
-8200
-4000
-1700
-5600
-3000
-2000
-5700
-7600
-8000
-16800
-18300
-28900
-36100
-45600
-47600
-55900
-65600
-69500
-69400
-62100
-50900
-43100
-27000
-5500
11600
18800
3800
-3600
-7800
-9100
-10500
-19400
-17900
-25900
-24800
-29900
-31800
-30000
-33500
-34600
-40400
-34400
-34900
-32700
-32300
-35900
-28900
-31900
-24500
-30000
-26100
-24900
-25600
-20300
-24300
-18200
-20800
-14300
-18500
-17000
-11700

-16000
-9600
-14900
-9500
-12100
-6000
-8900
-13900
-7000
-10100
-3100
-8500
-7400
-5300
-8100
-1600
-6600
800
-2700
400
-200
-3800
2500
3200
12400
6000
10100
8900
17100
23600
19400
24800
13100
15100
5400
-5000
-12600
-23600
-16500
-19700
-16600
-15000
-7900
1700
5100
7500
4600
9700
11400
16400
10200
6000
4000
3800
4800
-100
-2900
-9100
-9100
-8300
-12300
-9100
-14300
-9300
-11300
-11300
-8500
-7100
-1400
-7400
100
-6000
-1500
-5000
-5000
-9600
-17400
-16400
-31700
-32600
-43900
-47500
-55500
-71000
-66000
-71100
-59000
-54400
-44400
-23900
-5500
16200
9100
5100
-2600
-1400
-6100
-13700
-19400
-25800
-22200
-28700
-28000
-32800
-30900
-31100
-39100
-33000
-36800
-33800
-31800
-33000
-34400
-31200
-27200
-27300
-28000
-28100
-23100
-23000
-21200
-23800
-19100
-18400
-17300
-15500
-15900
-15400

-14400
-10800
-12400
-10600
-8200
-7900
-11400
-10800
-8700
-8200
-4900
-5100
-8700
-9300
-4000
-1400
-3100
-3700
-2800
0
-1000
0
1200
7400
5400
7600
9000
10900
21900
22800
25400
17300
15100
17500
6600
-4500
-16600
-18500
-20400
-18600
-18100
-13400
-6600
-300
3800
5200
5700
10800
12500
15100
6000
6800
5100
6900
6200
-1500
-4200
-10800
-6100
-8800
-9700
-12100
-11600
-9700
-13200
-8100
-11900
-6500
-3300
-3300
-3900
-5300
500
-5600
-5400
-11800
-15900
-17200
-31900
-30400
-46100
-45600
-61000
-67800
-65400
-70000
-57100
-58000
-39500
-27500
400
10100
6300
7700
-3900
3300
-13000
-10800
-24200
-20500
-18400
-32300
-21200
-36900
-29200
-35700
-32200
-35500
-38600
-29700
-35000
-32500
-36400
-28700
-28900
-26800
-26100
-30500
-20300
-24800
-19200
-23500
-19500
-16900
-18300
-12100
-20800
-11900

-13700
-10800
-11300
-10900
-7500
-12900
-6500
-10400
-8100
-5400
-6400
-5100
-13100
-2900
-4900
-500
-3300
-6100
-2000
-2900
3500
400
3300
6100
3200
10400
6400
15700
21200
22400
21000
16100
21600
13700
8700
-7800
-13700
-18400
-20400
-17400
-20700
-10600
-7700
900
5400
3500
11100
9600
12900
10100
7400
8000
6000
9700
3300
-1300
-7100
-7300
-5700
-8300
-9200
-14900
-11400
-11100
-10300
-8100
-11700
-5800
-4300
-5300
-2500
-4500
200
-6300
-5000
-12300
-14600
-19800
-27300
-31500
-47300
-47000
-61000
-63400
-68200
-67100
-59800
-57300
-37300
-26300
-3600
3600
12600
7800
200
3200
-15200
-10600
-26900
-17900
-21800
-27200
-23700
-37700
-29300
-36700
-32600
-36500
-33900
-33400
-35700
-30500
-36600
-25700
-31700
-24700
-29500
-26200
-20900
-25800
-17000
-26000
-17100
-18900
-16000
-15100
-18100
-11000

