Total Power: 2305.453346 Watts
distance  0.05
-100  0
-98  0
-96  0
-94  0
-92  0
-90  0
-88  0
-86  0
-84  0
-82  0
-80  0
-78  0
-76  0
-74  0
-72  0
-70  0
-68  0
-66  0
-64  0
-62  4.06691e-309
-60  8.96671e-281
-58  8.38266e-254
-56  3.32293e-228
-54  5.58592e-204
-52  3.98278e-181
-50  1.20483e-159
-48  1.54702e-139
-46  8.43654e-121
-44  1.95562e-103
-42  1.92902e-087
-40  8.1093e-073
-38  1.45589e-059
-36  1.11952e-047
-34  3.70257e-037
-32  5.29911e-028
-30  3.31295e-020
-28  9.187e-014
-26  1.1612e-008
-24  7.09252e-005
-22  0.0245336
-20  0.719608
-18  3.77484
-16  9.18946
-14  17.5059
-12  28.5187
-10  42.1546
-8  59.6671
-6  83.4308
-4  111.144
-2  136.834
0  140.519
2  136.078
4  119.902
6  86.8371
8  62.0257
10  43.9909
12  30.1476
14  19.5096
16  11.5544
18  5.8229
20  2.33483
22  0.629122
24  0.0376762
26  0.000203312
28  7.17566e-008
30  1.46862e-012
32  1.65106e-018
34  9.91466e-026
36  3.12988e-034
38  5.1434e-044
40  4.37195e-055
42  1.91391e-067
44  4.30205e-081
46  4.9544e-096
48  2.91866e-112
50  8.78501e-130
52  1.34988e-148
54  1.05818e-168
56  4.22995e-190
58  8.61942e-213
60  8.95136e-237
62  4.73706e-262
64  1.27736e-288
66  1.75509e-316
68  0
70  0
72  0
74  0
76  0
78  0
80  0
82  0
84  0
86  0
88  0
90  0
92  0
94  0
96  0
98  0
100  0

distance  0.1
-100  0
-98  0
-96  0
-94  0
-92  0
-90  0
-88  0
-86  0
-84  0
-82  0
-80  0
-78  0
-76  0
-74  0
-72  0
-70  0
-68  0
-66  0
-64  3.95253e-323
-62  1.32071e-294
-60  2.13319e-267
-58  1.61841e-241
-56  5.7678e-217
-54  9.65718e-194
-52  7.59809e-172
-50  2.81007e-151
-48  4.88756e-132
-46  4.00044e-114
-44  1.54222e-097
-42  2.80361e-082
-40  2.40726e-068
-38  9.78415e-056
-36  1.88825e-044
-34  1.73803e-034
-32  7.68009e-026
-30  1.64582e-018
-28  1.73915e-012
-26  9.34259e-008
-24  0.000273341
-22  0.0525408
-20  1.02816
-18  4.40525
-16  10.0725
-14  18.5789
-12  29.6543
-10  43.3067
-8  60.9498
-6  84.7221
-4  109.233
-2  132.611
0  135.452
2  131.661
4  117.948
6  88.4756
8  63.3425
10  45.2131
12  31.3148
14  20.5457
16  12.3875
18  6.49667
20  2.7111
22  0.836127
24  0.0750493
26  0.000729665
28  5.26132e-007
30  2.44948e-011
32  6.92669e-017
34  1.15346e-023
36  1.11153e-031
38  6.13302e-041
40  1.92431e-051
42  3.41752e-063
44  3.42437e-076
46  1.93143e-090
48  6.12172e-106
50  1.08899e-122
52  1.08626e-140
54  6.07151e-160
56  1.90063e-180
58  3.33102e-202
60  3.26757e-225
62  1.79378e-249
64  5.51023e-275
66  9.47152e-302
68  0
70  0
72  0
74  0
76  0
78  0
80  0
82  0
84  0
86  0
88  0
90  0
92  0
94  0
96  0
98  0
100  0

distance  0.3
-100  0
-98  0
-96  0
-94  0
-92  0
-90  0
-88  0
-86  0
-84  0
-82  0
-80  0
-78  0
-76  0
-74  0
-72  0
-70  0
-68  1.05137e-320
-66  5.51789e-294
-64  1.95612e-268
-62  4.68503e-244
-60  7.58115e-221
-58  8.28901e-199
-56  6.12467e-178
-54  3.05899e-158
-52  1.03308e-139
-50  2.36024e-122
-48  3.65015e-106
-46  3.82438e-091
-44  2.71763e-077
-42  1.31174e-064
-40  4.30937e-053
-38  9.66281e-043
-36  1.48467e-033
-34  1.57209e-025
-32  1.1572e-018
-30  6.00404e-013
-28  2.25085e-008
-26  6.43301e-005
-24  0.0160323
-22  0.469683
-20  2.77156
-18  7.1251
-16  13.714
-14  22.8105
-12  34.0026
-10  47.8231
-8  65.8023
-6  87.4781
-4  104.122
-2  117.572
0  118.807
2  116.602
4  108.757
6  93.6149
8  68.4548
10  50.0432
12  35.8101
14  24.6063
16  15.8624
18  9.31908
20  4.59924
22  1.84088
24  0.477677
26  0.0308936
28  0.000250436
30  1.97471e-007
32  1.36902e-011
34  7.95662e-017
36  3.77967e-023
38  1.44597e-030
40  4.414e-039
42  1.06861e-048
44  2.04316e-059
46  3.07604e-071
48  3.6388e-084
50  3.37684e-098
52  2.45547e-113
54  1.3978e-129
56  6.22518e-147
58  2.16787e-165
60  5.90107e-185
62  1.25523e-205
64  2.0861e-227
66  2.70838e-250
68  2.74678e-274
70  2.17607e-299
72  0
74  0
76  0
78  0
80  0
82  0
84  0
86  0
88  0
90  0
92  0
94  0
96  0
98  0
100  0

distance  0.5
-100  0
-98  0
-96  0
-94  0
-92  0
-90  0
-88  0
-86  0
-84  0
-82  0
-80  0
-78  0
-76  0
-74  0
-72  1.47782e-318
-70  1.95062e-293
-68  2.35357e-269
-66  2.59579e-246
-64  2.61703e-224
-62  2.41196e-203
-60  2.03237e-183
-58  1.56596e-164
-56  1.1036e-146
-54  7.1161e-130
-52  4.20023e-114
-50  2.27073e-099
-48  1.12529e-085
-46  5.11711e-073
-44  2.13822e-061
-42  8.22538e-051
-40  2.92037e-041
-38  9.60346e-033
-36  2.93976e-025
-34  8.43976e-019
-32  2.29919e-013
-30  6.06732e-009
-28  1.61905e-005
-26  0.00482773
-24  0.198371
-22  1.63545
-20  4.98627
-18  10.1302
-16  17.4418
-14  26.8342
-12  38.1314
-10  52.2005
-8  70.1852
-6  84.2816
-4  98.8309
-2  105.541
0  106.2
2  104.774
4  99.7718
6  90.3854
8  74.8345
10  54.5847
12  40.1425
14  28.6629
16  19.4645
18  12.2767
20  6.95832
22  3.24246
24  1.23794
26  0.258644
28  0.0126647
30  9.09914e-005
32  8.04183e-008
34  8.1042e-012
36  8.9665e-017
38  1.06651e-022
40  1.34663e-029
42  1.79039e-037
44  2.49288e-046
46  3.62126e-056
48  5.47318e-067
50  8.58959e-079
52  1.39768e-091
54  2.35538e-105
56  4.1073e-120
58  7.40645e-136
60  1.3804e-152
62  2.65815e-170
64  5.28702e-189
66  1.08595e-208
68  2.30314e-229
70  5.04313e-251
72  1.14008e-273
74  2.66086e-297
76  6.42285e-322
78  0
80  0
82  0
84  0
86  0
88  0
90  0
92  0
94  0
96  0
98  0
100  0

distance  1
-100  0
-98  0
-96  0
-94  0
-92  0
-90  0
-88  0
-86  0
-84  0
-82  3.68238e-314
-80  2.60631e-292
-78  2.96889e-271
-76  5.44279e-251
-74  1.60585e-231
-72  7.62525e-213
-70  5.82762e-195
-68  7.16889e-178
-66  1.41968e-161
-64  4.52669e-146
-62  2.32446e-131
-60  1.92284e-117
-58  2.56336e-104
-56  5.5098e-092
-54  1.9107e-080
-52  1.06986e-069
-50  9.68238e-060
-48  1.41821e-050
-46  3.36792e-042
-44  1.29973e-034
-42  8.17693e-028
-40  8.42375e-022
-38  1.43039e-016
-36  4.04629e-012
-34  1.94418e-008
-32  1.64877e-005
-30  0.00265626
-28  0.0921856
-26  0.852117
-24  3.03918
-22  6.59735
-20  11.5442
-18  18.2128
-16  26.3809
-14  36.045
-12  47.8245
-10  59.4241
-8  67.6097
-6  76.8291
-4  82.0976
-2  84.3661
0  84.5678
2  83.9392
4  81.8221
6  77.9089
8  71.9822
10  63.6344
12  51.1811
14  38.2248
16  28.3457
18  20.2497
20  13.6471
22  8.47922
24  4.65214
26  2.13063
28  0.798561
30  0.161865
32  0.0100303
34  0.000141366
36  4.01088e-007
38  2.16411e-010
40  2.15441e-014
42  3.88824e-019
44  1.25831e-024
46  7.24937e-031
48  7.39837e-038
50  1.3328e-045
52  4.22731e-054
54  2.35613e-063
56  2.30426e-073
58  3.9498e-084
60  1.18562e-095
62  6.22792e-108
64  5.72184e-121
66  9.19046e-135
68  2.5799e-149
70  1.26538e-164
72  1.08419e-180
74  1.62253e-197
76  4.24069e-215
78  1.93555e-233
80  1.5427e-252
82  2.14713e-272
84  5.21844e-293
86  2.21483e-314
88  0
90  0
92  0
94  0
96  0
98  0
100  0

distance  2
-100  9.50242e-291
-98  6.39864e-274
-96  1.34436e-257
-94  8.8128e-242
-92  1.80253e-226
-90  1.15033e-211
-88  2.29062e-197
-86  1.42326e-183
-84  2.75957e-170
-82  1.66977e-157
-80  3.15336e-145
-78  1.85884e-133
-76  3.42082e-122
-74  1.96569e-111
-72  3.52774e-101
-70  1.97785e-091
-68  3.46537e-082
-66  1.89821e-073
-64  3.25229e-065
-62  1.74401e-057
-60  2.92922e-050
-58  1.54241e-043
-56  2.54922e-037
-54  1.32444e-031
-52  2.1675e-026
-50  1.12053e-021
-48  1.83774e-017
-46  9.62634e-014
-44  1.62811e-010
-42  9.04475e-008
-40  1.69292e-005
-38  0.00110612
-36  0.0265498
-34  0.254832
-32  1.13703
-30  2.95971
-28  5.64702
-26  9.15835
-24  13.6554
-22  19.1989
-20  25.7123
-18  33.0057
-16  39.4035
-14  44.2686
-12  48.7448
-10  53.4248
-8  56.6731
-6  58.8112
-4  60.1153
-2  60.7194
0  60.7549
2  60.5354
4  59.8798
6  58.6617
8  56.8449
10  54.3873
12  51.2332
14  47.3016
16  42.434
18  36.1001
20  28.1383
22  21.3591
24  15.7799
26  11.0832
28  7.26005
30  4.32446
32  2.25443
34  1.02405
36  0.366559
38  0.0759979
40  0.00696581
42  0.000245343
44  3.10604e-006
46  1.36495e-008
48  2.04044e-011
50  1.02459e-014
52  1.71388e-018
54  9.49574e-023
56  1.7355e-027
58  1.04319e-032
60  2.05766e-038
62  1.32954e-044
64  2.81035e-051
66  1.94128e-058
68  4.37841e-066
70  3.22213e-074
72  7.73257e-083
74  6.04867e-092
76  1.54165e-101
78  1.27988e-111
80  3.46016e-122
82  3.04561e-133
84  8.7263e-145
86  8.13769e-157
88  2.46966e-169
90  2.43894e-182
92  7.83717e-196
94  8.19393e-210
96  2.78729e-224
98  3.08474e-239
100  1.1107e-254

distance  5
-100  7.12712e-059
-98  2.91297e-054
-96  7.58805e-050
-94  1.26027e-045
-92  1.3352e-041
-90  9.02909e-038
-88  3.90027e-034
-86  1.07724e-030
-84  1.9046e-027
-82  2.15858e-024
-80  1.57072e-021
-78  7.35129e-019
-76  2.21713e-016
-74  4.31767e-014
-72  5.4406e-012
-70  4.44591e-010
-68  2.36229e-008
-66  8.18939e-007
-64  1.86132e-005
-62  0.000279373
-60  0.00279969
-58  0.0190458
-56  0.0901425
-54  0.307379
-52  0.790835
-50  1.62193
-48  2.8081
-46  4.31942
-44  6.13529
-42  8.26054
-40  10.7028
-38  13.3578
-36  15.9427
-34  18.2194
-32  20.1674
-30  21.8654
-28  23.4102
-26  24.9301
-24  26.4649
-22  27.8766
-20  29.0684
-18  30.0624
-16  30.8959
-14  31.5902
-12  32.1589
-10  32.6123
-8  32.9586
-6  33.203
-4  33.3498
-2  33.4092
0  33.407
2  33.3648
4  33.2719
6  33.1065
8  32.8578
10  32.5218
12  32.0962
14  31.5782
16  30.9648
18  30.2523
20  29.4368
22  28.5136
24  27.4773
26  26.3214
28  25.0373
30  23.613
32  22.0297
34  20.2528
36  18.2105
38  15.7923
40  13.0163
42  10.2149
44  7.72956
46  5.62505
48  3.88012
50  2.50503
52  1.5028
54  0.836528
56  0.427171
58  0.190554
60  0.0685395
62  0.0184278
64  0.00351322
66  0.000459805
68  4.0512e-005
70  2.37355e-006
72  9.17257e-008
74  2.32491e-009
76  3.84918e-011
78  4.15006e-013
80  2.90704e-015
82  1.32058e-017
84  3.8848e-020
86  7.3919e-023
88  9.08897e-026
90  7.21614e-029
92  3.69694e-032
94  1.22149e-035
96  2.60163e-039
98  3.57055e-043
100  3.15657e-047

distance  8
-100  1.18528e-012
-98  3.36837e-011
-96  7.59896e-010
-94  1.36247e-008
-92  1.94455e-007
-90  2.21381e-006
-88  2.01603e-005
-86  0.00014739
-84  0.0008692
-82  0.0041604
-80  0.0162919
-78  0.0527262
-76  0.142825
-74  0.328878
-72  0.65566
-70  1.15535
-68  1.83909
-66  2.70104
-64  3.72824
-62  4.90394
-60  6.19727
-58  7.54925
-56  8.88071
-54  10.1278
-52  11.2685
-50  12.3128
-48  13.2757
-46  14.1671
-44  14.9988
-42  15.7923
-40  16.5729
-38  17.3474
-36  18.095
-34  18.7857
-32  19.4052
-30  19.9563
-28  20.4478
-26  20.887
-24  21.2787
-22  21.6264
-20  21.9329
-18  22.2004
-16  22.4312
-14  22.6268
-12  22.7887
-10  22.9176
-8  23.0144
-6  23.08
-4  23.1172
-2  23.1311
0  23.128
2  23.1114
4  23.08
6  23.0288
8  22.9536
10  22.8518
12  22.722
14  22.5638
16  22.3765
18  22.1597
20  21.9125
22  21.6345
24  21.3249
26  20.9828
28  20.6073
30  20.1974
32  19.7522
34  19.2704
36  18.7507
38  18.1916
40  17.5912
42  16.9472
44  16.2568
46  15.5162
48  14.7199
50  13.8598
52  12.9224
54  11.8855
56  10.7185
58  9.39858
60  7.94581
62  6.4448
64  5.01425
66  3.74778
68  2.68834
70  1.84426
72  1.2068
74  0.753026
76  0.447438
78  0.250752
80  0.129679
82  0.0600416
84  0.024135
86  0.00821167
88  0.00232125
90  0.000538174
92  0.00010144
94  1.54504e-005
96  1.89335e-006
98  1.86085e-007
100  1.46332e-008

distance  10
-100  0.000523902
-98  0.00209031
-96  0.00721055
-94  0.0216212
-92  0.0567276
-90  0.13126
-88  0.270355
-86  0.501049
-84  0.845672
-82  1.31673
-80  1.91595
-78  2.63654
-76  3.46471
-74  4.37753
-72  5.33962
-70  6.30594
-68  7.23387
-66  8.09754
-64  8.89282
-62  9.62998
-60  10.3218
-58  10.9767
-56  11.5983
-54  12.1905
-52  12.7611
-50  13.3197
-48  13.8717
-46  14.4126
-44  14.9302
-42  15.4126
-40  15.8542
-38  16.256
-36  16.622
-34  16.956
-32  17.261
-30  17.5389
-28  17.7915
-26  18.02
-24  18.2257
-22  18.4095
-20  18.5725
-18  18.7154
-16  18.8389
-14  18.9435
-12  19.0295
-10  19.0972
-8  19.147
-6  19.1802
-4  19.1986
-2  19.205
0  19.2022
2  19.1917
4  19.173
6  19.144
8  19.1025
10  19.0467
12  18.9755
14  18.8885
16  18.7853
18  18.6657
20  18.5295
22  18.3762
24  18.2058
26  18.0178
28  17.8118
30  17.5876
32  17.3448
34  17.0828
36  16.8012
38  16.4995
40  16.1773
42  15.8339
44  15.4686
46  15.0807
48  14.6694
50  14.2335
52  13.772
54  13.2832
56  12.7652
58  12.2155
60  11.6303
62  11.0044
64  10.3297
66  9.5938
68  8.78091
70  7.87667
72  6.88014
74  5.81654
76  4.73931
78  3.71537
80  2.80256
82  2.03514
84  1.4231
86  0.958586
88  0.622315
90  0.389074
92  0.233075
94  0.132266
96  0.0699161
98  0.0337789
100  0.0146548

distance  15
-100  4.44761
-98  4.91308
-96  5.34867
-94  5.75477
-92  6.13488
-90  6.49385
-88  6.83657
-86  7.16705
-84  7.48808
-82  7.80139
-80  8.10804
-78  8.40892
-76  8.70501
-74  8.9972
-72  9.28585
-70  9.57023
-68  9.84839
-66  10.1176
-64  10.3753
-62  10.6194
-60  10.8492
-58  11.0649
-56  11.2671
-54  11.4569
-52  11.6352
-50  11.8028
-48  11.9604
-46  12.1085
-44  12.2474
-42  12.3775
-40  12.4992
-38  12.6128
-36  12.7184
-34  12.8165
-32  12.9071
-30  12.9906
-28  13.067
-26  13.1367
-24  13.1998
-22  13.2562
-20  13.3063
-18  13.3499
-16  13.3872
-14  13.4183
-12  13.4433
-10  13.4624
-8  13.4761
-6  13.485
-4  13.4896
-2  13.4908
0  13.4889
2  13.4844
4  13.4771
6  13.4667
8  13.4527
10  13.4345
12  13.4116
14  13.3837
16  13.3505
18  13.3119
20  13.2678
22  13.2182
24  13.1629
26  13.1019
28  13.0351
30  12.9626
32  12.8841
34  12.7997
36  12.7093
38  12.6127
40  12.51
42  12.4009
44  12.2854
46  12.1635
48  12.035
50  11.8997
52  11.7576
54  11.6086
56  11.4525
58  11.2892
60  11.1186
62  10.9404
64  10.7546
66  10.5608
68  10.359
70  10.1489
72  9.93019
74  9.70258
76  9.46572
78  9.21919
80  8.9625
82  8.69506
84  8.41611
86  8.12474
88  7.81972
90  7.49943
92  7.16165
94  6.8034
96  6.42078
98  6.00923
100  5.56419

distance  20
-100  6.58934
-98  6.76803
-96  6.94537
-94  7.12096
-92  7.29411
-90  7.46393
-88  7.62944
-86  7.78967
-84  7.94389
-82  8.0916
-80  8.23261
-78  8.36696
-76  8.49489
-74  8.61673
-72  8.73284
-70  8.84356
-68  8.94919
-66  9.04999
-64  9.14616
-62  9.2379
-60  9.32535
-58  9.40866
-56  9.48795
-54  9.56332
-52  9.63489
-50  9.70275
-48  9.767
-46  9.82772
-44  9.88501
-42  9.93895
-40  9.9896
-38  10.037
-36  10.0813
-34  10.1226
-32  10.1607
-30  10.1959
-28  10.2281
-26  10.2574
-24  10.2837
-22  10.3072
-20  10.3278
-18  10.3456
-16  10.3605
-14  10.3728
-12  10.3826
-10  10.3899
-8  10.3951
-6  10.3983
-4  10.3999
-2  10.3999
0  10.3987
2  10.3962
4  10.3925
6  10.3874
8  10.3809
10  10.3726
12  10.3624
14  10.3502
16  10.3358
18  10.3191
20  10.3
22  10.2784
24  10.2543
26  10.2277
28  10.1986
30  10.1668
32  10.1325
34  10.0956
36  10.0561
38  10.0139
40  9.96898
42  9.92139
44  9.87107
46  9.818
48  9.76214
50  9.70346
52  9.64194
54  9.57755
56  9.51024
58  9.43998
60  9.36675
62  9.29049
64  9.21117
66  9.12876
68  9.04321
70  8.95447
72  8.86251
74  8.76727
76  8.66872
78  8.56678
80  8.46142
82  8.35256
84  8.24015
86  8.12411
88  8.00436
90  7.88083
92  7.75343
94  7.62206
96  7.48661
98  7.34695
100  7.20294

