-4.500   +89.33     +0.13
-4.400   +89.41     +0.17
-4.300   +89.50     +0.17
-4.200   +89.67     +0.14
-4.100   +89.84     +0.18
-4.000   +90.09     +0.13
-3.900   +90.32     +0.12
-3.800   +90.63     +0.20
-3.700   +90.81     +0.16
-3.600   +91.06     +0.17
-3.500   +91.26     +0.15
-3.400   +91.42     +0.16
-3.300   +91.53     +0.14
-3.200   +91.54     +0.16
-3.100   +91.63     +0.17
-3.000   +91.67     +0.14
-2.900   +91.74     +0.11
-2.800   +91.78     +0.18
-2.700   +91.80     +0.15
-2.600   +91.89     +0.18
-2.500   +92.00     +0.17
-2.400   +92.13     +0.14
-2.300   +92.29     +0.18
-2.200   +92.45     +0.19
-2.100   +92.57     +0.17
-2.000   +92.59     +0.15
-1.900   +92.52     +0.18
-1.800   +92.40     +0.16
-1.700   +92.32     +0.17
-1.600   +92.34     +0.12
-1.500   +92.43     +0.17
-1.400   +92.54     +0.18
-1.300   +92.45     +0.15
-1.200   +92.02     +0.19
-1.100   +91.17     +0.15
-1.000   +90.95     +0.15
-0.900   +91.76     +0.12
-0.800   +91.57     +0.15
-0.700   +91.20     +0.19
-0.600   +91.86     +0.12
-0.500   +90.47     +0.17
-0.400   +91.23     +0.18
-0.300   +90.90     +0.16
-0.200   +91.16     +0.17
-0.100   +91.48     +0.18
+0.000   +91.61     +0.17
+0.100   +90.83     +0.15
+0.200   +90.60     +0.17
+0.300   +90.62     +0.16
+0.400   +89.93     +0.15
+0.500   +90.52     +0.14
+0.600   +89.25     +0.16
+0.700   +90.46     +0.17
+0.800   +89.60     +0.18
+0.900   +90.27     +0.15
+1.000   +89.82     +0.14
+1.100   +89.02     +0.19
+1.200   +88.37     +0.16
+1.300   +88.10     +0.17
+1.400   +87.99     +0.17
+1.500   +87.85     +0.17
+1.600   +87.71     +0.16
+1.700   +87.39     +0.16
+1.800   +86.87     +0.15
+1.900   +86.39     +0.16
+2.000   +85.96     +0.12
+2.100   +85.73     +0.15
+2.200   +85.60     +0.16
+2.300   +85.53     +0.15
+2.400   +85.48     +0.16
+2.500   +85.33     +0.14
+2.600   +85.07     +0.15
+2.700   +84.71     +0.19
+2.800   +84.35     +0.15
+2.900   +83.87     +0.17
+3.000   +83.39     +0.19
+3.100   +82.88     +0.17
+3.200   +82.49     +0.18
+3.300   +82.23     +0.15
+3.400   +82.05     +0.17
+3.500   +81.98     +0.18
