X[mm]	Y[mm]	Z[mm]	Bx[T]	By[T]	Bz[T]
----------------------------------------------------------------------------------------------------------------------------------------------------------------
0	0	-1650	6.69e-06	-0.00016863	-5.032e-05
0	0	-1648	7.31e-06	-0.00017298	-5.131e-05
0	0	-1646	7.4e-06	-0.00017677	-5.246e-05
0	0	-1644	7.56e-06	-0.00018068	-5.318e-05
0	0	-1642	7.64e-06	-0.00018466	-5.392e-05
0	0	-1640	7.93e-06	-0.00018894	-5.53e-05
0	0	-1638	7.93e-06	-0.0001931	-5.627e-05
0	0	-1636	7.93e-06	-0.00019758	-5.743e-05
0	0	-1634	8.27e-06	-0.00020193	-5.817e-05
0	0	-1632	8.21e-06	-0.00020662	-5.954e-05
0	0	-1630	8.23e-06	-0.0002117	-6.071e-05
0	0	-1628	8.44e-06	-0.00021649	-6.169e-05
0	0	-1626	8.48e-06	-0.00022163	-6.308e-05
0	0	-1624	8.62e-06	-0.00022656	-6.391e-05
0	0	-1622	8.21e-06	-0.00023161	-6.465e-05
0	0	-1620	8.64e-06	-0.00023704	-6.592e-05
0	0	-1618	9.05e-06	-0.00024307	-6.725e-05
0	0	-1616	9.28e-06	-0.00024854	-6.866e-05
0	0	-1614	9.23e-06	-0.00025421	-7.043e-05
0	0	-1612	9.5e-06	-0.00026032	-7.131e-05
0	0	-1610	9.81e-06	-0.00026658	-7.295e-05
0	0	-1608	1.004e-05	-0.00027279	-7.422e-05
0	0	-1606	1.027e-05	-0.00027927	-7.569e-05
0	0	-1604	1.066e-05	-0.00028617	-7.703e-05
0	0	-1602	1.061e-05	-0.00029316	-7.838e-05
0	0	-1600	1.022e-05	-0.00030042	-7.952e-05
0	0	-1598	1.049e-05	-0.00030806	-8.094e-05
0	0	-1596	1.098e-05	-0.00031605	-8.289e-05
0	0	-1594	1.146e-05	-0.00032382	-8.461e-05
0	0	-1592	1.162e-05	-0.0003313	-8.614e-05
0	0	-1590	1.172e-05	-0.0003392	-8.791e-05
0	0	-1588	1.228e-05	-0.00034789	-8.982e-05
0	0	-1586	1.218e-05	-0.00035681	-9.081e-05
0	0	-1584	1.255e-05	-0.00036629	-9.24e-05
0	0	-1582	1.307e-05	-0.00037596	-9.472e-05
0	0	-1580	1.294e-05	-0.00038555	-9.692e-05
0	0	-1578	1.334e-05	-0.00039525	-9.822e-05
0	0	-1576	1.344e-05	-0.00040543	-0.00010005
0	0	-1574	1.327e-05	-0.0004163	-0.00010145
0	0	-1572	1.362e-05	-0.00042734	-0.00010409
0	0	-1570	1.391e-05	-0.00043884	-0.00010585
0	0	-1568	1.414e-05	-0.00045037	-0.00010784
0	0	-1566	1.466e-05	-0.00046171	-0.00011022
0	0	-1564	1.498e-05	-0.00047429	-0.00011239
0	0	-1562	1.49e-05	-0.00048715	-0.00011391
0	0	-1560	1.507e-05	-0.00050041	-0.00011613
0	0	-1558	1.56e-05	-0.00051354	-0.00011858
0	0	-1556	1.572e-05	-0.00052771	-0.00012108
0	0	-1554	1.619e-05	-0.00054212	-0.00012374
0	0	-1552	1.622e-05	-0.00055725	-0.00012609
0	0	-1550	1.64e-05	-0.00057296	-0.00012874
0	0	-1548	1.715e-05	-0.00058871	-0.00013137
0	0	-1546	1.719e-05	-0.00060512	-0.0001339
0	0	-1544	1.744e-05	-0.00062222	-0.00013623
0	0	-1542	1.814e-05	-0.00063981	-0.0001387
0	0	-1540	1.822e-05	-0.00065799	-0.00014141
0	0	-1538	1.848e-05	-0.00067684	-0.00014428
0	0	-1536	1.871e-05	-0.00069611	-0.00014721
0	0	-1534	1.889e-05	-0.00071704	-0.00015035
0	0	-1532	1.919e-05	-0.00073782	-0.00015306
0	0	-1530	1.94e-05	-0.00075928	-0.00015595
0	0	-1528	2.008e-05	-0.00078213	-0.00015896
0	0	-1526	2.03e-05	-0.00080555	-0.00016197
0	0	-1524	2.103e-05	-0.00082951	-0.00016537
0	0	-1522	2.145e-05	-0.000855	-0.00016854
0	0	-1520	2.135e-05	-0.00088097	-0.00017205
0	0	-1518	2.122e-05	-0.0009081	-0.00017473
0	0	-1516	2.141e-05	-0.00093596	-0.00017826
0	0	-1514	2.211e-05	-0.00096514	-0.00018179
0	0	-1512	2.302e-05	-0.00099557	-0.00018506
0	0	-1510	2.321e-05	-0.00102725	-0.000189
0	0	-1508	2.311e-05	-0.00106053	-0.00019236
0	0	-1506	2.334e-05	-0.00109487	-0.00019589
0	0	-1504	2.327e-05	-0.00113044	-0.00019928
0	0	-1502	2.321e-05	-0.00116752	-0.00020317
0	0	-1500	2.39e-05	-0.0012064	-0.00020674
0	0	-1498	2.374e-05	-0.00124695	-0.00021061
0	0	-1496	2.412e-05	-0.00128946	-0.000215
0	0	-1494	2.403e-05	-0.00133352	-0.00021904
0	0	-1492	2.406e-05	-0.00137987	-0.00022269
0	0	-1490	2.444e-05	-0.00142803	-0.00022622
0	0	-1488	2.463e-05	-0.00147855	-0.00022983
0	0	-1486	2.454e-05	-0.00153181	-0.00023376
0	0	-1484	2.428e-05	-0.00158809	-0.00023803
0	0	-1482	2.405e-05	-0.00164671	-0.00024207
0	0	-1480	2.417e-05	-0.00170845	-0.00024645
0	0	-1478	2.409e-05	-0.00177358	-0.00025085
0	0	-1476	2.383e-05	-0.00184214	-0.00025403
0	0	-1474	2.394e-05	-0.00191447	-0.00025771
0	0	-1472	2.381e-05	-0.00199125	-0.00026165
0	0	-1470	2.391e-05	-0.00207257	-0.00026561
0	0	-1468	2.33e-05	-0.00215913	-0.0002691
0	0	-1466	2.28e-05	-0.00225054	-0.0002729
0	0	-1464	2.273e-05	-0.00234824	-0.0002768
0	0	-1462	2.212e-05	-0.0024529	-0.00028016
0	0	-1460	2.173e-05	-0.00256465	-0.00028347
0	0	-1458	2.106e-05	-0.00268403	-0.00028705
0	0	-1456	2.055e-05	-0.00281278	-0.00028993
0	0	-1454	1.998e-05	-0.00295177	-0.00029247
0	0	-1452	1.906e-05	-0.00310167	-0.00029481
0	0	-1450	1.811e-05	-0.00326473	-0.00029702
0	0	-1448	1.731e-05	-0.00344144	-0.00029926
0	0	-1446	1.599e-05	-0.00363464	-0.00030097
0	0	-1444	1.519e-05	-0.00384686	-0.00030225
0	0	-1442	1.405e-05	-0.00408023	-0.00030369
0	0	-1440	1.225e-05	-0.00433867	-0.00030431
0	0	-1438	1.061e-05	-0.00462506	-0.00030388
0	0	-1436	8.79e-06	-0.00494435	-0.00030334
0	0	-1434	7.05e-06	-0.00530316	-0.00030203
0	0	-1432	4.9e-06	-0.00570691	-0.0002999
0	0	-1430	2.7e-06	-0.00616362	-0.00029796
0	0	-1428	3e-08	-0.00668313	-0.00029477
0	0	-1426	-2.72e-06	-0.00727557	-0.0002902
0	0	-1424	-5.57e-06	-0.00795162	-0.00028513
0	0	-1422	-8.87e-06	-0.00872119	-0.00027912
0	0	-1420	-1.298e-05	-0.00959156	-0.00027202
0	0	-1418	-1.766e-05	-0.0105611	-0.0002644
0	0	-1416	-2.245e-05	-0.011615	-0.00025524
0	0	-1414	-2.738e-05	-0.0127173	-0.00024442
0	0	-1412	-3.256e-05	-0.013811	-0.00023
0	0	-1410	-3.713e-05	-0.0148265	-0.00021209
0	0	-1408	-4.18e-05	-0.0157004	-0.00019018
0	0	-1406	-4.583e-05	-0.0163974	-0.00016639
0	0	-1404	-4.933e-05	-0.0169156	-0.00014328
0	0	-1402	-5.233e-05	-0.0172797	-0.00012397
0	0	-1400	-5.48e-05	-0.0175256	-0.00011153
0	0	-1398	-5.659e-05	-0.0176874	-0.00010744
0	0	-1396	-5.845e-05	-0.017793	-0.00011355
0	0	-1394	-6.029e-05	-0.0178614	-0.00013096
0	0	-1392	-6.192e-05	-0.0179066	-0.00016081
0	0	-1390	-6.401e-05	-0.0179374	-0.00020606
0	0	-1388	-6.6e-05	-0.0179586	-0.00026913
0	0	-1386	-6.836e-05	-0.017974	-0.00035442
0	0	-1384	-7.099e-05	-0.0179861	-0.00046811
0	0	-1382	-7.415e-05	-0.0179962	-0.00061631
0	0	-1380	-7.877e-05	-0.0180059	-0.00081036
0	0	-1378	-8.364e-05	-0.0180152	-0.0010606
0	0	-1376	-8.992e-05	-0.0180259	-0.0013819
0	0	-1374	-9.821e-05	-0.0180403	-0.00179466
0	0	-1372	-0.00010813	-0.0180602	-0.0023183
0	0	-1370	-0.00012036	-0.0180896	-0.00297496
0	0	-1368	-0.00013576	-0.0181373	-0.00378431
0	0	-1366	-0.00015437	-0.018216	-0.00475597
0	0	-1364	-0.00017674	-0.0183471	-0.0058841
0	0	-1362	-0.00020393	-0.0185657	-0.00713455
0	0	-1360	-0.00023477	-0.0189172	-0.00845071
0	0	-1358	-0.00026979	-0.0194577	-0.00976534
0	0	-1356	-0.00030855	-0.0202391	-0.0110229
0	0	-1354	-0.00035112	-0.0213008	-0.0121945
0	0	-1352	-0.00039769	-0.0226655	-0.0132805
0	0	-1350	-0.00044799	-0.0243402	-0.0142988
0	0	-1348	-0.00050158	-0.0263286	-0.0152779
0	0	-1346	-0.00055941	-0.0286343	-0.0162432
0	0	-1344	-0.00062135	-0.0312665	-0.0172155
0	0	-1342	-0.00068852	-0.0342453	-0.0182091
0	0	-1340	-0.00076055	-0.0376004	-0.0192315
0	0	-1338	-0.00083836	-0.0413739	-0.0202828
0	0	-1336	-0.00092346	-0.045623	-0.0213514
0	0	-1334	-0.00101519	-0.0504179	-0.0224158
0	0	-1332	-0.0011151	-0.0558452	-0.0234417
0	0	-1330	-0.00122498	-0.0620096	-0.024374
0	0	-1328	-0.00134557	-0.0690343	-0.0251352
0	0	-1326	-0.00147918	-0.077057	-0.025614
0	0	-1324	-0.00162635	-0.0862264	-0.0256585
0	0	-1322	-0.00178961	-0.0966948	-0.0250698
0	0	-1320	-0.00197118	-0.108597	-0.0235946
0	0	-1318	-0.00217391	-0.12202	-0.0209283
0	0	-1316	-0.0024006	-0.136969	-0.016749
0	0	-1314	-0.00265591	-0.153351	-0.0107722
0	0	-1312	-0.00294503	-0.170966	-0.00284691
0	0	-1310	-0.00327496	-0.189575	0.00694427
0	0	-1308	-0.0036539	-0.209052	0.0182413
0	0	-1306	-0.0040883	-0.229512	0.0304518
0	0	-1304	-0.00457995	-0.251363	0.0428736
0	0	-1302	-0.00512211	-0.275258	0.0548264
0	0	-1300	-0.005695	-0.302018	0.065714
0	0	-1298	-0.00626103	-0.332502	0.0750412
0	0	-1296	-0.00676318	-0.367514	0.0823976
0	0	-1294	-0.00712934	-0.407737	0.0874429
0	0	-1292	-0.0072827	-0.453661	0.0898988
0	0	-1290	-0.00716657	-0.505459	0.0895242
0	0	-1288	-0.00676932	-0.562742	0.0861298
0	0	-1286	-0.00613911	-0.624141	0.0795929
0	0	-1284	-0.00537121	-0.686926	0.0699619
0	0	-1282	-0.00457815	-0.7469	0.0576439
0	0	-1280	-0.00384656	-0.798993	0.0435068
0	0	-1278	-0.00322009	-0.838461	0.0286964
0	0	-1276	-0.00270515	-0.861822	0.0141935
0	0	-1274	-0.00228351	-0.866906	0.00056116
0	0	-1272	-0.00192664	-0.852329	-0.0119515
0	0	-1270	-0.00160118	-0.817224	-0.0230761
0	0	-1268	-0.00127366	-0.761649	-0.0323532
0	0	-1266	-0.00092073	-0.687273	-0.0393029
0	0	-1264	-0.00053048	-0.597488	-0.0437422
0	0	-1262	-0.00010353	-0.496713	-0.0459222
0	0	-1260	0.00034927	-0.389299	-0.0464256
0	0	-1258	0.00081967	-0.278614	-0.0459118
0	0	-1256	0.0013019	-0.166729	-0.0449207
0	0	-1254	0.00179375	-0.0546403	-0.0438099
0	0	-1252	0.00229246	0.0572612	-0.0427362
0	0	-1250	0.00279498	0.168795	-0.0417372
0	0	-1248	0.00329422	0.279862	-0.0409083
0	0	-1246	0.00378243	0.390738	-0.0404004
0	0	-1244	0.00425565	0.502372	-0.04032
0	0	-1242	0.00471315	0.616248	-0.0405683
0	0	-1240	0.00515419	0.733624	-0.0408833
0	0	-1238	0.00557539	0.854824	-0.0409252
0	0	-1236	0.0059707	0.978875	-0.0403265
0	0	-1234	0.00632914	1.10357	-0.0388457
0	0	-1232	0.00663866	1.22589	-0.0364182
0	0	-1230	0.00688892	1.34261	-0.033133
0	0	-1228	0.00707498	1.45056	-0.0291047
0	0	-1226	0.00719425	1.54661	-0.0244209
0	0	-1224	0.00724911	1.62776	-0.0192814
0	0	-1222	0.00724782	1.69175	-0.0140351
0	0	-1220	0.00720021	1.73785	-0.00902767
0	0	-1218	0.00712019	1.76672	-0.00438081
0	0	-1216	0.0070192	1.77965	6.062e-05
0	0	-1214	0.00690544	1.77747	0.0046234
0	0	-1212	0.00678403	1.76008	0.00961582
0	0	-1210	0.00665779	1.72653	0.015152
0	0	-1208	0.0065294	1.67571	0.0210448
0	0	-1206	0.00639934	1.60733	0.0268205
0	0	-1204	0.0062624	1.52267	0.0318864
0	0	-1202	0.00610328	1.42459	0.0357471
0	0	-1200	0.00590243	1.31692	0.0381641
0	0	-1198	0.00564169	1.20374	0.0391415
0	0	-1196	0.00531205	1.08886	0.0388485
0	0	-1194	0.00491193	0.975405	0.0375723
0	0	-1192	0.00445022	0.865678	0.0356403
0	0	-1190	0.00393718	0.761047	0.033363
0	0	-1188	0.00338735	0.662085	0.030981
0	0	-1186	0.00281292	0.56875	0.0286418
0	0	-1184	0.00222339	0.480608	0.026442
0	0	-1182	0.00162984	0.397039	0.0244377
0	0	-1180	0.00103588	0.317347	0.0226672
0	0	-1178	0.00044653	0.240803	0.0211364
0	0	-1176	-0.00013687	0.166694	0.0198391
0	0	-1174	-0.00071311	0.0943359	0.0187638
0	0	-1172	-0.00128194	0.0230748	0.0179029
0	0	-1170	-0.00184317	-0.0477161	0.0172439
0	0	-1168	-0.00239548	-0.118664	0.0167568
0	0	-1166	-0.00293721	-0.190403	0.0164233
0	0	-1164	-0.00346436	-0.263595	0.016228
0	0	-1162	-0.00397286	-0.338922	0.0161619
0	0	-1160	-0.00445751	-0.417099	0.0162184
0	0	-1158	-0.00491518	-0.498862	0.0163967
0	0	-1156	-0.0053433	-0.584945	0.0167069
0	0	-1154	-0.00574305	-0.676004	0.0171488
0	0	-1152	-0.00611582	-0.772609	0.0176765
0	0	-1150	-0.00646109	-0.875059	0.018204
0	0	-1148	-0.00677445	-0.983176	0.0186185
0	0	-1146	-0.00704798	-1.09613	0.018757
0	0	-1144	-0.0072709	-1.21222	0.0184267
0	0	-1142	-0.00743426	-1.32882	0.0174781
0	0	-1140	-0.00753426	-1.44246	0.0158223
0	0	-1138	-0.00757191	-1.54914	0.013458
0	0	-1136	-0.0075569	-1.64476	0.0105082
0	0	-1134	-0.00750443	-1.72578	0.0072395
0	0	-1132	-0.00742838	-1.78987	0.00401134
0	0	-1130	-0.00733811	-1.8363	0.00109712
0	0	-1128	-0.00723463	-1.86565	-0.00145534
0	0	-1126	-0.00712008	-1.87894	-0.00380666
0	0	-1124	-0.00699242	-1.87681	-0.00622425
0	0	-1122	-0.00684439	-1.8591	-0.00893583
0	0	-1120	-0.00666611	-1.82489	-0.0119805
0	0	-1118	-0.00644452	-1.77318	-0.0151491
0	0	-1116	-0.00616795	-1.70377	-0.0180481
0	0	-1114	-0.00582966	-1.61796	-0.0202678
0	0	-1112	-0.00542805	-1.51858	-0.021584
0	0	-1110	-0.00497072	-1.4094	-0.0220067
0	0	-1108	-0.00446915	-1.29442	-0.0216976
0	0	-1106	-0.00393706	-1.17739	-0.0208708
0	0	-1104	-0.00339073	-1.06149	-0.0197554
0	0	-1102	-0.00284427	-0.949029	-0.0185802
0	0	-1100	-0.00230816	-0.841477	-0.0175247
0	0	-1098	-0.00178821	-0.739467	-0.016701
0	0	-1096	-0.00128613	-0.64302	-0.0161526
0	0	-1094	-0.0007987	-0.55176	-0.0158609
0	0	-1092	-0.00032137	-0.465117	-0.0157972
0	0	-1090	0.00014993	-0.382436	-0.0159104
0	0	-1088	0.00061809	-0.303024	-0.0161656
0	0	-1086	0.00108316	-0.226186	-0.0165539
0	0	-1084	0.00154417	-0.15126	-0.0170823
0	0	-1082	0.0019973	-0.0775845	-0.0177753
0	0	-1080	0.00244089	-0.00449141	-0.0186436
0	0	-1078	0.00287169	0.068684	-0.0197011
0	0	-1076	0.00328737	0.142599	-0.0209505
0	0	-1074	0.00368606	0.217914	-0.0223745
0	0	-1072	0.00406542	0.295307	-0.0239549
0	0	-1070	0.00442331	0.375482	-0.0256845
0	0	-1068	0.00475908	0.459152	-0.0275726
0	0	-1066	0.0050733	0.54702	-0.0296108
0	0	-1064	0.00536959	0.639782	-0.0317547
0	0	-1062	0.00565058	0.738034	-0.0339281
0	0	-1060	0.00591804	0.842107	-0.0360014
0	0	-1058	0.00616656	0.95188	-0.0377721
0	0	-1056	0.00638974	1.06655	-0.0389482
0	0	-1054	0.00657692	1.18443	-0.0392301
0	0	-1052	0.00671582	1.30284	-0.0383784
0	0	-1050	0.00679601	1.41826	-0.0362153
0	0	-1048	0.00681422	1.5266	-0.0327378
0	0	-1046	0.00677189	1.62367	-0.0281185
0	0	-1044	0.00667479	1.70589	-0.0227506
0	0	-1042	0.00653511	1.77095	-0.0171254
0	0	-1040	0.00636312	1.81814	-0.0116401
0	0	-1038	0.00616836	1.84813	-0.00647239
0	0	-1036	0.00595323	1.86203	-0.00155067
0	0	-1034	0.00571908	1.8606	0.00334528
0	0	-1032	0.0054634	1.84376	0.00843048
0	0	-1030	0.00518288	1.81064	0.0137587
0	0	-1028	0.0048765	1.76023	0.0191383
0	0	-1026	0.00454197	1.69221	0.0241584
0	0	-1024	0.00418242	1.60773	0.0283622
0	0	-1022	0.00380101	1.50946	0.0314183
0	0	-1020	0.0034024	1.40106	0.0332181
0	0	-1018	0.00299418	1.28655	0.0338647
0	0	-1016	0.00258448	1.16972	0.0335277
0	0	-1014	0.0021831	1.0538	0.0324623
0	0	-1012	0.00179392	0.941174	0.0309585
0	0	-1010	0.00141701	0.833356	0.0292977
0	0	-1008	0.00104795	0.731028	0.0276715
0	0	-1006	0.00068151	0.634244	0.026162
0	0	-1004	0.00031414	0.542653	0.0248319
0	0	-1002	-5.883e-05	0.455694	0.0237057
0	0	-1000	-0.00043874	0.372706	0.0227821
0	0	-998	-0.00082307	0.292987	0.0220429
0	0	-996	-0.00120889	0.215841	0.0214754
0	0	-994	-0.0015931	0.140596	0.0210977
0	0	-992	-0.00197414	0.0665842	0.0209024
0	0	-990	-0.0023529	-0.00685211	0.020875
0	0	-988	-0.00273208	-0.0803438	0.0210042
0	0	-986	-0.0031158	-0.154545	0.0212858
0	0	-984	-0.00350674	-0.230116	0.0217234
0	0	-982	-0.0039018	-0.307743	0.0223074
0	0	-980	-0.00429635	-0.388136	0.0230341
0	0	-978	-0.00468014	-0.47202	0.0239181
0	0	-976	-0.00504256	-0.560123	0.024957
0	0	-974	-0.0053759	-0.653149	0.0261237
0	0	-972	-0.00567423	-0.751679	0.0273564
0	0	-970	-0.0059372	-0.856048	0.0285569
0	0	-968	-0.00616806	-0.966131	0.0295856
0	0	-966	-0.0063677	-1.08113	0.0302295
0	0	-964	-0.00653691	-1.19936	0.0302398
0	0	-962	-0.00667429	-1.31809	0.0294171
0	0	-960	-0.00677541	-1.43379	0.0276426
0	0	-958	-0.0068402	-1.54233	0.0248838
0	0	-956	-0.00687079	-1.63955	0.0212305
0	0	-954	-0.00686972	-1.72185	0.0169771
0	0	-952	-0.00683806	-1.78695	0.0125156
0	0	-950	-0.00677614	-1.83418	0.00818749
0	0	-948	-0.00668411	-1.86414	0.00412119
0	0	-946	-0.00656275	-1.87789	0.0002256
0	0	-944	-0.00641001	-1.8761	-0.0037254
0	0	-942	-0.00622106	-1.85858	-0.00795772
0	0	-940	-0.00598917	-1.82435	-0.0125442
0	0	-938	-0.0057005	-1.7723	-0.0173064
0	0	-936	-0.00534296	-1.70206	-0.0218547
0	0	-934	-0.0049064	-1.61484	-0.0257322
0	0	-932	-0.0043938	-1.51347	-0.0285908
0	0	-930	-0.00382049	-1.4019	-0.0303133
0	0	-928	-0.00320721	-1.28436	-0.0309786
0	0	-926	-0.00257823	-1.16475	-0.0307668
0	0	-924	-0.00195707	-1.0463	-0.0298876
0	0	-922	-0.0013617	-0.93141	-0.0285678
0	0	-920	-0.00080443	-0.821588	-0.0270267
0	0	-918	-0.00029207	-0.717602	-0.0254114
0	0	-916	0.00016989	-0.619705	-0.0238099
0	0	-914	0.0005783	-0.527831	-0.0222962
0	0	-912	0.00093087	-0.441607	-0.0209715
0	0	-910	0.0012299	-0.360333	-0.0199367
0	0	-908	0.00148455	-0.28303	-0.0192227
0	0	-906	0.00170753	-0.208647	-0.0187821
0	0	-904	0.0019133	-0.13623	-0.0185498
0	0	-902	0.00211619	-0.064987	-0.018455
0	0	-900	0.00233142	0.00576571	-0.0184438
0	0	-898	0.00256957	0.0766323	-0.018498
0	0	-896	0.00284343	0.148201	-0.0186583
0	0	-894	0.00316443	0.221153	-0.0189928
0	0	-892	0.00354242	0.296315	-0.0195698
0	0	-890	0.00398308	0.37465	-0.0204297
0	0	-888	0.00448742	0.457189	-0.0215546
0	0	-886	0.00504868	0.54485	-0.0228813
0	0	-884	0.00565088	0.638277	-0.0243078
0	0	-882	0.00627009	0.737783	-0.0257475
0	0	-880	0.00687899	0.843363	-0.027102
0	0	-878	0.00744667	0.954642	-0.0282428
0	0	-876	0.0079477	1.07071	-0.0289901
0	0	-874	0.00836337	1.18986	-0.0290971
0	0	-872	0.00868051	1.30946	-0.0283349
0	0	-870	0.00889622	1.42606	-0.0265572
0	0	-868	0.00901321	1.53559	-0.0237189
0	0	-866	0.00904313	1.63378	-0.0199507
0	0	-864	0.00900085	1.71686	-0.0155778
0	0	-862	0.00890496	1.78239	-0.0110577
0	0	-860	0.00877066	1.82972	-0.00677301
0	0	-858	0.0086097	1.85952	-0.00286108
0	0	-856	0.00842677	1.87301	0.00078861
0	0	-854	0.00821891	1.871	0.00442159
0	0	-852	0.00798153	1.85347	0.00825856
0	0	-850	0.00771045	1.81959	0.0123572
0	0	-848	0.00740265	1.76836	0.01654
0	0	-846	0.00705819	1.69952	0.0204336
0	0	-844	0.00667644	1.6142	0.0236342
0	0	-842	0.0062522	1.51506	0.025876
0	0	-840	0.00578054	1.40581	0.0270853
0	0	-838	0.00526222	1.2905	0.0273498
0	0	-836	0.00470254	1.17294	0.0268488
0	0	-834	0.00411366	1.05636	0.0257947
0	0	-832	0.00350864	0.943186	0.0244247
0	0	-830	0.00290025	0.834909	0.0229323
0	0	-828	0.0023007	0.73221	0.0214891
0	0	-826	0.00171803	0.635138	0.020197
0	0	-824	0.00115844	0.543347	0.0190954
0	0	-822	0.00062527	0.45626	0.0182027
0	0	-820	0.00011891	0.373196	0.0175176
0	0	-818	-0.00036654	0.293443	0.0170361
0	0	-816	-0.00083687	0.216297	0.0167391
0	0	-814	-0.00129954	0.141092	0.0166103
0	0	-812	-0.00176039	0.067164	0.0166537
0	0	-810	-0.00222521	-0.00615725	0.0168564
0	0	-808	-0.00269455	-0.0795133	0.0172202
0	0	-806	-0.00316776	-0.153538	0.0177467
0	0	-804	-0.00364084	-0.228898	0.0184369
0	0	-802	-0.00410749	-0.306295	0.0192982
0	0	-800	-0.0045559	-0.386425	0.0203252
0	0	-798	-0.00497387	-0.470001	0.0215132
0	0	-796	-0.00534957	-0.557765	0.0228457
0	0	-794	-0.00567211	-0.650427	0.0242827
0	0	-792	-0.00593008	-0.748554	0.0257595
0	0	-790	-0.00611623	-0.852438	0.0271619
0	0	-788	-0.00622589	-0.961951	0.0283231
0	0	-786	-0.00625661	-1.07629	0.0290271
0	0	-784	-0.00620944	-1.19374	0.0290519
0	0	-782	-0.00609093	-1.31163	0.0282013
0	0	-780	-0.00591325	-1.42647	0.02633
0	0	-778	-0.00569611	-1.53419	0.0234395
0	0	-776	-0.00546535	-1.63064	0.0196801
0	0	-774	-0.00524752	-1.71224	0.0153711
0	0	-772	-0.00506228	-1.77672	0.0109138
0	0	-770	-0.00492502	-1.8234	0.00663296
0	0	-768	-0.00484128	-1.85293	0.0026383
0	0	-766	-0.0048147	-1.86638	-0.00119046
0	0	-764	-0.00484744	-1.86447	-0.00508832
0	0	-762	-0.00493822	-1.84704	-0.00926047
0	0	-760	-0.00507898	-1.81323	-0.0137265
0	0	-758	-0.00525691	-1.76199	-0.0182575
0	0	-756	-0.00545192	-1.69307	-0.0224164
0	0	-754	-0.00563876	-1.60765	-0.0257567
0	0	-752	-0.00579262	-1.50847	-0.0280086
0	0	-750	-0.00589548	-1.39926	-0.0291343
0	0	-748	-0.00593505	-1.28409	-0.0292582
0	0	-746	-0.00590623	-1.16676	-0.0285682
0	0	-744	-0.00581222	-1.05046	-0.0273142
0	0	-742	-0.00565589	-0.937612	-0.0257483
0	0	-740	-0.00544111	-0.829712	-0.024096
0	0	-738	-0.00516931	-0.727394	-0.0225119
0	0	-736	-0.00484393	-0.630706	-0.0210938
0	0	-734	-0.00446888	-0.539308	-0.0198907
0	0	-732	-0.00405055	-0.452621	-0.0189089
0	0	-730	-0.0035974	-0.36994	-0.0181483
0	0	-728	-0.00312055	-0.290541	-0.0176048
0	0	-726	-0.00263133	-0.213713	-0.017268
0	0	-724	-0.00214181	-0.138761	-0.0171299
0	0	-722	-0.00165784	-0.064998	-0.0171816
0	0	-720	-0.0011834	0.00823701	-0.0174205
0	0	-718	-0.00071683	0.08157	-0.0178373
0	0	-716	-0.00025503	0.155641	-0.0184222
0	0	-714	0.00020765	0.231112	-0.0191738
0	0	-712	0.00067973	0.308668	-0.0200805
0	0	-710	0.00116997	0.388993	-0.021144
0	0	-708	0.00168715	0.472798	-0.0223522
0	0	-706	0.00223959	0.560816	-0.0236787
0	0	-704	0.00282952	0.653725	-0.0250896
0	0	-702	0.00345554	0.752076	-0.0265002
0	0	-700	0.00410958	0.856188	-0.0277913
0	0	-698	0.00477716	0.965915	-0.0287936
0	0	-696	0.00543744	1.08043	-0.0292948
0	0	-694	0.00606247	1.19803	-0.0290806
0	0	-692	0.00662476	1.31605	-0.0279746
0	0	-690	0.00709564	1.431	-0.0258935
0	0	-688	0.00745618	1.53886	-0.0228623
0	0	-686	0.00770357	1.6355	-0.0190488
0	0	-684	0.00784764	1.71735	-0.0147849
0	0	-682	0.00790782	1.78214	-0.0104602
0	0	-680	0.00790321	1.82916	-0.00637804
0	0	-678	0.00784672	1.85902	-0.0026297
0	0	-676	0.00774947	1.87279	0.00091222
0	0	-674	0.00761788	1.87119	0.00448774
0	0	-672	0.00745609	1.8541	0.00830124
0	0	-670	0.00727042	1.82067	0.012393
0	0	-668	0.00706486	1.7699	0.0165745
0	0	-666	0.00684232	1.7015	0.0204715
0	0	-664	0.00659979	1.6166	0.02369
0	0	-662	0.00632849	1.51787	0.0259907
0	0	-660	0.00601545	1.40899	0.0273364
0	0	-658	0.00565054	1.294	0.0278117
0	0	-656	0.00523437	1.17667	0.0275746
0	0	-654	0.00477415	1.06026	0.0268154
0	0	-652	0.0042811	0.947236	0.0257704
0	0	-650	0.00376744	0.83911	0.0246355
0	0	-648	0.00324359	0.736544	0.0235364
0	0	-646	0.00271872	0.63961	0.0225718
0	0	-644	0.00219763	0.54797	0.0217871
0	0	-642	0.00168349	0.461038	0.0211821
0	0	-640	0.00117734	0.378121	0.0207434
0	0	-638	0.00068128	0.298521	0.0204615
0	0	-636	0.00019555	0.221546	0.020335
0	0	-634	-0.00027912	0.146494	0.0203497
0	0	-632	-0.0007418	0.0726867	0.0204937
0	0	-630	-0.00119226	-0.00053267	0.0207627
0	0	-628	-0.0016274	-0.0738047	0.0211489
0	0	-626	-0.00204415	-0.14778	0.0216591
0	0	-624	-0.00244155	-0.223124	0.0223017
0	0	-622	-0.00281831	-0.300528	0.0230907
0	0	-620	-0.00317706	-0.380707	0.0240312
0	0	-618	-0.00352256	-0.464403	0.025116
0	0	-616	-0.00386094	-0.552375	0.0263092
0	0	-614	-0.00419603	-0.645344	0.0275448
0	0	-612	-0.00453173	-0.743903	0.0287349
0	0	-610	-0.00486754	-0.848404	0.0297424
0	0	-608	-0.00519971	-0.958731	0.0303799
0	0	-606	-0.0055198	-1.07409	0.0304427
0	0	-604	-0.00581802	-1.19275	0.02971
0	0	-602	-0.00608429	-1.31198	0.0280496
0	0	-600	-0.00630898	-1.4282	0.0254089
0	0	-598	-0.0064894	-1.53733	0.0218858
0	0	-596	-0.00662919	-1.63513	0.0177237
0	0	-594	-0.00673518	-1.71803	0.0132787
0	0	-592	-0.00681454	-1.78372	0.00894827
0	0	-590	-0.00687227	-1.83151	0.00499726
0	0	-588	-0.00691219	-1.86199	0.00147217
0	0	-586	-0.00693683	-1.87623	-0.00179633
0	0	-584	-0.00694776	-1.87495	-0.00507738
0	0	-582	-0.00694388	-1.85799	-0.00859257
0	0	-580	-0.00691872	-1.82444	-0.0123844
0	0	-578	-0.0068599	-1.77319	-0.0162478
0	0	-576	-0.00675123	-1.7039	-0.0197766
0	0	-574	-0.00657783	-1.61771	-0.0225532
0	0	-572	-0.00633114	-1.51748	-0.0243453
0	0	-570	-0.00600785	-1.40708	-0.0251585
0	0	-568	-0.00560947	-1.29064	-0.0251619
0	0	-566	-0.0051429	-1.17198	-0.0245637
0	0	-564	-0.0046218	-1.0543	-0.0235669
0	0	-562	-0.0040611	-0.93999	-0.0223656
0	0	-560	-0.00347767	-0.830574	-0.0211088
0	0	-558	-0.00288899	-0.726858	-0.0199054
0	0	-556	-0.00230972	-0.629152	-0.0188003
0	0	-554	-0.0017547	-0.53744	-0.017819
0	0	-552	-0.00123132	-0.451378	-0.0170034
0	0	-550	-0.00074173	-0.370269	-0.0164069
0	0	-548	-0.00028095	-0.293163	-0.0160727
0	0	-546	0.00015987	-0.218996	-0.0159882
0	0	-544	0.00058998	-0.146788	-0.016115
0	0	-542	0.00101526	-0.0757281	-0.0164107
0	0	-540	0.0014383	-0.00515892	-0.016829
0	0	-538	0.00185685	0.0654858	-0.0173601
0	0	-536	0.00226646	0.136788	-0.0180013
0	0	-534	0.00266361	0.209416	-0.018788
0	0	-532	0.00304498	0.284189	-0.0197671
0	0	-530	0.00341012	0.362087	-0.0209767
0	0	-528	0.00376123	0.444192	-0.0224296
0	0	-526	0.00410091	0.531492	-0.0240568
0	0	-524	0.00442983	0.624666	-0.0257624
0	0	-522	0.00474715	0.724051	-0.0274413
0	0	-520	0.00505207	0.829716	-0.0289658
0	0	-518	0.00534301	0.941364	-0.0301968
0	0	-516	0.00561701	1.05812	-0.030941
0	0	-514	0.00587187	1.17828	-0.0309884
0	0	-512	0.00610264	1.29924	-0.0301249
0	0	-510	0.00630061	1.41747	-0.0281997
0	0	-508	0.00645537	1.52874	-0.0251896
0	0	-506	0.00656212	1.62865	-0.0212252
0	0	-504	0.00661974	1.71334	-0.0166428
0	0	-502	0.00663211	1.78031	-0.0118892
0	0	-500	0.00660916	1.82882	-0.0073399
0	0	-498	0.00656146	1.85957	-0.00313819
0	0	-496	0.00649518	1.87381	0.00082352
0	0	-494	0.00641472	1.87241	0.00478491
0	0	-492	0.00632134	1.85539	0.00896149
0	0	-490	0.00621471	1.82195	0.0134041
0	0	-488	0.00609334	1.77109	0.0179247
0	0	-486	0.0059527	1.7025	0.0221182
0	0	-484	0.00578404	1.6173	0.025527
0	0	-482	0.00558039	1.51817	0.0278179
0	0	-480	0.00533496	1.40885	0.0288809
0	0	-478	0.00504517	1.29342	0.0288078
0	0	-476	0.00471732	1.17569	0.0278391
0	0	-474	0.00436277	1.05896	0.0262747
0	0	-472	0.00399318	0.945649	0.0243987
0	0	-470	0.00362	0.837252	0.0224797
0	0	-468	0.00325002	0.734448	0.0206975
0	0	-466	0.00288956	0.637313	0.0191539
0	0	-464	0.00253967	0.545508	0.0178884
0	0	-462	0.00219965	0.458451	0.0168903
0	0	-460	0.00186727	0.375458	0.0161519
0	0	-458	0.00154039	0.29585	0.0156616
0	0	-456	0.0012183	0.218931	0.0154018
0	0	-454	0.00090192	0.143989	0.0153534
0	0	-452	0.00059193	0.0703386	0.0155014
0	0	-450	0.00028788	-0.0026785	0.0158422
0	0	-448	-1.303e-05	-0.0757082	0.0163597
0	0	-446	-0.00031602	-0.14942	0.0170322
0	0	-444	-0.00062443	-0.224478	0.0178443
0	0	-442	-0.00093958	-0.301563	0.0187977
0	0	-440	-0.0012603	-0.381363	0.0198979
0	0	-438	-0.00158543	-0.464613	0.0211349
0	0	-436	-0.00191209	-0.552059	0.0225098
0	0	-434	-0.00223926	-0.644387	0.0240007
0	0	-432	-0.00256471	-0.742175	0.0255353
0	0	-430	-0.00288619	-0.845753	0.026989
0	0	-428	-0.00320258	-0.955	0.0281902
0	0	-426	-0.00351199	-1.06909	0.028955
0	0	-424	-0.00381159	-1.18636	0.0290573
0	0	-422	-0.00409908	-1.30418	0.0283026
0	0	-420	-0.00436946	-1.41905	0.0265902
0	0	-418	-0.00461804	-1.52694	0.0239001
0	0	-416	-0.00484335	-1.6237	0.0203605
0	0	-414	-0.00504163	-1.70572	0.0162593
0	0	-412	-0.00521024	-1.77064	0.0119945
0	0	-410	-0.00534512	-1.81776	0.00792661
0	0	-408	-0.00544485	-1.8477	0.0041955
0	0	-406	-0.00551258	-1.86161	0.00070524
0	0	-404	-0.00554907	-1.86029	-0.00276684
0	0	-402	-0.00555763	-1.8437	-0.00642437
0	0	-400	-0.0055355	-1.81103	-0.0103257
0	0	-398	-0.0054721	-1.76131	-0.0143003
0	0	-396	-0.0053523	-1.6942	-0.0179806
0	0	-394	-0.00516245	-1.61078	-0.0209745
0	0	-392	-0.00489572	-1.51366	-0.0230544
0	0	-390	-0.00455294	-1.40644	-0.0241673
0	0	-388	-0.00415043	-1.29305	-0.0244075
0	0	-386	-0.00371257	-1.17723	-0.0239643
0	0	-384	-0.00326611	-1.06217	-0.0230517
0	0	-382	-0.00283466	-0.950286	-0.0218914
0	0	-380	-0.00243514	-0.84306	-0.0206593
0	0	-378	-0.00207438	-0.741212	-0.0194927
0	0	-376	-0.00175146	-0.644839	-0.0184864
0	0	-374	-0.00146208	-0.55362	-0.017678
0	0	-372	-0.00119927	-0.466969	-0.0170718
0	0	-370	-0.0009553	-0.384234	-0.0166631
0	0	-368	-0.00072178	-0.304728	-0.0164456
0	0	-366	-0.00048843	-0.22776	-0.0164109
0	0	-364	-0.00024935	-0.152636	-0.0165346
0	0	-362	-3.7e-07	-0.0787036	-0.016814
0	0	-360	0.00026073	-0.0053206	-0.0172458
0	0	-358	0.0005339	0.0681702	-0.0178347
0	0	-356	0.00081998	0.142417	-0.0185835
0	0	-354	0.00112137	0.218066	-0.0194884
0	0	-352	0.0014427	0.295774	-0.0205584
0	0	-350	0.001792	0.376232	-0.0217966
0	0	-348	0.00217396	0.460162	-0.0231917
0	0	-346	0.00259248	0.548291	-0.0247314
0	0	-344	0.00304851	0.641307	-0.0263905
0	0	-342	0.00353828	0.7398	-0.0281152
0	0	-340	0.0040523	0.844139	-0.0297892
0	0	-338	0.00457621	0.95423	-0.0312479
0	0	-336	0.00509276	1.06929	-0.0322796
0	0	-334	0.00558055	1.18767	-0.0326332
0	0	-332	0.00601618	1.30678	-0.032072
0	0	-330	0.00638123	1.4231	-0.030428
0	0	-328	0.00666481	1.53253	-0.027683
0	0	-326	0.0068659	1.63083	-0.0239712
0	0	-324	0.00699528	1.71436	-0.0196149
0	0	-322	0.00706721	1.78069	-0.0150558
0	0	-320	0.00709861	1.82907	-0.0106768
0	0	-318	0.00710009	1.86006	-0.00665082
0	0	-316	0.00707687	1.87474	-0.00291026
0	0	-314	0.00703094	1.87386	0.00075598
0	0	-312	0.00695989	1.85732	0.00455545
0	0	-310	0.00685859	1.82419	0.00855607
0	0	-308	0.0067249	1.77338	0.0126032
0	0	-306	0.00655724	1.70444	0.0163318
0	0	-304	0.00635649	1.61849	0.0193385
0	0	-302	0.00612382	1.51828	0.0213711
0	0	-300	0.00586058	1.40773	0.0223867
0	0	-298	0.00557384	1.29099	0.0225389
0	0	-296	0.00527001	1.17198	0.0220386
0	0	-294	0.00495726	1.05392	0.0211036
0	0	-292	0.00464155	0.939218	0.0199327
0	0	-290	0.00432738	0.829413	0.0186797
0	0	-288	0.00401885	0.725369	0.0174643
0	0	-286	0.00372207	0.627418	0.0163548
0	0	-284	0.00344322	0.535507	0.015408
0	0	-282	0.00318466	0.449228	0.0146825
0	0	-280	0.00294204	0.367846	0.0142212
0	0	-278	0.00270165	0.290393	0.0140351
0	0	-276	0.00244666	0.215826	0.0140864
0	0	-274	0.00216315	0.143191	0.0143265
0	0	-272	0.00184277	0.0717396	0.0147239
0	0	-270	0.00148576	0.00085836	0.0152679
0	0	-268	0.00109661	-0.0700251	0.0159661
0	0	-266	0.00068182	-0.141508	0.016823
0	0	-264	0.00024223	-0.214266	0.0178677
0	0	-262	-0.000228	-0.289134	0.019123
0	0	-260	-0.0007409	-0.367126	0.020577
0	0	-258	-0.0013086	-0.449292	0.0221931
0	0	-256	-0.00193534	-0.536556	0.0239049
0	0	-254	-0.00261398	-0.629551	0.0256554
0	0	-252	-0.00332529	-0.728611	0.0273914
0	0	-250	-0.00404316	-0.833791	0.0290492
0	0	-248	-0.00474132	-0.944785	0.0305154
0	0	-246	-0.00539545	-1.06076	0.0315892
0	0	-244	-0.00598328	-1.18009	0.0320308
0	0	-242	-0.00648677	-1.30024	0.0315772
0	0	-240	-0.00689564	-1.41777	0.0300311
0	0	-238	-0.00720774	-1.52855	0.0273373
0	0	-236	-0.00743126	-1.62822	0.023623
0	0	-234	-0.00758297	-1.71292	0.0192448
0	0	-232	-0.0076782	-1.78011	0.0146739
0	0	-230	-0.00773125	-1.82896	0.0103187
0	0	-228	-0.00775069	-1.8601	0.00634972
0	0	-226	-0.0077414	-1.87472	0.00267654
0	0	-224	-0.00770848	-1.87364	-0.00092157
0	0	-222	-0.00765079	-1.85679	-0.00465605
0	0	-220	-0.00756127	-1.82328	-0.00859061
0	0	-218	-0.00742799	-1.77201	-0.0125643
0	0	-216	-0.00723687	-1.7026	-0.0162231
0	0	-214	-0.0069754	-1.61618	-0.019182
0	0	-212	-0.00663617	-1.51558	-0.0212046
0	0	-210	-0.00621872	-1.40464	-0.0222626
0	0	-208	-0.00573102	-1.28756	-0.0224911
0	0	-206	-0.00518633	-1.16824	-0.0220982
0	0	-204	-0.00460036	-1.04991	-0.0212861
0	0	-202	-0.00399067	-0.934955	-0.0202368
0	0	-200	-0.00337415	-0.824924	-0.0190944
0	0	-198	-0.00276709	-0.720684	-0.0179611
0	0	-196	-0.00218396	-0.622563	-0.0169102
0	0	-194	-0.00163701	-0.530517	-0.0160045
0	0	-192	-0.00113524	-0.444165	-0.0153091
0	0	-190	-0.00067777	-0.362794	-0.0148888
0	0	-188	-0.0002597	-0.285413	-0.0147667
0	0	-186	0.00012946	-0.210953	-0.0149192
0	0	-184	0.00050195	-0.138469	-0.0152935
0	0	-182	0.000866	-0.0672062	-0.0158572
0	0	-180	0.00122592	0.00347564	-0.0165868
0	0	-178	0.00158403	0.074152	-0.0174655
0	0	-176	0.00194213	0.145403	-0.0185034
0	0	-174	0.00230029	0.217901	-0.0197123
0	0	-172	0.00265964	0.292466	-0.0211077
0	0	-170	0.00302147	0.370111	-0.0226972
0	0	-168	0.00338925	0.451908	-0.0244476
0	0	-166	0.00376177	0.538809	-0.0262816
0	0	-164	0.00413696	0.631471	-0.0281205
0	0	-162	0.00450728	0.730261	-0.0298972
0	0	-160	0.00486432	0.835275	-0.0315397
0	0	-158	0.00519941	0.946231	-0.0329218
0	0	-156	0.00550739	1.06227	-0.0338639
0	0	-154	0.00577967	1.18175	-0.0341338
0	0	-152	0.00601021	1.30215	-0.0334802
0	0	-150	0.00619131	1.41999	-0.0317326
0	0	-148	0.00631671	1.53111	-0.028829
0	0	-146	0.00638532	1.63116	-0.0248909
0	0	-144	0.00640262	1.71627	-0.0202534
0	0	-142	0.00638064	1.78384	-0.0153947
0	0	-140	0.0063314	1.83304	-0.010716
0	0	-138	0.00626431	1.8645	-0.00639317
0	0	-136	0.00618812	1.87942	-0.00235525
0	0	-134	0.00610558	1.87863	0.00162141
0	0	-132	0.00601577	1.86208	0.00574989
0	0	-130	0.00591808	1.8289	0.0100975
0	0	-128	0.0058114	1.77799	0.0145069
0	0	-126	0.00569499	1.70896	0.0186094
0	0	-124	0.00556422	1.62294	0.0219683
0	0	-122	0.00541511	1.52268	0.0242884
0	0	-120	0.00524325	1.41205	0.0254928
0	0	-118	0.00504872	1.29523	0.0256992
0	0	-116	0.0048377	1.1761	0.0251412
0	0	-114	0.00461501	1.05789	0.0240872
0	0	-112	0.0043859	0.942986	0.022801
0	0	-110	0.0041555	0.832914	0.0215017
0	0	-108	0.0039284	0.728489	0.0203456
0	0	-106	0.00371041	0.629965	0.0193922
0	0	-104	0.00350712	0.537253	0.0186536
0	0	-102	0.00332081	0.449982	0.0181184
0	0	-100	0.00314658	0.367526	0.0177523
0	0	-98	0.00297306	0.289017	0.0175306
0	0	-96	0.00278515	0.213471	0.017434
0	0	-94	0.00256881	0.139967	0.0174429
0	0	-92	0.00231597	0.0677459	0.0175535
0	0	-90	0.00201987	-0.00382949	0.017763
0	0	-88	0.00167677	-0.0753465	0.0180783
0	0	-86	0.00128496	-0.147398	0.0185155
0	0	-84	0.00084548	-0.220641	0.0190907
0	0	-82	0.000361	-0.295858	0.0198321
0	0	-80	-0.00016032	-0.37403	0.0207503
0	0	-78	-0.00071006	-0.456189	0.0218691
0	0	-76	-0.00127598	-0.543258	0.0231777
0	0	-74	-0.00184008	-0.635921	0.0246481
0	0	-72	-0.00238271	-0.734599	0.0262416
0	0	-70	-0.0028848	-0.839406	0.0278744
0	0	-68	-0.0033322	-0.950061	0.0294028
0	0	-66	-0.00371577	-1.06572	0.0305747
0	0	-64	-0.00403375	-1.18478	0.0310986
0	0	-62	-0.00428905	-1.30465	0.0307095
0	0	-60	-0.00448502	-1.42186	0.0292073
0	0	-58	-0.00463046	-1.53224	0.026537
0	0	-56	-0.00473483	-1.63147	0.0228493
0	0	-54	-0.00480785	-1.71572	0.0185161
0	0	-52	-0.00485432	-1.78244	0.014019
0	0	-50	-0.00488404	-1.83084	0.00976055
0	0	-48	-0.00490728	-1.86159	0.00589648
0	0	-46	-0.00493785	-1.8759	0.00233383
0	0	-44	-0.00499256	-1.87459	-0.00115031
0	0	-42	-0.0050882	-1.85765	-0.00475271
0	0	-40	-0.00523775	-1.82427	-0.0085085
0	0	-38	-0.00544227	-1.77342	-0.0122216
0	0	-36	-0.00569791	-1.70482	-0.0155301
0	0	-34	-0.00599163	-1.61963	-0.0181061
0	0	-32	-0.0063043	-1.52057	-0.0198044
0	0	-30	-0.00661754	-1.41134	-0.0206885
0	0	-28	-0.0069161	-1.29598	-0.0209448
0	0	-26	-0.0071879	-1.17833	-0.0207389
0	0	-24	-0.00742572	-1.06164	-0.0202243
0	0	-22	-0.00762365	-0.948334	-0.0195332
0	0	-20	-0.00777569	-0.839939	-0.0187955
0	0	-18	-0.00787534	-0.737181	-0.0181221
0	0	-16	-0.00791246	-0.640102	-0.0175577
0	0	-14	-0.00788134	-0.548348	-0.0171275
0	0	-12	-0.00778101	-0.461351	-0.0168551
0	0	-10	-0.00761627	-0.378425	-0.0167456
0	0	-8	-0.00739597	-0.298839	-0.0167923
0	0	-6	-0.00713284	-0.221851	-0.0169843
0	0	-4	-0.00683901	-0.146783	-0.0173225
0	0	-2	-0.00652608	-0.0729667	-0.017805
0	0	0	-0.00620084	0.00025505	-0.0184245
0	0	2	-0.00586717	0.0735224	-0.0191718
0	0	4	-0.00552283	0.147463	-0.0200505
0	0	6	-0.00516216	0.222728	-0.0210688
0	0	8	-0.00477189	0.300001	-0.0222205
0	0	10	-0.00433281	0.379992	-0.0235012
0	0	12	-0.0038238	0.463404	-0.024909
0	0	14	-0.00322468	0.550985	-0.0264418
0	0	16	-0.00252301	0.64342	-0.0280786
0	0	18	-0.00171193	0.741299	-0.0297477
0	0	20	-0.00079857	0.844979	-0.0313535
0	0	22	0.00019962	0.954353	-0.032753
0	0	24	0.00125597	1.06864	-0.0337274
0	0	26	0.00233338	1.18618	-0.0340096
0	0	28	0.00339011	1.30437	-0.033342
0	0	30	0.00438207	1.41973	-0.0315788
0	0	32	0.00527074	1.5282	-0.0287013
0	0	34	0.00603044	1.62567	-0.0248573
0	0	36	0.00664894	1.70851	-0.0203965
0	0	38	0.00712736	1.77432	-0.0157661
0	0	40	0.00747249	1.82228	-0.0113227
0	0	42	0.00769595	1.85296	-0.00720695
0	0	44	0.0078073	1.86745	-0.00334803
0	0	46	0.00781243	1.86655	0.00044726
0	0	48	0.007716	1.85021	0.0043716
0	0	50	0.00751959	1.81763	0.00849413
0	0	52	0.00722356	1.76778	0.0126816
0	0	54	0.00683256	1.70028	0.01662
0	0	56	0.00635182	1.61619	0.0199248
0	0	58	0.00578683	1.51807	0.0222723
0	0	60	0.00514663	1.40961	0.0235457
0	0	62	0.00444095	1.29489	0.0238089
0	0	64	0.0036862	1.17776	0.0232563
0	0	66	0.00290094	1.0615	0.022151
0	0	68	0.00210463	0.948529	0.0207431
0	0	70	0.00131944	0.840415	0.0192794
0	0	72	0.00056337	0.737872	0.017922
0	0	74	-0.00015148	0.640973	0.0167511
0	0	76	-0.00081712	0.549373	0.0158011
0	0	78	-0.00143142	0.462507	0.0150791
0	0	80	-0.00199418	0.379693	0.0145857
0	0	82	-0.00251035	0.300225	0.0142982
0	0	84	-0.00298725	0.223377	0.0142001
0	0	86	-0.00343234	0.148466	0.0142796
0	0	88	-0.00385136	0.074827	0.0145359
0	0	90	-0.00424875	0.00180452	0.0149702
0	0	92	-0.00462571	-0.0712537	0.0155827
0	0	94	-0.00497933	-0.144989	0.0163823
0	0	96	-0.00530541	-0.220051	0.0173706
0	0	98	-0.00559871	-0.297119	0.0185429
0	0	100	-0.0058534	-0.376902	0.0198827
0	0	102	-0.00606436	-0.460106	0.0213687
0	0	104	-0.00622694	-0.547433	0.0229895
0	0	106	-0.00634069	-0.639596	0.0247164
0	0	108	-0.00640749	-0.737208	0.0264811
0	0	110	-0.00643266	-0.840617	0.0281862
0	0	112	-0.00642623	-0.949759	0.0296746
0	0	114	-0.00639798	-1.06395	0.0307323
0	0	116	-0.00635827	-1.18159	0.0311004
0	0	118	-0.0063146	-1.3001	0.0305386
0	0	120	-0.00627226	-1.41599	0.0288943
0	0	122	-0.00623517	-1.52518	0.0261437
0	0	124	-0.00620473	-1.62346	0.0224404
0	0	126	-0.00618314	-1.70712	0.0181491
0	0	128	-0.00616939	-1.77372	0.0137289
0	0	130	-0.00616395	-1.82244	0.0095409
0	0	132	-0.00617216	-1.85379	0.0057325
0	0	134	-0.00620122	-1.86887	0.00222397
0	0	136	-0.00626133	-1.86849	-0.00119204
0	0	138	-0.00636019	-1.85261	-0.00471148
0	0	140	-0.00649973	-1.82044	-0.00838432
0	0	142	-0.0066746	-1.77093	-0.0120565
0	0	144	-0.0068656	-1.70363	-0.0154031
0	0	146	-0.00703999	-1.6195	-0.0180404
0	0	148	-0.00716396	-1.52104	-0.0197154
0	0	150	-0.0072058	-1.41195	-0.020365
0	0	152	-0.00714722	-1.29639	-0.0201026
0	0	154	-0.0069815	-1.17834	-0.0191511
0	0	156	-0.00671289	-1.0612	-0.0177755
0	0	158	-0.00634912	-0.947486	-0.0162528
0	0	160	-0.0058983	-0.838766	-0.014825
0	0	162	-0.00536723	-0.735743	-0.01365
0	0	164	-0.00476307	-0.638442	-0.0127886
0	0	166	-0.00409616	-0.546484	-0.0122557
0	0	168	-0.00338134	-0.4593	-0.0120428
0	0	170	-0.00264037	-0.376209	-0.0121265
0	0	172	-0.00189742	-0.296487	-0.0124787
0	0	174	-0.00117671	-0.219424	-0.0130778
0	0	176	-0.00050057	-0.144326	-0.013906
0	0	178	0.0001122	-0.0705086	-0.0149177
0	0	180	0.0006444	0.00270722	-0.0160535
0	0	182	0.00108423	0.0759577	-0.0172702
0	0	184	0.00142804	0.149875	-0.0185472
0	0	186	0.00168117	0.225101	-0.0198872
0	0	188	0.00185929	0.302309	-0.0213008
0	0	190	0.00198864	0.382185	-0.0228005
0	0	192	0.00210272	0.465427	-0.0244026
0	0	194	0.00223523	0.552763	-0.0260689
0	0	196	0.00241792	0.644891	-0.0277334
0	0	198	0.00267413	0.742413	-0.029283
0	0	200	0.0030165	0.845686	-0.030593
0	0	202	0.00344673	0.954615	-0.0315086
0	0	204	0.0039519	1.0685	-0.0318228
0	0	206	0.00451057	1.18573	-0.0313686
0	0	208	0.00508886	1.30369	-0.0300178
0	0	210	0.00564981	1.41892	-0.0277271
0	0	212	0.00616072	1.52741	-0.0245561
0	0	214	0.00659883	1.62499	-0.0206731
0	0	216	0.00695517	1.70801	-0.0164153
0	0	218	0.00723414	1.77407	-0.0121706
0	0	220	0.00744223	1.82236	-0.00823167
0	0	222	0.00758932	1.85342	-0.00469814
0	0	224	0.00768557	1.86831	-0.00146594
0	0	226	0.00773801	1.86783	0.00168564
0	0	228	0.0077549	1.85197	0.00496602
0	0	230	0.00774258	1.81994	0.00845533
0	0	232	0.00770183	1.77072	0.01204
0	0	234	0.0076327	1.70391	0.0154369
0	0	236	0.00752874	1.62046	0.0183133
0	0	238	0.00737739	1.52287	0.0204272
0	0	240	0.0071658	1.41476	0.0217043
0	0	242	0.0068859	1.30019	0.0222117
0	0	244	0.00653629	1.18302	0.0220806
0	0	246	0.00612531	1.06658	0.0214867
0	0	248	0.00566338	0.953385	0.0206015
0	0	250	0.00516485	0.845002	0.0196144
0	0	252	0.00464158	0.742187	0.0186649
0	0	254	0.00410368	0.645039	0.0178399
0	0	256	0.00355948	0.553227	0.0172117
0	0	258	0.00301305	0.466195	0.01681
0	0	260	0.00246932	0.383262	0.0166579
0	0	262	0.00193406	0.303719	0.0167426
0	0	264	0.00141241	0.226855	0.0170464
0	0	266	0.00091232	0.151987	0.0175485
0	0	268	0.00043985	0.0784529	0.0181989
0	0	270	-8.5e-07	0.00557516	0.0189598
0	0	272	-0.00040909	-0.0673066	0.0198036
0	0	274	-0.00078696	-0.14083	0.0207161
0	0	276	-0.00113947	-0.215668	0.0216912
0	0	278	-0.00147281	-0.292537	0.0227321
0	0	280	-0.00178981	-0.372167	0.0238468
0	0	282	-0.00209498	-0.455313	0.0250218
0	0	284	-0.00239095	-0.542728	0.0262305
0	0	286	-0.00268369	-0.63518	0.0274191
0	0	288	-0.00297864	-0.733283	0.0285185
0	0	290	-0.00327912	-0.837366	0.0294292
0	0	292	-0.0035868	-0.94734	0.0300123
0	0	294	-0.00389964	-1.06248	0.0301142
0	0	296	-0.00421229	-1.18112	0.0295609
0	0	298	-0.00451857	-1.30058	0.0282053
0	0	300	-0.00481144	-1.41734	0.0259848
0	0	302	-0.00508206	-1.5273	0.0229234
0	0	304	-0.00532395	-1.62621	0.0191715
0	0	306	-0.00553243	-1.71042	0.0150171
0	0	308	-0.00570453	-1.77754	0.0108092
0	0	310	-0.0058406	-1.82682	0.00681958
0	0	312	-0.00594288	-1.85878	0.00313525
0	0	314	-0.00601579	-1.87447	-0.00035407
0	0	316	-0.00606292	-1.87459	-0.00387161
0	0	318	-0.00608489	-1.85897	-0.00761836
0	0	320	-0.00607704	-1.8266	-0.011641
0	0	322	-0.00602993	-1.77628	-0.0157526
0	0	324	-0.00593433	-1.70757	-0.0195607
0	0	326	-0.00578218	-1.62165	-0.0226145
0	0	328	-0.00557774	-1.52151	-0.0246306
0	0	330	-0.00533116	-1.41127	-0.0255799
0	0	332	-0.0050549	-1.29526	-0.0255969
0	0	334	-0.00476312	-1.17736	-0.024905
0	0	336	-0.00446366	-1.06072	-0.0237417
0	0	338	-0.00416166	-0.947636	-0.0223449
0	0	340	-0.0038615	-0.839567	-0.0209183
0	0	342	-0.00355929	-0.737161	-0.0195865
0	0	344	-0.00325282	-0.64045	-0.0184422
0	0	346	-0.00293555	-0.549105	-0.0175182
0	0	348	-0.00260134	-0.462563	-0.016827
0	0	350	-0.0022451	-0.38013	-0.0163667
0	0	352	-0.0018611	-0.30107	-0.0161349
0	0	354	-0.0014482	-0.224668	-0.016127
0	0	356	-0.00100582	-0.150243	-0.0163238
0	0	358	-0.00053393	-0.0771178	-0.0166947
0	0	360	-3.395e-05	-0.00463301	-0.0172006
0	0	362	0.00049217	0.0678327	-0.0178007
0	0	364	0.00104216	0.1409	-0.0184638
0	0	366	0.00161032	0.215235	-0.0191616
0	0	368	0.00218924	0.291516	-0.0198904
0	0	370	0.00277109	0.370446	-0.0206522
0	0	372	0.00334747	0.452758	-0.0214666
0	0	374	0.00391003	0.539223	-0.0223387
0	0	376	0.00445244	0.630569	-0.0232534
0	0	378	0.00496872	0.727404	-0.024174
0	0	380	0.0054545	0.830115	-0.0250343
0	0	382	0.00590177	0.938669	-0.0257133
0	0	384	0.0063015	1.05241	-0.0260655
0	0	386	0.00664338	1.16986	-0.025922
0	0	388	0.00692001	1.28862	-0.0251211
0	0	390	0.00712621	1.40537	-0.0234908
0	0	392	0.00726205	1.51601	-0.0209451
0	0	394	0.00733192	1.61608	-0.0175384
0	0	396	0.00733952	1.70142	-0.0135102
0	0	398	0.00729269	1.76919	-0.00925223
0	0	400	0.00720139	1.81844	-0.00511576
0	0	402	0.00707877	1.84978	-0.00125857
0	0	404	0.00693348	1.86455	0.00240436
0	0	406	0.00677079	1.86374	0.00609278
0	0	408	0.00659589	1.84752	0.0100069
0	0	410	0.00640611	1.81517	0.0142009
0	0	412	0.00620151	1.76574	0.0185188
0	0	414	0.00597734	1.69886	0.0226056
0	0	416	0.00572634	1.6155	0.0260318
0	0	418	0.00543771	1.51815	0.0284702
0	0	420	0.00510387	1.41041	0.0297782
0	0	422	0.0047228	1.29629	0.0300038
0	0	424	0.00429963	1.17961	0.0293106
0	0	426	0.00384677	1.06364	0.0279475
0	0	428	0.00337706	0.950901	0.0261828
0	0	430	0.00289991	0.842929	0.0242644
0	0	432	0.00242584	0.740455	0.0223856
0	0	434	0.00195793	0.643591	0.0206495
0	0	436	0.00149996	0.552003	0.0191199
0	0	438	0.00105447	0.465124	0.017814
0	0	440	0.00062352	0.382265	0.0167335
0	0	442	0.00020645	0.302715	0.0158738
0	0	444	-0.00019439	0.225777	0.0152144
0	0	446	-0.00057792	0.15076	0.0147489
0	0	448	-0.00094293	0.0770026	0.014465
0	0	450	-0.00128811	0.00385247	0.0143502
0	0	452	-0.00161376	-0.0693126	0.0144028
0	0	454	-0.00192191	-0.143119	0.0146121
0	0	456	-0.00221565	-0.218216	0.0149693
0	0	458	-0.00249726	-0.295295	0.015468
0	0	460	-0.00277019	-0.375045	0.0161063
0	0	462	-0.00303691	-0.458182	0.0168753
0	0	464	-0.00329862	-0.545469	0.0177547
0	0	466	-0.00355615	-0.637645	0.0187234
0	0	468	-0.00380991	-0.735315	0.0197311
0	0	470	-0.00406091	-0.838865	0.0206916
0	0	472	-0.00430772	-0.948264	0.0214797
0	0	474	-0.00454955	-1.0628	0.0219201
0	0	476	-0.00478282	-1.18084	0.0218533
0	0	478	-0.00500407	-1.29978	0.0210919
0	0	480	-0.00520554	-1.41612	0.0195171
0	0	482	-0.00538029	-1.52575	0.0171101
0	0	484	-0.00552611	-1.62442	0.0139692
0	0	486	-0.00564342	-1.70843	0.0103363
0	0	488	-0.00573333	-1.77536	0.00653453
0	0	490	-0.00579661	-1.82438	0.00284676
0	0	492	-0.00583373	-1.856	-0.00062038
0	0	494	-0.00584764	-1.87131	-0.00396971
0	0	496	-0.00583984	-1.87103	-0.00740867
0	0	498	-0.00580717	-1.8551	-0.0111176
0	0	500	-0.00574644	-1.82264	-0.0151295
0	0	502	-0.00564933	-1.77255	-0.0192559
0	0	504	-0.00550421	-1.7044	-0.0231117
0	0	506	-0.00529896	-1.61928	-0.0262602
0	0	508	-0.00502981	-1.51985	-0.028399
0	0	510	-0.00470107	-1.40997	-0.0294478
0	0	512	-0.0043225	-1.29379	-0.0294894
0	0	514	-0.00390733	-1.17517	-0.0287281
0	0	516	-0.00347096	-1.05734	-0.0274338
0	0	518	-0.00302743	-0.942733	-0.0258509
0	0	520	-0.00258511	-0.832912	-0.0241751
0	0	522	-0.00215319	-0.728714	-0.0225248
0	0	524	-0.00173777	-0.630473	-0.0209728
0	0	526	-0.0013459	-0.53817	-0.0195667
0	0	528	-0.00098252	-0.451469	-0.018344
0	0	530	-0.00064663	-0.369672	-0.0173535
0	0	532	-0.00033024	-0.291838	-0.0166104
0	0	534	-2.381e-05	-0.21694	-0.0160883
0	0	536	0.00028524	-0.144044	-0.0157412
0	0	538	0.00060322	-0.0723766	-0.0155276
0	0	540	0.00093485	-0.00129841	-0.0154377
0	0	542	0.00128079	0.0697374	-0.0154728
0	0	544	0.00164121	0.141295	-0.0156417
0	0	546	0.00201667	0.214054	-0.0159691
0	0	548	0.00241251	0.288834	-0.0164777
0	0	550	0.00283536	0.366612	-0.0171742
0	0	552	0.00329087	0.448446	-0.0180093
0	0	554	0.00377808	0.535292	-0.0189054
0	0	556	0.00429027	0.627794	-0.0197807
0	0	558	0.00480999	0.726282	-0.0205649
0	0	560	0.00531858	0.830806	-0.0211834
0	0	562	0.0058001	0.941092	-0.0215268
0	0	564	0.00623829	1.0563	-0.0214705
0	0	566	0.00661838	1.17483	-0.0208818
0	0	568	0.0069294	1.29418	-0.0196325
0	0	570	0.00716404	1.41097	-0.0176442
0	0	572	0.00731937	1.52112	-0.0149224
0	0	574	0.00740412	1.62036	-0.0116217
0	0	576	0.0074316	1.70483	-0.00801037
0	0	578	0.00741683	1.77198	-0.00442868
0	0	580	0.00737967	1.82097	-0.00114545
0	0	582	0.00733283	1.85237	0.00179208
0	0	584	0.00728551	1.86738	0.00454173
0	0	586	0.00724309	1.86686	0.0073453
0	0	588	0.00720743	1.85086	0.0103969
0	0	590	0.00717996	1.81864	0.0137378
0	0	592	0.00715893	1.76923	0.0172012
0	0	594	0.00714357	1.70227	0.0204546
0	0	596	0.00712408	1.61877	0.0231091
0	0	598	0.00709028	1.52128	0.0249061
0	0	600	0.00703049	1.4134	0.0257448
0	0	602	0.00693559	1.29913	0.0256748
0	0	604	0.00680139	1.18227	0.0248718
0	0	606	0.00662633	1.06613	0.0235804
0	0	608	0.00641152	0.953188	0.02207
0	0	610	0.00615715	0.845001	0.0205308
0	0	612	0.00586342	0.742323	0.0191102
0	0	614	0.00553189	0.645279	0.0179147
0	0	616	0.0051632	0.553554	0.0169668
0	0	618	0.00475854	0.466573	0.0162559
0	0	620	0.00431943	0.383656	0.0157485
0	0	622	0.00384926	0.30411	0.0154308
0	0	624	0.00335104	0.227202	0.0152872
0	0	626	0.00282992	0.152216	0.0152953
0	0	628	0.00229268	0.0784579	0.015446
0	0	630	0.00174552	0.00526384	0.0157401
0	0	632	0.00119417	-0.0680129	0.0161858
0	0	634	0.0006441	-0.142009	0.0167699
0	0	636	0.00010052	-0.217378	0.0174822
0	0	638	-0.0004307	-0.294779	0.0183284
0	0	640	-0.00094567	-0.374903	0.0193067
0	0	642	-0.00143905	-0.458441	0.0204042
0	0	644	-0.00190741	-0.546116	0.0215929
0	0	646	-0.00234635	-0.638601	0.0228448
0	0	648	-0.0027535	-0.736456	0.0240984
0	0	650	-0.00312656	-0.84002	0.0252238
0	0	652	-0.00346286	-0.949201	0.02605
0	0	654	-0.00375932	-1.06322	0.0263699
0	0	656	-0.00401086	-1.18045	0.0259837
0	0	658	-0.00421221	-1.29829	0.0247148
0	0	660	-0.00436076	-1.41331	0.0224806
0	0	662	-0.00445709	-1.52149	0.0193587
0	0	664	-0.00450615	-1.6187	0.0155598
0	0	666	-0.00451994	-1.70138	0.0114335
0	0	668	-0.00450822	-1.76716	0.00736899
0	0	670	-0.00448376	-1.81526	0.00365323
0	0	672	-0.00445904	-1.84621	0.00035914
0	0	674	-0.00444432	-1.86107	-0.00265776
0	0	676	-0.00445252	-1.86064	-0.00562367
0	0	678	-0.00449209	-1.84488	-0.00871673
0	0	680	-0.00456863	-1.81304	-0.0119545
0	0	682	-0.00468035	-1.7641	-0.0151637
0	0	684	-0.00481398	-1.69769	-0.0180075
0	0	686	-0.00495037	-1.61475	-0.0201453
0	0	688	-0.00506951	-1.51779	-0.0213795
0	0	690	-0.0051541	-1.41038	-0.0216797
0	0	692	-0.00519459	-1.29653	-0.0211715
0	0	694	-0.00519167	-1.18007	-0.0200699
0	0	696	-0.00514817	-1.0643	-0.0186229
0	0	698	-0.00506962	-0.951716	-0.017069
0	0	700	-0.00495763	-0.843851	-0.0155995
0	0	702	-0.00481161	-0.741432	-0.0143431
0	0	704	-0.00463222	-0.644558	-0.0133551
0	0	706	-0.00442131	-0.552894	-0.0126392
0	0	708	-0.00418559	-0.465883	-0.0121665
0	0	710	-0.0039342	-0.382852	-0.0119153
0	0	712	-0.00367785	-0.303124	-0.0118557
0	0	714	-0.00342776	-0.22602	-0.011958
0	0	716	-0.00319252	-0.15086	-0.0122107
0	0	718	-0.0029776	-0.0769888	-0.012603
0	0	720	-0.00278632	-0.00376619	-0.0131372
0	0	722	-0.00261579	0.0694493	-0.0137913
0	0	724	-0.0024591	0.143295	-0.0145583
0	0	726	-0.00230253	0.218439	-0.015447
0	0	728	-0.00212693	0.29556	-0.0164542
0	0	730	-0.00190871	0.375361	-0.0175792
0	0	732	-0.00162471	0.458566	-0.018815
0	0	734	-0.00125488	0.545914	-0.0201642
0	0	736	-0.00078595	0.638081	-0.0216197
0	0	738	-0.00021458	0.73564	-0.0231121
0	0	740	0.0004538	0.838954	-0.0245482
0	0	742	0.00119989	0.947945	-0.0257838
0	0	744	0.00199632	1.06187	-0.0266197
0	0	746	0.00280844	1.1791	-0.0268391
0	0	748	0.00359764	1.29712	-0.0262211
0	0	750	0.00432714	1.41251	-0.0246615
0	0	752	0.00496478	1.52129	-0.0221341
0	0	754	0.00548759	1.61934	-0.0187086
0	0	756	0.00588652	1.70297	-0.0146315
0	0	758	0.0061601	1.76968	-0.0102505
0	0	760	0.00631475	1.81857	-0.00592048
0	0	762	0.00636164	1.85012	-0.00180138
0	0	764	0.0063126	1.86539	0.00216349
0	0	766	0.00617789	1.86515	0.00615314
0	0	768	0.00596555	1.84932	0.0103331
0	0	770	0.00568302	1.81705	0.0147196
0	0	772	0.00534417	1.76725	0.0191066
0	0	774	0.00495861	1.69949	0.0231104
0	0	776	0.00453803	1.61482	0.0263287
0	0	778	0.00409734	1.51593	0.0284826
0	0	780	0.00365042	1.4066	0.0295122
0	0	782	0.00320782	1.29092	0.0295083
0	0	784	0.00278151	1.17273	0.0286849
0	0	786	0.00238147	1.05527	0.0272797
0	0	788	0.00201212	0.940938	0.0255092
0	0	790	0.00167719	0.831326	0.0235963
0	0	792	0.00137908	0.727312	0.0216872
0	0	794	0.00111872	0.62926	0.0198749
0	0	796	0.0008987	0.537147	0.018214
0	0	798	0.00071813	0.450622	0.0167555
0	0	800	0.00057287	0.369015	0.0155619
0	0	802	0.00045305	0.291385	0.0146415
0	0	804	0.00034763	0.216703	0.0139539
0	0	806	0.00024513	0.144	0.0134428
0	0	808	0.00013802	0.0725072	0.0130772
0	0	810	2.234e-05	0.00158197	0.0128305
0	0	812	-0.00010282	-0.0693295	0.0126919
0	0	814	-0.00023767	-0.140797	0.0126613
0	0	816	-0.0003853	-0.213466	0.0127652
0	0	818	-0.00055034	-0.28813	0.0130393
0	0	820	-0.00074088	-0.365737	0.0134918
0	0	822	-0.00096658	-0.447344	0.0140993
0	0	824	-0.00123345	-0.533885	0.0148174
0	0	826	-0.00154352	-0.626014	0.0155841
0	0	828	-0.00189132	-0.724092	0.0163478
0	0	830	-0.00226545	-0.828191	0.0170374
0	0	832	-0.00265494	-0.938034	0.0175649
0	0	834	-0.003049	-1.05281	0.0178257
0	0	836	-0.00343926	-1.17092	0.0176664
0	0	838	-0.00381558	-1.28991	0.0169459
0	0	840	-0.00417163	-1.40644	0.0155977
0	0	842	-0.00449794	-1.51646	0.0135922
0	0	844	-0.00479026	-1.61571	0.0110154
0	0	846	-0.00504242	-1.70035	0.00807308
0	0	848	-0.00525091	-1.76778	0.00508664
0	0	850	-0.00541646	-1.81708	0.00232829
0	0	852	-0.00554351	-1.84879	-0.00011085
0	0	854	-0.00563823	-1.86408	-0.00233209
0	0	856	-0.00570762	-1.86382	-0.00454574
0	0	858	-0.00575947	-1.84807	-0.00694698
0	0	860	-0.00579499	-1.81611	-0.00960854
0	0	862	-0.00580916	-1.76694	-0.0124267
0	0	864	-0.00579081	-1.70015	-0.015127
0	0	866	-0.00572326	-1.61674	-0.0173796
0	0	868	-0.00559005	-1.51923	-0.018924
0	0	870	-0.0053762	-1.41126	-0.0196371
0	0	872	-0.00507405	-1.29685	-0.0195695
0	0	874	-0.00468954	-1.1799	-0.0189002
0	0	876	-0.00423608	-1.06373	-0.0178671
0	0	878	-0.00373154	-0.950797	-0.0167094
0	0	880	-0.00319427	-0.842671	-0.0156226
0	0	882	-0.00263876	-0.74008	-0.0147374
0	0	884	-0.0020749	-0.643123	-0.0141119
0	0	886	-0.0015117	-0.551479	-0.0137375
0	0	888	-0.0009564	-0.464576	-0.013599
0	0	890	-0.00041702	-0.381747	-0.0136669
0	0	892	9.629e-05	-0.30228	-0.0139189
0	0	894	0.00057443	-0.225458	-0.0143252
0	0	896	0.00100929	-0.150557	-0.0148672
0	0	898	0.0013948	-0.0769027	-0.0155342
0	0	900	0.00172992	-0.00383556	-0.0163118
0	0	902	0.00202115	0.0692949	-0.0172007
0	0	904	0.00227639	0.143117	-0.0181999
0	0	906	0.00250695	0.218257	-0.019325
0	0	908	0.00272366	0.295361	-0.0205923
0	0	910	0.00293499	0.375106	-0.0220039
0	0	912	0.00314574	0.458191	-0.0235428
0	0	914	0.00335922	0.545317	-0.025168
0	0	916	0.00357551	0.637191	-0.0268198
0	0	918	0.00379516	0.734422	-0.0283923
0	0	920	0.00401549	0.837402	-0.0297333
0	0	922	0.00423266	0.946118	-0.0306718
0	0	924	0.00444032	1.05986	-0.0310127
0	0	926	0.00462954	1.17707	-0.0305633
0	0	928	0.00478896	1.2952	-0.0291771
0	0	930	0.00491137	1.41079	-0.0267918
0	0	932	0.00499054	1.51976	-0.0234733
0	0	934	0.00502559	1.61792	-0.0193959
0	0	936	0.00502623	1.70161	-0.0148701
0	0	938	0.00500163	1.76838	-0.0102468
0	0	940	0.00496344	1.81736	-0.00582256
0	0	942	0.00491662	1.84906	-0.00169558
0	0	944	0.00486202	1.86454	0.00223742
0	0	946	0.00479743	1.86457	0.00617322
0	0	948	0.0047193	1.84915	0.0102794
0	0	950	0.00462201	1.81751	0.0145775
0	0	952	0.00450066	1.76864	0.0188861
0	0	954	0.00435356	1.70214	0.0228426
0	0	956	0.00417908	1.61897	0.0260527
0	0	958	0.00397624	1.52162	0.0282375
0	0	960	0.00374872	1.41368	0.0293104
0	0	962	0.00350105	1.29915	0.0293518
0	0	964	0.00324083	1.18193	0.0285373
0	0	966	0.00297501	1.06534	0.0271274
0	0	968	0.00270727	0.951849	0.0253778
0	0	970	0.00244041	0.843085	0.0235202
0	0	972	0.00217581	0.739842	0.0217395
0	0	974	0.00191343	0.642247	0.0201385
0	0	976	0.00165244	0.549979	0.0187832
0	0	978	0.00138927	0.462486	0.0176773
0	0	980	0.00112168	0.379109	0.016813
0	0	982	0.00084795	0.299151	0.0161677
0	0	984	0.0005657	0.221897	0.0157123
0	0	986	0.00027351	0.14666	0.0154264
0	0	988	-2.973e-05	0.0727899	0.0152771
0	0	990	-0.00034369	-0.00035115	0.0152487
0	0	992	-0.00066649	-0.0734219	0.015336
0	0	994	-0.00099591	-0.147058	0.0155345
0	0	996	-0.00132814	-0.221914	0.0158382
0	0	998	-0.00165886	-0.298672	0.0162474
0	0	1000	-0.00198533	-0.378055	0.016768
0	0	1002	-0.00230227	-0.4608	0.0173954
0	0	1004	-0.00260625	-0.54765	0.0181023
0	0	1006	-0.00289425	-0.639318	0.0188527
0	0	1008	-0.00316498	-0.736434	0.0195811
0	0	1010	-0.00341817	-0.839365	0.0202004
0	0	1012	-0.00365775	-0.948037	0.0205723
0	0	1014	-0.00388588	-1.06171	0.0205406
0	0	1016	-0.00410098	-1.17876	0.0199738
0	0	1018	-0.00429781	-1.29667	0.0187719
0	0	1020	-0.0044709	-1.41199	0.0169059
0	0	1022	-0.00461422	-1.52074	0.0143784
0	0	1024	-0.00472464	-1.61878	0.0113214
0	0	1026	-0.00480153	-1.7025	0.00798318
0	0	1028	-0.00484368	-1.76945	0.00464319
0	0	1030	-0.00485147	-1.81875	0.00152273
0	0	1032	-0.00482409	-1.85085	-0.00132418
0	0	1034	-0.00475815	-1.86677	-0.0040227
0	0	1036	-0.00465148	-1.86718	-0.00680076
0	0	1038	-0.00450247	-1.85193	-0.00984428
0	0	1040	-0.00430119	-1.82003	-0.0131842
0	0	1042	-0.00403707	-1.77023	-0.0166302
0	0	1044	-0.00370097	-1.70206	-0.0197987
0	0	1046	-0.00329595	-1.61665	-0.0222787
0	0	1048	-0.00283607	-1.51691	-0.0238023
0	0	1050	-0.00234598	-1.40689	-0.0243368
0	0	1052	-0.00185901	-1.29093	-0.0240243
0	0	1054	-0.00140524	-1.17296	-0.0230632
0	0	1056	-0.00100433	-1.05614	-0.0216633
0	0	1058	-0.00066666	-0.942812	-0.0200379
0	0	1060	-0.00039187	-0.834412	-0.0183799
0	0	1062	-0.00017447	-0.731628	-0.0168253
0	0	1064	-3.73e-06	-0.634519	-0.0154653
0	0	1066	0.00013178	-0.542728	-0.0143433
0	0	1068	0.00024347	-0.455679	-0.0134618
0	0	1070	0.00034355	-0.372717	-0.0127939
0	0	1072	0.00044191	-0.293153	-0.0122954
0	0	1074	0.00054661	-0.216298	-0.0119374
0	0	1076	0.00066246	-0.141483	-0.0117151
0	0	1078	0.00079094	-0.0680761	-0.0116294
0	0	1080	0.00093259	0.00456356	-0.0116961
0	0	1082	0.00109072	0.0771036	-0.011941
0	0	1084	0.00127156	0.150193	-0.0123832
0	0	1086	0.00148353	0.224487	-0.0130177
0	0	1088	0.00173561	0.300678	-0.01384
0	0	1090	0.00203149	0.379488	-0.0148358
0	0	1092	0.00237143	0.461646	-0.0160022
0	0	1094	0.00274987	0.547867	-0.0173179
0	0	1096	0.00315797	0.638883	-0.018751
0	0	1098	0.00358375	0.735357	-0.0202452
0	0	1100	0.00401174	0.837687	-0.0217024
0	0	1102	0.00442677	0.945892	-0.0229895
0	0	1104	0.00481447	1.05939	-0.0239318
0	0	1106	0.00516059	1.17678	-0.0243316
0	0	1108	0.00545726	1.29569	-0.0240194
0	0	1110	0.0056997	1.41286	-0.0228397
0	0	1112	0.00588757	1.52424	-0.0207113
0	0	1114	0.00602133	1.62535	-0.0176828
0	0	1116	0.00610096	1.71202	-0.0139883
0	0	1118	0.00613043	1.78128	-0.00999477
0	0	1120	0.00611982	1.832	-0.00603235
0	0	1122	0.00607645	1.86471	-0.00225485
0	0	1124	0.0060085	1.88066	0.001395
0	0	1126	0.00592309	1.88089	0.00508825
0	0	1128	0.00582316	1.8656	0.00898194
0	0	1130	0.00570789	1.83419	0.0131105
0	0	1132	0.00557829	1.78576	0.0173296
0	0	1134	0.0054332	1.71995	0.0213275
0	0	1136	0.00527154	1.6377	0.0247307
0	0	1138	0.00509213	1.54146	0.027258
0	0	1140	0.00489073	1.43473	0.0287683
0	0	1142	0.00466966	1.3215	0.029285
0	0	1144	0.00443333	1.2056	0.0289416
0	0	1146	0.00418664	1.09035	0.0279399
0	0	1148	0.00393811	0.978235	0.0265283
0	0	1150	0.00369395	0.870895	0.024917
0	0	1152	0.00345671	0.769115	0.0232626
0	0	1154	0.00322993	0.673021	0.0216891
0	0	1156	0.00301325	0.582292	0.0202618
0	0	1158	0.00280539	0.496382	0.0190147
0	0	1160	0.00260378	0.414622	0.017951
0	0	1162	0.00240137	0.336314	0.0170647
0	0	1164	0.00219293	0.260745	0.0163405
0	0	1166	0.00197402	0.187231	0.015762
0	0	1168	0.00174059	0.115113	0.0153043
0	0	1170	0.00149192	0.043729	0.0149435
0	0	1172	0.00122728	-0.0275737	0.0146707
0	0	1174	0.00094663	-0.099426	0.0144627
0	0	1176	0.00065118	-0.172455	0.0143166
0	0	1178	0.00033914	-0.247316	0.0142252
0	0	1180	1.162e-05	-0.324716	0.0141805
0	0	1182	-0.00033041	-0.405368	0.0141893
0	0	1184	-0.00068564	-0.489986	0.0142341
0	0	1186	-0.0010509	-0.579286	0.0143123
0	0	1188	-0.00142036	-0.673903	0.0143907
0	0	1190	-0.00179093	-0.774202	0.0144152
0	0	1192	-0.00215971	-0.880133	0.0143223
0	0	1194	-0.00252191	-0.991022	0.0139982
0	0	1196	-0.00287385	-1.10532	0.0133387
0	0	1198	-0.00320789	-1.22051	0.012247
0	0	1200	-0.00351872	-1.33315	0.010682
0	0	1202	-0.00380064	-1.43927	0.00863917
0	0	1204	-0.004049	-1.53473	0.00617008
0	0	1206	-0.0042647	-1.6159	0.00344939
0	0	1208	-0.00444887	-1.68038	0.00070371
0	0	1210	-0.00460156	-1.72738	-0.0018887
0	0	1212	-0.00472677	-1.75747	-0.00431098
0	0	1214	-0.004832	-1.77173	-0.00671906
0	0	1216	-0.00492287	-1.77086	-0.00934771
0	0	1218	-0.00500274	-1.7546	-0.0123736
0	0	1220	-0.00507127	-1.72176	-0.0157871
0	0	1222	-0.00512007	-1.67081	-0.0193291
0	0	1224	-0.00513713	-1.60096	-0.0225261
0	0	1226	-0.00510948	-1.51302	-0.024857
0	0	1228	-0.00502717	-1.40969	-0.0259531
0	0	1230	-0.00489096	-1.29488	-0.0257164
0	0	1232	-0.00470716	-1.17278	-0.0242755
0	0	1234	-0.00448803	-1.04718	-0.0218866
0	0	1236	-0.00424923	-0.921159	-0.018888
0	0	1238	-0.00400323	-0.79696	-0.0156067
0	0	1240	-0.00375374	-0.676035	-0.0123257
0	0	1242	-0.00349413	-0.559033	-0.0092305
0	0	1244	-0.00320969	-0.445988	-0.00641473
0	0	1246	-0.00288469	-0.33646	-0.00391067
0	0	1248	-0.00250976	-0.22973	-0.00169055
0	0	1250	-0.00209213	-0.124968	0.00029729
0	0	1252	-0.00165042	-0.0212895	0.00213614
0	0	1254	-0.00120307	0.0820633	0.00391686
0	0	1256	-0.00076706	0.185522	0.00573906
0	0	1258	-0.00035199	0.288992	0.00771325
0	0	1260	3.752e-05	0.391607	0.00988043
0	0	1262	0.00039301	0.491398	0.0121916
0	0	1264	0.00070106	0.585167	0.0144122
0	0	1266	0.00094308	0.668802	0.0160895
0	0	1268	0.00109324	0.738102	0.0166148
0	0	1270	0.00112873	0.789771	0.0154321
0	0	1272	0.00102861	0.822109	0.0122447
0	0	1274	0.00077228	0.834909	0.00699463
0	0	1276	0.00033925	0.828926	-0.0003034
0	0	1278	-0.00028304	0.805604	-0.00964128
0	0	1280	-0.00109126	0.76737	-0.0208528
0	0	1282	-0.00205282	0.717925	-0.0333541
0	0	1284	-0.00309365	0.661924	-0.0460646
0	0	1286	-0.00410558	0.604017	-0.0576959
0	0	1288	-0.00496753	0.547852	-0.06713
0	0	1290	-0.00558327	0.495671	-0.0736326
0	0	1292	-0.00590526	0.448512	-0.0768742
0	0	1294	-0.00594276	0.406631	-0.0768167
0	0	1296	-0.00574784	0.369811	-0.0736151
0	0	1298	-0.00539027	0.337565	-0.0675522
0	0	1300	-0.0049378	0.30923	-0.0590012
0	0	1302	-0.00444615	0.284016	-0.048418
0	0	1304	-0.00395573	0.261068	-0.0363556
0	0	1306	-0.0034924	0.239543	-0.0235072
0	0	1308	-0.00307075	0.21876	-0.010727
0	0	1310	-0.00269737	0.198369	0.0010621
0	0	1312	-0.00237607	0.178425	0.0110575
0	0	1314	-0.00210483	0.159314	0.0187941
0	0	1316	-0.00187812	0.141507	0.0242205
0	0	1318	-0.00169121	0.125355	0.0276129
0	0	1320	-0.00153502	0.111009	0.0293962
0	0	1322	-0.00140366	0.0984455	0.0299978
0	0	1324	-0.00129151	0.0875267	0.0297849
0	0	1326	-0.00119411	0.0780642	0.0290418
0	0	1328	-0.0011069	0.0698624	0.0279754
0	0	1330	-0.0010267	0.0627358	0.0267303
0	0	1332	-0.00095237	0.0565195	0.025404
0	0	1334	-0.00088171	0.0510728	0.0240635
0	0	1336	-0.0008132	0.0462795	0.0227473
0	0	1338	-0.00074701	0.0420463	0.0214791
0	0	1340	-0.00068212	0.0382977	0.0202694
0	0	1342	-0.00061874	0.0349735	0.0191191
0	0	1344	-0.00055683	0.0320329	0.0180197
0	0	1346	-0.00049552	0.029446	0.0169573
0	0	1348	-0.00043519	0.0271943	0.0159112
0	0	1350	-0.00037726	0.025268	0.0148529
0	0	1352	-0.00032119	0.0236629	0.013752
0	0	1354	-0.00026813	0.0223734	0.0125794
0	0	1356	-0.00021964	0.021386	0.0113158
0	0	1358	-0.00017534	0.0206732	0.00996893
0	0	1360	-0.00013684	0.020192	0.00857564
0	0	1362	-0.00010403	0.0198885	0.00719884
0	0	1364	-7.672e-05	0.0197076	0.00590785
0	0	1366	-5.509e-05	0.0196053	0.00475729
0	0	1368	-3.689e-05	0.0195499	0.00377509
0	0	1370	-2.209e-05	0.0195201	0.00296316
0	0	1372	-1.078e-05	0.019504	0.00230724
0	0	1374	-2.36e-06	0.0194942	0.00178602
0	0	1376	4.22e-06	0.0194873	0.00137584
0	0	1378	1.029e-05	0.0194819	0.00105553
0	0	1380	1.479e-05	0.0194762	0.00080602
0	0	1382	1.785e-05	0.0194694	0.00061245
0	0	1384	2.068e-05	0.0194599	0.00046271
0	0	1386	2.213e-05	0.0194483	0.00034842
0	0	1388	2.347e-05	0.0194329	0.00026076
0	0	1390	2.482e-05	0.0194105	0.00019565
0	0	1392	2.558e-05	0.0193766	0.00014794
0	0	1394	2.562e-05	0.0193254	0.0001149
0	0	1396	2.632e-05	0.0192471	9.465e-05
0	0	1398	2.671e-05	0.0191248	8.637e-05
0	0	1400	2.688e-05	0.0189364	9.055e-05
0	0	1402	2.693e-05	0.0186491	0.00010747
0	0	1404	2.657e-05	0.0182245	0.00013753
0	0	1406	2.62e-05	0.0176249	0.0001804
0	0	1408	2.6e-05	0.0168269	0.00023547
0	0	1410	2.531e-05	0.0158397	0.00029603
0	0	1412	2.388e-05	0.0147102	0.00035508
0	0	1414	2.329e-05	0.0135113	0.00040702
0	0	1416	2.365e-05	0.0123182	0.00044816
0	0	1418	2.335e-05	0.0111884	0.00047847
0	0	1420	2.336e-05	0.0101563	0.0004987
0	0	1422	2.377e-05	0.00923403	0.0005111
0	0	1424	2.459e-05	0.00842108	0.00051858
0	0	1426	2.524e-05	0.00770808	0.00052236
0	0	1428	2.585e-05	0.0070828	0.00052356
0	0	1430	2.663e-05	0.00653462	0.00052211
0	0	1432	2.766e-05	0.00605281	0.00051972
0	0	1434	2.914e-05	0.00562647	0.00051651
0	0	1436	2.982e-05	0.00524761	0.00051222
0	0	1438	3.121e-05	0.00490979	0.00050826
0	0	1440	3.254e-05	0.0046066	0.00050356
0	0	1442	3.372e-05	0.00433357	0.0004981
0	0	1444	3.449e-05	0.0040857	0.00049241
0	0	1446	3.552e-05	0.00386109	0.00048629
0	0	1448	3.629e-05	0.00365647	0.00048089
0	0	1450	3.702e-05	0.00346852	0.00047507
0	0	1452	3.771e-05	0.00329585	0.00046893
0	0	1454	3.792e-05	0.0031366	0.00046259
0	0	1456	3.847e-05	0.00298888	0.00045636
0	0	1458	3.935e-05	0.00285186	0.00044986
0	0	1460	3.998e-05	0.00272489	0.00044378
0	0	1462	3.993e-05	0.0026063	0.0004371
0	0	1464	4.045e-05	0.0024954	0.00043075
0	0	1466	4.065e-05	0.00239161	0.00042442
0	0	1468	4.082e-05	0.00229412	0.00041781
0	0	1470	4.106e-05	0.00220203	0.00041127
0	0	1472	4.129e-05	0.00211531	0.00040463
0	0	1474	4.183e-05	0.00203415	0.00039808
0	0	1476	4.211e-05	0.00195734	0.00039155
0	0	1478	4.169e-05	0.00188424	0.00038552
0	0	1480	4.109e-05	0.00181441	0.00037949
0	0	1482	4.062e-05	0.00174842	0.00037291
0	0	1484	4.064e-05	0.00168599	0.00036646
0	0	1486	4.065e-05	0.00162696	0.00036072
0	0	1488	4.074e-05	0.00157033	0.00035461
0	0	1490	4.022e-05	0.00151632	0.00034886
0	0	1492	3.994e-05	0.00146523	0.00034287
0	0	1494	3.948e-05	0.00141615	0.00033699
0	0	1496	3.941e-05	0.00136938	0.00033193
0	0	1498	3.933e-05	0.00132452	0.00032625
0	0	1500	3.909e-05	0.00128136	0.00032031
0	0	1502	3.902e-05	0.0012398	0.00031481
0	0	1504	3.853e-05	0.00120061	0.00030908
0	0	1506	3.792e-05	0.00116345	0.00030378
0	0	1508	3.716e-05	0.00112698	0.00029856
0	0	1510	3.656e-05	0.00109182	0.00029361
0	0	1512	3.691e-05	0.00105834	0.00028858
0	0	1514	3.686e-05	0.00102611	0.00028355
0	0	1516	3.624e-05	0.00099517	0.00027826
0	0	1518	3.535e-05	0.00096534	0.00027375
0	0	1520	3.481e-05	0.00093703	0.00026922
0	0	1522	3.452e-05	0.00090993	0.00026446
0	0	1524	3.425e-05	0.00088363	0.00026009
0	0	1526	3.356e-05	0.00085827	0.00025558
0	0	1528	3.296e-05	0.00083325	0.0002511
0	0	1530	3.233e-05	0.00080942	0.00024697
0	0	1532	3.194e-05	0.00078706	0.00024307
0	0	1534	3.153e-05	0.00076471	0.00023943
0	0	1536	3.098e-05	0.00074329	0.00023465
0	0	1538	3.039e-05	0.00072248	0.00023095
0	0	1540	2.976e-05	0.00070315	0.00022691
0	0	1542	2.951e-05	0.00068421	0.00022295
0	0	1544	2.927e-05	0.00066543	0.00021956
0	0	1546	2.868e-05	0.00064745	0.00021585
0	0	1548	2.79e-05	0.00063043	0.00021228
0	0	1550	2.745e-05	0.00061341	0.00020891
0	0	1552	2.695e-05	0.00059728	0.00020493
0	0	1554	2.654e-05	0.0005814	0.00020212
0	0	1556	2.58e-05	0.0005661	0.00019868
0	0	1558	2.591e-05	0.00055154	0.00019576
0	0	1560	2.537e-05	0.00053717	0.00019241
0	0	1562	2.481e-05	0.00052312	0.00018867
0	0	1564	2.456e-05	0.00050945	0.00018558
0	0	1566	2.425e-05	0.00049671	0.00018325
0	0	1568	2.332e-05	0.00048461	0.00018062
0	0	1570	2.293e-05	0.00047276	0.0001774
0	0	1572	2.26e-05	0.00046076	0.00017461
0	0	1574	2.17e-05	0.00044927	0.0001721
0	0	1576	2.128e-05	0.0004377	0.00016985
0	0	1578	2.096e-05	0.00042712	0.00016697
0	0	1580	2.074e-05	0.00041684	0.00016411
0	0	1582	2.035e-05	0.00040694	0.00016237
0	0	1584	2.025e-05	0.00039722	0.00015986
0	0	1586	1.985e-05	0.00038803	0.00015696
0	0	1588	1.877e-05	0.00037898	0.00015445
0	0	1590	1.825e-05	0.00036927	0.00015257
0	0	1592	1.763e-05	0.00036041	0.00015034
0	0	1594	1.696e-05	0.00035197	0.00014809
0	0	1596	1.723e-05	0.00034425	0.00014587
0	0	1598	1.698e-05	0.00033642	0.00014352
0	0	1600	1.627e-05	0.0003289	0.00014136
0	0	1602	1.568e-05	0.0003207	0.00013955
0	0	1604	1.56e-05	0.00031335	0.0001373
0	0	1606	1.519e-05	0.00030639	0.00013559
0	0	1608	1.494e-05	0.00029928	0.00013408
0	0	1610	1.469e-05	0.00029311	0.00013187
0	0	1612	1.417e-05	0.00028643	0.00012998
0	0	1614	1.376e-05	0.00027989	0.00012758
0	0	1616	1.317e-05	0.00027362	0.0001256
0	0	1618	1.293e-05	0.00026745	0.00012429
0	0	1620	1.242e-05	0.00026197	0.00012299
0	0	1622	1.252e-05	0.00025591	0.00012167
0	0	1624	1.203e-05	0.00025052	0.00012008
0	0	1626	1.111e-05	0.00024521	0.00011822
0	0	1628	1.007e-05	0.00023996	0.0001162
0	0	1630	9.69e-06	0.00023472	0.00011466
0	0	1632	9.22e-06	0.00022958	0.00011287
0	0	1634	9.05e-06	0.00022496	0.00011104
0	0	1636	8.87e-06	0.00022022	0.0001098
0	0	1638	7.95e-06	0.00021537	0.0001086
0	0	1640	7.5e-06	0.00021104	0.00010688
0	0	1642	7.03e-06	0.000207	0.00010548
0	0	1644	6.78e-06	0.00020278	0.0001039
0	0	1646	6.29e-06	0.00019859	0.00010242
0	0	1648	6.39e-06	0.00019431	0.00010139
0	0	1650	6.15e-06	0.00018991	0.00010008
