X[mm]	Y[mm]	Z[mm]	Bx[T]	By[T]	Bz[T]
----------------------------------------------------------------------------------------------------------------------------------------------------------------
0	0	-1650	1.006e-05	-5.629e-05	-4.924e-05
0	0	-1648	1.026e-05	-5.789e-05	-5.015e-05
0	0	-1646	1.014e-05	-5.938e-05	-5.06e-05
0	0	-1644	1.035e-05	-6.088e-05	-5.148e-05
0	0	-1642	1.03e-05	-6.209e-05	-5.281e-05
0	0	-1640	1.076e-05	-6.362e-05	-5.424e-05
0	0	-1638	1.073e-05	-6.515e-05	-5.504e-05
0	0	-1636	1.098e-05	-6.661e-05	-5.545e-05
0	0	-1634	1.067e-05	-6.81e-05	-5.666e-05
0	0	-1632	1.152e-05	-6.952e-05	-5.747e-05
0	0	-1630	1.213e-05	-7.16e-05	-5.894e-05
0	0	-1628	1.162e-05	-7.275e-05	-6.002e-05
0	0	-1626	1.123e-05	-7.465e-05	-6.145e-05
0	0	-1624	1.172e-05	-7.632e-05	-6.228e-05
0	0	-1622	1.156e-05	-7.776e-05	-6.383e-05
0	0	-1620	1.132e-05	-7.991e-05	-6.485e-05
0	0	-1618	1.162e-05	-8.16e-05	-6.565e-05
0	0	-1616	1.198e-05	-8.345e-05	-6.674e-05
0	0	-1614	1.189e-05	-8.546e-05	-6.831e-05
0	0	-1612	1.216e-05	-8.756e-05	-6.967e-05
0	0	-1610	1.247e-05	-8.949e-05	-7.122e-05
0	0	-1608	1.274e-05	-9.136e-05	-7.212e-05
0	0	-1606	1.259e-05	-9.348e-05	-7.371e-05
0	0	-1604	1.326e-05	-9.559e-05	-7.529e-05
0	0	-1602	1.344e-05	-9.757e-05	-7.636e-05
0	0	-1600	1.355e-05	-9.96e-05	-7.803e-05
0	0	-1598	1.34e-05	-0.00010201	-8.015e-05
0	0	-1596	1.375e-05	-0.00010391	-8.202e-05
0	0	-1594	1.471e-05	-0.00010656	-8.298e-05
0	0	-1592	1.442e-05	-0.00010882	-8.532e-05
0	0	-1590	1.426e-05	-0.0001113	-8.709e-05
0	0	-1588	1.482e-05	-0.00011355	-8.862e-05
0	0	-1586	1.544e-05	-0.00011657	-9.044e-05
0	0	-1584	1.577e-05	-0.00011908	-9.201e-05
0	0	-1582	1.546e-05	-0.00012183	-9.327e-05
0	0	-1580	1.61e-05	-0.00012431	-9.532e-05
0	0	-1578	1.588e-05	-0.00012702	-9.737e-05
0	0	-1576	1.651e-05	-0.00012983	-9.93e-05
0	0	-1574	1.683e-05	-0.00013284	-0.00010153
0	0	-1572	1.706e-05	-0.00013603	-0.00010343
0	0	-1570	1.657e-05	-0.00013906	-0.00010535
0	0	-1568	1.682e-05	-0.00014162	-0.00010767
0	0	-1566	1.758e-05	-0.00014416	-0.00011017
0	0	-1564	1.762e-05	-0.00014797	-0.00011213
0	0	-1562	1.767e-05	-0.0001514	-0.00011411
0	0	-1560	1.848e-05	-0.00015451	-0.00011613
0	0	-1558	1.866e-05	-0.00015777	-0.00011861
0	0	-1556	1.87e-05	-0.00016129	-0.00012129
0	0	-1554	1.963e-05	-0.00016501	-0.00012396
0	0	-1552	1.995e-05	-0.00016858	-0.00012616
0	0	-1550	1.976e-05	-0.00017201	-0.00012838
0	0	-1548	2.009e-05	-0.00017539	-0.00013118
0	0	-1546	2.078e-05	-0.00017846	-0.00013414
0	0	-1544	2.066e-05	-0.00018247	-0.00013673
0	0	-1542	2.095e-05	-0.0001867	-0.00013954
0	0	-1540	2.09e-05	-0.00019065	-0.00014237
0	0	-1538	2.177e-05	-0.0001944	-0.00014501
0	0	-1536	2.218e-05	-0.00019796	-0.00014783
0	0	-1534	2.221e-05	-0.00020182	-0.00015128
0	0	-1532	2.226e-05	-0.00020564	-0.00015413
0	0	-1530	2.281e-05	-0.00020989	-0.0001573
0	0	-1528	2.313e-05	-0.00021459	-0.00016011
0	0	-1526	2.369e-05	-0.00021834	-0.00016346
0	0	-1524	2.338e-05	-0.00022244	-0.00016686
0	0	-1522	2.421e-05	-0.00022645	-0.00017065
0	0	-1520	2.53e-05	-0.00023034	-0.00017381
0	0	-1518	2.543e-05	-0.00023446	-0.00017744
0	0	-1516	2.505e-05	-0.00023927	-0.0001813
0	0	-1514	2.558e-05	-0.00024364	-0.00018442
0	0	-1512	2.569e-05	-0.00024702	-0.0001878
0	0	-1510	2.603e-05	-0.00025108	-0.00019181
0	0	-1508	2.631e-05	-0.00025558	-0.00019567
0	0	-1506	2.66e-05	-0.00025957	-0.00019951
0	0	-1504	2.713e-05	-0.0002635	-0.00020306
0	0	-1502	2.703e-05	-0.00026753	-0.00020737
0	0	-1500	2.73e-05	-0.00027184	-0.00021111
0	0	-1498	2.776e-05	-0.00027579	-0.00021501
0	0	-1496	2.82e-05	-0.00027983	-0.00021878
0	0	-1494	2.801e-05	-0.00028384	-0.0002234
0	0	-1492	2.798e-05	-0.00028748	-0.00022799
0	0	-1490	2.845e-05	-0.00029131	-0.00023157
0	0	-1488	2.811e-05	-0.00029518	-0.00023579
0	0	-1486	2.853e-05	-0.00029909	-0.00024004
0	0	-1484	2.865e-05	-0.00030263	-0.00024447
0	0	-1482	2.848e-05	-0.00030595	-0.00024907
0	0	-1480	2.874e-05	-0.00030908	-0.00025367
0	0	-1478	2.877e-05	-0.00031233	-0.000258
0	0	-1476	2.884e-05	-0.00031567	-0.00026241
0	0	-1474	2.896e-05	-0.00031859	-0.00026681
0	0	-1472	2.88e-05	-0.00032134	-0.00027154
0	0	-1470	2.862e-05	-0.0003241	-0.00027639
0	0	-1468	2.867e-05	-0.00032678	-0.00028064
0	0	-1466	2.846e-05	-0.00032948	-0.00028477
0	0	-1464	2.782e-05	-0.00033202	-0.00028907
0	0	-1462	2.719e-05	-0.00033429	-0.00029295
0	0	-1460	2.671e-05	-0.00033631	-0.00029691
0	0	-1458	2.667e-05	-0.00033847	-0.00030156
0	0	-1456	2.581e-05	-0.00034061	-0.0003054
0	0	-1454	2.477e-05	-0.00034244	-0.00030935
0	0	-1452	2.444e-05	-0.00034504	-0.00031245
0	0	-1450	2.417e-05	-0.00034782	-0.0003157
0	0	-1448	2.355e-05	-0.00035058	-0.00031947
0	0	-1446	2.221e-05	-0.00035272	-0.00032232
0	0	-1444	2.187e-05	-0.00035575	-0.00032564
0	0	-1442	2.081e-05	-0.00035932	-0.00032838
0	0	-1440	1.949e-05	-0.00036319	-0.00033046
0	0	-1438	1.873e-05	-0.00036769	-0.00033245
0	0	-1436	1.751e-05	-0.00037308	-0.00033358
0	0	-1434	1.666e-05	-0.0003804	-0.00033443
0	0	-1432	1.544e-05	-0.00038844	-0.00033473
0	0	-1430	1.432e-05	-0.00039894	-0.00033404
0	0	-1428	1.374e-05	-0.00041162	-0.00033238
0	0	-1426	1.257e-05	-0.00042658	-0.00032973
0	0	-1424	1.101e-05	-0.00044533	-0.00032555
0	0	-1422	9.94e-06	-0.00046726	-0.00031997
0	0	-1420	8.44e-06	-0.00049321	-0.00031183
0	0	-1418	6.73e-06	-0.00052452	-0.00030096
0	0	-1416	5.8e-06	-0.00055948	-0.00028783
0	0	-1414	4.77e-06	-0.00059729	-0.00027111
0	0	-1412	3.59e-06	-0.0006361	-0.00025171
0	0	-1410	2.43e-06	-0.00067396	-0.00023048
0	0	-1408	1.42e-06	-0.00070855	-0.00020911
0	0	-1406	-1.6e-07	-0.00073753	-0.00018957
0	0	-1404	-1.13e-06	-0.00076109	-0.00017482
0	0	-1402	-2.09e-06	-0.00078013	-0.0001652
0	0	-1400	-2.91e-06	-0.00079471	-0.00016293
0	0	-1398	-3.96e-06	-0.00080695	-0.00016816
0	0	-1396	-5.56e-06	-0.00081692	-0.00018149
0	0	-1394	-7.32e-06	-0.00082527	-0.00020509
0	0	-1392	-8.33e-06	-0.00083347	-0.00023965
0	0	-1390	-9.57e-06	-0.00084087	-0.00028879
0	0	-1388	-1.106e-05	-0.00084864	-0.0003548
0	0	-1386	-1.367e-05	-0.00085757	-0.00044205
0	0	-1384	-1.638e-05	-0.00086793	-0.00055607
0	0	-1382	-1.921e-05	-0.00088081	-0.00070414
0	0	-1380	-2.32e-05	-0.00089911	-0.00089625
0	0	-1378	-2.78e-05	-0.00092689	-0.00114399
0	0	-1376	-3.281e-05	-0.00096993	-0.00146265
0	0	-1374	-4.075e-05	-0.00103791	-0.00186901
0	0	-1372	-4.985e-05	-0.00114542	-0.00238454
0	0	-1370	-6.096e-05	-0.00131673	-0.00303205
0	0	-1368	-7.613e-05	-0.00158444	-0.00383067
0	0	-1366	-9.437e-05	-0.00199566	-0.00479095
0	0	-1364	-0.0001162	-0.00260728	-0.00590705
0	0	-1362	-0.00014289	-0.00347872	-0.00714893
0	0	-1360	-0.00017453	-0.00465872	-0.00846033
0	0	-1358	-0.00021067	-0.00617116	-0.00977438
0	0	-1356	-0.00025081	-0.0080087	-0.0110345
0	0	-1354	-0.00029487	-0.0101425	-0.0122108
0	0	-1352	-0.000343	-0.0125372	-0.0133016
0	0	-1350	-0.00039452	-0.0151649	-0.0143246
0	0	-1348	-0.00044973	-0.0180118	-0.0153057
0	0	-1346	-0.00050846	-0.0210787	-0.0162717
0	0	-1344	-0.00057145	-0.0243816	-0.0172433
0	0	-1342	-0.00063883	-0.02795	-0.0182358
0	0	-1340	-0.0007114	-0.0318235	-0.0192565
0	0	-1338	-0.00078935	-0.036055	-0.0203052
0	0	-1336	-0.00087332	-0.0407078	-0.0213703
0	0	-1334	-0.00096504	-0.0458621	-0.0224311
0	0	-1332	-0.0010644	-0.0516109	-0.0234522
0	0	-1330	-0.00117285	-0.0580632	-0.0243798
0	0	-1328	-0.00129294	-0.0653468	-0.0251351
0	0	-1326	-0.00142522	-0.0736023	-0.0256074
0	0	-1324	-0.00157061	-0.0829824	-0.025645
0	0	-1322	-0.0017329	-0.0936402	-0.0250477
0	0	-1320	-0.0019132	-0.105713	-0.0235637
0	0	-1318	-0.00211473	-0.119288	-0.0208896
0	0	-1316	-0.00234041	-0.134376	-0.0167024
0	0	-1314	-0.00259482	-0.150879	-0.0107178
0	0	-1312	-0.00288403	-0.168599	-0.0027882
0	0	-1310	-0.00321481	-0.187308	0.00700427
0	0	-1308	-0.00359407	-0.206871	0.0183006
0	0	-1306	-0.00402944	-0.227405	0.0305087
0	0	-1304	-0.00452281	-0.249321	0.0429257
0	0	-1302	-0.00506748	-0.273281	0.0548693
0	0	-1300	-0.00564305	-0.300095	0.0657489
0	0	-1298	-0.00621214	-0.330627	0.0750681
0	0	-1296	-0.0067183	-0.365689	0.0824161
0	0	-1294	-0.00708887	-0.405961	0.087455
0	0	-1292	-0.00724729	-0.451926	0.0899088
0	0	-1290	-0.00713594	-0.503767	0.0895386
0	0	-1288	-0.0067442	-0.561097	0.0861462
0	0	-1286	-0.00612003	-0.622541	0.0796122
0	0	-1284	-0.00535933	-0.685373	0.069983
0	0	-1282	-0.00457157	-0.745398	0.0576624
0	0	-1280	-0.00384419	-0.797549	0.0435162
0	0	-1278	-0.00322319	-0.837079	0.0286903
0	0	-1276	-0.00271326	-0.860505	0.0141726
0	0	-1274	-0.00229635	-0.865665	0.00052107
0	0	-1272	-0.0019429	-0.85117	-0.0120106
0	0	-1270	-0.00161961	-0.816156	-0.0231574
0	0	-1268	-0.00129625	-0.760679	-0.0324568
0	0	-1266	-0.00094544	-0.686392	-0.03943
0	0	-1264	-0.0005562	-0.59669	-0.0438875
0	0	-1262	-0.00013102	-0.495987	-0.0460768
0	0	-1260	0.00032071	-0.388629	-0.0465808
0	0	-1258	0.00079016	-0.277984	-0.0460639
0	0	-1256	0.00127174	-0.166143	-0.0450766
0	0	-1254	0.00176197	-0.0540987	-0.0439628
0	0	-1252	0.00225931	0.0577725	-0.0428729
0	0	-1250	0.00276061	0.169279	-0.0418729
0	0	-1248	0.00325946	0.280313	-0.0410486
0	0	-1246	0.00374817	0.391157	-0.0405366
0	0	-1244	0.00422108	0.502766	-0.0404421
0	0	-1242	0.00467857	0.616613	-0.0406982
0	0	-1240	0.00512055	0.733963	-0.0410308
0	0	-1238	0.00554303	0.855151	-0.0410716
0	0	-1236	0.00594025	0.979194	-0.0404697
0	0	-1234	0.0063013	1.10387	-0.0389932
0	0	-1232	0.00661267	1.22619	-0.0365686
0	0	-1230	0.00686512	1.34292	-0.0332779
0	0	-1228	0.00705361	1.4509	-0.0292326
0	0	-1226	0.00717687	1.54699	-0.0245406
0	0	-1224	0.00723426	1.62819	-0.0193836
0	0	-1222	0.00723452	1.69224	-0.0141109
0	0	-1220	0.00718821	1.73839	-0.00907719
0	0	-1218	0.00710867	1.76733	-0.00440601
0	0	-1216	0.00700827	1.7803	5.685e-05
0	0	-1214	0.00689432	1.77817	0.00463967
0	0	-1212	0.0067726	1.76083	0.00965291
0	0	-1210	0.00664543	1.72733	0.0152125
0	0	-1208	0.00651568	1.67656	0.0211314
0	0	-1206	0.00638417	1.60821	0.0269282
0	0	-1204	0.00624643	1.52358	0.0320097
0	0	-1202	0.00608619	1.42552	0.0358911
0	0	-1200	0.00588457	1.31785	0.0383194
0	0	-1198	0.00562402	1.20466	0.0392943
0	0	-1196	0.00529412	1.08975	0.0389976
0	0	-1194	0.00489519	0.976271	0.037717
0	0	-1192	0.00443358	0.866502	0.0357766
0	0	-1190	0.00392274	0.761826	0.0334906
0	0	-1188	0.00337487	0.662814	0.0310951
0	0	-1186	0.00280197	0.569435	0.0287479
0	0	-1184	0.00221458	0.481256	0.0265389
0	0	-1182	0.00162212	0.397658	0.0245283
0	0	-1180	0.00103072	0.317937	0.0227533
0	0	-1178	0.00044365	0.241368	0.0212171
0	0	-1176	-0.00013737	0.167237	0.0199171
0	0	-1174	-0.00071049	0.0948617	0.0188386
0	0	-1172	-0.0012761	0.0235856	0.0179768
0	0	-1170	-0.00183358	-0.0472154	0.017317
0	0	-1168	-0.00238154	-0.118171	0.0168309
0	0	-1166	-0.0029187	-0.189921	0.0164972
0	0	-1164	-0.00344137	-0.263117	0.0163021
0	0	-1162	-0.00394526	-0.33844	0.0162399
0	0	-1160	-0.00442552	-0.416617	0.0163005
0	0	-1158	-0.00487858	-0.498381	0.0164814
0	0	-1156	-0.00530256	-0.584452	0.0167971
0	0	-1154	-0.00569947	-0.675501	0.0172443
0	0	-1152	-0.00607031	-0.772097	0.0177767
0	0	-1150	-0.0064139	-0.874536	0.0183107
0	0	-1148	-0.00672705	-0.982645	0.0187332
0	0	-1146	-0.00700082	-1.09559	0.0188715
0	0	-1144	-0.00722439	-1.21169	0.0185459
0	0	-1142	-0.00738965	-1.32831	0.0176022
0	0	-1140	-0.00749132	-1.44198	0.0159392
0	0	-1138	-0.00753233	-1.54871	0.0135679
0	0	-1136	-0.00752181	-1.6444	0.0106081
0	0	-1134	-0.00747308	-1.72548	0.00732522
0	0	-1132	-0.00740029	-1.78965	0.0040769
0	0	-1130	-0.00731213	-1.83616	0.00114013
0	0	-1128	-0.00721161	-1.86558	-0.00143067
0	0	-1126	-0.0070978	-1.87893	-0.00379755
0	0	-1124	-0.00696989	-1.87686	-0.00623142
0	0	-1122	-0.00682234	-1.85921	-0.0089579
0	0	-1120	-0.00664337	-1.82507	-0.0120197
0	0	-1118	-0.00642036	-1.77343	-0.0152109
0	0	-1116	-0.00614171	-1.70408	-0.0181299
0	0	-1114	-0.00580091	-1.61833	-0.0203688
0	0	-1112	-0.00539692	-1.51899	-0.0216992
0	0	-1110	-0.00493669	-1.40983	-0.0221329
0	0	-1108	-0.00443208	-1.29485	-0.0218307
0	0	-1106	-0.00389847	-1.17782	-0.0210021
0	0	-1104	-0.00335066	-1.0619	-0.0198795
0	0	-1102	-0.00280476	-0.949419	-0.0186974
0	0	-1100	-0.00226875	-0.841836	-0.0176375
0	0	-1098	-0.00175129	-0.739797	-0.0168086
0	0	-1096	-0.0012514	-0.643326	-0.0162458
0	0	-1094	-0.00076695	-0.552048	-0.0159494
0	0	-1092	-0.0002932	-0.465387	-0.0158813
0	0	-1090	0.0001735	-0.382683	-0.0159903
0	0	-1088	0.00063706	-0.303257	-0.0162368
0	0	-1086	0.0010969	-0.226414	-0.0166184
0	0	-1084	0.00155298	-0.151479	-0.0171509
0	0	-1082	0.00200166	-0.0777955	-0.0178426
0	0	-1080	0.00244054	-0.00470137	-0.0187076
0	0	-1078	0.00286719	0.0684652	-0.0197647
0	0	-1076	0.00327921	0.142379	-0.0210178
0	0	-1074	0.00367409	0.217694	-0.0224453
0	0	-1072	0.00405023	0.295077	-0.0240264
0	0	-1070	0.00440517	0.375239	-0.0257565
0	0	-1068	0.00473758	0.458897	-0.0276471
0	0	-1066	0.00504869	0.546755	-0.0296907
0	0	-1064	0.00534228	0.639506	-0.031841
0	0	-1062	0.00562062	0.737742	-0.0340193
0	0	-1060	0.00588469	0.841814	-0.0360997
0	0	-1058	0.00613038	0.951592	-0.0378765
0	0	-1056	0.00635148	1.06625	-0.0390632
0	0	-1054	0.0065384	1.18412	-0.0393563
0	0	-1052	0.00667678	1.30257	-0.0385004
0	0	-1050	0.0067576	1.41803	-0.0363427
0	0	-1048	0.00677662	1.52642	-0.0328642
0	0	-1046	0.00673554	1.62356	-0.028235
0	0	-1044	0.00664106	1.70587	-0.0228506
0	0	-1042	0.00650394	1.77099	-0.0172062
0	0	-1040	0.00633434	1.81827	-0.0117048
0	0	-1038	0.00614025	1.84832	-0.00651763
0	0	-1036	0.00592622	1.86229	-0.00157954
0	0	-1034	0.00569361	1.86092	0.00333161
0	0	-1032	0.00543782	1.84414	0.00843268
0	0	-1030	0.00515673	1.81108	0.0137763
0	0	-1028	0.00484814	1.76073	0.0191709
0	0	-1026	0.00451286	1.69278	0.0242169
0	0	-1024	0.0041521	1.60835	0.0284394
0	0	-1022	0.00376923	1.51011	0.0315074
0	0	-1020	0.00336913	1.40172	0.0333238
0	0	-1018	0.00295919	1.2872	0.0339764
0	0	-1016	0.00255106	1.17036	0.0336422
0	0	-1014	0.00215	1.05441	0.032573
0	0	-1012	0.0017617	0.941759	0.0310698
0	0	-1010	0.00138635	0.833907	0.0294097
0	0	-1008	0.00101948	0.731538	0.0277705
0	0	-1006	0.00065662	0.63472	0.0262541
0	0	-1004	0.00029223	0.5431	0.0249217
0	0	-1002	-7.812e-05	0.456118	0.0237934
0	0	-1000	-0.0004543	0.373111	0.0228612
0	0	-998	-0.00083486	0.293383	0.0221155
0	0	-996	-0.0012166	0.216227	0.0215506
0	0	-994	-0.00159717	0.140969	0.0211689
0	0	-992	-0.00197362	0.0669513	0.0209689
0	0	-990	-0.0023474	-0.00648165	0.0209381
0	0	-988	-0.00272199	-0.0799735	0.0210675
0	0	-986	-0.00310096	-0.154177	0.0213515
0	0	-984	-0.00348652	-0.229748	0.0217869
0	0	-982	-0.00387636	-0.307369	0.0223714
0	0	-980	-0.00426598	-0.387754	0.0231046
0	0	-978	-0.00464553	-0.471635	0.0239916
0	0	-976	-0.00500409	-0.559728	0.0250343
0	0	-974	-0.00533334	-0.652739	0.0262014
0	0	-972	-0.00562892	-0.751258	0.0274408
0	0	-970	-0.00588985	-0.855622	0.0286521
0	0	-968	-0.00611865	-0.9657	0.0296853
0	0	-966	-0.00631695	-1.0807	0.0303319
0	0	-964	-0.00648621	-1.19894	0.0303477
0	0	-962	-0.00662425	-1.31771	0.0295361
0	0	-960	-0.00672741	-1.43344	0.0277627
0	0	-958	-0.00679395	-1.54204	0.0249947
0	0	-956	-0.00682739	-1.63933	0.0213343
0	0	-954	-0.00682924	-1.72173	0.017069
0	0	-952	-0.00680094	-1.78691	0.0125935
0	0	-950	-0.00674214	-1.83422	0.00824587
0	0	-948	-0.00665181	-1.86425	0.0041616
0	0	-946	-0.00653152	-1.87806	0.0002539
0	0	-944	-0.00637915	-1.87633	-0.00370985
0	0	-942	-0.00619076	-1.85887	-0.00795549
0	0	-940	-0.00595877	-1.82471	-0.0125534
0	0	-938	-0.00566978	-1.77272	-0.0173325
0	0	-936	-0.00531096	-1.70255	-0.021903
0	0	-934	-0.00487356	-1.61536	-0.0257934
0	0	-932	-0.0043594	-1.51402	-0.0286637
0	0	-930	-0.00378334	-1.40246	-0.0303997
0	0	-928	-0.00316822	-1.28491	-0.0310734
0	0	-926	-0.00253842	-1.16528	-0.0308618
0	0	-924	-0.0019157	-1.04681	-0.0299748
0	0	-922	-0.00132056	-0.931877	-0.0286575
0	0	-920	-0.00076405	-0.822019	-0.0271127
0	0	-918	-0.00025247	-0.717995	-0.0254902
0	0	-916	0.00020779	-0.620068	-0.023883
0	0	-914	0.00061458	-0.528161	-0.0223669
0	0	-912	0.00096446	-0.44191	-0.0210418
0	0	-910	0.0012611	-0.360615	-0.0199997
0	0	-908	0.00151179	-0.283296	-0.0192797
0	0	-906	0.00173098	-0.208901	-0.0188414
0	0	-904	0.0019337	-0.136481	-0.0186078
0	0	-902	0.00213376	-0.065232	-0.0185095
0	0	-900	0.00234499	0.00552278	-0.0184959
0	0	-898	0.00257886	0.0763837	-0.0185504
0	0	-896	0.00284828	0.147947	-0.0187109
0	0	-894	0.00316595	0.220893	-0.0190432
0	0	-892	0.00353958	0.296048	-0.0196188
0	0	-890	0.00397532	0.374371	-0.0204793
0	0	-888	0.00447439	0.456897	-0.0216089
0	0	-886	0.00503135	0.544546	-0.0229366
0	0	-884	0.00562971	0.637963	-0.0243653
0	0	-882	0.00624549	0.737466	-0.0258092
0	0	-880	0.00685036	0.843045	-0.0271727
0	0	-878	0.00741553	0.954328	-0.0283226
0	0	-876	0.00791487	1.0704	-0.0290712
0	0	-874	0.00832885	1.18956	-0.0291836
0	0	-872	0.00864521	1.3092	-0.0284311
0	0	-870	0.00886146	1.42585	-0.0266544
0	0	-868	0.00898035	1.53544	-0.0238135
0	0	-866	0.00901145	1.6337	-0.0200363
0	0	-864	0.00897097	1.71686	-0.0156519
0	0	-862	0.00887681	1.78248	-0.0111186
0	0	-860	0.00874454	1.82988	-0.00681748
0	0	-858	0.00858506	1.85976	-0.00289056
0	0	-856	0.00840226	1.87331	0.00077164
0	0	-854	0.00819456	1.87136	0.00441628
0	0	-852	0.00795703	1.85389	0.00826411
0	0	-850	0.0076848	1.82007	0.0123746
0	0	-848	0.00737612	1.76891	0.016569
0	0	-846	0.00703005	1.70012	0.0204785
0	0	-844	0.00664622	1.61484	0.0236946
0	0	-842	0.00622066	1.51572	0.0259416
0	0	-840	0.00574809	1.40647	0.0271601
0	0	-838	0.00522862	1.29115	0.027431
0	0	-836	0.00466902	1.17358	0.026929
0	0	-834	0.00408054	1.05696	0.0258738
0	0	-832	0.00347715	0.943751	0.0244937
0	0	-830	0.00287117	0.83544	0.0230026
0	0	-828	0.00227346	0.732696	0.0215543
0	0	-826	0.00169306	0.635583	0.0202527
0	0	-824	0.00113641	0.543761	0.0191484
0	0	-822	0.00060736	0.456652	0.0182523
0	0	-820	0.00010409	0.373571	0.0175662
0	0	-818	-0.00037753	0.293794	0.0170787
0	0	-816	-0.00084321	0.216637	0.0167785
0	0	-814	-0.0013016	0.141425	0.016653
0	0	-812	-0.00175918	0.0674834	0.016694
0	0	-810	-0.0022195	-0.00584217	0.0168949
0	0	-808	-0.00268468	-0.0791958	0.017258
0	0	-806	-0.00315328	-0.153222	0.0177834
0	0	-804	-0.00362198	-0.228588	0.0184761
0	0	-802	-0.00408395	-0.305978	0.0193386
0	0	-800	-0.00452777	-0.386098	0.0203668
0	0	-798	-0.00494211	-0.469674	0.0215565
0	0	-796	-0.00531468	-0.557433	0.022894
0	0	-794	-0.00563339	-0.650082	0.0243379
0	0	-792	-0.0058886	-0.748196	0.0258168
0	0	-790	-0.00607256	-0.852087	0.0272231
0	0	-788	-0.00618066	-0.961598	0.0283922
0	0	-786	-0.00621024	-1.07594	0.029108
0	0	-784	-0.00616304	-1.19341	0.0291367
0	0	-782	-0.00604477	-1.31134	0.028284
0	0	-780	-0.00586858	-1.42622	0.0264177
0	0	-778	-0.00565383	-1.534	0.0235239
0	0	-776	-0.00542513	-1.63053	0.0197565
0	0	-774	-0.00520962	-1.71222	0.015435
0	0	-772	-0.00502856	-1.77677	0.0109644
0	0	-770	-0.00489309	-1.82353	0.00667001
0	0	-768	-0.00481039	-1.85313	0.00266219
0	0	-766	-0.00478493	-1.86665	-0.00117809
0	0	-764	-0.00481849	-1.86479	-0.00508789
0	0	-762	-0.00490823	-1.84742	-0.00926934
0	0	-760	-0.00504767	-1.81367	-0.0137463
0	0	-758	-0.00522465	-1.76249	-0.0182912
0	0	-756	-0.00541803	-1.69361	-0.0224683
0	0	-754	-0.00560269	-1.60823	-0.0258163
0	0	-752	-0.00575495	-1.50906	-0.0280721
0	0	-750	-0.00585611	-1.39986	-0.0292114
0	0	-748	-0.00589399	-1.28467	-0.0293346
0	0	-746	-0.00586574	-1.16731	-0.0286412
0	0	-744	-0.00577196	-1.05098	-0.027381
0	0	-742	-0.00561723	-0.938103	-0.0258139
0	0	-740	-0.00540428	-0.830158	-0.0241569
0	0	-738	-0.00513464	-0.727802	-0.0225636
0	0	-736	-0.00481221	-0.631088	-0.0211399
0	0	-734	-0.00444073	-0.539663	-0.0199316
0	0	-732	-0.00402575	-0.452946	-0.018945
0	0	-730	-0.00357643	-0.370245	-0.01818
0	0	-728	-0.00310383	-0.290833	-0.0176328
0	0	-726	-0.0026195	-0.213991	-0.0172941
0	0	-724	-0.0021343	-0.139023	-0.0171551
0	0	-722	-0.00165455	-0.0652541	-0.0172092
0	0	-720	-0.00118467	0.0079791	-0.017443
0	0	-718	-0.00072322	0.0813143	-0.0178577
0	0	-716	-0.00026653	0.155386	-0.0184474
0	0	-714	0.00019151	0.230855	-0.019199
0	0	-712	0.00065842	0.308403	-0.020105
0	0	-710	0.00114397	0.388724	-0.021168
0	0	-708	0.00165809	0.472527	-0.0223796
0	0	-706	0.00220644	0.560534	-0.0237118
0	0	-704	0.00279324	0.653431	-0.0251204
0	0	-702	0.00341587	0.751793	-0.0265283
0	0	-700	0.00406738	0.855908	-0.0278259
0	0	-698	0.00473285	0.965629	-0.0288343
0	0	-696	0.00539209	1.08016	-0.0293364
0	0	-694	0.00601857	1.19779	-0.0291185
0	0	-692	0.00658172	1.31583	-0.0280226
0	0	-690	0.00705453	1.43083	-0.0259474
0	0	-688	0.0074179	1.53876	-0.0229081
0	0	-686	0.00766847	1.63548	-0.0190928
0	0	-684	0.00781567	1.71742	-0.0148232
0	0	-682	0.00787832	1.78228	-0.01049
0	0	-680	0.00787528	1.82938	-0.00639778
0	0	-678	0.00782119	1.85932	-0.00264029
0	0	-676	0.00772492	1.87315	0.00090902
0	0	-674	0.00759325	1.87161	0.00449009
0	0	-672	0.00743124	1.85458	0.00830755
0	0	-670	0.0072439	1.82121	0.0124061
0	0	-668	0.00703752	1.77049	0.016599
0	0	-666	0.00681339	1.70213	0.0205032
0	0	-664	0.0065687	1.61726	0.0237268
0	0	-662	0.00629481	1.51856	0.0260365
0	0	-660	0.00597988	1.40969	0.0273879
0	0	-658	0.00561445	1.29466	0.027861
0	0	-656	0.00519807	1.1773	0.0276173
0	0	-654	0.00473851	1.06087	0.0268624
0	0	-652	0.00424653	0.947812	0.0258122
0	0	-650	0.00373467	0.839623	0.024663
0	0	-648	0.00321368	0.737016	0.0235664
0	0	-646	0.0026913	0.640051	0.0226022
0	0	-644	0.00217361	0.548369	0.0218098
0	0	-642	0.00166294	0.461404	0.0212014
0	0	-640	0.00116067	0.378474	0.0207627
0	0	-638	0.00066873	0.298861	0.0204829
0	0	-636	0.00018725	0.22186	0.0203523
0	0	-634	-0.00028323	0.146798	0.0203664
0	0	-632	-0.00074116	0.0729922	0.0205129
0	0	-630	-0.00118628	-0.00023569	0.0207813
0	0	-628	-0.0016175	-0.0735154	0.0211651
0	0	-626	-0.00202987	-0.147484	0.0216756
0	0	-624	-0.00242229	-0.22282	0.0223215
0	0	-622	-0.00279456	-0.300231	0.0231081
0	0	-620	-0.00314935	-0.380406	0.0240514
0	0	-618	-0.00349114	-0.464086	0.0251397
0	0	-616	-0.00382589	-0.552046	0.0263317
0	0	-614	-0.00415863	-0.645016	0.0275672
0	0	-612	-0.00449188	-0.743567	0.0287617
0	0	-610	-0.00482587	-0.848053	0.0297755
0	0	-608	-0.00515594	-0.958385	0.0304164
0	0	-606	-0.00547512	-1.07376	0.0304769
0	0	-604	-0.00577345	-1.19244	0.0297524
0	0	-602	-0.00604082	-1.3117	0.0280926
0	0	-600	-0.00626622	-1.428	0.0254461
0	0	-598	-0.00644857	-1.53719	0.0219207
0	0	-596	-0.00659064	-1.63508	0.0177578
0	0	-594	-0.00669902	-1.71807	0.0133097
0	0	-592	-0.00678046	-1.78385	0.00896979
0	0	-590	-0.00684009	-1.83172	0.00501159
0	0	-588	-0.00688164	-1.86227	0.001481
0	0	-586	-0.00690688	-1.87659	-0.00179179
0	0	-584	-0.00691865	-1.87536	-0.00507584
0	0	-582	-0.00691441	-1.85847	-0.00859445
0	0	-580	-0.00688734	-1.82498	-0.0123915
0	0	-578	-0.00682698	-1.77378	-0.0162572
0	0	-576	-0.00671701	-1.70453	-0.0197906
0	0	-574	-0.00654251	-1.61838	-0.0225744
0	0	-572	-0.00629384	-1.51816	-0.0243672
0	0	-570	-0.00596851	-1.40774	-0.0251831
0	0	-568	-0.00556858	-1.29128	-0.025184
0	0	-566	-0.005102	-1.1726	-0.0245828
0	0	-564	-0.0045806	-1.05487	-0.0235841
0	0	-562	-0.00401971	-0.940509	-0.0223763
0	0	-560	-0.00343756	-0.831057	-0.0211217
0	0	-558	-0.00285065	-0.727297	-0.019913
0	0	-556	-0.0022744	-0.629547	-0.0188025
0	0	-554	-0.00172139	-0.5378	-0.0178219
0	0	-552	-0.00120154	-0.451708	-0.0170061
0	0	-550	-0.00071492	-0.370577	-0.0164108
0	0	-548	-0.00025728	-0.293447	-0.0160699
0	0	-546	0.00018006	-0.219267	-0.0159857
0	0	-544	0.00060663	-0.147051	-0.0161172
0	0	-542	0.00102833	-0.0759817	-0.0164099
0	0	-540	0.00144717	-0.00540691	-0.016827
0	0	-538	0.00186159	0.0652371	-0.0173578
0	0	-536	0.00226709	0.136536	-0.0180036
0	0	-534	0.00266056	0.209162	-0.0187893
0	0	-532	0.00303788	0.28393	-0.0197644
0	0	-530	0.00339839	0.361817	-0.0209757
0	0	-528	0.00374544	0.44391	-0.0224294
0	0	-526	0.00408074	0.531203	-0.0240618
0	0	-524	0.00440581	0.624364	-0.0257656
0	0	-522	0.00472012	0.723748	-0.0274431
0	0	-520	0.00502205	0.829423	-0.0289758
0	0	-518	0.00531035	0.941083	-0.0302118
0	0	-516	0.00558348	1.05784	-0.0309613
0	0	-514	0.0058374	1.17803	-0.0310106
0	0	-512	0.00606685	1.29904	-0.0301488
0	0	-510	0.00626447	1.41732	-0.0282297
0	0	-508	0.00642128	1.52867	-0.0252173
0	0	-506	0.00653076	1.62867	-0.0212541
0	0	-504	0.00659024	1.71346	-0.01667
0	0	-502	0.006605	1.78052	-0.0119124
0	0	-500	0.00658397	1.82911	-0.00735922
0	0	-498	0.00653672	1.85993	-0.0031533
0	0	-496	0.00647114	1.87424	0.00081072
0	0	-494	0.00639075	1.8729	0.00477424
0	0	-492	0.00629764	1.85593	0.00895257
0	0	-490	0.0061896	1.82255	0.0133967
0	0	-488	0.0060653	1.77174	0.0179212
0	0	-486	0.00592164	1.70319	0.0221254
0	0	-484	0.00575052	1.61802	0.0255337
0	0	-482	0.00554492	1.5189	0.0278216
0	0	-480	0.00529713	1.40958	0.0288898
0	0	-478	0.0050058	1.29411	0.0288275
0	0	-476	0.00467719	1.17636	0.0278539
0	0	-474	0.00432311	1.05959	0.0262758
0	0	-472	0.00395486	0.946231	0.0244054
0	0	-470	0.00358295	0.837787	0.0224925
0	0	-468	0.00321549	0.734932	0.0207032
0	0	-466	0.00285808	0.637751	0.0191509
0	0	-464	0.00251161	0.54591	0.0178826
0	0	-462	0.00217541	0.458824	0.0168898
0	0	-460	0.00184733	0.375808	0.0161508
0	0	-458	0.00152484	0.296184	0.0156546
0	0	-456	0.00120772	0.219249	0.0153922
0	0	-454	0.00089674	0.144293	0.0153465
0	0	-452	0.00059224	0.0706326	0.0154974
0	0	-450	0.00029357	-0.00238723	0.0158333
0	0	-448	-2.86e-06	-0.0754172	0.016347
0	0	-446	-0.00030059	-0.149134	0.0170236
0	0	-444	-0.00060383	-0.224196	0.0178375
0	0	-442	-0.00091466	-0.301275	0.018788
0	0	-440	-0.00123146	-0.381071	0.0198831
0	0	-438	-0.00155116	-0.464322	0.021122
0	0	-436	-0.00187413	-0.55176	0.0224991
0	0	-434	-0.00219796	-0.64408	0.0239876
0	0	-432	-0.00251994	-0.741866	0.0255195
0	0	-430	-0.0028392	-0.845448	0.0269703
0	0	-428	-0.00315402	-0.954695	0.0281845
0	0	-426	-0.00346179	-1.06881	0.0289491
0	0	-424	-0.0037613	-1.18611	0.0290416
0	0	-422	-0.00404935	-1.30397	0.0282978
0	0	-420	-0.00432028	-1.4189	0.0265928
0	0	-418	-0.00457106	-1.52687	0.023904
0	0	-416	-0.00479821	-1.62372	0.0203631
0	0	-414	-0.00499949	-1.70583	0.0162627
0	0	-412	-0.00517062	-1.77085	0.0120006
0	0	-410	-0.00530799	-1.81805	0.0079324
0	0	-408	-0.00540969	-1.84806	0.00419977
0	0	-406	-0.00547802	-1.86204	0.0007104
0	0	-404	-0.00551491	-1.86077	-0.00275922
0	0	-402	-0.00552249	-1.84423	-0.0064146
0	0	-400	-0.00549936	-1.81162	-0.010313
0	0	-398	-0.00543565	-1.76195	-0.0142858
0	0	-396	-0.00531476	-1.69488	-0.0179673
0	0	-394	-0.00512223	-1.61149	-0.0209648
0	0	-392	-0.00485409	-1.51437	-0.0230418
0	0	-390	-0.00451028	-1.40715	-0.0241489
0	0	-388	-0.00410605	-1.29373	-0.0243929
0	0	-386	-0.00366794	-1.17787	-0.0239488
0	0	-384	-0.00322168	-1.06277	-0.0230344
0	0	-382	-0.002791	-0.950838	-0.0218702
0	0	-380	-0.00239291	-0.843569	-0.0206354
0	0	-378	-0.00203395	-0.741678	-0.0194719
0	0	-376	-0.00171374	-0.645268	-0.0184637
0	0	-374	-0.00142819	-0.554009	-0.017658
0	0	-372	-0.00116891	-0.467335	-0.0170515
0	0	-370	-0.00092819	-0.384578	-0.0166415
0	0	-368	-0.00069813	-0.305049	-0.0164256
0	0	-366	-0.00046935	-0.22806	-0.0163896
0	0	-364	-0.00023508	-0.152931	-0.0165134
0	0	-362	1.01e-05	-0.0789895	-0.0167897
0	0	-360	0.00026687	-0.00559162	-0.0172222
0	0	-358	0.00053526	0.0678996	-0.0178103
0	0	-356	0.00081607	0.142143	-0.0185555
0	0	-354	0.00111201	0.217792	-0.0194623
0	0	-352	0.00142867	0.295503	-0.0205324
0	0	-350	0.00177295	0.375961	-0.0217696
0	0	-348	0.00215025	0.459883	-0.0231629
0	0	-346	0.00256441	0.548002	-0.0247001
0	0	-344	0.0030156	0.641019	-0.0263578
0	0	-342	0.00350099	0.739525	-0.0280783
0	0	-340	0.00401108	0.843864	-0.0297542
0	0	-338	0.00453291	0.953964	-0.0312188
0	0	-336	0.00504673	1.06905	-0.0322484
0	0	-334	0.00553324	1.18747	-0.0325982
0	0	-332	0.00596891	1.30662	-0.0320408
0	0	-330	0.0063355	1.423	-0.030408
0	0	-328	0.00662108	1.53251	-0.0276631
0	0	-326	0.00682539	1.63091	-0.0239535
0	0	-324	0.00695669	1.71453	-0.0196023
0	0	-322	0.00703085	1.78096	-0.0150464
0	0	-320	0.00706528	1.82943	-0.0106698
0	0	-318	0.00706846	1.86049	-0.00664602
0	0	-316	0.00704599	1.87524	-0.00290731
0	0	-314	0.00700027	1.87442	0.00075476
0	0	-312	0.00692899	1.85793	0.00454701
0	0	-310	0.00682787	1.82487	0.00854582
0	0	-308	0.00669367	1.7741	0.0125877
0	0	-306	0.00652454	1.7052	0.0163122
0	0	-304	0.00632057	1.61926	0.0193123
0	0	-302	0.00608679	1.51907	0.0213426
0	0	-300	0.00582332	1.40849	0.022362
0	0	-298	0.00553484	1.29172	0.0225056
0	0	-296	0.00523109	1.17267	0.0220017
0	0	-294	0.00491945	1.05456	0.0210702
0	0	-292	0.00460594	0.939808	0.0198957
0	0	-290	0.00429464	0.829949	0.0186415
0	0	-288	0.00398992	0.725849	0.0174262
0	0	-286	0.00369671	0.627849	0.0163165
0	0	-284	0.00342184	0.535896	0.0153716
0	0	-282	0.00316725	0.449583	0.0146461
0	0	-280	0.00292869	0.368176	0.0141873
0	0	-278	0.00269254	0.290705	0.0140016
0	0	-276	0.00244235	0.216118	0.0140516
0	0	-274	0.00216318	0.143474	0.0142917
0	0	-272	0.00184712	0.0720163	0.0146899
0	0	-270	0.00149479	0.00112747	0.0152342
0	0	-268	0.00111038	-0.0697581	0.0159279
0	0	-266	0.00069948	-0.141238	0.0167853
0	0	-264	0.00026421	-0.213998	0.0178283
0	0	-262	-0.00020251	-0.288867	0.0190815
0	0	-260	-0.0007119	-0.366847	0.0205338
0	0	-258	-0.00127551	-0.449003	0.0221459
0	0	-256	-0.00189875	-0.536268	0.0238574
0	0	-254	-0.00257421	-0.629262	0.0256036
0	0	-252	-0.00328263	-0.728316	0.027337
0	0	-250	-0.00399826	-0.833499	0.0289959
0	0	-248	-0.00469495	-0.944516	0.0304617
0	0	-246	-0.00534747	-1.06051	0.0315431
0	0	-244	-0.00593433	-1.17987	0.0319862
0	0	-242	-0.00643841	-1.30008	0.0315335
0	0	-240	-0.00684805	-1.41768	0.0299948
0	0	-238	-0.00716213	-1.52854	0.0273098
0	0	-236	-0.00738802	-1.62831	0.0236069
0	0	-234	-0.00754097	-1.71312	0.0192317
0	0	-232	-0.00763909	-1.7804	0.014664
0	0	-230	-0.00769379	-1.82934	0.0103161
0	0	-228	-0.00771426	-1.86055	0.00635214
0	0	-226	-0.00770626	-1.87524	0.00268455
0	0	-224	-0.00767491	-1.87422	-0.00090707
0	0	-222	-0.00761716	-1.85742	-0.00463464
0	0	-220	-0.00752689	-1.82396	-0.00856286
0	0	-218	-0.00739449	-1.77275	-0.0125286
0	0	-216	-0.00720304	-1.70337	-0.0161796
0	0	-214	-0.00694051	-1.61698	-0.0191349
0	0	-212	-0.00660032	-1.51636	-0.0211522
0	0	-210	-0.00618232	-1.40541	-0.022202
0	0	-208	-0.00569549	-1.2883	-0.022428
0	0	-206	-0.00515194	-1.16893	-0.022037
0	0	-204	-0.00456732	-1.05054	-0.0212233
0	0	-202	-0.00396011	-0.935539	-0.0201736
0	0	-200	-0.00334588	-0.825461	-0.0190303
0	0	-198	-0.00274198	-0.721168	-0.0179001
0	0	-196	-0.00216299	-0.622998	-0.0168544
0	0	-194	-0.00162105	-0.530916	-0.0159486
0	0	-192	-0.00112287	-0.444532	-0.0152542
0	0	-190	-0.00066993	-0.36313	-0.0148342
0	0	-188	-0.00025677	-0.285728	-0.0147163
0	0	-186	0.00012909	-0.211254	-0.0148693
0	0	-184	0.0004976	-0.13876	-0.0152416
0	0	-182	0.00085671	-0.067483	-0.0158058
0	0	-180	0.00121256	0.00320123	-0.0165375
0	0	-178	0.00156732	0.0738778	-0.0174178
0	0	-176	0.00192122	0.14513	-0.0184515
0	0	-174	0.00227563	0.217629	-0.0196579
0	0	-172	0.00263147	0.292188	-0.0210573
0	0	-170	0.00299034	0.369826	-0.0226457
0	0	-168	0.00335447	0.451616	-0.0243902
0	0	-166	0.00372375	0.53851	-0.0262214
0	0	-164	0.00409539	0.631162	-0.0280611
0	0	-162	0.00446275	0.729959	-0.0298377
0	0	-160	0.00481772	0.834992	-0.0314726
0	0	-158	0.00515169	0.945962	-0.0328566
0	0	-156	0.00545708	1.06202	-0.0338062
0	0	-154	0.00572872	1.18154	-0.0340797
0	0	-152	0.00595977	1.302	-0.033433
0	0	-150	0.00614117	1.4199	-0.0316894
0	0	-148	0.00626916	1.53111	-0.0287966
0	0	-146	0.00634041	1.63127	-0.0248721
0	0	-144	0.00635992	1.71649	-0.0202429
0	0	-142	0.0063411	1.78416	-0.0153876
0	0	-140	0.00629436	1.83346	-0.0107165
0	0	-138	0.00622965	1.865	-0.00640286
0	0	-136	0.00615422	1.87999	-0.00237135
0	0	-134	0.00607168	1.87926	0.00159755
0	0	-132	0.00598256	1.86276	0.00571592
0	0	-130	0.00588442	1.82964	0.0100568
0	0	-128	0.00577702	1.77877	0.0144597
0	0	-126	0.00565972	1.70979	0.018553
0	0	-124	0.00552774	1.62378	0.0219051
0	0	-122	0.00537602	1.52352	0.0242239
0	0	-120	0.00520272	1.41287	0.025428
0	0	-118	0.00500818	1.29601	0.0256278
0	0	-116	0.00479687	1.17683	0.025066
0	0	-114	0.00457515	1.05856	0.0240197
0	0	-112	0.0043476	0.943598	0.0227345
0	0	-110	0.00411958	0.833468	0.0214341
0	0	-108	0.00389585	0.728983	0.0202771
0	0	-106	0.00368096	0.630404	0.0193273
0	0	-104	0.0034811	0.537647	0.0185961
0	0	-102	0.00329871	0.450344	0.0180615
0	0	-100	0.00312789	0.367859	0.0176961
0	0	-98	0.00295771	0.289331	0.0174784
0	0	-96	0.00277254	0.213765	0.0173844
0	0	-94	0.00255987	0.14025	0.0173933
0	0	-92	0.00231079	0.0680195	0.0174993
0	0	-90	0.00201867	-0.0035583	0.0177097
0	0	-88	0.00168001	-0.0750802	0.0180264
0	0	-86	0.00129144	-0.147135	0.0184592
0	0	-84	0.00085535	-0.220376	0.0190295
0	0	-82	0.0003755	-0.29559	0.0197642
0	0	-80	-0.00014204	-0.373759	0.0206871
0	0	-78	-0.00068866	-0.455913	0.0218041
0	0	-76	-0.00125025	-0.542973	0.0231031
0	0	-74	-0.00180996	-0.635631	0.0245651
0	0	-72	-0.00234903	-0.734309	0.0261585
0	0	-70	-0.00284763	-0.839124	0.0277946
0	0	-68	-0.00329093	-0.949794	0.0293173
0	0	-66	-0.00367302	-1.06548	0.0304881
0	0	-64	-0.00399008	-1.18458	0.0310201
0	0	-62	-0.00424327	-1.30452	0.0306418
0	0	-60	-0.00443979	-1.4218	0.0291448
0	0	-58	-0.00458691	-1.53227	0.0264821
0	0	-56	-0.0046923	-1.63161	0.0228097
0	0	-54	-0.00476667	-1.71596	0.0184944
0	0	-52	-0.00481508	-1.78279	0.0140047
0	0	-50	-0.00484622	-1.83128	0.00975307
0	0	-48	-0.00487108	-1.86211	0.00590012
0	0	-46	-0.0049015	-1.87648	0.00234663
0	0	-44	-0.00495703	-1.87523	-0.00112777
0	0	-42	-0.00505263	-1.85835	-0.00471963
0	0	-40	-0.00520056	-1.82502	-0.00846559
0	0	-38	-0.0054031	-1.77421	-0.0121683
0	0	-36	-0.00565663	-1.70565	-0.0154739
0	0	-34	-0.00594789	-1.62048	-0.0180415
0	0	-32	-0.00625958	-1.52141	-0.0197292
0	0	-30	-0.00657276	-1.41216	-0.020615
0	0	-28	-0.00687088	-1.29675	-0.0208673
0	0	-26	-0.007144	-1.17905	-0.0206626
0	0	-24	-0.00738375	-1.06231	-0.0201441
0	0	-22	-0.00758403	-0.948946	-0.0194516
0	0	-20	-0.00773962	-0.840489	-0.0187223
0	0	-18	-0.00784281	-0.737681	-0.0180468
0	0	-16	-0.00788441	-0.640564	-0.0174816
0	0	-14	-0.00785758	-0.548769	-0.0170538
0	0	-12	-0.00776218	-0.461737	-0.016783
0	0	-10	-0.00760155	-0.378785	-0.0166729
0	0	-8	-0.0073859	-0.299176	-0.0167183
0	0	-6	-0.00712747	-0.22217	-0.0169142
0	0	-4	-0.0068387	-0.147084	-0.0172531
0	0	-2	-0.00653089	-0.0732546	-0.0177343
0	0	0	-0.00621062	-2.858e-05	-0.0183512
0	0	2	-0.00588106	0.0732413	-0.0190995
0	0	4	-0.00554173	0.147192	-0.0199803
0	0	6	-0.00518555	0.222459	-0.0209933
0	0	8	-0.00479972	0.299728	-0.0221393
0	0	10	-0.00436524	0.379717	-0.0234177
0	0	12	-0.00386058	0.463137	-0.0248246
0	0	14	-0.00326608	0.550712	-0.0263529
0	0	16	-0.00256736	0.643143	-0.0279772
0	0	18	-0.00176035	0.741038	-0.0296419
0	0	20	-0.00084983	0.844738	-0.031248
0	0	22	0.00014643	0.954125	-0.0326458
0	0	24	0.0012021	1.06843	-0.033617
0	0	26	0.0022798	1.18602	-0.0338965
0	0	28	0.00333764	1.30427	-0.0332404
0	0	30	0.00433136	1.4197	-0.0314837
0	0	32	0.00522304	1.52827	-0.0286173
0	0	34	0.00598606	1.62584	-0.0247868
0	0	36	0.00660741	1.70879	-0.0203375
0	0	38	0.00708833	1.7747	-0.0157251
0	0	40	0.00743739	1.82275	-0.0112973
0	0	42	0.00766307	1.8535	-0.00719472
0	0	44	0.00777481	1.86806	-0.00334985
0	0	46	0.0077817	1.86722	0.00043136
0	0	48	0.0076855	1.85094	0.004341
0	0	50	0.00748871	1.81841	0.0084472
0	0	52	0.007193	1.7686	0.0126196
0	0	54	0.00680126	1.70113	0.0165471
0	0	56	0.00631952	1.61705	0.0198372
0	0	58	0.00575406	1.51893	0.0221788
0	0	60	0.00511236	1.41045	0.0234438
0	0	62	0.00440605	1.29568	0.0237033
0	0	64	0.00365155	1.17851	0.0231522
0	0	66	0.00286642	1.06218	0.0220391
0	0	68	0.00207234	0.949156	0.0206363
0	0	70	0.00128974	0.84098	0.0191756
0	0	72	0.00053633	0.738387	0.0178264
0	0	74	-0.00017617	0.641434	0.0166579
0	0	76	-0.00083807	0.549783	0.015709
0	0	78	-0.00144732	0.462887	0.0149916
0	0	80	-0.00200607	0.380052	0.0145003
0	0	82	-0.00251788	0.300558	0.0142182
0	0	84	-0.00298933	0.22369	0.0141208
0	0	86	-0.00342845	0.148768	0.0142024
0	0	88	-0.00384329	0.0751182	0.0144603
0	0	90	-0.00423539	0.00208713	0.0148949
0	0	92	-0.00460756	-0.0709789	0.0155072
0	0	94	-0.00495594	-0.144719	0.0163038
0	0	96	-0.005277	-0.219782	0.0172934
0	0	98	-0.00556566	-0.296854	0.0184666
0	0	100	-0.0058154	-0.376638	0.0198031
0	0	102	-0.00602165	-0.459838	0.0212836
0	0	104	-0.00618026	-0.547166	0.0229003
0	0	106	-0.00629075	-0.639329	0.0246291
0	0	108	-0.00635402	-0.736943	0.0263915
0	0	110	-0.00637732	-0.840361	0.0280863
0	0	112	-0.00636972	-0.949523	0.0295737
0	0	114	-0.00634075	-1.06374	0.0306348
0	0	116	-0.00630058	-1.18143	0.0310078
0	0	118	-0.00625795	-1.29999	0.0304468
0	0	120	-0.00621772	-1.41596	0.0288076
0	0	122	-0.00618297	-1.52525	0.0260688
0	0	124	-0.00615519	-1.62364	0.0223776
0	0	126	-0.00613705	-1.70742	0.0180984
0	0	128	-0.00612692	-1.77412	0.0136886
0	0	130	-0.00612473	-1.82292	0.0095148
0	0	132	-0.00613455	-1.85436	0.00571987
0	0	134	-0.00616489	-1.86951	0.00222329
0	0	136	-0.00622538	-1.86918	-0.00118036
0	0	138	-0.00632463	-1.85336	-0.00468565
0	0	140	-0.00646437	-1.82124	-0.00834686
0	0	142	-0.00663705	-1.77178	-0.0120062
0	0	144	-0.00682567	-1.70451	-0.0153362
0	0	146	-0.00699748	-1.62039	-0.0179609
0	0	148	-0.00711915	-1.52193	-0.0196289
0	0	150	-0.00715976	-1.41281	-0.0202718
0	0	152	-0.00709946	-1.2972	-0.019997
0	0	154	-0.00693345	-1.1791	-0.0190384
0	0	156	-0.00666496	-1.0619	-0.0176632
0	0	158	-0.00630253	-0.948114	-0.0161426
0	0	160	-0.00585464	-0.839334	-0.014717
0	0	162	-0.00532666	-0.736261	-0.0135352
0	0	164	-0.00472638	-0.63891	-0.012677
0	0	166	-0.00406351	-0.546906	-0.0121526
0	0	168	-0.00335459	-0.459688	-0.0119403
0	0	170	-0.00262032	-0.37657	-0.0120225
0	0	172	-0.00188393	-0.296826	-0.0123773
0	0	174	-0.00116958	-0.219739	-0.012985
0	0	176	-0.00049878	-0.144629	-0.0138154
0	0	178	0.00010794	-0.0708053	-0.0148254
0	0	180	0.00063416	0.00241689	-0.0159641
0	0	182	0.00107005	0.0756706	-0.0171869
0	0	184	0.00140978	0.149584	-0.0184669
0	0	186	0.00165904	0.224807	-0.019806
0	0	188	0.00183437	0.302019	-0.021217
0	0	190	0.00196026	0.381889	-0.0227173
0	0	192	0.00207031	0.465125	-0.0243163
0	0	194	0.00219931	0.552458	-0.0259765
0	0	196	0.00237837	0.644594	-0.0276292
0	0	198	0.00263094	0.742126	-0.0291732
0	0	200	0.00296941	0.845408	-0.0304838
0	0	202	0.00339694	0.954368	-0.0313896
0	0	204	0.00390127	1.06829	-0.0316987
0	0	206	0.00445859	1.18556	-0.0312432
0	0	208	0.00503675	1.30358	-0.0298997
0	0	210	0.00559803	1.4189	-0.0276184
0	0	212	0.00611106	1.52749	-0.0244481
0	0	214	0.00655193	1.62517	-0.0205807
0	0	216	0.00691098	1.70831	-0.0163428
0	0	218	0.00719165	1.77448	-0.012115
0	0	220	0.00740268	1.82286	-0.0081911
0	0	222	0.00755121	1.854	-0.00467184
0	0	224	0.0076482	1.86895	-0.00145836
0	0	226	0.00770155	1.86853	0.00167607
0	0	228	0.0077184	1.85273	0.0049406
0	0	230	0.00770412	1.82075	0.00841103
0	0	232	0.00766195	1.77158	0.0119785
0	0	234	0.00759054	1.70479	0.0153645
0	0	236	0.00748334	1.62136	0.0182243
0	0	238	0.00732925	1.52376	0.0203193
0	0	240	0.00711467	1.41562	0.0215881
0	0	242	0.00683169	1.30101	0.0220956
0	0	244	0.0064801	1.18379	0.0219614
0	0	246	0.00606728	1.0673	0.0213592
0	0	248	0.00560453	0.954031	0.0204758
0	0	250	0.00510545	0.845585	0.0194952
0	0	252	0.0045825	0.742708	0.0185475
0	0	254	0.00404619	0.645503	0.0177278
0	0	256	0.00350241	0.553644	0.0170991
0	0	258	0.00295732	0.466578	0.0167044
0	0	260	0.00241597	0.383617	0.0165557
0	0	262	0.00188318	0.304046	0.0166406
0	0	264	0.00136572	0.227164	0.0169492
0	0	266	0.00086961	0.152283	0.0174507
0	0	268	0.00040187	0.0787332	0.0181052
0	0	270	-3.37e-05	0.00584251	0.0188667
0	0	272	-0.00043554	-0.0670388	0.0197088
0	0	274	-0.00080647	-0.140565	0.0206226
0	0	276	-0.00115249	-0.21541	0.0215981
0	0	278	-0.00147713	-0.292283	0.0226392
0	0	280	-0.00178658	-0.371911	0.0237443
0	0	282	-0.00208461	-0.455053	0.0249193
0	0	284	-0.00237437	-0.542475	0.0261275
0	0	286	-0.00266108	-0.634927	0.0273103
0	0	288	-0.00294963	-0.733027	0.0283983
0	0	290	-0.00324581	-0.837121	0.0293034
0	0	292	-0.00354952	-0.947119	0.0298895
0	0	294	-0.00385876	-1.06229	0.0299837
0	0	296	-0.00416986	-1.18096	0.0294221
0	0	298	-0.00447512	-1.3005	0.0280756
0	0	300	-0.00476706	-1.41734	0.0258683
0	0	302	-0.00503777	-1.5274	0.0228141
0	0	304	-0.00528056	-1.62642	0.0190726
0	0	306	-0.00549055	-1.71075	0.0149362
0	0	308	-0.005664	-1.77798	0.0107507
0	0	310	-0.00580076	-1.82735	0.00677715
0	0	312	-0.0059041	-1.85939	0.00310985
0	0	314	-0.00597773	-1.87515	-0.00036052
0	0	316	-0.00602518	-1.87533	-0.00385964
0	0	318	-0.00604647	-1.85977	-0.00758809
0	0	320	-0.00603861	-1.82746	-0.0115897
0	0	322	-0.00599038	-1.77719	-0.0156811
0	0	324	-0.00589241	-1.70851	-0.0194686
0	0	326	-0.00573906	-1.6226	-0.0225097
0	0	328	-0.00553239	-1.52244	-0.0245152
0	0	330	-0.00528421	-1.41216	-0.0254483
0	0	332	-0.00500817	-1.29611	-0.0254608
0	0	334	-0.00471594	-1.17815	-0.0247721
0	0	336	-0.00441618	-1.06143	-0.0236126
0	0	338	-0.00411612	-0.948295	-0.02221
0	0	340	-0.00381679	-0.840169	-0.0207804
0	0	342	-0.00351737	-0.737697	-0.0194648
0	0	344	-0.00321337	-0.640938	-0.0183274
0	0	346	-0.00289904	-0.549556	-0.0174014
0	0	348	-0.00256886	-0.462983	-0.0167083
0	0	350	-0.00221556	-0.380516	-0.0162584
0	0	352	-0.00183506	-0.301426	-0.0160337
0	0	354	-0.00142653	-0.225012	-0.0160222
0	0	356	-0.00098766	-0.150574	-0.0162163
0	0	358	-0.00051918	-0.0774304	-0.0165899
0	0	360	-2.312e-05	-0.00493781	-0.0171004
0	0	362	0.00049784	0.067528	-0.0176972
0	0	364	0.00104139	0.140597	-0.0183545
0	0	366	0.00160438	0.214938	-0.0190552
0	0	368	0.00217853	0.291217	-0.0197832
0	0	370	0.0027554	0.370143	-0.0205398
0	0	372	0.00332694	0.452455	-0.0213464
0	0	374	0.00388463	0.538917	-0.0222158
0	0	376	0.00442262	0.630257	-0.0231311
0	0	378	0.00493661	0.727101	-0.0240452
0	0	380	0.00541979	0.829831	-0.0248923
0	0	382	0.00586518	0.938403	-0.025566
0	0	384	0.00626267	1.05217	-0.0259209
0	0	386	0.0066024	1.16967	-0.0257819
0	0	388	0.0068793	1.28849	-0.0249775
0	0	390	0.00708619	1.40532	-0.0233541
0	0	392	0.00722265	1.51606	-0.0208267
0	0	394	0.00729274	1.61626	-0.017442
0	0	396	0.0073015	1.70172	-0.0134335
0	0	398	0.00725547	1.76961	-0.00919068
0	0	400	0.00716488	1.81895	-0.00507657
0	0	402	0.007042	1.85039	-0.00124176
0	0	404	0.00689645	1.86522	0.002403
0	0	406	0.00673438	1.86448	0.00607231
0	0	408	0.00655704	1.84831	0.00996649
0	0	410	0.00636582	1.81602	0.0141437
0	0	412	0.00615861	1.76664	0.0184396
0	0	414	0.00593329	1.6998	0.0225044
0	0	416	0.00567975	1.61645	0.0259152
0	0	418	0.00538933	1.51908	0.0283443
0	0	420	0.00505313	1.41132	0.0296468
0	0	422	0.00467058	1.29716	0.0298634
0	0	424	0.00424822	1.18041	0.0291658
0	0	426	0.00379634	1.06439	0.0278033
0	0	428	0.00332831	0.951582	0.0260446
0	0	430	0.00285444	0.843541	0.0241318
0	0	432	0.00238307	0.741003	0.0222529
0	0	434	0.0019183	0.644081	0.0205212
0	0	436	0.00146403	0.552447	0.0189979
0	0	438	0.00102256	0.465528	0.017698
0	0	440	0.00059497	0.382641	0.0166223
0	0	442	0.00018186	0.303069	0.0157606
0	0	444	-0.00021472	0.226107	0.0151058
0	0	446	-0.0005934	0.151071	0.0146453
0	0	448	-0.00095382	0.0773037	0.0143606
0	0	450	-0.00129495	0.0041456	0.014245
0	0	452	-0.00161605	-0.0690292	0.0142947
0	0	454	-0.00191907	-0.14284	0.0145071
0	0	456	-0.00220774	-0.217943	0.0148622
0	0	458	-0.00248428	-0.295024	0.0153542
0	0	460	-0.00275174	-0.374776	0.0159884
0	0	462	-0.00301358	-0.457916	0.0167532
0	0	464	-0.00327038	-0.545206	0.0176303
0	0	466	-0.00352365	-0.637381	0.0185882
0	0	468	-0.00377348	-0.735055	0.0195882
0	0	470	-0.00402066	-0.838619	0.0205456
0	0	472	-0.00426488	-0.948035	0.0213285
0	0	474	-0.00450414	-1.0626	0.0217659
0	0	476	-0.00473626	-1.1807	0.0216906
0	0	478	-0.00495694	-1.29971	0.0209346
0	0	480	-0.00515899	-1.41614	0.0193798
0	0	482	-0.00533532	-1.52587	0.0169835
0	0	484	-0.00548313	-1.62466	0.0138581
0	0	486	-0.00560181	-1.7088	0.0102448
0	0	488	-0.00569278	-1.77584	0.00646664
0	0	490	-0.00575754	-1.82496	0.00280193
0	0	492	-0.00579703	-1.85668	-0.00064497
0	0	494	-0.00581119	-1.87206	-0.00397287
0	0	496	-0.00580248	-1.87184	-0.0073897
0	0	498	-0.00577071	-1.85597	-0.0110774
0	0	500	-0.00570945	-1.82357	-0.0150657
0	0	502	-0.00561001	-1.77352	-0.0191689
0	0	504	-0.00546289	-1.70541	-0.0230064
0	0	506	-0.00525613	-1.62029	-0.0261364
0	0	508	-0.00498522	-1.52086	-0.0282619
0	0	510	-0.00465584	-1.41094	-0.0292991
0	0	512	-0.00427599	-1.2947	-0.0293347
0	0	514	-0.00386068	-1.17601	-0.0285741
0	0	516	-0.00342482	-1.05811	-0.0272742
0	0	518	-0.00298249	-0.943441	-0.0256962
0	0	520	-0.00254249	-0.833545	-0.0240271
0	0	522	-0.00211302	-0.729283	-0.0223825
0	0	524	-0.001701	-0.630988	-0.0208338
0	0	526	-0.00131264	-0.538636	-0.0194344
0	0	528	-0.00095281	-0.451889	-0.0182237
0	0	530	-0.00062016	-0.370063	-0.0172387
0	0	532	-0.00030868	-0.292205	-0.0164963
0	0	534	-5.66e-06	-0.217287	-0.0159755
0	0	536	0.00029879	-0.144377	-0.0156314
0	0	538	0.00061247	-0.0726976	-0.0154201
0	0	540	0.00094024	-0.0016143	-0.0153261
0	0	542	0.00128139	0.0694268	-0.0153603
0	0	544	0.00163667	0.140987	-0.0155305
0	0	546	0.00200804	0.213749	-0.015854
0	0	548	0.00239947	0.288525	-0.0163587
0	0	550	0.00281787	0.366298	-0.0170461
0	0	552	0.00326893	0.448126	-0.0178782
0	0	554	0.00375251	0.534969	-0.0187669
0	0	556	0.00425951	0.627473	-0.0196301
0	0	558	0.0047751	0.725968	-0.0204083
0	0	560	0.00528115	0.83052	-0.0210159
0	0	562	0.00575916	0.940836	-0.0213559
0	0	564	0.00619453	1.05608	-0.021295
0	0	566	0.00657327	1.17466	-0.0207061
0	0	568	0.00688404	1.29408	-0.0194635
0	0	570	0.00711895	1.41096	-0.0174836
0	0	572	0.0072755	1.52123	-0.0147776
0	0	574	0.00736268	1.62058	-0.0114927
0	0	576	0.00739168	1.70518	-0.00790505
0	0	578	0.00737932	1.77245	-0.00434965
0	0	580	0.00734399	1.82153	-0.00108772
0	0	582	0.00729799	1.85303	0.00182605
0	0	584	0.00725113	1.86811	0.00455032
0	0	586	0.00720955	1.86764	0.00733052
0	0	588	0.00717329	1.8517	0.0103591
0	0	590	0.00714485	1.81953	0.013675
0	0	592	0.00712214	1.77016	0.0171172
0	0	594	0.00710537	1.70324	0.0203468
0	0	596	0.00708433	1.61975	0.0229799
0	0	598	0.00704907	1.52224	0.0247584
0	0	600	0.00698769	1.41433	0.0255876
0	0	602	0.00689166	1.30001	0.0255147
0	0	604	0.00675636	1.1831	0.0247053
0	0	606	0.00658112	1.06688	0.0234178
0	0	608	0.00636666	0.95387	0.021907
0	0	610	0.00611379	0.845621	0.0203697
0	0	612	0.00582336	0.742874	0.0189561
0	0	614	0.00549558	0.645767	0.0177673
0	0	616	0.00513137	0.553996	0.0168257
0	0	618	0.00473137	0.466981	0.0161139
0	0	620	0.00429717	0.384032	0.0156134
0	0	622	0.00383147	0.304456	0.0152993
0	0	624	0.00333913	0.227528	0.0151567
0	0	626	0.00282432	0.152526	0.0151659
0	0	628	0.00229273	0.078751	0.0153169
0	0	630	0.00175125	0.00554497	0.0156148
0	0	632	0.00120551	-0.0677358	0.016058
0	0	634	0.00066117	-0.141739	0.0166373
0	0	636	0.00012318	-0.217113	0.0173478
0	0	638	-0.00040293	-0.294521	0.018192
0	0	640	-0.00091257	-0.374646	0.019166
0	0	642	-0.00140148	-0.458188	0.020257
0	0	644	-0.00186406	-0.545863	0.0214389
0	0	646	-0.00229955	-0.638353	0.0226889
0	0	648	-0.0027036	-0.736218	0.0239353
0	0	650	-0.00307329	-0.839796	0.0250512
0	0	652	-0.00340764	-0.948994	0.0258716
0	0	654	-0.00370247	-1.06306	0.0261949
0	0	656	-0.00395375	-1.18034	0.0258137
0	0	658	-0.00415559	-1.29826	0.0245433
0	0	660	-0.00430544	-1.41336	0.0223219
0	0	662	-0.0044034	-1.52164	0.0192199
0	0	664	-0.00445506	-1.61899	0.0154463
0	0	666	-0.00447143	-1.70179	0.0113404
0	0	668	-0.00446334	-1.76768	0.00729609
0	0	670	-0.00444153	-1.81588	0.00360907
0	0	672	-0.00441831	-1.84692	0.00033905
0	0	674	-0.00440533	-1.86185	-0.00265624
0	0	676	-0.00441291	-1.86148	-0.00559964
0	0	678	-0.00445185	-1.84578	-0.0086683
0	0	680	-0.00452808	-1.81399	-0.0118847
0	0	682	-0.00463843	-1.7651	-0.0150664
0	0	684	-0.0047703	-1.69872	-0.0178875
0	0	686	-0.00490555	-1.61579	-0.0200064
0	0	688	-0.00502274	-1.51881	-0.0212244
0	0	690	-0.00510531	-1.41137	-0.0215145
0	0	692	-0.00514581	-1.29746	-0.0209964
0	0	694	-0.00514381	-1.18093	-0.019894
0	0	696	-0.00510204	-1.0651	-0.0184493
0	0	698	-0.00502578	-0.952448	-0.0168968
0	0	700	-0.00491712	-0.84451	-0.0154363
0	0	702	-0.00477525	-0.742026	-0.0141808
0	0	704	-0.00460059	-0.645103	-0.0132006
0	0	706	-0.00439516	-0.553399	-0.0124893
0	0	708	-0.00416464	-0.46634	-0.0120227
0	0	710	-0.00391852	-0.383273	-0.0117738
0	0	712	-0.00366798	-0.303527	-0.0117148
0	0	714	-0.00342312	-0.226398	-0.0118236
0	0	716	-0.00319383	-0.151211	-0.0120807
0	0	718	-0.00298481	-0.0773309	-0.0124748
0	0	720	-0.00279866	-0.00410042	-0.0130062
0	0	722	-0.00263423	0.069126	-0.0136601
0	0	724	-0.00248248	0.142982	-0.0144282
0	0	726	-0.00233131	0.218123	-0.0153135
0	0	728	-0.00216106	0.295246	-0.0163157
0	0	730	-0.00194764	0.375056	-0.0174331
0	0	732	-0.00166923	0.45826	-0.0186604
0	0	734	-0.00130444	0.545603	-0.0200009
0	0	736	-0.00084045	0.637777	-0.0214459
0	0	738	-0.00027172	0.735364	-0.0229299
0	0	740	0.00039306	0.838694	-0.0243525
0	0	742	0.0011368	0.947702	-0.0255769
0	0	744	0.00193267	1.06167	-0.0264186
0	0	746	0.0027444	1.17897	-0.0266352
0	0	748	0.00353368	1.29704	-0.02602
0	0	750	0.00426488	1.41252	-0.0244724
0	0	752	0.00490539	1.52143	-0.0219645
0	0	754	0.00543317	1.6196	-0.0185682
0	0	756	0.00583714	1.70334	-0.014513
0	0	758	0.0061149	1.77017	-0.0101643
0	0	760	0.00627303	1.81917	-0.00586776
0	0	762	0.00632316	1.8508	-0.00177427
0	0	764	0.0062766	1.86615	0.00216333
0	0	766	0.0061426	1.86596	0.00612345
0	0	768	0.00593076	1.85019	0.0102731
0	0	770	0.00564854	1.81798	0.0146316
0	0	772	0.00530814	1.76822	0.0189911
0	0	774	0.00492009	1.70048	0.0229689
0	0	776	0.0044975	1.61582	0.0261615
0	0	778	0.00405463	1.51692	0.0282966
0	0	780	0.00360647	1.40755	0.0293143
0	0	782	0.00316294	1.2918	0.0293102
0	0	784	0.00273608	1.17355	0.0284848
0	0	786	0.00233622	1.05603	0.0270785
0	0	788	0.00196797	0.941611	0.0253203
0	0	790	0.00163503	0.831919	0.0234167
0	0	792	0.0013394	0.727844	0.0215116
0	0	794	0.00108291	0.629733	0.0197062
0	0	796	0.00086623	0.537556	0.0180574
0	0	798	0.00069001	0.45099	0.0166118
0	0	800	0.00054867	0.369362	0.0154196
0	0	802	0.00043233	0.291705	0.014505
0	0	804	0.00033053	0.216989	0.0138218
0	0	806	0.00023193	0.144279	0.0133137
0	0	808	0.00012945	0.0727847	0.0129503
0	0	810	1.806e-05	0.00183992	0.012702
0	0	812	-0.00010195	-0.0690782	0.0125636
0	0	814	-0.00023217	-0.140544	0.0125288
0	0	816	-0.00037525	-0.213218	0.0126287
0	0	818	-0.00053609	-0.287891	0.0128979
0	0	820	-0.00072271	-0.365495	0.0133435
0	0	822	-0.00094331	-0.44709	0.0139399
0	0	824	-0.00120603	-0.533636	0.0146477
0	0	826	-0.00151236	-0.625777	0.0154047
0	0	828	-0.00185538	-0.723855	0.0161539
0	0	830	-0.00222603	-0.827967	0.016832
0	0	832	-0.0026127	-0.937856	0.0173548
0	0	834	-0.00300401	-1.05268	0.0176105
0	0	836	-0.00339237	-1.17083	0.0174482
0	0	838	-0.00376909	-1.28991	0.016734
0	0	840	-0.004126	-1.40654	0.0153996
0	0	842	-0.00445382	-1.51667	0.0134135
0	0	844	-0.00474785	-1.61604	0.0108578
0	0	846	-0.00500228	-1.70082	0.00795179
0	0	848	-0.00521333	-1.76837	0.00499683
0	0	850	-0.00538077	-1.81777	0.00226723
0	0	852	-0.00550907	-1.84957	-0.00014144
0	0	854	-0.00560407	-1.86493	-0.00233251
0	0	856	-0.00567443	-1.86473	-0.00451708
0	0	858	-0.00572587	-1.84904	-0.00688696
0	0	860	-0.00575939	-1.81713	-0.00951793
0	0	862	-0.00577116	-1.76799	-0.0123066
0	0	864	-0.00575011	-1.70123	-0.0149754
0	0	866	-0.00567914	-1.61783	-0.0172011
0	0	868	-0.00554203	-1.52029	-0.0187232
0	0	870	-0.00532467	-1.41226	-0.0194267
0	0	872	-0.00502044	-1.2978	-0.0193527
0	0	874	-0.00463393	-1.18079	-0.0186726
0	0	876	-0.00417935	-1.06454	-0.0176451
0	0	878	-0.00367494	-0.951529	-0.0164975
0	0	880	-0.0031389	-0.843331	-0.0154169
0	0	882	-0.00258534	-0.740682	-0.0145378
0	0	884	-0.00202517	-0.643668	-0.013919
0	0	886	-0.00146625	-0.551972	-0.0135565
0	0	888	-0.00091648	-0.465033	-0.0134228
0	0	890	-0.00038276	-0.382173	-0.0134965
0	0	892	0.00012479	-0.302674	-0.0137541
0	0	894	0.00059612	-0.225827	-0.0141684
0	0	896	0.00102414	-0.150912	-0.0147122
0	0	898	0.00140269	-0.077245	-0.0153808
0	0	900	0.00173167	-0.00416245	-0.0161616
0	0	902	0.00201616	0.0689746	-0.0170512
0	0	904	0.00226609	0.142799	-0.0180505
0	0	906	0.00249181	0.217947	-0.0191712
0	0	908	0.00270387	0.295057	-0.0204326
0	0	910	0.00291037	0.374799	-0.0218393
0	0	912	0.00311603	0.457883	-0.0233723
0	0	914	0.00332482	0.545023	-0.0249918
0	0	916	0.00353791	0.636899	-0.026634
0	0	918	0.00375258	0.734139	-0.0281952
0	0	920	0.00396811	0.837151	-0.0295322
0	0	922	0.00418159	0.945898	-0.0304638
0	0	924	0.00438606	1.05967	-0.0308016
0	0	926	0.00457246	1.17693	-0.0303538
0	0	928	0.00473143	1.29514	-0.0289748
0	0	930	0.00485295	1.41083	-0.0266051
0	0	932	0.0049318	1.51991	-0.0233012
0	0	934	0.00496982	1.61819	-0.0192495
0	0	936	0.00497236	1.70201	-0.0147523
0	0	938	0.00495013	1.76889	-0.0101617
0	0	940	0.004915	1.81797	-0.00576912
0	0	942	0.0048701	1.84976	-0.00167021
0	0	944	0.00481647	1.86531	0.00223339
0	0	946	0.00475237	1.86541	0.00614177
0	0	948	0.00467375	1.85004	0.0102196
0	0	950	0.0045763	1.81845	0.0144861
0	0	952	0.00445393	1.76962	0.0187626
0	0	954	0.0043048	1.70314	0.0226939
0	0	956	0.00412684	1.61998	0.0258801
0	0	958	0.00392186	1.52261	0.0280459
0	0	960	0.00369131	1.41463	0.0291033
0	0	962	0.00344119	1.30005	0.0291351
0	0	964	0.00318057	1.18275	0.0283269
0	0	966	0.00291362	1.06607	0.0269153
0	0	968	0.00264576	0.952522	0.0251663
0	0	970	0.00238027	0.84369	0.0233197
0	0	972	0.00211821	0.740367	0.021547
0	0	974	0.00185917	0.642704	0.019959
0	0	976	0.00160169	0.550394	0.0186048
0	0	978	0.00134271	0.462862	0.0175065
0	0	980	0.00107959	0.379447	0.0166538
0	0	982	0.00081112	0.29946	0.0160104
0	0	984	0.00053406	0.222188	0.0155567
0	0	986	0.00024718	0.146926	0.0152704
0	0	988	-5.05e-05	0.0730382	0.0151276
0	0	990	-0.00035786	-0.00011362	0.0151009
0	0	992	-0.00067488	-0.0731909	0.0151835
0	0	994	-0.00099889	-0.146839	0.0153777
0	0	996	-0.00132497	-0.221708	0.0156821
0	0	998	-0.00165006	-0.298471	0.016089
0	0	1000	-0.00197006	-0.377854	0.0166017
0	0	1002	-0.00228144	-0.46061	0.0172196
0	0	1004	-0.0025803	-0.547472	0.0179208
0	0	1006	-0.00286312	-0.639144	0.0186626
0	0	1008	-0.00312845	-0.736269	0.0193805
0	0	1010	-0.00337791	-0.839227	0.0199863
0	0	1012	-0.0036135	-0.947928	0.0203473
0	0	1014	-0.0038387	-1.06164	0.0203111
0	0	1016	-0.00405295	-1.17876	0.0197421
0	0	1018	-0.00424987	-1.29675	0.0185416
0	0	1020	-0.00442249	-1.41217	0.0166796
0	0	1022	-0.0045661	-1.52103	0.0141756
0	0	1024	-0.00467753	-1.61921	0.0111466
0	0	1026	-0.00475647	-1.70306	0.00783321
0	0	1028	-0.00480057	-1.77012	0.00452401
0	0	1030	-0.00480941	-1.81952	0.00144002
0	0	1032	-0.00478294	-1.85172	-0.0013725
0	0	1034	-0.00471788	-1.86771	-0.0040412
0	0	1036	-0.00461129	-1.86818	-0.00678669
0	0	1038	-0.00446156	-1.85299	-0.00979649
0	0	1040	-0.0042594	-1.82113	-0.0131003
0	0	1042	-0.00399377	-1.77138	-0.0165098
0	0	1044	-0.00365639	-1.70323	-0.019644
0	0	1046	-0.00324911	-1.61781	-0.0220952
0	0	1048	-0.00278709	-1.51804	-0.0235951
0	0	1050	-0.0022965	-1.40797	-0.0241108
0	0	1052	-0.00180969	-1.29193	-0.0237935
0	0	1054	-0.00135523	-1.17388	-0.02283
0	0	1056	-0.00095518	-1.05699	-0.0214299
0	0	1058	-0.00061872	-0.943581	-0.0198122
0	0	1060	-0.00034616	-0.835112	-0.0181621
0	0	1062	-0.00013211	-0.732264	-0.0166201
0	0	1064	3.447e-05	-0.635103	-0.0152688
0	0	1066	0.0001666	-0.543258	-0.0141557
0	0	1068	0.00027397	-0.456173	-0.0132826
0	0	1070	0.00036927	-0.373181	-0.0126206
0	0	1072	0.00046316	-0.293587	-0.0121305
0	0	1074	0.00056271	-0.216709	-0.011775
0	0	1076	0.00067333	-0.141882	-0.0115543
0	0	1078	0.0007963	-0.0684659	-0.011469
0	0	1080	0.00093264	0.00418796	-0.0115374
0	0	1082	0.00108467	0.0767307	-0.0117813
0	0	1084	0.00125925	0.149817	-0.0122165
0	0	1086	0.00146603	0.224117	-0.0128499
0	0	1088	0.00171217	0.300314	-0.0136668
0	0	1090	0.0020029	0.379119	-0.0146541
0	0	1092	0.00233717	0.461268	-0.015808
0	0	1094	0.00271121	0.547497	-0.0171167
0	0	1096	0.00311531	0.638521	-0.0185439
0	0	1098	0.00353747	0.734996	-0.0200201
0	0	1100	0.00396294	0.837345	-0.0214645
0	0	1102	0.0043749	0.945591	-0.0227423
0	0	1104	0.00476127	1.05913	-0.0236818
0	0	1106	0.00510662	1.17656	-0.0240787
0	0	1108	0.00540335	1.29555	-0.023763
0	0	1110	0.00564681	1.41283	-0.0226034
0	0	1112	0.00583481	1.52432	-0.0205007
0	0	1114	0.0059687	1.62555	-0.0175
0	0	1116	0.0060498	1.71236	-0.0138403
0	0	1118	0.00608235	1.78175	-0.00988635
0	0	1120	0.00607203	1.83259	-0.00596337
0	0	1122	0.00602927	1.86539	-0.00222114
0	0	1124	0.00596276	1.88141	0.00139376
0	0	1126	0.00587814	1.88169	0.0050524
0	0	1128	0.00577666	1.86646	0.00891245
0	0	1130	0.00566029	1.8351	0.0130081
0	0	1132	0.00553004	1.78671	0.0171903
0	0	1134	0.00538446	1.72092	0.021155
0	0	1136	0.00522181	1.63867	0.0245372
0	0	1138	0.00504022	1.5424	0.0270416
0	0	1140	0.00483791	1.43562	0.0285374
0	0	1142	0.00461644	1.32231	0.0290449
0	0	1144	0.00438018	1.20634	0.0287056
0	0	1146	0.00413467	1.091	0.0277136
0	0	1148	0.00388812	0.9788	0.0263034
0	0	1150	0.00364631	0.871376	0.0246979
0	0	1152	0.00341306	0.769522	0.0230588
0	0	1154	0.00318931	0.673352	0.0214976
0	0	1156	0.00297605	0.582561	0.020078
0	0	1158	0.0027728	0.496601	0.0188368
0	0	1160	0.00257453	0.414808	0.0177812
0	0	1162	0.00237622	0.336462	0.0169071
0	0	1164	0.0021722	0.260858	0.0161861
0	0	1166	0.00195736	0.187319	0.0156054
0	0	1168	0.00172871	0.115179	0.0151514
0	0	1170	0.00148432	0.0437717	0.0147952
0	0	1172	0.00122518	-0.0275505	0.01452
0	0	1174	0.00095065	-0.0994166	0.0143061
0	0	1176	0.00066079	-0.17246	0.0141569
0	0	1178	0.00035585	-0.247345	0.0140631
0	0	1180	3.425e-05	-0.324762	0.014013
0	0	1182	-0.00030255	-0.405425	0.0140072
0	0	1184	-0.00065337	-0.490062	0.0140451
0	0	1186	-0.00101438	-0.579391	0.0141155
0	0	1188	-0.00138209	-0.674032	0.0141822
0	0	1190	-0.00174975	-0.774358	0.0141949
0	0	1192	-0.00211565	-0.880337	0.014085
0	0	1194	-0.00247741	-0.991292	0.0137623
0	0	1196	-0.00282984	-1.10566	0.0130985
0	0	1198	-0.00316566	-1.22094	0.0120045
0	0	1200	-0.00347941	-1.3337	0.0104505
0	0	1202	-0.00376328	-1.43996	0.00842605
0	0	1204	-0.00401462	-1.53557	0.00598575
0	0	1206	-0.0042337	-1.61688	0.00329541
0	0	1208	-0.00442024	-1.68149	0.00058418
0	0	1210	-0.00457614	-1.7286	-0.00197202
0	0	1212	-0.00470264	-1.75878	-0.00436069
0	0	1214	-0.00480823	-1.77312	-0.00673709
0	0	1216	-0.00489921	-1.77231	-0.00933283
0	0	1218	-0.00497879	-1.75612	-0.0123258
0	0	1220	-0.00504501	-1.72333	-0.0157064
0	0	1222	-0.00509064	-1.67242	-0.0192124
0	0	1224	-0.00510578	-1.60259	-0.0223712
0	0	1226	-0.0050764	-1.51467	-0.0246691
0	0	1228	-0.0049921	-1.41133	-0.0257419
0	0	1230	-0.00485405	-1.29647	-0.0254895
0	0	1232	-0.00466971	-1.17433	-0.0240301
0	0	1234	-0.00445044	-1.04869	-0.0216332
0	0	1236	-0.00421189	-0.922609	-0.0186332
0	0	1238	-0.00396612	-0.798349	-0.0153571
0	0	1240	-0.00371749	-0.677382	-0.0120684
0	0	1242	-0.00345932	-0.560354	-0.00897431
0	0	1244	-0.00317696	-0.447267	-0.00616843
0	0	1246	-0.00285335	-0.337716	-0.00366271
0	0	1248	-0.00248119	-0.230988	-0.00143941
0	0	1250	-0.00206683	-0.126222	0.00055185
0	0	1252	-0.00162754	-0.0225369	0.00238834
0	0	1254	-0.00118373	0.0808102	0.00417476
0	0	1256	-0.00075018	0.184256	0.00600824
0	0	1258	-0.00033654	0.287739	0.00798351
0	0	1260	5.101e-05	0.390383	0.0101498
0	0	1262	0.00040548	0.49021	0.0124648
0	0	1264	0.00071359	0.584035	0.0146824
0	0	1266	0.00095482	0.667763	0.016341
0	0	1268	0.00110567	0.737162	0.016844
0	0	1270	0.00114225	0.788925	0.0156386
0	0	1272	0.00104238	0.821347	0.0124198
0	0	1274	0.00078704	0.834217	0.00713265
0	0	1276	0.00035576	0.828286	-0.00019767
0	0	1278	-0.00026502	0.804988	-0.00956775
0	0	1280	-0.00107214	0.766734	-0.0208148
0	0	1282	-0.00203369	0.717228	-0.0333497
0	0	1284	-0.00307468	0.661136	-0.0460928
0	0	1286	-0.00408634	0.603108	-0.0577528
0	0	1288	-0.00494857	0.546806	-0.0672121
0	0	1290	-0.0055633	0.494493	-0.0737362
0	0	1292	-0.00588375	0.447215	-0.0769963
0	0	1294	-0.0059197	0.40522	-0.0769575
0	0	1296	-0.00572148	0.368293	-0.0737719
0	0	1298	-0.00536064	0.335954	-0.0677254
0	0	1300	-0.00490523	0.307533	-0.0591901
0	0	1302	-0.00441087	0.282238	-0.0486141
0	0	1304	-0.00391762	0.259209	-0.0365514
0	0	1306	-0.00345232	0.237605	-0.0237002
0	0	1308	-0.00302958	0.21674	-0.0109062
0	0	1310	-0.00265675	0.196254	0.00090564
0	0	1312	-0.00233504	0.176203	0.010928
0	0	1314	-0.00206515	0.156973	0.0186904
0	0	1316	-0.00184094	0.139028	0.0241442
0	0	1318	-0.0016555	0.122722	0.0275613
0	0	1320	-0.00150235	0.108208	0.0293632
0	0	1322	-0.00137417	0.0954602	0.0299803
0	0	1324	-0.00126572	0.0843398	0.0297806
0	0	1326	-0.0011714	0.0746563	0.0290489
0	0	1328	-0.00108718	0.0662118	0.0279907
0	0	1330	-0.00101034	0.0588185	0.026753
0	0	1332	-0.00093887	0.052308	0.0254346
0	0	1334	-0.00087144	0.0465338	0.0240999
0	0	1336	-0.00080594	0.0413739	0.0227905
0	0	1338	-0.00074288	0.0367283	0.0215293
0	0	1340	-0.00068091	0.0325146	0.0203276
0	0	1342	-0.00062003	0.0286644	0.0191863
0	0	1344	-0.00056005	0.0251251	0.0180977
0	0	1346	-0.00050135	0.0218569	0.0170484
0	0	1348	-0.00044388	0.0188326	0.0160163
0	0	1350	-0.00038907	0.0160373	0.0149745
0	0	1352	-0.00033679	0.0134707	0.0138917
0	0	1354	-0.00028683	0.0111461	0.0127359
0	0	1356	-0.00024138	0.00909211	0.0114871
0	0	1358	-0.00020015	0.00734074	0.0101477
0	0	1360	-0.00016391	0.00591583	0.008753
0	0	1362	-0.00013322	0.00481972	0.00736715
0	0	1364	-0.0001077	0.00402412	0.00606318
0	0	1366	-8.632e-05	0.00347653	0.00489741
0	0	1368	-6.918e-05	0.0031156	0.0039006
0	0	1370	-5.522e-05	0.00288574	0.00307668
0	0	1372	-4.447e-05	0.00274268	0.0024106
0	0	1374	-3.576e-05	0.00265521	0.00188125
0	0	1376	-2.886e-05	0.00260196	0.00146513
0	0	1378	-2.356e-05	0.00256908	0.0011402
0	0	1380	-1.962e-05	0.00254854	0.00088764
0	0	1382	-1.639e-05	0.00253407	0.00069132
0	0	1384	-1.386e-05	0.00252372	0.00054037
0	0	1386	-1.194e-05	0.00251412	0.00042542
0	0	1388	-1.057e-05	0.002505	0.0003382
0	0	1390	-9.69e-06	0.0024957	0.00027385
0	0	1392	-8.82e-06	0.00248544	0.00022782
0	0	1394	-7.14e-06	0.0024732	0.00019739
0	0	1396	-6.37e-06	0.00245728	0.00018053
0	0	1398	-5.89e-06	0.00243639	0.00017473
0	0	1400	-5.78e-06	0.00240827	0.00018009
0	0	1402	-5.24e-06	0.00236917	0.00019563
0	0	1404	-4.04e-06	0.00231474	0.00022059
0	0	1406	-3.27e-06	0.00223993	0.00025367
0	0	1408	-2.46e-06	0.00214201	0.00029235
0	0	1410	-1.56e-06	0.00202201	0.00033321
0	0	1412	3.2e-07	0.00188619	0.00037251
0	0	1414	1.66e-06	0.00174281	0.00040768
0	0	1416	3.51e-06	0.00160151	0.00043636
0	0	1418	5.85e-06	0.00146801	0.00045891
0	0	1420	7.84e-06	0.00134698	0.00047533
0	0	1422	9.56e-06	0.00124048	0.00048686
0	0	1424	1.178e-05	0.00114812	0.0004951
0	0	1426	1.39e-05	0.00106801	0.00050036
0	0	1428	1.62e-05	0.0009985	0.00050326
0	0	1430	1.783e-05	0.00093814	0.00050421
0	0	1432	1.976e-05	0.00088551	0.00050391
0	0	1434	2.166e-05	0.00084011	0.00050208
0	0	1436	2.329e-05	0.00080057	0.00050014
0	0	1438	2.529e-05	0.00076559	0.00049711
0	0	1440	2.732e-05	0.00073457	0.00049316
0	0	1442	2.829e-05	0.00070689	0.00048886
0	0	1444	2.919e-05	0.00068169	0.00048457
0	0	1446	3.048e-05	0.00065929	0.00047976
0	0	1448	3.194e-05	0.00063924	0.00047456
0	0	1450	3.346e-05	0.00062074	0.00046965
0	0	1452	3.46e-05	0.00060357	0.00046423
0	0	1454	3.486e-05	0.00058742	0.00045795
0	0	1456	3.528e-05	0.00057205	0.00045246
0	0	1458	3.707e-05	0.00055847	0.00044639
0	0	1460	3.815e-05	0.00054571	0.00044012
0	0	1462	3.808e-05	0.00053311	0.00043439
0	0	1464	3.839e-05	0.00052119	0.00042801
0	0	1466	3.892e-05	0.00051041	0.00042162
0	0	1468	3.939e-05	0.00049966	0.00041556
0	0	1470	3.98e-05	0.00048936	0.0004091
0	0	1472	4.006e-05	0.00047935	0.00040247
0	0	1474	4.005e-05	0.00046982	0.00039636
0	0	1476	4.045e-05	0.00046027	0.00039059
0	0	1478	4.103e-05	0.00045142	0.00038477
0	0	1480	4.066e-05	0.00044251	0.00037852
0	0	1482	4.073e-05	0.00043372	0.00037282
0	0	1484	4.049e-05	0.00042536	0.00036656
0	0	1486	4.027e-05	0.00041669	0.00036023
0	0	1488	4.029e-05	0.00040858	0.00035432
0	0	1490	4.054e-05	0.00040036	0.00034844
0	0	1492	4.041e-05	0.00039259	0.00034304
0	0	1494	4.001e-05	0.00038526	0.00033702
0	0	1496	3.964e-05	0.00037795	0.00033113
0	0	1498	3.93e-05	0.00037062	0.00032574
0	0	1500	3.884e-05	0.00036368	0.00031987
0	0	1502	3.779e-05	0.00035575	0.00031464
0	0	1504	3.792e-05	0.00034915	0.0003094
0	0	1506	3.844e-05	0.00034263	0.00030441
0	0	1508	3.816e-05	0.00033547	0.00029868
0	0	1510	3.766e-05	0.00032858	0.00029349
0	0	1512	3.63e-05	0.00032214	0.00028871
0	0	1514	3.646e-05	0.00031537	0.00028393
0	0	1516	3.649e-05	0.00030888	0.00027925
0	0	1518	3.572e-05	0.0003028	0.00027441
0	0	1520	3.543e-05	0.00029719	0.0002704
0	0	1522	3.567e-05	0.00029141	0.00026549
0	0	1524	3.479e-05	0.00028491	0.00026108
0	0	1526	3.429e-05	0.00027863	0.00025666
0	0	1528	3.377e-05	0.00027313	0.00025253
0	0	1530	3.327e-05	0.0002679	0.00024799
0	0	1532	3.294e-05	0.00026251	0.00024422
0	0	1534	3.191e-05	0.0002565	0.00024
0	0	1536	3.175e-05	0.00025144	0.00023577
0	0	1538	3.161e-05	0.0002463	0.00023185
0	0	1540	3.149e-05	0.00024069	0.00022821
0	0	1542	3.136e-05	0.00023619	0.00022408
0	0	1544	3.02e-05	0.00023139	0.00022053
0	0	1546	2.978e-05	0.00022637	0.00021716
0	0	1548	2.899e-05	0.00022138	0.0002127
0	0	1550	2.837e-05	0.00021717	0.00020936
0	0	1552	2.881e-05	0.00021278	0.00020638
0	0	1554	2.864e-05	0.00020851	0.00020348
0	0	1556	2.796e-05	0.00020417	0.00019956
0	0	1558	2.706e-05	0.00019996	0.00019633
0	0	1560	2.655e-05	0.00019552	0.00019305
0	0	1562	2.618e-05	0.00019126	0.00019014
0	0	1564	2.573e-05	0.00018759	0.0001872
0	0	1566	2.521e-05	0.00018373	0.00018411
0	0	1568	2.477e-05	0.00017988	0.00018147
0	0	1570	2.388e-05	0.00017614	0.0001783
0	0	1572	2.359e-05	0.00017278	0.0001753
0	0	1574	2.347e-05	0.00016855	0.0001726
0	0	1576	2.283e-05	0.00016491	0.00017033
0	0	1578	2.25e-05	0.00016173	0.00016825
0	0	1580	2.176e-05	0.00015866	0.00016545
0	0	1582	2.128e-05	0.00015527	0.00016256
0	0	1584	2.132e-05	0.00015237	0.00016033
0	0	1586	2.085e-05	0.00014928	0.00015809
0	0	1588	2.045e-05	0.00014598	0.00015626
0	0	1590	2.012e-05	0.00014314	0.00015318
0	0	1592	1.972e-05	0.00014056	0.0001511
0	0	1594	1.931e-05	0.00013777	0.00014909
0	0	1596	1.908e-05	0.00013479	0.00014647
0	0	1598	1.85e-05	0.00013197	0.00014458
0	0	1600	1.762e-05	0.00012932	0.00014255
0	0	1602	1.707e-05	0.00012668	0.00013981
0	0	1604	1.713e-05	0.00012412	0.0001381
0	0	1606	1.638e-05	0.00012203	0.00013661
0	0	1608	1.6e-05	0.00011958	0.00013502
0	0	1610	1.541e-05	0.00011689	0.00013308
0	0	1612	1.513e-05	0.0001143	0.00013072
0	0	1614	1.491e-05	0.00011202	0.00012871
0	0	1616	1.45e-05	0.00011034	0.00012719
0	0	1618	1.419e-05	0.00010831	0.00012489
0	0	1620	1.333e-05	0.00010623	0.00012322
0	0	1622	1.301e-05	0.00010428	0.00012203
0	0	1624	1.277e-05	0.00010204	0.00012057
0	0	1626	1.192e-05	0.00010001	0.00011916
0	0	1628	1.15e-05	9.801e-05	0.00011738
0	0	1630	1.076e-05	9.63e-05	0.00011583
0	0	1632	1.046e-05	9.461e-05	0.00011434
0	0	1634	1.014e-05	9.311e-05	0.0001124
0	0	1636	9.82e-06	9.1e-05	0.00011094
0	0	1638	9.45e-06	8.945e-05	0.00010957
0	0	1640	8.67e-06	8.844e-05	0.000108
0	0	1642	8e-06	8.643e-05	0.00010658
0	0	1644	7.57e-06	8.455e-05	0.00010518
0	0	1646	7.38e-06	8.27e-05	0.00010348
0	0	1648	7.15e-06	8.11e-05	0.00010207
0	0	1650	7.38e-06	8.007e-05	0.00010019
