
Curva de Excitacao - Bobina Girante (Dados Brutos)

Arquivo..............: C:\Arq\Wiggler\Medidas Wiggler - Corretoras\Bobina Tungstenio\Gap52\Map2\Translado52_X=14_#035.dat
Data.................: 10/02/2005
Hora.................: 10:13:24
Ganho................: 20
N. de Coletas........: 1
N. de Voltas.........: 10
Intervalo de Análise.: 4 - 8

-15900
-17600
-13925
-13025
-13450
-13975
-11975
-11800
-12050
-12250
-9525
-8150
-11375
-7275
-7150
-5175
-7475
-4525
-2075
-6325
-1200
-1450
1525
-600
775
-150
900
-250
1850
2700
1475
4175
-4700
1450
-2875
-2275
-3225
-4225
-4400
-5925
-3800
-8125
-7500
-8700
-4850
-12075
-6125
-7300
-5200
-6975
-7100
-5700
-8475
-4775
-8650
-4550
-6625
-7850
-10050
-9350
-12900
-13050
-14000
-15475
-19450
-23425
-22450
-26700
-26100
-31250
-32575
-34800
-38275
-42275
-39975
-42325
-43600
-43725
-43300
-45125
-45500
-40375
-44775
-42025
-36600
-36025
-37775
-28825
-27375
-28925
-26000
-21675
-19850
-21925
-13575
-16300
-14175
-13350
-13075
-13625
-10700
-12575
-12225
-12650
-13025
-13925
-15925
-10500
-17075
-17125
-15075
-15600
-19775
-17250
-16950
-17575
-18400
-19675
-16725
-19100
-16150
-20425
-16325
-15700
-18600
-17600
-14900
-14575

-16525
-14700
-15625
-12250
-16750
-11525
-11925
-12125
-10875
-12225
-7550
-11550
-7650
-8300
-5750
-8175
-5050
-4275
-3525
-2650
-3325
1075
-3075
1850
-1000
2725
1925
1500
1100
600
2200
800
575
-600
-150
-4175
-800
-5625
-4900
-4200
-5200
-8375
-7975
-4375
-8150
-8175
-5925
-7475
-8175
-5650
-5775
-5425
-5950
-5625
-7350
-5625
-7075
-7675
-7700
-9125
-12725
-13475
-13325
-17675
-17725
-20850
-22150
-27450
-27950
-32075
-31600
-33575
-37100
-39550
-42525
-41675
-44375
-40725
-46375
-43425
-43675
-42050
-45825
-39700
-34725
-38500
-34575
-31450
-27550
-30775
-21800
-22925
-20525
-18500
-16350
-15625
-14775
-10375
-15875
-10000
-12525
-12075
-14700
-10200
-13100
-15775
-13375
-13775
-14775
-18500
-12650
-17650
-16550
-19000
-16300
-17425
-19300
-18000
-17500
-15450
-20475
-17300
-16700
-14675
-19075
-16200
-14475
-16675

-15100
-15650
-12875
-14500
-12950
-13325
-11825
-11225
-10800
-11050
-10425
-8950
-9550
-6600
-8000
-3775
-5000
-4325
-4000
-4000
-550
-1575
-150
1350
500
525
3275
2150
1550
1625
2225
925
-1050
525
175
-950
-1250
-7475
-3825
-4525
-4725
-7100
-5850
-5300
-9875
-6475
-8550
-5375
-5850
-4675
-7425
-5950
-6475
-5475
-5650
-6375
-5075
-10225
-6350
-11975
-9500
-11725
-14475
-16150
-19475
-20525
-24300
-22475
-28950
-30450
-34650
-32100
-39200
-37625
-40525
-43250
-41475
-45825
-44550
-45000
-39450
-44450
-42550
-39750
-37975
-38525
-33625
-28650
-30400
-25575
-25200
-22675
-21200
-15550
-16850
-15450
-12200
-14100
-14425
-11000
-10150
-14600
-9600
-12325
-14700
-13400
-11875
-13800
-17125
-14500
-15075
-17500
-17825
-15775
-17375
-17450
-18150
-19175
-16250
-18100
-17000
-18875
-16725
-16850
-16800
-14925
-15975
-14450

-15300
-15300
-15425
-12100
-13025
-12975
-11625
-11225
-10900
-12825
-7200
-8625
-8725
-8025
-7000
-4025
-6975
-3100
-2575
-1400
-3275
-1050
-300
1000
850
1700
5150
-1100
3075
400
3575
1625
1075
50
-1975
25
-2700
-3075
-4300
-2925
-8300
-4575
-8375
-5475
-5450
-7375
-7225
-8825
-3750
-7525
-5175
-5275
-3950
-8100
-5550
-5950
-6525
-6250
-8375
-8100
-12275
-11900
-15375
-13125
-17750
-21875
-22900
-24200
-29400
-30525
-30325
-33850
-37050
-38625
-41725
-43325
-39650
-43275
-44925
-43850
-42950
-43575
-41250
-38050
-38000
-36475
-33275
-32250
-29975
-24225
-25000
-22375
-17950
-17825
-19125
-12850
-12000
-13625
-13575
-9075
-12650
-14175
-8600
-12000
-12475
-13750
-11375
-15275
-14550
-14475
-15100
-16350
-16300
-16975
-18125
-15175
-18725
-16575
-17975
-16350
-18075
-17175
-15725
-16500
-15725
-17625
-13750
-16000

-13850
-16150
-11575
-11950
-15725
-11475
-11550
-9375
-12550
-9425
-9125
-8025
-9450
-6000
-5425
-6100
-3875
-5700
-800
-3900
-625
-450
1225
1475
150
3400
2150
2600
2000
2600
550
3625
100
600
200
-450
-2425
-5325
-2575
-4675
-3975
-5925
-7025
-7225
-6125
-7025
-8250
-4500
-4600
-6850
-5850
-4525
-4875
-5950
-4875
-5575
-6825
-7900
-7575
-8250
-11025
-11750
-14050
-14000
-20650
-20425
-20975
-24225
-28025
-30575
-32500
-36325
-33775
-38300
-40250
-42800
-41200
-44825
-44125
-42325
-43075
-41625
-42650
-39350
-39875
-32775
-34375
-30325
-28425
-25875
-26525
-21800
-14925
-20375
-15775
-14225
-12375
-15975
-11250
-9775
-11425
-11975
-11950
-11725
-14175
-10575
-14800
-11650
-15400
-15325
-15925
-14600
-15700
-19225
-14625
-16950
-17300
-20200
-14375
-16375
-17800
-18400
-16425
-14425
-17825
-15525
-15100
-13575

-16700
-14325
-12275
-12575
-13775
-12025
-10525
-12675
-9875
-9800
-7875
-8925
-7550
-6625
-7550
-4425
-4600
-2950
-2875
-2375
-1375
-200
650
1075
2525
975
2550
1350
3800
1425
3325
4200
-1675
175
-500
1550
-3100
-4000
-2900
-4600
-5450
-7200
-4850
-4975
-5425
-9425
-6450
-6125
-4500
-5875
-5550
-4025
-7500
-3300
-6775
-3725
-6200
-6325
-7850
-9825
-10450
-13400
-11450
-15400
-17425
-21825
-21650
-26575
-25950
-28375
-32950
-34100
-37200
-37975
-43000
-38400
-41550
-43900
-43550
-42875
-43625
-41450
-39825
-40425
-36300
-36725
-34200
-31600
-25225
-26075
-26050
-19750
-19075
-19125
-16150
-12000
-14075
-12175
-12375
-11000
-11825
-10675
-9900
-12375
-11425
-12975
-13500
-13000
-13675
-15550
-14425
-15100
-17475
-17500
-16225
-14800
-18925
-16400
-16475
-17375
-16125
-17875
-15300
-15575
-16175
-16125
-14200
-15175

-13550
-14300
-13175
-12350
-14050
-10775
-12000
-10000
-10475
-11050
-8400
-8025
-6950
-7675
-4525
-5525
-4825
-5375
-1075
-1875
-1000
900
-1300
3425
-650
3475
3275
3450
2800
1275
3575
3000
725
275
2075
-2675
-1100
-4175
-1050
-3325
-5275
-4825
-8775
-4550
-7575
-5425
-5350
-5525
-6475
-5675
-5025
-4950
-3950
-4225
-4900
-7375
-4650
-7725
-6800
-7425
-10150
-12100
-14575
-15025
-17425
-18850
-21450
-24100
-27475
-31400
-32750
-31625
-35500
-39900
-39625
-41350
-43500
-42875
-42150
-42775
-43550
-41125
-43000
-40400
-35425
-34600
-34175
-30450
-27500
-28050
-22750
-19700
-17950
-19325
-15275
-14200
-13700
-10700
-12025
-9725
-12025
-11025
-12525
-10025
-12225
-12225
-13225
-13200
-14150
-16025
-12575
-16525
-15325
-17475
-14425
-18450
-17175
-16150
-17175
-15125
-18450
-16100
-17125
-13750
-16300
-15675
-15750
-13700

-13975
-15900
-11150
-12350
-12375
-13950
-9775
-10725
-10450
-10675
-7025
-7100
-10375
-5675
-6175
-3625
-6425
-1775
-2525
-1875
-1425
400
1575
1375
2275
600
3875
2250
3800
2875
3875
2625
-600
1450
-400
600
-1450
-3400
-4525
-3825
-3925
-6300
-5625
-5075
-6375
-7375
-7325
-4575
-4750
-4575
-6325
-6000
-4700
-4900
-4950
-4200
-4675
-8925
-6825
-9450
-9575
-12650
-12200
-14125
-20000
-20400
-22875
-21875
-27725
-29500
-32775
-32800
-38950
-37000
-37800
-41225
-41250
-44375
-42775
-46375
-39900
-41425
-41075
-39825
-36875
-36800
-34075
-27400
-29450
-25250
-25525
-20075
-20275
-15750
-15500
-14075
-12125
-12925
-12650
-11775
-7200
-12875
-10125
-12600
-11150
-12775
-12325
-11850
-15150
-14000
-16275
-14925
-17075
-15375
-17350
-15550
-16975
-17850
-16950
-16575
-14850
-18475
-15225
-15500
-16750
-17025
-12600
-13025

