
Curva de Excitacao - Bobina Girante (Dados Brutos)

Arquivo..............: C:\Arq\Wiggler\Medidas Wiggler - Corretoras\Bobina Tungstenio\Gap52\Map2\Translado52_X=-12_#009.dat
Data.................: 10/02/2005
Hora.................: 09:18:59
Ganho................: 20
N. de Coletas........: 1
N. de Voltas.........: 10
Intervalo de Análise.: 4 - 8

7375
13550
14075
9875
9975
9225
7800
6200
5725
7925
4825
1350
-1750
-1250
-6400
-10650
-10425
-10125
-10300
-15025
-13875
-17575
-21875
-20775
-24850
-19950
-20025
-22775
-21000
-21275
-25500
-22200
-22850
-20500
-19025
-21525
-16450
-17050
-16275
-18675
-16300
-14925
-15975
-13250
-12975
-10075
-11875
-11950
-12325
-12925
-12150
-10500
-13275
-10900
-8500
-14325
-12900
-13650
-11525
-15025
-15900
-12475
-13750
-15950
-16800
-15775
-16750
-17200
-20100
-17200
-18050
-19425
-19425
-19225
-19950
-25250
-21400
-22150
-24375
-24900
-22800
-26300
-29175
-28200
-28775
-32825
-32425
-29875
-36700
-35075
-34175
-36675
-38600
-38175
-39525
-41950
-36225
-39900
-42225
-39275
-36625
-42150
-37875
-31725
-37625
-36575
-28800
-29100
-33325
-22825
-20750
-24475
-18700
-13000
-15175
-15225
-7100
-6150
-6350
-375
1800
1175
3975
4275
4200
10275
11775
8150

9775
13325
11175
8350
12050
12275
8500
5575
7750
4200
3025
425
700
475
-6750
-6675
-8500
-10300
-14900
-14900
-16350
-16550
-18375
-19625
-19750
-22500
-20825
-25525
-21425
-20900
-21125
-22275
-22950
-18925
-20850
-19775
-20450
-16925
-15500
-16975
-17050
-13350
-12800
-14725
-12775
-14075
-9925
-12475
-11525
-10125
-10400
-11350
-13975
-9825
-11100
-13800
-13275
-10000
-12200
-15325
-13925
-13150
-14325
-16300
-14700
-16300
-15600
-18225
-17525
-17675
-18375
-18025
-20725
-19275
-20200
-21175
-21725
-22450
-24400
-23925
-25100
-26725
-27125
-27025
-27925
-33350
-30100
-31125
-35650
-34725
-34975
-37050
-38675
-36900
-38750
-40100
-38075
-39675
-42825
-36450
-37750
-42375
-34500
-34025
-38350
-35100
-26325
-30375
-33250
-21925
-20300
-24850
-20700
-12200
-15825
-11950
-7800
-5025
-4225
-3550
425
1525
7250
4500
6725
10125
9925
6775

11750
14975
9850
10875
10550
11550
6575
9075
8075
5375
3250
1200
550
-3225
-4200
-8000
-6275
-11550
-12275
-14575
-16225
-16550
-20075
-19625
-22100
-17475
-21850
-23650
-22075
-20200
-21350
-23425
-20725
-19275
-18650
-22025
-17650
-16550
-14775
-17450
-16925
-11175
-14850
-13425
-12925
-10600
-11125
-13300
-11075
-9450
-10275
-12525
-10825
-9125
-10100
-14775
-11925
-11175
-13925
-12500
-14425
-11900
-15850
-14600
-16100
-16425
-15175
-16325
-17525
-18325
-17125
-19350
-18875
-19825
-18650
-22975
-21500
-21200
-23325
-23550
-26225
-25225
-28000
-27150
-29325
-30425
-30200
-31500
-34650
-35225
-34225
-37925
-34800
-38650
-40000
-39625
-37050
-38750
-42275
-34800
-40000
-40400
-36250
-32925
-38975
-32275
-27700
-31725
-29750
-23325
-21375
-26150
-16050
-14100
-15425
-12500
-6775
-5675
-4450
-600
-500
4475
3150
4750
5600
11925
10600
7975

12475
11500
11200
10200
13275
9225
10650
8025
6075
5325
4075
3250
-975
-925
-5775
-6075
-9050
-9550
-12125
-15225
-14950
-16625
-17275
-21400
-21050
-20375
-20750
-23850
-20925
-20400
-21750
-22000
-23150
-17975
-18875
-20050
-18400
-16725
-14875
-18200
-15275
-12500
-13200
-14875
-11800
-11200
-11125
-11850
-11925
-8250
-12100
-9750
-12450
-9375
-10400
-12475
-11525
-12275
-10975
-13925
-14025
-14800
-12575
-14475
-16475
-16075
-14700
-15875
-19675
-15700
-17575
-18850
-20925
-17950
-19625
-22975
-19950
-22525
-22875
-25275
-22975
-26050
-26075
-27550
-29225
-30925
-30450
-29750
-35500
-32350
-36850
-36000
-37500
-37025
-38625
-39225
-36500
-41575
-39125
-38350
-38375
-40325
-33000
-36075
-38075
-30075
-29275
-32025
-29425
-20525
-24175
-23075
-17425
-14300
-15875
-9275
-6200
-7275
-2900
-2300
450
1725
7450
4750
6200
11100
9900
9150

11150
13675
10875
11775
10425
11575
9850
8075
8600
5775
4675
-300
1425
-1850
-4500
-5950
-7875
-8325
-13000
-14325
-15625
-15775
-19150
-19625
-20850
-19025
-20150
-24600
-19700
-22175
-20700
-22050
-20975
-18175
-19175
-19700
-18275
-15250
-16475
-16175
-15750
-11675
-13950
-13075
-11075
-11325
-10100
-12600
-10975
-10700
-9525
-11275
-11700
-9125
-9475
-11875
-13250
-10725
-11675
-12325
-15200
-11675
-12700
-15500
-15400
-15600
-13050
-18350
-16925
-16525
-17300
-18825
-18350
-18250
-20125
-20950
-20750
-20600
-24600
-21625
-25000
-25375
-26275
-27150
-27425
-30600
-28900
-33225
-33300
-34075
-33700
-36950
-35000
-38125
-40250
-35750
-38750
-39975
-40350
-34475
-39800
-40000
-34100
-35075
-36350
-32150
-28725
-31950
-26975
-24375
-22075
-21750
-17250
-15050
-12375
-9275
-11050
-5525
-1000
-800
-2025
5925
7150
2550
7525
12500
11000
7900

12800
13150
11150
10900
12825
12925
8825
9000
7550
7125
3375
2575
1350
-975
-4625
-5850
-6475
-10275
-10700
-15425
-14850
-15875
-17175
-19475
-20475
-18300
-21700
-21950
-20975
-19200
-22150
-21175
-20700
-19025
-17575
-20125
-16000
-17950
-14500
-15900
-14925
-12400
-12575
-11275
-13800
-10975
-9200
-10925
-12900
-7675
-9525
-11350
-11100
-9900
-8950
-13850
-10250
-10500
-11500
-13600
-12975
-12550
-13725
-13450
-15550
-15175
-16200
-15050
-17150
-15800
-17225
-18125
-18475
-19775
-18525
-21175
-20250
-22825
-21325
-22775
-24900
-24425
-26050
-26800
-29525
-29075
-30575
-30750
-33050
-32325
-35975
-35525
-33600
-39850
-37275
-36050
-37125
-43100
-38000
-34575
-40000
-38500
-33450
-33575
-37650
-30525
-30650
-30025
-27375
-21975
-22050
-21875
-16900
-16050
-11700
-10200
-7750
-4850
-1150
-3575
-600
6900
5450
4850
7725
12500
8000
10875

12875
12775
12650
11975
12125
9950
11175
8550
9000
5375
6075
1200
425
375
-4700
-5075
-9325
-8325
-11200
-14300
-14500
-14700
-17575
-20925
-18850
-19475
-19075
-23975
-18850
-20625
-20650
-19675
-21525
-17400
-19550
-18800
-18550
-15300
-14925
-15275
-15050
-11975
-12225
-13600
-11050
-10725
-8875
-11975
-10100
-8575
-10500
-10525
-10550
-7625
-10850
-11950
-11575
-11325
-10275
-12500
-13000
-13575
-12200
-14875
-15125
-15450
-12450
-16275
-18200
-14375
-17250
-17325
-19275
-17450
-19775
-20725
-20375
-20825
-21950
-22775
-24075
-25325
-24725
-28850
-26075
-29750
-30450
-31850
-32250
-32000
-36100
-33675
-35375
-38875
-38350
-35550
-39225
-40025
-36225
-36675
-39375
-37625
-33050
-38300
-34275
-29525
-29725
-30625
-26400
-23150
-23825
-19275
-16775
-13325
-13250
-8975
-9750
-4650
-975
-1650
1975
4300
5975
3750
10075
10950
11150
10450

12650
12375
11675
14575
10250
13350
10050
9400
7400
6775
5800
2200
1250
-1575
-2725
-7075
-5425
-8950
-11225
-14625
-15225
-13675
-18650
-18000
-20675
-17825
-20925
-21875
-20675
-19750
-18750
-22000
-20000
-18025
-16850
-20175
-17200
-15125
-14525
-14825
-14750
-10375
-13225
-11700
-11750
-10200
-9725
-11250
-8975
-8650
-8825
-10500
-9850
-10650
-8375
-11200
-10400
-10550
-10900
-11625
-14975
-10800
-12300
-13575
-15725
-13775
-13700
-17000
-15500
-16375
-15650
-19275
-16500
-18325
-19125
-20400
-20000
-20100
-23100
-21800
-24850
-22850
-26025
-26075
-28100
-29475
-29900
-31250
-31250
-34275
-34050
-34825
-34650
-39675
-35500
-35650
-39375
-39000
-38200
-35400
-40350
-34725
-35275
-34500
-34200
-30275
-30775
-28775
-24325
-25650
-21000
-19475
-17025
-17400
-9150
-8575
-9925
-3325
-1050
-1975
-1175
7775
6250
5425
7100
12300
10575
9975

