
Curva de Excitacao - Bobina Girante (Dados Brutos)

Arquivo..............: C:\Arq\Wiggler\Medidas Wiggler - Corretoras\Bobina Tungstenio\Gap52\Map2\Translado52_X=-15_#006.dat
Data.................: 10/02/2005
Hora.................: 09:13:52
Ganho................: 20
N. de Coletas........: 1
N. de Voltas.........: 10
Intervalo de Análise.: 4 - 8

18475
19475
18750
17950
17725
20300
18600
14600
15775
12500
10225
5750
7025
6300
-50
-325
-4225
-6425
-11000
-13350
-14975
-14350
-18400
-21025
-20850
-22575
-23925
-28250
-24275
-25775
-24600
-25400
-25950
-22175
-25725
-23925
-23900
-20575
-21550
-21250
-21025
-17275
-18225
-18275
-16425
-18000
-14900
-17450
-14350
-14450
-13675
-14125
-15100
-13650
-15175
-15400
-15250
-13650
-14250
-15500
-17000
-16275
-15525
-18200
-17700
-17650
-17100
-21475
-19525
-18325
-20450
-22500
-22275
-22150
-24325
-24275
-24050
-25600
-27875
-26975
-30650
-30475
-30000
-33075
-32475
-35175
-35275
-38775
-36950
-37575
-41850
-39950
-37750
-44650
-44300
-39500
-41500
-43450
-42050
-37425
-42700
-41325
-34525
-35575
-35400
-31250
-29550
-29775
-24475
-22050
-20275
-16200
-14975
-12875
-8450
-4050
-7050
950
5250
1225
2650
11250
13650
9675
13350
18925
17500
14125

18650
21225
19200
19675
17625
20400
15775
16175
15300
13550
11075
8400
7500
3025
925
-1350
-2775
-8150
-8100
-12800
-14800
-13925
-20350
-20625
-22675
-19575
-25325
-25700
-24200
-24800
-25800
-26875
-24775
-24450
-21925
-25500
-21625
-24000
-19475
-21200
-21875
-16275
-18625
-17475
-18825
-15575
-14325
-16200
-16100
-12925
-13225
-16275
-14100
-12350
-12200
-17425
-14175
-14300
-14525
-15600
-17175
-13050
-17125
-17875
-18825
-16625
-17500
-19075
-19025
-19875
-20125
-22825
-20450
-23100
-22825
-24750
-24050
-27200
-26625
-26525
-30250
-29400
-30975
-33800
-34000
-33200
-36050
-36325
-35950
-39525
-42425
-39425
-36650
-44650
-43325
-38500
-41050
-46375
-41350
-35350
-42100
-38800
-35825
-35750
-37875
-30300
-27650
-28950
-25125
-21650
-19225
-19050
-14550
-11400
-5875
-6575
-6300
850
3675
3300
5000
13550
10175
9775
13800
18925
16325
17025

20925
18625
19075
18250
20375
17825
18325
15750
15975
12725
10475
9850
6175
5575
-475
-450
-4825
-5575
-8525
-12950
-12225
-16000
-17275
-22950
-20650
-21400
-22875
-26550
-23675
-23500
-25625
-24850
-27275
-22350
-24450
-23625
-22975
-20525
-19600
-22775
-20325
-17875
-17550
-19475
-15725
-15000
-14675
-17325
-15550
-11000
-14975
-14275
-15050
-11975
-14775
-15125
-13375
-14250
-13200
-16375
-15650
-16500
-14375
-17375
-16900
-17025
-17100
-19950
-20675
-17950
-20550
-21275
-22125
-21200
-23825
-24375
-23025
-26000
-26225
-28875
-28950
-29475
-30350
-32350
-32025
-33500
-37325
-36150
-37050
-36725
-41900
-37600
-39050
-46125
-42225
-38550
-40050
-44175
-38775
-38975
-42850
-39975
-33700
-35775
-35625
-29250
-30850
-28150
-25600
-20075
-21300
-15675
-13650
-11950
-9275
-5500
-2875
-75
5000
1775
5600
9550
13600
10825
14425
19125
17075
18000

16750
21575
19775
20300
17750
20600
18200
15450
16325
13500
13300
7000
7975
4100
1925
-875
-2950
-5050
-9200
-11950
-15000
-13600
-19525
-19250
-22575
-21375
-22550
-26250
-21650
-25700
-23775
-26750
-25150
-22900
-22750
-25175
-22700
-20350
-21275
-20900
-20350
-15225
-18575
-18175
-16075
-15800
-13800
-16750
-13175
-13175
-14275
-14725
-13225
-11300
-13300
-14050
-15125
-14650
-14275
-13900
-16900
-13450
-14625
-17475
-17000
-17450
-14800
-19950
-18225
-18475
-19600
-22350
-20250
-20125
-22975
-24050
-25200
-24725
-27175
-26100
-29125
-28150
-29975
-33775
-31850
-34025
-34225
-36700
-35525
-39475
-41600
-39100
-37325
-41425
-44000
-37675
-42825
-43500
-42225
-35375
-39650
-38850
-35625
-36250
-33500
-31775
-28325
-27375
-22775
-24250
-19525
-15800
-13375
-11775
-6875
-3675
-6075
925
3850
4675
4950
12025
13350
9800
14450
18325
20050
15525

20675
20950
20500
18100
20300
21950
17575
17100
15525
15475
10125
10650
7600
5875
1675
-625
-2650
-6250
-6650
-12975
-12125
-15425
-17175
-20500
-20100
-19275
-23675
-24775
-23700
-22250
-25575
-24125
-24325
-23325
-22725
-23975
-20700
-22025
-18875
-20625
-19525
-18150
-16975
-15450
-17500
-14375
-13725
-14300
-16500
-12325
-11975
-13750
-14000
-12925
-11800
-16725
-12675
-12800
-11550
-15525
-16125
-13700
-15175
-15775
-16750
-14850
-18625
-19825
-18200
-18050
-20125
-19750
-19650
-22675
-22675
-24075
-22925
-25750
-25000
-26675
-29525
-27275
-30425
-31200
-32775
-32050
-37700
-35675
-35650
-36725
-40525
-38275
-36100
-45825
-41375
-38975
-38150
-44750
-38925
-37575
-41950
-39350
-34175
-31725
-35350
-30125
-30425
-26375
-25300
-20550
-16725
-16525
-13975
-12200
-5600
-7125
-3025
2250
5950
1525
5875
12850
12050
11725
14125
21050
15700
17900

19700
22125
20350
19350
20625
19375
19000
15975
17600
13050
13775
9775
7650
6000
2050
275
-4025
-4550
-8700
-11625
-12500
-13400
-16775
-20450
-19800
-21625
-21825
-25675
-21775
-23750
-24300
-24100
-25875
-20975
-23075
-22600
-22500
-19800
-19950
-20250
-19300
-16525
-16475
-18900
-16225
-14575
-12400
-15800
-13325
-11475
-14925
-13725
-13450
-10325
-13250
-13675
-13625
-13750
-13250
-13900
-14400
-14775
-14025
-17250
-15850
-17275
-15400
-17800
-19100
-17375
-20725
-19200
-21375
-19850
-22400
-22900
-24625
-24575
-24750
-27425
-27300
-28175
-29300
-33850
-29975
-33525
-34900
-35450
-34925
-37075
-42600
-36850
-37975
-41975
-41725
-37100
-42225
-42800
-38875
-37875
-39450
-38350
-33775
-37075
-32725
-30175
-27500
-27100
-23600
-21475
-19500
-15350
-13525
-8925
-7700
-4250
-4425
1375
4975
4900
8075
10275
14450
11025
15825
17750
19450
18775

19200
21300
20125
21150
18675
21275
18550
17725
15925
14825
13200
8775
9400
5250
3175
-1775
-2075
-4425
-7725
-11900
-13000
-12325
-18375
-19100
-20600
-19775
-22525
-24425
-23025
-23275
-21550
-25375
-24050
-22475
-21075
-24425
-21600
-18950
-19225
-19800
-20700
-15400
-18225
-16950
-15850
-13525
-13925
-16350
-11925
-12975
-11300
-13625
-12550
-13950
-11475
-13700
-13125
-12050
-12950
-13475
-17675
-13725
-13400
-15300
-17425
-15375
-15975
-19600
-17725
-17500
-18475
-21500
-19475
-21175
-22050
-23400
-23600
-23225
-26375
-26200
-29650
-26525
-30150
-31325
-31400
-32900
-35425
-37000
-34175
-37350
-39925
-38100
-37600
-44125
-40800
-38550
-39850
-39800
-40925
-38000
-41075
-35700
-35875
-33025
-32650
-30450
-30050
-25750
-22525
-23400
-17450
-14350
-13150
-13625
-5150
-2925
-4250
1825
5050
4225
4500
12500
13675
13125
14275
18975
20250
15950

19900
21875
22300
17850
20300
20625
18850
17025
16200
15775
11425
10850
7400
6375
1350
650
-3150
-4425
-6875
-12500
-12100
-14425
-16725
-20150
-20600
-20525
-22450
-22850
-24250
-23150
-24350
-23325
-25475
-21050
-21650
-23900
-20775
-22275
-18075
-20600
-18250
-17675
-16025
-16975
-17300
-14100
-13475
-13750
-15500
-10650
-13625
-13700
-14225
-11175
-10900
-15250
-14125
-13875
-11050
-15250
-14350
-13925
-14400
-16975
-16950
-15200
-17075
-17075
-18400
-17975
-20700
-19300
-19975
-21350
-21325
-23900
-23000
-26150
-24400
-27225
-28075
-27225
-29775
-32775
-31500
-32100
-36550
-34275
-35650
-36975
-42250
-37725
-36725
-42100
-40875
-39475
-39700
-43225
-39400
-37950
-38575
-38800
-35150
-34625
-34475
-29875
-28550
-24400
-26050
-22800
-18600
-14575
-14875
-9825
-3350
-7000
-5050
1525
6600
2075
7450
12550
13100
11025
14850
20375
17625
18775

