
Curva de Excitacao - Bobina Girante (Dados Brutos)

Arquivo..............: C:\Arq\Wiggler\Medidas Wiggler - Corretoras\Bobina Tungstenio\Gap52\Map2\Translado52_X=-17_#004.dat
Data.................: 10/02/2005
Hora.................: 09:10:12
Ganho................: 20
N. de Coletas........: 1
N. de Voltas.........: 10
Intervalo de Análise.: 4 - 8

21250
29025
25050
26125
26000
23650
21550
16875
22350
21575
22025
12450
14275
11100
2650
1175
-2600
-2125
-5250
-5150
-11425
-15075
-18550
-19025
-25425
-25150
-23000
-28950
-20850
-27950
-29000
-29350
-26850
-28700
-28575
-26100
-25700
-24375
-26175
-22150
-24525
-21625
-23000
-22525
-20075
-19000
-16025
-19825
-17075
-18350
-17900
-18675
-18850
-12925
-15575
-17050
-16500
-15000
-19400
-18575
-17700
-16900
-17450
-20275
-17125
-21225
-19550
-22500
-22025
-21100
-22725
-24350
-22975
-20200
-28600
-28350
-26125
-29275
-33050
-28225
-28625
-35300
-33150
-34200
-37650
-42250
-35125
-39325
-43475
-39750
-43050
-43225
-43275
-41625
-47900
-41375
-41825
-47775
-45525
-34625
-41825
-45250
-30475
-32850
-36950
-32850
-20875
-30500
-27075
-15425
-17400
-18875
-7475
-3800
-9300
-1750
-800
1350
3450
10875
11175
13925
19675
12725
17200
22850
24650
19700

28725
25775
23100
25250
25600
28325
21400
25125
21400
19250
14575
14875
14525
10900
5650
4325
4475
-6050
-5950
-10450
-10575
-14300
-16700
-18550
-22300
-19075
-26125
-28200
-26750
-24800
-29575
-28075
-26000
-25850
-27850
-29100
-23975
-26150
-23100
-25900
-23075
-19450
-22800
-20425
-19400
-19200
-19825
-19800
-17600
-14925
-16750
-17000
-15525
-16525
-16125
-20400
-13975
-15625
-16125
-17100
-16625
-17025
-20275
-17450
-19100
-19100
-20025
-19850
-21875
-20675
-21075
-25050
-23325
-25200
-24825
-28825
-23875
-28725
-31725
-28125
-32475
-33625
-35275
-31100
-37700
-38850
-37600
-38400
-42725
-39250
-40450
-46300
-39525
-46150
-44500
-44050
-39075
-46325
-45025
-35575
-43175
-42350
-34700
-31850
-39650
-27700
-24900
-28775
-25900
-13625
-16700
-21925
-7475
-6250
-7250
-4900
4375
2725
5575
8175
8550
14450
16525
18225
17025
25925
19700
21575

25625
27500
24625
25450
27125
22550
23275
22050
23375
17825
19775
15350
11700
-25
13875
6475
550
-2050
-6975
-7600
-12575
-13950
-17325
-21400
-21500
-21875
-22850
-30025
-23025
-26425
-28900
-28575
-27600
-25725
-29050
-26950
-26200
-24275
-24675
-24425
-22125
-20875
-22325
-23775
-18225
-19650
-17675
-20400
-16125
-15900
-19900
-15850
-17025
-13550
-17825
-17475
-15575
-16250
-17750
-17100
-15650
-17800
-18525
-19025
-18675
-21225
-17700
-21325
-22975
-19900
-23400
-22550
-24650
-22025
-27350
-27825
-26250
-27925
-30650
-29500
-28825
-35200
-32650
-35525
-34725
-39325
-36625
-38275
-43150
-39850
-44275
-41700
-42350
-42050
-47550
-41550
-41700
-46300
-43175
-36300
-40475
-44025
-31325
-35425
-37675
-29925
-21000
-30575
-26400
-14775
-18400
-16550
-10200
-3875
-9425
-350
700
2850
5925
9900
10975
13025
18875
13825
19525
22950
24475
22000

26025
26775
23500
27025
24800
27050
22900
24375
20800
19625
17700
14475
15650
10450
6175
2350
3025
-3550
-5025
-8300
-9750
-13450
-18525
-18525
-22450
-19650
-26325
-26625
-24425
-26350
-27900
-28175
-25550
-27050
-26975
-28650
-23325
-25625
-23875
-23600
-24075
-19900
-22725
-18475
-19700
-18975
-18175
-19000
-15975
-16300
-15750
-17600
-16575
-16050
-15300
-18100
-14125
-14575
-17025
-17375
-18200
-14675
-18600
-17325
-19350
-18500
-19200
-22275
-20250
-19925
-20650
-25500
-22350
-24250
-25575
-27800
-23725
-27500
-32525
-28250
-31275
-32700
-35300
-31225
-36600
-39125
-37350
-38475
-40425
-41150
-40225
-44825
-40225
-46875
-43675
-41125
-40675
-46075
-44425
-35425
-42900
-39500
-34400
-31550
-38525
-27075
-25800
-29700
-22400
-14925
-16125
-19125
-8325
-8075
-5750
-2475
3150
3825
6350
10425
7750
16200
16750
17750
17250
26850
22575
20850

25950
27275
25725
23975
28450
24725
24725
22050
23700
20025
17275
15950
13175
11450
3500
7450
1925
-1900
-6100
-8475
-8525
-14825
-16400
-19625
-20125
-22375
-23900
-27300
-22600
-25400
-29700
-26600
-27625
-25125
-28100
-26500
-24625
-24450
-23600
-24800
-21800
-20550
-20925
-22600
-16825
-19025
-17700
-18300
-17500
-13325
-18325
-15625
-17325
-12650
-15625
-17825
-14975
-15400
-15450
-18025
-15600
-16675
-17075
-19675
-17200
-18800
-18725
-18850
-21675
-19225
-24000
-22250
-23200
-21975
-26250
-26425
-24225
-29175
-29025
-29175
-28700
-34725
-32150
-34150
-35675
-37975
-36575
-36475
-41925
-39100
-43400
-40550
-42000
-42350
-45450
-40425
-41225
-45800
-41350
-36575
-38900
-43200
-31625
-34450
-34575
-28775
-24250
-26900
-24475
-13725
-18975
-15800
-10025
-3950
-6250
-2050
1375
4250
8800
7275
12050
14550
20800
13725
19725
25375
23675
22825

26300
28675
22775
26150
27025
28225
23025
24700
22875
19675
18250
15400
15750
9625
7550
4825
3175
-2400
-4750
-7175
-11275
-13725
-17700
-19150
-21500
-20225
-24825
-27250
-24300
-26025
-27650
-28300
-26575
-25675
-26975
-27150
-24325
-23400
-23900
-24475
-24025
-18725
-22150
-21100
-18650
-17875
-18400
-19375
-15925
-15400
-16725
-18050
-14600
-14700
-16275
-17375
-14400
-14625
-17775
-16725
-17600
-15550
-18475
-17250
-18075
-19375
-17825
-21400
-19650
-20900
-21500
-23750
-22925
-23775
-25100
-25450
-25900
-27475
-31375
-27850
-32075
-31475
-33650
-33375
-36150
-38275
-36025
-40025
-40025
-40425
-41625
-43250
-39700
-45750
-44000
-40650
-41950
-44950
-42900
-35950
-43425
-40225
-33200
-33025
-37000
-27875
-24125
-30400
-22675
-16200
-15125
-18200
-8425
-6625
-5875
-1500
1125
4650
6500
9600
8800
15625
17025
17775
19225
25100
22900
21825

26875
25675
26825
25875
27650
24600
24075
24275
22250
21325
18100
15850
11950
11725
6000
5175
2800
-1925
-4575
-10050
-8825
-13650
-15775
-20825
-19625
-20450
-24275
-26050
-24525
-25025
-29200
-26425
-27100
-25675
-26500
-26300
-23550
-25075
-22750
-24450
-22350
-20150
-21050
-20475
-18925
-16925
-18350
-18025
-17450
-13975
-17850
-16200
-15275
-13200
-15175
-17300
-14225
-16500
-14925
-17400
-15400
-16475
-16475
-18900
-18975
-17325
-18375
-19600
-21550
-19225
-22450
-23175
-22850
-22700
-23975
-27825
-23925
-28125
-29050
-29750
-29775
-33050
-32975
-34625
-34575
-36825
-38425
-37850
-40975
-39175
-43975
-40525
-40175
-44875
-43250
-41675
-39975
-47475
-39850
-37300
-40250
-42225
-31950
-35075
-35250
-27875
-25725
-25675
-23725
-15525
-18425
-15875
-8775
-5500
-4925
-575
1725
1775
8425
8975
11600
14375
19425
16175
18000
24625
23250
24050

25725
27575
24200
26875
25250
27450
25700
23400
23150
20050
19050
14450
15175
11350
6125
4400
2475
75
-6225
-8175
-10025
-12075
-18175
-18150
-19325
-20475
-24325
-27100
-23200
-26575
-27000
-27075
-26600
-24775
-26100
-26025
-25100
-23900
-24375
-22550
-23150
-18750
-21100
-19650
-17825
-19250
-16500
-19175
-15375
-15875
-15225
-16200
-15625
-14300
-14550
-16575
-15225
-13075
-16375
-16400
-17775
-14350
-16300
-19050
-17575
-18150
-17425
-21600
-19550
-19725
-21850
-22925
-21625
-22225
-26275
-24975
-25250
-26550
-31075
-27350
-30825
-31575
-33200
-34175
-33800
-38125
-36425
-39300
-38575
-40250
-41550
-41475
-40250
-45000
-43625
-38825
-42875
-44350
-41525
-36250
-42500
-39400
-32350
-33825
-34850
-28425
-25025
-28075
-22500
-17725
-14075
-15225
-9500
-6650
-4200
100
-275
5800
7475
9900
8550
16450
18000
16300
21325
24525
23825
20625

