
Curva de Excitacao - Bobina Girante (Dados Brutos)

Arquivo..............: C:\Arq\Wiggler\Medidas Wiggler - Corretoras\Bobina Tungstenio\Gap52\Map2\Translado52_X=-7_#014.dat
Data.................: 10/02/2005
Hora.................: 09:27:26
Ganho................: 20
N. de Coletas........: 1
N. de Voltas.........: 10
Intervalo de Análise.: 4 - 8

1350
-650
1175
-2700
100
425
-2825
-2000
-4525
-4825
-5850
-6900
-9775
-6800
-10825
-12325
-11575
-14575
-14425
-19300
-15400
-15550
-17300
-18725
-16600
-15700
-20700
-19650
-16950
-14725
-17450
-15025
-14725
-12475
-13600
-15275
-9925
-10475
-8725
-12100
-7300
-6325
-9075
-6625
-7425
-4925
-7300
-6375
-7450
-4750
-8375
-7525
-10000
-8325
-8050
-12650
-9425
-10425
-10575
-14500
-13175
-12800
-13000
-14800
-16075
-14875
-15875
-16325
-18100
-14700
-17350
-17475
-17575
-17800
-16975
-20175
-16975
-18725
-19425
-20750
-19650
-19300
-21800
-21200
-22700
-24075
-25275
-23025
-27900
-27850
-28375
-29825
-29550
-33350
-31400
-34125
-32375
-36950
-35950
-33750
-35525
-36925
-34050
-33000
-38225
-31175
-31625
-31425
-33175
-24475
-26150
-29450
-22225
-20800
-20150
-19425
-13550
-16800
-11750
-11175
-8450
-7425
-4825
-4400
-6425
400
-1600
-2000

-775
2775
-1125
-1225
500
-875
-1325
-3950
-1400
-4850
-5250
-7075
-7475
-7225
-11825
-11400
-12900
-12500
-16325
-15900
-15125
-15725
-18775
-19625
-16750
-16800
-16350
-19750
-15950
-16800
-16325
-14375
-16000
-11250
-13150
-12150
-11975
-9500
-9375
-9300
-8100
-6900
-8125
-8450
-6075
-6850
-4925
-8475
-6600
-5150
-7625
-8575
-8600
-5950
-9175
-11575
-11175
-8625
-10600
-13050
-12675
-12875
-12975
-15625
-15125
-15175
-14800
-16450
-16775
-15125
-17400
-16075
-17450
-16350
-18625
-18050
-17625
-18100
-18925
-19250
-18575
-20675
-19750
-22200
-21100
-24975
-22875
-24225
-28050
-26925
-28600
-27875
-30500
-32425
-33875
-30900
-33950
-34500
-36050
-32650
-35925
-37625
-31100
-35750
-35600
-32325
-29025
-33975
-2040
-25325
-26550
-27250
-22975
-19575
-21425
-17675
-16600
-12800
-11100
-11800
-9725
-6175
-3675
-8125
-3225
575
-650
-3800

1475
2225
-1850
0
225
1150
-3625
-1925
-2025
-4225
-5150
-7350
-5925
-10150
-10175
-12225
-11400
-13575
-13750
-16125
-15900
-15000
-18500
-17000
-19125
-15725
-16750
-18600
-16075
-15550
-13775
-17925
-14675
-12150
-11050
-13925
-9075
-8675
-9075
-9750
-9650
-4750
-8275
-5525
-7625
-4900
-5750
-8650
-6025
-5125
-5500
-10150
-8800
-6275
-7600
-12000
-9475
-9200
-12025
-12275
-13450
-11100
-13550
-13400
-15175
-16200
-13750
-16800
-15025
-16950
-16025
-17300
-17175
-17475
-16575
-18325
-18525
-17275
-20075
-17650
-21275
-18400
-20800
-20950
-23350
-23625
-22200
-24450
-26475
-27650
-27675
-30525
-28300
-33625
-31275
-31100
-33300
-36400
-35175
-31825
-37475
-35950
-31950
-34225
-37025
-31050
-30325
-32900
-28850
-27025
-26175
-28025
-21225
-20225
-19175
-18175
-15800
-12625
-12075
-10050
-10850
-3600
-5725
-6050
-3725
900
-1075
-2550

2400
-550
200
-200
1275
-850
-1425
-1125
-2875
-3975
-5525
-5975
-8400
-6400
-10800
-11850
-12025
-12750
-13025
-18025
-13975
-15875
-16600
-19675
-16500
-15875
-16425
-18400
-17075
-13850
-16975
-14450
-15325
-10325
-13175
-13400
-9525
-10025
-7750
-10050
-6800
-7150
-7650
-7200
-5275
-4950
-6550
-6275
-7600
-4350
-8400
-6775
-7825
-6950
-7725
-11600
-9275
-10875
-9475
-12675
-12475
-13000
-12650
-13850
-15100
-13550
-14400
-15125
-17900
-14425
-16800
-16125
-17625
-15875
-15825
-19350
-16475
-18025
-17700
-20200
-18850
-20225
-20025
-21375
-20900
-22750
-24700
-23350
-26300
-25400
-29050
-27750
-29050
-32450
-31025
-31925
-32250
-35625
-31900
-34250
-36575
-35000
-31875
-35000
-35000
-28875
-33000
-31325
-30075
-24650
-27275
-24950
-21425
-21200
-19275
-17825
-15050
-13450
-9300
-12250
-8275
-5250
-4025
-5400
-2825
1650
-2575
125

-25
2375
-575
475
575
800
-475
-3525
-100
-4375
-3350
-8525
-5375
-8000
-9925
-10925
-11525
-10950
-15150
-15550
-15775
-13950
-17900
-16900
-16800
-16400
-16525
-19025
-13675
-25
-30525
-16175
-14175
-10700
-12300
-11075
-10950
-7775
-9775
-8250
-8550
-4550
-6350
-6575
-5000
-6625
-3875
-7875
-4400
-6250
-5400
-7475
-7650
-5625
-8050
-8600
-10300
-9050
-10675
-12350
-13575
-10100
-12100
-15000
-14000
-14475
-12700
-17050
-14050
-16275
-16375
-16500
-16250
-15700
-17450
-16575
-17550
-16500
-19100
-17875
-19325
-19175
-19500
-22125
-19625
-23800
-22400
-24175
-24525
-27525
-27950
-26950
-28750
-32050
-31850
-30075
-35500
-33375
-34050
-32250
-35800
-33950
-31225
-36600
-32900
-31150
-31075
-32375
-27075
-27175
-26150
-25275
-22950
-18325
-18300
-16125
-20350
-10100
-10050
-11175
-9850
-2500
-3450
-7525
-1500
600
-100
-3475

2950
1300
275
600
950
2275
-2050
-875
-2275
-2225
-6100
-5675
-6050
-7150
-10675
-11075
-9400
-13875
-12500
-15925
-13650
-15475
-16875
-16250
-17550
-14925
-16475
-17775
-16775
-13075
-14750
-14700
-13575
-11275
-10325
-13775
-9475
-8875
-6400
-9100
-7925
-4650
-5925
-5750
-6875
-2425
-5200
-6775
-6025
-3450
-7350
-7825
-6250
-6700
-7000
-11275
-8075
-9325
-9825
-11850
-12950
-10500
-13275
-13925
-14175
-13225
-15050
-14125
-15050
-15600
-15150
-16075
-15700
-17625
-15725
-17500
-16025
-17950
-17625
-16850
-20400
-17850
-20775
-20250
-21800
-21525
-24550
-23400
-24400
-26775
-26650
-27500
-29150
-34275
-29275
-31075
-33525
-34550
-31800
-33100
-36425
-33225
-32425
-33500
-34825
-29425
-32675
-30650
-29200
-26475
-24725
-24725
-22075
-22400
-15350
-18575
-16450
-10775
-8850
-12050
-8400
-2900
-5600
-4175
-1800
2050
-2575
525

1875
1600
1375
400
2000
-375
550
-1975
-1225
-2975
-3525
-5400
-6950
-5875
-10650
-9225
-11875
-11075
-14275
-15250
-13875
-14400
-15575
-18400
-15800
-16225
-14900
-18975
-14275
-12400
-14925
-14950
-14400
-8175
-12425
-11475
-10150
-7600
-7475
-9025
-6100
-5175
-4800
-6875
-3900
-5275
-4050
-6650
-4875
-3525
-7375
-5400
-7800
-5300
-8125
-7700
-9450
-9325
-8600
-11725
-12275
-12450
-10550
-13800
-14175
-14375
-11675
-14450
-16600
-13375
-15275
-15075
-17550
-15300
-16100
-17150
-16650
-17125
-16900
-18800
-18300
-18250
-18875
-22075
-20225
-22250
-23300
-22875
-25075
-26025
-28775
-25075
-29625
-31200
-30825
-30075
-34325
-33275
-31825
-34400
-33825
-33450
-31300
-36025
-32500
-30175
-30800
-29025
-28775
-27125
-25700
-23875
-23975
-19175
-17700
-16450
-16525
-11350
-8500
-11875
-6250
-4750
-4050
-5075
-1150
-100
-325
675

925
3225
950
1875
-975
3425
-250
-2075
-1600
-2475
-2250
-6800
-5000
-7150
-9425
-11850
-9925
-11850
-13775
-15225
-14750
-12775
-18075
-16075
-16500
-13725
-16225
-18500
-13975
-14550
-13050
-15125
-12550
-11650
-10025
-11975
-9550
-8500
-6975
-6950
-9675
-4625
-6375
-5200
-5475
-3850
-3625
-7000
-4275
-4750
-6325
-6675
-7050
-7475
-6450
-8750
-10150
-8300
-8950
-10575
-14100
-9475
-11300
-13600
-13825
-13725
-12850
-15925
-14525
-15475
-14600
-16300
-14800
-16200
-16375
-17450
-16725
-15100
-19000
-16600
-19250
-17450
-20700
-20400
-19400
-23000
-23175
-23975
-23875
-27750
-26425
-26975
-28925
-32950
-29200
-30075
-34350
-32200
-33100
-32750
-36350
-32125
-33600
-32975
-32450
-31525
-30125
-31000
-28125
-28525
-21875
-24300
-24425
-20500
-15350
-17525
-17600
-8150
-10750
-11300
-9000
-2100
-4925
-4650
-1725
1175
400
-1775

