
Curva de Excitacao - Bobina Girante (Dados Brutos)

Arquivo..............: C:\Arq\Wiggler\Medidas Wiggler - Corretoras\Bobina Tungstenio\Gap52\Map2\Translado52_X=10_#031.dat
Data.................: 10/02/2005
Hora.................: 10:02:42
Ganho................: 20
N. de Coletas........: 1
N. de Voltas.........: 10
Intervalo de Análise.: 4 - 8

-17775
-17350
-15200
-16275
-15325
-13900
-13975
-15000
-13875
-14825
-12175
-11525
-13125
-10125
-10200
-9175
-11025
-8400
-5525
-8925
-5950
-4550
-2200
-4075
-2200
-300
-425
-1475
-125
1275
1825
5625
-1575
3250
-200
400
-1275
-925
975
-2575
-1250
-5475
-4400
-7125
-3875
-9600
-8150
-8400
-7450
-9025
-10500
-7975
-12975
-10750
-14325
-10375
-13275
-12575
-14125
-15725
-18600
-20200
-17500
-20525
-22500
-25650
-24125
-29425
-27575
-30100
-31325
-31275
-33300
-35925
-35875
-34550
-35175
-33725
-34350
-33800
-34825
-28125
-31100
-30000
-25100
-24925
-26250
-20525
-18250
-18600
-18400
-14750
-15650
-18750
-11575
-13300
-14200
-15000
-13200
-15275
-14650
-15900
-15800
-17050
-18475
-17700
-20500
-17600
-22050
-19975
-21000
-21650
-22275
-21550
-21600
-22175
-21550
-21950
-19500
-22475
-19800
-21375
-18375
-18425
-20100
-17550
-16900
-17300

-18825
-14675
-15800
-15050
-17725
-13675
-13400
-14550
-12675
-13975
-10475
-14150
-12325
-11125
-9175
-10375
-8325
-7450
-7350
-6825
-6525
-1950
-5950
-1200
-3300
-575
375
-775
1950
-325
2575
1425
725
2150
4400
-175
-325
-1400
-1075
-725
-1900
-4350
-6025
-3175
-6300
-8325
-6575
-7225
-8575
-9850
-10275
-8700
-10825
-10200
-11800
-12000
-13650
-14250
-13775
-15425
-17450
-18425
-17650
-23075
-20650
-24975
-23975
-27950
-27625
-31100
-32525
-30325
-32925
-32775
-36525
-2040
-37675
-33075
-35125
-32875
-31675
-30625
-31125
-29750
-22400
-27050
-22800
-20900
-18500
-22700
-15100
-14700
-16225
-15875
-13900
-12050
-16150
-11400
-16500
-12900
-14850
-15075
-17325
-16400
-17150
-19275
-18025
-20475
-19925
-21725
-18125
-23100
-21950
-21000
-20900
-21475
-23750
-19950
-20625
-19100
-22725
-19100
-18575
-18350
-20175
-17700
-14650
-18925

-16325
-16425
-14925
-16350
-14400
-13025
-14450
-13775
-14125
-12275
-12475
-11825
-11525
-10600
-10600
-9500
-7775
-7875
-6450
-7275
-5175
-5150
-4275
-1575
-2500
625
100
-200
525
1250
3175
2625
800
1150
3325
-75
1575
-1575
-275
-1275
-3375
-3375
-5375
-1950
-7900
-6850
-8675
-6925
-9350
-7725
-9325
-10025
-9600
-12050
-9550
-13750
-10600
-14950
-12550
-17375
-16175
-16725
-19250
-19075
-23375
-22750
-27275
-23750
-29025
-29500
-31575
-30025
-34225
-34975
-32900
-35550
-33600
-36075
-33500
-35650
-29675
-31075
-31000
-26750
-26450
-26950
-23650
-18825
-20800
-18600
-16900
-15825
-15725
-14300
-12850
-13925
-13025
-14300
-15600
-11775
-14050
-16550
-15650
-14600
-19000
-18650
-18000
-18825
-21650
-20275
-18875
-22200
-21575
-22475
-19950
-21875
-22075
-20625
-19550
-21300
-21100
-18550
-19350
-18050
-19325
-16950
-18050
-17000

-16275
-16125
-15075
-15675
-15125
-14650
-12950
-14150
-12950
-13000
-10525
-11575
-13025
-9000
-11350
-7075
-10150
-7000
-7100
-5750
-5025
-3825
-1425
-4225
-2050
-1225
3600
-1850
2100
1250
1600
2925
-50
5025
1150
2750
-925
-1100
300
-250
-2500
-3725
-3650
-5500
-5225
-6375
-6375
-9925
-5625
-9400
-10800
-8625
-9275
-10700
-12250
-11200
-12475
-14025
-13300
-13900
-16725
-18075
-19950
-18725
-22475
-24100
-23900
-25400
-30375
-29175
-29725
-30725
-33700
-33100
-33900
-37075
-32500
-34875
-33475
-33275
-30900
-33075
-29475
-26650
-24850
-25400
-23375
-19825
-21775
-16275
-17825
-14950
-14850
-14400
-14900
-12550
-11325
-14050
-13400
-14125
-13125
-17750
-14050
-16950
-17200
-17825
-17675
-18650
-20625
-18650
-21050
-20275
-22675
-20250
-21725
-19450
-22825
-21725
-18025
-20725
-18850
-21525
-16775
-18600
-18975
-18550
-14900
-15975

-17925
-15925
-14050
-13500
-17700
-11800
-13050
-13975
-13700
-11450
-9500
-12950
-11425
-9800
-9100
-10300
-6700
-7000
-5950
-6425
-5600
-2500
-4175
-900
-2125
75
400
-25
3075
1975
2850
2750
1700
1775
3100
2825
900
-1075
425
-625
-4150
-1900
-3250
-3050
-5900
-7125
-5325
-8250
-6275
-9225
-8225
-8975
-10975
-10175
-10000
-10350
-13400
-12650
-14625
-13625
-17250
-16250
-18275
-19050
-23025
-24275
-21675
-26900
-26975
-30200
-29225
-33775
-30725
-32325
-34850
-33925
-33750
-34100
-36150
-29175
-31525
-30025
-30350
-25850
-26800
-25075
-21150
-20275
-17850
-19825
-16450
-15600
-12550
-15600
-12900
-12375
-13625
-13325
-14675
-10650
-15475
-14075
-16100
-15225
-17775
-17725
-17075
-19325
-19525
-22100
-17825
-21375
-20150
-22000
-19400
-20100
-23300
-19850
-19375
-18850
-21575
-18500
-17875
-17500
-19000
-17025
-13850
-17675

-15925
-16025
-13225
-16350
-14725
-12675
-12950
-13175
-12600
-10475
-12875
-11050
-11275
-9025
-10425
-8275
-7750
-8475
-4450
-6750
-3675
-4350
-2275
-2000
-2275
1275
975
975
1050
2425
2175
4650
1350
2875
3225
2275
2275
-2325
1700
-1225
-1050
-3775
-3900
-2575
-4550
-6000
-7775
-5850
-8850
-7525
-9425
-7525
-9800
-9875
-10550
-12600
-11175
-12775
-12000
-16175
-14975
-18000
-17925
-18925
-21850
-22650
-24625
-26075
-27925
-28400
-31275
-29150
-31700
-34050
-34700
-33575
-31850
-35650
-32575
-32375
-32650
-30400
-27725
-25800
-26250
-23850
-22975
-20450
-18775
-16800
-16975
-13900
-13300
-15600
-13100
-11225
-10600
-14900
-13425
-12425
-14325
-15900
-13800
-14500
-18475
-16525
-17950
-17375
-21125
-19150
-17675
-21575
-21250
-21050
-18525
-21825
-21150
-20850
-17250
-20950
-19525
-18525
-18450
-16500
-18925
-15550
-17475
-15525

-16250
-14925
-13875
-13750
-14000
-14425
-12325
-13625
-11250
-14000
-9225
-10775
-11550
-9400
-9250
-6875
-9350
-5775
-5950
-5300
-6100
-1475
-2450
-2500
-700
-100
2025
-875
4250
1550
3525
3300
1000
4125
3050
3475
600
-150
0
1000
-1675
-2025
-3100
-4075
-3575
-6925
-6150
-6975
-5000
-8575
-9550
-8000
-9075
-9300
-10400
-10950
-11225
-13375
-13225
-13425
-15200
-17450
-17425
-19575
-21675
-22925
-22475
-24625
-29100
-28050
-31450
-29050
-32850
-31275
-33550
-33825
-35150
-33900
-31675
-31500
-30400
-30675
-27500
-29900
-23750
-23725
-21675
-20375
-18275
-17825
-18000
-12525
-13675
-14075
-14100
-10050
-14100
-13100
-13175
-11450
-12725
-16850
-13575
-16475
-16425
-17675
-16550
-18375
-19850
-19675
-19500
-19600
-21975
-19025
-20750
-19825
-21850
-20600
-18950
-19350
-18875
-19675
-16450
-18250
-17850
-18400
-14000
-16150

-16325
-15125
-13550
-13900
-16325
-12325
-12925
-11875
-13375
-11350
-10150
-11100
-10425
-10000
-7775
-9275
-7600
-7150
-5000
-6150
-4250
-1550
-3600
-350
-1875
1475
975
850
2225
1775
4000
3525
3400
1675
3575
1750
1350
350
600
875
-3050
-1875
-4675
-2300
-5325
-5325
-6900
-7350
-5750
-9250
-6950
-9675
-8250
-11050
-10175
-11000
-10275
-12675
-13750
-13450
-17700
-15900
-18300
-17375
-22875
-21500
-24050
-26650
-27075
-28375
-28975
-31400
-31525
-34325
-33275
-33450
-32150
-34050
-33775
-32200
-31750
-28775
-30250
-24650
-25150
-24775
-23175
-18550
-17900
-19375
-16300
-14400
-12875
-16525
-10925
-11600
-12025
-13600
-13600
-11225
-15000
-13625
-15175
-14900
-17925
-16775
-16150
-18025
-20100
-20050
-17575
-21600
-21125
-21800
-18375
-20175
-21775
-19500
-18825
-18875
-21325
-18825
-17100
-16550
-19750
-16750
-15100
-17075

