
Curva de Excitacao - Bobina Girante (Dados Brutos)

Arquivo..............: C:\Arq\Wiggler\Medidas Wiggler - Corretoras\Bobina Tungstenio\Gap52\Map2\Translado52_X=-19_#002.dat
Data.................: 10/02/2005
Hora.................: 09:06:35
Ganho................: 20
N. de Coletas........: 1
N. de Voltas.........: 10
Intervalo de Análise.: 4 - 8

25100
34700
29475
32250
31025
29600
25875
24275
27225
28500
29375
18350
18425
16500
8900
3550
4000
2075
-1725
-175
-8275
-13975
-17750
-15975
-27900
-24600
-23875
-29450
-24625
-29450
-32000
-35125
-29875
-33275
-33425
-31275
-26675
-29925
-30925
-27175
-30025
-25975
-28700
-25450
-24325
-23175
-21875
-23950
-21075
-22850
-20925
-22525
-21800
-18625
-17450
-21400
-19850
-18600
-23100
-22375
-21550
-19025
-22750
-21050
-20225
-24725
-23600
-24525
-26325
-24825
-24450
-29275
-27775
-24650
-29625
-34400
-29175
-30825
-38875
-33200
-32075
-37850
-39925
-35100
-40900
-48525
-38875
-40425
-48125
-44225
-41675
-50250
-48400
-42825
-47850
-47025
-40350
-48575
-51650
-37125
-39375
-46000
-34175
-27075
-39350
-35425
-18275
-28025
-28400
-13075
-12425
-20725
-6575
575
-5950
-2200
5425
4875
4325
15325
14100
16625
22125
19800
18850
26975
30000
24875

31100
30725
28900
27875
33075
31900
28375
30325
27225
24825
20675
20375
19800
18025
9050
9675
9700
-400
-4325
-5600
-5800
-15575
-14500
-17950
-23275
-21875
-24525
-30350
-29500
-26175
-33100
-32675
-30475
-28275
-33375
-32400
-28100
-30225
-27650
-29750
-27425
-25650
-26400
-26275
-23975
-22650
-23325
-22875
-21600
-19775
-22100
-19375
-21125
-18400
-19750
-22825
-18725
-18475
-20225
-21600
-18425
-20650
-23000
-21250
-20775
-23300
-23075
-22850
-26125
-24975
-24675
-26975
-27475
-26425
-28925
-34175
-27300
-31900
-36325
-33500
-32475
-39125
-40500
-34075
-40250
-44750
-40850
-40425
-50000
-43475
-42350
-48125
-45675
-45750
-48175
-49425
-39850
-47250
-47975
-37150
-39450
-47075
-36000
-27725
-37775
-30425
-20800
-26800
-29500
-12050
-12600
-19000
-7775
-175
-6350
-5000
9000
7150
6750
11775
14775
15350
19725
22000
22025
29725
25850
25050

28750
34175
28975
30850
31825
30800
28875
28100
29750
24575
25150
19650
20325
16250
9875
11375
6825
1675
-4175
-2900
-8700
-12150
-15825
-17025
-22725
-22425
-23550
-31550
-26450
-28750
-31450
-33500
-29500
-29000
-32950
-30625
-28500
-29375
-29925
-28025
-28225
-24025
-26875
-26000
-22425
-23625
-22775
-24025
-19000
-19600
-21625
-20500
-19275
-18050
-20175
-21400
-18100
-18200
-21700
-19575
-19325
-19600
-22025
-20775
-20625
-25400
-21200
-22625
-24525
-24600
-23650
-26425
-28425
-25200
-28625
-32075
-29325
-29650
-36475
-33700
-32350
-38275
-37950
-36350
-39875
-46100
-39300
-40100
-47625
-43875
-43300
-48200
-47800
-42275
-47975
-46100
-42150
-46250
-49200
-36450
-38900
-44375
-33250
-30475
-37775
-33250
-19025
-26225
-25825
-12650
-12975
-18450
-8325
625
-6925
-625
6100
6075
5200
14225
15550
16625
21625
19950
21850
26000
28900
26075

30725
31300
30075
30575
31075
32425
28825
31000
26450
26475
23275
20925
20475
17425
11450
7725
8700
675
-2725
-5625
-5675
-13625
-15200
-17275
-23000
-20775
-26225
-28375
-27825
-27075
-32700
-30925
-28600
-29375
-32725
-32000
-26900
-30225
-27725
-29100
-27075
-24525
-27275
-24825
-23400
-22025
-22200
-23025
-21075
-19800
-20950
-20225
-19900
-19050
-17925
-21975
-17925
-18325
-19225
-20875
-19850
-19000
-22225
-20725
-21425
-22425
-22275
-23500
-25150
-23275
-24325
-27600
-25975
-26275
-29050
-33850
-27375
-30800
-36200
-32700
-32600
-37600
-41000
-33925
-39525
-43725
-41250
-40300
-47650
-44550
-41725
-47550
-43875
-46000
-47600
-47525
-40725
-46275
-46225
-37225
-40425
-44275
-34825
-27825
-38125
-28950
-22050
-26675
-27750
-12850
-10900
-16200
-6250
-2975
-5875
-2375
8925
6225
7875
13675
14075
17275
19925
22125
21000
29900
26875
26750

28900
33600
31100
29600
32875
30750
30050
28925
29600
25425
24400
19600
20725
18675
9850
10875
7425
3025
-4350
-4075
-7400
-12150
-14250
-16700
-21175
-23325
-23675
-30000
-25825
-28525
-31375
-30425
-30300
-28425
-33150
-30500
-28725
-28550
-28800
-28300
-26625
-24575
-25650
-26325
-21450
-24125
-22225
-22950
-19925
-18025
-21600
-19350
-21075
-17450
-19475
-19975
-18875
-17225
-19375
-21100
-18675
-19075
-20275
-22125
-20400
-22325
-22075
-22725
-23925
-22375
-26075
-26700
-27375
-24500
-29300
-30475
-28225
-30675
-34975
-33750
-31800
-37925
-36875
-36350
-38450
-45425
-39175
-39825
-45750
-42975
-44650
-45700
-47150
-43325
-47300
-44650
-42200
-45925
-46625
-37525
-37175
-43575
-33025
-31800
-35325
-31900
-20025
-24800
-24825
-12450
-12850
-16700
-8750
1275
-3900
-325
4875
7800
7925
12475
17250
16825
23175
19300
23050
27725
29525
26575

30950
33325
29125
30550
32575
34000
28150
31750
28375
26650
23525
21550
21775
15725
12500
9775
9900
1375
-1225
-4450
-6875
-12150
-15450
-15425
-21475
-20400
-25075
-28050
-26825
-27625
-30250
-31300
-29300
-28825
-31025
-31200
-27650
-28825
-27150
-27850
-27050
-23800
-25850
-24450
-22950
-21275
-21500
-22350
-19600
-18975
-20800
-20600
-17325
-17575
-19125
-21725
-17675
-16425
-19700
-18925
-19375
-18525
-22900
-19975
-20150
-21725
-21375
-22475
-23700
-25075
-23425
-26275
-25750
-27075
-27450
-31050
-28525
-29850
-34350
-31350
-33950
-35800
-39375
-35150
-38775
-41350
-39875
-41450
-45725
-44950
-42000
-45700
-43250
-46825
-45900
-46075
-41650
-44700
-44675
-36350
-40975
-42225
-35325
-29000
-35900
-28275
-20525
-25800
-25500
-13975
-9675
-16575
-6225
-1950
-3400
-1475
8150
8475
7175
13100
15400
18375
19650
23500
23225
29675
27775
27325

31800
32875
31500
30875
33875
30025
29925
30475
29775
26325
25325
22425
19000
17650
11500
11600
6925
3800
-1650
-5025
-5900
-11975
-14150
-18250
-20150
-21125
-23250
-28600
-26375
-26175
-31500
-29725
-29675
-28300
-32350
-29500
-27100
-29075
-27725
-28500
-24800
-24800
-25400
-24550
-22075
-21975
-22425
-21075
-20100
-17450
-21750
-18450
-19400
-17000
-18525
-19650
-16350
-19275
-18075
-20525
-17525
-19275
-19475
-20900
-20000
-21375
-21275
-20950
-24250
-22275
-24975
-25725
-27375
-24550
-27075
-29925
-27200
-30550
-33050
-33450
-31375
-36575
-36175
-37125
-37525
-43275
-40200
-39025
-44700
-42400
-45075
-43800
-46550
-44900
-44950
-43475
-42250
-47450
-43050
-38975
-37700
-42475
-32000
-32275
-34800
-29950
-21050
-22750
-23450
-12300
-14000
-15375
-7275
1175
-3225
825
5800
6700
10025
12900
16925
17150
23075
20725
23225
28175
30075
29075

30100
34100
30000
32350
31575
34200
29825
31025
29650
26375
26075
21225
21350
16975
13250
9775
9025
3325
-1675
-3600
-6675
-9750
-15975
-15875
-19800
-19950
-25025
-27300
-25375
-27650
-29625
-30850
-28450
-29000
-30750
-29900
-27200
-27625
-28050
-26700
-27000
-23175
-25725
-24300
-21825
-21125
-20350
-22775
-19100
-19775
-18750
-19325
-18250
-17850
-17450
-19650
-17850
-16550
-18475
-18725
-20225
-18125
-20275
-19675
-19825
-20525
-20100
-23675
-22475
-23225
-23500
-26300
-24625
-25125
-29300
-30250
-27725
-28350
-34575
-30875
-33700
-35850
-38500
-35200
-37000
-42175
-39300
-40975
-43800
-44725
-42100
-44175
-43425
-46375
-46275
-43475
-41675
-44500
-44550
-36025
-41275
-41100
-34250
-29800
-33775
-28400
-21850
-25550
-22850
-14525
-10800
-14225
-5300
-3275
-3150
775
6350
9925
8875
13800
13950
19375
22125
21675
23225
30625
29300
25675

