
Curva de Excitacao - Bobina Girante (Dados Brutos)

Arquivo..............: C:\Arq\Wiggler\Medidas Wiggler - Corretoras\Bobina Tungstenio\Gap52\Map2\Translado52_X=-13_#008.dat
Data.................: 10/02/2005
Hora.................: 09:17:18
Ganho................: 20
N. de Coletas........: 1
N. de Voltas.........: 10
Intervalo de Análise.: 4 - 8

16475
13275
14400
11475
15725
14575
11225
10425
10575
7650
3100
5050
2975
1475
-6025
-3950
-6500
-10150
-11250
-16100
-12375
-17425
-19325
-20150
-19500
-23575
-22375
-24325
-22375
-21350
-24450
-21300
-24550
-19850
-22450
-20650
-18150
-19725
-16900
-18650
-16600
-15625
-15225
-15800
-13150
-11125
-13200
-14450
-11700
-8650
-14100
-13175
-11575
-9650
-12250
-15575
-9300
-12150
-13275
-16425
-13325
-13500
-15475
-15925
-14350
-15675
-18250
-17050
-17675
-17625
-20425
-17950
-19225
-22050
-20700
-21425
-21125
-25575
-23325
-25100
-26275
-26300
-27400
-29700
-30200
-31400
-35125
-31550
-34650
-36050
-37350
-35725
-38800
-42850
-35875
-39500
-41750
-41725
-37500
-41825
-40050
-37775
-35400
-36100
-36050
-31650
-32925
-27500
-29300
-23525
-20775
-18725
-19975
-13850
-10250
-12350
-6050
-1950
-425
-4950
4550
6800
5350
7350
11475
12775
9725
13900

13175
15875
13650
15375
13000
13550
11750
11525
12075
5700
7350
3100
3375
-750
-2050
-3600
-7375
-8550
-13350
-13475
-16025
-14225
-20200
-18850
-20400
-20575
-21625
-25650
-20775
-22050
-22450
-24300
-20975
-18700
-22450
-22650
-19075
-16925
-18175
-18425
-15725
-13250
-16275
-16375
-12075
-12825
-11125
-15325
-9300
-10400
-13725
-12900
-11050
-9600
-12350
-12200
-12575
-11425
-14875
-12325
-14175
-13225
-14675
-16850
-14725
-16225
-14900
-17850
-17075
-18300
-18750
-18600
-20025
-18600
-21075
-21550
-23525
-21350
-24350
-24500
-26900
-25425
-27850
-30550
-27250
-32825
-32525
-33725
-32300
-37925
-37000
-34500
-37875
-40775
-38875
-37550
-43550
-38950
-39775
-37850
-40875
-36825
-36100
-37425
-32300
-33475
-29175
-30050
-26275
-51000
-20200
-20200
-17050
-11550
-11625
-10025
-9075
-550
-3200
50
4200
6875
5375
6950
11325
11050
14325
12775

15500
12475
15175
13825
14025
15600
12250
11825
8475
8775
5875
4725
2325
1725
-2250
-5725
-5275
-8425
-11275
-15725
-13075
-15725
-19325
-19350
-20275
-16750
-23000
-23925
-21575
-21075
-23100
-23000
-21500
-19775
-20625
-22975
-17300
-18125
-17025
-18375
-16075
-13725
-15575
-14200
-13275
-11575
-13675
-12175
-11775
-9550
-12450
-11250
-11450
-12100
-10200
-13200
-11200
-12775
-10900
-14475
-15375
-12075
-13975
-15450
-16450
-14275
-16625
-17625
-17300
-16775
-18575
-19625
-18525
-20150
-19675
-23600
-19825
-22875
-24225
-25625
-25325
-24825
-29025
-28375
-29175
-31125
-34450
-30250
-34800
-35800
-36175
-36075
-38125
-42350
-35525
-39725
-40875
-40450
-37900
-40175
-39575
-36650
-36625
-34425
-35825
-31225
-32150
-27800
-28900
-23025
-19600
-20050
-17175
-14325
-8950
-10950
-4500
-1575
1000
-2075
4125
7625
7150
9550
10650
15200
11550
13900

14700
17050
16000
13775
16400
14150
12825
10650
13625
8375
6975
4950
4350
1875
-3850
-2300
-5475
-7000
-12925
-12300
-12350
-15275
-18050
-19550
-17350
-21250
-20825
-23600
-19275
-21100
-22150
-20600
-21500
-18025
-21525
-19250
-19575
-16300
-16200
-16425
-15150
-14100
-12425
-16050
-11400
-11450
-9400
-14550
-10450
-8125
-11725
-11575
-11900
-6850
-11375
-12000
-12200
-10175
-12150
-13600
-11950
-12200
-13250
-16500
-12500
-15475
-15575
-17075
-15200
-16975
-19400
-15600
-18425
-19050
-21500
-19100
-21900
-21925
-22150
-23625
-23825
-26725
-25950
-29725
-26775
-32100
-31225
-31275
-33175
-35575
-36300
-32200
-38800
-39600
-38400
-36200
-41550
-38475
-37775
-37825
-37425
-37750
-33650
-36625
-32150
-32025
-27825
-29125
-26850
-22075
-19275
-19075
-17775
-9800
-9675
-11125
-8175
950
-700
-1450
6925
8250
7875
5000
13250
13925
13125
13925

16775
17200
13500
15500
15650
17625
11750
14075
11600
8425
8050
5325
6350
200
-350
-4150
-3600
-8800
-9750
-12750
-13325
-13800
-18875
-17050
-20625
-17475
-22100
-22950
-19200
-20100
-21325
-23175
-18075
-19650
-19425
-21450
-15300
-16275
-16750
-15775
-16175
-10650
-15650
-12300
-12950
-9850
-11475
-11550
-9075
-8900
-10350
-12450
-8500
-9975
-10100
-12600
-9425
-10025
-12575
-11950
-13625
-10200
-14275
-13375
-13775
-14050
-15375
-15875
-14875
-17600
-16250
-17900
-17175
-20475
-17475
-21300
-21000
-20175
-23325
-22725
-26050
-21800
-28200
-27600
-28175
-29575
-31200
-30725
-31650
-36200
-34300
-35500
-36050
-40650
-35175
-36850
-39675
-38375
-38400
-36675
-38825
-35225
-36375
-32950
-33975
-30550
-29950
-29025
-24125
-22625
-17700
-20875
-15400
-12400
-9975
-9950
-2750
900
-1875
1525
3625
8650
6325
10975
12300
14575
12975
13950

17450
15250
17400
15125
16950
13075
13425
14075
11775
10750
7575
7550
2250
3625
-1450
-3625
-5450
-6125
-8550
-14325
-10700
-15425
-17050
-20650
-16950
-19050
-20200
-22100
-19800
-18050
-24000
-20525
-20600
-17350
-21550
-19475
-15675
-16800
-16600
-17525
-13000
-13950
-12575
-14725
-9850
-9875
-12275
-10375
-10225
-8025
-12275
-8825
-10050
-8725
-9925
-11125
-9975
-11700
-8950
-13025
-12400
-13225
-10550
-14475
-14450
-13050
-14250
-15200
-17325
-13350
-18175
-17450
-18425
-16825
-18425
-21375
-18550
-21350
-21550
-25100
-22500
-25125
-26625
-28075
-25550
-29275
-32550
-29375
-33775
-34200
-36250
-31650
-36925
-39325
-35550
-37575
-38025
-39475
-35450
-38175
-38125
-37375
-33850
-35100
-32525
-29825
-29175
-25225
-26725
-21700
-20175
-18350
-16550
-10050
-8900
-9650
-4375
-1425
850
-400
6925
7150
10200
8175
10625
16450
13975
15225

14725
18600
14400
15850
15150
17625
14025
11475
14575
8150
9825
4425
6100
1325
-625
-3750
-4175
-4225
-12250
-11000
-13375
-12600
-18700
-16475
-18375
-18925
-20275
-22800
-17175
-21775
-19575
-22500
-19775
-19025
-18975
-18425
-18225
-15200
-16450
-15075
-16650
-10300
-13225
-13475
-11500
-10700
-7975
-13950
-8275
-9850
-8975
-11700
-9600
-7450
-9725
-11500
-11875
-8725
-11625
-11450
-13500
-9475
-13200
-15025
-12675
-14675
-13225
-17525
-13525
-16450
-17100
-17600
-17025
-18025
-19975
-18950
-21125
-20600
-23600
-21150
-25000
-23575
-26625
-28075
-25800
-31550
-30125
-30875
-31425
-36925
-33850
-34375
-36250
-38075
-36350
-35400
-41600
-36575
-38325
-35900
-38800
-35275
-33600
-34650
-32375
-31725
-26775
-28850
-24500
-23000
-17125
-19200
-16575
-9750
-9050
-8100
-6475
3300
-1000
1100
4200
9725
7825
9075
14150
13725
14675
12175

17500
17150
16850
14650
17100
16325
11975
14825
12750
11800
5475
7100
4650
2400
-1600
-2675
-2925
-8450
-8075
-13550
-11000
-15925
-15900
-17900
-18925
-17825
-21325
-20775
-21525
-18600
-22700
-19450
-19450
-18325
-18125
-20650
-15975
-17675
-13600
-17600
-14125
-11850
-12450
-12950
-12275
-8300
-11725
-11525
-11300
-7075
-10825
-10675
-9000
-8825
-8225
-13350
-9750
-10025
-10250
-13750
-12250
-10025
-13700
-12325
-13900
-12825
-16875
-14325
-14900
-15925
-17300
-16575
-17550
-19725
-17400
-21025
-18100
-22475
-21075
-23725
-24375
-23450
-26975
-26700
-28475
-28125
-32625
-30475
-33525
-33800
-34875
-33950
-35275
-40650
-34950
-38050
-36825
-40000
-36775
-36825
-38050
-35850
-34700
-32725
-34525
-28350
-30250
-25900
-27650
-20725
-19525
-19475
-14950
-11125
-7200
-11400
-4175
-1050
1425
-150
6750
8625
6950
9500
11100
16275
11500
16475

