
Curva de Excitacao - Bobina Girante (Dados Brutos)

Arquivo..............: C:\Arq\Wiggler\Medidas Wiggler - Corretoras\Bobina Tungstenio\Gap52\Map2\Translado52_X=-6_#015.dat
Data.................: 10/02/2005
Hora.................: 09:29:09
Ganho................: 20
N. de Coletas........: 1
N. de Voltas.........: 10
Intervalo de Análise.: 4 - 8

-5375
-625
-1800
-4000
-2800
-2950
-5050
-5125
-6475
-7075
-6025
-7775
-9875
-9475
-12775
-15225
-15125
-15375
-12050
-18025
-14850
-15825
-19025
-19900
-19525
-15800
-16950
-17025
-16750
-14300
-17150
-13375
-17100
-11575
-11675
-13100
-9800
-7850
-6100
-11300
-8400
-6575
-9325
-6450
-5600
-5900
-4775
-6775
-7350
-7925
-8700
-7150
-10275
-8325
-7050
-11575
-10875
-13125
-12525
-12100
-14325
-12425
-14400
-15250
-17875
-16300
-14875
-16750
-18300
-17275
-16825
-18275
-17500
-18325
-16500
-20475
-18875
-19675
-18925
-19550
-19050
-18875
-21625
-20525
-22775
-23900
-25475
-22875
-26700
-26100
-26625
-28725
-29750
-31875
-33150
-33525
-30775
-34900
-35275
-33075
-35100
-39150
-32900
-30500
-38200
-34075
-30075
-33175
-33925
-25450
-26750
-29525
-22850
-21200
-23800
-20750
-15800
-17150
-15425
-10800
-11875
-9550
-5700
-7650
-8950
-575
-2825
-6675

-3575
900
-2500
-5525
-1125
-2150
-3425
-6425
-3750
-6550
-6175
-10175
-10175
-8150
-12500
-11525
-13725
-13225
-17500
-16475
-16475
-15475
-17300
-17900
-16400
-18225
-16700
-18975
-14300
-16175
-13050
-14450
-15350
-10275
-11275
-12475
-12000
-7850
-8025
-9525
-7725
-4775
-5875
-7375
-6700
-7075
-4375
-7075
-7500
-4725
-5900
-7450
-11425
-7075
-9325
-11400
-11725
-9450
-10675
-14425
-14225
-13500
-12600
-16025
-14650
-16675
-15075
-18275
-16525
-16250
-17650
-15850
-19250
-16600
-18625
-18175
-18300
-18025
-19325
-19325
-18875
-20000
-20100
-21700
-20150
-25075
-22400
-23900
-25850
-26975
-28625
-27800
-28575
-29550
-32675
-30325
-33775
-35050
-36250
-31300
-33750
-38575
-30900
-34925
-36500
-32700
-28750
-32600
-32775
-26500
-28025
-28475
-24075
-20525
-22475
-17000
-19250
-16600
-12175
-13350
-11675
-9025
-3425
-10075
-6475
-1775
-2000
-6850

-875
-550
-4275
-2375
-3200
-850
-5650
-3725
-5575
-5125
-7000
-7875
-8625
-10350
-11450
-13725
-12225
-14850
-13050
-17025
-16250
-15575
-18450
-16975
-18925
-14475
-16800
-18475
-16975
-14225
-13425
-14250
-14500
-12125
-9525
-13075
-9425
-8925
-7225
-8200
-8925
-4625
-7050
-5625
-7275
-4850
-5525
-7450
-6350
-5425
-6675
-9925
-7175
-8050
-7525
-13000
-9700
-10775
-11600
-11725
-14175
-11650
-14975
-14100
-16225
-15275
-15750
-15700
-16775
-17950
-16375
-17675
-16350
-18775
-15800
-19100
-17625
-18575
-18575
-18550
-20550
-18575
-20575
-20250
-22300
-21425
-23450
-23775
-25775
-26175
-26350
-28575
-26650
-32775
-31875
-30575
-31325
-34650
-34775
-31100
-37500
-34725
-32325
-33450
-37175
-30150
-31250
-34250
-29925
-26600
-26225
-29300
-21950
-23825
-20550
-19575
-16650
-15150
-13000
-11650
-13775
-5750
-7600
-8175
-7000
-50
-4075
-4975

125
-2150
-2150
-2875
-725
-4275
-2275
-3725
-5150
-5925
-5825
-7875
-10475
-8875
-11525
-12325
-14325
-12675
-14475
-17450
-15225
-15675
-16025
-19900
-17350
-16450
-14900
-18150
-16125
-13125
-14925
-14725
-15675
-9100
-11650
-11425
-9650
-9300
-5775
-9050
-6400
-7200
-4875
-6050
-5225
-5400
-4875
-6750
-7625
-3425
-7000
-7325
-9900
-6225
-9275
-10375
-10225
-10500
-9325
-13750
-13725
-14400
-11200
-14725
-15775
-16150
-14275
-15800
-17700
-16050
-16500
-16425
-19825
-16000
-17275
-18750
-17250
-17925
-18275
-19850
-19150
-19350
-19625
-21850
-20325
-22550
-22975
-22250
-26300
-24975
-28775
-26425
-28225
-30925
-31600
-30275
-32375
-36325
-31550
-32800
-34975
-37150
-30025
-36400
-35250
-30875
-31600
-30975
-30750
-26725
-29250
-24125
-24000
-22875
-20475
-17250
-18625
-16325
-10750
-14150
-11450
-7300
-4900
-10050
-5500
-700
-3350
-4250

-2250
-125
-2575
-1475
-3875
0
-3350
-4500
-3900
-6150
-5725
-10175
-7650
-8425
-11375
-13150
-12375
-12100
-15025
-16150
-16450
-14200
-18075
-16525
-18100
-15150
-15100
-18475
-14800
-15275
-12325
-15050
-13050
-10950
-9950
-10925
-9975
-8325
-8025
-6750
-8475
-4650
-6800
-4675
-6650
-5450
-3800
-6850
-5175
-6025
-6375
-8350
-7575
-6825
-7450
-10825
-11475
-9675
-9925
-11575
-13950
-12175
-13400
-15325
-15225
-14225
-13375
-17225
-16975
-16350
-16475
-17150
-17075
-15700
-17000
-18575
-18000
-17250
-19000
-17575
-19250
-18575
-20150
-20100
-19475
-23200
-22425
-23475
-24250
-26750
-25675
-27800
-27775
-31625
-30775
-29225
-33625
-33000
-33350
-32750
-37375
-32825
-32250
-34725
-33475
-31000
-32125
-32025
-28300
-29400
-25700
-25575
-24325
-23625
-18800
-17675
-20400
-13325
-11750
-12550
-13075
-4600
-7125
-8275
-3975
-1675
-2575
-4775

-400
-1900
-875
-2925
-900
-625
-3650
-4150
-5050
-3550
-7575
-7550
-7950
-8325
-11275
-12250
-11575
-13775
-13350
-16975
-14775
-15100
-15625
-17275
-17425
-14650
-15775
-16200
-16400
-13100
-14600
-13250
-14125
-10350
-9125
-10975
-9525
-9275
-5350
-7825
-7850
-5575
-4375
-5175
-6775
-3625
-4000
-6650
-6200
-3875
-5900
-7250
-8275
-8000
-6950
-9750
-9250
-9500
-9325
-13325
-13175
-11525
-12600
-13425
-15125
-14650
-15925
-15050
-15500
-16450
-15550
-15925
-16900
-18175
-14900
-18300
-17150
-18400
-16500
-18350
-18900
-18275
-19400
-19150
-21000
-20825
-23825
-21250
-25075
-25450
-27000
-26125
-27100
-32275
-28700
-31025
-32275
-34325
-31600
-32900
-34625
-33000
-32950
-33700
-33925
-30325
-33200
-29550
-29525
-28125
-25850
-24425
-24775
-22800
-16175
-19225
-19350
-12950
-10375
-14825
-9725
-4800
-7400
-7250
-4400
-575
-4700
-1950

-1150
-525
-1425
-775
-1675
-2125
-1325
-4425
-2675
-5400
-4700
-8075
-8400
-7375
-11575
-10350
-13400
-12125
-14100
-14650
-16350
-14100
-14750
-16900
-17275
-15650
-12900
-19375
-14175
-13750
-12600
-14075
-13650
-9000
-10275
-10400
-10625
-7250
-6100
-6075
-7975
-3975
-3925
-6500
-5825
-4700
-2375
-6700
-5050
-4600
-6975
-5500
-8025
-5400
-8400
-8925
-10225
-10125
-9450
-10775
-12350
-12575
-12225
-14750
-13700
-15725
-12050
-15125
-17300
-16200
-15400
-14925
-17625
-15200
-17300
-16500
-18400
-15900
-17050
-17650
-18250
-18625
-18775
-20925
-18750
-22175
-22000
-23225
-22925
-25225
-27025
-24825
-29125
-30325
-30200
-28450
-33475
-32250
-31825
-32575
-33825
-33950
-31325
-34900
-32050
-32325
-30800
-30750
-28450
-28300
-25100
-23450
-26150
-20825
-17900
-18225
-19650
-11925
-10300
-12850
-9275
-7150
-5525
-7625
-2325
-3200
-1675
-2575

-1600
-925
-275
450
-3025
275
-2425
-3225
-5000
-3075
-5350
-8000
-6650
-8675
-9175
-12650
-10550
-13025
-13375
-16200
-13975
-13175
-17075
-15925
-17100
-13700
-15625
-16425
-14600
-12700
-12525
-14375
-11650
-10225
-9275
-10750
-8200
-7675
-6050
-6300
-7000
-4100
-5250
-2700
-5250
-4375
-4750
-4775
-5225
-4650
-4200
-6975
-7550
-8650
-4800
-10025
-9375
-9050
-8675
-11975
-13775
-10625
-11950
-12775
-16050
-13450
-13225
-15375
-15900
-14650
-14150
-16900
-16825
-16550
-15275
-18100
-15400
-16800
-18125
-16350
-18500
-16775
-20775
-17975
-20475
-21425
-22925
-21600
-22875
-26725
-25425
-26550
-26425
-31700
-28700
-31275
-32025
-32225
-33200
-31775
-34225
-31925
-34025
-31900
-32850
-31275
-31475
-28550
-29600
-30100
-22975
-25350
-23825
-22075
-16000
-19150
-18100
-12075
-11650
-12625
-10725
-4625
-6775
-5000
-5625
-1100
-1800
-3075

