
Curva de Excitacao - Bobina Girante (Dados Brutos)

Arquivo..............: C:\Arq\Wiggler\Medidas Wiggler - Corretoras\Bobina Tungstenio\Gap52\Map2\Translado52_X=-11_#010.dat
Data.................: 10/02/2005
Hora.................: 09:20:33
Ganho................: 20
N. de Coletas........: 1
N. de Voltas.........: 10
Intervalo de Análise.: 4 - 8

1225
13550
10325
6550
6425
8275
6075
1350
5175
3075
3275
-3625
-1025
-3825
-8275
-10800
-12500
-10450
-13275
-13100
-15925
-16900
-22525
-20225
-23175
-21450
-18075
-22725
-19525
-22250
-22400
-21850
-21200
-19550
-18600
-17675
-18500
-13950
-15000
-15400
-16475
-13350
-14100
-12950
-11425
-10450
-7450
-12425
-10875
-12925
-10025
-9900
-13325
-9000
-8700
-13400
-14775
-10450
-12500
-14075
-15025
-12400
-14300
-16500
-15225
-16800
-15775
-17800
-18125
-18950
-17175
-18250
-19100
-18200
-20975
-23200
-22000
-20750
-24250
-21800
-22500
-26325
-27350
-26625
-26300
-33925
-28200
-30075
-35425
-35000
-30775
-34550
-38525
-35025
-40525
-39300
-37175
-36750
-43650
-36400
-35775
-43375
-35950
-2040
-35750
-39100
-26350
-31450
-34525
-25650
-19925
-25650
-20325
-12550
-19300
-15575
-9550
-6250
-9575
-1600
-500
-1300
3100
1875
2125
7175
11525
3025

8700
9275
8700
6275
8825
10375
4975
5575
4125
2450
-75
100
-2875
-2825
-6725
-9075
-8425
-13200
-13025
-16850
-17325
-16575
-17125
-19050
-21725
-19650
-21350
-23275
-22725
-18525
-19875
-20500
-21925
-18125
-17275
-19850
-17725
-16750
-12900
-16500
-14850
-10650
-12275
-11875
-12925
-12175
-10250
-8975
-11725
-8800
-8600
-11000
-12225
-11050
-9200
-14175
-11150
-11175
-11200
-14575
-13875
-12675
-15725
-13950
-15925
-15750
-16650
-15550
-18200
-17650
-16925
-18825
-19425
-19700
-17700
-22150
-19950
-22600
-22925
-22925
-24025
-24400
-26900
-24350
-29300
-30725
-29875
-28575
-34775
-32725
-32550
-38300
-35700
-36775
-36350
-40175
-35000
-41050
-42125
-34525
-37150
-40750
-36000
-31525
-41100
-34000
-27675
-30075
-34625
-22875
-20700
-27325
-19425
-15525
-15800
-14850
-8150
-9000
-5875
-3650
-2325
-225
4050
4150
1600
8525
6150
5950

8225
11550
8475
7400
8775
7200
6650
5025
6075
1525
1775
-775
-2975
-3300
-6675
-7150
-10350
-10400
-14050
-15375
-17400
-16375
-17175
-21450
-20575
-19000
-19575
-24400
-20400
-20275
-20200
-20525
-21300
-16350
-18750
-19275
-18375
-14875
-13550
-15500
-14100
-12775
-12275
-12850
-10100
-12350
-8525
-11475
-10775
-8950
-10250
-9125
-12475
-9275
-10550
-11475
-12875
-11550
-11350
-12525
-13250
-14375
-13225
-14925
-15950
-16700
-12700
-16625
-19025
-16050
-17300
-17800
-20150
-16375
-19300
-22350
-20300
-20150
-22750
-23475
-23150
-26200
-25275
-25750
-26600
-31000
-28775
-30300
-34075
-31550
-34350
-34975
-34525
-35600
-41225
-37300
-35700
-38325
-41575
-35100
-37800
-42475
-33050
-34000
-37600
-34200
-27450
-32050
-31375
-23650
-23700
-24225
-17875
-15300
-18275
-10875
-9675
-9400
-4625
-2425
-1575
-675
4625
1900
3000
8650
10175
5525

7875
10525
8025
9075
7250
10300
7350
5000
3325
4225
2750
-1875
-1450
-3500
-5400
-9700
-8400
-10775
-13350
-15600
-16575
-15225
-18775
-19150
-22225
-19500
-20625
-22050
-19875
-20450
-18375
-21800
-20450
-18825
-16325
-18825
-17000
-16175
-14925
-13825
-15100
-10850
-12200
-10500
-12300
-11125
-8400
-9675
-10375
-9625
-8275
-10375
-11575
-10125
-8600
-11850
-11800
-10575
-11250
-12350
-15275
-12700
-13525
-13775
-15975
-15850
-13400
-17125
-17025
-16575
-16600
-19500
-17675
-18175
-19400
-20750
-19325
-21100
-23500
-21375
-23975
-24675
-25975
-25050
-28750
-29175
-28175
-30200
-31775
-33050
-34750
-36750
-33125
-36575
-37925
-36725
-36675
-41075
-40600
-33950
-38775
-38975
-34900
-34300
-38700
-30950
-28700
-32700
-28425
-24200
-23525
-25350
-17500
-17175
-15050
-10900
-10575
-8050
-4425
-2975
-5200
1750
4375
2900
3100
9475
8400
5025

10450
9725
9825
7050
9350
8150
6575
6325
4950
4900
800
-200
-2450
-1925
-7425
-7175
-9025
-11075
-11450
-16025
-14025
-17575
-17325
-20325
-19975
-18825
-19650
-21675
-21575
-20275
-20175
-18225
-21550
-16775
-17975
-18875
-16025
-16150
-12300
-15450
-13225
-13150
-11400
-11075
-10725
-9150
-9175
-10575
-12800
-7425
-9125
-9375
-11900
-8125
-8825
-13275
-10175
-11775
-9950
-13750
-13450
-13225
-12700
-14425
-15000
-14525
-15425
-15575
-17850
-15375
-18400
-16425
-18450
-19075
-18850
-20850
-18125
-22125
-21500
-22000
-23350
-26075
-24525
-25000
-27550
-28075
-29600
-30125
-33125
-30500
-34550
-34275
-33775
-38425
-38550
-35425
-35325
-41425
-37125
-35150
-39225
-41650
-31425
-34125
-37125
-30825
-31275
-30400
-29575
-23025
-24450
-21875
-18625
-16225
-14550
-12500
-9500
-8400
-1825
-5200
-2950
2725
4750
875
4625
10600
7125
7400

8125
11650
7700
10375
9150
9100
7525
5050
6800
2325
3625
-900
-975
-3950
-5125
-6300
-10025
-10300
-12575
-13625
-17400
-14625
-17225
-18875
-21325
-19250
-18100
-22800
-19175
-20125
-18500
-21175
-19750
-16275
-16675
-16625
-17650
-15100
-14625
-13200
-15150
-9775
-11225
-11125
-11400
-11475
-6750
-10625
-9200
-8900
-9300
-10175
-9850
-9000
-9975
-9500
-11500
-10275
-12175
-10225
-13600
-13475
-11725
-13700
-15025
-15975
-13025
-15800
-16550
-16950
-16225
-17150
-18625
-17350
-18250
-18650
-21025
-20750
-21550
-21375
-23450
-22650
-23625
-27325
-27275
-28550
-26950
-31400
-30250
-31750
-35050
-34400
-32950
-36750
-37625
-34050
-39100
-40725
-37850
-32950
-39725
-37475
-33350
-36850
-34650
-31325
-29125
-31975
-26325
-24625
-24150
-22100
-17975
-16425
-14375
-8825
-12500
-6225
-3275
-3000
-3375
3400
4700
1800
6050
7725
8875
7250

10975
8950
10850
9650
7425
9750
7550
7550
3650
5075
2700
-625
-1575
-1275
-4225
-8975
-8625
-10900
-10150
-16850
-13950
-15350
-17375
-19325
-20000
-16225
-20950
-21200
-21200
-18875
-19150
-17975
-19825
-17325
-16175
-18650
-15250
-15425
-11600
-14900
-13525
-11525
-11400
-9275
-11550
-8000
-9000
-9325
-10550
-7825
-8100
-9475
-9475
-9375
-8225
-11650
-10175
-11900
-8525
-11875
-14500
-11950
-12075
-12850
-16575
-12975
-13400
-16150
-17800
-14275
-16275
-18325
-16800
-18525
-17700
-21025
-17900
-20275
-20925
-21575
-23525
-22975
-24775
-25500
-26725
-26275
-30500
-30025
-30700
-30175
-34025
-33950
-32300
-40200
-36200
-35075
-35675
-39900
-36250
-36275
-39250
-36275
-34350
-34300
-35350
-29825
-32550
-29350
-26200
-24100
-23800
-19525
-17500
-19725
-12125
-11175
-9950
-7375
-1000
-3300
-2700
3875
4025
2975
4325
10725
8175
8775

9125
10725
10850
9575
9025
8875
9725
4450
6850
3600
4025
600
-1300
-725
-6250
-6700
-9325
-8575
-13100
-14150
-14625
-14900
-17300
-19225
-18900
-19300
-17450
-21425
-19050
-19800
-18325
-18925
-21125
-15575
-16025
-16150
-17650
-14550
-13900
-12875
-13625
-11475
-9350
-11150
-10725
-10675
-6050
-10300
-8750
-7375
-9025
-8550
-11100
-7075
-9025
-10400
-11325
-9325
-9675
-12650
-12025
-11850
-11150
-15425
-13750
-14500
-13425
-15375
-15650
-15250
-17650
-16250
-17775
-16525
-19800
-17825
-19425
-20775
-20775
-20825
-22200
-23525
-23800
-26575
-25700
-28925
-28025
-28500
-30575
-31900
-35300
-31700
-34425
-36450
-36000
-33975
-39550
-38525
-36100
-35100
-37850
-37150
-33050
-36925
-33075
-32100
-29975
-28725
-26200
-25925
-23375
-18500
-20700
-15850
-11825
-9925
-13600
-4975
-1950
-5125
-1000
4125
5175
825
7225
8600
8325
7925

