
Curva de Excitacao - Bobina Girante (Dados Brutos)

Arquivo..............: C:\Arq\Wiggler\Medidas Wiggler - Corretoras\Bobina Tungstenio\Gap52\Map2\Translado52_X=0_#021.dat
Data.................: 10/02/2005
Hora.................: 09:40:04
Ganho................: 20
N. de Coletas........: 1
N. de Voltas.........: 10
Intervalo de Análise.: 4 - 8

-12875
-11500
-11100
-13600
-11700
-11700
-13625
-13125
-12650
-12150
-14450
-12425
-13700
-14325
-17725
-15500
-16050
-16750
-13425
-16800
-11950
-14525
-15075
-15500
-14900
-12550
-10750
-11000
-8725
-8125
-10825
-7000
-10225
-6150
-3825
-4225
-3325
-2625
-1575
-5375
-3775
-2975
-4025
-4700
-4725
-2000
-2875
-6825
-7000
-6000
-10575
-9950
-10450
-8025
-9300
-14275
-12600
-14950
-16575
-15575
-16050
-15525
-19425
-19175
-20800
-19550
-19625
-19975
-21450
-22225
-22100
-21350
-21650
-23125
-18825
-21675
-20550
-23100
-18450
-18325
-19925
-18575
-17900
-17950
-20075
-18275
-19075
-17025
-21550
-18425
-19600
-20600
-22475
-24600
-21600
-24875
-26100
-27250
-25275
-28725
-28400
-31200
-29025
-31175
-33475
-29025
-30575
-31050
-31800
-27775
-29175
-30825
-28000
-24775
-25750
-27350
-21850
-20975
-22350
-22425
-16950
-16500
-17325
-16750
-15675
-11700
-14375
-13300

-12350
-10875
-13500
-11925
-10625
-11325
-12250
-13400
-51000
-14650
-12700
-14225
-13900
-13125
-14575
-13750
-15375
-14200
-15950
-15825
-16000
-12125
-14725
-14550
-12000
-11625
-10850
-13825
-8825
-9125
-6875
-7575
-6450
-2950
-6300
-5625
-4400
-1950
-2400
-2925
-2800
-2375
-3200
-3875
-1625
-4525
-3525
-7275
-5700
-6375
-7975
-7825
-11425
-8775
-12050
-11650
-13200
-12700
-15300
-15225
-18100
-17875
-15350
-18575
-18050
-21950
-18550
-21325
-20900
-21275
-20000
-19825
-23625
-20775
-21550
-19525
-21300
-18275
-20025
-19650
-20175
-18325
-16850
-19375
-16675
-20200
-17375
-18375
-18675
-19375
-18975
-20100
-22375
-23375
-22700
-24200
-27475
-25475
-27500
-26825
-29175
-30250
-28650
-32450
-30900
-30625
-29075
-32125
-29600
-28825
-29050
-29175
-27875
-23800
-27100
-23800
-24000
-20725
-22750
-19225
-17400
-17950
-15900
-16100
-13650
-13775
-12150
-14775

-11700
-11175
-11150
-11100
-13025
-9500
-13350
-11375
-13225
-11425
-12700
-14500
-13725
-13575
-13475
-16200
-13125
-14950
-15225
-17125
-14225
-12250
-15425
-12825
-13150
-9875
-12500
-13000
-8700
-7425
-7400
-8025
-5625
-4800
-2775
-6650
-2500
-3225
-1100
-2275
-3000
100
-4050
-1200
-5225
-3275
-4925
-3175
-6025
-6675
-7125
-8550
-9025
-11100
-7525
-13575
-12800
-14625
-12075
-14700
-17625
-14425
-17275
-18225
-21025
-17175
-19700
-20275
-20700
-20375
-21250
-21075
-19775
-20550
-19550
-22350
-19300
-20175
-19500
-17700
-18350
-17700
-19400
-17650
-16950
-18600
-17075
-16200
-20025
-20500
-17875
-19900
-21350
-24725
-20150
-24000
-26075
-25550
-27150
-26600
-29600
-28525
-29225
-29200
-32400
-28925
-30025
-30675
-30975
-28325
-26325
-30550
-26850
-26375
-22550
-24525
-24150
-20925
-19650
-20350
-20150
-13850
-15975
-16100
-16350
-9975
-13475
-14575

-10125
-9675
-11525
-14575
-8875
-10250
-11225
-13725
-9400
-11725
-13975
-13575
-13300
-11425
-16225
-13800
-14100
-13950
-14950
-14800
-12200
-14100
-14025
-14350
-12200
-11925
-8875
-11850
-9950
-7925
-7725
-5775
-8050
-2275
-5025
-4800
-3800
-2650
-325
-2425
-2100
-2700
-725
-2775
-2900
-3725
-2275
-6700
-6250
-3425
-6950
-8825
-9875
-7475
-11375
-12750
-11350
-11400
-13600
-17350
-16450
-15700
-16975
-17825
-18200
-19475
-20800
-19050
-20275
-20200
-21025
-19150
-21450
-22400
-19925
-19350
-18600
-20850
-18675
-18600
-19150
-19275
-16350
-16450
-18125
-18800
-17175
-15425
-21100
-18675
-18700
-18925
-23325
-22225
-20475
-23425
-26350
-26475
-23275
-28550
-29100
-30850
-26475
-31375
-31500
-27700
-29425
-30850
-31825
-26525
-29050
-28425
-27825
-23550
-25150
-25300
-23150
-19450
-18350
-22050
-17850
-15675
-16250
-17900
-12550
-10675
-14850
-12925

-11150
-9125
-13425
-10350
-10600
-10300
-11825
-12125
-10050
-13025
-11575
-14350
-12300
-13900
-12975
-14925
-13600
-13750
-14700
-14775
-14700
-11525
-14075
-12425
-13750
-9975
-9575
-12025
-7725
-7825
-6275
-8175
-6650
-3500
-2950
-4100
-2850
-1675
-2425
-1450
-2200
-75
-3100
-2575
-2875
-3475
-1725
-6075
-3500
-6500
-7925
-8350
-7975
-7700
-11250
-11350
-13875
-11900
-14875
-13200
-15500
-16225
-18100
-17850
-17500
-20200
-16375
-20350
-20150
-22975
-18875
-20575
-21100
-19200
-19500
-20475
-21500
-18175
-19300
-16950
-19950
-17200
-17925
-17275
-16625
-18750
-15000
-18100
-18200
-19925
-17575
-19950
-21050
-22250
-22225
-22250
-26900
-24175
-26700
-25450
-30375
-27475
-27400
-31300
-30350
-28625
-28725
-32500
-29125
-27650
-27250
-29475
-25675
-24200
-25125
-23925
-23425
-18975
-21175
-18675
-18025
-15175
-16575
-15750
-13275
-12700
-11775
-13375

-10225
-11950
-9975
-11275
-10950
-8950
-11500
-11375
-12925
-10075
-12350
-13525
-13475
-10975
-14525
-15875
-12400
-13775
-12600
-16625
-12750
-12725
-14400
-13125
-12750
-8800
-10650
-11375
-9425
-5775
-7625
-5325
-5025
-3475
-3475
-5350
-950
-2300
400
-3450
-2100
-275
-1775
75
-2450
-2175
-6375
-4075
-5725
-4400
-6450
-6100
-9475
-11125
-7675
-11900
-10950
-13775
-11125
-16675
-17175
-14150
-14925
-17300
-19950
-17650
-18775
-19250
-21250
-17425
-19900
-21250
-20975
-19775
-19250
-20250
-17300
-20050
-19050
-19225
-16900
-16800
-17050
-15950
-17175
-17375
-17875
-14750
-18350
-19275
-18675
-18625
-19975
-23650
-19625
-24125
-25200
-25575
-24300
-28475
-27625
-27400
-28600
-29250
-30625
-27150
-30825
-28525
-30875
-26475
-26250
-28825
-26975
-24925
-21700
-25850
-22300
-19750
-17800
-21375
-18475
-14100
-15125
-14125
-15500
-10825
-12950
-12300

-11750
-8600
-9775
-12425
-10375
-9725
-9575
-13325
-8775
-11125
-12350
-13675
-11550
-10700
-15375
-12750
-13275
-12950
-15950
-13625
-12750
-11325
-12950
-13675
-10600
-11625
-9250
-12375
-6350
-7275
-6175
-6825
-6275
-1550
-3150
-2350
-4350
-2175
-200
-600
-2450
-125
-600
-3400
-2925
-2750
-275
-5275
-5250
-5375
-6400
-6775
-8325
-6375
-9925
-12400
-13150
-11225
-11900
-14425
-15075
-15800
-16400
-18750
-17825
-17550
-17650
-20025
-20175
-19850
-20350
-17725
-20350
-19475
-20525
-19250
-19150
-19175
-17175
-17025
-17475
-19175
-16125
-16775
-15825
-18575
-15025
-16025
-19500
-17575
-18350
-17600
-22625
-21600
-20525
-22025
-26400
-24725
-24375
-26725
-27200
-29250
-26050
-31025
-30175
-28650
-27225
-29675
-30375
-26475
-26350
-28325
-28000
-22025
-22925
-24900
-25150
-17350
-18800
-20325
-16625
-14350
-15025
-16700
-12375
-11350
-11450
-12750

-9950
-9600
-11900
-9900
-10050
-7300
-12825
-11400
-10525
-10925
-11300
-12525
-10450
-13950
-13100
-14575
-11525
-14350
-12350
-13625
-14050
-11250
-14275
-11250
-13075
-8250
-10275
-10900
-8650
-5750
-4400
-6825
-5175
-3950
-2425
-4900
-400
-650
-300
-2275
-3075
550
-525
250
-3125
-2125
-2775
-4850
-3000
-4300
-5150
-8550
-9350
-8175
-8175
-11025
-10800
-11200
-14450
-13600
-16025
-13650
-16400
-15400
-18775
-19575
-16900
-18400
-18075
-20575
-18750
-20525
-19925
-20550
-17575
-18550
-18400
-19750
-18650
-15125
-18975
-15425
-16850
-15950
-17375
-16875
-14175
-16650
-18075
-17975
-16700
-19925
-19400
-22450
-20150
-22750
-24825
-24025
-26100
-25550
-29725
-26525
-27225
-28025
-30900
-27500
-29200
-29825
-28575
-27650
-24575
-29950
-25550
-23825
-22725
-24250
-21450
-18150
-20350
-19100
-17575
-13175
-16000
-13375
-13375
-11300
-11650
-12050

