
Curva de Excitacao - Bobina Girante (Dados Brutos)

Arquivo..............: C:\Arq\Wiggler\Medidas Wiggler - Corretoras\Bobina Tungstenio\Gap52\Map2\Translado52_X=4_#025.dat
Data.................: 10/02/2005
Hora.................: 09:50:42
Ganho................: 20
N. de Coletas........: 1
N. de Voltas.........: 10
Intervalo de Análise.: 4 - 8

-16825
-13900
-16775
-15275
-13875
-15350
-15300
-15925
-15050
-16800
-13200
-14725
-14025
-14500
-16425
-14575
-17500
-11975
-11950
-12975
-10875
-9900
-12375
-12725
-10025
-9500
-2875
-7875
-3725
-5250
-4775
-3275
-6500
800
-2400
375
-2425
3350
-1150
-1925
-2950
-2450
-5175
-4725
-2775
-4725
-1025
-9150
-7450
-11700
-10400
-10550
-10575
-8750
-13600
-14025
-17500
-15575
-17575
-14125
-20225
-18700
-21050
-22825
-22950
-22975
-20125
-24350
-25375
-28375
-24600
-25050
-25875
-27225
-22750
-26100
-27375
-24025
-22300
-22950
-23025
-21050
-21375
-20775
-17550
-17775
-18500
-15750
-17575
-18750
-16675
-15800
-18350
-19675
-18025
-19375
-21375
-20075
-21175
-22900
-23700
-25350
-23775
-27450
-26875
-26325
-25675
-29775
-28650
-25900
-27650
-27850
-28500
-24625
-27275
-25250
-25025
-22350
-23375
-23550
-21550
-21325
-17500
-20925
-18200
-16500
-16775
-19075

-15625
-14225
-15125
-14500
-16375
-13375
-15925
-14525
-15725
-13000
-13600
-16900
-15075
-13500
-13450
-15850
-11975
-13475
-12650
-15750
-11250
-8600
-11800
-9150
-10150
-7150
-8325
-6700
-5875
-2775
-2100
-3875
-4275
-1375
125
-2850
1200
-2600
1125
-1550
-1600
-825
-1525
-1950
-6075
-5425
-5425
-6100
-7175
-5125
-9075
-11350
-13875
-11975
-11150
-12550
-14100
-15525
-16850
-19425
-19875
-17400
-17850
-20600
-22550
-24550
-23400
-25150
-22300
-24475
-23475
-26050
-28425
-26400
-24825
-24425
-23675
-22750
-25625
-21975
-23025
-20075
-21100
-17600
-18500
-21750
-17050
-15400
-16000
-19025
-13725
-17525
-17700
-20500
-15550
-19125
-20775
-20100
-21975
-21075
-25450
-22950
-24225
-25550
-29200
-25025
-26975
-27775
-28250
-27250
-25375
-29700
-26325
-26475
-23525
-25650
-26575
-22375
-21275
-22700
-22875
-18000
-19850
-18500
-20100
-14075
-16475
-18500

-15300
-15175
-14650
-17325
-13425
-13650
-14525
-17100
-13200
-13550
-14300
-14050
-14625
-11675
-16725
-13925
-13475
-11475
-12800
-12550
-10900
-10950
-10900
-10550
-8225
-7525
-4900
-8325
-5800
-3250
-3075
-2175
-2450
550
-1475
-2325
-300
100
1625
-525
-2425
-2225
-2825
-2900
-3975
-2600
-3750
-6875
-10175
-6200
-8975
-8525
-11150
-10575
-12050
-17350
-14700
-15450
-11200
-18650
-17900
-20200
-20500
-22250
-20550
-20875
-22925
-22450
-28075
-24700
-26600
-21800
-25400
-24825
-26475
-27150
-23925
-24800
-20625
-22500
-19625
-24225
-20125
-19175
-17475
-19550
-16025
-14975
-19800
-16350
-16400
-14300
-18775
-16625
-17675
-18625
-20675
-20750
-20325
-22175
-22125
-25700
-21700
-26950
-26725
-26450
-25175
-27125
-29450
-25750
-25525
-27600
-29525
-24075
-24225
-25700
-25825
-21325
-21000
-25125
-20075
-19250
-18150
-20325
-16975
-15275
-17675
-16925

-14850
-14150
-15675
-14075
-15200
-13500
-15450
-14150
-12675
-14275
-13950
-15900
-12900
-14050
-13275
-13775
-12700
-13800
-11925
-11600
-12300
-7900
-9925
-9500
-11775
-5850
-4475
-7975
-3725
-3150
-2050
-4700
-2700
-300
1400
75
-725
-850
-250
100
-2950
1050
-900
-2550
-5075
-4775
-4275
-7625
-3750
-7575
-9325
-12050
-9650
-10975
-11700
-12250
-14100
-14875
-17775
-16650
-19125
-16950
-19250
-19100
-23525
-24400
-21300
-22925
-23525
-25225
-23625
-26875
-25550
-25350
-23150
-24450
-23675
-25250
-24475
-21700
-22375
-19575
-19250
-18675
-20025
-18825
-16600
-15800
-17125
-16200
-16250
-17875
-16575
-18350
-17000
-18375
-20375
-19275
-22325
-20450
-24250
-23900
-23175
-25525
-26025
-25000
-25525
-28350
-27300
-27625
-24825
-28875
-25925
-24150
-24800
-26225
-25050
-20325
-22575
-22500
-21275
-18325
-20200
-18875
-18150
-16350
-16075
-17325

-14600
-16725
-13275
-14575
-15000
-12950
-14100
-13925
-15875
-12350
-14275
-14100
-15250
-11500
-14950
-15475
-12700
-12100
-10450
-14800
-10050
-10625
-10325
-9950
-7800
-4500
-5875
-7125
-5975
-2175
-3325
-750
-3000
100
-1550
-825
725
-750
3550
-1200
-2300
-2625
-1100
-800
-2725
-2725
-5050
-7550
-8625
-5700
-8625
-6625
-10125
-11750
-12300
-14950
-12100
-14325
-13425
-17150
-19450
-20075
-17900
-18725
-20850
-21375
-22200
-24125
-26825
-22975
-23275
-23825
-25300
-25175
-26300
-25475
-22375
-22650
-22800
-21775
-21950
-21325
-19150
-16625
-17650
-17575
-17175
-15375
-17250
-16250
-15500
-15100
-15825
-19475
-15950
-18250
-18950
-21050
-19150
-21525
-23200
-23850
-22175
-25575
-27000
-23525
-26650
-26400
-28750
-24650
-26025
-27125
-27100
-24775
-23100
-25800
-22225
-22625
-21425
-23500
-19825
-18375
-18625
-17375
-18725
-15425
-17000
-15350

-15925
-12575
-14300
-15900
-14325
-11975
-12575
-15325
-11350
-13725
-13625
-16375
-11975
-11100
-13475
-12825
-13725
-11825
-13475
-10800
-10375
-7400
-10050
-10700
-8900
-6600
-4000
-6550
-2075
-3875
-3150
-3325
-2000
1350
1750
525
-1450
-250
275
875
-750
1175
-700
-3200
-4525
-4525
-1675
-4125
-5575
-8525
-9300
-9850
-11250
-8000
-9450
-13100
-16400
-14825
-14925
-16225
-15500
-16425
-18200
-23200
-22225
-21125
-19975
-22325
-23300
-23800
-26700
-24200
-24875
-22225
-25225
-22725
-23675
-24975
-23400
-18850
-19800
-21350
-18275
-19650
-16800
-19200
-14650
-15025
-15925
-16175
-15725
-14700
-16875
-17225
-17375
-16050
-21075
-19075
-21025
-19975
-22350
-24525
-22250
-25800
-25075
-26225
-24300
-27575
-27350
-26825
-23800
-27350
-27300
-23400
-24250
-23650
-26450
-20125
-21175
-21750
-20225
-18025
-18250
-20025
-16700
-15175
-13825
-17950

-14400
-13650
-14125
-14550
-13550
-10125
-15800
-14325
-13325
-11725
-13700
-12700
-13025
-13750
-13425
-13775
-10800
-12975
-9175
-12625
-11475
-9550
-9325
-6775
-8425
-5550
-6875
-5950
-5475
-675
-300
-625
-2075
-1225
1600
-1175
2400
1900
3050
-1600
-2625
825
-1350
750
-2625
-2875
-5475
-6850
-5750
-5250
-5425
-9400
-10400
-12925
-11025
-13600
-11950
-12700
-14925
-16600
-19900
-16575
-18425
-17175
-21625
-21275
-24000
-22625
-23125
-23175
-22250
-24550
-24675
-27750
-23700
-23450
-21025
-23650
-22000
-21500
-22900
-18750
-19175
-16325
-18500
-16375
-17525
-15150
-16350
-14800
-14150
-15425
-14925
-19450
-15650
-18125
-18125
-19350
-20450
-21000
-23925
-21950
-23150
-22850
-27525
-23850
-25400
-26350
-27050
-24275
-23800
-28525
-26250
-24250
-21575
-25725
-23575
-21175
-21175
-21675
-19400
-16675
-18925
-17425
-18125
-14225
-16375
-14750

-12900
-13975
-13225
-15500
-12650
-13225
-12075
-14025
-12300
-12950
-12725
-13850
-14000
-10025
-12675
-12300
-14475
-11100
-10325
-11700
-9600
-8425
-8425
-11075
-7700
-5300
-2925
-6350
-3025
-2050
-2925
-1300
-2725
4325
1375
300
-1500
925
2375
1450
1750
-675
-800
-3675
-1900
-3075
-800
-4475
-5000
-7425
-10275
-7650
-9050
-6575
-11900
-11775
-15225
-14375
-13050
-14050
-16000
-18550
-18475
-21000
-21000
-20800
-18075
-21800
-23900
-24650
-24550
-22850
-24000
-22375
-24025
-23900
-24225
-23500
-20650
-19725
-20275
-19800
-18875
-19400
-15975
-16575
-16050
-14100
-15500
-15300
-16425
-13875
-15675
-16950
-16025
-16675
-19700
-18775
-19025
-21000
-21875
-23475
-20725
-25425
-26175
-24275
-24175
-26425
-28000
-24750
-25000
-25875
-26550
-21975
-24775
-23725
-23700
-20600
-19750
-22225
-18850
-19550
-15925
-18725
-16325
-15000
-13750
-15875

