
Curva de Excitacao - Bobina Girante (Dados Brutos)

Arquivo..............: C:\Arq\Wiggler\Medidas Wiggler - Corretoras\Bobina Tungstenio\Gap52\Map2\Translado52_X=-10_#011.dat
Data.................: 10/02/2005
Hora.................: 09:22:05
Ganho................: 20
N. de Coletas........: 1
N. de Voltas.........: 10
Intervalo de Análise.: 4 - 8

3925
8850
8325
4725
6400
5600
3100
2525
2100
1775
675
-1800
-4475
-4350
-9100
-11625
-12025
-12250
-11575
-15825
-13525
-17250
-20375
-20500
-21825
-18150
-19725
-20525
-18800
-17950
-22575
-19175
-18975
-16925
-16475
-18925
-13725
-14225
-12900
-14975
-12550
-11825
-13075
-10650
-9675
-7225
-8950
-8925
-10000
-9550
-11200
-9075
-10475
-8775
-7350
-13225
-11400
-11675
-11825
-13600
-13925
-11375
-13950
-14600
-15525
-14500
-15450
-16425
-18525
-16675
-16450
-17725
-17350
-18975
-18775
-22000
-20100
-20000
-22000
-21500
-21050
-23350
-25400
-24425
-26125
-28800
-29175
-26550
-33550
-31300
-30325
-33350
-35475
-36075
-36400
-39025
-35600
-37200
-38650
-37075
-35275
-41525
-35875
-31825
-37250
-34350
-29500
-31750
-33650
-24225
-22650
-25775
-19450
-15175
-18850
-18175
-9000
-8900
-9575
-3725
-1725
-2100
150
775
700
6450
6650
4075

5000
9200
6425
4175
8275
6950
4650
1150
4500
200
-550
-2725
-2625
-3650
-9675
-8050
-9600
-11525
-16850
-15350
-16125
-15875
-18150
-19050
-17300
-20300
-20050
-23900
-17575
-18400
-19325
-19475
-19475
-15100
-18050
-16975
-15800
-12950
-14225
-14525
-11675
-9575
-10850
-11675
-8875
-10900
-8250
-9750
-8200
-7400
-8925
-8925
-12300
-8025
-9300
-11800
-11625
-8625
-11400
-14200
-13350
-12225
-12275
-16400
-13400
-15575
-15375
-17325
-15875
-15200
-18250
-17650
-18775
-16400
-19950
-19350
-18950
-19550
-22150
-21900
-21050
-23725
-23975
-24575
-25125
-30275
-26775
-27575
-32225
-31175
-32000
-33900
-35250
-34550
-36200
-36550
-36125
-37775
-40675
-35600
-35875
-40275
-33450
-34475
-37650
-34375
-28025
-31650
-31600
-22600
-23825
-26550
-21575
-15150
-18425
-13400
-10575
-8600
-8725
-5775
-1600
-2075
2225
-375
2250
5900
5775
2475

8425
10075
4525
6900
6175
7875
2425
4350
3925
1450
-1225
-1825
-1500
-5550
-7125
-9125
-8600
-13450
-13225
-15675
-14875
-16225
-19475
-18575
-20425
-16775
-20225
-21225
-19850
-18625
-19875
-19525
-17550
-15925
-15700
-19300
-13700
-13525
-12400
-14100
-12200
-8325
-12925
-10550
-9425
-7600
-8850
-10375
-7800
-7450
-9475
-11275
-8375
-8125
-9275
-13225
-9550
-10225
-12250
-11450
-13550
-11550
-15475
-13350
-14600
-14550
-14400
-15925
-16525
-16450
-15600
-18100
-16850
-18500
-17350
-20700
-18425
-19625
-20775
-19700
-23700
-22775
-24300
-23575
-26775
-27275
-26350
-28650
-31625
-30975
-31175
-34625
-31925
-36600
-37625
-36425
-36225
-36800
-38800
-33450
-39600
-38700
-34775
-33475
-38225
-31175
-29075
-33400
-29925
-24075
-22825
-27275
-17025
-16775
-17575
-15700
-9125
-8475
-8300
-4100
-4825
1625
150
1050
2475
8750
4800
4100

8600
7600
7025
5975
8575
4550
5500
4600
3150
1425
325
-925
-3875
-3875
-8150
-7625
-10800
-10025
-13325
-16450
-14850
-15750
-17075
-20450
-18400
-18800
-19375
-21475
-18175
-17650
-19750
-18475
-19875
-14075
-17100
-16375
-13850
-13500
-12775
-15050
-10750
-10050
-10000
-10825
-8300
-8825
-8875
-9250
-9350
-5175
-9650
-9275
-10725
-6750
-9700
-11225
-9600
-10600
-9925
-13600
-11825
-13225
-10850
-14250
-14750
-15475
-13975
-15275
-16975
-14525
-17075
-16925
-19100
-15950
-17875
-20100
-17925
-20675
-20250
-22250
-21750
-23175
-22225
-25500
-25325
-26900
-27150
-27475
-32200
-29375
-33750
-32400
-34000
-35450
-35475
-34900
-35700
-40275
-36000
-36050
-36950
-39200
-31125
-36750
-37150
-30050
-29600
-32250
-28600
-22775
-26750
-24475
-19400
-16225
-17800
-11425
-10150
-11075
-5825
-5425
-2000
-900
2600
-825
3925
6800
5075
5450

8175
8600
5150
7975
6000
8075
4275
4025
4425
1525
450
-3700
-1100
-4225
-7175
-9300
-8750
-10050
-13975
-15350
-15275
-14025
-20000
-18025
-19175
-17450
-19400
-21675
-17600
-19175
-18650
-19125
-16525
-16200
-16625
-17200
-13275
-12675
-13625
-12125
-12100
-8750
-12500
-8925
-8175
-8800
-7425
-10425
-7950
-8000
-7300
-9500
-8800
-7975
-8675
-11900
-11600
-8575
-10800
-11575
-13800
-10475
-12700
-14950
-14000
-13850
-13025
-17725
-15350
-15425
-16275
-18250
-15600
-16575
-19100
-18825
-18600
-18575
-21625
-19900
-22725
-22425
-23925
-24175
-24275
-27275
-26850
-29725
-29625
-31050
-31000
-33500
-31850
-37075
-36375
-33200
-37075
-37875
-36700
-33375
-39850
-36925
-33025
-35425
-34675
-30100
-30500
-33900
-26400
-24800
-23750
-24200
-17600
-17850
-15750
-13325
-12875
-6400
-5000
-4625
-6300
2025
2000
200
4050
7725
5775
4175

9400
8050
7300
6400
8725
7375
4425
5000
3625
3825
-1100
-350
-2125
-3825
-7525
-7500
-7850
-11875
-12775
-15350
-13400
-16425
-17700
-17975
-18550
-17400
-19800
-19325
-18125
-17200
-19975
-18975
-18675
-14625
-14600
-16725
-12925
-14050
-12050
-13700
-11375
-9200
-9075
-9925
-9650
-7975
-8075
-8700
-8450
-5250
-9075
-9000
-7800
-7575
-8850
-11050
-9250
-10175
-10125
-12500
-11700
-11275
-12325
-13125
-15000
-13625
-14175
-14625
-15650
-15025
-16975
-16400
-16950
-18475
-16275
-18625
-17975
-20850
-19725
-20100
-22350
-21825
-22100
-24375
-26600
-25125
-26750
-27375
-30400
-29575
-33200
-31825
-32325
-36825
-33500
-34650
-36225
-39675
-35125
-35375
-37475
-36050
-32650
-36500
-36175
-28725
-31475
-30875
-27975
-23275
-25650
-22975
-18575
-17800
-13125
-13275
-12450
-9350
-4100
-6300
-2175
2050
0
1025
4375
8875
3425
6800

9375
7650
5650
9150
8825
6175
5950
3875
5600
350
1925
-1400
-1775
-2950
-7350
-6825
-9750
-9725
-12900
-14550
-15150
-13900
-18175
-19125
-16375
-17800
-17250
-22650
-17250
-18000
-17975
-18225
-17100
-13725
-17175
-16425
-14400
-11475
-12650
-11900
-11275
-9075
-10075
-10400
-7600
-7650
-6450
-11225
-7000
-6025
-9075
-8350
-8325
-5875
-10250
-10750
-9450
-8625
-10650
-11300
-12425
-12200
-11650
-14225
-12875
-14275
-12775
-16125
-15425
-14900
-15800
-16300
-17675
-15500
-18475
-17825
-18625
-17675
-19950
-20550
-21650
-22075
-21825
-25700
-23525
-26175
-27375
-29000
-28400
-30125
-31325
-30825
-33075
-36675
-35375
-32425
-38050
-36950
-34325
-35200
-38850
-35650
-31325
-36875
-33475
-30575
-30625
-32725
-26650
-23975
-23425
-21600
-19775
-16600
-15050
-12200
-12975
-5900
-5650
-5900
-2525
1775
2525
-200
6650
6300
6025
5675

9200
7975
7675
8925
6600
8175
5250
5700
3775
3725
1000
-1275
-2675
-3600
-5200
-8725
-7825
-10750
-12450
-15675
-13925
-13300
-18400
-17525
-18525
-16300
-20325
-19225
-17250
-17125
-18250
-18825
-16075
-14800
-14750
-16600
-12725
-13425
-11625
-12075
-10450
-8075
-10075
-8200
-9225
-7050
-7650
-7600
-7325
-5725
-7950
-9450
-7575
-7975
-6025
-10925
-8775
-9100
-8675
-11750
-13175
-9450
-12300
-12900
-15150
-11875
-12975
-15275
-15100
-14950
-15425
-17425
-15425
-17050
-16625
-19600
-16400
-19000
-20225
-19100
-21525
-19725
-23875
-23850
-25075
-25500
-27900
-25750
-28575
-31650
-30925
-31050
-31950
-37625
-32175
-34025
-37650
-37975
-34775
-34225
-37825
-34175
-34600
-35275
-34700
-29375
-31475
-28175
-26775
-26575
-23350
-21250
-18325
-18275
-11725
-13275
-11925
-7375
-4450
-5150
-2425
3425
50
1950
3850
8600
5500
6150

