
Curva de Excitacao - Bobina Girante (Dados Brutos)

Arquivo..............: C:\Arq\Wiggler\Medidas Wiggler - Corretoras\Bobina Tungstenio\Gap52\Map2\Translado52_X=17_#038.dat
Data.................: 10/02/2005
Hora.................: 10:18:05
Ganho................: 20
N. de Coletas........: 1
N. de Voltas.........: 10
Intervalo de Análise.: 4 - 8

-11825
-12750
-10225
-13550
-10900
-12825
-13650
-12825
-7325
-5900
-8450
-7050
-8150
-2325
-8575
-3625
-7025
-1150
-1200
-2175
2075
675
1200
-3200
-1450
-5500
5700
3025
5475
-3175
-2075
-2000
-10150
-3750
-5625
-1500
-5475
-2750
-11700
-8225
-8875
-7675
-11950
-5675
-4825
-5100
2600
-5300
-4525
-4275
500
-5425
2150
4500
5600
-75
-1800
-2400
-3875
-2075
-3625
-3350
-10500
-11525
-18500
-13925
-19275
-19550
-25100
-30800
-35075
-35175
-40475
-45350
-39000
-44475
-47100
-54525
-48525
-57225
-52025
-54100
-57400
-52125
-46200
-46350
-51000
-37700
-44175
-41725
-37850
-26500
-32100
-24475
-18600
-24125
-21000
-17600
-12150
-17350
-8050
-14400
-12600
-13025
-9375
-14100
-10675
-8125
-14825
-11800
-14000
-12150
-18500
-10550
-14400
-14725
-17000
-13450
-15025
-18350
-13000
-18125
-14425
-16175
-13050
-15500
-12475
-14675

-14075
-14000
-13800
-10400
-12700
-7750
-13100
-8750
-10900
-9475
-6950
-6600
-5700
-5575
-4900
-6275
-1950
-3875
25
-3375
-25
300
625
2725
450
1300
1225
-2200
-2650
2350
2300
-775
-5300
-1625
-8725
-6825
-5500
-5575
-7450
-5350
-8475
-10475
-6000
-6525
-6875
-6900
-1675
-7550
2300
-25
600
-2475
1875
-275
-2750
4625
1875
1800
-3875
-650
-9350
-4250
-10000
-6775
-13475
-19475
-18950
-24600
-23275
-30875
-26800
-36050
-39825
-45100
-41150
-48950
-47425
-47025
-55025
-52375
-54350
-50775
-56950
-47000
-51625
-51475
-47425
-40175
-41100
-38125
-31100
-36225
-29175
-27250
-20325
-23375
-15200
-15425
-18500
-12900
-11550
-13150
-11850
-7750
-13875
-10725
-11075
-11150
-13625
-10525
-10625
-16575
-13075
-13700
-14800
-14475
-14275
-15450
-15600
-15175
-15000
-15875
-14850
-13550
-15825
-15400
-13050
-13225

-13325
-13125
-12025
-12025
-13650
-10975
-8875
-8675
-10350
-8025
-7500
-8675
-7325
-2700
-4450
-5250
-2450
-3925
0
-2325
1350
50
625
-850
-375
4325
2575
-350
-1425
2275
-4625
-400
-2850
-300
-6625
-5325
-4825
-11575
-4175
-7200
-5800
-10100
-4925
-9250
-5200
-3225
-3775
-4100
-1450
-275
-4750
4325
1775
1925
-1100
3000
-1350
-925
950
-650
-4825
-8650
-7175
-12025
-12900
-16075
-15100
-24400
-28125
-29300
-30375
-34925
-36875
-38000
-47125
-49050
-47400
-49125
-52700
-48950
-51950
-56350
-54325
-48825
-50800
-47050
-43800
-44800
-42525
-38075
-33600
-32425
-25300
-26275
-25150
-20125
-16125
-18475
-14800
-10150
-14650
-13725
-9100
-9525
-14350
-8100
-10250
-12650
-14175
-10575
-12125
-13800
-12675
-15150
-13075
-15025
-14200
-16925
-11650
-15400
-16275
-17175
-12875
-13175
-16850
-12225
-13950
-13100

-15375
-11650
-11325
-10825
-12975
-9825
-10100
-11775
-6550
-8175
-5275
-9875
-5525
-4925
-4925
-3200
-1275
-375
-2775
-1725
-2100
3275
800
2700
-850
2550
1250
-1325
3100
-125
-50
-1775
-3650
-6225
-1950
-2175
-5400
-10225
-5675
-7125
-8575
-6025
-5525
-5025
-6075
-5750
-6200
-1325
-500
-650
-125
1850
-2475
2625
2825
2750
125
50
-375
-5675
-3400
-4650
-5950
-11925
-13175
-17750
-17075
-23300
-23925
-26750
-33625
-35100
-38625
-38700
-46050
-42100
-47775
-52700
-54025
-49075
-52925
-52725
-49525
-53750
-50575
-50400
-43275
-44950
-37200
-38175
-36200
-31100
-26550
-26725
-24775
-15225
-20625
-17450
-15900
-9450
-14700
-11175
-8600
-12700
-10700
-10525
-10050
-13175
-9000
-13825
-11025
-14300
-12725
-13975
-12675
-12425
-17875
-14375
-14550
-13750
-16850
-12475
-14600
-15150
-15525
-13500
-11700
-14975

-11100
-13175
-12125
-13550
-10375
-8650
-10275
-10375
-8575
-8275
-8400
-5300
-5825
-3900
-4900
-4325
-3650
-1625
925
-975
-1025
925
300
1500
950
4325
2475
-350
-225
-2150
825
1475
-2900
-5275
-1325
-6800
-6100
-7725
-3950
-7425
-8100
-6075
-9600
-2875
-5100
-2375
-6550
-1350
-3550
-125
1025
1750
2975
425
2100
-2725
4275
-425
1950
-3975
-3500
-6550
-9575
-8000
-12825
-13800
-20900
-21675
-27450
-26550
-32450
-30900
-37150
-43275
-43475
-46275
-47375
-51875
-46225
-53175
-54475
-52900
-51025
-52275
-48575
-45650
-49175
-42950
-39500
-36950
-35150
-27650
-28250
-28475
-21450
-19025
-19075
-15625
-11600
-14700
-12925
-11025
-9075
-11175
-9900
-9300
-11625
-11250
-11850
-11575
-10450
-12250
-12800
-13725
-13275
-15100
-14425
-13425
-14250
-15550
-14375
-13175
-15825
-12750
-14050
-14275
-14875
-12475

-11775
-12525
-10850
-11450
-11150
-11950
-8825
-9350
-6700
-8500
-5650
-6525
-8575
-2550
-4350
-625
-4725
-250
-1000
-2075
550
3250
2225
-750
2050
450
5475
25
3425
-925
-725
-1900
-4325
650
-2375
-3150
-7000
-6525
-9500
-5925
-5500
-5150
-7375
-5500
-4325
-6075
-2300
-1600
325
-2425
625
1600
3300
2350
2300
2625
-100
-2100
-175
550
-2250
-5600
-8050
-10825
-14925
-14650
-16250
-18350
-26075
-31175
-32700
-31525
-37450
-39050
-40625
-47325
-50050
-51325
-49400
-53075
-47475
-51225
-54200
-54175
-47950
-47250
-46250
-39600
-40550
-38100
-35550
-27775
-29775
-24000
-21025
-20550
-19750
-15150
-12950
-13100
-9900
-12975
-10325
-11325
-8725
-11125
-9400
-9825
-12125
-12025
-11000
-11050
-14900
-10825
-14250
-13175
-16450
-13425
-13575
-13475
-13725
-16625
-13250
-14325
-13850
-14900
-9675
-13450

-13850
-12325
-11200
-10050
-12600
-7975
-10350
-9450
-10175
-5875
-5100
-6400
-4950
-4825
-4525
-5000
-250
-275
775
-2225
700
1275
875
3125
2625
2125
2100
-125
425
1025
1725
75
-2425
-3025
-4675
-4375
-3125
-6375
-7300
-5450
-8475
-6650
-5850
-2800
-5150
-5325
-3050
-3300
200
-475
3875
900
1550
-600
2275
3550
1750
1850
0
-1825
-6975
-3575
-7100
-7400
-14050
-15350
-18775
-23025
-22525
-28250
-28950
-35175
-37950
-42400
-42150
-45475
-44150
-48950
-53675
-51750
-52000
-51400
-54050
-47175
-49800
-48925
-46625
-40625
-39425
-36775
-31300
-33300
-27600
-25975
-19550
-20475
-15775
-16425
-16825
-9825
-12075
-11650
-10700
-6975
-12550
-10875
-9850
-8275
-11875
-12075
-9275
-13675
-12100
-14625
-12075
-12500
-15075
-14700
-12825
-13425
-15600
-13325
-13325
-12700
-16400
-12275
-12275
-13375

-11325
-12225
-10175
-13025
-10175
-9300
-9500
-9000
-6925
-7100
-7575
-6175
-5925
-2225
-4550
-1725
-1775
-2350
-675
-150
3050
25
2600
1100
2100
2225
4825
1050
850
750
-1050
1150
-3125
925
-4450
-3950
-6850
-8000
-3000
-5500
-6300
-6750
-4350
-7700
-4850
-2950
-2100
-1650
-300
300
-1450
4150
1175
3950
1550
1800
1200
625
1175
-1400
-1775
-6050
-8000
-10750
-10325
-15025
-16825
-20575
-25450
-29225
-31775
-31375
-35200
-39500
-45375
-45675
-46675
-49350
-50725
-50250
-51650
-53725
-51525
-49450
-50125
-45675
-43225
-42875
-42375
-36225
-32550
-30025
-25900
-25700
-23150
-19625
-16800
-16575
-12525
-11250
-12775
-12475
-8325
-9150
-11400
-7975
-9725
-11400
-12750
-9425
-11475
-12000
-12525
-12300
-13300
-13775
-13350
-14975
-11650
-14925
-13975
-14700
-13350
-13275
-13000
-12350
-12975
-12425

