
Curva de Excitacao - Bobina Girante (Dados Brutos)

Arquivo..............: C:\Arq\Wiggler\Medidas Wiggler - Corretoras\Bobina Tungstenio\Gap52\Map2\Translado52_X=-3_#018.dat
Data.................: 10/02/2005
Hora.................: 09:35:26
Ganho................: 20
N. de Coletas........: 1
N. de Voltas.........: 10
Intervalo de Análise.: 4 - 8

-9975
-6700
-7000
-7550
-10225
-6750
-8375
-9500
-10325
-9750
-9150
-13500
-13225
-12350
-12325
-15350
-14350
-14825
-15175
-17200
-16975
-13600
-16475
-15275
-16675
-14600
-15025
-14775
-12200
-13325
-9925
-11225
-11225
-9050
-6475
-8625
-6725
-7025
-4500
-4300
-6100
-3775
-4000
-1800
-6000
-6450
-4300
-5000
-6350
-5425
-5075
-6950
-11425
-10350
-9275
-10150
-11500
-11725
-12650
-14850
-16725
-14450
-14050
-15925
-16000
-19000
-16600
-19375
-17125
-18800
-18100
-18925
-19425
-19375
-19150
-18200
-18750
-17075
-20125
-18125
-19475
-17325
-19600
-17950
-17850
-21975
-19800
-20850
-21175
-24300
-23275
-25000
-23700
-27725
-27000
-27800
-30000
-31400
-33000
-28200
-32850
-33425
-32475
-32150
-34400
-31850
-30325
-31750
-31525
-29975
-27175
-29875
-26000
-24825
-21900
-21550
-23125
-19100
-16875
-16150
-18075
-12350
-10850
-12500
-13325
-7775
-6675
-11225

-7350
-7525
-6950
-9775
-8225
-6400
-8050
-8300
-10225
-9325
-11925
-10025
-12875
-11400
-14325
-14025
-14525
-15250
-13400
-17175
-14475
-16975
-15250
-15900
-16175
-14025
-12750
-14050
-14875
-12700
-10875
-8200
-12100
-7575
-6550
-7800
-6900
-7125
-1825
-4525
-5800
-4625
-3950
-2775
-5275
-3275
-4000
-4325
-7775
-5600
-6850
-7350
-7925
-8525
-8425
-13125
-10475
-13450
-10275
-13650
-13725
-15375
-16525
-15350
-17875
-15500
-18575
-15850
-20025
-18100
-20050
-16250
-18100
-19225
-16875
-19975
-17825
-19850
-16925
-18375
-17925
-19325
-18575
-17850
-19150
-20325
-20500
-19125
-24150
-21925
-24275
-22800
-24475
-28050
-27325
-27900
-26775
-32300
-31750
-30450
-31625
-34200
-30475
-31300
-34775
-30525
-31800
-30675
-32975
-27675
-26975
-28025
-27000
-25100
-22375
-22150
-21325
-20000
-14100
-18825
-16825
-13000
-10375
-12300
-11525
-7250
-9500
-8750

-9175
-5950
-8075
-6725
-8075
-8125
-7075
-9575
-7975
-11050
-7725
-12800
-13225
-12900
-11875
-12900
-15825
-13850
-14850
-15925
-17125
-13925
-14825
-15250
-17300
-15050
-11300
-14825
-13050
-12425
-8850
-11025
-11850
-6550
-6850
-6475
-7425
-6400
-5125
-3650
-4925
-3525
-2575
-3050
-4175
-6950
-2725
-6150
-4375
-5975
-6250
-7225
-9600
-7300
-9575
-9050
-11625
-11325
-14275
-11400
-15500
-14625
-13525
-14925
-17175
-19825
-15100
-17275
-18075
-19700
-16625
-17625
-19750
-18350
-18225
-17575
-18475
-17425
-19225
-17875
-18375
-17400
-18375
-18500
-17650
-20925
-19225
-20500
-20625
-22600
-23875
-23350
-23425
-26650
-28225
-26450
-28900
-30475
-31925
-27375
-31825
-34200
-30575
-33150
-31000
-32675
-30350
-31650
-28925
-29925
-28200
-26150
-26675
-23450
-22800
-19800
-24025
-17075
-16450
-15325
-16600
-12275
-10125
-13225
-10475
-9225
-6275
-9450

-7600
-8925
-4125
-6525
-9850
-5325
-7500
-7850
-11400
-8275
-8550
-11650
-12300
-10800
-10950
-15550
-13625
-13825
-12975
-17350
-15525
-14425
-15425
-14100
-16300
-11250
-13875
-13475
-14225
-11500
-9400
-9100
-9475
-7975
-5975
-7850
-5000
-7825
-1375
-3000
-4300
-4525
-3975
-850
-5200
-3675
-4175
-2925
-6225
-5625
-5825
-5650
-7725
-8975
-7350
-11150
-11000
-12875
-9050
-11750
-15350
-14000
-15125
-14125
-16900
-15350
-15325
-17350
-19675
-17400
-16475
-17825
-17875
-18075
-17450
-19050
-16625
-18175
-18125
-16500
-17600
-17350
-18900
-16675
-17425
-19325
-20900
-18100
-20850
-22275
-22775
-23325
-22650
-27700
-24550
-27750
-27925
-30250
-29425
-29200
-33000
-30875
-30700
-29975
-34500
-29775
-32000
-28000
-29650
-30450
-25475
-26025
-25500
-26600
-19900
-20750
-21375
-18350
-14050
-16225
-15825
-11225
-10675
-10525
-11700
-7250
-7600
-8825

-8150
-5725
-4325
-7625
-7825
-6450
-5825
-9900
-7175
-7150
-9050
-11450
-12300
-9475
-13325
-11725
-14075
-14200
-14000
-14400
-14725
-14725
-13650
-15225
-15200
-14600
-10525
-13950
-11350
-11500
-9550
-8275
-11525
-6075
-6025
-4700
-7525
-5875
-2600
-3075
-4800
-3250
-250
-2525
-3350
-5025
-2200
-4425
-4200
-4025
-6125
-5525
-8975
-8600
-6350
-8375
-10625
-11325
-10275
-13675
-14250
-13025
-12850
-15225
-16300
-17075
-15950
-15600
-16950
-16275
-17975
-16425
-18100
-17775
-17675
-15900
-16200
-18525
-17000
-17200
-16150
-18450
-16150
-17650
-17225
-19550
-19400
-18375
-20300
-20475
-24125
-21100
-24300
-25375
-26475
-26125
-29075
-29175
-28375
-30325
-30625
-31975
-29550
-32275
-31050
-31775
-29950
-27700
-30725
-29025
-26725
-24500
-27450
-22725
-20100
-21225
-22850
-16375
-13650
-17325
-13950
-11675
-9850
-12925
-8875
-7300
-7300
-7650

-7700
-5300
-6900
-5025
-8300
-4675
-6575
-7350
-8400
-8675
-7725
-10975
-9575
-12150
-11275
-13250
-13150
-13925
-12200
-13625
-16550
-14225
-14675
-12800
-16400
-11875
-11150
-13775
-12650
-11450
-6675
-9500
-9050
-7900
-5000
-6125
-6375
-4425
-1475
-2375
-5550
-2175
-2450
-1975
-3825
-2625
-2025
-4875
-3675
-5000
-5175
-5600
-6375
-8450
-8950
-8700
-9700
-10650
-11375
-10250
-14350
-13800
-14875
-12950
-14525
-16750
-14300
-17000
-16850
-18625
-15400
-16850
-17175
-17900
-16975
-16025
-17950
-16700
-17300
-14650
-19375
-16750
-17600
-16250
-17575
-18775
-18225
-20325
-18325
-22275
-21975
-22750
-21600
-27125
-25875
-25450
-28075
-27675
-31300
-27975
-31225
-31550
-30425
-29475
-31050
-31350
-29525
-29450
-28675
-30075
-23975
-25875
-25775
-24525
-20225
-19550
-21475
-16025
-16600
-14850
-15500
-11325
-10850
-7525
-9975
-9950
-5625
-7450

-6125
-7000
-2875
-7175
-7675
-5700
-4925
-6975
-9800
-5900
-8425
-10250
-12525
-7850
-11400
-13125
-13800
-13450
-11750
-15925
-13725
-13850
-13175
-15750
-14800
-12225
-11300
-12525
-12125
-9800
-11225
-8050
-10075
-5425
-5450
-5750
-4450
-6800
-1175
-4000
-2575
-3175
-1900
-1050
-3150
-3025
-3325
-1575
-4825
-4500
-6825
-3850
-7900
-8225
-5950
-8775
-9225
-13625
-9050
-11725
-12575
-14125
-11950
-13400
-17225
-15975
-15075
-14850
-18300
-15750
-16750
-16250
-18025
-16275
-15800
-17875
-15925
-17725
-15825
-17425
-15700
-16450
-16850
-16975
-17600
-18025
-19725
-17425
-20800
-20300
-22975
-20825
-22175
-25675
-25125
-27625
-26350
-29325
-29375
-30075
-28725
-31225
-31025
-29775
-31500
-29375
-31150
-26875
-31150
-27600
-26400
-24750
-26200
-22775
-19075
-22400
-19450
-18875
-13700
-15400
-13600
-12775
-10275
-8550
-10900
-7050
-6475
-5400

-9025
-4550
-4450
-5925
-7500
-4225
-5175
-9950
-6650
-8100
-6975
-11300
-9725
-10600
-12200
-12400
-13325
-10900
-13850
-14900
-15700
-12825
-13950
-13375
-13250
-13175
-11375
-13950
-10700
-11650
-7125
-8150
-9825
-7275
-6025
-3100
-6400
-4425
-2600
-1150
-5625
-2350
-1300
-1075
-1775
-4425
-1625
-4475
-3225
-5925
-3450
-4825
-7800
-7200
-8475
-8475
-10800
-9825
-10425
-11150
-14225
-12875
-13525
-14300
-13975
-15975
-14700
-17400
-15675
-17200
-16375
-15900
-16950
-16700
-17825
-16125
-16875
-16600
-16725
-15700
-16775
-16650
-16675
-17300
-15275
-19925
-18000
-18975
-19600
-22000
-22225
-21000
-23950
-24825
-25675
-24700
-28975
-27525
-30725
-28550
-29825
-32025
-29475
-30675
-30275
-32900
-28650
-28625
-29400
-29325
-24050
-25275
-27750
-22025
-20275
-19075
-21600
-15175
-15550
-15825
-13475
-11350
-9250
-10750
-9275
-8300
-5175
-8375

