
Curva de Excitacao - Bobina Girante (Dados Brutos)

Arquivo..............: C:\Arq\Wiggler\Medidas Wiggler - Corretoras\Bobina Tungstenio\Gap52\Map2\Translado52_X=3_#024.dat
Data.................: 10/02/2005
Hora.................: 09:46:27
Ganho................: 20
N. de Coletas........: 1
N. de Voltas.........: 10
Intervalo de Análise.: 4 - 8

-15025
-15475
-13025
-14925
-14575
-14600
-13875
-14050
-14375
-13100
-13925
-14500
-17550
-13025
-13400
-13750
-14225
-13225
-12425
-16200
-12125
-10875
-9700
-11250
-10175
-8525
-8025
-8000
-7225
-4050
-3575
-2550
-7375
-250
-700
-2300
-300
-1950
425
-2450
-575
-2900
-125
-1900
-2950
-7025
-6000
-4950
-7825
-4500
-9050
-7950
-14325
-12075
-11575
-11000
-13250
-15300
-15050
-18950
-18600
-18675
-15275
-19900
-21475
-23675
-22900
-23250
-23300
-22775
-22600
-22975
-27100
-24975
-23575
-22975
-21800
-21850
-23450
-23875
-20300
-18375
-19625
-18025
-16200
-19975
-18750
-13975
-17150
-18250
-17625
-15550
-18275
-20550
-18825
-20500
-20425
-23025
-23025
-23625
-24575
-26725
-24350
-27175
-29200
-26400
-27675
-27500
-30300
-26400
-28025
-27175
-27425
-26575
-23675
-24050
-24975
-24750
-20025
-22250
-20300
-20475
-17175
-19150
-19125
-14400
-14925
-15650

-16250
-13825
-14350
-15175
-15350
-11250
-12225
-16175
-14175
-14275
-11400
-16375
-14175
-13075
-13925
-14850
-14100
-11600
-13775
-12750
-12350
-10800
-12725
-8850
-10150
-8000
-5375
-8550
-5750
-6875
-2225
-2850
-3325
-1150
25
-1675
-2225
-850
500
2025
-3000
-800
-2875
-1650
-4125
-3750
-2275
-5675
-7925
-9800
-7650
-7200
-8750
-11425
-10925
-14675
-15925
-14450
-12350
-15450
-19025
-18800
-18475
-20675
-19950
-21075
-20550
-23100
-24825
-24825
-24350
-21600
-23475
-22825
-25625
-24025
-23250
-21075
-22025
-19275
-19600
-21025
-20850
-18750
-15275
-19275
-15000
-16325
-17550
-18450
-15825
-15825
-18175
-19300
-19950
-17675
-22500
-20375
-23975
-21075
-24950
-26175
-25275
-25925
-25800
-28375
-26825
-28200
-51000
-29000
-25050
-26800
-28300
-25975
-24850
-22600
-27425
-21450
-20125
-22225
-23550
-17650
-15225
-19050
-17300
-15650
-14050
-18150

-13550
-13925
-12650
-15125
-14425
-11125
-14175
-13850
-14400
-12075
-14650
-14025
-14250
-12875
-13950
-13900
-11300
-15175
-12825
-13700
-11425
-11725
-9225
-8675
-11225
-8625
-7250
-6000
-7000
-2925
-3650
-3700
-5075
-1425
1500
-600
-350
-3400
475
-125
-1650
-450
925
825
-5825
-5825
-4400
-4225
-5675
-5825
-7875
-10550
-10625
-11250
-9475
-12550
-12250
-15750
-15850
-16825
-16750
-15725
-19125
-17875
-22800
-23200
-22675
-19375
-21850
-24475
-23050
-24050
-23600
-24850
-21875
-24250
-20825
-24675
-22950
-19650
-19525
-18700
-19325
-15775
-19775
-18025
-17050
-13425
-18150
-16700
-16250
-16775
-16750
-20250
-17150
-19675
-19775
-23525
-21875
-21925
-24925
-25300
-24400
-24700
-29075
-25650
-27675
-25900
-29900
-26425
-25350
-27900
-26725
-26475
-21275
-25600
-25450
-22375
-19525
-22500
-20875
-17900
-18125
-16700
-18525
-13900
-16375
-14600

-14750
-13700
-13900
-14000
-13225
-13150
-11000
-15225
-13150
-14475
-11625
-14750
-13900
-12475
-14275
-13650
-14800
-11150
-11600
-12100
-13750
-11150
-9825
-10650
-9525
-7000
-3775
-10025
-6575
-4975
-2425
-1550
-3450
350
-2625
-550
-1325
750
1525
1575
-1225
-2975
-1350
-1425
-625
-4150
-3625
-7250
-5100
-7475
-7600
-4875
-10225
-10600
-13900
-12550
-13600
-12500
-13475
-15200
-18650
-20025
-18025
-18375
-18150
-22450
-19525
-23875
-23925
-23375
-21100
-21700
-24475
-23200
-25250
-23475
-21700
-19400
-21950
-19825
-20100
-21175
-17950
-17400
-15650
-18400
-15950
-16950
-15875
-15775
-16625
-16800
-17375
-18250
-19575
-17075
-21875
-22075
-22350
-21475
-24050
-26200
-22625
-27125
-26050
-27925
-26175
-27100
-28300
-27200
-26075
-24925
-28225
-24650
-24300
-22625
-25100
-21850
-19900
-21275
-19850
-20025
-15600
-17425
-16800
-16900
-12475
-15125

-14950
-12775
-12000
-12350
-16525
-10150
-12500
-13100
-14225
-10950
-12575
-15250
-12975
-12500
-25
-26150
-11350
-13450
-11300
-12500
-10600
-9350
-11150
-8775
-11500
-7050
-6300
-5900
-4175
-3125
-3275
-3600
-2825
-1600
3375
-250
-2075
-2075
2225
850
-1350
1150
-900
-1225
-5475
-3125
-3675
-2975
-4575
-7750
-8550
-8750
-8675
-10500
-7500
-11725
-14200
-16700
-13800
-14125
-17075
-14925
-18300
-18950
-22825
-19300
-18900
-20875
-22275
-23700
-23075
-24950
-21475
-21150
-22450
-23275
-21350
-22675
-22050
-18675
-19375
-18400
-19400
-17225
-17900
-17475
-15500
-14550
-15425
-17825
-14675
-16750
-15700
-20050
-17000
-18625
-20475
-21000
-21825
-20300
-24725
-24050
-25350
-25275
-27125
-25050
-25500
-26750
-28800
-28275
-22725
-27925
-25775
-25525
-21325
-24900
-24675
-20925
-19950
-19350
-21600
-17625
-17850
-15850
-18350
-13450
-13150
-15425

-14100
-14275
-10975
-15125
-12600
-10950
-12700
-14625
-11900
-10675
-14250
-12350
-13450
-11375
-15475
-12000
-12925
-11850
-10275
-12875
-11075
-10600
-8225
-10300
-8125
-7500
-5575
-7575
-5625
-3025
-1800
825
-4350
-1225
-925
1225
-50
100
4375
450
-2925
-2675
475
1150
-750
-3850
-3450
-4825
-6750
-5250
-5725
-6225
-10950
-11325
-10900
-11950
-11500
-12575
-12900
-17400
-18700
-17475
-16675
-17075
-19475
-20800
-22075
-22150
-22800
-20925
-22525
-21200
-23725
-24575
-23375
-20650
-18650
-22450
-20625
-20475
-20200
-19825
-16200
-15950
-16225
-16750
-17225
-14150
-16600
-14500
-16650
-15250
-17350
-18550
-17250
-17375
-18850
-22350
-20800
-21900
-21975
-26900
-23200
-24600
-26875
-26025
-26125
-24450
-28975
-25350
-24000
-25375
-29025
-24125
-21975
-23875
-24525
-21825
-18125
-21350
-19550
-18350
-15500
-17050
-17425
-14650
-13700
-14050

-15500
-11050
-12850
-12750
-13725
-10400
-12300
-12950
-11400
-12775
-11825
-13975
-12025
-13175
-10650
-12625
-13700
-12625
-11325
-10375
-12550
-8000
-10250
-8900
-10425
-5975
-4375
-6625
-3100
-4775
-1075
-3150
-1450
200
2225
-625
-725
100
1125
3050
-250
1100
-1750
-675
-2500
-3225
-1325
-3100
-4375
-8225
-7800
-8675
-7725
-8275
-9625
-10950
-14975
-13600
-14550
-12200
-15875
-16975
-19075
-17875
-20025
-20475
-17225
-20750
-21325
-25525
-22575
-22275
-21075
-21900
-21900
-21950
-22750
-21375
-20125
-17250
-19750
-16875
-18750
-18375
-15475
-16775
-13625
-15400
-14825
-16975
-15600
-14825
-14575
-18650
-17325
-17325
-20200
-20100
-23050
-19400
-24550
-24275
-23400
-23875
-26550
-26775
-24325
-27275
-26575
-27475
-23350
-27475
-25250
-23700
-23650
-23025
-24450
-19625
-20625
-19000
-20100
-18050
-16950
-15825
-16225
-15475
-13125
-15550

-12325
-14325
-10825
-12550
-12575
-11375
-11925
-11900
-14300
-11325
-11925
-11725
-14900
-10850
-12025
-12725
-11700
-12025
-9025
-14400
-9850
-10025
-9475
-8375
-7550
-5500
-6075
-5600
-5500
-2175
-2375
-300
-3925
-275
900
-150
3050
0
1775
-475
500
-450
125
1250
-1200
-4025
-4725
-3800
-4675
-4425
-6800
-6900
-10075
-11375
-9200
-11100
-10450
-14625
-13575
-15650
-17600
-17175
-15150
-16300
-21150
-21225
-20875
-20800
-22850
-20050
-21700
-22125
-23825
-23925
-21100
-22575
-19625
-21250
-20075
-21750
-18625
-17025
-17175
-16100
-16600
-17400
-17350
-12775
-15450
-15775
-15350
-14775
-16500
-19500
-15975
-18150
-18925
-21300
-21325
-21950
-22850
-24750
-23800
-24400
-27750
-24975
-26825
-25175
-28700
-25675
-25125
-26050
-24850
-25125
-22025
-23800
-22475
-23100
-18875
-19900
-20000
-18400
-15175
-16275
-18350
-13325
-13300
-14325

