
Curva de Excitacao - Bobina Girante (Dados Brutos)

Arquivo..............: C:\Arq\Wiggler\Medidas Wiggler - Corretoras\Bobina Tungstenio\Gap52\Map2\Translado52_X=16_#037.dat
Data.................: 10/02/2005
Hora.................: 10:16:31
Ganho................: 20
N. de Coletas........: 1
N. de Voltas.........: 10
Intervalo de Análise.: 4 - 8

-16000
-13625
-12250
-12275
-11950
-10025
-11475
-12225
-8850
-10000
-8225
-7200
-7525
-4450
-6775
-4250
-3375
-2800
-2175
-3200
700
450
1750
1625
2275
-550
2025
-550
375
1825
1775
3150
-6125
-750
-5350
-4400
-5750
-5800
-5025
-5425
-5725
-11025
-5850
-7000
-5150
-10475
-2400
-4750
-3050
-2000
-2225
-1975
-5075
300
-3700
650
-2450
-125
-4725
-5850
-8325
-7425
-9600
-13325
-13625
-19400
-21150
-26025
-23375
-30100
-31825
-34125
-38475
-43375
-43400
-44075
-47000
-46375
-49200
-50100
-51125
-48325
-51100
-46775
-43750
-46175
-43925
-36050
-35425
-35475
-29950
-27275
-25925
-24675
-17650
-19150
-16275
-13875
-14725
-13275
-9875
-12175
-12450
-10200
-10775
-13025
-12850
-9575
-14300
-12675
-12175
-13700
-16775
-14975
-14650
-15375
-16550
-15475
-15125
-17200
-14075
-17600
-14300
-16150
-15400
-15200
-14325
-13925

-13950
-12425
-14400
-11175
-14350
-9875
-11700
-8650
-9975
-10400
-6625
-8975
-5925
-6450
-3450
-5475
-3350
-3450
-275
-650
-1000
900
-1500
3200
-1650
4175
2975
1650
-275
250
1250
-1725
-650
-1925
-2025
-6200
-3925
-8850
-4000
-5025
-7750
-8275
-6850
-5775
-8550
-4175
-4750
-5375
-3700
-2075
-4325
-1175
1025
-525
-3975
-1000
-1675
-3950
-3050
-3575
-6750
-9975
-10650
-12525
-13450
-19075
-18800
-23675
-26750
-31625
-31150
-33300
-38050
-39975
-43050
-2040
-48275
-45000
-50300
-47975
-49725
-49800
-50750
-46950
-43400
-45300
-40225
-39025
-36050
-35950
-26750
-29200
-23600
-22100
-21125
-18325
-16000
-12325
-17100
-9100
-12475
-11950
-12500
-8375
-12300
-11175
-10375
-12975
-11975
-14675
-9775
-17100
-12225
-15825
-14850
-16225
-15350
-14850
-16075
-13875
-18000
-15825
-17100
-11700
-16450
-14925
-13650
-14175

-13575
-15550
-9750
-12200
-11250
-13000
-9475
-9950
-9125
-8400
-7125
-6700
-9750
-3800
-6025
-2550
-3150
-800
-1600
-2950
-525
925
3250
1275
375
1850
3300
-525
2350
2475
750
-100
-3200
-1425
-3200
-1125
-2825
-9300
-5100
-5450
-6900
-7450
-6050
-5375
-7975
-5700
-6525
-2675
-1925
-1200
-4050
-1000
-1500
-1625
100
-100
-575
-5825
-1750
-6425
-4875
-9050
-7325
-11800
-17825
-17950
-19900
-20600
-27950
-27625
-32800
-34425
-40200
-37075
-42300
-45750
-44050
-49850
-49750
-50125
-45225
-51200
-48900
-47475
-45275
-45300
-40250
-36850
-36850
-31425
-33325
-27475
-24325
-20500
-22300
-17050
-14325
-16975
-13900
-10200
-10750
-14650
-8425
-11075
-11325
-12200
-10250
-10700
-13800
-12800
-13550
-13025
-14675
-14700
-14675
-12825
-16475
-17850
-13475
-14675
-15975
-17475
-13650
-13975
-17475
-13150
-12875
-13500

-14725
-12725
-12250
-12450
-12650
-8700
-8975
-12050
-8950
-9625
-6075
-7800
-5975
-4325
-6900
-4125
-4400
-950
-550
425
-1950
1350
-950
2025
2125
3400
4425
-2025
3925
-2275
1650
1225
25
-3400
-3775
-2125
-5250
-5025
-6075
-3825
-9575
-5475
-8850
-3925
-4775
-5725
-4525
-5575
-2800
-5400
1600
-850
-1175
-2775
475
-2400
-1325
-675
-1375
-5275
-9200
-6550
-11025
-10050
-14575
-16625
-19850
-25300
-26775
-27100
-30825
-34350
-35875
-41275
-45175
-44725
-42725
-48450
-50000
-48250
-49600
-50425
-46525
-45425
-45700
-43000
-42025
-39650
-34875
-30975
-30650
-26850
-23200
-23900
-21125
-14400
-15050
-15600
-13525
-10400
-12325
-13200
-7200
-10700
-10775
-11750
-10150
-11875
-11100
-13350
-11700
-13150
-15225
-14450
-14425
-12700
-17225
-14225
-14650
-15150
-17200
-14875
-13600
-15025
-13650
-15175
-11975
-16125

-12350
-12225
-11050
-12875
-11900
-9850
-11625
-7725
-9100
-7150
-9075
-5825
-7450
-4950
-3825
-2725
-1850
-4800
325
-2250
1075
850
3025
1075
1150
3075
2350
3300
1350
1150
-300
2700
-3100
-675
325
-2575
-5050
-7500
-3600
-6300
-5025
-6200
-6400
-6400
-5575
-5725
-5575
-2300
-2200
-2575
-1650
-1600
-225
-250
-375
-750
-1650
-2025
-3600
-3775
-4775
-6850
-10850
-10625
-16025
-16275
-19950
-22400
-24775
-30700
-31875
-33575
-34750
-41600
-42050
-44175
-46100
-50625
-45575
-47400
-50225
-47725
-48700
-46650
-47475
-39750
-42825
-36925
-35300
-32825
-31825
-25700
-22100
-25125
-17550
-17375
-15225
-16100
-11075
-12600
-11025
-9450
-10725
-10425
-11875
-8275
-13225
-9550
-14000
-11250
-12050
-13100
-14275
-14625
-11850
-16100
-14975
-15975
-12875
-16950
-14050
-15400
-15025
-12900
-15325
-13125
-15100
-11675

-14125
-12925
-12475
-10300
-11950
-10875
-9050
-9875
-8075
-10425
-4100
-6975
-6600
-5150
-3950
-2375
-4525
-650
200
-1375
-1200
2300
2425
2225
2225
1825
4025
1350
2375
825
2600
2125
-3300
250
-2350
-2300
-4750
-5575
-5150
-6175
-5300
-6700
-5950
-5350
-4000
-7450
-4025
-3450
-625
-2375
-2375
500
-1600
1025
-2475
1600
-675
-2050
-2750
-3425
-5875
-8500
-7075
-11825
-13600
-19350
-18000
-23050
-24150
-29250
-31450
-32675
-39000
-39275
-42475
-42900
-47250
-45475
-47875
-49800
-48550
-46550
-48050
-49250
-42725
-43275
-41100
-37900
-33375
-33475
-30600
-25425
-24700
-22200
-18900
-16425
-16950
-12575
-13925
-10500
-10825
-10975
-9800
-9900
-9600
-11900
-9650
-11025
-11500
-13475
-10700
-12650
-14675
-14000
-14325
-12250
-16325
-14725
-13875
-13975
-15225
-15875
-12700
-14100
-15000
-15725
-11325
-12875

-13200
-13175
-10350
-10800
-13100
-8475
-9925
-8575
-10075
-7525
-6600
-7275
-5225
-3950
-2525
-5300
-1800
-1975
25
-1000
1125
2875
-425
4550
325
3875
3250
3625
1600
500
2500
625
375
-1625
-800
-5300
-1750
-6300
-4250
-3375
-6025
-7350
-8550
-2550
-5925
-4325
-5100
-1050
-3075
-3225
-1325
550
300
-925
1375
-1150
-675
-2925
-525
-3475
-5975
-7175
-9375
-12225
-14500
-15325
-19325
-22075
-25425
-28575
-31250
-32750
-36600
-39225
-42375
-45500
-44050
-45200
-49050
-49650
-48725
-47650
-49650
-45550
-43400
-43400
-41175
-35900
-35475
-34175
-27975
-26775
-22950
-22700
-18625
-18050
-14625
-12850
-14325
-9625
-10950
-10150
-11375
-7975
-11150
-9950
-10825
-10025
-11850
-13700
-9725
-14125
-12975
-15175
-12525
-13750
-15800
-15375
-13775
-13800
-16825
-14075
-14975
-12150
-16675
-13250
-12450
-14525

-12400
-12600
-8975
-12650
-10500
-11100
-8625
-10450
-6500
-7875
-6875
-5925
-8050
-2425
-6550
-1300
-3025
-575
-2100
-375
1225
1975
2600
1350
2800
525
5750
1575
3125
1175
2725
1450
-3375
-275
-1725
-875
-4775
-6350
-4550
-4775
-5775
-6575
-5175
-4400
-6300
-5975
-4025
-2750
-1775
-1600
-1850
-675
-750
875
-50
-50
-275
-3100
-1525
-5200
-4225
-6700
-8900
-11650
-14250
-17125
-20075
-20150
-25525
-28150
-32975
-32650
-37425
-38850
-42350
-43225
-43325
-49375
-48725
-49500
-46000
-49550
-47525
-45825
-45525
-43225
-40250
-35475
-37075
-31200
-31325
-26150
-25225
-20350
-20125
-16175
-13900
-15350
-12350
-10675
-9000
-13300
-8650
-10450
-9675
-11075
-8950
-10200
-13525
-11000
-12275
-12100
-15550
-12100
-13700
-13550
-16625
-14450
-12900
-15300
-13500
-16450
-12550
-16050
-14000
-13575
-13025
-12100

