
Curva de Excitacao - Bobina Girante (Dados Brutos)

Arquivo..............: C:\Arq\Wiggler\Medidas Wiggler - Corretoras\Bobina Tungstenio\Gap52\Map2\Translado52_X=-20_#001.dat
Data.................: 10/02/2005
Hora.................: 09:04:44
Ganho................: 20
N. de Coletas........: 1
N. de Voltas.........: 10
Intervalo de Análise.: 4 - 8

26750
38250
35900
33400
36825
34150
25900
28925
30175
32300
32850
24550
19475
20800
16325
6050
6275
4625
1975
-475
-2725
-11450
-15575
-11600
-26475
-27500
-23400
-25225
-29075
-27650
-30725
-35150
-32575
-32775
-33300
-35200
-27300
-31600
-30550
-30125
-29500
-27975
-29275
-27000
-28650
-21850
-22750
-24025
-23450
-21250
-24450
-22725
-22550
-21175
-18200
-23425
-20175
-20000
-22150
-24325
-21625
-19725
-24775
-23425
-20125
-23600
-26925
-23200
-26250
-28175
-25825
-27150
-29525
-28175
-26950
-35900
-33450
-31425
-35125
-39300
-33525
-35300
-44125
-38175
-37700
-48625
-46175
-37400
-48200
-48925
-42875
-45850
-53425
-45175
-41950
-51975
-43050
-42850
-51075
-41825
-33525
-42400
-40300
-24575
-32050
-38575
-20425
-16550
-30350
-17125
-6025
-17050
-10200
5800
775
-5700
6625
8925
5050
13775
22625
18825
21700
24500
19850
27825
33025
31525

32000
34475
31675
30675
36250
35800
33400
34650
32000
24225
27825
24350
21100
23450
15150
11925
8950
7725
-2175
-3375
-3300
-11875
-14925
-14900
-18700
-23975
-22050
-30350
-29625
-29000
-30600
-33550
-32275
-27250
-35700
-33875
-30325
-30475
-32000
-29500
-28800
-27450
-27275
-28300
-24375
-26300
-23125
-26325
-20925
-21450
-23225
-20000
-22725
-20375
-21300
-21250
-21450
-18325
-20350
-21950
-21350
-20925
-22325
-24125
-19950
-25375
-22875
-24375
-25225
-27325
-25525
-25675
-31950
-27900
-28450
-33975
-32750
-29125
-36900
-38575
-33925
-36725
-43900
-38650
-35150
-48175
-45550
-39425
-47775
-48625
-42675
-44350
-51000
-46175
-45075
-50725
-44150
-38900
-48575
-41725
-34975
-44200
-40025
-26750
-29725
-35075
-20675
-19550
-27650
-16475
-5250
-14050
-11750
2875
-3425
-3275
9275
13125
6675
13275
18475
15400
21975
26275
26400
27825
31600
26125

29575
37375
35250
33775
33600
35050
29650
33775
31825
30075
30250
24150
20700
19500
17225
10300
12025
8025
-875
-4975
-3150
-9525
-16225
-13400
-21675
-22425
-23650
-27275
-29475
-27500
-29925
-34800
-31825
-30450
-32125
-35525
-27925
-31400
-30100
-30125
-29000
-26150
-29125
-25025
-26750
-23200
-24600
-24100
-22225
-21400
-22500
-22000
-21075
-20750
-18350
-23200
-20625
-19800
-19450
-22275
-22475
-17525
-23400
-23525
-22300
-23175
-24050
-23800
-24800
-26350
-25375
-27750
-29525
-28175
-27125
-35500
-31875
-29575
-35350
-38100
-33825
-35175
-44550
-38325
-37300
-46450
-44775
-37350
-46175
-49900
-42450
-45650
-49700
-45525
-42325
-50275
-44150
-42750
-48000
-40200
-34350
-40375
-40325
-26950
-32950
-35400
-21500
-15750
-25250
-17550
-6875
-15225
-10200
1900
1825
-2875
7550
9975
7500
15375
18700
19525
21775
24375
21600
28825
33225
30150

31625
35850
33675
30550
36075
35975
34175
32550
31675
27650
27225
25775
22650
23175
15100
10875
9200
7950
-975
-3025
-1375
-11625
-14775
-15575
-19100
-23725
-22125
-27625
-29900
-28550
-29925
-32000
-33900
-28025
-34525
-33125
-30175
-30325
-29950
-30325
-28750
-27175
-26200
-27700
-24500
-25650
-21025
-26025
-22700
-20125
-22750
-20100
-22900
-18800
-20150
-21975
-21100
-17350
-19775
-23250
-20325
-19775
-22550
-24300
-19275
-22675
-24675
-24175
-24725
-24375
-26725
-25750
-30350
-27325
-29200
-32725
-30375
-31125
-35375
-38150
-32725
-37275
-41700
-38075
-35975
-46575
-45000
-39375
-45800
-48175
-43600
-43750
-49700
-46225
-45600
-47875
-44375
-40550
-45875
-41425
-35725
-43400
-37825
-26725
-29450
-34075
-21350
-18800
-26550
-16100
-6650
-10000
-11675
1300
-1300
-2200
7550
14350
9775
12150
18250
18425
22825
23575
27475
30675
31175
27275

31475
38025
34000
34150
35875
35200
29300
34250
33725
29425
30450
24200
22800
19000
17150
11750
11300
7975
-125
-2925
-3150
-8900
-15050
-12625
-21400
-21850
-23075
-26800
-28150
-29000
-27800
-34425
-31750
-29600
-30975
-34225
-28975
-30650
-30025
-29275
-29325
-24100
-28125
-25300
-25400
-23550
-23475
-24275
-20325
-20850
-21850
-21975
-19425
-20150
-18750
-21700
-19650
-18300
-21000
-21550
-21100
-17700
-23075
-21975
-21375
-23150
-22650
-23175
-23575
-26375
-24750
-26250
-28525
-28525
-26400
-32850
-32250
-30475
-34775
-36150
-34225
-35150
-42150
-38725
-37175
-44550
-43975
-39100
-44025
-48600
-43750
-45825
-46850
-46000
-43600
-47200
-44050
-42825
-47350
-39475
-35425
-37750
-38450
-28000
-32350
-32875
-20625
-17650
-22675
-16275
-6750
-14450
-9250
2400
2875
-1000
6875
11275
7675
15000
19825
21475
21775
24300
23550
29350
33250
31325

33125
35100
34425
31350
37825
35850
34500
34475
30975
28250
28525
27825
22650
23325
16575
11100
9050
8325
1875
-2725
75
-9900
-14850
-16675
-18075
-21875
-22425
-26725
-28525
-25850
-30475
-31400
-33250
-27050
-32775
-32200
-29150
-29225
-27825
-31000
-27175
-26900
-25575
-27100
-23950
-23150
-22475
-23250
-21925
-19050
-23100
-19900
-20650
-18400
-19975
-20475
-19575
-18950
-18150
-21900
-19975
-20025
-20625
-22525
-20350
-22050
-23600
-22175
-25550
-23900
-24950
-24675
-29725
-26950
-27500
-32500
-31300
-29475
-33000
-37050
-32475
-35575
-40950
-38725
-36000
-44125
-45175
-38475
-44950
-46675
-44150
-41625
-48175
-46875
-43650
-46450
-42925
-42450
-43150
-41025
-35675
-41750
-36925
-27800
-28075
-31375
-22200
-18300
-24500
-14500
-7800
-10000
-9100
375
-400
125
8975
12975
12500
12950
18200
17525
23925
25775
27075
30600
32150
29600

29925
37350
35400
36650
35200
35100
31825
33300
33675
31125
33075
23750
22650
20200
17725
12275
12150
10625
75
-2650
-3175
-7650
-15400
-12950
-19075
-20775
-22850
-26700
-26200
-29450
-27675
-33025
-30775
-29450
-30025
-32250
-28775
-29575
-30350
-28100
-28925
-24250
-26600
-23975
-24525
-23150
-22450
-23800
-20800
-21225
-19875
-20850
-19825
-19200
-18075
-20400
-20350
-18200
-18950
-20100
-21425
-17675
-21675
-22900
-20700
-22125
-21475
-23575
-22500
-24475
-25450
-27425
-28000
-27300
-27275
-31400
-31000
-29125
-34875
-35500
-34575
-33950
-41125
-39200
-36000
-44125
-43375
-39100
-42400
-47775
-44025
-43850
-47375
-45925
-43025
-45250
-44125
-42250
-44825
-38675
-35650
-37550
-37400
-29050
-30600
-31550
-19825
-17825
-20150
-16850
-8875
-13675
-8075
2000
4250
2525
4875
11500
9400
15300
18450
23725
23850
24225
23175
30125
34175
30275

34375
36575
33800
31025
37250
37625
34000
36275
32200
29750
32525
27450
22950
23100
16850
12300
11225
7925
2450
-2275
-1025
-10225
-13050
-14900
-17650
-20250
-23275
-24900
-28800
-27375
-30075
-30475
-31900
-26875
-30800
-32475
-28025
-30100
-27975
-30100
-27200
-25525
-24375
-25800
-24225
-21250
-22550
-23025
-22900
-18775
-20625
-19400
-20600
-18150
-18625
-21925
-18850
-18375
-17450
-21825
-19700
-19025
-20925
-22775
-20025
-20100
-23500
-22775
-23925
-23275
-25950
-25350
-27650
-27800
-27100
-31725
-29350
-30950
-32025
-36325
-34350
-35025
-39775
-38050
-36125
-41600
-45200
-38750
-44600
-44775
-44575
-42175
-46525
-47450
-43150
-45825
-41675
-43450
-41700
-39350
-36825
-40725
-35475
-27450
-29075
-28600
-22875
-18575
-24625
-13900
-7575
-8325
-7750
-425
975
-875
8000
12525
13675
13250
18850
19475
23725
26000
27525
33000
29950
29500

