
Curva de Excitacao - Bobina Girante (Dados Brutos)

Arquivo..............: C:\Arq\Wiggler\Medidas Wiggler - Corretoras\Bobina Tungstenio\Gap52\Map2\Translado52_X=-18_#003.dat
Data.................: 10/02/2005
Hora.................: 09:08:22
Ganho................: 20
N. de Coletas........: 1
N. de Voltas.........: 10
Intervalo de Análise.: 4 - 8

25575
31775
28650
27225
28700
25675
24650
21400
25500
25550
23575
15500
14650
14875
5900
4350
650
-1975
-4250
-3450
-8550
-16250
-16450
-17800
-26725
-25775
-23925
-29075
-24425
-28300
-31525
-29975
-29625
-29900
-32775
-29875
-25675
-27950
-27750
-26350
-26350
-25075
-26000
-23850
-21800
-21250
-20500
-21200
-19650
-18600
-21450
-19100
-21100
-15775
-17225
-19925
-16425
-17275
-20700
-21575
-17475
-18325
-20625
-20900
-18150
-23000
-22475
-21625
-24475
-21325
-24725
-25475
-26400
-23700
-29125
-30475
-26300
-30900
-35500
-32450
-29800
-38325
-35375
-34550
-39275
-45400
-39025
-37800
-47275
-41150
-43175
-46450
-48425
-41975
-47975
-45225
-41100
-48500
-47025
-38700
-39100
-46050
-31525
-31500
-39050
-33650
-20725
-28525
-28350
-11700
-17800
-19750
-7725
175
-8775
-3150
4025
2575
4250
11450
15375
14000
20225
14775
19800
25200
26350
23475

29575
28525
23200
28250
29575
29575
24300
28525
24225
20800
20250
16925
18275
12175
7575
6250
6325
-2425
-4750
-6450
-10650
-14025
-17025
-16425
-23725
-21250
-25275
-29875
-27025
-27150
-30275
-31200
-27625
-28100
-31425
-30400
-26200
-27900
-27750
-26725
-25575
-21500
-26475
-23225
-21025
-21525
-21125
-22175
-17475
-19100
-20225
-19075
-17125
-17500
-19300
-20300
-16500
-16100
-20825
-17375
-17875
-19175
-22775
-19025
-19125
-22525
-19950
-21625
-22875
-24750
-21925
-26225
-25350
-25400
-27400
-30775
-26900
-29325
-35425
-30125
-33575
-36525
-38575
-33300
-38725
-43700
-36525
-40500
-47075
-43950
-40400
-48325
-43125
-45050
-46850
-46525
-42275
-43825
-47350
-35050
-43075
-44800
-35925
-31000
-38900
-28200
-22000
-30750
-26050
-2040
-14275
-21850
-6650
-3475
-9175
-3275
7075
6900
4150
10450
10800
15750
17825
20350
20425
26500
22825
22225

29600
29300
28550
27825
29150
25475
26575
26925
25700
23850
20625
17650
13525
14575
6425
8500
4375
-1625
-4525
-6375
-9200
-14750
-16000
-19775
-21700
-21850
-24750
-28875
-25075
-26600
-32550
-29900
-28500
-28050
-31525
-28650
-25350
-28325
-26575
-27400
-24875
-23675
-24600
-24100
-19925
-20750
-22725
-20375
-18975
-16650
-21550
-18300
-17575
-17025
-18250
-20000
-15025
-18525
-19075
-19600
-17550
-18625
-20175
-19500
-19900
-21750
-20700
-20900
-24450
-21275
-24250
-25250
-26075
-23925
-27425
-30700
-25225
-30525
-32850
-33075
-30300
-37450
-35525
-34725
-38775
-41725
-39425
-38425
-46875
-40550
-44025
-44700
-45950
-43375
-45850
-44975
-40800
-47750
-44675
-38550
-39825
-43975
-31625
-32750
-39550
-30575
-22000
-26500
-26275
-12575
-17650
-18800
-7875
-1950
-8200
-1850
5275
2550
6475
11400
15450
14750
19150
17300
19400
26250
25925
26550

26950
29775
25250
28925
29050
29550
26950
25725
24750
22025
21350
17400
18050
13600
6925
5600
4450
425
-4900
-5750
-9200
-14225
-17200
-18175
-21800
-21650
-25300
-29325
-24000
-28600
-30850
-29825
-27375
-28375
-30675
-27150
-26025
-26775
-28075
-24925
-25625
-21800
-25125
-22475
-19775
-22525
-18950
-20925
-17950
-19400
-18550
-18175
-18400
-16050
-17875
-18325
-17950
-16500
-19225
-17975
-18400
-17825
-20175
-20050
-18275
-21800
-19500
-23075
-22075
-21800
-23800
-26050
-23725
-24350
-28850
-29375
-26925
-29150
-34650
-29075
-32125
-36775
-37200
-33950
-37225
-42800
-36175
-41025
-44050
-43925
-41150
-46325
-42025
-44475
-47350
-43150
-43225
-45375
-45900
-36100
-41975
-43400
-34375
-31625
-36675
-29225
-22200
-30650
-23975
-14200
-13950
-17900
-7275
-4150
-8300
-1325
4575
7350
5925
11300
10300
16525
19525
18875
21525
26850
25650
21825

28750
30075
28600
27325
30050
28025
24675
27125
25725
23950
19875
18075
16075
13450
8625
8850
5850
-2625
-4650
-6475
-7925
-14150
-15425
-17600
-22075
-21325
-25750
-27475
-25575
-27075
-30925
-29600
-27675
-27375
-29850
-29900
-25400
-27300
-25800
-27000
-24350
-22175
-24725
-23250
-20675
-19775
-22100
-19825
-19225
-16150
-19600
-17850
-17750
-16550
-17850
-19950
-14850
-17600
-18250
-19500
-16575
-17325
-21000
-18100
-19575
-20025
-21800
-20375
-22925
-21350
-23850
-24125
-23775
-26125
-26900
-29550
-24650
-31525
-31500
-31200
-32200
-35600
-35250
-33300
-39350
-40175
-39075
-39075
-44575
-39950
-43100
-44800
-43825
-45850
-43975
-44050
-41325
-47550
-43325
-37975
-40075
-41725
-32625
-32600
-38125
-28625
-24125
-26375
-25075
-12475
-15675
-18650
-7800
-3125
-4725
-2625
4450
4675
7375
10150
15250
16325
18225
18825
20250
27075
24175
25325

28600
29775
26525
28500
31200
28775
27800
25925
26175
21275
21250
19975
17775
13750
7600
8700
3450
1150
-3725
-5625
-9475
-13450
-15875
-19525
-19725
-21325
-24000
-28800
-24600
-27375
-29400
-28900
-28550
-25875
-30600
-27875
-26800
-26325
-26800
-26350
-24450
-21675
-23650
-24600
-18050
-20700
-19200
-21800
-16575
-17175
-20200
-18350
-16400
-14775
-18975
-18675
-16300
-15800
-18775
-17075
-16800
-17925
-19275
-19475
-17900
-21925
-19250
-21550
-21625
-22050
-23025
-23400
-24500
-24275
-27850
-27475
-27825
-28500
-32625
-29525
-31800
-35000
-35150
-35225
-37200
-40425
-37625
-40325
-42825
-42625
-42350
-42700
-43225
-44450
-45750
-42825
-44125
-44475
-42975
-35725
-41400
-40950
-31225
-32950
-34600
-28875
-20325
-29000
-23050
-14025
-13125
-14125
-7000
-3375
-7250
575
5200
7500
5775
13325
14750
15650
20375
19650
24450
25750
26825
24550

30225
30800
30425
30400
29850
29225
26025
30225
25625
25650
21950
18875
18075
14625
12350
7050
6075
25
-1875
-7300
-7050
-10350
-15000
-16675
-21250
-18875
-25525
-25500
-25225
-25450
-29200
-27625
-24425
-28800
-28000
-28875
-23250
-27150
-24850
-24675
-22800
-20975
-24500
-19000
-20425
-17925
-21175
-18375
-17350
-16025
-17150
-17575
-15800
-16775
-15325
-18450
-14050
-16725
-15725
-17375
-17300
-15775
-18575
-17625
-20125
-17850
-20075
-20325
-20925
-19975
-21875
-24575
-22500
-24875
-25100
-28500
-23750
-29175
-30800
-29650
-31450
-33125
-35075
-32950
-36975
-38550
-39275
-36525
-41925
-41175
-41450
-43025
-41150
-46575
-42275
-42825
-41075
-46225
-40500
-37225
-40600
-38150
-32275
-31750
-36250
-27175
-23450
-24425
-21875
-14450
-13475
-15025
-4975
-5025
-2700
125
5775
4475
9000
13425
14700
18300
19275
21025
20775
28925
26275
27125

29850
31050
28675
28750
32850
30075
28525
26850
27500
23150
22625
20225
18525
16200
8150
9275
4625
2225
-3500
-4875
-6775
-11775
-14600
-18275
-17450
-21950
-23725
-27025
-23350
-26125
-28450
-26425
-27675
-24850
-29650
-25875
-26475
-23975
-25125
-24975
-22475
-21500
-22050
-23500
-17550
-20075
-17300
-21075
-15600
-15975
-18700
-15800
-17500
-13775
-17075
-16950
-15500
-13975
-17150
-16950
-15650
-17425
-16925
-20175
-16175
-19075
-18300
-20575
-20225
-19325
-24075
-22175
-23500
-21725
-27800
-25675
-25925
-28425
-30750
-29925
-29250
-34625
-33075
-35500
-34425
-40200
-36275
-38550
-41350
-40825
-43100
-40775
-42850
-43725
-45075
-40575
-42025
-44850
-40450
-36900
-39550
-41075
-30700
-33200
-32975
-28050
-22100
-26600
-22600
-13025
-14425
-12450
-7850
-2550
-5375
1250
4375
8650
8900
10900
14875
17100
22375
18075
25000
27000
26600
25050

