
Curva de Excitacao - Bobina Girante (Dados Brutos)

Arquivo..............: C:\Arq\Wiggler\Medidas Wiggler - Corretoras\Bobina Tungstenio\Gap52\Map2\Translado52_X=6_#027.dat
Data.................: 10/02/2005
Hora.................: 09:53:49
Ganho................: 20
N. de Coletas........: 1
N. de Voltas.........: 10
Intervalo de Análise.: 4 - 8

-18000
-14900
-14525
-16450
-15500
-15350
-15250
-17150
-14125
-14400
-12750
-15550
-12075
-11750
-15375
-13550
-14900
-11525
-11200
-11075
-7900
-7300
-8825
-9275
-7900
-8625
-1525
-4200
-1225
-1225
-900
-950
-4850
1675
-1625
3950
-600
2650
-150
-1775
-1350
-3425
-3800
-3900
-2675
-7050
-925
-8000
-6725
-11675
-10050
-11825
-12650
-9825
-11175
-12250
-18150
-15150
-18225
-16500
-18950
-16725
-21075
-22950
-25100
-24000
-22475
-25050
-23950
-28975
-27650
-29300
-28075
-29825
-26500
-26225
-27600
-29200
-26625
-24325
-24050
-23500
-24550
-21025
-19450
-19225
-19725
-14625
-16850
-18400
-16325
-14200
-16000
-17350
-15625
-16975
-17575
-17625
-18275
-19175
-20100
-21475
-21625
-24400
-23675
-24375
-23925
-24550
-26450
-25125
-24050
-26050
-28125
-23525
-23950
-23975
-26300
-20900
-21425
-23850
-21025
-20400
-18650
-21450
-18800
-17025
-16600
-19975

-15350
-15475
-16425
-15875
-16550
-11725
-16825
-14500
-14475
-13975
-14125
-14300
-13325
-13300
-12500
-13550
-11050
-13450
-9475
-11800
-10375
-7875
-8550
-5300
-8300
-3575
-4450
-4325
-5300
-1075
600
425
-1500
450
2050
-2025
1325
-1550
3450
-1525
-1475
-1925
-1825
-2275
-4925
-5275
-6125
-7950
-8375
-5475
-9600
-9800
-12625
-11800
-14200
-14200
-13025
-14100
-16250
-17775
-20450
-19825
-19050
-19525
-20850
-25600
-24325
-26100
-25525
-27625
-25250
-26375
-28700
-29975
-28475
-27300
-27375
-24700
-27425
-24750
-26625
-22050
-23000
-19550
-19150
-21150
-18275
-16275
-16050
-18150
-12375
-16225
-15200
-18325
-14150
-16875
-17275
-17300
-19175
-18000
-22025
-19650
-21500
-21050
-26100
-23200
-23650
-24475
-27625
-25625
-21900
-27600
-26625
-24875
-21875
-26125
-24800
-21750
-21575
-23450
-22500
-18250
-19750
-18775
-19900
-15900
-17950
-17175

-16675
-16000
-14850
-16800
-14675
-15375
-14200
-15575
-13675
-14175
-13175
-14175
-14900
-11350
-14050
-11025
-13900
-10575
-10775
-10925
-10150
-7625
-6775
-8700
-7750
-5050
-1425
-5875
-2175
-1150
-750
-1150
-1550
2600
1650
625
-175
-525
1625
475
-350
-1700
-2825
-3350
-5050
-4600
-4575
-6125
-9275
-7575
-11225
-9750
-10650
-10425
-12250
-15025
-14700
-17425
-12850
-18000
-16150
-20825
-19900
-22275
-22100
-23400
-21950
-22875
-28350
-26100
-29625
-24750
-29125
-25375
-27950
-29225
-27650
-26875
-23975
-25675
-22175
-24925
-22000
-22275
-17575
-20500
-17025
-14900
-18350
-16325
-16600
-12475
-16925
-15125
-16175
-15050
-17875
-17275
-17950
-18225
-18825
-23750
-18900
-23450
-23075
-24250
-22375
-24675
-26175
-24100
-24175
-25850
-27125
-22625
-24875
-23000
-24725
-22200
-21475
-22950
-20400
-20900
-18700
-19600
-18450
-18425
-15900
-16825

-17000
-15300
-14350
-14375
-17400
-12425
-14575
-14475
-14350
-12450
-12000
-15550
-13500
-12425
-12025
-14175
-10300
-10875
-9725
-11575
-9875
-6325
-8725
-6400
-7575
-3550
-3350
-4775
-1425
-850
475
-1100
-550
0
1575
1225
825
600
1075
1125
-3000
-225
-2000
-675
-3925
-4825
-6525
-7600
-5275
-8425
-8100
-10725
-10450
-13400
-11000
-12950
-13500
-14925
-16200
-16600
-20725
-16425
-19075
-19300
-24350
-22650
-24400
-25400
-24550
-26100
-25325
-30050
-26875
-28800
-26225
-28375
-24525
-27250
-26900
-23800
-23625
-21725
-22500
-17675
-21025
-19550
-17875
-15125
-16275
-15400
-15075
-15775
-14550
-17100
-13625
-16475
-15575
-17900
-19000
-17475
-20375
-20675
-20950
-21400
-25050
-22725
-22875
-24375
-25350
-25175
-22275
-27200
-24475
-25150
-21575
-24175
-24650
-21175
-20900
-21175
-22700
-18075
-19575
-18600
-20725
-15600
-15650
-17775

-15275
-16375
-14250
-17425
-14525
-13350
-13850
-14875
-13725
-12425
-14025
-13075
-13875
-10975
-14575
-11525
-11200
-10675
-9350
-11125
-7725
-8925
-6700
-7575
-5175
-4400
-2350
-4350
-3450
-725
-725
1675
-2075
3850
1075
1300
-200
300
3925
-575
-725
-2350
-400
-3200
-2825
-4300
-3475
-6950
-8700
-7350
-9050
-7900
-11525
-9925
-12900
-13725
-14525
-14875
-13550
-16700
-18450
-19650
-19350
-21350
-20775
-22250
-22200
-24375
-26350
-26550
-27250
-25525
-26175
-27275
-29650
-27575
-25450
-27125
-25450
-22875
-24250
-24350
-21100
-19425
-19800
-19100
-15575
-16050
-18100
-15725
-14875
-13850
-14300
-16625
-15225
-15275
-15750
-18800
-16400
-17850
-19450
-22325
-18825
-21825
-24175
-21375
-22900
-23425
-27250
-22650
-23450
-24600
-27025
-22875
-22225
-24150
-24200
-21425
-19475
-23125
-20625
-19375
-17750
-19250
-17875
-15925
-16275
-16650

-16500
-13250
-15725
-14375
-14900
-12450
-14125
-14375
-12125
-13700
-11475
-14400
-11425
-12825
-10825
-11800
-11850
-10725
-9675
-8525
-10225
-5200
-7500
-5875
-7500
-2600
-1100
-3275
-475
-1775
2200
-1775
-100
1775
4375
1300
1350
1750
950
1250
-2275
1525
-900
-800
-4725
-4225
-3775
-5875
-5800
-7550
-8000
-10400
-9925
-10700
-10675
-11950
-13300
-14900
-16200
-16025
-17025
-18000
-17725
-19500
-22225
-24225
-21125
-23550
-24575
-26525
-25500
-26100
-28700
-26750
-26275
-24950
-26250
-27000
-26325
-23200
-23925
-20750
-20050
-20150
-18475
-19750
-16175
-16450
-13875
-16250
-14450
-13950
-13500
-16100
-15125
-12425
-16725
-16200
-19025
-15875
-20025
-20425
-19400
-21450
-22100
-23175
-22375
-24450
-23650
-25825
-21425
-25450
-24450
-23325
-22250
-21775
-25000
-20450
-21600
-19750
-21050
-18650
-19000
-17300
-17775
-17175
-14050
-17050

-14475
-17200
-12575
-14625
-13950
-12350
-12900
-13425
-14750
-11350
-12625
-12275
-14225
-10100
-12025
-12125
-10275
-10150
-7125
-11300
-8650
-7300
-5650
-6875
-5550
-2075
-3050
-3900
-1975
750
75
1825
100
2100
1825
1375
2825
1175
3875
175
-650
-750
-700
-275
-2550
-3825
-5500
-5775
-6375
-7225
-8225
-7650
-9875
-11575
-10250
-13350
-12725
-14725
-13050
-16400
-18225
-18225
-17950
-18750
-22900
-19975
-23225
-23350
-26875
-24400
-25500
-26175
-26200
-26975
-26250
-28425
-24725
-27100
-23100
-24200
-22200
-22825
-21100
-18625
-18325
-17150
-18350
-13675
-16975
-15500
-15375
-11550
-13300
-17275
-13525
-14975
-15650
-17625
-15225
-17725
-19075
-20850
-18725
-20725
-23250
-21200
-23125
-23325
-25600
-21600
-23725
-24275
-24725
-22875
-21175
-24000
-22200
-22250
-18675
-22300
-19200
-18650
-17775
-17875
-19100
-15200
-16475
-15575

-16375
-13125
-13825
-14475
-15300
-12425
-11875
-15150
-12825
-12925
-11125
-14700
-12000
-10175
-11150
-11225
-12375
-9075
-9600
-8300
-9025
-5775
-7200
-6050
-4475
-3525
-425
-3600
-350
-2025
975
1275
875
2800
2300
3850
175
575
1875
2825
-450
-300
-25
-1950
-3050
-4900
-2350
-6300
-4900
-7925
-7500
-8850
-10000
-9150
-11600
-11550
-14375
-13050
-14900
-14900
-17775
-16600
-18250
-20350
-21550
-22450
-21100
-24650
-22475
-26275
-25425
-26150
-26075
-25350
-27225
-25400
-26375
-26100
-26025
-22150
-22500
-21450
-21100
-20200
-17325
-19350
-15925
-14825
-14425
-16375
-14450
-13075
-13700
-15325
-14025
-12425
-17300
-16725
-17850
-15750
-18825
-20350
-18800
-21500
-21975
-23200
-21575
-24125
-24625
-24275
-21800
-24250
-25325
-22350
-22150
-22250
-25050
-19600
-19975
-21375
-21075
-18225
-16625
-19625
-17175
-15550
-13975
-18275

