
Curva de Excitacao - Bobina Girante (Dados Brutos)

Arquivo..............: C:\Arq\Wiggler\Medidas Wiggler - Corretoras\Bobina Tungstenio\Gap52\Map2\Translado52_X=-9_#012.dat
Data.................: 10/02/2005
Hora.................: 09:23:40
Ganho................: 20
N. de Coletas........: 1
N. de Voltas.........: 10
Intervalo de Análise.: 4 - 8

1075
8100
5175
2650
3725
2200
800
-1350
2925
-850
-1725
-3750
-5750
-6075
-12050
-10775
-12550
-12275
-14125
-14225
-14475
-17750
-19975
-20575
-20500
-19175
-18400
-21025
-17500
-18025
-21150
-17175
-18125
-15650
-16625
-16500
-13025
-12025
-12400
-13300
-10500
-10875
-10525
-11100
-6800
-8175
-7250
-8800
-8975
-7350
-10500
-9250
-11475
-6350
-8950
-11900
-11000
-10625
-12950
-14825
-11875
-11700
-13650
-16600
-13350
-15650
-16175
-16175
-17475
-15600
-18150
-16400
-17600
-18275
-19475
-19350
-18800
-20525
-20100
-20900
-20350
-23775
-22775
-24100
-24775
-28850
-26625
-25550
-32650
-29325
-29800
-32075
-35775
-34150
-36825
-36250
-34575
-36650
-38675
-36750
-35500
-42350
-33500
-51000
-37075
-34975
-29200
-32925
-32325
-23800
-25975
-27375
-21500
-14825
-22650
-17050
-10775
-10900
-11325
-7025
-3525
-4125
-1075
-4025
650
3850
3725
2250

4850
6100
975
3650
5950
4175
900
2125
1975
-3100
-1850
-3575
-4100
-7100
-9050
-9575
-10725
-12950
-16075
-15725
-16475
-14925
-19375
-18575
-19050
-17925
-19925
-22200
-15975
-17950
-18575
-19625
-16925
-14150
-16125
-16675
-13800
-10350
-13875
-12900
-9975
-7425
-12750
-9825
-7850
-8175
-8225
-9600
-6400
-7600
-9275
-9450
-8775
-8425
-9825
-12100
-10100
-8300
-12275
-13000
-13100
-12725
-14275
-14800
-13600
-15575
-15225
-16700
-16000
-16750
-16350
-17175
-18200
-17525
-18200
-20150
-19100
-18375
-21600
-20800
-22450
-20975
-22925
-24125
-24350
-28125
-25500
-27925
-30050
-30975
-30925
-33650
-32275
-34125
-34750
-35375
-36250
-37675
-39325
-33675
-37425
-37600
-33975
-35425
-38025
-31900
-29400
-34350
-30750
-24100
-26250
-28250
-18975
-17025
-20800
-15175
-11250
-11175
-11250
-6725
-5050
-3825
-1375
-1075
1100
3050
2650
975

6625
4825
4050
4875
3575
3700
1725
3125
650
125
-2900
-3225
-5575
-5475
-8325
-11000
-9825
-13125
-12700
-17375
-14600
-16650
-19425
-18925
-18875
-15600
-20575
-19575
-18650
-17475
-20475
-16700
-16350
-14675
-15950
-17700
-11050
-12900
-11225
-14150
-9375
-8425
-11500
-9100
-7850
-6950
-9075
-9025
-7175
-5775
-9825
-9325
-8125
-7850
-8275
-12775
-9025
-11225
-10425
-11900
-13025
-11375
-13525
-14275
-16150
-13900
-14500
-16075
-17725
-14000
-16600
-18325
-16200
-17300
-17000
-21050
-17450
-19800
-20100
-20500
-21300
-20950
-23350
-22225
-24850
-25125
-27250
-26750
-31575
-28475
-30375
-32575
-31400
-35700
-35000
-35325
-34650
-37125
-36750
-34925
-38025
-37800
-33875
-34325
-37775
-29600
-31575
-33200
-29925
-24075
-26275
-27450
-17125
-19575
-19075
-15775
-11725
-12600
-8150
-6200
-6450
-1200
-1350
-1575
-700
5800
2950
2800

5175
6200
3625
3575
6100
3025
4000
300
2450
-800
-1625
-3900
-3725
-4350
-10825
-8950
-10600
-10725
-16200
-14925
-15000
-15775
-18575
-19550
-16525
-19925
-18400
-20750
-15875
-18000
-18275
-17275
-17675
-13600
-16275
-14925
-13250
-11875
-12400
-11925
-9375
-9225
-9750
-9100
-6975
-8750
-6550
-8900
-8850
-5025
-7475
-8800
-10050
-5700
-9100
-11575
-10550
-8400
-10375
-13750
-11275
-12425
-11975
-15275
-12825
-15100
-15125
-16625
-15175
-14450
-17575
-16400
-17175
-16150
-19350
-18275
-17625
-19250
-20075
-20100
-20650
-22950
-21125
-23675
-24825
-27000
-24825
-26025
-30775
-28775
-32200
-30800
-32650
-34175
-34850
-33475
-36250
-39400
-34550
-35000
-36900
-38775
-31425
-36900
-35850
-30975
-29975
-33225
-28850
-23525
-27850
-23225
-21525
-17975
-19325
-12850
-13125
-10300
-7250
-8850
-5475
-2200
375
-4000
2625
4600
1500
1650

7550
6425
2325
6300
4075
4625
325
3775
2525
-750
-1725
-4575
-2350
-7225
-7450
-10250
-9775
-12725
-13050
-15325
-16000
-15400
-19200
-17900
-19175
-16250
-18900
-20275
-17775
-17825
-17175
-18575
-15400
-14975
-16025
-16400
-11550
-11125
-12750
-11200
-10100
-6625
-11775
-8700
-7175
-7250
-7575
-9200
-5750
-6950
-7975
-10050
-7375
-6825
-8475
-11475
-10100
-9050
-11800
-11625
-12500
-10075
-14175
-13750
-13800
-14325
-13025
-16200
-15525
-16325
-16050
-17325
-16600
-17150
-16425
-18825
-18525
-18575
-19925
-19350
-22450
-20500
-22800
-23150
-23925
-25925
-25200
-28325
-28225
-29375
-29800
-32800
-30850
-35050
-34050
-33350
-36075
-36050
-36350
-33800
-39625
-34800
-34000
-35650
-34975
-29525
-31925
-34225
-26775
-25850
-25200
-26175
-18300
-18800
-17575
-15025
-13950
-8425
-8325
-6900
-6050
175
-3200
-600
2750
4425
2425
3550

7025
3075
4900
5575
5650
3950
3800
2350
875
475
-1400
-2125
-5075
-4875
-8375
-9125
-10075
-11475
-12275
-16200
-13850
-15050
-17400
-18650
-17000
-16500
-19375
-19500
-16900
-15925
-19175
-17450
-16100
-13400
-15400
-15725
-11025
-12450
-10650
-12925
-9450
-7950
-9275
-8825
-7225
-6000
-7800
-8400
-7225
-5350
-8925
-7275
-7475
-8650
-8650
-10200
-7650
-10300
-9025
-12625
-12750
-11875
-12000
-12675
-14725
-13125
-14200
-14925
-16625
-13975
-15450
-16775
-16625
-17250
-16400
-19325
-16950
-18750
-18850
-20375
-19700
-20750
-22025
-22550
-24375
-24200
-26600
-25550
-29400
-29075
-31050
-29550
-30925
-36100
-31800
-34050
-36675
-37450
-33125
-36250
-36975
-34550
-33625
-36275
-34600
-29125
-32500
-31675
-28100
-23925
-25400
-23125
-20375
-19375
-15050
-14500
-13250
-9900
-5775
-8550
-5450
-100
-1075
-125
2200
4200
1875
4475

5975
6625
4875
5450
5200
4000
4275
1225
3650
700
-1175
-4525
-2600
-3625
-9625
-8450
-9800
-10000
-14750
-14325
-13525
-14825
-17700
-18475
-15850
-18325
-18025
-21250
-15800
-17425
-16925
-16550
-16225
-13250
-15750
-13250
-12775
-10325
-12300
-10375
-9775
-8225
-7625
-9500
-6800
-7275
-4775
-9400
-6025
-5100
-8000
-8425
-8475
-5075
-8575
-10450
-9875
-8675
-10050
-12050
-11550
-10575
-12250
-15350
-12950
-13350
-13500
-15575
-14025
-14825
-17200
-15575
-16375
-15125
-18975
-16700
-17475
-17900
-19325
-19300
-20325
-21650
-21200
-23825
-22675
-25700
-25100
-26575
-27900
-29175
-29900
-29075
-33625
-35325
-32850
-31325
-37100
-35975
-33850
-35525
-36800
-35500
-32225
-37175
-32925
-30875
-31450
-30875
-27375
-25075
-25550
-22550
-21750
-17275
-15400
-14450
-15200
-6975
-5975
-9325
-3850
-850
-925
-2650
4475
4875
3000
3775

7075
5725
3725
7050
5300
5900
1675
3050
2850
300
-975
-2350
-1425
-6875
-7225
-9150
-7875
-12050
-12725
-14175
-13825
-14225
-19100
-16575
-18250
-15000
-18975
-18800
-16875
-17050
-17150
-18225
-14400
-13375
-13750
-15375
-11425
-10800
-11600
-10400
-10550
-6975
-9175
-7000
-6900
-6025
-7100
-8975
-5775
-5325
-6500
-8425
-6500
-8125
-8050
-10800
-7950
-7675
-10500
-11225
-12925
-9775
-13325
-12475
-13600
-13600
-13175
-14800
-14175
-15625
-14825
-16450
-15800
-17750
-16475
-17675
-17550
-18225
-19475
-18325
-22075
-18900
-22475
-22775
-23175
-24575
-25325
-26600
-27150
-30850
-29150
-29775
-30625
-35775
-31625
-33500
-37275
-34625
-34800
-33975
-38125
-33150
-34825
-35575
-33350
-29525
-31450
-31100
-26500
-27400
-23500
-24600
-19850
-18250
-14725
-14650
-12850
-6475
-9300
-8350
-4000
1475
-2950
275
3500
3775
2275
4575

