
Curva de Excitacao - Bobina Girante (Dados Brutos)

Arquivo..............: C:\Arq\Wiggler\Medidas Wiggler - Corretoras\Bobina Tungstenio\Gap52\Map2\Translado52_X=-14_#007.dat
Data.................: 10/02/2005
Hora.................: 09:15:44
Ganho................: 20
N. de Coletas........: 1
N. de Voltas.........: 10
Intervalo de Análise.: 4 - 8

12625
19575
16250
19225
15700
15400
14300
8475
12750
11475
14700
5025
6075
1100
-3850
-5500
-8000
-7400
-10275
-10100
-15000
-16250
-21075
-20975
-24250
-23450
-22625
-25850
-18375
-26050
-25975
-25425
-23950
-23600
-23450
-23225
-20050
-19700
-22200
-17925
-18225
-17475
-19375
-17975
-14125
-14725
-13925
-14550
-12250
-14400
-15500
-13750
-14600
-10225
-12650
-13275
-12975
-13950
-16850
-15375
-15600
-14325
-15150
-17625
-15525
-18350
-16775
-19950
-18675
-18500
-21325
-20975
-19475
-19350
-24800
-24300
-23350
-25300
-27750
-24375
-26450
-30600
-26625
-31550
-33625
-35675
-31450
-35600
-37925
-35850
-39400
-39300
-39950
-39200
-44375
-37925
-42200
-44925
-40700
-37350
-41825
-42300
-30750
-37975
-37950
-33525
-27125
-33050
-25550
-22150
-24075
-19825
-13525
-11775
-14050
-5175
-7425
-3900
-1125
3100
3800
9900
11450
4725
12025
14400
15350
12850

20625
16750
15325
16025
15925
18025
13375
15975
12200
9950
4825
6900
5950
2925
-1675
-2650
-3325
-11400
-10075
-14575
-14300
-16500
-19050
-19425
-20825
-20850
-25325
-26325
-22375
-23375
-25675
-23400
-22425
-22525
-24525
-23375
-19350
-21725
-19550
-19100
-18300
-15925
-18800
-14375
-15600
-15100
-14350
-16175
-13550
-10275
-13000
-14700
-11925
-12050
-13750
-17700
-9775
-11650
-15425
-14125
-14675
-14125
-18725
-15650
-16275
-16425
-18050
-18375
-17700
-18575
-20250
-21625
-18450
-22750
-22500
-23725
-20675
-26175
-27350
-23300
-29650
-29175
-30175
-28075
-33275
-33075
-33900
-36125
-36925
-37125
-38000
-41100
-36500
-44525
-40225
-40225
-39700
-45250
-39950
-36225
-44775
-39825
-34500
-34925
-40025
-28225
-29950
-31825
-27650
-20400
-21800
-23150
-11975
-13825
-12025
-9925
-2650
-2700
1275
800
3300
9025
7275
10250
12025
17900
11650
14350

17200
16925
16100
17275
18825
13700
14125
13025
13900
9000
9575
8400
3800
800
-2700
-1275
-5700
-7750
-11350
-12500
-14400
-16550
-19325
-21275
-20400
-21075
-23600
-25650
-20775
-23775
-26475
-24275
-24450
-19950
-24225
-22925
-20700
-20600
-19600
-21075
-16200
-17150
-17375
-17875
-14500
-14675
-13650
-15375
-12400
-10725
-16150
-13725
-12875
-10325
-14675
-14225
-11475
-14275
-15925
-15025
-12650
-15200
-15950
-16925
-16000
-17675
-16625
-17575
-19600
-16900
-21575
-19350
-21200
-19600
-23075
-23350
-22350
-25600
-26300
-25275
-26300
-30800
-28300
-31425
-31125
-34075
-33550
-33825
-37450
-35750
-41450
-37025
-39625
-40875
-41975
-37875
-42225
-44525
-38550
-38300
-42100
-40475
-31775
-40050
-38175
-29700
-28275
-31900
-26325
-19725
-24550
-20200
-13850
-11325
-13150
-5525
-4750
-3400
-175
2050
6875
7075
9400
8800
12925
14400
14575
15700

17475
16975
15025
18200
15100
17175
14950
14300
12625
10150
8400
5950
6000
1725
-950
-3550
-4050
-7250
-11150
-12325
-14650
-14950
-20925
-19675
-20850
-20550
-23600
-25925
-21125
-24125
-23875
-24775
-23075
-21875
-22325
-23100
-20150
-18750
-21150
-19475
-18425
-15750
-18350
-15575
-13875
-14675
-14275
-15275
-11600
-12650
-13250
-13025
-10825
-13125
-13375
-13400
-12325
-12550
-14550
-12425
-16325
-13575
-15950
-15000
-16525
-16225
-15550
-19725
-17950
-18075
-18900
-21275
-18150
-21275
-22675
-22950
-21825
-24475
-26700
-24550
-29125
-27200
-29025
-28975
-31900
-33175
-32750
-36375
-36550
-36950
-36725
-39475
-37000
-44025
-39750
-38175
-41300
-42150
-39800
-37875
-43475
-37025
-35300
-36400
-35925
-28600
-30275
-32425
-24800
-21925
-21825
-19475
-11800
-14825
-11325
-6325
-5100
-1300
1525
2675
2375
9750
9625
8975
13300
17400
14900
13225

18125
17425
18275
16375
18925
16500
13875
14975
13825
11925
7775
8000
4975
2375
-1375
-1500
-3575
-8525
-9800
-13925
-12600
-16125
-18725
-20275
-20225
-20650
-23800
-23000
-22150
-22700
-26600
-22775
-22725
-21000
-23125
-23025
-17750
-22000
-18175
-19500
-15650
-17375
-16250
-15350
-14800
-13450
-13850
-13825
-13900
-9875
-14000
-12900
-12625
-10825
-11800
-15275
-11500
-13375
-13200
-14925
-13300
-13275
-15675
-15375
-15625
-15325
-18075
-18200
-17125
-17150
-21350
-19425
-17850
-21150
-21925
-23250
-20275
-26125
-24600
-24500
-26775
-28675
-27825
-29975
-32050
-32100
-33425
-33725
-36325
-35975
-39975
-36400
-37125
-43025
-39200
-37325
-41650
-44225
-37400
-37150
-40650
-39150
-32975
-36750
-36400
-28525
-29925
-28550
-25300
-20350
-22550
-19875
-13275
-10675
-8475
-8600
-4725
-675
2525
-725
6375
11575
9700
8400
13475
17525
13100
17050

19825
19075
15375
17300
19300
16675
16200
14400
15675
9975
9125
7800
6750
2450
-700
125
-5400
-6825
-10350
-11325
-13750
-15250
-18500
-18975
-18500
-21350
-21925
-25450
-19725
-23025
-24725
-23825
-22225
-19150
-23325
-21700
-19325
-18025
-20150
-17700
-17350
-14750
-16325
-16000
-12525
-13850
-12975
-15450
-11350
-10725
-12925
-12450
-10975
-10075
-14325
-13350
-11350
-10750
-14725
-12975
-13275
-13950
-14075
-16700
-14475
-16275
-15325
-18150
-16650
-17025
-19525
-18950
-19400
-19250
-22025
-21575
-21925
-23100
-25625
-24050
-26450
-27100
-27000
-30600
-29600
-32750
-33425
-34575
-33375
-36200
-38350
-35150
-37525
-42800
-39225
-35875
-42475
-41900
-37075
-36950
-42800
-37150
-32675
-38725
-33800
-27675
-29175
-32250
-24500
-19825
-21500
-18775
-12925
-10475
-10950
-6900
-4275
775
975
2225
6600
9025
9325
9850
16125
15375
14975
15750

18975
16875
17800
20775
17650
17650
13925
16700
13300
11900
9375
7675
6625
1775
1050
-2775
-2425
-7800
-8425
-13350
-11675
-14075
-19250
-17925
-19750
-19350
-23950
-22300
-22050
-22025
-24325
-23425
-20650
-21625
-20950
-23575
-17725
-19175
-19000
-18550
-16075
-12675
-18100
-14650
-13400
-11850
-14900
-13675
-10200
-10300
-13125
-12875
-9625
-11475
-11750
-13500
-10600
-12575
-12625
-12600
-14025
-12750
-15100
-14200
-16650
-14750
-15675
-17625
-16425
-16525
-18475
-20450
-17225
-20400
-20425
-22300
-20725
-24450
-24175
-23350
-27425
-26075
-28550
-29650
-30875
-30875
-32900
-33650
-34450
-36650
-37025
-36425
-37050
-43075
-37125
-38275
-41925
-41525
-36400
-37300
-42125
-34950
-34300
-36775
-34850
-27000
-30825
-28625
-22375
-22175
-21550
-18700
-11900
-13375
-7825
-5700
-3875
-1275
1225
1925
5500
11475
10200
11050
11775
18050
15300
16425

19875
18650
18200
16725
18850
17100
17200
14150
16250
11525
8875
9125
5400
4725
-1275
-1075
-4525
-4825
-9750
-12325
-11850
-15650
-16925
-19625
-18425
-21100
-21575
-24125
-20625
-21925
-24350
-21225
-22700
-19375
-23750
-20150
-18775
-19025
-17875
-18325
-16025
-15175
-15475
-15675
-12075
-13625
-11850
-13675
-11875
-9325
-13325
-11250
-11950
-9975
-12300
-12675
-10850
-11525
-10900
-14500
-12825
-13400
-13875
-16450
-13450
-14900
-16475
-16925
-16250
-15600
-20975
-18200
-18625
-19775
-21925
-21200
-20600
-23975
-23275
-25350
-26400
-27000
-26625
-30175
-29875
-31825
-33050
-32425
-34850
-34825
-39350
-35325
-37725
-41650
-38375
-36500
-40850
-42725
-36400
-38775
-40250
-38100
-32575
-37050
-32800
-28775
-29175
-27750
-25900
-19800
-21175
-16275
-15050
-11325
-8100
-7325
-5350
750
4500
50
5550
10200
10700
7925
15975
17525
13650
16150

