
Curva de Excitacao - Bobina Girante (Dados Brutos)

Arquivo..............: C:\Arq\Wiggler\Medidas Wiggler - Corretoras\Bobina Tungstenio\Gap52\Map2\Translado52_X=-4_#017.dat
Data.................: 10/02/2005
Hora.................: 09:32:25
Ganho................: 20
N. de Coletas........: 1
N. de Voltas.........: 10
Intervalo de Análise.: 4 - 8

-7400
-3250
-5700
-8175
-5300
-5725
-9525
-8275
-8550
-8200
-10100
-9500
-10675
-12375
-14775
-14750
-14875
-16000
-13550
-18250
-13900
-16675
-18000
-16675
-18550
-15650
-15050
-14850
-14275
-12075
-14250
-11800
-14875
-9475
-8325
-10175
-6275
-5575
-4950
-9300
-5400
-4675
-6275
-4900
-5750
-3700
-3550
-5425
-7425
-6850
-7400
-9525
-9425
-7100
-7475
-12750
-11450
-12625
-13050
-13825
-14100
-12825
-16025
-16225
-17875
-15950
-17025
-17250
-17750
-19125
-18275
-17650
-17300
-20500
-16825
-19975
-18675
-19800
-17725
-18075
-19325
-17500
-20000
-18825
-20700
-21525
-23300
-19850
-23900
-23875
-24125
-25175
-26425
-30450
-29225
-29575
-29300
-33200
-32775
-32050
-32850
-34700
-31550
-32700
-36925
-31800
-30350
-33400
-34100
-26025
-28200
-31775
-24150
-22500
-24550
-23050
-19525
-18475
-16275
-15600
-14050
-10925
-10925
-11525
-10875
-4200
-9325
-8725

-4450
-4925
-7975
-6925
-4025
-6450
-7350
-8050
-6000
-11225
-8850
-11150
-12300
-10375
-13725
-12750
-15850
-14050
-15500
-17650
-16775
-14425
-16825
-17475
-14975
-15650
-13525
-17950
-13975
-13250
-11350
-12725
-12625
-6525
-10025
-10525
-9175
-4575
-5675
-7050
-4650
-3275
-6025
-5925
-3675
-4950
-4375
-7400
-5625
-3275
-7525
-7500
-10400
-7075
-11275
-10725
-10725
-10575
-11850
-14400
-14075
-15575
-12950
-16850
-15825
-18725
-14850
-17925
-18525
-17300
-17575
-16750
-21650
-17225
-18250
-18500
-19550
-16200
-18575
-19725
-18550
-18550
-17425
-20800
-18075
-22700
-20625
-21825
-24225
-23700
-25150
-24200
-26650
-27400
-29200
-28775
-31550
-32700
-32125
-31100
-34075
-35100
-29075
-35300
-35750
-30550
-29725
-34775
-32175
-26600
-29375
-29200
-25000
-23175
-24850
-19525
-20575
-18300
-15450
-16650
-14425
-12225
-8800
-12925
-9100
-6375
-6275
-9750

-4350
-4350
-7400
-5200
-7800
-4650
-7675
-6275
-8525
-7025
-9675
-11450
-10475
-11525
-12175
-15575
-11975
-14275
-15725
-18300
-15025
-14000
-17975
-16225
-15900
-13325
-16625
-15875
-13775
-12425
-12000
-13425
-10475
-8925
-8100
-10575
-5675
-7425
-6225
-5750
-6375
-2250
-5350
-3525
-5800
-5325
-4925
-5475
-5850
-5600
-6450
-9125
-6400
-8825
-8000
-12750
-10450
-11750
-10900
-12900
-15325
-12225
-15150
-15000
-18500
-15025
-16000
-16975
-18000
-17550
-17075
-19025
-17500
-18075
-16750
-20425
-17175
-18625
-18425
-17925
-18650
-17725
-20350
-17850
-19975
-20725
-20500
-20475
-23450
-25325
-23475
-25450
-25175
-30450
-26875
-29325
-30650
-31675
-32825
-30425
-35800
-31650
-31725
-34025
-36225
-28700
-31150
-33475
-30525
-28600
-26650
-29750
-23700
-25525
-20950
-21250
-20850
-17225
-14600
-14875
-16150
-8575
-11225
-10775
-9675
-3475
-6950
-8775

-4050
-5225
-5300
-7775
-4225
-5325
-5325
-8875
-7050
-7125
-9175
-9975
-11300
-9400
-14625
-12825
-13850
-13225
-15850
-16675
-13875
-15750
-16500
-17750
-14800
-15200
-13350
-16325
-14450
-11650
-12175
-10875
-12625
-6875
-9475
-9525
-7000
-6325
-3525
-6675
-4825
-4200
-3575
-4175
-4275
-4200
-3400
-6525
-6550
-3100
-6650
-6900
-10300
-5950
-8200
-11425
-11000
-9650
-10675
-14350
-15000
-12475
-13275
-16750
-15325
-16625
-15675
-16425
-17325
-17100
-18375
-16950
-18475
-17250
-18325
-18200
-16425
-17825
-17525
-18750
-18000
-19075
-17650
-19200
-19050
-20300
-20300
-19625
-23950
-22175
-24825
-24325
-26000
-27750
-28200
-28825
-30150
-31925
-30025
-23025
-32575
-34250
-30175
-35125
-32800
-29625
-31900
-31550
-31050
-27025
-28900
-25675
-26425
-23100
-21275
-20350
-21325
-16650
-13450
-17875
-13375
-9725
-9275
-12775
-5900
-5150
-8325
-7275

-4375
-4325
-6975
-4000
-5450
-4650
-7075
-6550
-5900
-8725
-8475
-11075
-9950
-11725
-11400
-13375
-13000
-13450
-15625
-15250
-16325
-13775
-15850
-15750
-17400
-13150
-13100
-16325
-13100
-11875
-9975
-13150
-10800
-7375
-6975
-9675
-6500
-5500
-5075
-5100
-5775
-2025
-4400
-4250
-3925
-2875
-3275
-6675
-4825
-4350
-6350
-8500
-6025
-6675
-8575
-10400
-11025
-10150
-11650
-11625
-14200
-13625
-14200
-15100
-15100
-16550
-14125
-17175
-17650
-17850
-16175
-16625
-19450
-16950
-16550
-17625
-18975
-16175
-17775
-16375
-18325
-17250
-18250
-19900
-18150
-21125
-19150
-21275
-20950
-23675
-23625
-24525
-25375
-28050
-27075
-27750
-32050
-30225
-30800
-30425
-35250
-30475
-30825
-33950
-33325
-30950
-31075
-32175
-28075
-29525
-26800
-27600
-24675
-23075
-20675
-20375
-21675
-13625
-16125
-16625
-13475
-8200
-11250
-10075
-6000
-6450
-7050
-6625

-2850
-7300
-3975
-4450
-5125
-4175
-5525
-6625
-7950
-6600
-8725
-9650
-11275
-8800
-12125
-14100
-11875
-13600
-12550
-17325
-13875
-13725
-16100
-16325
-15375
-11900
-14550
-15350
-13175
-11525
-12925
-9800
-9600
-7700
-7900
-9350
-5625
-6975
-3425
-4900
-5300
-3425
-2975
-2900
-4625
-1975
-3275
-5250
-5575
-3425
-6300
-6200
-7300
-7800
-6825
-10550
-9400
-11675
-9650
-11925
-13825
-12625
-13175
-14025
-16950
-14450
-15725
-15325
-17500
-15900
-16025
-17500
-17275
-17000
-15175
-20200
-15725
-17450
-16825
-17900
-17300
-16675
-18125
-18000
-19100
-19450
-21425
-18700
-22625
-22925
-23575
-22575
-24925
-29475
-25125
-28550
-30200
-31475
-29225
-31400
-33675
-31675
-30850
-32075
-32950
-29875
-32825
-29175
-30275
-28950
-25450
-25375
-25200
-24225
-18175
-21925
-19175
-15975
-12925
-15675
-14375
-9150
-9975
-9225
-7975
-4250
-7225
-5925

-6100
-3200
-3950
-5125
-5050
-4250
-4225
-9050
-5475
-5800
-8125
-11350
-8725
-8200
-14125
-12425
-12575
-11550
-15225
-14825
-15025
-13500
-14350
-15950
-14400
-14975
-11875
-16325
-10650
-11725
-10825
-11150
-11300
-7700
-7525
-6725
-7450
-5225
-4400
-4000
-5350
-3525
-1300
-4350
-3250
-4025
-1450
-5525
-4350
-4325
-5400
-5350
-8625
-5700
-8425
-8900
-11825
-8475
-10075
-12650
-13175
-12350
-12400
-16275
-14025
-15975
-14475
-17325
-16300
-16100
-16625
-15725
-17825
-15475
-19325
-16075
-16175
-17075
-17500
-15825
-16725
-18250
-16900
-18225
-17425
-21475
-18250
-20475
-22025
-22150
-23900
-22675
-26375
-26800
-26625
-26600
-32000
-29675
-30625
-30400
-30875
-32875
-29825
-34475
-31000
-31025
-29925
-30025
-30025
-28325
-25400
-25875
-27025
-20950
-20550
-20650
-21350
-13950
-14475
-16825
-11275
-9325
-9675
-11300
-6225
-7225
-5225
-6775

-3175
-3675
-5400
-4850
-5525
-2350
-6900
-6275
-6425
-6800
-8525
-9450
-7825
-10675
-12025
-13625
-11125
-13725
-12900
-16225
-13900
-13250
-16375
-14925
-15725
-11700
-14050
-15225
-13075
-10075
-10875
-11525
-9750
-7700
-6550
-9625
-5800
-4550
-2700
-5675
-6375
-1075
-3975
-2900
-4525
-1075
-3775
-4875
-4325
-4100
-4450
-7375
-7075
-7050
-6200
-11150
-9200
-9925
-10150
-11275
-13825
-11575
-13975
-13800
-16000
-15375
-14375
-15325
-16700
-17675
-15225
-16875
-17800
-17425
-15350
-17175
-16975
-17200
-16425
-15875
-18600
-16800
-17850
-17075
-19200
-19375
-19650
-19850
-21600
-23075
-22325
-24675
-23825
-28550
-25700
-28875
-29450
-28675
-31050
-30325
-32700
-30725
-32200
-30250
-33875
-30500
-29700
-30425
-30175
-28600
-23175
-28200
-25025
-22725
-18625
-22675
-18450
-13625
-16675
-15075
-12550
-7900
-12150
-7675
-7850
-5400
-7150
-6025

