
Curva de Excitacao - Bobina Girante (Dados Brutos)

Arquivo..............: C:\Arq\Wiggler\Medidas Wiggler - Corretoras\Bobina Tungstenio\Gap52\Map2\Translado52_X=18_#039.dat
Data.................: 10/02/2005
Hora.................: 10:19:37
Ganho................: 20
N. de Coletas........: 1
N. de Voltas.........: 10
Intervalo de Análise.: 4 - 8

-11750
-12225
-9175
-10175
-12550
-11300
-13075
-11050
-7450
-5200
-5750
-7650
-7200
-2950
-6350
-5725
-5425
925
-1200
-1725
1675
2525
0
-1950
-4100
-4150
4975
2450
4800
-3225
-2600
-6200
-10425
-6375
-6575
-2050
-4025
-4150
-13575
-8000
-9850
-7025
-12825
-3200
-4525
-1150
3750
-2800
-325
-3725
3325
-3850
7050
5550
10050
3700
1425
-800
-1000
2100
-2500
1600
-8000
-7925
-19200
-11450
-16075
-17350
-23375
-29225
-32525
-38375
-40550
-44000
-37775
-46275
-47650
-55700
-54250
-57750
-54375
-57000
-62600
-53500
-51200
-51275
-53275
-43525
-47625
-46600
-42375
-35075
-33000
-26125
-22025
-26825
-23425
-20575
-16650
-15500
-9025
-13025
-13475
-2040
-10150
-13375
-8675
-7950
-12500
-12725
-12875
-12675
-14825
-10650
-12550
-13100
-16100
-12625
-15100
-14075
-15075
-15250
-13975
-14600
-14300
-12825
-10800
-15625

-12550
-14300
-11400
-12050
-10650
-6725
-11650
-10150
-10400
-6600
-8250
-4650
-6200
-2800
-6700
-3850
-525
-3425
675
-3825
1500
-2050
2425
1925
1550
-525
250
-2500
-3525
2175
-1950
775
-7375
-2625
-11225
-7225
-6000
-8000
-5775
-6525
-8025
-11000
-3350
-6375
-5125
-4225
-225
-4625
2525
4875
2550
2175
3050
2800
1775
6375
5750
4600
325
-150
-5250
-1875
-6125
-5575
-10825
-15675
-18950
-22550
-22825
-27025
-27750
-34625
-38975
-46400
-43750
-49300
-45225
-50500
-55800
-55875
-57125
-57300
-57875
-50075
-56750
-54100
-52900
-45375
-48575
-39450
-36125
-38925
-34225
-31700
-23850
-25050
-15900
-20575
-17825
-16725
-12175
-15525
-9275
-7775
-14075
-10300
-12325
-9400
-14600
-7125
-10975
-13775
-14600
-11700
-13100
-14025
-12900
-15575
-11675
-17325
-12450
-15175
-12250
-14425
-14850
-13650
-14175
-12075

-12750
-10600
-14100
-10150
-12350
-9100
-9150
-8725
-6250
-10025
-6500
-8750
-4475
-4075
-2625
-3675
-2400
-3200
-775
875
-275
1775
100
-1125
-1600
3750
3200
-1375
-650
-1075
-5275
-2775
-2600
-2500
-6600
-5250
-8950
-10450
-5650
-6625
-7250
-7575
-4475
-9425
-3150
-1525
-200
-3625
3375
150
-300
5850
5875
6000
1500
6650
-175
4250
1025
2800
-1325
-4375
-6175
-9650
-9625
-15225
-12450
-22725
-24575
-31650
-28250
-34225
-36200
-38825
-46825
-47450
-51825
-50950
-53975
-51050
-57450
-57425
-58325
-54625
-54825
-50850
-48000
-51400
-44975
-44300
-38025
-36600
-27875
-30125
-27875
-22975
-22000
-19175
-15750
-10300
-16825
-12700
-10475
-11375
-12650
-7875
-8275
-13350
-12300
-11075
-10175
-12950
-11525
-13150
-13450
-13450
-14800
-13450
-12550
-13650
-15025
-15225
-14075
-12750
-13500
-13775
-12525
-13250

-12325
-13700
-9900
-8875
-12400
-9275
-10425
-8025
-9000
-5700
-5600
-7350
-6425
-3750
-2700
-4000
150
-1375
325
-4675
200
3450
1925
2050
-1350
3450
-1475
-625
125
600
-2175
-1875
-5800
-7125
-3000
-5850
-4575
-11175
-5100
-10525
-6425
-5500
-5200
-3900
-5225
-3325
-6125
2400
2175
3500
1875
5375
475
4450
6800
5425
4550
1125
3900
-2150
-225
-1750
-3425
-7925
-12900
-15725
-16175
-20275
-22800
-25400
-31425
-35150
-39450
-40025
-42650
-45075
-49525
-54100
-55075
-54150
-55550
-53400
-54650
-56950
-55800
-54450
-51375
-45750
-40575
-42075
-41200
-36650
-31325
-32075
-23925
-20400
-21450
-20725
-17000
-13675
-13875
-9275
-10850
-11675
-12575
-8825
-12575
-9850
-8850
-11450
-11050
-13675
-10725
-14575
-9775
-13450
-14525
-15400
-12025
-13575
-14700
-12475
-13975
-12925
-17050
-11475
-12750
-11400

-12950
-11775
-11375
-12625
-10675
-8975
-6600
-11475
-6425
-8475
-5100
-7450
-3750
-2100
-5375
-3725
-3550
850
-875
200
75
1300
-1375
1275
2600
1400
3150
-1675
-775
-3925
-575
775
-3450
-4575
-4975
-7875
-7100
-6725
-5850
-6325
-6825
-8225
-7550
-3025
-2900
-3075
-1750
500
-2775
3025
5150
5625
3075
5375
3850
1725
5300
5000
5075
-900
-50
-6050
-4050
-7900
-8750
-12525
-17300
-21600
-25625
-25650
-31225
-29375
-38550
-41625
-47825
-45400
-48775
-50250
-51500
-56175
-55750
-58900
-53875
-55250
-50150
-53225
-51425
-47875
-44775
-42900
-36975
-30375
-34975
-30750
-27175
-21025
-22200
-14900
-14900
-15750
-13400
-13250
-9850
-11250
-7500
-11900
-9575
-11475
-11225
-10750
-8050
-11475
-14350
-10775
-13025
-13250
-15225
-9825
-13375
-14975
-13850
-12600
-13200
-13800
-11800
-13525
-12425
-13800

-10500
-10350
-10425
-10925
-11175
-9075
-9500
-7225
-6600
-7100
-5800
-6300
-5225
-3800
-2625
-2175
-2050
-1825
25
-325
350
3425
800
2950
-1050
1475
3150
-450
1325
-1125
-500
-5425
-3000
-3250
-3225
-6850
-5150
-9175
-8625
-4900
-7075
-5325
-7150
-1600
-7500
-1875
-1400
1125
1950
2500
3300
1225
7225
5100
5500
3775
6425
1525
2475
2125
400
-1950
-6500
-6750
-13075
-12525
-15625
-17900
-22925
-29050
-32025
-32325
-36700
-40525
-40725
-47875
-49800
-53825
-52200
-54225
-53075
-54175
-57400
-56075
-54500
-51425
-48300
-44500
-46125
-43675
-38700
-35025
-31675
-27100
-23825
-24550
-21275
-18150
-16675
-11875
-11175
-12825
-11750
-10175
-11475
-9775
-7925
-9800
-11950
-11275
-9175
-13475
-11200
-10825
-11400
-14000
-13925
-12850
-13525
-11850
-13850
-12975
-14800
-11925
-14375
-12300
-11300
-12275

-10850
-13375
-9775
-11500
-8550
-10025
-7825
-8775
-8400
-6200
-5125
-3725
-7400
-1650
-4900
-1550
-2400
825
950
-1375
800
-175
3375
1200
3000
750
3275
-2600
550
1100
-525
-1075
-5275
-2500
-7525
-3875
-5650
-6950
-6875
-6150
-8300
-7175
-4525
-3875
-3000
-2450
-2275
-1275
4075
3200
2875
4700
5525
2300
4825
7000
6150
2850
3875
250
-2475
-2075
-3400
-5225
-11600
-13850
-17200
-19700
-23750
-24325
-28900
-33775
-39875
-41075
-42350
-46950
-45625
-52375
-52800
-55850
-54125
-57075
-54050
-52825
-53750
-53375
-52100
-44950
-45300
-37850
-38625
-35750
-33175
-28175
-25875
-20950
-17500
-19450
-16475
-14550
-11675
-13350
-7325
-10175
-10775
-10100
-10000
-8950
-11075
-7800
-12525
-11475
-12500
-11200
-13625
-9900
-12575
-14950
-12375
-13800
-12375
-15675
-10750
-12600
-14075
-13475
-10825
-11600

-12000
-10475
-11250
-9875
-12250
-6375
-8650
-8125
-7375
-6850
-5225
-7500
-3750
-2125
-2450
-3875
-1175
-1025
50
725
1425
2950
-75
1375
600
3225
3100
-100
1650
-2125
-1500
-1375
-2675
-2825
-4400
-5125
-8050
-6850
-5475
-4600
-7525
-5075
-7050
-5250
-2225
-1875
200
50
3450
-875
4250
6350
5600
4750
6075
4975
2475
5225
3675
3000
-1450
-1800
-6100
-6825
-10325
-12350
-13750
-21225
-24250
-28800
-28575
-33500
-33100
-40100
-46150
-47775
-47850
-49700
-52750
-51325
-56250
-56700
-57475
-53150
-53625
-48950
-48400
-48850
-45850
-42400
-36875
-33600
-28500
-30600
-26275
-21575
-20725
-17875
-13925
-11375
-15875
-12525
-10075
-9550
-9825
-8300
-8475
-11725
-10175
-11450
-8850
-10825
-11000
-13275
-12225
-11075
-14675
-12300
-11825
-11775
-15975
-13725
-12400
-11650
-12875
-12075
-11150
-14050

