
Curva de Excitacao - Bobina Girante (Dados Brutos)

Arquivo..............: C:\Arq\Wiggler\Medidas Wiggler - Corretoras\Bobina Tungstenio\Gap52\Map2\Translado52_X=20_#041.dat
Data.................: 10/02/2005
Hora.................: 10:22:41
Ganho................: 20
N. de Coletas........: 1
N. de Voltas.........: 10
Intervalo de Análise.: 4 - 8

-10750
-16000
-10000
-8625
-8800
-7450
-8325
-7275
-10475
-6500
-6075
-1800
-6925
-1375
-5800
-3600
-925
-1725
1950
-3575
75
-3775
3425
-700
600
-1375
-825
-7575
-6700
-400
-5475
-1750
-9225
-6300
-15875
-7775
-8250
-9525
-6800
-4800
-8325
-8825
-850
-4250
275
300
3900
1250
11075
9400
8875
10750
11675
8350
9475
14800
12650
11300
7675
7950
450
3850
1750
1975
-5900
-10425
-14025
-17700
-20675
-21675
-22200
-34475
-36875
-43800
-44800
-51625
-43825
-51150
-58800
-60925
-61450
-64500
-63575
-57550
-65625
-61525
-63425
-57350
-58925
-44825
-47250
-50550
-42200
-40950
-36925
-30525
-18450
-27675
-23625
-21650
-17750
-19775
-8125
-8350
-16175
-10225
-13075
-10975
-13100
-3500
-10875
-12000
-12625
-11875
-12500
-9150
-9450
-15350
-10225
-15425
-11875
-15300
-7950
-11425
-14100
-12775
-11900
-10150

-12125
-8550
-10875
-9375
-13750
-6850
-7750
-6150
-5175
-7575
-5450
-8900
-2975
-2475
-1675
-2650
-1600
-3800
-1175
-475
750
1775
-450
-1775
-3700
700
-1125
-2950
-1650
-5575
-9700
-4250
-6525
-6625
-8725
-5850
-12200
-13275
-5750
-6700
-5625
-4150
-2550
-7300
1225
1550
4075
4425
10550
4425
7025
13400
10950
13925
11050
13875
5950
11950
9400
10000
5075
3975
-475
-4875
-4775
-8275
-7600
-18725
-19075
-27325
-28250
-32075
-30975
-37850
-47550
-47300
-53200
-55675
-56950
-50775
-61850
-63100
-66375
-64950
-63500
-56800
-55825
-61000
-53775
-56175
-52250
-45600
-33450
-38675
-36950
-31450
-30300
-26050
-18475
-13350
-20300
-14675
-14425
-15050
-12750
-5300
-8925
-12100
-10575
-12450
-10625
-8800
-8600
-11925
-10700
-11725
-14450
-12000
-8075
-11850
-13750
-12475
-12675
-12325
-11100
-10650
-10875
-12350

-11425
-11550
-9350
-7625
-9200
-7250
-9800
-7950
-6900
-5450
-4250
-4100
-4675
-5625
-3025
-1700
450
-2275
2200
-3300
-1575
700
575
2625
-2125
650
-4750
-2275
-3225
-3200
-4075
-3700
-10375
-10550
-4575
-9400
-6900
-9675
-5750
-12600
-5125
-4125
-3900
450
1475
450
-1275
8300
6675
10100
10675
11075
8450
13075
12425
11325
14125
11100
8275
3925
7550
5025
1600
-1175
-5300
-10975
-13325
-15225
-16175
-22600
-29300
-30875
-38100
-41725
-42575
-43375
-50325
-55675
-56900
-60825
-63425
-56250
-59275
-65175
-63825
-63100
-63175
-56625
-48575
-51325
-51125
-46575
-42625
-42425
-29800
-26850
-27875
-26075
-23925
-20550
-17825
-9600
-13050
-13075
-13325
-11125
-13100
-7325
-7875
-10875
-9675
-12425
-11425
-12675
-6325
-11800
-12100
-13125
-11900
-13000
-10650
-10350
-13775
-10025
-14500
-10925
-13200
-7675

-9800
-11450
-10500
-9700
-8275
-9300
-5150
-7750
-5575
-9925
-3000
-4600
-3850
-1550
-2750
-1850
-5350
475
-50
850
-875
1800
-1950
-125
-425
-875
1575
-3150
-4450
-7275
-2400
-4825
-7775
-5600
-8000
-12350
-8325
-7350
-7400
-6125
-3650
-7175
-6775
25
850
1900
4675
7125
4150
9150
9750
11950
12050
14750
9800
10825
13500
10275
10975
7625
7475
-125
1375
-1275
-3075
-9075
-10925
-15475
-22275
-23350
-27250
-26425
-37175
-39750
-45950
-47950
-51150
-49475
-53350
-61375
-60575
-63925
-63550
-64700
-55725
-60150
-61075
-58500
-57025
-53300
-45825
-40075
-44275
-38575
-36275
-31025
-28725
-19175
-20725
-20050
-16375
-17475
-14425
-10850
-7625
-12525
-9950
-11000
-11225
-11300
-7225
-8125
-12075
-10525
-13525
-10250
-11175
-9725
-13000
-10675
-11450
-14675
-12100
-8600
-10225
-13575
-10350
-11375

-10975
-10325
-7500
-7775
-11450
-8450
-7775
-6825
-6725
-5500
-2800
-6250
-5775
-2875
-1800
-1725
-475
-1000
-1725
-700
675
2200
-1150
2500
-2400
-2100
-725
-2375
-1400
-3550
-2700
-9225
-6550
-7250
-6625
-8575
-5225
-10950
-10425
-3475
-6600
-2875
-3525
2550
-4650
2400
3875
6725
8475
9650
9800
8025
15075
11200
13175
13600
14000
7575
9725
9250
6550
4200
2075
-575
-8650
-7850
-10625
-13325
-19475
-23375
-28250
-32775
-35750
-36750
-41850
-49125
-49025
-54975
-58050
-59400
-54950
-60225
-65225
-61700
-64225
-62725
-56550
-52550
-56250
-53375
-49150
-47550
-40925
-33675
-32350
-31200
-27000
-26800
-24925
-13975
-13375
-15850
-14850
-10800
-13875
-11475
-5950
-7575
-11350
-11375
-8225
-12175
-9350
-9325
-9400
-10425
-13300
-12825
-11850
-7950
-12125
-11975
-12425
-10125
-14025
-11025
-8475
-10575

-9525
-12175
-7900
-10750
-7050
-6875
-6650
-8175
-7150
-5025
-5175
-2725
-4250
-800
-6000
-875
-900
-125
1700
75
1275
-2025
1600
100
450
-100
1225
-5150
-2700
-3725
-4625
-2800
-7000
-7050
-10750
-5725
-8025
-9825
-5200
-5300
-7750
-5750
-1425
-875
1225
3450
2950
3850
9025
10125
10250
12300
12800
11425
11175
12850
13875
10975
11575
7050
5175
4675
1275
900
-4575
-6775
-13625
-16500
-19775
-20550
-27350
-29950
-34600
-41175
-45150
-47325
-44675
-55100
-56025
-57825
-60650
-64700
-58875
-58875
-63300
-60900
-61150
-58125
-56575
-44775
-48675
-45875
-41650
-38725
-36625
-28050
-21300
-26250
-21525
-18700
-17525
-17225
-8550
-9950
-12175
-9625
-10825
-9475
-10525
-6200
-9775
-10000
-11650
-11150
-12075
-7525
-10225
-13125
-9650
-12650
-11625
-13350
-9500
-10500
-11025
-11600
-12000
-9550

-9275
-8575
-10725
-6950
-10025
-7050
-7975
-5200
-4700
-6475
-4400
-5425
-3275
-2925
75
-200
-1625
-2250
550
750
50
2675
1225
-450
-1850
600
1450
-2725
725
-5975
-5725
-4225
-6050
-7300
-6200
-6275
-11125
-8000
-6575
-5325
-6350
-1150
-4250
-3775
1825
3200
4275
5900
10575
6500
9850
12025
13975
13450
12875
14225
10100
11550
9100
10700
7000
4650
125
-1325
-4950
-7575
-8575
-14725
-18650
-26625
-26675
-29750
-32475
-39325
-44075
-45500
-51950
-54975
-53975
-55300
-61400
-60475
-63025
-64725
-62925
-55650
-57675
-58825
-53400
-53725
-50525
-43425
-35100
-38650
-34975
-29400
-29400
-24275
-17900
-15925
-18700
-14200
-13525
-13950
-9650
-7450
-8750
-11300
-9150
-11125
-9600
-8450
-8075
-10900
-11175
-9675
-13325
-10425
-10500
-9800
-12250
-11950
-12675
-10375
-9650
-11925
-9375
-11025

-9575
-12825
-8000
-6900
-9025
-6950
-8275
-5725
-7525
-4075
-3775
-2525
-5525
-2625
-1300
-1825
275
-400
3825
-3625
800
1275
1500
1050
875
1000
-3050
-1650
-2750
-3400
-4975
-1500
-8775
-7925
-6100
-7600
-7050
-8700
-6675
-9525
-4300
-4200
-3275
575
2175
1625
1375
8525
8225
9450
10500
12175
11275
12900
12650
12900
13975
10950
10725
6800
7100
4475
2000
600
-5925
-8175
-11350
-14575
-17875
-23050
-27250
-30325
-35375
-41025
-41725
-45875
-48950
-53900
-56200
-61050
-59775
-55975
-62225
-63075
-62325
-59900
-63125
-54525
-51675
-51700
-48825
-45075
-41975
-40050
-29075
-29250
-26925
-25175
-21425
-19925
-14150
-11675
-14125
-10800
-11650
-9975
-12350
-5775
-8800
-10575
-9775
-9175
-10625
-11175
-7975
-10300
-11775
-13375
-10400
-11475
-9750
-11500
-11900
-9600
-13300
-11100
-10900
-8600

