
Curva de Excitacao - Bobina Girante (Dados Brutos)

Arquivo..............: C:\Arq\Wiggler\Medidas Wiggler - Corretoras\Bobina Tungstenio\Gap52\Map2\Translado52_X=-5_#016.dat
Data.................: 10/02/2005
Hora.................: 09:30:51
Ganho................: 20
N. de Coletas........: 1
N. de Voltas.........: 10
Intervalo de Análise.: 4 - 8

-8775
-900
-5000
-5250
-5550
-3775
-5150
-9625
-6275
-9000
-6575
-11150
-8325
-11575
-14875
-14850
-16700
-13850
-15025
-16225
-15650
-15300
-20500
-17575
-18300
-17350
-14300
-18150
-13525
-15200
-15150
-13375
-15800
-10300
-11350
-10375
-10075
-4300
-6975
-8900
-8925
-5425
-6525
-6600
-4750
-5150
-3075
-7950
-5475
-8525
-7400
-8650
-11100
-6525
-8275
-10450
-12600
-10775
-13500
-13400
-15250
-11725
-13975
-17900
-16400
-17025
-14425
-18750
-16825
-18200
-18075
-18100
-18150
-18125
-18050
-19100
-18925
-18725
-19700
-18050
-18850
-18500
-20000
-21325
-19600
-24575
-22250
-22775
-24850
-25975
-24550
-26125
-29875
-30450
-32550
-29700
-32075
-31475
-35450
-32875
-34275
-37075
-32125
-33650
-34275
-35650
-29625
-34275
-31775
-28025
-26475
-29450
-26150
-20625
-25600
-20375
-20200
-15050
-17300
-13700
-12225
-10375
-8125
-11950
-7500
-4075
-4725
-9050

-2450
-2475
-5425
-5625
-3675
-2625
-8300
-5175
-5900
-7925
-9850
-9275
-10300
-10200
-13150
-12975
-12400
-16400
-15025
-18000
-16025
-15050
-16925
-16525
-17225
-14975
-17325
-17600
-16100
-13450
-13125
-13925
-13025
-10375
-8575
-13375
-9050
-7550
-4675
-8450
-7050
-2825
-7700
-5125
-6600
-3750
-6050
-7125
-6950
-4100
-7175
-8650
-9200
-8275
-9175
-12900
-9525
-10275
-11625
-14500
-14625
-13650
-15300
-14275
-15200
-16800
-17100
-17250
-17025
-17650
-16925
-17550
-18375
-19450
-16800
-19200
-18325
-17975
-18200
-18550
-20775
-17600
-19975
-19625
-21600
-22650
-22200
-22100
-24700
-26450
-24850
-27800
-26900
-30875
-29025
-32000
-30850
-34025
-33325
-31375
-35625
-34300
-33200
-32950
-37750
-30175
-30425
-32950
-33650
-26475
-26875
-30450
-24400
-23225
-21750
-22175
-17725
-16650
-15275
-14400
-12825
-9400
-10400
-9125
-8125
-3550
-6500
-6575

-2075
-3775
-4575
-5200
-2925
-5450
-5125
-6175
-5525
-7275
-9025
-8050
-10850
-10250
-13200
-12550
-14575
-13675
-14825
-18150
-15450
-15550
-16450
-19500
-14925
-15025
-16375
-18525
-14450
-12600
-15150
-12525
-13600
-8300
-11200
-10225
-8625
-7600
-6600
-8550
-5875
-4225
-5025
-6925
-4525
-5250
-4500
-6175
-5600
-4050
-8925
-8475
-7875
-6800
-8225
-11100
-9825
-12250
-10925
-13250
-12825
-13900
-13500
-15325
-16825
-15175
-15975
-14675
-18350
-16175
-17900
-17175
-18950
-16800
-16500
-19600
-17275
-18300
-16875
-20250
-17550
-18625
-19050
-20700
-19550
-21600
-23025
-20375
-25650
-24150
-26475
-25300
-28300
-30400
-30175
-29675
-30700
-33200
-32775
-33250
-34650
-34800
-30875
-34625
-35175
-30500
-30850
-33250
-32350
-25075
-28025
-28850
-24575
-22025
-22050
-21125
-18925
-17175
-13200
-15100
-11850
-9825
-8700
-9800
-7375
-3425
-5250
-5425

-4425
-3000
-5275
-3450
-4400
-2700
-4575
-6825
-5625
-7700
-5825
-11475
-8725
-10275
-12300
-14125
-13025
-12550
-16325
-16550
-15625
-13775
-18450
-16850
-16725
-14575
-15425
-17525
-13625
-13800
-12300
-14650
-12175
-9525
-9650
-11000
-8500
-6600
-6775
-6850
-7125
-3950
-6400
-4700
-5125
-5175
-3375
-8250
-5600
-4625
-5275
-8350
-9550
-6800
-8425
-11025
-11675
-8150
-11675
-12825
-16525
-11525
-12775
-15550
-15350
-16550
-14350
-19275
-16050
-16925
-16075
-18275
-17650
-16600
-18850
-18075
-17425
-15975
-20375
-17150
-19050
-18175
-19575
-19100
-18800
-23150
-20525
-21975
-23775
-25950
-24300
-26550
-26375
-30100
-29100
-28725
-32925
-32750
-33350
-30150
-35700
-34875
-31375
-34575
-34200
-31925
-29850
-33475
-29825
-29150
-26825
-26950
-24675
-22375
-21625
-19150
-20625
-14100
-14850
-14175
-14550
-7175
-8075
-10875
-6000
-3750
-4125
-8350

-1850
-3075
-3600
-5050
-2875
-2675
-6775
-5050
-5300
-5675
-9325
-8525
-9250
-9525
-12500
-13275
-11675
-14150
-14550
-16800
-14675
-16250
-17050
-16425
-17200
-14100
-15925
-16025
-15300
-12275
-12900
-12775
-13350
-9075
-7800
-11525
-7325
-7650
-5675
-8375
-5225
-3000
-5550
-5425
-5700
-2300
-5350
-5925
-6500
-3625
-7150
-9000
-6600
-6275
-7125
-12975
-9500
-10975
-10000
-13200
-12900
-12075
-15100
-14625
-16300
-14050
-15850
-15450
-18050
-16150
-17075
-15925
-17425
-17750
-16075
-19300
-17100
-19100
-16925
-17625
-18525
-18525
-19300
-18225
-20725
-21050
-21975
-21025
-24625
-23450
-25100
-26125
-26950
-30850
-27250
-31000
-30925
-33400
-31375
-32775
-35200
-32775
-31475
-32400
-36625
-29875
-32450
-30750
-31550
-27000
-27000
-27950
-23800
-23600
-19475
-21850
-17975
-15350
-13400
-15650
-11150
-7525
-10250
-8475
-6500
-2275
-7350
-4050

-2625
-3500
-3625
-3100
-2150
-4400
-4725
-6475
-3975
-7875
-6025
-8400
-10225
-9575
-12475
-11175
-13825
-12475
-14625
-16800
-16025
-13275
-15800
-17125
-15225
-14925
-14625
-18225
-12575
-12725
-12925
-11825
-12475
-7225
-11600
-9375
-8375
-6125
-5725
-6350
-5825
-4225
-3600
-5625
-3850
-4550
-2675
-7350
-4450
-3600
-5925
-6400
-9575
-6425
-8900
-8800
-10000
-9175
-10375
-13325
-13900
-12775
-12050
-14250
-14900
-16475
-14900
-16225
-16200
-15825
-16050
-16375
-18650
-16600
-16175
-17750
-17025
-16250
-16500
-18500
-17900
-18200
-17750
-20300
-18050
-21250
-21275
-20775
-22600
-23675
-26050
-24300
-27450
-29350
-29175
-27475
-32600
-31875
-31050
-32450
-33100
-34200
-30175
-34550
-32850
-31575
-30925
-30900
-28950
-27750
-27250
-25200
-26000
-20650
-20675
-19150
-20450
-14425
-12675
-15200
-11075
-8800
-7825
-9775
-4925
-4875
-3800
-4350

-3600
-1775
-3725
-2075
-6100
-1850
-3800
-5125
-5625
-5025
-5950
-10550
-8000
-9425
-11150
-14275
-11575
-13375
-14425
-14775
-14825
-13425
-17500
-15200
-17225
-13725
-14350
-16600
-12825
-12550
-11875
-13650
-10600
-9450
-7225
-10250
-7250
-6800
-5975
-5025
-6650
-3475
-4550
-3400
-5025
-3125
-3550
-5400
-4950
-5350
-5700
-6400
-6700
-7975
-6925
-10000
-10600
-9450
-9700
-11225
-15075
-11450
-13075
-15125
-15300
-13950
-13225
-16850
-16125
-16775
-15275
-17750
-15525
-16400
-17850
-16975
-16025
-16275
-18950
-15550
-19075
-17450
-19675
-17200
-18575
-21225
-20475
-21775
-21725
-25300
-24025
-25325
-25700
-30575
-26550
-28475
-32275
-31225
-31625
-30725
-35000
-31525
-32400
-34100
-32525
-30225
-31125
-30925
-28750
-28925
-25325
-26625
-23900
-22600
-18350
-19875
-20250
-12925
-13500
-13775
-12625
-5800
-8850
-7550
-5775
-3425
-4500
-5375

-1025
-2750
-1700
-4800
-2375
-2325
-4300
-5500
-4575
-4275
-8175
-8400
-9075
-7575
-13400
-11100
-11200
-12800
-14225
-16700
-12600
-14900
-15375
-16225
-14525
-14675
-14200
-15375
-15025
-10950
-13050
-11625
-12325
-6275
-9450
-10075
-7050
-6675
-3800
-7400
-4700
-3300
-3675
-4875
-4350
-2475
-4750
-4400
-5525
-2550
-6825
-6650
-7650
-6475
-6025
-11075
-8200
-9725
-8650
-13825
-12275
-11650
-12450
-13875
-14925
-14000
-14700
-14650
-17250
-14250
-17025
-15050
-17425
-16725
-15225
-17625
-14800
-18300
-15975
-17100
-17350
-18125
-17575
-17675
-19825
-20050
-21600
-19375
-23650
-23050
-25250
-24200
-26350
-29150
-26850
-30300
-30275
-31725
-30125
-32450
-32075
-33125
-31175
-32600
-33700
-29675
-30825
-29375
-31850
-26875
-25350
-26200
-25550
-20350
-18175
-21700
-18200
-13750
-12075
-15925
-9700
-6975
-9100
-8375
-5525
-1525
-6075
-3450

