
Curva de Excitacao - Bobina Girante (Dados Brutos)

Arquivo..............: C:\Arq\Wiggler\Medidas Wiggler - Corretoras\Bobina Tungstenio\Gap52\Map2\Translado52_X=-8_#013.dat
Data.................: 10/02/2005
Hora.................: 09:25:32
Ganho................: 20
N. de Coletas........: 1
N. de Voltas.........: 10
Intervalo de Análise.: 4 - 8

1600
1425
2950
-1275
2250
1925
350
-2125
-2425
-2400
-4975
-4600
-9125
-5550
-10175
-11350
-12600
-13800
-14225
-18500
-16400
-16075
-16425
-19950
-17950
-18550
-19450
-20800
-18050
-16225
-18300
-15875
-17950
-13950
-14400
-14950
-12600
-12100
-9375
-13275
-9450
-8525
-8325
-9050
-8450
-8050
-7200
-6800
-9200
-6250
-7650
-7000
-12000
-8675
-7700
-12125
-9950
-10425
-10225
-14375
-14525
-14425
-11575
-14050
-15100
-15350
-16675
-15675
-18525
-14925
-16775
-16525
-19525
-17425
-17700
-19825
-17625
-19325
-19750
-22050
-19600
-21475
-22275
-22825
-23325
-26650
-26100
-24400
-29600
-29475
-30350
-31275
-32825
-32525
-33025
-36075
-33025
-37850
-37575
-35150
-33700
-39875
-33775
-32475
-38200
-34125
-30425
-29600
-34525
-24350
-25850
-27675
-23725
-18425
-20225
-17825
-11875
-14125
-11425
-9950
-6625
-7175
-775
-2950
-5000
975
725
-50

300
5500
1075
900
200
2600
25
-1650
250
-3350
-3175
-8025
-5825
-7050
-9375
-11850
-12025
-12500
-15850
-15975
-16600
-15625
-19400
-18775
-18350
-16575
-17900
-20775
-17000
-18600
-16300
-16950
-16650
-13775
-12950
-14250
-14375
-11150
-10025
-10325
-10675
-6750
-9275
-8200
-7550
-8575
-5000
-8700
-7350
-8475
-7325
-8600
-9100
-7875
-7100
-11550
-13075
-9825
-10600
-11725
-14025
-11225
-14225
-16025
-15150
-14800
-13375
-16675
-16400
-17200
-16925
-17200
-17375
-16450
-18475
-18950
-19100
-17875
-21000
-18825
-21500
-21150
-22850
-21975
-22625
-26875
-24225
-25950
-28925
-30275
-28075
-31250
-30750
-33400
-35875
-33475
-35025
-34625
-39150
-32075
-37575
-38275
-34050
-32850
-35900
-33800
-27600
-34175
-31475
-27300
-23500
-27825
-21675
-18950
-19250
-17075
-15825
-11850
-10525
-6900
-10825
-3275
-2825
-4950
-2550
3300
3150
-3175

2350
2800
2325
200
3450
2800
-1075
-650
-1600
-1100
-4850
-5100
-6525
-7350
-10425
-10475
-10975
-13300
-13850
-17125
-15525
-16775
-16200
-18925
-19400
-17425
-17750
-18550
-18675
-15850
-16850
-17100
-18450
-13150
-12275
-14550
-12025
-11550
-9125
-12425
-10250
-7625
-6800
-6950
-8950
-6375
-7325
-7925
-9700
-4275
-6800
-8250
-10300
-6975
-8100
-12125
-9250
-9725
-10275
-15050
-13225
-12825
-12125
-12700
-14775
-15900
-15900
-15075
-16725
-15525
-16475
-16425
-18525
-17975
-16575
-18875
-17100
-19700
-19125
-20200
-20425
-21150
-21550
-22225
-24825
-25350
-24675
-24775
-29775
-27425
-30275
-31200
-31175
-33175
-32225
-34450
-32825
-39375
-35700
-33500
-35925
-39000
-31800
-34125
-38650
-31775
-30175
-31100
-31725
-23900
-26625
-26500
-22650
-19075
-17250
-16750
-14325
-14025
-9050
-10675
-8225
-3475
-1850
-3900
-3500
3275
-100
175

3175
4175
550
1175
2500
1875
300
-200
250
-3925
-3025
-6225
-6000
-6950
-9925
-10400
-13075
-10975
-13800
-16225
-17150
-14750
-18500
-19000
-18800
-16725
-15525
-21175
-17575
-18250
-15250
-16300
-16675
-12200
-13600
-14250
-13525
-10275
-10025
-9625
-10350
-8000
-7600
-7775
-6325
-7575
-4300
-8675
-8100
-8075
-6575
-7875
-8825
-6650
-8250
-11300
-11450
-9800
-11025
-10650
-12350
-12800
-13350
-15000
-14225
-14825
-12600
-15775
-16850
-17250
-15300
-16200
-18125
-16025
-18250
-18500
-19300
-17175
-19600
-19125
-21125
-20550
-21975
-22600
-21200
-25825
-24325
-26975
-26925
-28325
-29800
-29900
-29700
-34100
-35550
-32150
-34575
-35575
-36225
-31875
-39000
-37525
-31375
-34750
-34475
-32100
-30225
-33450
-29800
-26600
-24550
-24950
-20150
-19400
-19750
-15650
-16200
-10800
-9200
-7750
-9075
-3600
-2425
-3550
-175
1975
1400
-575

3150
1750
3275
2725
1875
2600
200
425
-2250
-1000
-2425
-5700
-7200
-6575
-8175
-11525
-11350
-12850
-12125
-17700
-14725
-15150
-17025
-17750
-19175
-16450
-18450
-17850
-17350
-15375
-16625
-16825
-16675
-12475
-10975
-14375
-11000
-11375
-9250
-11625
-9600
-6050
-7225
-6125
-8475
-6875
-6675
-5700
-7225
-6100
-6375
-7100
-9025
-9250
-6475
-9025
-9375
-11550
-9675
-11625
-13750
-11250
-11375
-12575
-16400
-13900
-13775
-15000
-16600
-14775
-15000
-17600
-16500
-17650
-15125
-19375
-16750
-18900
-19000
-19325
-19650
-19100
-21275
-21850
-24025
-23350
-25950
-24000
-27475
-28350
-30200
-29800
-28700
-34750
-31850
-32550
-34825
-37700
-34450
-33450
-35700
-34500
-33375
-34900
-36275
-29050
-32675
-31200
-27725
-25125
-27000
-24950
-21025
-20425
-15100
-16150
-15525
-12800
-7275
-9575
-8075
-1400
-2625
-4175
-2575
4000
900
1375

2650
4475
2375
1050
3175
2325
2950
-1900
125
-2100
-2100
-6200
-4225
-5425
-10850
-9925
-12100
-10800
-14325
-14225
-15100
-14600
-17650
-17925
-16025
-17800
-15600
-20650
-16250
-16925
-14250
-15425
-15975
-12075
-13625
-13550
-13550
-8125
-8850
-9050
-10325
-7500
-6625
-7875
-6250
-5625
-3800
-9375
-7250
-5575
-6925
-6750
-7825
-6075
-9125
-10475
-11125
-8450
-8600
-10850
-13150
-11900
-11575
-14550
-13350
-13925
-12750
-16550
-16250
-15700
-16225
-14900
-17150
-15675
-18500
-17425
-17325
-17200
-19125
-17950
-19950
-21100
-19900
-23025
-20700
-24750
-24475
-26400
-26425
-27675
-29175
-27775
-31075
-34450
-33825
-30050
-35350
-34225
-33900
-32725
-37800
-36625
-31325
-34875
-32550
-32025
-31250
-32125
-28225
-26250
-23950
-21825
-23500
-20900
-17100
-14825
-17575
-8375
-6400
-10925
-8825
-2350
-1025
-5100
1400
2850
2125
-1550

4550
4175
3375
3550
1925
3475
-200
550
-175
50
-3425
-4675
-5375
-6625
-8000
-10175
-9200
-13675
-12775
-15800
-14325
-14525
-16750
-16200
-19350
-16450
-16650
-17075
-17375
-14725
-15600
-16975
-15800
-11900
-10625
-13700
-10550
-11775
-8825
-9425
-9400
-5125
-6300
-5775
-9100
-6550
-5125
-6250
-6375
-4050
-6100
-9325
-7950
-7050
-5725
-10650
-8275
-9925
-9800
-11875
-12400
-9900
-12025
-12525
-15400
-13925
-13800
-13625
-15250
-15775
-14675
-16050
-15925
-18000
-15150
-17450
-16725
-19500
-17900
-18075
-20500
-17725
-21450
-21250
-24200
-22300
-24700
-24825
-26875
-28175
-29275
-29375
-28450
-33675
-30950
-33325
-34850
-36525
-33350
-33475
-36675
-33300
-34325
-34325
-35750
-29625
-31225
-28100
-28575
-27575
-24675
-24500
-21125
-20075
-13225
-17400
-16350
-10925
-8050
-10175
-5850
-150
-3800
-2525
-1050
3275
600
2950

3425
3025
2800
2800
4250
2050
3275
-850
200
-2725
-1500
-4100
-5850
-5225
-9875
-8900
-12425
-10175
-12950
-14975
-16200
-14825
-15325
-18275
-16275
-16075
-15775
-20625
-15925
-16100
-14925
-14450
-16100
-11625
-13700
-12650
-13000
-9275
-7400
-9275
-9850
-7625
-6250
-7575
-5225
-6450
-4500
-8500
-6525
-5050
-7150
-4975
-8500
-7025
-9125
-9150
-10375
-8950
-8200
-10625
-13275
-12725
-11000
-13525
-13150
-14600
-12475
-15300
-16200
-14825
-15950
-14475
-17725
-15725
-16775
-18050
-18325
-16250
-18400
-19575
-19850
-19475
-20175
-23425
-20175
-23950
-25875
-25975
-25775
-26975
-29750
-26850
-31750
-33450
-32850
-30675
-34725
-33825
-33625
-36175
-35700
-34925
-32350
-34950
-31200
-32400
-31050
-30650
-28400
-26475
-23325
-21350
-24900
-18750
-16625
-16500
-15800
-7925
-8000
-10525
-6050
-3200
-1525
-3200
1225
1125
2275
1700

