
Curva de Excitacao - Bobina Girante (Dados Brutos)

Arquivo..............: C:\Arq\Wiggler\Medidas Wiggler - Corretoras\Bobina Tungstenio\Gap52\Map2\Translado52_X=8_#029.dat
Data.................: 10/02/2005
Hora.................: 09:59:27
Ganho................: 20
N. de Coletas........: 1
N. de Voltas.........: 10
Intervalo de Análise.: 4 - 8

-15825
-16600
-14725
-16375
-13750
-14325
-17650
-14975
-14550
-12900
-14225
-10825
-12400
-11825
-14500
-11900
-11750
-10550
-5825
-10050
-5775
-7100
-5275
-7000
-5775
-4675
175
-375
600
1675
-75
550
-3300
300
2750
3325
1475
1850
1175
-2750
-4350
-1925
-5625
-2175
-4325
-4825
-3925
-9050
-9475
-10275
-10225
-12700
-8800
-12200
-10250
-14550
-14075
-15875
-17700
-15950
-17950
-16300
-22650
-19875
-26925
-22425
-25350
-23725
-26825
-29800
-29200
-31175
-31225
-34850
-26300
-31025
-29675
-34175
-27100
-29025
-28825
-26775
-27175
-21575
-23375
-19400
-22700
-16025
-19425
-16875
-16100
-13375
-14675
-16350
-12400
-16450
-14850
-16400
-13675
-17300
-16625
-18275
-19200
-19400
-21275
-20050
-21750
-20275
-24725
-21750
-23675
-24350
-24450
-23425
-21375
-24375
-21950
-22300
-21400
-22925
-20225
-21150
-19200
-17975
-19800
-16750
-18000
-16775

-17450
-15775
-15775
-16000
-15475
-13600
-14125
-14750
-13375
-14950
-12150
-13550
-13950
-10125
-11525
-10650
-11450
-8875
-8025
-10075
-7750
-4625
-5250
-5275
-4150
-2950
-950
-3700
-400
525
2125
3625
-975
4450
-425
575
350
825
1325
450
-475
-3225
-2300
-4575
-3100
-7775
-4525
-9525
-6975
-7800
-10000
-7775
-12800
-10275
-14850
-11000
-14600
-13425
-16325
-16075
-20325
-19350
-18000
-20875
-21375
-26450
-22500
-28200
-26300
-28725
-26375
-28750
-32125
-32500
-30850
-30975
-30800
-27575
-31275
-28800
-28425
-25350
-26150
-22975
-20375
-23900
-20050
-17000
-16450
-16600
-14750
-15175
-15825
-15250
-12050
-14250
-15300
-15100
-16725
-15900
-15800
-18575
-17575
-19375
-21375
-20975
-21000
-22200
-22550
-21475
-22975
-24325
-23175
-22300
-23600
-22700
-23225
-21350
-20900
-21775
-20700
-20550
-18025
-19625
-19525
-18250
-15500
-17400

-17125
-15125
-15175
-15325
-17450
-12975
-14075
-14200
-14550
-12325
-11575
-14500
-12375
-11150
-10175
-13000
-9075
-9850
-8325
-9350
-7050
-3375
-7425
-3325
-5475
-900
-1925
-675
-525
450
1025
275
2325
2025
4800
-75
2000
-1975
1525
1200
-500
-1800
-3525
-2475
-6050
-4825
-6275
-5050
-8800
-9050
-11050
-8225
-11150
-11225
-11225
-13275
-15800
-16100
-12225
-16525
-17700
-19000
-19000
-23050
-22400
-22650
-23250
-26200
-27275
-29150
-29400
-29200
-29450
-28950
-32525
-32275
-30925
-28150
-30850
-26050
-27225
-27025
-26850
-22250
-21150
-22775
-17475
-17450
-17625
-18800
-12950
-14150
-13125
-16375
-13900
-13850
-14950
-14750
-16725
-13225
-18125
-18625
-19200
-17675
-21500
-19100
-21150
-22300
-22525
-23425
-19250
-24925
-22150
-23750
-21350
-23725
-24425
-21350
-19725
-20550
-22950
-18350
-19325
-18625
-20975
-15275
-16125
-19175

-16950
-15525
-13575
-16825
-14575
-13375
-13850
-16100
-12575
-12525
-12675
-12725
-12525
-10450
-13500
-9800
-9050
-8625
-8975
-8250
-6900
-6750
-4675
-4325
-3600
-2350
-100
-3025
450
1125
1900
2950
-200
2100
2425
2575
1975
-1050
2325
225
-2550
-2150
-675
-1775
-5775
-6375
-7450
-6325
-7575
-5300
-9700
-9925
-12350
-11475
-11200
-13500
-11525
-15375
-13725
-19825
-16225
-18675
-18200
-20350
-22800
-23925
-25775
-23450
-28150
-26425
-30700
-27650
-32125
-30400
-31250
-29425
-28175
-32550
-28525
-29550
-24700
-28000
-22525
-23675
-22950
-22875
-18100
-16200
-18250
-14675
-17025
-12550
-16050
-13575
-13925
-12125
-14350
-17125
-15175
-14950
-15700
-20075
-15150
-19575
-20350
-20900
-20050
-21300
-23050
-21350
-22750
-23500
-25075
-21225
-21675
-21675
-23625
-20825
-19550
-22800
-19600
-19375
-18100
-20675
-17375
-16650
-16775
-16500

-15950
-14700
-16525
-14725
-15625
-12025
-14525
-13525
-13625
-13325
-11750
-13000
-11600
-11500
-10475
-11050
-10400
-9650
-7400
-6950
-7900
-4575
-5250
-4425
-4475
-825
1400
-3575
575
-450
2525
1800
1775
3250
2500
1450
100
1025
1650
2350
-2975
-1400
-3950
-2575
-3400
-4425
-4925
-9050
-6125
-10000
-8025
-9975
-8025
-11025
-13100
-12775
-12925
-12975
-15400
-13825
-19075
-18225
-21450
-17875
-21975
-22925
-23275
-26625
-28375
-28875
-26650
-28525
-28575
-30625
-30900
-31425
-29125
-30475
-28275
-26450
-29000
-26550
-25025
-21875
-21950
-19625
-18725
-18250
-16750
-16050
-15600
-14225
-12125
-15750
-13300
-13200
-14500
-13500
-14900
-14650
-18000
-16950
-17050
-19025
-20450
-19425
-19875
-22075
-21775
-22775
-20650
-23675
-22900
-23550
-22400
-20525
-23650
-20475
-20850
-19425
-21225
-19275
-19750
-16975
-18775
-17675
-14950
-18000

-15625
-16200
-12575
-14775
-15700
-13325
-13175
-13600
-13725
-10625
-12450
-11975
-14850
-9700
-10350
-9550
-9100
-8900
-6100
-10275
-5750
-5925
-2750
-4175
-3100
-1425
-700
-1175
325
2400
125
2575
-250
4025
3275
2675
2700
50
1750
-1525
1200
-450
-1250
-3450
-4500
-6900
-6575
-4075
-5950
-7950
-10100
-7875
-11850
-10625
-9475
-11375
-14475
-15125
-14775
-15750
-17550
-16825
-17525
-20425
-24250
-23225
-22625
-25550
-25875
-27050
-28550
-30000
-27975
-29550
-30225
-30050
-28825
-30225
-29450
-26950
-25950
-24625
-25750
-23125
-22300
-19000
-19475
-15850
-16275
-17075
-15325
-12850
-12725
-15825
-11175
-13925
-14000
-15600
-13400
-15150
-17125
-16800
-17675
-18875
-20250
-18300
-21425
-19925
-23325
-20950
-21075
-23375
-22775
-21900
-19975
-23175
-22800
-21550
-18475
-21400
-20050
-19175
-16975
-17850
-19500
-15275
-15950
-16325

-17575
-13825
-14450
-14700
-14950
-11575
-12300
-15425
-11700
-13300
-11025
-13975
-10125
-9600
-11425
-10325
-10300
-6725
-8000
-7500
-6600
-4425
-5875
-2575
-2400
-1700
425
-2125
775
150
4825
3675
875
2675
2025
3250
2050
1600
2350
1175
-1700
-2425
-1875
-825
-1625
-6375
-4775
-7425
-7450
-7650
-7725
-7900
-11375
-9300
-12500
-11875
-13025
-11975
-13750
-17250
-17650
-18000
-17775
-20750
-19525
-24000
-23275
-27525
-25025
-26175
-27725
-26700
-31900
-30275
-31600
-27625
-28950
-28300
-29575
-26900
-27100
-25975
-23350
-21825
-19350
-23225
-18125
-17025
-15050
-17050
-13575
-12675
-14725
-14475
-12975
-10925
-15300
-13300
-15950
-14250
-17125
-17375
-15150
-19025
-19425
-20925
-18325
-20925
-22075
-22800
-19150
-23150
-24500
-21425
-20675
-21575
-24050
-19575
-19050
-21150
-21375
-17875
-17000
-19550
-17200
-17025
-15400
-18625

-14275
-14025
-13725
-14900
-14625
-11600
-14275
-12525
-12725
-11975
-12775
-11250
-11550
-10350
-8900
-9750
-8650
-10300
-6200
-7650
-6125
-4700
-4100
-2675
-5175
-675
950
875
-175
2075
2125
1925
2125
3300
5600
1350
2675
-1150
3125
2375
200
-325
-3125
-1725
-5475
-3475
-4800
-4425
-6825
-7350
-9550
-9525
-7325
-10200
-10000
-13925
-11675
-15525
-13525
-14200
-15225
-17550
-20225
-19350
-22650
-21525
-23275
-22125
-27675
-28800
-28375
-26700
-28500
-29400
-28600
-31475
-29800
-30550
-26175
-26325
-25425
-25150
-25975
-22525
-21475
-19000
-18450
-16400
-17400
-15800
-14650
-12750
-12275
-14700
-12275
-13950
-13600
-14475
-14625
-14025
-15900
-16625
-17625
-17625
-20150
-17850
-20625
-20550
-23225
-20550
-20000
-23900
-21500
-22250
-19950
-23700
-21975
-20925
-18975
-20925
-19375
-18400
-18975
-16675
-18725
-15250
-16625
-15650

