
Curva de Excitacao - Bobina Girante (Dados Brutos)

Arquivo..............: C:\Arq\Wiggler\Medidas Wiggler - Corretoras\Bobina Tungstenio\Gap52\Map2\Translado52_X=-2_#019.dat
Data.................: 10/02/2005
Hora.................: 09:36:58
Ganho................: 20
N. de Coletas........: 1
N. de Voltas.........: 10
Intervalo de Análise.: 4 - 8

-11250
-6925
-7700
-11475
-8350
-9550
-10700
-11550
-11025
-10000
-12000
-11500
-12350
-12175
-16800
-15425
-16425
-15075
-13150
-17950
-12575
-14500
-17075
-17175
-16350
-14875
-11750
-12100
-11725
-9875
-12125
-8700
-13850
-6675
-6700
-5725
-5600
-3450
-2650
-6950
-3550
-4675
-3000
-4850
-4725
-4075
-1175
-5200
-7200
-6875
-9150
-8875
-10500
-6475
-7700
-12200
-12800
-13825
-13850
-13850
-14700
-14475
-17225
-18575
-18600
-17750
-17825
-17550
-19000
-20475
-20225
-19100
-19875
-20100
-16925
-19925
-19075
-20675
-18175
-18325
-17975
-18250
-18325
-17825
-20050
-19375
-20750
-17350
-22750
-20750
-21700
-22575
-25225
-26125
-25800
-26675
-26975
-30125
-29100
-30225
-31025
-33800
-29300
-31925
-34675
-30050
-29950
-31700
-33225
-26500
-28800
-29525
-27250
-24325
-24900
-24125
-21175
-19550
-18350
-19425
-16275
-14050
-13175
-15275
-12725
-7400
-11400
-11700

-9125
-7350
-10675
-8725
-8950
-8200
-9625
-10600
-8250
-12700
-9750
-13300
-13025
-12850
-13000
-14350
-15025
-14300
-15800
-16125
-17325
-13050
-15700
-14725
-14850
-13300
-11775
-15225
-11325
-11550
-8350
-10625
-8450
-6300
-6450
-7575
-5650
-3500
-3550
-4725
-4825
-1625
-3725
-2550
-3800
-5375
-2950
-6600
-6875
-3600
-6275
-7225
-10750
-7775
-11350
-10700
-11225
-10800
-12750
-15525
-16500
-15925
-13450
-16400
-16200
-20525
-17300
-19700
-19000
-19425
-17350
-17600
-22050
-18625
-19950
-17425
-20050
-16800
-19350
-18800
-19475
-17650
-16725
-18775
-16875
-21025
-17725
-20400
-20450
-22275
-21275
-22400
-23275
-25225
-25200
-25825
-29400
-28800
-29950
-27075
-32875
-31350
-28875
-34100
-33600
-30200
-28825
-33550
-51000
-28550
-28350
-29250
-26225
-24100
-24125
-21200
-23975
-19125
-18875
-16900
-16750
-13700
-12650
-14800
-11475
-10525
-9175
-12025

-7225
-9700
-8175
-8700
-8900
-7350
-10350
-9125
-11750
-9450
-11425
-12225
-13375
-10700
-13675
-15950
-13450
-14275
-13350
-18150
-13325
-14575
-15875
-15050
-14725
-10900
-13000
-14100
-12750
-8950
-9325
-9725
-8675
-4900
-5075
-8275
-4125
-5775
-2325
-3750
-4075
-1400
-3850
-1800
-5800
-2550
-3425
-3850
-6525
-5625
-6800
-8150
-6650
-8750
-7125
-13325
-11825
-14900
-9975
-13125
-15425
-14625
-16175
-16125
-20850
-14975
-16575
-15750
-21375
-18800
-18900
-19250
-18550
-18575
-16250
-22150
-17850
-19425
-17600
-17850
-17025
-17500
-19375
-17550
-18500
-18200
-19275
-17875
-21200
-20750
-21425
-22450
-21925
-27250
-24100
-26550
-27200
-29325
-28825
-29225
-32575
-30550
-29700
-30975
-34500
-28125
-31725
-31675
-31225
-28425
-26200
-28375
-26500
-27125
-21175
-22950
-22200
-19875
-15550
-18875
-18825
-12450
-13100
-13125
-13500
-6800
-11025
-11350

-9050
-6900
-8500
-9925
-8300
-7925
-8175
-12550
-8225
-9700
-9925
-14200
-12025
-10000
-14525
-13775
-13750
-13125
-16700
-14925
-13975
-13750
-14800
-15700
-13800
-13750
-10325
-14200
-10775
-9725
-9025
-9125
-10900
-4750
-6500
-5275
-5525
-3825
-2575
-3325
-3825
-3550
-125
-3575
-3000
-5325
-2275
-6775
-4775
-3300
-5700
-6800
-11000
-6950
-9850
-10025
-12200
-9700
-12925
-15325
-15575
-14650
-13450
-16625
-15950
-19625
-16750
-19300
-17675
-17950
-18300
-18000
-19800
-18700
-19750
-17600
-17000
-18075
-19200
-17800
-18475
-17975
-16250
-17375
-17925
-20850
-16775
-17900
-21050
-20675
-21375
-21350
-24175
-25250
-25675
-24425
-28825
-28275
-28275
-28975
-30350
-31975
-28525
-33950
-30875
-30575
-29425
-32150
-29725
-28275
-28225
-26950
-28125
-22875
-22975
-21875
-25025
-16850
-16825
-19375
-15300
-13350
-12300
-15975
-10350
-9250
-9825
-11075

-7300
-6900
-9125
-8275
-9575
-6450
-10800
-8350
-9525
-10275
-10500
-12100
-9900
-12925
-13675
-15025
-12800
-14400
-13325
-15525
-15550
-13075
-15575
-13450
-15475
-10550
-11850
-14025
-12100
-9575
-7175
-10025
-7775
-6875
-4325
-7650
-3500
-4625
-1400
-2425
-5200
-1225
-3450
-2475
-5525
-1350
-2200
-4625
-5250
-4675
-5675
-8325
-6775
-7575
-7300
-13000
-11275
-11425
-11600
-12325
-14850
-13975
-16925
-15800
-16450
-17200
-15950
-17325
-18900
-20175
-17925
-17425
-18525
-18600
-16875
-18250
-19025
-18000
-17700
-15250
-18675
-17500
-18000
-16900
-17575
-17725
-17900
-18475
-18850
-21000
-21000
-21775
-21950
-26925
-23450
-25000
-28225
-27775
-29025
-26975
-32200
-29300
-30875
-29575
-33100
-30125
-30275
-29975
-28550
-30150
-25225
-28325
-26275
-24000
-21000
-24225
-21825
-15975
-17775
-18450
-16800
-10750
-14700
-12125
-10900
-9000
-9675
-9650

-7300
-9275
-6225
-9050
-7850
-8325
-7800
-9900
-9225
-8250
-11175
-10800
-13200
-9750
-14025
-13000
-14200
-13400
-12850
-15875
-13350
-13675
-11775
-16600
-14050
-11450
-10625
-14025
-10825
-7475
-10150
-7875
-10400
-3450
-5850
-4325
-4575
-3950
-675
-3850
-3625
-2400
625
-3250
-2975
-3400
-3350
-3625
-4875
-3500
-6550
-5650
-9775
-8975
-7650
-8350
-10375
-12750
-10900
-14100
-14775
-14575
-12250
-14750
-18225
-17150
-16700
-16075
-18875
-16550
-17925
-18350
-19925
-17925
-16825
-19200
-15475
-18250
-16575
-19325
-16200
-16725
-16575
-17175
-16850
-17500
-18900
-16175
-20775
-18875
-22250
-19025
-23325
-25275
-23425
-25650
-27475
-28750
-26400
-28925
-29425
-31250
-29850
-31300
-30550
-29325
-30975
-28275
-31175
-27950
-27475
-26350
-26600
-22425
-21275
-23375
-21900
-17625
-15475
-19225
-13625
-13650
-11625
-13025
-11250
-7900
-8850
-8125

-10000
-6350
-8075
-7900
-9400
-5150
-7325
-10200
-8050
-9425
-8875
-13325
-9625
-10825
-13500
-14125
-12350
-11700
-14775
-13900
-15725
-12050
-15275
-13175
-13175
-11500
-11125
-14575
-8925
-10275
-7225
-8825
-7250
-5350
-5150
-4875
-5550
-2400
-1275
-1675
-3850
-875
-2475
-2025
-2450
-2400
-750
-5225
-4300
-6200
-4400
-5850
-7675
-6425
-8700
-9750
-12625
-9325
-10500
-11575
-15875
-13425
-14375
-16325
-14700
-16950
-14000
-19525
-17275
-18500
-17775
-18350
-17650
-16625
-19250
-17325
-18350
-15550
-18175
-14675
-17775
-16950
-16825
-16675
-15450
-19550
-15675
-18450
-18750
-21100
-19850
-21000
-22700
-24425
-23900
-23800
-28650
-26150
-29425
-28000
-30300
-30250
-28950
-30750
-29950
-31325
-28875
-30300
-29075
-28525
-24425
-27025
-26775
-23800
-21400
-21250
-22275
-16325
-17850
-16625
-16275
-10875
-12125
-12700
-10225
-9150
-7575
-11175

-6675
-6800
-6375
-8750
-6850
-5800
-9125
-8800
-8975
-7275
-11225
-10400
-11700
-9975
-12450
-13025
-11975
-14475
-12500
-15600
-12525
-13250
-12175
-13750
-14325
-10500
-11025
-11600
-10775
-7750
-9000
-7825
-8950
-4350
-2100
-6350
-3350
-3850
-125
-3825
-3025
125
-325
-1150
-4825
-1475
-2650
-2650
-5125
-2650
-5800
-6975
-7575
-6825
-5550
-11550
-10025
-11075
-10950
-14075
-12625
-12400
-14225
-14675
-17475
-15725
-17050
-14825
-17650
-17450
-17675
-16950
-17925
-18875
-16375
-17375
-15175
-19275
-16200
-16250
-16675
-16500
-17125
-15025
-18525
-17425
-17800
-16400
-20725
-18600
-19750
-20775
-21175
-24900
-22000
-26900
-26425
-27625
-26575
-27950
-30075
-29875
-28975
-28850
-32950
-25950
-28875
-28100
-32250
-26750
-24575
-28200
-25375
-22750
-19925
-24575
-20275
-16800
-16575
-17800
-14325
-11125
-13650
-11400
-11400
-7375
-9200
-7875

