
Curva de Excitacao - Bobina Girante (Dados Brutos)

Arquivo..............: C:\Arq\Wiggler\Medidas Wiggler - Corretoras\Bobina Tungstenio\Gap52\Map2\Translado52_X=-1_#020.dat
Data.................: 10/02/2005
Hora.................: 09:38:32
Ganho................: 20
N. de Coletas........: 1
N. de Voltas.........: 10
Intervalo de Análise.: 4 - 8

-12900
-9750
-9225
-11250
-10675
-12150
-10825
-12100
-12075
-13350
-10975
-12150
-13950
-13150
-15650
-15200
-18300
-15025
-13275
-16950
-13525
-12450
-15625
-16875
-16075
-15500
-9900
-11225
-9875
-9350
-10000
-7900
-13700
-5825
-5950
-3275
-5850
-1575
-1950
-6050
-4425
-3325
-3975
-4850
-2450
-4075
-750
-7375
-5675
-8100
-9175
-8425
-10400
-8150
-9525
-10825
-13700
-14700
-14475
-13350
-16950
-16325
-15475
-18375
-19550
-20100
-16425
-19175
-20775
-20950
-20075
-19950
-21800
-20325
-18225
-20475
-19825
-19550
-18400
-18650
-18700
-17800
-18575
-18525
-18050
-19925
-20625
-17000
-20250
-20125
-21400
-20550
-23725
-24975
-26150
-24425
-26450
-28075
-27775
-29000
-29750
-32450
-28600
-32725
-31925
-31800
-28625
-31650
-32150
-27550
-28950
-29000
-27975
-24700
-25875
-23175
-24075
-20425
-19325
-18250
-17275
-17500
-13650
-15925
-14875
-12000
-9875
-12825

-11625
-9575
-10100
-10750
-12975
-7425
-11050
-12225
-11950
-11500
-11075
-14325
-13200
-12850
-12950
-17025
-13625
-14325
-14250
-16575
-16475
-13050
-15450
-13575
-14500
-11575
-11825
-12825
-12375
-10400
-6000
-7900
-8550
-6825
-4550
-6900
-4825
-3750
975
-2975
-4950
-2575
-4400
-1750
-4175
-4425
-3625
-4575
-6625
-5850
-6725
-7200
-10600
-10600
-10225
-10825
-11975
-12475
-12100
-14825
-18475
-15675
-14775
-17300
-18375
-19600
-17575
-20675
-19375
-20800
-18900
-19575
-20300
-20725
-20175
-18475
-19675
-18350
-20050
-17350
-19575
-18175
-18925
-16875
-17025
-20600
-17750
-18725
-19100
-21825
-19075
-22075
-22300
-25525
-23775
-25400
-26625
-26925
-29550
-26325
-31725
-30000
-30075
-30075
-32725
-30400
-29625
-30850
-30700
-30350
-26200
-29175
-27325
-27725
-21975
-22575
-24550
-20525
-18350
-18175
-20550
-14150
-13775
-15150
-15950
-9375
-10225
-14050

-9650
-10025
-8700
-12875
-6225
-8375
-10450
-11925
-11025
-10275
-13050
-12600
-14375
-10900
-14925
-14150
-14100
-15400
-14450
-16875
-13650
-15000
-13100
-14900
-14400
-12050
-10800
-12750
-11500
-8925
-8650
-7950
-10000
-3700
-4500
-5275
-4375
-5100
-950
-2800
-3075
-2100
-2800
-2650
-4450
-4550
-2350
-3350
-7350
-5125
-6850
-8125
-10475
-9100
-7625
-13150
-12400
-14250
-10175
-15650
-14575
-15575
-16075
-17225
-19075
-17300
-19175
-16600
-21025
-19900
-21825
-17600
-20550
-20000
-17175
-20500
-18000
-21150
-16950
-19300
-16650
-19025
-17475
-17725
-17700
-17625
-19125
-16500
-20550
-20000
-22075
-19725
-21900
-25050
-23975
-23825
-25375
-29550
-27925
-28125
-29250
-31925
-28350
-30550
-32775
-29800
-29450
-29550
-32900
-28225
-26675
-27425
-29675
-24700
-21875
-23975
-24150
-20400
-16075
-20925
-17850
-14600
-13650
-16975
-13050
-8725
-12650
-12200

-10850
-8775
-11675
-8550
-10625
-9075
-10150
-11925
-10550
-11800
-9975
-14425
-12825
-13350
-12550
-14925
-14850
-13275
-14750
-14975
-16575
-11975
-14350
-13700
-15200
-11350
-10225
-13650
-9900
-10050
-6500
-8450
-8000
-5650
-4175
-4450
-5300
-3050
-2075
-1100
-5500
-1000
-1550
-2375
-3150
-3850
-2825
-6675
-3425
-5575
-6025
-9000
-8100
-8900
-10950
-10350
-12550
-11550
-14250
-12625
-16450
-15475
-15275
-15650
-18375
-20475
-16025
-19050
-19300
-22025
-16900
-19350
-20825
-19050
-18975
-18900
-19100
-17275
-19875
-17750
-19325
-15900
-18600
-17475
-16750
-19150
-17675
-19100
-18175
-21325
-19975
-20775
-21175
-24200
-24825
-23350
-27475
-26550
-28225
-26125
-31500
-30200
-28625
-30875
-31825
-30750
-28550
-31475
-29550
-29825
-26750
-28500
-27275
-24525
-23475
-21700
-25100
-18300
-19350
-18150
-17800
-14575
-15000
-14425
-12225
-11600
-10275
-12125

-9700
-11625
-6850
-10125
-11400
-9150
-9625
-9475
-12775
-9575
-11225
-12800
-14150
-10875
-13175
-15325
-14000
-14450
-12250
-16425
-13200
-13825
-14375
-14325
-14525
-10050
-10850
-11100
-11575
-8350
-8200
-7200
-8850
-4650
-2575
-6325
-3800
-4550
550
-3350
-3825
-2200
-1700
-1375
-4400
-1600
-3500
-3775
-7275
-5375
-7075
-5175
-7750
-8700
-8075
-12825
-11825
-14425
-10250
-13025
-15375
-16050
-14950
-16350
-18600
-17650
-16700
-17275
-21475
-19000
-19175
-18775
-19825
-18575
-18975
-20225
-17450
-19100
-18250
-17975
-16425
-17700
-17875
-16350
-17650
-18025
-18275
-15825
-19950
-19650
-20425
-19975
-21625
-24975
-21975
-24625
-25750
-28075
-26900
-28625
-29100
-29875
-29775
-29225
-31600
-29525
-31450
-28350
-30025
-29300
-26175
-26175
-27000
-25925
-20450
-23650
-22350
-20550
-16450
-18875
-17475
-14525
-13850
-13300
-13925
-10150
-10600
-10450

-12575
-8300
-8100
-10725
-10475
-8300
-8400
-12825
-9025
-10350
-10250
-13925
-11775
-10975
-14475
-12200
-14925
-12675
-14525
-14000
-15700
-12600
-12400
-14050
-13225
-12450
-9075
-14025
-8575
-9050
-6875
-7300
-8800
-4050
-4350
-1700
-4550
-2700
-2575
-1550
-4375
-1250
325
-1650
-2775
-4850
-2075
-4875
-4450
-5600
-4975
-6000
-10525
-8600
-7250
-10000
-13150
-11725
-11350
-14275
-16025
-13600
-14300
-17000
-17550
-17700
-17225
-18325
-17625
-18725
-19450
-17850
-19650
-18475
-18925
-18650
-17850
-19025
-18200
-16650
-17025
-17425
-16675
-17375
-16175
-19175
-16825
-17200
-18825
-19200
-20475
-19400
-22200
-23325
-23750
-22475
-26575
-26050
-28425
-26225
-27825
-31300
-28400
-30200
-29000
-32400
-28950
-27700
-28975
-30725
-25700
-25925
-28675
-23550
-21625
-21950
-25175
-17575
-17625
-19425
-16350
-13475
-12575
-16100
-12125
-11175
-9225
-12300

-8625
-8400
-9600
-9150
-11100
-6275
-9950
-10150
-11425
-9700
-11050
-11350
-11200
-12850
-12200
-14475
-13150
-15425
-11000
-13850
-14900
-13650
-13125
-12475
-14275
-9475
-10050
-12275
-10500
-7825
-6450
-6875
-5925
-5675
-3250
-4675
-3800
-4275
775
-825
-4025
-725
-1925
-500
-3650
-1800
-2000
-4125
-5800
-5750
-4850
-5775
-7250
-8925
-8725
-11425
-10725
-11400
-12125
-11950
-16025
-14750
-16200
-14375
-16900
-17500
-17225
-17925
-18225
-20125
-17425
-18800
-18450
-20375
-17500
-18450
-17750
-18100
-18000
-16025
-18875
-16000
-17900
-15750
-16950
-16600
-18000
-17275
-17875
-19575
-19375
-20850
-18875
-24875
-22500
-24400
-24450
-26950
-26900
-25975
-29650
-29550
-28975
-28225
-31550
-29350
-29200
-28500
-30900
-27700
-23575
-28050
-26750
-25100
-20275
-24600
-21125
-17450
-17975
-18200
-17400
-12725
-15050
-12100
-12775
-9725
-11225
-9625

-9650
-9525
-6975
-9575
-8975
-9200
-7875
-10925
-9975
-9450
-9750
-11575
-13700
-10900
-12675
-12175
-14850
-12125
-12775
-15100
-13225
-12750
-10775
-14000
-13075
-11625
-8850
-11500
-8900
-7350
-7550
-5175
-9000
-3350
-3000
-2425
-3950
-3400
-125
-2325
-2075
-825
550
-1850
-3100
-2750
-1100
-3100
-4300
-3300
-7475
-4975
-9050
-7050
-8575
-9125
-10600
-12775
-10725
-13350
-12725
-16425
-13200
-16250
-17575
-17950
-14875
-16950
-20025
-17550
-18675
-17075
-20600
-17100
-18700
-18125
-17050
-18575
-16850
-16875
-16000
-17575
-15850
-17025
-14975
-19075
-16975
-15625
-18925
-18000
-20825
-18550
-21575
-22075
-23375
-23925
-25050
-26175
-26150
-28225
-26750
-29750
-27275
-30675
-30625
-29600
-28550
-27825
-30450
-26500
-26800
-27200
-27150
-21975
-22400
-22300
-21850
-19425
-17225
-17850
-14450
-15900
-12500
-13050
-12950
-11350
-7875
-9500

