
Curva de Excitacao - Bobina Girante (Dados Brutos)

Arquivo..............: C:\Arq\Wiggler\Medidas Wiggler - Corretoras\Bobina Tungstenio\Gap52\Map2\Translado52_X=5_#026.dat
Data.................: 10/02/2005
Hora.................: 09:52:17
Ganho................: 20
N. de Coletas........: 1
N. de Voltas.........: 10
Intervalo de Análise.: 4 - 8

-17975
-15550
-14800
-17375
-15525
-15750
-15850
-17500
-14900
-14100
-15375
-15025
-14250
-13225
-17550
-14125
-15375
-13125
-11575
-13025
-8225
-10300
-10675
-11975
-10325
-9125
-3250
-5550
-3100
-2550
-5075
-700
-7525
-225
-1625
1275
-1150
2100
725
-3850
-3375
-2800
-4275
-3900
-3200
-6175
-3300
-9075
-7950
-10775
-10750
-11700
-13525
-10000
-11875
-13800
-16675
-16150
-18850
-18100
-20400
-16775
-20875
-22925
-24200
-24250
-23250
-24875
-24250
-27175
-27175
-28875
-27975
-29900
-24950
-25375
-25125
-28850
-24325
-25125
-24550
-22300
-21125
-20400
-20375
-18125
-21150
-14600
-17925
-17975
-17025
-15525
-18025
-19200
-15500
-18600
-19375
-20300
-18175
-22950
-22075
-23525
-23300
-26300
-26450
-24150
-25450
-26600
-29000
-24950
-27050
-27625
-29350
-24050
-24200
-26825
-24700
-21900
-22025
-26125
-20625
-21100
-18650
-22225
-18900
-15175
-18325
-18825

-17025
-14550
-17850
-16875
-15950
-12875
-16750
-15500
-13700
-15300
-13975
-16200
-13400
-14925
-13475
-14525
-12075
-12625
-12875
-12200
-12475
-8150
-10900
-7550
-9200
-5275
-5600
-7250
-4875
-3400
50
-2225
-2400
-575
-550
-2200
-750
225
1250
-1325
-2425
-850
-2875
-2875
-4750
-5825
-4300
-8875
-7775
-6450
-9625
-11625
-12725
-10850
-15250
-14750
-15100
-13325
-17225
-18725
-20275
-20100
-19750
-20775
-21325
-25300
-22725
-27725
-24800
-28150
-24750
-24625
-29275
-28675
-27750
-24975
-27875
-22675
-25325
-23025
-26975
-21350
-21650
-20250
-17750
-20900
-16950
-18300
-15500
-19325
-14150
-16125
-17300
-18750
-15850
-16800
-21550
-17600
-21675
-19875
-24650
-21325
-22000
-25225
-26925
-25825
-24725
-27775
-27375
-27075
-24250
-28950
-27275
-24825
-24925
-24950
-26900
-20775
-23450
-23625
-22275
-19200
-20450
-19475
-18275
-17275
-17650
-18925

-14475
-16750
-14825
-16825
-16000
-14175
-14975
-14650
-15450
-13850
-14900
-15425
-15925
-11875
-14075
-14700
-12850
-12850
-11375
-13925
-9900
-9225
-9700
-9425
-8600
-4625
-5200
-6050
-4950
-1900
-3075
-2100
-2050
1275
2225
-2625
100
-1900
875
-1075
-675
-250
-3525
-2325
-6025
-4350
-5325
-4550
-9600
-7100
-10350
-11075
-11500
-11825
-10500
-16000
-14450
-18250
-13600
-19000
-18475
-19050
-19925
-22050
-24050
-21650
-23650
-22925
-27975
-24800
-28325
-25225
-27150
-26200
-24975
-29125
-25825
-26900
-23725
-24775
-20400
-21975
-22225
-20575
-19025
-19250
-17625
-13800
-18375
-17800
-16775
-14675
-16900
-17675
-15025
-18300
-19050
-20375
-19000
-20700
-21700
-23650
-22225
-24400
-27200
-24500
-25975
-26075
-28825
-25425
-25125
-27975
-27125
-24925
-23900
-26700
-24200
-23225
-21825
-23725
-21225
-19625
-20050
-19075
-19875
-16200
-18225
-17650

-16825
-15175
-15125
-16150
-14875
-14650
-14000
-16575
-12675
-14150
-13650
-16075
-14250
-11500
-14950
-13050
-12875
-11325
-13425
-12575
-10925
-8625
-9025
-9475
-7075
-6450
-3750
-8125
-2950
-2675
-400
-1825
-3250
975
-475
525
-1600
775
150
-200
-2875
-950
25
-3150
-3950
-5600
-5075
-8850
-6575
-7325
-8675
-10725
-11900
-11075
-13400
-13400
-14750
-14275
-16200
-17775
-20425
-19250
-18600
-20175
-23200
-23800
-24000
-24875
-25500
-24725
-25350
-26725
-27850
-26775
-26575
-26600
-24050
-25850
-24875
-24675
-22750
-22675
-20100
-18875
-18950
-20925
-16500
-15225
-18775
-15700
-15000
-15050
-18075
-16550
-16400
-17625
-18950
-17900
-20000
-21025
-21525
-24025
-21025
-25325
-25250
-25425
-23875
-26975
-27775
-25325
-25325
-27725
-28200
-23100
-24800
-24675
-26525
-21325
-21050
-23900
-21075
-19150
-18575
-21850
-18750
-15925
-16275
-18800

-14200
-14125
-16925
-16175
-15325
-12000
-16700
-14100
-14250
-13375
-14375
-14825
-12800
-13200
-13525
-15050
-11800
-12725
-10525
-12300
-9675
-8450
-10650
-7700
-9400
-4200
-4825
-5450
-4475
-2200
-225
-1500
-950
225
1125
-1450
-675
-200
2675
600
-2275
-1250
-2575
-2750
-4950
-3375
-3650
-7075
-7800
-7900
-8875
-10275
-10350
-10575
-12425
-15575
-14075
-14300
-15400
-16550
-19000
-17800
-20875
-20750
-22175
-22400
-21625
-24000
-25750
-27575
-24375
-25975
-25375
-27225
-26175
-26650
-25175
-25075
-25200
-20525
-23675
-22150
-22350
-18400
-19925
-17950
-15300
-16800
-16800
-17225
-13475
-17175
-14700
-18475
-15700
-17525
-17775
-18175
-19200
-18775
-23250
-22175
-21950
-23700
-27200
-22475
-24050
-26175
-26975
-25600
-23450
-28400
-26300
-24925
-23450
-26175
-22925
-20750
-22775
-22150
-21575
-17825
-21325
-17775
-17625
-15475
-17700
-16900

-14275
-15550
-13950
-15850
-14225
-14700
-13400
-14575
-13300
-12975
-13075
-13350
-15075
-12175
-13525
-11975
-12750
-11100
-10625
-12175
-10075
-8025
-7075
-9900
-7150
-4700
-4775
-5675
-2450
-225
-2250
-1375
-2200
2475
1225
300
1425
-275
1900
-1600
150
525
-50
-3650
-5125
-4625
-4000
-3925
-6650
-6625
-10825
-9475
-12525
-9950
-10100
-12500
-14250
-16250
-14550
-18400
-16275
-19000
-17000
-21775
-22400
-23125
-22150
-22575
-25725
-23825
-26175
-24975
-29000
-24625
-25450
-25625
-23375
-25775
-23650
-23225
-21600
-22150
-19600
-19725
-17650
-18575
-16450
-14900
-17025
-14700
-16425
-13625
-16150
-17075
-16650
-15950
-17675
-19500
-18875
-19975
-20225
-23175
-20950
-25300
-23975
-23775
-25025
-25200
-26625
-23800
-25900
-26750
-26225
-23475
-23325
-24250
-24475
-22400
-20775
-22400
-18850
-19700
-17900
-19100
-18025
-15350
-16175
-14850

-16425
-14825
-15650
-14375
-14800
-10700
-13975
-16025
-13375
-13825
-12075
-15225
-11425
-12050
-14125
-13975
-11700
-9350
-11000
-9850
-11125
-7325
-10150
-7050
-6825
-3975
-3000
-7475
-2075
-2625
400
-875
-50
350
300
700
550
3100
2050
1150
-4050
-500
-2125
-300
-1575
-3200
-3500
-8675
-6675
-8325
-6175
-7975
-8875
-11775
-12100
-14075
-13850
-12850
-13875
-15875
-20425
-16975
-18925
-19325
-21475
-21000
-21625
-25475
-25150
-25075
-24425
-25400
-24575
-26050
-26375
-25675
-23975
-24900
-24475
-21300
-22600
-21325
-20100
-18250
-17100
-18375
-15950
-15825
-16125
-15500
-14450
-14500
-14600
-16925
-15375
-15100
-19400
-16875
-19475
-18525
-22725
-21100
-20525
-24075
-23925
-23825
-22925
-27425
-25550
-24825
-22775
-26950
-26725
-22800
-23425
-23475
-25025
-19125
-21375
-22200
-21425
-17075
-17850
-19350
-16925
-16250
-15425
-18625

-13675
-13150
-13850
-16175
-14175
-11850
-14950
-13450
-12850
-11650
-15000
-13950
-13000
-10900
-12150
-12150
-10675
-13125
-10150
-11700
-8425
-8125
-6250
-8175
-8200
-4025
-3275
-3125
-2500
-125
-2400
-1225
-1875
3075
4025
350
475
-650
2650
150
900
400
175
-2550
-4750
-3250
-2625
-4025
-7000
-6500
-8700
-9725
-9950
-9075
-9575
-13625
-13625
-15275
-14950
-15725
-16450
-16875
-19825
-19525
-23025
-20850
-22075
-22125
-23775
-26125
-25625
-24950
-24075
-26525
-24575
-25150
-23900
-26950
-22000
-20850
-22000
-20200
-19975
-17475
-19900
-16475
-16700
-13925
-16025
-14400
-15250
-15075
-13275
-17675
-14150
-16725
-16625
-19200
-18025
-18900
-21075
-20975
-20925
-22325
-26325
-22150
-24150
-24400
-27800
-23875
-23450
-26725
-24625
-23975
-21450
-26225
-23650
-21425
-20125
-22200
-19475
-18150
-19100
-18075
-18675
-13200
-16500
-16050

