-4.500 +5147.42     +4.45
-4.400 +6827.57     +4.65
-4.300 +8391.93     +5.07
-4.200 +9830.90     +5.63
-4.100 +11121.95     +5.10
-4.000 +12225.10     +5.82
-3.900 +13086.75     +5.73
-3.800 +13633.73     +6.98
-3.700 +13771.21     +6.99
-3.600 +13381.20     +7.33
-3.500 +12398.34     +8.04
-3.400 +11219.05     +8.57
-3.300 +10057.97     +9.14
-3.200 +8947.65     +8.41
-3.100 +7907.82     +8.71
-3.000 +6953.39     +8.19
-2.900 +6097.22     +7.76
-2.800 +5347.41     +7.95
-2.700 +4710.70     +8.00
-2.600 +4192.34     +7.76
-2.500 +3788.79     +8.19
-2.400 +3432.61     +8.27
-2.300 +3083.50     +8.21
-2.200 +2739.28     +8.18
-2.100 +2398.23     +8.60
-2.000 +2056.99     +8.08
-1.900 +1744.87     +8.30
-1.800 +1481.02     +7.67
-1.700 +1263.73     +8.01
-1.600 +1095.98     +8.34
-1.500  +955.74     +7.75
-1.400  +829.83     +7.25
-1.300  +722.41     +8.20
-1.200  +635.29     +8.20
-1.100  +577.63     +7.90
-1.000  +560.23     +8.09
-0.900  +539.87     +7.35
-0.800  +486.22     +7.58
-0.700  +434.07     +7.17
-0.600  +398.57     +5.38
-0.500  +341.36     +5.25
-0.400  +267.96     +5.63
-0.300  +219.51     +5.08
-0.200  +132.38     +5.52
-0.100   +80.02     +5.80
+0.000   +18.97     +5.70
+0.100   -49.13     +5.63
+0.200  -127.19     +5.36
+0.300  -211.31     +7.52
+0.400  -253.78     +7.76
+0.500  -300.27     +7.73
+0.600  -348.66     +5.35
+0.700  -399.26     +5.53
+0.800  -418.81     +5.24
+0.900  -425.91     +7.44
+1.000  -461.60     +7.59
+1.100  -493.45     +7.41
+1.200  -516.74     +7.54
+1.300  -606.30     +8.10
+1.400  -794.87     +8.24
+1.500 -1084.66     +8.61
+1.600 -1442.99     +8.42
+1.700 -1707.30     +8.25
+1.800 -1834.29     +8.32
+1.900 -1832.60     +8.09
+2.000 -1881.78     +7.64
+2.100 -2391.04     +8.33
+2.200 -3477.10     +8.68
+2.300 -5142.16     +8.59
+2.400 -7006.81     +7.42
+2.500 -8294.83     +7.07
+2.600 -8717.07     +5.96
+2.700 -8465.29     +5.33
+2.800 -7727.11     +5.05
+2.900 -6618.23     +5.36
+3.000 -5210.59     +4.95
+3.100 -3543.66     +4.61
+3.200 -1639.62     +4.64
+3.300  +492.36     +4.73
+3.400 +2846.49     +4.93
+3.500 +5418.49     +4.71
