-4.500  +459.13     +1.82
-4.400  +846.46     +1.84
-4.300 +1182.41     +2.03
-4.200 +1469.66     +2.05
-4.100 +1708.13     +2.10
-4.000 +1895.91     +1.99
-3.900 +2028.42     +2.19
-3.800 +2100.84     +2.37
-3.700 +2106.36     +2.48
-3.600 +2038.70     +2.64
-3.500 +1891.15     +2.55
-3.400 +1716.93     +2.61
-3.300 +1556.93     +2.71
-3.200 +1412.38     +2.77
-3.100 +1285.39     +2.67
-3.000 +1177.09     +2.81
-2.900 +1088.36     +2.75
-2.800 +1020.35     +2.79
-2.700  +973.15     +2.99
-2.600  +947.08     +2.65
-2.500  +942.84     +2.81
-2.400  +940.32     +2.82
-2.300  +924.39     +2.92
-2.200  +893.87     +2.96
-2.100  +848.09     +2.90
-2.000  +787.26     +3.04
-1.900  +721.84     +2.86
-1.800  +663.20     +2.91
-1.700  +612.60     +3.10
-1.600  +571.34     +3.06
-1.500  +535.15     +3.05
-1.400  +499.17     +3.04
-1.300  +461.78     +3.02
-1.200  +421.27     +2.90
-1.100  +377.89     +3.05
-1.000  +341.99     +3.08
-0.900  +314.72     +3.06
-0.800  +276.84     +3.16
-0.700  +243.10     +3.16
-0.600  +212.28     +2.97
-0.500  +188.19     +3.12
-0.400  +156.70     +3.10
-0.300  +127.96     +3.19
-0.200  +101.63     +3.14
-0.100   +72.06     +3.06
+0.000   +44.22     +2.82
+0.100   +21.87     +2.13
+0.200    -2.00     +2.26
+0.300   -33.59     +3.13
+0.400   -60.32     +3.16
+0.500   -91.46     +3.08
+0.600  -115.77     +3.02
+0.700  -146.33     +2.95
+0.800  -182.91     +2.91
+0.900  -204.86     +3.04
+1.000  -237.55     +3.16
+1.100  -273.48     +3.27
+1.200  -304.68     +2.83
+1.300  -336.31     +3.04
+1.400  -372.95     +2.90
+1.500  -415.74     +2.97
+1.600  -464.72     +3.13
+1.700  -505.10     +3.25
+1.800  -527.28     +3.11
+1.900  -531.63     +3.00
+2.000  -519.22     +3.01
+2.100  -535.33     +2.96
+2.200  -602.69     +3.18
+2.300  -719.40     +2.99
+2.400  -883.62     +3.01
+2.500 -1084.69     +2.79
+2.600 -1229.70     +2.70
+2.700 -1290.42     +2.81
+2.800 -1273.85     +2.60
+2.900 -1187.01     +2.67
+3.000 -1036.65     +2.62
+3.100  -829.48     +2.56
+3.200  -568.59     +2.44
+3.300  -256.99     +2.39
+3.400  +104.74     +2.41
+3.500  +518.33     +2.45
