X[mm]	Y[mm]	Z[mm]	Bx[T]	By[T]	Bz[T]
----------------------------------------------------------------------------------------------------------------------------------------------------------------
0	0	-1650	7.36e-06	-0.00016438	-5.197e-05
0	0	-1648	7.8e-06	-0.00016854	-5.326e-05
0	0	-1646	7.47e-06	-0.00017246	-5.423e-05
0	0	-1644	7.43e-06	-0.00017594	-5.483e-05
0	0	-1642	7.38e-06	-0.00017962	-5.572e-05
0	0	-1640	7.48e-06	-0.00018394	-5.696e-05
0	0	-1638	7.82e-06	-0.0001884	-5.806e-05
0	0	-1636	8.17e-06	-0.00019304	-5.899e-05
0	0	-1634	8.14e-06	-0.00019731	-5.98e-05
0	0	-1632	7.95e-06	-0.000202	-6.074e-05
0	0	-1630	8.55e-06	-0.00020658	-6.196e-05
0	0	-1628	8.54e-06	-0.00021089	-6.295e-05
0	0	-1626	8.9e-06	-0.00021564	-6.393e-05
0	0	-1624	8.6e-06	-0.00022054	-6.551e-05
0	0	-1622	8.64e-06	-0.000226	-6.69e-05
0	0	-1620	8.83e-06	-0.00023159	-6.792e-05
0	0	-1618	8.91e-06	-0.00023666	-6.906e-05
0	0	-1616	9.66e-06	-0.00024216	-7.044e-05
0	0	-1614	9.91e-06	-0.00024814	-7.147e-05
0	0	-1612	9.83e-06	-0.00025461	-7.253e-05
0	0	-1610	9.96e-06	-0.00026081	-7.428e-05
0	0	-1608	1.017e-05	-0.00026722	-7.545e-05
0	0	-1606	9.93e-06	-0.00027348	-7.693e-05
0	0	-1604	1.003e-05	-0.00028045	-7.864e-05
0	0	-1602	1.036e-05	-0.00028701	-8.013e-05
0	0	-1600	1.106e-05	-0.000294	-8.126e-05
0	0	-1598	1.111e-05	-0.00030109	-8.241e-05
0	0	-1596	1.109e-05	-0.0003082	-8.421e-05
0	0	-1594	1.08e-05	-0.00031597	-8.627e-05
0	0	-1592	1.133e-05	-0.00032384	-8.774e-05
0	0	-1590	1.152e-05	-0.00033174	-8.972e-05
0	0	-1588	1.175e-05	-0.00033994	-9.125e-05
0	0	-1586	1.26e-05	-0.00034861	-9.297e-05
0	0	-1584	1.248e-05	-0.0003579	-9.43e-05
0	0	-1582	1.23e-05	-0.00036697	-9.632e-05
0	0	-1580	1.243e-05	-0.00037641	-9.832e-05
0	0	-1578	1.303e-05	-0.00038599	-9.999e-05
0	0	-1576	1.345e-05	-0.00039572	-0.00010198
0	0	-1574	1.369e-05	-0.00040645	-0.00010464
0	0	-1572	1.35e-05	-0.00041737	-0.00010658
0	0	-1570	1.421e-05	-0.00042808	-0.00010882
0	0	-1568	1.444e-05	-0.00043896	-0.00011057
0	0	-1566	1.468e-05	-0.00045096	-0.00011225
0	0	-1564	1.512e-05	-0.00046277	-0.00011484
0	0	-1562	1.567e-05	-0.00047473	-0.00011702
0	0	-1560	1.593e-05	-0.00048777	-0.00011911
0	0	-1558	1.64e-05	-0.00050082	-0.00012152
0	0	-1556	1.624e-05	-0.00051485	-0.00012355
0	0	-1554	1.647e-05	-0.00052877	-0.00012638
0	0	-1552	1.596e-05	-0.000543	-0.00012895
0	0	-1550	1.649e-05	-0.00055796	-0.00013142
0	0	-1548	1.702e-05	-0.00057342	-0.00013388
0	0	-1546	1.718e-05	-0.00058904	-0.0001364
0	0	-1544	1.799e-05	-0.00060593	-0.00013888
0	0	-1542	1.81e-05	-0.0006227	-0.00014172
0	0	-1540	1.836e-05	-0.00064048	-0.00014482
0	0	-1538	1.886e-05	-0.00065903	-0.00014765
0	0	-1536	1.877e-05	-0.00067793	-0.00015038
0	0	-1534	1.923e-05	-0.00069759	-0.00015309
0	0	-1532	1.933e-05	-0.00071797	-0.00015615
0	0	-1530	1.931e-05	-0.00073924	-0.00015933
0	0	-1528	2.01e-05	-0.00076079	-0.00016213
0	0	-1526	2.021e-05	-0.00078366	-0.00016531
0	0	-1524	2.029e-05	-0.00080676	-0.00016897
0	0	-1522	2.122e-05	-0.0008308	-0.00017242
0	0	-1520	2.141e-05	-0.00085597	-0.0001755
0	0	-1518	2.118e-05	-0.00088238	-0.00017842
0	0	-1516	2.12e-05	-0.00090908	-0.00018183
0	0	-1514	2.176e-05	-0.00093751	-0.00018554
0	0	-1512	2.277e-05	-0.00096643	-0.00018877
0	0	-1510	2.304e-05	-0.00099691	-0.00019234
0	0	-1508	2.318e-05	-0.00102889	-0.00019611
0	0	-1506	2.327e-05	-0.00106155	-0.00019941
0	0	-1504	2.319e-05	-0.00109575	-0.00020312
0	0	-1502	2.317e-05	-0.00113155	-0.000207
0	0	-1500	2.331e-05	-0.00116914	-0.00021092
0	0	-1498	2.356e-05	-0.00120785	-0.00021481
0	0	-1496	2.441e-05	-0.00124827	-0.0002188
0	0	-1494	2.446e-05	-0.00129058	-0.00022319
0	0	-1492	2.46e-05	-0.0013346	-0.00022705
0	0	-1490	2.478e-05	-0.00138116	-0.00023086
0	0	-1488	2.463e-05	-0.00142973	-0.00023405
0	0	-1486	2.493e-05	-0.00148042	-0.00023782
0	0	-1484	2.512e-05	-0.00153427	-0.00024292
0	0	-1482	2.485e-05	-0.00159047	-0.00024741
0	0	-1480	2.446e-05	-0.00164935	-0.00025073
0	0	-1478	2.468e-05	-0.00171173	-0.00025516
0	0	-1476	2.453e-05	-0.00177721	-0.00025935
0	0	-1474	2.408e-05	-0.00184685	-0.00026335
0	0	-1472	2.393e-05	-0.00192026	-0.00026705
0	0	-1470	2.346e-05	-0.00199757	-0.00027064
0	0	-1468	2.323e-05	-0.00207943	-0.00027413
0	0	-1466	2.317e-05	-0.00216676	-0.00027837
0	0	-1464	2.319e-05	-0.00226033	-0.00028181
0	0	-1462	2.24e-05	-0.00236001	-0.00028613
0	0	-1460	2.165e-05	-0.0024668	-0.00028943
0	0	-1458	2.058e-05	-0.00258082	-0.0002927
0	0	-1456	2.063e-05	-0.00270375	-0.00029553
0	0	-1454	1.977e-05	-0.00283553	-0.00029852
0	0	-1452	1.94e-05	-0.00297876	-0.00030116
0	0	-1450	1.85e-05	-0.00313363	-0.00030398
0	0	-1448	1.745e-05	-0.00330238	-0.00030601
0	0	-1446	1.672e-05	-0.00348663	-0.00030741
0	0	-1444	1.527e-05	-0.00368901	-0.00030902
0	0	-1442	1.394e-05	-0.00391105	-0.00031048
0	0	-1440	1.243e-05	-0.00415647	-0.00031136
0	0	-1438	1.035e-05	-0.00442909	-0.00031154
0	0	-1436	8.32e-06	-0.00473402	-0.00031123
0	0	-1434	6.25e-06	-0.00507541	-0.00031031
0	0	-1432	4.52e-06	-0.00546015	-0.00030822
0	0	-1430	2.43e-06	-0.00589641	-0.00030556
0	0	-1428	4e-07	-0.00639151	-0.00030276
0	0	-1426	-2.11e-06	-0.00695623	-0.00029873
0	0	-1424	-5.64e-06	-0.00760021	-0.00029344
0	0	-1422	-9.31e-06	-0.00833411	-0.00028766
0	0	-1420	-1.301e-05	-0.00916389	-0.00028074
0	0	-1418	-1.644e-05	-0.0100887	-0.0002722
0	0	-1416	-2.102e-05	-0.0110943	-0.00026235
0	0	-1414	-2.65e-05	-0.0121466	-0.00025088
0	0	-1412	-3.138e-05	-0.0131908	-0.00023612
0	0	-1410	-3.651e-05	-0.0141609	-0.00021719
0	0	-1408	-4.088e-05	-0.0149961	-0.00019491
0	0	-1406	-4.448e-05	-0.0156621	-0.00016977
0	0	-1404	-4.823e-05	-0.0161583	-0.00014593
0	0	-1402	-5.137e-05	-0.0165082	-0.00012645
0	0	-1400	-5.356e-05	-0.0167437	-0.00011402
0	0	-1398	-5.502e-05	-0.016899	-0.00010953
0	0	-1396	-5.67e-05	-0.017001	-0.00011481
0	0	-1394	-5.829e-05	-0.0170673	-0.00013154
0	0	-1392	-6.024e-05	-0.0171112	-0.00016054
0	0	-1390	-6.268e-05	-0.0171412	-0.00020397
0	0	-1388	-6.483e-05	-0.0171622	-0.00026486
0	0	-1386	-6.751e-05	-0.0171786	-0.00034762
0	0	-1384	-6.988e-05	-0.0171919	-0.00045734
0	0	-1382	-7.288e-05	-0.0172032	-0.00060175
0	0	-1380	-7.698e-05	-0.0172145	-0.0007893
0	0	-1378	-8.21e-05	-0.0172266	-0.0010319
0	0	-1376	-8.848e-05	-0.0172414	-0.00134411
0	0	-1374	-9.672e-05	-0.0172623	-0.00174337
0	0	-1372	-0.00010641	-0.0172938	-0.0022509
0	0	-1370	-0.00011939	-0.0173422	-0.0028874
0	0	-1368	-0.00013477	-0.0174171	-0.00367142
0	0	-1366	-0.00015386	-0.0175379	-0.00461311
0	0	-1364	-0.00017697	-0.0177311	-0.00570494
0	0	-1362	-0.00020417	-0.0180351	-0.0069145
0	0	-1360	-0.00023638	-0.0185008	-0.00818555
0	0	-1358	-0.00027235	-0.0191825	-0.00945157
0	0	-1356	-0.00031285	-0.0201295	-0.010657
0	0	-1354	-0.000357	-0.0213766	-0.0117718
0	0	-1352	-0.000405	-0.0229401	-0.0127953
0	0	-1350	-0.00045664	-0.024826	-0.013743
0	0	-1348	-0.00051258	-0.0270346	-0.0146399
0	0	-1346	-0.00057235	-0.0295687	-0.015509
0	0	-1344	-0.0006362	-0.0324378	-0.0163686
0	0	-1342	-0.00070508	-0.0356625	-0.0172296
0	0	-1340	-0.00077904	-0.0392715	-0.0180956
0	0	-1338	-0.00085809	-0.0433053	-0.0189616
0	0	-1336	-0.00094398	-0.0478203	-0.0198137
0	0	-1334	-0.00103634	-0.0528816	-0.0206249
0	0	-1332	-0.00113683	-0.0585682	-0.0213569
0	0	-1330	-0.00124687	-0.0649755	-0.0219528
0	0	-1328	-0.00136618	-0.0722082	-0.0223337
0	0	-1326	-0.00149613	-0.0803831	-0.0223933
0	0	-1324	-0.00163872	-0.0896192	-0.0219945
0	0	-1322	-0.00179626	-0.100033	-0.0209659
0	0	-1320	-0.00196867	-0.111721	-0.0190987
0	0	-1318	-0.00215845	-0.124737	-0.0161619
0	0	-1316	-0.00236864	-0.139077	-0.0119319
0	0	-1314	-0.00260282	-0.154673	-0.0062356
0	0	-1312	-0.00286359	-0.171402	0.00098817
0	0	-1310	-0.00315536	-0.189137	0.00962939
0	0	-1308	-0.00348213	-0.207841	0.0193821
0	0	-1306	-0.0038467	-0.22765	0.029781
0	0	-1304	-0.00424707	-0.248888	0.0402776
0	0	-1302	-0.00467348	-0.272053	0.050318
0	0	-1300	-0.0051076	-0.297758	0.0593966
0	0	-1298	-0.00551935	-0.326641	0.0670831
0	0	-1296	-0.00586686	-0.359273	0.0730231
0	0	-1294	-0.00610104	-0.396087	0.0769318
0	0	-1292	-0.00617391	-0.437304	0.0785793
0	0	-1290	-0.00605561	-0.482798	0.0777929
0	0	-1288	-0.00574349	-0.531913	0.0744673
0	0	-1286	-0.00527051	-0.583245	0.0685883
0	0	-1284	-0.00469902	-0.634455	0.0602971
0	0	-1282	-0.00409765	-0.682316	0.0499706
0	0	-1280	-0.00352282	-0.723136	0.0382461
0	0	-1278	-0.00300789	-0.753415	0.0258951
0	0	-1276	-0.00256213	-0.770352	0.013611
0	0	-1274	-0.00217691	-0.771978	0.00188125
0	0	-1272	-0.00183243	-0.757011	-0.00897082
0	0	-1270	-0.00150748	-0.724782	-0.0186508
0	0	-1268	-0.00118057	-0.675454	-0.0268198
0	0	-1266	-0.00083487	-0.610316	-0.0331721
0	0	-1264	-0.00046044	-0.531788	-0.0375898
0	0	-1262	-5.628e-05	-0.443014	-0.0402249
0	0	-1260	0.00037137	-0.347232	-0.0414491
0	0	-1258	0.00081673	-0.247132	-0.0416981
0	0	-1256	0.00127519	-0.144628	-0.0413691
0	0	-1254	0.00174407	-0.0408711	-0.0407665
0	0	-1252	0.00221796	0.0634664	-0.0400693
0	0	-1250	0.00269271	0.168037	-0.0393695
0	0	-1248	0.00316339	0.272735	-0.0387521
0	0	-1246	0.003624	0.377738	-0.0383193
0	0	-1244	0.00407023	0.483583	-0.0381107
0	0	-1242	0.00449955	0.591054	-0.0380376
0	0	-1240	0.00490942	0.700732	-0.0379108
0	0	-1238	0.00529673	0.812528	-0.0375072
0	0	-1236	0.00565485	0.925512	-0.0365825
0	0	-1234	0.0059766	1.0379	-0.0349518
0	0	-1232	0.00625329	1.14729	-0.0325591
0	0	-1230	0.00647732	1.25103	-0.0294511
0	0	-1228	0.00664556	1.34643	-0.025724
0	0	-1226	0.00675567	1.43096	-0.021494
0	0	-1224	0.00681056	1.50233	-0.0169454
0	0	-1222	0.00681649	1.559	-0.0123268
0	0	-1220	0.00678054	1.60036	-0.00784687
0	0	-1218	0.00671492	1.62672	-0.00357255
0	0	-1216	0.00662792	1.63876	0.00059042
0	0	-1214	0.00652472	1.63698	0.00483407
0	0	-1212	0.00640943	1.62133	0.00934274
0	0	-1210	0.00628418	1.59131	0.0141666
0	0	-1208	0.00615025	1.5464	0.019163
0	0	-1206	0.00600456	1.4866	0.0240062
0	0	-1204	0.00584316	1.41298	0.0282942
0	0	-1202	0.0056577	1.32765	0.0316717
0	0	-1200	0.00543495	1.23349	0.0339332
0	0	-1198	0.00516345	1.13368	0.0350453
0	0	-1196	0.00483831	1.0313	0.0351127
0	0	-1194	0.00445906	0.928999	0.0343364
0	0	-1192	0.00402942	0.828796	0.0329505
0	0	-1190	0.00355815	0.732015	0.0311946
0	0	-1188	0.0030543	0.639374	0.0292661
0	0	-1186	0.00252892	0.551061	0.0273068
0	0	-1184	0.0019893	0.466898	0.025415
0	0	-1182	0.00144314	0.386504	0.0236557
0	0	-1180	0.00089631	0.309386	0.0220724
0	0	-1178	0.0003525	0.234981	0.020682
0	0	-1176	-0.00018712	0.162689	0.019481
0	0	-1174	-0.00071991	0.0919329	0.0184713
0	0	-1172	-0.00124526	0.0221499	0.0176517
0	0	-1170	-0.00176308	-0.0472255	0.0170036
0	0	-1168	-0.00227173	-0.116756	0.0165061
0	0	-1166	-0.00276895	-0.187004	0.0161437
0	0	-1164	-0.00325295	-0.258554	0.0159044
0	0	-1162	-0.00371899	-0.331996	0.0157752
0	0	-1160	-0.00416424	-0.407925	0.0157443
0	0	-1158	-0.00458644	-0.486939	0.0158075
0	0	-1156	-0.00498425	-0.569581	0.0159687
0	0	-1154	-0.00535792	-0.656322	0.0162024
0	0	-1152	-0.00570661	-0.74747	0.0164626
0	0	-1150	-0.00602811	-0.843079	0.0166805
0	0	-1148	-0.00632011	-0.942777	0.0167648
0	0	-1146	-0.00657603	-1.04564	0.016589
0	0	-1144	-0.0067885	-1.15008	0.0160103
0	0	-1142	-0.00695282	-1.25383	0.0149354
0	0	-1140	-0.00706508	-1.35402	0.0133157
0	0	-1138	-0.00712572	-1.44747	0.0111727
0	0	-1136	-0.00714056	-1.531	0.00861537
0	0	-1134	-0.00711819	-1.60194	0.00584832
0	0	-1132	-0.00706606	-1.65849	0.00310986
0	0	-1130	-0.00699128	-1.69995	0.00056634
0	0	-1128	-0.00689959	-1.72647	-0.00174782
0	0	-1126	-0.0067904	-1.73855	-0.00392875
0	0	-1124	-0.00666365	-1.73655	-0.00613814
0	0	-1122	-0.00651518	-1.72037	-0.00850959
0	0	-1120	-0.00633859	-1.68952	-0.0110589
0	0	-1118	-0.00612453	-1.64352	-0.0136469
0	0	-1116	-0.0058629	-1.58245	-0.0160194
0	0	-1114	-0.0055493	-1.50739	-0.0179116
0	0	-1112	-0.00518369	-1.42046	-0.0191538
0	0	-1110	-0.00476981	-1.32451	-0.0197198
0	0	-1108	-0.00431622	-1.22267	-0.0197018
0	0	-1106	-0.0038353	-1.11804	-0.0192476
0	0	-1104	-0.00333755	-1.01324	-0.0185259
0	0	-1102	-0.00283475	-0.910337	-0.017711
0	0	-1100	-0.0023338	-0.810707	-0.0169533
0	0	-1098	-0.00184174	-0.715114	-0.0163429
0	0	-1096	-0.00136023	-0.623808	-0.0159198
0	0	-1094	-0.00088792	-0.536654	-0.0156955
0	0	-1092	-0.00042309	-0.453305	-0.0156592
0	0	-1090	3.555e-05	-0.373311	-0.015781
0	0	-1088	0.00048981	-0.296136	-0.0160356
0	0	-1086	0.00094006	-0.221193	-0.016414
0	0	-1084	0.00138414	-0.147924	-0.0169265
0	0	-1082	0.00182065	-0.0757554	-0.0175871
0	0	-1080	0.00224617	-0.00410182	-0.0183968
0	0	-1078	0.00265896	0.067631	-0.0193624
0	0	-1076	0.0030568	0.140022	-0.0204939
0	0	-1074	0.00343803	0.213643	-0.0217799
0	0	-1072	0.00380138	0.289093	-0.0231934
0	0	-1070	0.00414553	0.36697	-0.02473
0	0	-1068	0.00447085	0.447848	-0.0263899
0	0	-1066	0.00477707	0.532266	-0.0281417
0	0	-1064	0.00506642	0.620713	-0.0299254
0	0	-1062	0.00533972	0.713518	-0.0316574
0	0	-1060	0.00559581	0.810763	-0.0332282
0	0	-1058	0.00583175	0.912103	-0.0344606
0	0	-1056	0.0060414	1.01662	-0.0351306
0	0	-1054	0.00621583	1.12275	-0.0350235
0	0	-1052	0.00634753	1.22818	-0.0339649
0	0	-1050	0.00642786	1.32999	-0.0318626
0	0	-1048	0.00645428	1.42493	-0.0287282
0	0	-1046	0.00642829	1.50979	-0.0247074
0	0	-1044	0.00635311	1.58185	-0.0200987
0	0	-1042	0.00623557	1.63933	-0.0152399
0	0	-1040	0.0060845	1.68156	-0.0104043
0	0	-1038	0.00590974	1.70875	-0.005729
0	0	-1036	0.00571285	1.72149	-0.00119632
0	0	-1034	0.0054961	1.72021	0.0033066
0	0	-1032	0.00525949	1.70486	0.00789441
0	0	-1030	0.00499997	1.67499	0.0125715
0	0	-1028	0.00471599	1.6301	0.0171908
0	0	-1026	0.00440673	1.5702	0.0214873
0	0	-1024	0.00407291	1.49627	0.0251465
0	0	-1022	0.00371908	1.4103	0.027921
0	0	-1020	0.00334834	1.31509	0.0297033
0	0	-1018	0.00296626	1.21377	0.0305465
0	0	-1016	0.00258044	1.10942	0.0305723
0	0	-1014	0.00219657	1.00472	0.0299496
0	0	-1012	0.00181765	0.901777	0.0289073
0	0	-1010	0.00144413	0.802016	0.02767
0	0	-1008	0.00107532	0.706232	0.0263792
0	0	-1006	0.00070919	0.614701	0.0251362
0	0	-1004	0.00034156	0.527316	0.0240028
0	0	-1002	-2.9e-05	0.443745	0.0230228
0	0	-1000	-0.00040318	0.363517	0.0222033
0	0	-998	-0.00077968	0.286098	0.02154
0	0	-996	-0.00115633	0.210925	0.0210343
0	0	-994	-0.00153132	0.13741	0.02069
0	0	-992	-0.00190379	0.064981	0.0205053
0	0	-990	-0.00227331	-0.00693555	0.0204699
0	0	-988	-0.00264134	-0.0789129	0.0205706
0	0	-986	-0.00301029	-0.151533	0.0208083
0	0	-984	-0.00338148	-0.225369	0.0211845
0	0	-982	-0.0037536	-0.30102	0.0216827
0	0	-980	-0.00412078	-0.379087	0.0222944
0	0	-978	-0.00447751	-0.46016	0.0230209
0	0	-976	-0.00481656	-0.544793	0.0238525
0	0	-974	-0.00512985	-0.633471	0.0247523
0	0	-972	-0.00541431	-0.726537	0.0256468
0	0	-970	-0.00566864	-0.824061	0.0264523
0	0	-968	-0.00589223	-0.925679	0.0270557
0	0	-966	-0.00608601	-1.0305	0.0272849
0	0	-964	-0.00624952	-1.13694	0.0269517
0	0	-962	-0.00638216	-1.24265	0.0259316
0	0	-960	-0.00648198	-1.34471	0.0241475
0	0	-958	-0.00654847	-1.43985	0.0215958
0	0	-956	-0.00658173	-1.52486	0.01837
0	0	-954	-0.00658281	-1.59702	0.0146935
0	0	-952	-0.00655377	-1.65454	0.0108404
0	0	-950	-0.00649301	-1.69677	0.00702487
0	0	-948	-0.0064028	-1.72388	0.00334441
0	0	-946	-0.00628414	-1.73639	-0.00024544
0	0	-944	-0.00613456	-1.73467	-0.00387369
0	0	-942	-0.00595072	-1.71862	-0.00766536
0	0	-940	-0.00572801	-1.68769	-0.011647
0	0	-938	-0.00545559	-1.64132	-0.0156844
0	0	-936	-0.00512378	-1.57951	-0.0195133
0	0	-934	-0.00472842	-1.50328	-0.0228239
0	0	-932	-0.00427244	-1.41476	-0.0253695
0	0	-930	-0.00376491	-1.31691	-0.0270364
0	0	-928	-0.00322069	-1.21301	-0.0278472
0	0	-926	-0.00265961	-1.10624	-0.0279223
0	0	-924	-0.00209934	-0.999332	-0.0274122
0	0	-922	-0.00155452	-0.894402	-0.0264876
0	0	-920	-0.00103581	-0.792929	-0.0253233
0	0	-918	-0.00055112	-0.695788	-0.024052
0	0	-916	-0.00010517	-0.603387	-0.0227641
0	0	-914	0.00029818	-0.515775	-0.0215388
0	0	-912	0.00065911	-0.432732	-0.0204554
0	0	-910	0.00097829	-0.353758	-0.0195818
0	0	-908	0.00126242	-0.278146	-0.0189403
0	0	-906	0.00152133	-0.205107	-0.0185064
0	0	-904	0.00176538	-0.133885	-0.0182543
0	0	-902	0.00200524	-0.063785	-0.0181385
0	0	-900	0.0022519	0.00584152	-0.0181216
0	0	-898	0.00251757	0.0755704	-0.0181972
0	0	-896	0.0028102	0.145972	-0.0183838
0	0	-894	0.0031387	0.217677	-0.0187233
0	0	-892	0.00350906	0.291401	-0.0192481
0	0	-890	0.00392474	0.367902	-0.0199738
0	0	-888	0.00438473	0.447938	-0.0208866
0	0	-886	0.00488417	0.532174	-0.0219323
0	0	-884	0.00541011	0.621056	-0.0230359
0	0	-882	0.00594506	0.714758	-0.0241121
0	0	-880	0.00646661	0.813138	-0.0250651
0	0	-878	0.00695495	0.915679	-0.0257783
0	0	-876	0.00739008	1.02138	-0.0260966
0	0	-874	0.007756	1.12862	-0.0258487
0	0	-872	0.00804196	1.23509	-0.0248755
0	0	-870	0.0082453	1.33789	-0.0230912
0	0	-868	0.00836636	1.43378	-0.0204982
0	0	-866	0.00841186	1.51949	-0.0172171
0	0	-864	0.00839151	1.5922	-0.0134959
0	0	-862	0.00831958	1.65006	-0.00964171
0	0	-860	0.00820813	1.69242	-0.0059002
0	0	-858	0.00806535	1.71951	-0.00237331
0	0	-856	0.0078966	1.73195	0.00099145
0	0	-854	0.00770214	1.73023	0.00433079
0	0	-852	0.00747799	1.71432	0.00776799
0	0	-850	0.00721949	1.68381	0.011327
0	0	-848	0.00692502	1.63823	0.0148783
0	0	-846	0.00659166	1.5776	0.018173
0	0	-844	0.00621813	1.5029	0.0209385
0	0	-842	0.00580228	1.41616	0.0229762
0	0	-840	0.00534489	1.32019	0.0242091
0	0	-838	0.00484895	1.21815	0.0246762
0	0	-836	0.00432001	1.11314	0.0244968
0	0	-834	0.00376795	1.00785	0.0238295
0	0	-832	0.00320272	0.904382	0.022847
0	0	-830	0.00263517	0.804184	0.0217207
0	0	-828	0.0020754	0.708035	0.0205809
0	0	-826	0.00153105	0.616204	0.0195162
0	0	-824	0.00100707	0.528591	0.0185845
0	0	-822	0.00050566	0.444859	0.01781
0	0	-820	2.601e-05	0.364522	0.0172047
0	0	-818	-0.0004364	0.287028	0.0167698
0	0	-816	-0.00088543	0.211813	0.0164971
0	0	-814	-0.00132768	0.138303	0.0163763
0	0	-812	-0.00176838	0.0659189	0.016407
0	0	-810	-0.00221046	-0.00592582	0.0165876
0	0	-808	-0.00265409	-0.0778037	0.0169123
0	0	-806	-0.00309837	-0.150283	0.0173764
0	0	-804	-0.00353881	-0.223945	0.0179816
0	0	-802	-0.00396868	-0.299393	0.0187276
0	0	-800	-0.00437993	-0.377231	0.0196041
0	0	-798	-0.00476077	-0.458028	0.0205991
0	0	-796	-0.00510185	-0.542344	0.0216865
0	0	-794	-0.00539377	-0.630675	0.0228194
0	0	-792	-0.00562788	-0.723349	0.0239263
0	0	-790	-0.00579974	-0.820405	0.0249142
0	0	-788	-0.00590618	-0.921496	0.0256397
0	0	-786	-0.00594643	-1.02571	0.0259369
0	0	-784	-0.00592428	-1.13146	0.0256422
0	0	-782	-0.00584525	-1.23645	0.0246211
0	0	-780	-0.00572054	-1.33776	0.0227927
0	0	-778	-0.00556542	-1.43218	0.0201706
0	0	-776	-0.00539862	-1.51652	0.0168981
0	0	-774	-0.00523826	-1.58806	0.0132076
0	0	-772	-0.00510149	-1.64505	0.00936972
0	0	-770	-0.00499849	-1.68682	0.00560306
0	0	-768	-0.00493539	-1.71359	0.00198954
0	0	-766	-0.00491739	-1.72591	-0.00152685
0	0	-764	-0.00494511	-1.72417	-0.00507865
0	0	-762	-0.00501722	-1.7083	-0.00877408
0	0	-760	-0.00512574	-1.67781	-0.0126044
0	0	-758	-0.00526111	-1.63222	-0.0164063
0	0	-756	-0.00540754	-1.57156	-0.019897
0	0	-754	-0.00554352	-1.49683	-0.0227724
0	0	-752	-0.00565263	-1.41009	-0.0248304
0	0	-750	-0.00571989	-1.31418	-0.0260092
0	0	-748	-0.00573476	-1.21227	-0.0263637
0	0	-746	-0.00569212	-1.10745	-0.0260305
0	0	-744	-0.00559314	-1.0024	-0.0252004
0	0	-742	-0.00543775	-0.899223	-0.024062
0	0	-740	-0.00522804	-0.799351	-0.0227895
0	0	-738	-0.00496659	-0.703543	-0.0215196
0	0	-736	-0.00465521	-0.612058	-0.0203475
0	0	-734	-0.00429806	-0.524806	-0.0193278
0	0	-732	-0.00390142	-0.441433	-0.0184774
0	0	-730	-0.00347242	-0.361441	-0.017808
0	0	-728	-0.00302132	-0.284267	-0.0173286
0	0	-726	-0.00255741	-0.209337	-0.0170304
0	0	-724	-0.00208997	-0.13606	-0.0169011
0	0	-722	-0.00162445	-0.0638359	-0.0169415
0	0	-720	-0.00116556	0.00791603	-0.0171512
0	0	-718	-0.00071276	0.0797607	-0.0175152
0	0	-716	-0.00026414	0.152264	-0.0180248
0	0	-714	0.00018546	0.22601	-0.0186721
0	0	-712	0.00064198	0.301595	-0.0194551
0	0	-710	0.00111337	0.379603	-0.0203618
0	0	-708	0.00160589	0.460597	-0.0213628
0	0	-706	0.00212577	0.545136	-0.0224376
0	0	-704	0.00267563	0.633696	-0.0235369
0	0	-702	0.0032521	0.726586	-0.0245825
0	0	-700	0.00384868	0.823854	-0.0254674
0	0	-698	0.00445295	0.92515	-0.026051
0	0	-696	0.00504673	1.02957	-0.0261789
0	0	-694	0.00560847	1.13549	-0.0256958
0	0	-692	0.00611717	1.24063	-0.0244821
0	0	-690	0.00655212	1.3421	-0.0224915
0	0	-688	0.00689809	1.4367	-0.0197647
0	0	-686	0.00715082	1.52124	-0.0164512
0	0	-684	0.0073155	1.59302	-0.0127916
0	0	-682	0.00740229	1.65029	-0.00905284
0	0	-680	0.00742436	1.69237	-0.00544181
0	0	-678	0.00739399	1.71943	-0.0020274
0	0	-676	0.00732216	1.73203	0.00125721
0	0	-674	0.00721579	1.73057	0.00454775
0	0	-672	0.00707985	1.71498	0.00796186
0	0	-670	0.00691642	1.68482	0.0115118
0	0	-668	0.00673009	1.63959	0.0150662
0	0	-666	0.00652111	1.57931	0.0183725
0	0	-664	0.00628564	1.50496	0.0211709
0	0	-662	0.00602019	1.41855	0.0232855
0	0	-660	0.00571765	1.32287	0.0246417
0	0	-658	0.00537432	1.22109	0.0252813
0	0	-656	0.00498942	1.11628	0.0253197
0	0	-654	0.00456819	1.01114	0.0249088
0	0	-652	0.00411953	0.907826	0.0242102
0	0	-650	0.00365139	0.807765	0.0233757
0	0	-648	0.00317155	0.711751	0.0225302
0	0	-646	0.00268785	0.62006	0.0217586
0	0	-644	0.00220483	0.532598	0.0211024
0	0	-642	0.00172525	0.449026	0.0205782
0	0	-640	0.00125024	0.368852	0.0201939
0	0	-638	0.00078227	0.291528	0.0199461
0	0	-636	0.00032254	0.216488	0.0198288
0	0	-634	-0.00012848	0.143144	0.0198323
0	0	-632	-0.00056969	0.0708989	0.0199537
0	0	-630	-0.00099957	-0.00083115	0.0201894
0	0	-628	-0.0014157	-0.0726181	0.020531
0	0	-626	-0.00181834	-0.14503	0.0209802
0	0	-624	-0.00220456	-0.218667	0.021542
0	0	-622	-0.00257539	-0.294138	0.0222197
0	0	-620	-0.00293242	-0.37204	0.0230051
0	0	-618	-0.00327786	-0.452969	0.0238827
0	0	-616	-0.00361526	-0.537513	0.0248167
0	0	-614	-0.00394702	-0.626179	0.0257438
0	0	-612	-0.00427552	-0.719291	0.0265765
0	0	-610	-0.00459959	-0.816936	0.0272021
0	0	-608	-0.00491536	-0.918789	0.0274704
0	0	-606	-0.00521731	-1.02395	0.0272241
0	0	-604	-0.00549903	-1.13077	0.0263171
0	0	-602	-0.00575326	-1.23693	0.0246588
0	0	-600	-0.00597339	-1.33948	0.0222381
0	0	-598	-0.00615533	-1.43516	0.0191422
0	0	-596	-0.00630104	-1.52071	0.0155597
0	0	-594	-0.00641399	-1.59341	0.0117565
0	0	-592	-0.00649752	-1.65148	0.00800626
0	0	-590	-0.00655613	-1.69422	0.00449581
0	0	-588	-0.00659276	-1.72182	0.00126182
0	0	-586	-0.00661073	-1.73481	-0.00179008
0	0	-584	-0.00661314	-1.7336	-0.00482051
0	0	-582	-0.00659642	-1.71811	-0.00795805
0	0	-580	-0.00655575	-1.68782	-0.0112196
0	0	-578	-0.00648321	-1.64221	-0.0144619
0	0	-576	-0.00636483	-1.58126	-0.0174245
0	0	-574	-0.00618957	-1.50596	-0.0198402
0	0	-572	-0.00595111	-1.41843	-0.0215295
0	0	-570	-0.0056478	-1.32158	-0.0224587
0	0	-568	-0.00528004	-1.21863	-0.0227155
0	0	-566	-0.0048546	-1.11269	-0.0224459
0	0	-564	-0.00438188	-1.00647	-0.0218014
0	0	-562	-0.00387369	-0.902098	-0.020935
0	0	-560	-0.0033437	-0.801042	-0.0199752
0	0	-558	-0.00280551	-0.704196	-0.0190159
0	0	-556	-0.00227093	-0.612014	-0.0181184
0	0	-554	-0.00175134	-0.524601	-0.0173178
0	0	-552	-0.00125331	-0.441735	-0.0166543
0	0	-550	-0.00077842	-0.36293	-0.0161726
0	0	-548	-0.00032502	-0.287498	-0.0158886
0	0	-546	0.00011169	-0.214664	-0.0158052
0	0	-544	0.00053748	-0.143642	-0.0159006
0	0	-542	0.00095698	-0.0737195	-0.016148
0	0	-540	0.00137193	-0.00428875	-0.0165221
0	0	-538	0.00178062	0.0652121	-0.0170091
0	0	-536	0.00218059	0.135354	-0.0176087
0	0	-534	0.00256917	0.206763	-0.018343
0	0	-532	0.00294413	0.280152	-0.0192288
0	0	-530	0.00330401	0.356297	-0.0202812
0	0	-528	0.00365059	0.435998	-0.0214905
0	0	-526	0.00398439	0.519965	-0.022806
0	0	-524	0.0043041	0.608678	-0.0241519
0	0	-522	0.00460903	0.702334	-0.0254322
0	0	-520	0.00489971	0.800846	-0.026535
0	0	-518	0.00517464	0.903759	-0.0273345
0	0	-516	0.0054302	1.0101	-0.0276746
0	0	-514	0.00566381	1.11823	-0.0273964
0	0	-512	0.0058718	1.22585	-0.0263582
0	0	-510	0.00604671	1.33001	-0.0244666
0	0	-508	0.00618379	1.42736	-0.0217399
0	0	-506	0.00627935	1.51452	-0.0183078
0	0	-504	0.00633219	1.58859	-0.0144072
0	0	-502	0.00634756	1.6477	-0.0103478
0	0	-500	0.00633043	1.69111	-0.00637667
0	0	-498	0.00629002	1.71907	-0.00259661
0	0	-496	0.00623286	1.73222	0.00104008
0	0	-494	0.00616088	1.73107	0.00466288
0	0	-492	0.00607411	1.71565	0.00838821
0	0	-490	0.00597265	1.68555	0.0122274
0	0	-488	0.00585432	1.64029	0.0160371
0	0	-486	0.00571489	1.5799	0.0195428
0	0	-484	0.00554726	1.50534	0.0224336
0	0	-482	0.00534777	1.41865	0.0244844
0	0	-480	0.00511352	1.32267	0.0255853
0	0	-478	0.0048441	1.22055	0.0257797
0	0	-476	0.00454241	1.11542	0.025236
0	0	-474	0.00421689	1.01001	0.0241628
0	0	-472	0.00387659	0.906435	0.0227771
0	0	-470	0.00352979	0.806138	0.021289
0	0	-468	0.00318272	0.709921	0.0198523
0	0	-466	0.0028387	0.618067	0.0185665
0	0	-464	0.00250137	0.530469	0.0174724
0	0	-462	0.00216989	0.446796	0.0165899
0	0	-460	0.00184303	0.366567	0.0159323
0	0	-458	0.0015214	0.289246	0.0154875
0	0	-456	0.00120414	0.21426	0.0152413
0	0	-454	0.00089166	0.141023	0.0151845
0	0	-452	0.0005832	0.0689276	0.0153065
0	0	-450	0.00027825	-0.00261226	0.0156002
0	0	-448	-2.563e-05	-0.0741646	0.0160502
0	0	-446	-0.00033001	-0.146317	0.0166389
0	0	-444	-0.0006376	-0.219667	0.017354
0	0	-442	-0.00094936	-0.294806	0.0181965
0	0	-440	-0.00126434	-0.372314	0.0191574
0	0	-438	-0.00158118	-0.452793	0.0202187
0	0	-436	-0.00189902	-0.536808	0.0213626
0	0	-434	-0.00221697	-0.624848	0.0225644
0	0	-432	-0.00253241	-0.717228	0.0237471
0	0	-430	-0.00284317	-0.814014	0.0247958
0	0	-428	-0.00314781	-0.914875	0.0255848
0	0	-426	-0.00344462	-1.01893	0.0259571
0	0	-424	-0.00373167	-1.12456	0.0257538
0	0	-422	-0.00400568	-1.22949	0.0248469
0	0	-420	-0.00426122	-1.33088	0.0231548
0	0	-418	-0.00449586	-1.42548	0.0207065
0	0	-416	-0.00470522	-1.51008	0.0176329
0	0	-414	-0.00488677	-1.58196	0.0141402
0	0	-412	-0.00503736	-1.63935	0.0104999
0	0	-410	-0.00515539	-1.68155	0.00695649
0	0	-408	-0.00523966	-1.70875	0.00360838
0	0	-406	-0.00529286	-1.72156	0.00041083
0	0	-404	-0.0053158	-1.72045	-0.0027596
0	0	-402	-0.00530794	-1.7054	-0.00601663
0	0	-400	-0.00526706	-1.67599	-0.00938665
0	0	-398	-0.0051861	-1.63175	-0.0127408
0	0	-396	-0.00505444	-1.57266	-0.0158334
0	0	-394	-0.00486337	-1.49966	-0.0184177
0	0	-392	-0.00461018	-1.41474	-0.020323
0	0	-390	-0.00429793	-1.32059	-0.0214749
0	0	-388	-0.00393753	-1.2203	-0.0219124
0	0	-386	-0.00354663	-1.1169	-0.0217748
0	0	-384	-0.0031458	-1.01306	-0.021232
0	0	-382	-0.0027511	-0.910831	-0.0204311
0	0	-380	-0.00237648	-0.811665	-0.0195204
0	0	-378	-0.00202971	-0.716382	-0.0186293
0	0	-376	-0.00171141	-0.625256	-0.0178319
0	0	-374	-0.00141959	-0.538203	-0.0171721
0	0	-372	-0.00114904	-0.454906	-0.0166684
0	0	-370	-0.00089384	-0.374898	-0.0163267
0	0	-368	-0.00064747	-0.297644	-0.0161494
0	0	-366	-0.00040359	-0.222584	-0.0161291
0	0	-364	-0.00015621	-0.149153	-0.0162539
0	0	-362	9.925e-05	-0.0767754	-0.0165198
0	0	-360	0.00036393	-0.00486307	-0.0169264
0	0	-358	0.00064072	0.0671394	-0.0174744
0	0	-356	0.00092978	0.139807	-0.0181598
0	0	-354	0.00123382	0.213721	-0.0189808
0	0	-352	0.00155667	0.289462	-0.0199386
0	0	-350	0.00190085	0.367598	-0.0210316
0	0	-348	0.00227142	0.448724	-0.0222414
0	0	-346	0.00266897	0.533405	-0.023542
0	0	-344	0.00309247	0.622121	-0.0249012
0	0	-342	0.00353889	0.715205	-0.0262579
0	0	-340	0.00400093	0.812746	-0.0275096
0	0	-338	0.00446663	0.914459	-0.0285116
0	0	-336	0.00492328	1.01944	-0.0290984
0	0	-334	0.00535341	1.12611	-0.0290885
0	0	-332	0.00574054	1.23222	-0.0283187
0	0	-330	0.00607106	1.33491	-0.0266855
0	0	-328	0.00633658	1.43086	-0.0241992
0	0	-326	0.00653546	1.5168	-0.0209956
0	0	-324	0.00667339	1.59	-0.0173055
0	0	-322	0.0067599	1.6486	-0.0134285
0	0	-320	0.00680617	1.69185	-0.0096292
0	0	-318	0.00682087	1.7199	-0.00603218
0	0	-316	0.00681047	1.7333	-0.00261617
0	0	-314	0.00677817	1.73248	0.00073437
0	0	-312	0.0067221	1.71737	0.00413246
0	0	-310	0.0066407	1.68746	0.00760217
0	0	-308	0.00653078	1.6422	0.0110261
0	0	-306	0.00638922	1.58156	0.0141704
0	0	-304	0.00621634	1.50648	0.0167716
0	0	-302	0.00601313	1.41903	0.0186532
0	0	-300	0.00578091	1.32211	0.0197575
0	0	-298	0.00552469	1.21899	0.0201547
0	0	-296	0.00525024	1.11283	0.0199832
0	0	-294	0.00496246	1.00633	0.0194082
0	0	-292	0.0046674	0.901653	0.018597
0	0	-290	0.00436893	0.800303	0.017668
0	0	-288	0.00407106	0.703199	0.0167251
0	0	-286	0.00377842	0.610789	0.0158522
0	0	-284	0.00349378	0.523173	0.0151086
0	0	-282	0.00321856	0.440097	0.0145335
0	0	-280	0.00294939	0.361037	0.0141581
0	0	-278	0.00267748	0.285315	0.0139978
0	0	-276	0.00239292	0.212159	0.014041
0	0	-274	0.00208572	0.140796	0.0142551
0	0	-272	0.00175032	0.0705538	0.0146112
0	0	-270	0.001386	0.00085589	0.0151152
0	0	-268	0.0009938	-0.0688508	0.0157662
0	0	-266	0.00057622	-0.139164	0.0165626
0	0	-264	0.00013258	-0.210719	0.0175058
0	0	-262	-0.00033932	-0.284201	0.0186158
0	0	-260	-0.00084605	-0.360406	0.0198783
0	0	-258	-0.00139294	-0.440139	0.0212472
0	0	-256	-0.00198135	-0.524056	0.022677
0	0	-254	-0.00260437	-0.612592	0.0241163
0	0	-252	-0.00324688	-0.705958	0.0255077
0	0	-250	-0.00389017	-0.80408	0.0267683
0	0	-248	-0.00451539	-0.906472	0.0277868
0	0	-246	-0.00510333	-1.01217	0.0284128
0	0	-244	-0.00563537	-1.11964	0.0284676
0	0	-242	-0.00609843	-1.22664	0.0277762
0	0	-240	-0.00648489	-1.33027	0.0262123
0	0	-238	-0.00679192	-1.42722	0.0237707
0	0	-236	-0.00702327	-1.51417	0.0205818
0	0	-234	-0.00718825	-1.58823	0.0168973
0	0	-232	-0.00729731	-1.64746	0.0130284
0	0	-230	-0.00736019	-1.69109	0.00925337
0	0	-228	-0.00738529	-1.71931	0.00569843
0	0	-226	-0.00737912	-1.73271	0.00232872
0	0	-224	-0.00734445	-1.73176	-0.00097601
0	0	-222	-0.00728177	-1.71642	-0.00432884
0	0	-220	-0.00718572	-1.68622	-0.00775238
0	0	-218	-0.00704723	-1.64062	-0.0111336
0	0	-216	-0.00685537	-1.5796	-0.0142414
0	0	-214	-0.00660218	-1.50413	-0.0168206
0	0	-212	-0.00628174	-1.41632	-0.0187037
0	0	-210	-0.00589376	-1.31907	-0.0198424
0	0	-208	-0.00544554	-1.21564	-0.0203036
0	0	-206	-0.00494762	-1.10917	-0.0202187
0	0	-204	-0.00441182	-1.00242	-0.0197409
0	0	-202	-0.00385282	-0.89753	-0.0190243
0	0	-200	-0.00328412	-0.795964	-0.0181818
0	0	-198	-0.00271949	-0.698672	-0.0173147
0	0	-196	-0.00217102	-0.606122	-0.0164981
0	0	-194	-0.00164853	-0.518391	-0.0157928
0	0	-192	-0.00115731	-0.43524	-0.0152547
0	0	-190	-0.00069922	-0.356181	-0.0149263
0	0	-188	-0.00027179	-0.280515	-0.0148296
0	0	-186	0.00013168	-0.207435	-0.0149564
0	0	-184	0.00051799	-0.136184	-0.0152753
0	0	-182	0.0008931	-0.0660988	-0.0157711
0	0	-180	0.00126127	0.00342207	-0.0164251
0	0	-178	0.00162464	0.0729534	-0.0172184
0	0	-176	0.00198467	0.143065	-0.0181581
0	0	-174	0.00234232	0.214376	-0.0192412
0	0	-172	0.00269843	0.287593	-0.020473
0	0	-170	0.0030534	0.363522	-0.0218442
0	0	-168	0.00340769	0.442953	-0.023317
0	0	-166	0.00376202	0.526567	-0.0248354
0	0	-164	0.00411227	0.614841	-0.0263358
0	0	-162	0.00445444	0.708004	-0.0277452
0	0	-160	0.00478182	0.805986	-0.0289798
0	0	-158	0.00508794	0.908335	-0.0299252
0	0	-156	0.00536688	1.0141	-0.0304336
0	0	-154	0.00561305	1.12171	-0.0303369
0	0	-152	0.00582036	1.22889	-0.0294658
0	0	-150	0.00598422	1.33277	-0.0277129
0	0	-148	0.00610102	1.43003	-0.0250748
0	0	-146	0.00616934	1.51729	-0.0216659
0	0	-144	0.00619363	1.59168	-0.0177347
0	0	-142	0.00618378	1.65123	-0.0136026
0	0	-140	0.00614638	1.69517	-0.00953668
0	0	-138	0.00608974	1.72366	-0.00566559
0	0	-136	0.00602171	1.73732	-0.00196749
0	0	-134	0.00594646	1.73662	0.00167425
0	0	-132	0.00586264	1.72155	0.00537505
0	0	-130	0.00577039	1.69163	0.00915766
0	0	-128	0.00566763	1.64633	0.0128995
0	0	-126	0.0055525	1.58561	0.0163571
0	0	-124	0.00542232	1.51048	0.0192452
0	0	-122	0.00527427	1.42297	0.021353
0	0	-120	0.00510631	1.32596	0.0226033
0	0	-118	0.0049193	1.22273	0.0230582
0	0	-116	0.00471674	1.11643	0.0228754
0	0	-114	0.00450377	1.00977	0.0222469
0	0	-112	0.00428288	0.904861	0.0213626
0	0	-110	0.00405928	0.803208	0.0204058
0	0	-108	0.00383725	0.705714	0.0195097
0	0	-106	0.00361875	0.612777	0.0187316
0	0	-104	0.00340784	0.524458	0.0181042
0	0	-102	0.00320555	0.440557	0.0176344
0	0	-100	0.0030063	0.360619	0.0173082
0	0	-98	0.00280241	0.284009	0.0171122
0	0	-96	0.00258587	0.209995	0.0170293
0	0	-94	0.00234609	0.137853	0.017047
0	0	-92	0.00207574	0.066911	0.0171628
0	0	-90	0.00177024	-0.00342688	0.0173771
0	0	-88	0.00142635	-0.0737095	0.0176884
0	0	-86	0.00104312	-0.144519	0.0181122
0	0	-84	0.00062208	-0.216476	0.0186572
0	0	-82	0.00016674	-0.29026	0.0193401
0	0	-80	-0.00031604	-0.366631	0.0201666
0	0	-78	-0.00081856	-0.446376	0.0211329
0	0	-76	-0.0013302	-0.53017	0.0222335
0	0	-74	-0.00183687	-0.618485	0.0234369
0	0	-72	-0.00232505	-0.711565	0.0246825
0	0	-70	-0.00278033	-0.809383	0.0258879
0	0	-68	-0.00319193	-0.911493	0.0269191
0	0	-66	-0.00355349	-1.01692	0.0275909
0	0	-64	-0.00386117	-1.12413	0.0276885
0	0	-62	-0.00411643	-1.23085	0.0270295
0	0	-60	-0.00432235	-1.33419	0.0254984
0	0	-58	-0.00448386	-1.43078	0.0230827
0	0	-56	-0.004609	-1.51736	0.0199205
0	0	-54	-0.0047034	-1.59104	0.016279
0	0	-52	-0.00477261	-1.6499	0.0124771
0	0	-50	-0.00482593	-1.69317	0.00878668
0	0	-48	-0.00487404	-1.72108	0.00532835
0	0	-46	-0.00492746	-1.73426	0.00206473
0	0	-44	-0.00499937	-1.73316	-0.00112187
0	0	-42	-0.00510348	-1.71782	-0.00433963
0	0	-40	-0.00524717	-1.68778	-0.00759289
0	0	-38	-0.00543246	-1.64256	-0.0107493
0	0	-36	-0.00565632	-1.58221	-0.0135911
0	0	-34	-0.00590884	-1.50773	-0.0159012
0	0	-32	-0.00617879	-1.42112	-0.0175602
0	0	-30	-0.00645116	-1.32522	-0.0185798
0	0	-28	-0.00671332	-1.2232	-0.0190511
0	0	-26	-0.00695584	-1.11816	-0.0191092
0	0	-24	-0.00717081	-1.0128	-0.0188674
0	0	-22	-0.007351	-0.909263	-0.0184404
0	0	-20	-0.00748896	-0.809001	-0.0179452
0	0	-18	-0.00757736	-0.71282	-0.0174596
0	0	-16	-0.00761008	-0.62099	-0.0170431
0	0	-14	-0.00758142	-0.533418	-0.0167231
0	0	-12	-0.00749109	-0.449758	-0.0165202
0	0	-10	-0.00734212	-0.369524	-0.0164533
0	0	-8	-0.00714239	-0.292163	-0.0165192
0	0	-6	-0.0069018	-0.21708	-0.0167128
0	0	-4	-0.00663009	-0.143681	-0.0170329
0	0	-2	-0.00633746	-0.0713878	-0.0174784
0	0	0	-0.00602893	0.00037041	-0.0180478
0	0	2	-0.0057069	0.0721683	-0.0187318
0	0	4	-0.00536968	0.144577	-0.019532
0	0	6	-0.00501098	0.218163	-0.0204475
0	0	8	-0.00461912	0.293509	-0.0214729
0	0	10	-0.00418012	0.371227	-0.0226007
0	0	12	-0.00367702	0.451905	-0.0238217
0	0	14	-0.00309583	0.536073	-0.0251162
0	0	16	-0.00242738	0.624224	-0.0264488
0	0	18	-0.00166831	0.716724	-0.0277598
0	0	20	-0.0008254	0.813648	-0.0289531
0	0	22	8.605e-05	0.914649	-0.029897
0	0	24	0.00104187	1.01886	-0.0304229
0	0	26	0.00201249	1.12476	-0.0303434
0	0	28	0.00296286	1.23004	-0.0294905
0	0	30	0.00385864	1.33184	-0.027767
0	0	32	0.00466925	1.42695	-0.0251842
0	0	34	0.00537191	1.51216	-0.0218733
0	0	36	0.00595287	1.58473	-0.0180803
0	0	38	0.00640931	1.64282	-0.0141132
0	0	40	0.00674536	1.68569	-0.0102144
0	0	42	0.0069675	1.71349	-0.00649339
0	0	44	0.00708537	1.72677	-0.00293151
0	0	46	0.00710543	1.72598	0.00057203
0	0	48	0.0070325	1.7111	0.00412203
0	0	50	0.00686743	1.68171	0.0077403
0	0	52	0.00661287	1.63728	0.0113257
0	0	54	0.00627202	1.57779	0.0146627
0	0	56	0.0058475	1.50416	0.0174898
0	0	58	0.00534699	1.41835	0.0195827
0	0	60	0.00477843	1.32314	0.0208439
0	0	62	0.00415147	1.22168	0.0213071
0	0	64	0.00348146	1.11714	0.0211046
0	0	66	0.00278279	1.0122	0.0204096
0	0	68	0.00207276	0.908995	0.0194161
0	0	70	0.00136807	0.808998	0.0183221
0	0	72	0.00068345	0.713065	0.0172628
0	0	74	2.93e-05	0.621456	0.0163095
0	0	76	-0.00058658	0.534048	0.0155052
0	0	78	-0.00116123	0.450548	0.014886
0	0	80	-0.00169451	0.370479	0.0144561
0	0	82	-0.00218853	0.293277	0.0142016
0	0	84	-0.00264899	0.218361	0.0141119
0	0	86	-0.00308102	0.145157	0.0141871
0	0	88	-0.00348946	0.0730775	0.0144267
0	0	90	-0.00387618	0.00153711	0.0148242
0	0	92	-0.00424213	-0.0700326	0.0153803
0	0	94	-0.0045859	-0.142208	0.016095
0	0	96	-0.00490302	-0.215561	0.0169732
0	0	98	-0.00519074	-0.290691	0.0180047
0	0	100	-0.0054437	-0.368188	0.0191657
0	0	102	-0.00565746	-0.448633	0.0204388
0	0	104	-0.00582945	-0.532579	0.0217969
0	0	106	-0.00595864	-0.620517	0.0232114
0	0	108	-0.00604607	-0.712808	0.0246039
0	0	110	-0.00609699	-0.809546	0.025871
0	0	112	-0.00611905	-0.910436	0.0268949
0	0	114	-0.00611892	-1.01466	0.0275018
0	0	116	-0.00610419	-1.1207	0.0275072
0	0	118	-0.00608239	-1.22631	0.0267492
0	0	120	-0.00605777	-1.3286	0.025132
0	0	122	-0.00603369	-1.42434	0.0226797
0	0	124	-0.00601178	-1.51025	0.0195201
0	0	126	-0.00599491	-1.58355	0.0159146
0	0	128	-0.00598319	-1.64235	0.0121749
0	0	130	-0.00597698	-1.68588	0.0085478
0	0	132	-0.00598246	-1.71426	0.0051476
0	0	134	-0.00600386	-1.72806	0.00194451
0	0	136	-0.00604834	-1.72772	-0.00117161
0	0	138	-0.00612107	-1.71323	-0.00430707
0	0	140	-0.00621922	-1.68415	-0.00747782
0	0	142	-0.0063367	-1.63996	-0.0105696
0	0	144	-0.00645801	-1.58059	-0.0133663
0	0	146	-0.00655849	-1.5069	-0.0156163
0	0	148	-0.00661537	-1.4208	-0.0171417
0	0	150	-0.00660763	-1.3251	-0.0178808
0	0	152	-0.00652005	-1.22301	-0.0179031
0	0	154	-0.00634574	-1.11774	-0.0173615
0	0	156	-0.0060865	-1.0121	-0.0164517
0	0	158	-0.00574826	-0.908248	-0.0153741
0	0	160	-0.00533557	-0.807712	-0.0143268
0	0	162	-0.00485358	-0.711299	-0.013436
0	0	164	-0.00430975	-0.61927	-0.0127668
0	0	166	-0.00371434	-0.531506	-0.0123528
0	0	168	-0.00308076	-0.44768	-0.0121941
0	0	170	-0.00242619	-0.36731	-0.0122833
0	0	172	-0.00176825	-0.289839	-0.0125994
0	0	174	-0.00112827	-0.21468	-0.0131254
0	0	176	-0.00052417	-0.141258	-0.013836
0	0	178	2.839e-05	-0.0689859	-0.014702
0	0	180	0.00051722	0.00275129	-0.015685
0	0	182	0.0009344	0.0745143	-0.0167559
0	0	184	0.00127716	0.146863	-0.017895
0	0	186	0.00155081	0.220368	-0.0190972
0	0	188	0.00176819	0.29563	-0.0203661
0	0	190	0.00194851	0.373217	-0.0216956
0	0	192	0.0021172	0.453702	-0.0230754
0	0	194	0.00230096	0.537648	-0.0244739
0	0	196	0.00252164	0.625545	-0.0258225
0	0	198	0.00279595	0.717743	-0.0270223
0	0	200	0.00313516	0.814326	-0.027969
0	0	202	0.00353789	0.915001	-0.028527
0	0	204	0.00399405	1.01892	-0.0285563
0	0	206	0.00448581	1.12458	-0.0279292
0	0	208	0.00498882	1.2297	-0.0265618
0	0	210	0.00547628	1.33143	-0.0244398
0	0	212	0.00592345	1.42657	-0.0216267
0	0	214	0.00631316	1.51189	-0.0182816
0	0	216	0.00663515	1.58465	-0.0146477
0	0	218	0.00689053	1.64298	-0.0109935
0	0	220	0.0070827	1.68614	-0.00752265
0	0	222	0.00721912	1.71427	-0.00431334
0	0	224	0.0073083	1.7279	-0.00131291
0	0	226	0.00735914	1.72749	0.00160704
0	0	228	0.00737511	1.71302	0.00457565
0	0	230	0.00736072	1.68408	0.00763398
0	0	232	0.00731573	1.64016	0.0106974
0	0	234	0.00723912	1.5812	0.0135833
0	0	236	0.00712585	1.50806	0.0160676
0	0	238	0.00696902	1.42265	0.0179778
0	0	240	0.00676035	1.32773	0.0192429
0	0	242	0.00649536	1.22642	0.0198859
0	0	244	0.0061748	1.12187	0.0199976
0	0	246	0.00580353	1.01683	0.0197023
0	0	248	0.00538878	0.913459	0.0191443
0	0	250	0.00494166	0.813262	0.0184639
0	0	252	0.00447075	0.717098	0.0177744
0	0	254	0.00398386	0.625279	0.0171643
0	0	256	0.00348753	0.537708	0.0166932
0	0	258	0.00298745	0.45407	0.0164021
0	0	260	0.00248849	0.373896	0.0163141
0	0	262	0.0019947	0.29663	0.016418
0	0	264	0.00151135	0.221696	0.0167133
0	0	266	0.00104419	0.148514	0.0171793
0	0	268	0.00059691	0.0765132	0.0177795
0	0	270	0.00017417	0.00508356	0.018484
0	0	272	-0.00022448	-0.0663619	0.0192631
0	0	274	-0.0006004	-0.138385	0.0201072
0	0	276	-0.00095583	-0.21159	0.0209986
0	0	278	-0.00129354	-0.286605	0.0219302
0	0	280	-0.00161708	-0.364039	0.0228987
0	0	282	-0.00192934	-0.444503	0.0238891
0	0	284	-0.00223409	-0.52859	0.0248694
0	0	286	-0.00253471	-0.616823	0.0257867
0	0	288	-0.00283414	-0.709574	0.0265777
0	0	290	-0.00313483	-0.806921	0.0271563
0	0	292	-0.00343697	-0.908542	0.0274141
0	0	294	-0.00373875	-1.01358	0.0272237
0	0	296	-0.00403771	-1.12047	0.0264624
0	0	298	-0.00432704	-1.22691	0.0250445
0	0	300	-0.00460069	-1.32998	0.0229261
0	0	302	-0.00485275	-1.4264	0.020152
0	0	304	-0.00507673	-1.51291	0.0168548
0	0	306	-0.00526924	-1.58673	0.0132507
0	0	308	-0.00542767	-1.64601	0.00958087
0	0	310	-0.00555131	-1.69001	0.00602523
0	0	312	-0.00564323	-1.71886	0.00265313
0	0	314	-0.00570608	-1.73308	-0.00059136
0	0	316	-0.00574359	-1.73305	-0.00383541
0	0	318	-0.00575511	-1.71868	-0.00718785
0	0	320	-0.00573824	-1.68942	-0.0106578
0	0	322	-0.00568647	-1.64468	-0.0141136
0	0	324	-0.00559293	-1.58441	-0.0172967
0	0	326	-0.00545225	-1.50961	-0.0199113
0	0	328	-0.00526731	-1.42247	-0.0217605
0	0	330	-0.0050439	-1.32604	-0.0227898
0	0	332	-0.0047914	-1.22365	-0.0230671
0	0	334	-0.0045169	-1.11844	-0.0227363
0	0	336	-0.00422875	-1.0131	-0.0219769
0	0	338	-0.0039322	-0.909706	-0.0209708
0	0	340	-0.00362939	-0.80965	-0.0198792
0	0	342	-0.00332084	-0.7137	-0.0188219
0	0	344	-0.00300356	-0.622135	-0.0178796
0	0	346	-0.00267496	-0.534863	-0.0170949
0	0	348	-0.00233129	-0.451536	-0.0164957
0	0	350	-0.00196845	-0.371678	-0.0160895
0	0	352	-0.00158326	-0.29473	-0.0158778
0	0	354	-0.00117415	-0.220097	-0.0158542
0	0	356	-0.00074083	-0.147203	-0.0160091
0	0	358	-0.000284	-0.0754759	-0.016312
0	0	360	0.00019555	-0.00431829	-0.0167383
0	0	362	0.00069569	0.0668361	-0.0172509
0	0	364	0.00121217	0.138531	-0.0178203
0	0	366	0.00174136	0.211351	-0.0184282
0	0	368	0.00227704	0.285907	-0.0190612
0	0	370	0.00281222	0.362792	-0.0197158
0	0	372	0.00334066	0.442582	-0.0203961
0	0	374	0.00385532	0.525874	-0.0210952
0	0	376	0.00435007	0.613203	-0.0217962
0	0	378	0.00481985	0.704925	-0.0224497
0	0	380	0.00525951	0.801132	-0.0229936
0	0	382	0.00566184	0.901596	-0.0233325
0	0	384	0.00602001	1.00553	-0.0233561
0	0	386	0.00632579	1.11147	-0.0229254
0	0	388	0.00657548	1.21725	-0.0219263
0	0	390	0.00676366	1.32012	-0.020256
0	0	392	0.00688945	1.41677	-0.0178893
0	0	394	0.00695617	1.50377	-0.0148896
0	0	396	0.00696846	1.5781	-0.0114413
0	0	398	0.00693356	1.63767	-0.00780783
0	0	400	0.00685797	1.68159	-0.00420562
0	0	402	0.00675256	1.71006	-0.00074117
0	0	404	0.00662639	1.72375	0.00262074
0	0	406	0.00648052	1.72323	0.00599851
0	0	408	0.00631988	1.70861	0.00950298
0	0	410	0.00614317	1.67954	0.0131447
0	0	412	0.0059471	1.63555	0.0167936
0	0	414	0.00572764	1.57663	0.0202117
0	0	416	0.00548106	1.50366	0.0231166
0	0	418	0.00519957	1.41852	0.0252587
0	0	420	0.00487908	1.32395	0.0265212
0	0	422	0.00452063	1.2231	0.0269187
0	0	424	0.00412851	1.11901	0.0265638
0	0	426	0.00371039	1.01442	0.0256318
0	0	428	0.00327611	0.911495	0.0243186
0	0	430	0.00283384	0.811722	0.0228203
0	0	432	0.00239102	0.71591	0.0212919
0	0	434	0.00195177	0.624358	0.0198358
0	0	436	0.00152088	0.537005	0.0185113
0	0	438	0.00109989	0.453517	0.0173556
0	0	440	0.00069123	0.373407	0.0163833
0	0	442	0.000295	0.296129	0.0155917
0	0	444	-8.691e-05	0.221124	0.0149771
0	0	446	-0.00045368	0.147816	0.0145337
0	0	448	-0.00080391	0.0756158	0.014253
0	0	450	-0.00113771	0.00395362	0.0141235
0	0	452	-0.0014555	-0.0677182	0.0141402
0	0	454	-0.00175837	-0.139964	0.0143022
0	0	456	-0.00204836	-0.213376	0.0145923
0	0	458	-0.00232827	-0.288539	0.0150019
0	0	460	-0.00259975	-0.366043	0.0155262
0	0	462	-0.00286468	-0.446482	0.0161489
0	0	464	-0.00312366	-0.530441	0.0168484
0	0	466	-0.00337839	-0.61843	0.0175844
0	0	468	-0.00363004	-0.710817	0.0183095
0	0	470	-0.00387714	-0.807723	0.0189535
0	0	472	-0.00411977	-0.908869	0.0193932
0	0	474	-0.00435566	-1.01342	0.0195047
0	0	476	-0.00458305	-1.11984	0.0191587
0	0	478	-0.00479726	-1.22585	0.0182372
0	0	480	-0.00499239	-1.32857	0.0166701
0	0	482	-0.00516369	-1.42472	0.0144456
0	0	484	-0.00530875	-1.51102	0.0116769
0	0	486	-0.00542548	-1.58467	0.00854312
0	0	488	-0.00551348	-1.6438	0.00525944
0	0	490	-0.00557452	-1.68761	0.0020122
0	0	492	-0.00560942	-1.71623	-0.00112858
0	0	494	-0.00562039	-1.7302	-0.00421157
0	0	496	-0.00560865	-1.72993	-0.00735461
0	0	498	-0.00557207	-1.71537	-0.0106528
0	0	500	-0.00550735	-1.68604	-0.0141037
0	0	502	-0.00540681	-1.64141	-0.0175658
0	0	504	-0.00526392	-1.58143	-0.0207782
0	0	506	-0.00507022	-1.50701	-0.023445
0	0	508	-0.00482184	-1.4202	-0.0253444
0	0	510	-0.00452338	-1.32385	-0.0264063
0	0	512	-0.00418199	-1.22119	-0.0266611
0	0	514	-0.00380872	-1.11536	-0.0262449
0	0	516	-0.00341335	-1.00907	-0.0253452
0	0	518	-0.00300725	-0.904502	-0.024152
0	0	520	-0.00259909	-0.803142	-0.0228234
0	0	522	-0.00219477	-0.705915	-0.0214669
0	0	524	-0.00180048	-0.613286	-0.0201645
0	0	526	-0.00142135	-0.525365	-0.0189649
0	0	528	-0.00105998	-0.441948	-0.0179119
0	0	530	-0.00071558	-0.362561	-0.0170381
0	0	532	-0.0003847	-0.286526	-0.0163547
0	0	534	-5.92e-05	-0.213071	-0.0158506
0	0	536	0.00026707	-0.141468	-0.0155011
0	0	538	0.00059971	-0.0710373	-0.0152844
0	0	540	0.00094225	-0.0011716	-0.0151833
0	0	542	0.00129545	0.0686731	-0.0152065
0	0	544	0.00166013	0.13904	-0.0153502
0	0	546	0.0020384	0.210564	-0.0156211
0	0	548	0.00243258	0.283954	-0.0160327
0	0	550	0.00284579	0.359978	-0.0165691
0	0	552	0.00328023	0.439414	-0.0171961
0	0	554	0.00373338	0.522956	-0.0178509
0	0	556	0.00419942	0.611064	-0.0184668
0	0	558	0.00466625	0.703931	-0.018979
0	0	560	0.00512047	0.801458	-0.0193132
0	0	562	0.00554761	0.903229	-0.0193731
0	0	564	0.0059362	1.0083	-0.0190623
0	0	566	0.00627528	1.11511	-0.018282
0	0	568	0.00655488	1.22145	-0.016955
0	0	570	0.00677064	1.3245	-0.0150477
0	0	572	0.00692208	1.42099	-0.0125833
0	0	574	0.0070139	1.50762	-0.00970101
0	0	576	0.00705607	1.58151	-0.00660342
0	0	578	0.0070609	1.64076	-0.00351506
0	0	580	0.00704292	1.68456	-0.00060265
0	0	582	0.00701201	1.71307	0.00209682
0	0	584	0.00697798	1.7269	0.00467025
0	0	586	0.00694594	1.72656	0.00726504
0	0	588	0.00691665	1.71208	0.00999739
0	0	590	0.00689152	1.68307	0.0128781
0	0	592	0.0068668	1.63907	0.015786
0	0	594	0.00684081	1.58007	0.0184913
0	0	596	0.0068063	1.50696	0.0207348
0	0	598	0.00675581	1.42166	0.022323
0	0	600	0.00668187	1.3269	0.0231749
0	0	602	0.00657764	1.22583	0.0233069
0	0	604	0.00643962	1.12151	0.0228353
0	0	606	0.00626608	1.01668	0.0219465
0	0	608	0.00605743	0.913499	0.020826
0	0	610	0.0058134	0.813473	0.0196293
0	0	612	0.00553459	0.71743	0.018485
0	0	614	0.00522067	0.625685	0.0174871
0	0	616	0.00487289	0.538181	0.0166663
0	0	618	0.00449147	0.454594	0.0160241
0	0	620	0.00407944	0.374424	0.0155557
0	0	622	0.00363866	0.297136	0.0152573
0	0	624	0.00317278	0.222154	0.0151158
0	0	626	0.00268591	0.148869	0.0151091
0	0	628	0.00218333	0.0766576	0.0152372
0	0	630	0.00167064	0.00494917	0.0154942
0	0	632	0.00115385	-0.0668252	0.0158818
0	0	634	0.00063724	-0.139243	0.016389
0	0	636	0.00012599	-0.212887	0.0170027
0	0	638	-0.00037589	-0.288319	0.0177279
0	0	640	-0.00086276	-0.366125	0.0185548
0	0	642	-0.00133112	-0.446883	0.0194582
0	0	644	-0.00177687	-0.531131	0.0204094
0	0	646	-0.00219687	-0.619339	0.0213705
0	0	648	-0.00258887	-0.711829	0.0222744
0	0	650	-0.00294958	-0.808686	0.0230184
0	0	652	-0.00327627	-0.909581	0.0234498
0	0	654	-0.00356595	-1.01365	0.0234248
0	0	656	-0.00381564	-1.11934	0.0228033
0	0	658	-0.00402179	-1.22441	0.021465
0	0	660	-0.00418445	-1.32603	0.0193782
0	0	662	-0.00430186	-1.42099	0.0166164
0	0	664	-0.00437865	-1.50608	0.013357
0	0	666	-0.00442274	-1.57862	0.00985343
0	0	668	-0.0044421	-1.63678	0.00636834
0	0	670	-0.00444737	-1.67983	0.00310116
0	0	672	-0.00444712	-1.70789	0.00010952
0	0	674	-0.00445125	-1.72152	-0.00268295
0	0	676	-0.00447147	-1.72117	-0.00540545
0	0	678	-0.00451317	-1.70682	-0.00815746
0	0	680	-0.00458036	-1.67807	-0.01094
0	0	682	-0.00467219	-1.63442	-0.0136271
0	0	684	-0.00477919	-1.57583	-0.0160019
0	0	686	-0.0048872	-1.50314	-0.0178273
0	0	688	-0.00498361	-1.41828	-0.0189631
0	0	690	-0.0050556	-1.32395	-0.0193769
0	0	692	-0.005095	-1.22327	-0.0191392
0	0	694	-0.0051007	-1.11933	-0.0184052
0	0	696	-0.00507185	-1.01487	-0.0173552
0	0	698	-0.0050103	-0.91203	-0.0161741
0	0	700	-0.00491611	-0.812292	-0.0150121
0	0	702	-0.0047892	-0.716479	-0.0139758
0	0	704	-0.0046311	-0.624892	-0.0131332
0	0	706	-0.00444349	-0.537456	-0.0124987
0	0	708	-0.00423119	-0.453845	-0.0120613
0	0	710	-0.00400206	-0.373584	-0.0118142
0	0	712	-0.00376554	-0.296159	-0.0117383
0	0	714	-0.00353014	-0.221017	-0.0118149
0	0	716	-0.00330389	-0.147575	-0.0120274
0	0	718	-0.00309121	-0.0752701	-0.0123697
0	0	720	-0.00289484	-0.00353305	-0.0128392
0	0	722	-0.00271227	0.0682088	-0.0134173
0	0	724	-0.00253664	0.140525	-0.0141008
0	0	726	-0.00235672	0.21399	-0.0148878
0	0	728	-0.00215702	0.289199	-0.0157791
0	0	730	-0.00191787	0.366747	-0.0167622
0	0	732	-0.0016219	0.447222	-0.0178271
0	0	734	-0.00125407	0.531189	-0.0189642
0	0	736	-0.0008031	0.619124	-0.0201468
0	0	738	-0.00026741	0.711363	-0.0213133
0	0	740	0.00034693	0.807998	-0.0223668
0	0	742	0.00102435	0.908735	-0.0231903
0	0	744	0.00174134	1.01273	-0.023637
0	0	746	0.00247002	1.11845	-0.0235324
0	0	748	0.00317925	1.22367	-0.0227327
0	0	750	0.00383822	1.3256	-0.0211683
0	0	752	0.00442074	1.42102	-0.0188384
0	0	754	0.00490666	1.50673	-0.0158291
0	0	756	0.00528533	1.57994	-0.0123283
0	0	758	0.00555337	1.63878	-0.00858273
0	0	760	0.0057161	1.6824	-0.00481807
0	0	762	0.00578117	1.71091	-0.0011423
0	0	764	0.00575827	1.72483	0.00245673
0	0	766	0.00565752	1.72457	0.00607079
0	0	768	0.00548732	1.71011	0.00978018
0	0	770	0.00525561	1.68096	0.0135644
0	0	772	0.00497113	1.63658	0.0172699
0	0	774	0.00464327	1.57693	0.0206375
0	0	776	0.00428248	1.50291	0.0233896
0	0	778	0.00389999	1.41655	0.0253234
0	0	780	0.00350742	1.32066	0.0263746
0	0	782	0.00311485	1.21844	0.0265855
0	0	784	0.0027314	1.113	0.026102
0	0	786	0.00236639	1.00706	0.0250922
0	0	788	0.00202509	0.902755	0.0237327
0	0	790	0.00171144	0.801617	0.0221947
0	0	792	0.00142654	0.704592	0.0206157
0	0	794	0.00117379	0.612159	0.0190877
0	0	796	0.0009534	0.524431	0.0176593
0	0	798	0.00076456	0.441205	0.0163899
0	0	800	0.00060358	0.361998	0.0153208
0	0	802	0.00046371	0.28615	0.0144615
0	0	804	0.00033644	0.212901	0.0137886
0	0	806	0.00021457	0.141482	0.0132741
0	0	808	9.23e-05	0.0712136	0.0129017
0	0	810	-3.592e-05	0.00150275	0.0126466
0	0	812	-0.00017181	-0.0681925	0.0124971
0	0	814	-0.00031672	-0.138445	0.0124538
0	0	816	-0.00047486	-0.20986	0.012534
0	0	818	-0.00065035	-0.283107	0.0127469
0	0	820	-0.00084851	-0.358946	0.0130893
0	0	822	-0.00107534	-0.438166	0.01354
0	0	824	-0.00133483	-0.521434	0.0140655
0	0	826	-0.00162719	-0.609217	0.0146148
0	0	828	-0.00194816	-0.70173	0.0151339
0	0	830	-0.00229079	-0.798907	0.0155555
0	0	832	-0.00264628	-0.900302	0.0158026
0	0	834	-0.00300587	-1.005	0.0157875
0	0	836	-0.00336135	-1.11148	0.0154041
0	0	838	-0.00370529	-1.21755	0.0145535
0	0	840	-0.00403027	-1.32039	0.0131992
0	0	842	-0.00432908	-1.41678	0.011353
0	0	844	-0.00459717	-1.50344	0.00909948
0	0	846	-0.00482983	-1.57747	0.00659691
0	0	848	-0.00502427	-1.63692	0.00406154
0	0	850	-0.00518062	-1.68095	0.00166606
0	0	852	-0.0053028	-1.70971	-0.00053003
0	0	854	-0.00539559	-1.72377	-0.00258713
0	0	856	-0.00546383	-1.72364	-0.00463002
0	0	858	-0.00551107	-1.70937	-0.00677372
0	0	860	-0.00553737	-1.68056	-0.00905365
0	0	862	-0.00553838	-1.63675	-0.0113926
0	0	864	-0.00550325	-1.5779	-0.0136041
0	0	866	-0.0054222	-1.50486	-0.0154714
0	0	868	-0.00528471	-1.41958	-0.0168093
0	0	870	-0.00507903	-1.3248	-0.017521
0	0	872	-0.00480356	-1.22366	-0.0176359
0	0	874	-0.00446302	-1.1193	-0.0172822
0	0	876	-0.00406514	-1.01448	-0.0166182
0	0	878	-0.00362324	-0.911346	-0.0158154
0	0	880	-0.00315183	-0.811359	-0.0150314
0	0	882	-0.00266076	-0.715379	-0.0143685
0	0	884	-0.0021603	-0.623712	-0.0138915
0	0	886	-0.00165856	-0.536275	-0.0136042
0	0	888	-0.00116274	-0.45273	-0.0135068
0	0	890	-0.00067976	-0.37262	-0.0135869
0	0	892	-0.00021775	-0.295395	-0.0138221
0	0	894	0.00021736	-0.220461	-0.0141933
0	0	896	0.00061896	-0.147226	-0.0146821
0	0	898	0.00098254	-0.0751023	-0.0152855
0	0	900	0.00130809	-0.00351018	-0.0159937
0	0	902	0.0015994	0.0681324	-0.0167983
0	0	904	0.00186373	0.140383	-0.0177057
0	0	906	0.00210792	0.213799	-0.0187189
0	0	908	0.00233942	0.288955	-0.0198435
0	0	910	0.00256456	0.366417	-0.0210721
0	0	912	0.00278761	0.446762	-0.0223781
0	0	914	0.00301119	0.530533	-0.0237244
0	0	916	0.00323606	0.618228	-0.0250457
0	0	918	0.00346178	0.7102	-0.0262424
0	0	920	0.00368568	0.806583	-0.0271855
0	0	922	0.00390431	0.90712	-0.0277432
0	0	924	0.00411193	1.01099	-0.027768
0	0	926	0.00430104	1.11667	-0.0271069
0	0	928	0.00446466	1.22197	-0.0256685
0	0	930	0.00459597	1.32405	-0.0234294
0	0	932	0.00469027	1.41965	-0.0204541
0	0	934	0.00474879	1.50551	-0.0168907
0	0	936	0.00477544	1.57887	-0.0129703
0	0	938	0.00477588	1.63785	-0.00894932
0	0	940	0.00475879	1.68164	-0.00502399
0	0	942	0.00472729	1.71035	-0.00126848
0	0	944	0.00468409	1.72451	0.00235997
0	0	946	0.00462983	1.72457	0.00596755
0	0	948	0.0045614	1.71051	0.00964597
0	0	950	0.00447621	1.68193	0.0133848
0	0	952	0.00436963	1.63831	0.0170444
0	0	954	0.00424092	1.57962	0.0203854
0	0	956	0.00408744	1.50672	0.023136
0	0	958	0.00390873	1.42149	0.0250937
0	0	960	0.00370767	1.32667	0.0261762
0	0	962	0.00348724	1.22537	0.0264226
0	0	964	0.00325291	1.12074	0.0259669
0	0	966	0.00300911	1.01551	0.0249866
0	0	968	0.00275866	0.911879	0.0236751
0	0	970	0.00250483	0.811343	0.0222206
0	0	972	0.00225028	0.714797	0.0207745
0	0	974	0.00199387	0.622558	0.0194366
0	0	976	0.00173533	0.534567	0.0182609
0	0	978	0.00147351	0.450511	0.0172727
0	0	980	0.00120646	0.369927	0.0164811
0	0	982	0.00093332	0.292278	0.0158722
0	0	984	0.0006537	0.216994	0.0154247
0	0	986	0.00036496	0.143495	0.0151229
0	0	988	6.693e-05	0.0712069	0.0149551
0	0	990	-0.0002387	-0.0004374	0.0149005
0	0	992	-0.00055063	-0.0720088	0.0149468
0	0	994	-0.00086781	-0.144079	0.0150925
0	0	996	-0.00118653	-0.217244	0.0153378
0	0	998	-0.00150229	-0.292094	0.0156721
0	0	1000	-0.00181337	-0.369226	0.0160806
0	0	1002	-0.00211671	-0.449264	0.0165632
0	0	1004	-0.00240765	-0.532777	0.0170938
0	0	1006	-0.00268552	-0.620261	0.0176281
0	0	1008	-0.00294815	-0.712082	0.0180959
0	0	1010	-0.00319553	-0.808371	0.018426
0	0	1012	-0.00342917	-0.90883	0.0185211
0	0	1014	-0.0036502	-1.01259	0.0182551
0	0	1016	-0.00385592	-1.11813	0.0175248
0	0	1018	-0.00404305	-1.22326	0.0162732
0	0	1020	-0.00420848	-1.32515	0.014496
0	0	1022	-0.00434562	-1.42056	0.0122089
0	0	1024	-0.00445179	-1.50632	0.00952679
0	0	1026	-0.00452484	-1.57969	0.00663987
0	0	1028	-0.00456472	-1.63877	0.00374533
0	0	1030	-0.00456874	-1.68273	0.00097651
0	0	1032	-0.00453689	-1.71167	-0.0016258
0	0	1034	-0.00446822	-1.72607	-0.0041303
0	0	1036	-0.00436115	-1.72629	-0.00667424
0	0	1038	-0.00421346	-1.71223	-0.0093625
0	0	1040	-0.00402012	-1.68334	-0.0121943
0	0	1042	-0.00377411	-1.63901	-0.0150348
0	0	1044	-0.00347073	-1.57916	-0.0176313
0	0	1046	-0.00311324	-1.50476	-0.0197159
0	0	1048	-0.0027132	-1.41793	-0.0210962
0	0	1050	-0.00228685	-1.32168	-0.0217133
0	0	1052	-0.00185768	-1.21933	-0.021648
0	0	1054	-0.00144767	-1.11407	-0.0210288
0	0	1056	-0.00107356	-1.00859	-0.0200149
0	0	1058	-0.00074433	-0.904962	-0.0187742
0	0	1060	-0.00046224	-0.804616	-0.0174557
0	0	1062	-0.00022551	-0.708338	-0.0161851
0	0	1064	-2.645e-05	-0.616402	-0.0150383
0	0	1066	0.0001431	-0.528715	-0.0140547
0	0	1068	0.00029182	-0.444951	-0.0132552
0	0	1070	0.00042781	-0.364636	-0.0126324
0	0	1072	0.00055908	-0.287249	-0.0121644
0	0	1074	0.000693	-0.212229	-0.01183
0	0	1076	0.00083327	-0.139006	-0.0116302
0	0	1078	0.00098353	-0.0670177	-0.0115673
0	0	1080	0.0011443	0.00430037	-0.0116477
0	0	1082	0.00131972	0.075531	-0.01188
0	0	1084	0.00151489	0.147257	-0.0122804
0	0	1086	0.00173347	0.220061	-0.0128459
0	0	1088	0.0019807	0.294544	-0.0135694
0	0	1090	0.00225942	0.371313	-0.014432
0	0	1092	0.00256982	0.450984	-0.0154229
0	0	1094	0.0029073	0.534112	-0.0165244
0	0	1096	0.0032655	0.621207	-0.0176854
0	0	1098	0.0036365	0.712678	-0.0188515
0	0	1100	0.00400714	0.808679	-0.0199338
0	0	1102	0.00436671	0.908976	-0.0208171
0	0	1104	0.00470267	1.01282	-0.021365
0	0	1106	0.0050045	1.11885	-0.0214283
0	0	1108	0.00526471	1.22495	-0.0208783
0	0	1110	0.00547933	1.32833	-0.0196201
0	0	1112	0.00564496	1.42574	-0.0176198
0	0	1114	0.00576292	1.51376	-0.014949
0	0	1116	0.00583385	1.5893	-0.0117799
0	0	1118	0.00586231	1.65017	-0.00835342
0	0	1120	0.00585637	1.69541	-0.00488805
0	0	1122	0.00582167	1.7251	-0.001486
0	0	1124	0.00576607	1.73987	0.00186573
0	0	1126	0.00569427	1.74032	0.00525474
0	0	1128	0.00560748	1.7266	0.00876033
0	0	1130	0.00550622	1.69841	0.0123817
0	0	1132	0.00539153	1.65532	0.0159991
0	0	1134	0.00526141	1.59735	0.0193912
0	0	1136	0.00511431	1.52533	0.0223048
0	0	1138	0.00494979	1.44115	0.0245281
0	0	1140	0.00476569	1.34749	0.0259471
0	0	1142	0.00456461	1.24743	0.0265663
0	0	1144	0.00434976	1.14409	0.0264706
0	0	1146	0.0041253	1.0402	0.0258075
0	0	1148	0.00389564	0.937924	0.0247526
0	0	1150	0.00366687	0.838788	0.0234816
0	0	1152	0.00344136	0.743679	0.0221247
0	0	1154	0.00322113	0.65292	0.0207844
0	0	1156	0.0030066	0.566437	0.0195299
0	0	1158	0.00279678	0.483914	0.0184049
0	0	1160	0.00258951	0.4049	0.0174254
0	0	1162	0.00238047	0.328854	0.0165906
0	0	1164	0.00216597	0.2552	0.0158887
0	0	1166	0.0019418	0.183357	0.0153136
0	0	1168	0.0017062	0.112757	0.0148517
0	0	1170	0.00145778	0.0428178	0.0144755
0	0	1172	0.00119624	-0.027041	0.0141725
0	0	1174	0.00092109	-0.0973733	0.0139288
0	0	1176	0.00063271	-0.168742	0.0137403
0	0	1178	0.00033155	-0.241724	0.0135965
0	0	1180	1.787e-05	-0.316907	0.0134785
0	0	1182	-0.00030732	-0.394874	0.0133896
0	0	1184	-0.00064373	-0.476188	0.013321
0	0	1186	-0.00098783	-0.56134	0.0132556
0	0	1188	-0.00133611	-0.65071	0.0131572
0	0	1190	-0.00168519	-0.744406	0.0129802
0	0	1192	-0.00203147	-0.842159	0.012675
0	0	1194	-0.00237199	-0.943166	0.0121609
0	0	1196	-0.00270263	-1.04595	0.0113499
0	0	1198	-0.00301641	-1.14832	0.010184
0	0	1200	-0.0033091	-1.24746	0.00864857
0	0	1202	-0.00357536	-1.34019	0.00675614
0	0	1204	-0.00381088	-1.42333	0.00456276
0	0	1206	-0.00401693	-1.49414	0.00220426
0	0	1208	-0.00419209	-1.55079	-0.00016987
0	0	1210	-0.00433808	-1.59254	-0.00246267
0	0	1212	-0.00445935	-1.61953	-0.00466812
0	0	1214	-0.00456044	-1.6323	-0.00687837
0	0	1216	-0.00464543	-1.63119	-0.00923175
0	0	1218	-0.00471628	-1.61598	-0.011822
0	0	1220	-0.00477029	-1.58597	-0.0146091
0	0	1222	-0.00480173	-1.54028	-0.0174006
0	0	1224	-0.00480218	-1.47859	-0.0198787
0	0	1226	-0.00476221	-1.40161	-0.0216903
0	0	1228	-0.00467671	-1.31126	-0.0225776
0	0	1230	-0.00454614	-1.21039	-0.0224408
0	0	1232	-0.00437441	-1.10221	-0.0213455
0	0	1234	-0.00417171	-0.989758	-0.0194753
0	0	1236	-0.00394705	-0.87567	-0.0170601
0	0	1238	-0.00371019	-0.761982	-0.0143488
0	0	1240	-0.00346416	-0.6501	-0.0115602
0	0	1242	-0.00320687	-0.540803	-0.00885968
0	0	1244	-0.00293079	-0.434356	-0.00633405
0	0	1246	-0.00262792	-0.330631	-0.00401736
0	0	1248	-0.002295	-0.229248	-0.0019096
0	0	1250	-0.00193703	-0.129711	1.21e-05
0	0	1252	-0.0015641	-0.0314809	0.00181194
0	0	1254	-0.00118939	0.0658184	0.00355614
0	0	1256	-0.00082396	0.162282	0.00530854
0	0	1258	-0.0004758	0.257564	0.0071067
0	0	1260	-0.00015249	0.350685	0.00895006
0	0	1262	0.00013827	0.439869	0.0107625
0	0	1264	0.00038477	0.522578	0.0123155
0	0	1266	0.00057118	0.595777	0.0132536
0	0	1268	0.00067965	0.656453	0.0131589
0	0	1270	0.00069359	0.702268	0.0116646
0	0	1272	0.00059641	0.731928	0.00853803
0	0	1274	0.00037336	0.745204	0.00371079
0	0	1276	1.184e-05	0.742716	-0.00278663
0	0	1278	-0.00049168	0.725783	-0.0108581
0	0	1280	-0.00112862	0.696486	-0.020268
0	0	1282	-0.00187182	0.657703	-0.0305187
0	0	1284	-0.0026667	0.612867	-0.0408372
0	0	1286	-0.00343939	0.565407	-0.0503306
0	0	1288	-0.00411042	0.518184	-0.0581749
0	0	1290	-0.00461353	0.473204	-0.0637637
0	0	1292	-0.00491122	0.431608	-0.066757
0	0	1294	-0.00500346	0.393891	-0.0670428
0	0	1296	-0.00491743	0.360106	-0.0646813
0	0	1298	-0.00469601	0.330002	-0.0598598
0	0	1300	-0.00438461	0.303129	-0.0528664
0	0	1302	-0.00402511	0.278897	-0.0440899
0	0	1304	-0.00364967	0.256666	-0.0340198
0	0	1306	-0.00328094	0.235821	-0.0232522
0	0	1308	-0.00293427	0.215865	-0.0124734
0	0	1310	-0.00261861	0.196528	-0.00239098
0	0	1312	-0.00233884	0.177815	0.00638296
0	0	1314	-0.00209571	0.159942	0.0134678
0	0	1316	-0.00188686	0.143198	0.0187661
0	0	1318	-0.00170848	0.127829	0.022406
0	0	1320	-0.00155677	0.113968	0.0246496
0	0	1322	-0.00142597	0.101626	0.0258016
0	0	1324	-0.00131243	0.0907244	0.0261513
0	0	1326	-0.00121225	0.0811332	0.0259364
0	0	1328	-0.0011216	0.0727056	0.0253408
0	0	1330	-0.00103919	0.0652937	0.0245057
0	0	1332	-0.000962	0.0587568	0.023532
0	0	1334	-0.00088815	0.0529719	0.0224886
0	0	1336	-0.00081827	0.0478331	0.0214224
0	0	1338	-0.00075043	0.0432522	0.0203637
0	0	1340	-0.00068442	0.0391578	0.01933
0	0	1342	-0.0006202	0.0354912	0.0183267
0	0	1344	-0.00055769	0.0322076	0.0173507
0	0	1346	-0.00049591	0.0292775	0.0163918
0	0	1348	-0.00043541	0.0266797	0.0154331
0	0	1350	-0.00037772	0.0244028	0.0144495
0	0	1352	-0.00032265	0.0224452	0.0134121
0	0	1354	-0.00027088	0.0208053	0.0122952
0	0	1356	-0.00022316	0.019479	0.0110809
0	0	1358	-0.00018002	0.0184533	0.0097768
0	0	1360	-0.00014205	0.0176983	0.00841986
0	0	1362	-0.00010942	0.017171	0.00707451
0	0	1364	-8.208e-05	0.0168202	0.00581027
0	0	1366	-6.024e-05	0.0165968	0.00468219
0	0	1368	-4.316e-05	0.0164584	0.00371851
0	0	1370	-2.843e-05	0.0163738	0.00292138
0	0	1372	-1.759e-05	0.0163229	0.00227765
0	0	1374	-8.88e-06	0.0162912	0.00176605
0	0	1376	-1.7e-06	0.0162714	0.00136314
0	0	1378	3.49e-06	0.0162575	0.00104828
0	0	1380	7.68e-06	0.0162473	0.00080368
0	0	1382	1.093e-05	0.0162373	0.00061389
0	0	1384	1.392e-05	0.016227	0.0004674
0	0	1386	1.565e-05	0.0162152	0.00035583
0	0	1388	1.589e-05	0.0161995	0.00027047
0	0	1390	1.692e-05	0.0161786	0.0002069
0	0	1392	1.803e-05	0.0161488	0.00016049
0	0	1394	1.91e-05	0.0161044	0.00012895
0	0	1396	1.925e-05	0.0160367	0.00011019
0	0	1398	1.99e-05	0.0159327	0.00010329
0	0	1400	1.987e-05	0.0157739	0.00010805
0	0	1402	2.033e-05	0.0155336	0.00012573
0	0	1404	2.028e-05	0.0151787	0.00015627
0	0	1406	1.985e-05	0.0146783	0.00019837
0	0	1408	1.98e-05	0.0140131	0.00024993
0	0	1410	1.974e-05	0.0131919	0.00030701
0	0	1412	1.974e-05	0.0122526	0.00036252
0	0	1414	1.953e-05	0.0112554	0.00041159
0	0	1416	1.959e-05	0.0102643	0.00045126
0	0	1418	2.036e-05	0.00932662	0.00048038
0	0	1420	2.058e-05	0.00847001	0.00049978
0	0	1422	2.112e-05	0.00770488	0.00051221
0	0	1424	2.134e-05	0.00703055	0.00051971
0	0	1426	2.267e-05	0.00643912	0.00052397
0	0	1428	2.403e-05	0.00592143	0.00052532
0	0	1430	2.517e-05	0.0054678	0.00052473
0	0	1432	2.659e-05	0.00506841	0.00052262
0	0	1434	2.771e-05	0.00471501	0.00052018
0	0	1436	2.88e-05	0.00440162	0.00051635
0	0	1438	3.001e-05	0.00412215	0.00051245
0	0	1440	3.121e-05	0.00387154	0.00050763
0	0	1442	3.188e-05	0.00364544	0.00050289
0	0	1444	3.26e-05	0.00344116	0.00049721
0	0	1446	3.373e-05	0.00325555	0.00049153
0	0	1448	3.484e-05	0.00308606	0.0004857
0	0	1450	3.633e-05	0.00293085	0.00047973
0	0	1452	3.693e-05	0.00278765	0.00047363
0	0	1454	3.745e-05	0.00265602	0.00046764
0	0	1456	3.838e-05	0.0025345	0.00046162
0	0	1458	3.882e-05	0.00242108	0.00045521
0	0	1460	3.937e-05	0.00231559	0.00044925
0	0	1462	3.987e-05	0.0022174	0.00044237
0	0	1464	4.025e-05	0.00212572	0.00043605
0	0	1466	4.051e-05	0.00203974	0.00042949
0	0	1468	4.078e-05	0.00195858	0.00042294
0	0	1470	4.138e-05	0.00188247	0.00041626
0	0	1472	4.119e-05	0.00181125	0.0004096
0	0	1474	4.168e-05	0.00174362	0.00040293
0	0	1476	4.193e-05	0.00167915	0.00039657
0	0	1478	4.18e-05	0.00161831	0.00039001
0	0	1480	4.158e-05	0.0015605	0.0003844
0	0	1482	4.179e-05	0.00150572	0.00037819
0	0	1484	4.171e-05	0.00145365	0.00037173
0	0	1486	4.157e-05	0.0014041	0.00036519
0	0	1488	4.138e-05	0.00135656	0.00035972
0	0	1490	4.099e-05	0.00131147	0.0003532
0	0	1492	4.073e-05	0.00126865	0.00034693
0	0	1494	4.037e-05	0.00122706	0.0003415
0	0	1496	4.059e-05	0.00118751	0.00033557
0	0	1498	3.961e-05	0.00114947	0.00032973
0	0	1500	3.934e-05	0.00111375	0.00032429
0	0	1502	3.926e-05	0.00107914	0.00031857
0	0	1504	3.897e-05	0.00104625	0.00031306
0	0	1506	3.869e-05	0.00101409	0.00030783
0	0	1508	3.791e-05	0.00098315	0.00030288
0	0	1510	3.696e-05	0.00095351	0.00029794
0	0	1512	3.677e-05	0.00092535	0.0002924
0	0	1514	3.687e-05	0.0008982	0.00028694
0	0	1516	3.644e-05	0.00087198	0.00028213
0	0	1518	3.558e-05	0.00084668	0.00027734
0	0	1520	3.516e-05	0.00082182	0.0002723
0	0	1522	3.445e-05	0.00079836	0.00026801
0	0	1524	3.431e-05	0.00077546	0.00026322
0	0	1526	3.341e-05	0.00075356	0.00025863
0	0	1528	3.259e-05	0.00073242	0.00025409
0	0	1530	3.278e-05	0.00071213	0.00024989
0	0	1532	3.232e-05	0.00069262	0.00024561
0	0	1534	3.148e-05	0.00067349	0.00024121
0	0	1536	3.096e-05	0.00065494	0.00023709
0	0	1538	3.045e-05	0.00063702	0.00023298
0	0	1540	3.028e-05	0.00062006	0.0002292
0	0	1542	2.971e-05	0.00060352	0.00022533
0	0	1544	2.908e-05	0.00058792	0.0002215
0	0	1546	2.871e-05	0.00057242	0.00021771
0	0	1548	2.832e-05	0.00055729	0.00021414
0	0	1550	2.759e-05	0.0005428	0.00021068
0	0	1552	2.749e-05	0.00052817	0.00020734
0	0	1554	2.667e-05	0.00051444	0.00020397
0	0	1556	2.604e-05	0.00050154	0.00020048
0	0	1558	2.58e-05	0.00048826	0.0001974
0	0	1560	2.524e-05	0.00047613	0.00019461
0	0	1562	2.457e-05	0.00046409	0.0001918
0	0	1564	2.357e-05	0.00045234	0.00018909
0	0	1566	2.404e-05	0.0004411	0.00018548
0	0	1568	2.392e-05	0.00043024	0.00018232
0	0	1570	2.319e-05	0.00041971	0.00017964
0	0	1572	2.231e-05	0.00040937	0.00017668
0	0	1574	2.195e-05	0.00039904	0.00017352
0	0	1576	2.142e-05	0.00038965	0.00017092
0	0	1578	2.076e-05	0.00038008	0.00016871
0	0	1580	2.041e-05	0.00037139	0.00016633
0	0	1582	2.044e-05	0.00036314	0.00016383
0	0	1584	2.023e-05	0.00035409	0.00016106
0	0	1586	1.915e-05	0.00034591	0.00015862
0	0	1588	1.845e-05	0.00033741	0.00015614
0	0	1590	1.852e-05	0.00032961	0.00015346
0	0	1592	1.815e-05	0.00032203	0.0001513
0	0	1594	1.792e-05	0.00031473	0.00014929
0	0	1596	1.752e-05	0.00030751	0.00014716
0	0	1598	1.711e-05	0.00030026	0.00014485
0	0	1600	1.664e-05	0.00029273	0.00014211
0	0	1602	1.593e-05	0.00028621	0.00014036
0	0	1604	1.553e-05	0.00028056	0.00013902
0	0	1606	1.532e-05	0.00027384	0.00013683
0	0	1608	1.468e-05	0.00026771	0.00013438
0	0	1610	1.427e-05	0.00026142	0.00013261
0	0	1612	1.388e-05	0.00025587	0.00013113
0	0	1614	1.357e-05	0.0002505	0.00012947
0	0	1616	1.317e-05	0.00024502	0.00012751
0	0	1618	1.252e-05	0.00023962	0.00012564
0	0	1620	1.208e-05	0.00023415	0.00012375
0	0	1622	1.136e-05	0.00022945	0.00012157
0	0	1624	1.066e-05	0.00022453	0.00011962
0	0	1626	9.93e-06	0.00021966	0.00011841
0	0	1628	1e-05	0.00021498	0.00011665
0	0	1630	9.82e-06	0.00021024	0.00011534
0	0	1632	9.96e-06	0.00020635	0.00011389
0	0	1634	9.26e-06	0.000202	0.00011216
0	0	1636	8.46e-06	0.00019759	0.00011096
0	0	1638	8.01e-06	0.00019354	0.00010939
0	0	1640	7.06e-06	0.00018953	0.0001079
0	0	1642	7.11e-06	0.00018543	0.00010649
0	0	1644	6.76e-06	0.00018224	0.00010506
0	0	1646	6.21e-06	0.00017823	0.00010308
0	0	1648	5.75e-06	0.00017493	0.00010181
0	0	1650	4.84e-06	0.0001708	9.945e-05
