X[mm]	Y[mm]	Z[mm]	Bx[T]	By[T]	Bz[T]
----------------------------------------------------------------------------------------------------------------------------------------------------------------
0	0	-1650	8.97e-06	-5.788e-05	-5.107e-05
0	0	-1648	8.7e-06	-5.961e-05	-5.177e-05
0	0	-1646	8.57e-06	-6.129e-05	-5.295e-05
0	0	-1644	8.62e-06	-6.282e-05	-5.407e-05
0	0	-1642	8.83e-06	-6.406e-05	-5.528e-05
0	0	-1640	9.16e-06	-6.528e-05	-5.586e-05
0	0	-1638	8.86e-06	-6.611e-05	-5.669e-05
0	0	-1636	9.13e-06	-6.817e-05	-5.767e-05
0	0	-1634	9.29e-06	-7.004e-05	-5.884e-05
0	0	-1632	9.4e-06	-7.158e-05	-6.042e-05
0	0	-1630	9.42e-06	-7.339e-05	-6.13e-05
0	0	-1628	9.78e-06	-7.498e-05	-6.191e-05
0	0	-1626	9.93e-06	-7.685e-05	-6.359e-05
0	0	-1624	1.03e-05	-7.893e-05	-6.521e-05
0	0	-1622	1.013e-05	-8.083e-05	-6.633e-05
0	0	-1620	1.012e-05	-8.24e-05	-6.744e-05
0	0	-1618	1.047e-05	-8.412e-05	-6.834e-05
0	0	-1616	1.043e-05	-8.616e-05	-6.975e-05
0	0	-1614	1.051e-05	-8.836e-05	-7.072e-05
0	0	-1612	1.077e-05	-9.017e-05	-7.228e-05
0	0	-1610	1.109e-05	-9.253e-05	-7.361e-05
0	0	-1608	1.122e-05	-9.444e-05	-7.502e-05
0	0	-1606	1.143e-05	-9.677e-05	-7.705e-05
0	0	-1604	1.169e-05	-9.885e-05	-7.855e-05
0	0	-1602	1.192e-05	-0.0001013	-7.978e-05
0	0	-1600	1.169e-05	-0.00010399	-8.167e-05
0	0	-1598	1.221e-05	-0.00010651	-8.276e-05
0	0	-1596	1.235e-05	-0.00010891	-8.481e-05
0	0	-1594	1.264e-05	-0.00011123	-8.666e-05
0	0	-1592	1.303e-05	-0.00011376	-8.734e-05
0	0	-1590	1.341e-05	-0.00011621	-8.939e-05
0	0	-1588	1.292e-05	-0.00011891	-9.119e-05
0	0	-1586	1.326e-05	-0.00012173	-9.282e-05
0	0	-1584	1.38e-05	-0.00012441	-9.444e-05
0	0	-1582	1.394e-05	-0.00012712	-9.63e-05
0	0	-1580	1.406e-05	-0.00013003	-9.837e-05
0	0	-1578	1.435e-05	-0.00013304	-0.00010007
0	0	-1576	1.474e-05	-0.00013605	-0.00010264
0	0	-1574	1.479e-05	-0.00013947	-0.00010492
0	0	-1572	1.529e-05	-0.00014212	-0.00010661
0	0	-1570	1.527e-05	-0.00014543	-0.00010881
0	0	-1568	1.556e-05	-0.00014816	-0.00011074
0	0	-1566	1.584e-05	-0.00015146	-0.00011303
0	0	-1564	1.634e-05	-0.00015517	-0.00011547
0	0	-1562	1.658e-05	-0.00015864	-0.00011744
0	0	-1560	1.716e-05	-0.00016205	-0.00011951
0	0	-1558	1.7e-05	-0.00016557	-0.00012229
0	0	-1556	1.741e-05	-0.00016935	-0.00012477
0	0	-1554	1.762e-05	-0.00017307	-0.00012728
0	0	-1552	1.753e-05	-0.00017664	-0.00012999
0	0	-1550	1.763e-05	-0.00018015	-0.00013284
0	0	-1548	1.788e-05	-0.00018387	-0.00013516
0	0	-1546	1.832e-05	-0.00018785	-0.00013775
0	0	-1544	1.892e-05	-0.00019276	-0.00014047
0	0	-1542	1.927e-05	-0.00019645	-0.00014258
0	0	-1540	1.964e-05	-0.00019991	-0.00014604
0	0	-1538	1.999e-05	-0.00020413	-0.00014922
0	0	-1536	2.04e-05	-0.00020841	-0.00015204
0	0	-1534	2.112e-05	-0.00021258	-0.00015444
0	0	-1532	2.093e-05	-0.00021654	-0.00015748
0	0	-1530	2.113e-05	-0.00022097	-0.00016109
0	0	-1528	2.168e-05	-0.00022534	-0.00016425
0	0	-1526	2.168e-05	-0.00022975	-0.00016761
0	0	-1524	2.231e-05	-0.00023397	-0.00017111
0	0	-1522	2.263e-05	-0.00023855	-0.00017483
0	0	-1520	2.278e-05	-0.00024311	-0.00017787
0	0	-1518	2.327e-05	-0.00024771	-0.00018118
0	0	-1516	2.345e-05	-0.00025197	-0.00018499
0	0	-1514	2.362e-05	-0.00025651	-0.00018853
0	0	-1512	2.365e-05	-0.00026081	-0.00019229
0	0	-1510	2.409e-05	-0.00026532	-0.00019611
0	0	-1508	2.468e-05	-0.00027049	-0.00019984
0	0	-1506	2.494e-05	-0.00027512	-0.00020416
0	0	-1504	2.534e-05	-0.00027919	-0.00020809
0	0	-1502	2.546e-05	-0.00028402	-0.00021199
0	0	-1500	2.6e-05	-0.00028861	-0.00021551
0	0	-1498	2.643e-05	-0.00029318	-0.00021952
0	0	-1496	2.641e-05	-0.000298	-0.00022383
0	0	-1494	2.647e-05	-0.00030257	-0.00022846
0	0	-1492	2.642e-05	-0.00030667	-0.00023282
0	0	-1490	2.676e-05	-0.00031132	-0.0002368
0	0	-1488	2.676e-05	-0.00031599	-0.00024112
0	0	-1486	2.667e-05	-0.00031933	-0.00024546
0	0	-1484	2.709e-05	-0.00032387	-0.00024975
0	0	-1482	2.728e-05	-0.00032841	-0.00025392
0	0	-1480	2.723e-05	-0.00033261	-0.00025893
0	0	-1478	2.719e-05	-0.00033667	-0.00026343
0	0	-1476	2.686e-05	-0.00034024	-0.00026802
0	0	-1474	2.679e-05	-0.0003439	-0.00027243
0	0	-1472	2.693e-05	-0.00034774	-0.00027656
0	0	-1470	2.682e-05	-0.00035119	-0.00028094
0	0	-1468	2.627e-05	-0.00035494	-0.00028566
0	0	-1466	2.624e-05	-0.00035877	-0.00028997
0	0	-1464	2.647e-05	-0.0003621	-0.00029451
0	0	-1462	2.62e-05	-0.00036581	-0.0002988
0	0	-1460	2.522e-05	-0.00036941	-0.00030313
0	0	-1458	2.491e-05	-0.00037338	-0.00030705
0	0	-1456	2.464e-05	-0.00037696	-0.00031096
0	0	-1454	2.366e-05	-0.00038042	-0.00031508
0	0	-1452	2.337e-05	-0.00038395	-0.00031864
0	0	-1450	2.308e-05	-0.00038815	-0.000322
0	0	-1448	2.226e-05	-0.00039283	-0.0003256
0	0	-1446	2.093e-05	-0.0003983	-0.00032894
0	0	-1444	2.025e-05	-0.00040395	-0.00033166
0	0	-1442	1.94e-05	-0.00041003	-0.00033424
0	0	-1440	1.858e-05	-0.0004171	-0.00033658
0	0	-1438	1.746e-05	-0.00042483	-0.00033835
0	0	-1436	1.658e-05	-0.00043445	-0.00033943
0	0	-1434	1.544e-05	-0.00044567	-0.0003402
0	0	-1432	1.392e-05	-0.00045881	-0.00034026
0	0	-1430	1.273e-05	-0.00047464	-0.00034002
0	0	-1428	1.162e-05	-0.00049328	-0.00033813
0	0	-1426	1.029e-05	-0.0005155	-0.00033515
0	0	-1424	9.01e-06	-0.00054212	-0.00033133
0	0	-1422	7.76e-06	-0.00057351	-0.00032556
0	0	-1420	6.12e-06	-0.00061068	-0.00031706
0	0	-1418	4.81e-06	-0.00065268	-0.0003065
0	0	-1416	3.13e-06	-0.0007001	-0.00029262
0	0	-1414	1.71e-06	-0.00075156	-0.00027523
0	0	-1412	7.4e-07	-0.00080443	-0.00025602
0	0	-1410	-1.5e-07	-0.00085462	-0.00023449
0	0	-1408	-1.27e-06	-0.00089987	-0.00021226
0	0	-1406	-2.41e-06	-0.00093761	-0.00019208
0	0	-1404	-3.95e-06	-0.00096815	-0.00017591
0	0	-1402	-4.8e-06	-0.00099195	-0.00016572
0	0	-1400	-5.89e-06	-0.00101028	-0.00016232
0	0	-1398	-6.7e-06	-0.00102462	-0.00016589
0	0	-1396	-8.18e-06	-0.00103698	-0.00017864
0	0	-1394	-9.19e-06	-0.00104678	-0.00020118
0	0	-1392	-1.063e-05	-0.00105569	-0.00023526
0	0	-1390	-1.252e-05	-0.00106443	-0.00028177
0	0	-1388	-1.449e-05	-0.00107306	-0.00034544
0	0	-1386	-1.738e-05	-0.00108265	-0.00042924
0	0	-1384	-1.951e-05	-0.00109404	-0.00053952
0	0	-1382	-2.262e-05	-0.00110852	-0.00068302
0	0	-1380	-2.603e-05	-0.00112889	-0.00086927
0	0	-1378	-3.041e-05	-0.00115865	-0.00110952
0	0	-1376	-3.616e-05	-0.0012046	-0.00141771
0	0	-1374	-4.372e-05	-0.00127704	-0.00181218
0	0	-1372	-5.283e-05	-0.00139146	-0.00231247
0	0	-1370	-6.49e-05	-0.00157215	-0.0029401
0	0	-1368	-7.981e-05	-0.00185507	-0.00371327
0	0	-1366	-9.737e-05	-0.00228829	-0.00464335
0	0	-1364	-0.0001198	-0.00293289	-0.00572506
0	0	-1362	-0.00014758	-0.00385163	-0.00692662
0	0	-1360	-0.0001798	-0.00509561	-0.00819284
0	0	-1358	-0.00021691	-0.00669077	-0.00945844
0	0	-1356	-0.00025858	-0.00862989	-0.0106664
0	0	-1354	-0.00030437	-0.0108835	-0.0117857
0	0	-1352	-0.0003541	-0.0134152	-0.0128132
0	0	-1350	-0.00040731	-0.0161962	-0.0137643
0	0	-1348	-0.00046332	-0.01921	-0.0146632
0	0	-1346	-0.00052409	-0.0224587	-0.0155335
0	0	-1344	-0.00058888	-0.0259586	-0.0163927
0	0	-1342	-0.00065756	-0.0297358	-0.0172527
0	0	-1340	-0.00073112	-0.0338311	-0.0181169
0	0	-1338	-0.00081036	-0.0382952	-0.0189805
0	0	-1336	-0.00089576	-0.043189	-0.0198298
0	0	-1334	-0.00098777	-0.0485878	-0.0206387
0	0	-1332	-0.00108737	-0.0545756	-0.0213666
0	0	-1330	-0.00119542	-0.0612528	-0.0219583
0	0	-1328	-0.00131321	-0.0687282	-0.0223351
0	0	-1326	-0.0014421	-0.0771216	-0.0223909
0	0	-1324	-0.00158372	-0.0865562	-0.021988
0	0	-1322	-0.00173926	-0.0971492	-0.0209534
0	0	-1320	-0.00191077	-0.108999	-0.0190809
0	0	-1318	-0.00210014	-0.122164	-0.0161393
0	0	-1316	-0.00231014	-0.136639	-0.0119054
0	0	-1314	-0.00254368	-0.152355	-0.00620357
0	0	-1312	-0.00280381	-0.169195	0.00102462
0	0	-1310	-0.00309637	-0.187031	0.00966861
0	0	-1308	-0.00342455	-0.205826	0.019424
0	0	-1306	-0.00379045	-0.225717	0.029825
0	0	-1304	-0.0041927	-0.247028	0.0403217
0	0	-1302	-0.00462158	-0.270263	0.0503595
0	0	-1300	-0.00505935	-0.296033	0.0594336
0	0	-1298	-0.00547489	-0.324976	0.0671151
0	0	-1296	-0.0058269	-0.357667	0.0730487
0	0	-1294	-0.00606592	-0.394541	0.0769489
0	0	-1292	-0.00614492	-0.435813	0.0785877
0	0	-1290	-0.00603102	-0.481367	0.0777904
0	0	-1288	-0.00572391	-0.530549	0.0744537
0	0	-1286	-0.0052563	-0.581946	0.06856
0	0	-1284	-0.00469008	-0.633223	0.0602474
0	0	-1282	-0.00409348	-0.681158	0.0498951
0	0	-1280	-0.00352347	-0.722052	0.0381449
0	0	-1278	-0.00301358	-0.752401	0.025769
0	0	-1276	-0.00257249	-0.769403	0.0134623
0	0	-1274	-0.00219121	-0.771098	0.00171237
0	0	-1272	-0.00185107	-0.756196	-0.00915662
0	0	-1270	-0.00152978	-0.72403	-0.0188497
0	0	-1268	-0.0012064	-0.674761	-0.0270239
0	0	-1266	-0.00086289	-0.609669	-0.0333793
0	0	-1264	-0.00049105	-0.531182	-0.0377973
0	0	-1262	-8.941e-05	-0.442439	-0.0404216
0	0	-1260	0.00033661	-0.346677	-0.0416287
0	0	-1258	0.00078081	-0.246599	-0.0418592
0	0	-1256	0.0012381	-0.144105	-0.0415146
0	0	-1254	0.00170471	-0.0403628	-0.0408982
0	0	-1252	0.00217732	0.0639621	-0.0401821
0	0	-1250	0.00265145	0.168524	-0.0394691
0	0	-1248	0.00312096	0.273215	-0.0388454
0	0	-1246	0.00358153	0.378212	-0.0384025
0	0	-1244	0.00402751	0.484056	-0.0381844
0	0	-1242	0.00445607	0.591522	-0.0381027
0	0	-1240	0.00486675	0.701204	-0.0379726
0	0	-1238	0.00525509	0.813025	-0.0375621
0	0	-1236	0.00561512	0.926035	-0.0366263
0	0	-1234	0.00593866	1.03844	-0.0349834
0	0	-1232	0.00621725	1.14786	-0.0325759
0	0	-1230	0.00644284	1.25165	-0.0294521
0	0	-1228	0.00661315	1.3471	-0.0257079
0	0	-1226	0.00672552	1.43167	-0.0214567
0	0	-1224	0.00678199	1.50311	-0.016885
0	0	-1222	0.0067889	1.55984	-0.0122464
0	0	-1220	0.00675558	1.60126	-0.00774764
0	0	-1218	0.00669082	1.62768	-0.0034558
0	0	-1216	0.00660301	1.63976	0.00072168
0	0	-1214	0.00649978	1.63802	0.00498229
0	0	-1212	0.00638387	1.6224	0.00950819
0	0	-1210	0.00625834	1.59242	0.0143469
0	0	-1208	0.00612272	1.54752	0.0193559
0	0	-1206	0.00597689	1.48775	0.0242132
0	0	-1204	0.0058154	1.41412	0.028505
0	0	-1202	0.00562891	1.32877	0.0318797
0	0	-1200	0.00540553	1.23457	0.0341336
0	0	-1198	0.005135	1.13472	0.0352307
0	0	-1196	0.00481103	1.0323	0.035285
0	0	-1194	0.00443255	0.929945	0.0344892
0	0	-1192	0.00400494	0.829682	0.0330847
0	0	-1190	0.00353512	0.732839	0.0313121
0	0	-1188	0.00303349	0.640139	0.0293678
0	0	-1186	0.00251037	0.551775	0.0273988
0	0	-1184	0.0019736	0.467572	0.0254965
0	0	-1182	0.00143044	0.387142	0.0237272
0	0	-1180	0.00088656	0.309988	0.0221393
0	0	-1178	0.00034608	0.235549	0.020743
0	0	-1176	-0.0001899	0.163234	0.0195397
0	0	-1174	-0.00071893	0.0924561	0.0185298
0	0	-1172	-0.00124061	0.0226534	0.017708
0	0	-1170	-0.00175423	-0.0467375	0.0170604
0	0	-1168	-0.00225781	-0.116278	0.0165627
0	0	-1166	-0.00275008	-0.186542	0.0161972
0	0	-1164	-0.00322837	-0.2581	0.0159591
0	0	-1162	-0.00368918	-0.331548	0.015836
0	0	-1160	-0.00412958	-0.407484	0.0158059
0	0	-1158	-0.00454712	-0.486504	0.0158687
0	0	-1156	-0.00494093	-0.56915	0.0160279
0	0	-1154	-0.00531013	-0.655891	0.0162629
0	0	-1152	-0.00565573	-0.747051	0.0165228
0	0	-1150	-0.00597545	-0.842671	0.0167366
0	0	-1148	-0.0062658	-0.942377	0.0168172
0	0	-1146	-0.00652052	-1.04527	0.0166289
0	0	-1144	-0.00673346	-1.14975	0.0160389
0	0	-1142	-0.00689911	-1.25354	0.0149517
0	0	-1140	-0.0070127	-1.35379	0.0133137
0	0	-1138	-0.00707628	-1.44731	0.0111507
0	0	-1136	-0.00709448	-1.53092	0.00857411
0	0	-1134	-0.0070743	-1.60194	0.0057867
0	0	-1132	-0.00702526	-1.65858	0.00302658
0	0	-1130	-0.00695321	-1.70012	0.00046437
0	0	-1128	-0.00686265	-1.72671	-0.00186518
0	0	-1126	-0.00675484	-1.73886	-0.00405977
0	0	-1124	-0.00662866	-1.73692	-0.00628253
0	0	-1122	-0.00647997	-1.7208	-0.0086688
0	0	-1120	-0.00630203	-1.69	-0.0112319
0	0	-1118	-0.00608619	-1.64405	-0.0138329
0	0	-1116	-0.00582255	-1.58302	-0.0162148
0	0	-1114	-0.00550641	-1.50799	-0.018112
0	0	-1112	-0.00513885	-1.42107	-0.0193566
0	0	-1110	-0.00472342	-1.32511	-0.0199183
0	0	-1108	-0.00426864	-1.22326	-0.0198881
0	0	-1106	-0.00378687	-1.1186	-0.0194205
0	0	-1104	-0.00328898	-1.01377	-0.0186841
0	0	-1102	-0.0027857	-0.910826	-0.0178524
0	0	-1100	-0.00228634	-0.811156	-0.0170748
0	0	-1098	-0.00179666	-0.715531	-0.0164528
0	0	-1096	-0.00131853	-0.624189	-0.0160206
0	0	-1094	-0.00085007	-0.536998	-0.015786
0	0	-1092	-0.00039043	-0.453626	-0.01574
0	0	-1090	6.271e-05	-0.37361	-0.0158553
0	0	-1088	0.00051149	-0.29641	-0.0161072
0	0	-1086	0.00095579	-0.221451	-0.0164811
0	0	-1084	0.001395	-0.148171	-0.0169913
0	0	-1082	0.00182584	-0.0759954	-0.0176508
0	0	-1080	0.00224566	-0.00433094	-0.0184595
0	0	-1078	0.00265371	0.0674046	-0.0194278
0	0	-1076	0.00304702	0.139792	-0.0205567
0	0	-1074	0.00342387	0.213417	-0.0218408
0	0	-1072	0.00378308	0.288869	-0.02326
0	0	-1070	0.00412319	0.36674	-0.0248014
0	0	-1068	0.0044432	0.447614	-0.0264613
0	0	-1066	0.00474575	0.532033	-0.0282111
0	0	-1064	0.00503094	0.620481	-0.0299962
0	0	-1062	0.00530009	0.713292	-0.0317313
0	0	-1060	0.00555295	0.810552	-0.0333024
0	0	-1058	0.00578559	0.911914	-0.0345306
0	0	-1056	0.00599245	1.01646	-0.0351961
0	0	-1054	0.00616507	1.12262	-0.0350817
0	0	-1052	0.00629534	1.2281	-0.0340133
0	0	-1050	0.00637597	1.32999	-0.0318971
0	0	-1048	0.00640345	1.425	-0.0287412
0	0	-1046	0.0063786	1.50994	-0.0247018
0	0	-1044	0.00630432	1.5821	-0.0200713
0	0	-1042	0.00618794	1.63967	-0.0151908
0	0	-1040	0.00603928	1.68198	-0.0103355
0	0	-1038	0.0058657	1.70924	-0.00564227
0	0	-1036	0.00566946	1.72204	-0.00109388
0	0	-1034	0.00545311	1.72082	0.00342451
0	0	-1032	0.00521668	1.70553	0.00802617
0	0	-1030	0.00495665	1.67571	0.0127194
0	0	-1028	0.00467179	1.63086	0.0173553
0	0	-1026	0.0043605	1.571	0.0216618
0	0	-1024	0.00402641	1.49709	0.0253319
0	0	-1022	0.00367147	1.41112	0.0281094
0	0	-1020	0.00329976	1.3159	0.0298929
0	0	-1018	0.00291794	1.21456	0.0307298
0	0	-1016	0.0025326	1.11018	0.0307389
0	0	-1014	0.00215001	1.00543	0.0301107
0	0	-1012	0.00177259	0.902444	0.0290579
0	0	-1010	0.00140285	0.802632	0.0278006
0	0	-1008	0.00103747	0.706803	0.0264987
0	0	-1006	0.0006741	0.61523	0.0252464
0	0	-1004	0.00031051	0.527805	0.0241063
0	0	-1002	-5.564e-05	0.444204	0.0231185
0	0	-1000	-0.00042506	0.36396	0.0222935
0	0	-998	-0.00079692	0.286523	0.0216264
0	0	-996	-0.00116876	0.211325	0.0211163
0	0	-994	-0.00153875	0.137801	0.020768
0	0	-992	-0.00190546	0.0653652	0.0205827
0	0	-990	-0.00226919	-0.00656303	0.0205456
0	0	-988	-0.00263158	-0.0785481	0.0206461
0	0	-986	-0.00299508	-0.15117	0.020885
0	0	-984	-0.00336077	-0.225009	0.0212585
0	0	-982	-0.00372635	-0.300667	0.0217556
0	0	-980	-0.00408806	-0.378734	0.022373
0	0	-978	-0.0044398	-0.459808	0.0231047
0	0	-976	-0.0047731	-0.544441	0.0239365
0	0	-974	-0.00508271	-0.633125	0.0248333
0	0	-972	-0.00536396	-0.726196	0.0257314
0	0	-970	-0.00561467	-0.823725	0.0265433
0	0	-968	-0.00583605	-0.925366	0.0271421
0	0	-966	-0.00602773	-1.03022	0.0273607
0	0	-964	-0.00619112	-1.13669	0.0270222
0	0	-962	-0.00632416	-1.24246	0.0259922
0	0	-960	-0.00642509	-1.34459	0.0241905
0	0	-958	-0.00649267	-1.43981	0.0216156
0	0	-956	-0.00652893	-1.52491	0.0183712
0	0	-954	-0.00653274	-1.59716	0.0146728
0	0	-952	-0.00650564	-1.65478	0.0107943
0	0	-950	-0.00644713	-1.69708	0.00695679
0	0	-948	-0.00635831	-1.72426	0.00325752
0	0	-946	-0.006241	-1.73683	-0.00034816
0	0	-944	-0.00609206	-1.73518	-0.00399189
0	0	-942	-0.00590926	-1.71918	-0.00780118
0	0	-940	-0.0056861	-1.6883	-0.0117979
0	0	-938	-0.00541256	-1.64198	-0.0158495
0	0	-936	-0.00507982	-1.58021	-0.0196918
0	0	-934	-0.00468367	-1.50401	-0.0230118
0	0	-932	-0.00422618	-1.41549	-0.0255587
0	0	-930	-0.00371756	-1.31761	-0.0272248
0	0	-928	-0.00317247	-1.21369	-0.0280346
0	0	-926	-0.00261102	-1.10689	-0.0280935
0	0	-924	-0.00205072	-0.999927	-0.0275664
0	0	-922	-0.0015057	-0.894947	-0.0266315
0	0	-920	-0.00098858	-0.79343	-0.0254593
0	0	-918	-0.00050597	-0.696247	-0.0241728
0	0	-916	-6.234e-05	-0.603801	-0.02287
0	0	-914	0.00033815	-0.516152	-0.0216351
0	0	-912	0.00069593	-0.43308	-0.0205489
0	0	-910	0.00101127	-0.354079	-0.0196684
0	0	-908	0.00129163	-0.278444	-0.0190166
0	0	-906	0.00154584	-0.205392	-0.0185851
0	0	-904	0.0017854	-0.13416	-0.0183324
0	0	-902	0.00202058	-0.064045	-0.0182165
0	0	-900	0.00226337	0.00558403	-0.0181967
0	0	-898	0.00252337	0.0753113	-0.0182712
0	0	-896	0.00281095	0.145713	-0.0184616
0	0	-894	0.00313367	0.217418	-0.018801
0	0	-892	0.00349862	0.291139	-0.019324
0	0	-890	0.00390928	0.367633	-0.0200501
0	0	-888	0.0043645	0.447669	-0.0209691
0	0	-886	0.00485882	0.531904	-0.0220161
0	0	-884	0.00537958	0.620784	-0.0231193
0	0	-882	0.00590979	0.714495	-0.0241948
0	0	-880	0.00642838	0.812898	-0.0251516
0	0	-878	0.00691368	0.915465	-0.0258654
0	0	-876	0.00734573	1.02119	-0.0261747
0	0	-874	0.00771023	1.12847	-0.0259182
0	0	-872	0.00799601	1.235	-0.0249369
0	0	-870	0.00819902	1.33788	-0.0231378
0	0	-868	0.00832044	1.43385	-0.0205234
0	0	-866	0.00836646	1.51965	-0.0172161
0	0	-864	0.00834763	1.59245	-0.0134692
0	0	-862	0.0082769	1.65041	-0.00959199
0	0	-860	0.00816583	1.69284	-0.00582618
0	0	-858	0.00802413	1.72	-0.00227752
0	0	-856	0.00785544	1.73251	0.00110388
0	0	-854	0.00766029	1.73084	0.00445978
0	0	-852	0.00743625	1.71499	0.00791551
0	0	-850	0.00717848	1.68453	0.0114904
0	0	-848	0.00688364	1.63899	0.0150567
0	0	-846	0.00654893	1.57839	0.0183641
0	0	-844	0.00617355	1.50372	0.0211403
0	0	-842	0.00575703	1.41697	0.0231779
0	0	-840	0.00529924	1.32099	0.0244053
0	0	-838	0.00480342	1.21892	0.0248685
0	0	-836	0.00427495	1.11388	0.0246764
0	0	-834	0.00372323	1.00854	0.0239901
0	0	-832	0.00316003	0.905028	0.0229926
0	0	-830	0.0025953	0.804774	0.0218544
0	0	-828	0.00203929	0.708574	0.0207018
0	0	-826	0.00149872	0.616702	0.0196258
0	0	-824	0.00097853	0.529052	0.0186828
0	0	-822	0.00048133	0.445288	0.0179022
0	0	-820	6.28e-06	0.364927	0.0172932
0	0	-818	-0.00045114	0.287413	0.0168523
0	0	-816	-0.00089574	0.212176	0.0165728
0	0	-814	-0.00133353	0.138653	0.0164508
0	0	-812	-0.00176838	0.0662564	0.016483
0	0	-810	-0.00220449	-0.00559867	0.0166618
0	0	-808	-0.00264293	-0.0774834	0.0169848
0	0	-806	-0.00308184	-0.149967	0.0174481
0	0	-804	-0.00351722	-0.223634	0.0180578
0	0	-802	-0.00394256	-0.29909	0.0188062
0	0	-800	-0.00434816	-0.376927	0.0196845
0	0	-798	-0.00472412	-0.457723	0.0206818
0	0	-796	-0.00506066	-0.542044	0.0217695
0	0	-794	-0.00534805	-0.630384	0.0229074
0	0	-792	-0.00557877	-0.723059	0.0240199
0	0	-790	-0.00574754	-0.820124	0.0250065
0	0	-788	-0.0058523	-0.921237	0.0257302
0	0	-786	-0.00589129	-1.02549	0.0260231
0	0	-784	-0.00586823	-1.13128	0.025722
0	0	-782	-0.00578915	-1.23631	0.0246877
0	0	-780	-0.00566542	-1.3377	0.0228385
0	0	-778	-0.00551119	-1.43221	0.0201964
0	0	-776	-0.00534615	-1.51663	0.016897
0	0	-774	-0.00518861	-1.58826	0.0131774
0	0	-772	-0.00505393	-1.64534	0.00931346
0	0	-770	-0.00495274	-1.68719	0.00552355
0	0	-768	-0.00489149	-1.71403	0.00188868
0	0	-766	-0.00487485	-1.72641	-0.00164857
0	0	-764	-0.00490354	-1.72473	-0.00521903
0	0	-762	-0.00497488	-1.70891	-0.00893308
0	0	-760	-0.00508288	-1.67848	-0.0127815
0	0	-758	-0.00521779	-1.63292	-0.0166
0	0	-756	-0.00536235	-1.57229	-0.0201074
0	0	-754	-0.00549751	-1.49758	-0.0229929
0	0	-752	-0.00560535	-1.41084	-0.0250507
0	0	-750	-0.00567187	-1.31491	-0.0262256
0	0	-748	-0.00568594	-1.21297	-0.0265708
0	0	-746	-0.00564443	-1.10811	-0.0262268
0	0	-744	-0.00554587	-1.00301	-0.0253775
0	0	-742	-0.00539214	-0.899791	-0.0242172
0	0	-740	-0.00518516	-0.799871	-0.0229326
0	0	-738	-0.00492627	-0.704017	-0.0216489
0	0	-736	-0.00461887	-0.612493	-0.020461
0	0	-734	-0.004266	-0.525205	-0.0194287
0	0	-732	-0.00387363	-0.441801	-0.0185691
0	0	-730	-0.00344951	-0.361785	-0.0178967
0	0	-728	-0.00300316	-0.284589	-0.0174115
0	0	-726	-0.00254402	-0.209641	-0.0171061
0	0	-724	-0.00208192	-0.136347	-0.0169759
0	0	-722	-0.00162229	-0.0641148	-0.017017
0	0	-720	-0.00116885	0.00764685	-0.017223
0	0	-718	-0.00072159	0.0794976	-0.0175868
0	0	-716	-0.00027887	0.152003	-0.0180994
0	0	-714	0.00016458	0.225751	-0.0187504
0	0	-712	0.00061594	0.301341	-0.0195332
0	0	-710	0.00108153	0.379348	-0.0204387
0	0	-708	0.00156916	0.460342	-0.0214465
0	0	-706	0.00208437	0.544881	-0.0225214
0	0	-704	0.00262964	0.633446	-0.02362
0	0	-702	0.00320302	0.726349	-0.024667
0	0	-700	0.0037968	0.823639	-0.0255486
0	0	-698	0.00439782	0.924964	-0.0261317
0	0	-696	0.00499071	1.0294	-0.0262555
0	0	-694	0.00555241	1.13538	-0.0257574
0	0	-692	0.00606124	1.24057	-0.0245326
0	0	-690	0.0064978	1.34211	-0.0225246
0	0	-688	0.00684621	1.43679	-0.0197731
0	0	-686	0.00710109	1.52142	-0.0164354
0	0	-684	0.00726706	1.5933	-0.0127498
0	0	-682	0.0073564	1.65065	-0.00898804
0	0	-680	0.00738071	1.69281	-0.00535452
0	0	-678	0.00735159	1.71994	-0.00191944
0	0	-676	0.00728132	1.73261	0.00138263
0	0	-674	0.00717512	1.7312	0.00469027
0	0	-672	0.0070376	1.71567	0.00812208
0	0	-670	0.00687387	1.68556	0.0116884
0	0	-668	0.00668724	1.64037	0.0152578
0	0	-666	0.00647608	1.58012	0.018579
0	0	-664	0.00623978	1.50578	0.0213857
0	0	-662	0.00597297	1.41937	0.0234998
0	0	-660	0.00566957	1.32368	0.0248532
0	0	-658	0.00532551	1.22187	0.0254854
0	0	-656	0.0049414	1.11701	0.0255088
0	0	-654	0.0045217	1.01183	0.0250766
0	0	-652	0.00407447	0.908469	0.0243606
0	0	-650	0.00360942	0.808354	0.0235159
0	0	-648	0.00313285	0.712285	0.0226575
0	0	-646	0.00265233	0.620548	0.0218693
0	0	-644	0.00217264	0.533049	0.0212016
0	0	-642	0.00169737	0.449442	0.0206722
0	0	-640	0.00122805	0.369243	0.020282
0	0	-638	0.00076526	0.291899	0.0200278
0	0	-636	0.0003107	0.216839	0.019907
0	0	-634	-0.00013455	0.143476	0.0199122
0	0	-632	-0.0005703	0.0712223	0.0200346
0	0	-630	-0.00099484	-0.00051762	0.0202681
0	0	-628	-0.00140584	-0.0723088	0.0206103
0	0	-626	-0.0018021	-0.144727	0.0210619
0	0	-624	-0.00218336	-0.218365	0.0216276
0	0	-622	-0.00254907	-0.29384	0.0223056
0	0	-620	-0.00290083	-0.371742	0.0230914
0	0	-618	-0.00324072	-0.452672	0.0239762
0	0	-616	-0.00357411	-0.537215	0.0249142
0	0	-614	-0.00390266	-0.62588	0.0258398
0	0	-612	-0.00422789	-0.719003	0.0266735
0	0	-610	-0.00454854	-0.816656	0.0272978
0	0	-608	-0.00486198	-0.918528	0.0275672
0	0	-606	-0.00516333	-1.02371	0.0273115
0	0	-604	-0.00544454	-1.13059	0.0263912
0	0	-602	-0.00569841	-1.23681	0.0247209
0	0	-600	-0.00591898	-1.33944	0.0222784
0	0	-598	-0.00610302	-1.43521	0.0191557
0	0	-596	-0.00625172	-1.52085	0.0155447
0	0	-594	-0.00636672	-1.59365	0.0117164
0	0	-592	-0.00645183	-1.65181	0.00794055
0	0	-590	-0.0065123	-1.69464	0.00440452
0	0	-588	-0.00655149	-1.72231	0.00114963
0	0	-586	-0.00657099	-1.73536	-0.00191955
0	0	-584	-0.0065733	-1.73422	-0.00496564
0	0	-582	-0.00655629	-1.71878	-0.00812024
0	0	-580	-0.00651551	-1.68854	-0.0113997
0	0	-578	-0.00644095	-1.64297	-0.0146585
0	0	-576	-0.00632048	-1.58205	-0.0176327
0	0	-574	-0.00614471	-1.50677	-0.0200539
0	0	-572	-0.00590554	-1.41924	-0.0217421
0	0	-570	-0.00560069	-1.32237	-0.0226682
0	0	-568	-0.00523142	-1.21938	-0.0229164
0	0	-566	-0.00480561	-1.1134	-0.0226278
0	0	-564	-0.00433288	-1.00713	-0.0219645
0	0	-562	-0.003826	-0.902697	-0.0210826
0	0	-560	-0.0032976	-0.801586	-0.0201068
0	0	-558	-0.00276137	-0.704695	-0.0191362
0	0	-556	-0.00223031	-0.61247	-0.0182233
0	0	-554	-0.00171388	-0.525009	-0.0174101
0	0	-552	-0.00121927	-0.442105	-0.0167431
0	0	-550	-0.00074792	-0.363275	-0.0162535
0	0	-548	-0.00029893	-0.287824	-0.015964
0	0	-546	0.00013366	-0.214966	-0.0158763
0	0	-544	0.00055516	-0.143925	-0.0159727
0	0	-542	0.00096999	-0.0739998	-0.0162219
0	0	-540	0.00137957	-0.00455756	-0.0165944
0	0	-538	0.00178325	0.0649505	-0.0170804
0	0	-536	0.00217774	0.135091	-0.0176854
0	0	-534	0.00256165	0.206501	-0.0184227
0	0	-532	0.00293197	0.279892	-0.0193091
0	0	-530	0.00328784	0.356036	-0.0203646
0	0	-528	0.00362965	0.435728	-0.0215803
0	0	-526	0.00395798	0.519696	-0.0229021
0	0	-524	0.00427283	0.608415	-0.0242468
0	0	-522	0.00457428	0.702081	-0.0255293
0	0	-520	0.00486163	0.800609	-0.0266387
0	0	-518	0.00513288	0.903554	-0.0274351
0	0	-516	0.00538654	1.00993	-0.0277676
0	0	-514	0.00561894	1.1181	-0.0274806
0	0	-512	0.00582565	1.22578	-0.0264324
0	0	-510	0.00600158	1.33002	-0.0245266
0	0	-508	0.00613882	1.42746	-0.021773
0	0	-506	0.00623472	1.51471	-0.0183103
0	0	-504	0.00628976	1.58888	-0.0143883
0	0	-502	0.00630603	1.64809	-0.0103031
0	0	-500	0.00629102	1.69158	-0.00630534
0	0	-498	0.0062514	1.71961	-0.00250266
0	0	-496	0.00619356	1.73282	0.00115284
0	0	-494	0.00612154	1.73173	0.00479405
0	0	-492	0.00603444	1.71637	0.00853774
0	0	-490	0.00593251	1.68631	0.0123967
0	0	-488	0.00581147	1.6411	0.0162231
0	0	-486	0.00566924	1.58074	0.0197454
0	0	-484	0.00550052	1.50619	0.0226505
0	0	-482	0.00530009	1.41949	0.0246998
0	0	-480	0.00506397	1.32348	0.0257977
0	0	-478	0.00479241	1.22134	0.0259909
0	0	-476	0.00449065	1.11616	0.0254345
0	0	-474	0.00416619	1.0107	0.0243375
0	0	-472	0.00382784	0.907078	0.0229392
0	0	-470	0.00348293	0.806733	0.0214367
0	0	-468	0.00313883	0.710457	0.0199845
0	0	-466	0.00279896	0.618547	0.0186813
0	0	-464	0.0024658	0.530916	0.0175779
0	0	-462	0.00213912	0.447215	0.0166948
0	0	-460	0.00181817	0.366954	0.0160285
0	0	-458	0.00150189	0.289607	0.0155742
0	0	-456	0.00119058	0.214609	0.0153251
0	0	-454	0.00088369	0.141353	0.0152668
0	0	-452	0.00058123	0.0692393	0.0153878
0	0	-450	0.00028182	-0.00230612	0.0156798
0	0	-448	-1.574e-05	-0.0738618	0.0161265
0	0	-446	-0.00031397	-0.146021	0.0167184
0	0	-444	-0.00061604	-0.219381	0.0174372
0	0	-442	-0.0009222	-0.294519	0.0182813
0	0	-440	-0.00123152	-0.372029	0.0192423
0	0	-438	-0.00154339	-0.452512	0.0203034
0	0	-436	-0.00185678	-0.536536	0.0214555
0	0	-434	-0.00216917	-0.624574	0.0226583
0	0	-432	-0.00248031	-0.716959	0.0238373
0	0	-430	-0.00278757	-0.813765	0.0248856
0	0	-428	-0.00308963	-0.914655	0.0256755
0	0	-426	-0.00338558	-1.01873	0.0260434
0	0	-424	-0.00367166	-1.12441	0.0258231
0	0	-422	-0.00394543	-1.22941	0.0249002
0	0	-420	-0.00420167	-1.33088	0.0231968
0	0	-418	-0.00443758	-1.42556	0.0207315
0	0	-416	-0.00464974	-1.51025	0.0176236
0	0	-414	-0.00483379	-1.58224	0.0141008
0	0	-412	-0.0049874	-1.63972	0.0104415
0	0	-410	-0.00510687	-1.682	0.00687578
0	0	-408	-0.00519356	-1.70927	0.00350623
0	0	-406	-0.00524773	-1.72215	0.00029103
0	0	-404	-0.0052713	-1.7211	-0.00289802
0	0	-402	-0.0052641	-1.7061	-0.00617447
0	0	-400	-0.00522275	-1.67674	-0.00955693
0	0	-398	-0.00514151	-1.63254	-0.0129267
0	0	-396	-0.0050084	-1.57348	-0.0160395
0	0	-394	-0.00481558	-1.5005	-0.0186348
0	0	-392	-0.00456103	-1.41556	-0.0205353
0	0	-390	-0.00424787	-1.32139	-0.0216783
0	0	-388	-0.00388665	-1.22107	-0.0221151
0	0	-386	-0.00349506	-1.11762	-0.0219717
0	0	-384	-0.00309417	-1.01371	-0.021406
0	0	-382	-0.00270181	-0.911452	-0.0205874
0	0	-380	-0.00232999	-0.812238	-0.0196639
0	0	-378	-0.00198505	-0.716894	-0.0187613
0	0	-376	-0.00167013	-0.625727	-0.0179521
0	0	-374	-0.0013816	-0.538646	-0.0172807
0	0	-372	-0.00111547	-0.455314	-0.0167691
0	0	-370	-0.00086486	-0.375271	-0.0164212
0	0	-368	-0.00062299	-0.297995	-0.0162408
0	0	-366	-0.00038403	-0.222922	-0.0162148
0	0	-364	-0.00014136	-0.149469	-0.0163375
0	0	-362	0.00010848	-0.0770732	-0.0166026
0	0	-360	0.00036824	-0.00515796	-0.0170095
0	0	-358	0.00063916	0.0668505	-0.0175569
0	0	-356	0.00092262	0.139528	-0.0182411
0	0	-354	0.0012208	0.213452	-0.0190665
0	0	-352	0.00153761	0.28919	-0.0200269
0	0	-350	0.00187659	0.367329	-0.0211195
0	0	-348	0.00224057	0.448464	-0.0223291
0	0	-346	0.00263226	0.533148	-0.0236343
0	0	-344	0.00305163	0.621863	-0.024998
0	0	-342	0.00349446	0.714964	-0.0263547
0	0	-340	0.00395239	0.812539	-0.0276021
0	0	-338	0.00441534	0.91427	-0.028603
0	0	-336	0.00486982	1.01928	-0.029188
0	0	-334	0.00529855	1.12601	-0.0291649
0	0	-332	0.00568566	1.23219	-0.0283793
0	0	-330	0.00601679	1.33494	-0.0267285
0	0	-328	0.0062833	1.43099	-0.0242227
0	0	-326	0.00648422	1.51704	-0.0209878
0	0	-324	0.00662408	1.59034	-0.0172673
0	0	-322	0.00671174	1.64903	-0.0133634
0	0	-320	0.00675989	1.69236	-0.00953962
0	0	-318	0.00677643	1.72048	-0.00592218
0	0	-316	0.00676715	1.73396	-0.00248526
0	0	-314	0.00673533	1.73319	0.00088426
0	0	-312	0.00667899	1.71813	0.00429886
0	0	-310	0.00659687	1.68827	0.00778798
0	0	-308	0.00648616	1.64306	0.0112316
0	0	-306	0.00634402	1.58244	0.0143891
0	0	-304	0.00616972	1.50736	0.0170001
0	0	-302	0.00596511	1.4199	0.0188816
0	0	-300	0.00573349	1.32296	0.0199808
0	0	-298	0.00547746	1.21979	0.0203617
0	0	-296	0.00520336	1.11357	0.0201781
0	0	-294	0.00491748	1.00704	0.0195921
0	0	-292	0.00462448	0.902307	0.0187575
0	0	-290	0.00432908	0.800882	0.0178107
0	0	-288	0.00403484	0.703717	0.016855
0	0	-286	0.00374643	0.611268	0.0159714
0	0	-284	0.00346679	0.523606	0.0152153
0	0	-282	0.00319664	0.440486	0.0146294
0	0	-280	0.00293234	0.361404	0.0142489
0	0	-278	0.00266567	0.285663	0.014085
0	0	-276	0.00238638	0.212481	0.0141197
0	0	-274	0.00208469	0.141099	0.0143305
0	0	-272	0.00175456	0.0708515	0.0146905
0	0	-270	0.00139519	0.00114727	0.0151941
0	0	-268	0.00100832	-0.0685729	0.0158432
0	0	-266	0.00059512	-0.138891	0.0166395
0	0	-264	0.00015656	-0.210438	0.0175906
0	0	-262	-0.00031056	-0.283926	0.018701
0	0	-260	-0.00081246	-0.36014	0.0199637
0	0	-258	-0.0013555	-0.439869	0.0213368
0	0	-256	-0.001939	-0.523783	0.0227705
0	0	-254	-0.00255721	-0.612331	0.0242135
0	0	-252	-0.00319628	-0.705714	0.0256001
0	0	-250	-0.00383649	-0.803843	0.026863
0	0	-248	-0.00445954	-0.906263	0.0278834
0	0	-246	-0.00504523	-1.01202	0.0285071
0	0	-244	-0.00557665	-1.11954	0.0285521
0	0	-242	-0.00604063	-1.22659	0.0278449
0	0	-240	-0.00642872	-1.33031	0.0262682
0	0	-238	-0.00673689	-1.42736	0.0238066
0	0	-236	-0.00697052	-1.5144	0.020589
0	0	-234	-0.0071383	-1.58856	0.0168723
0	0	-232	-0.00724912	-1.64789	0.0129789
0	0	-230	-0.00731373	-1.69161	0.00918026
0	0	-228	-0.00734122	-1.71989	0.00560163
0	0	-226	-0.00733633	-1.73336	0.00221147
0	0	-224	-0.0073026	-1.73247	-0.00111034
0	0	-222	-0.00724057	-1.71719	-0.00448213
0	0	-220	-0.00714502	-1.68703	-0.00792578
0	0	-218	-0.00700732	-1.64147	-0.0113232
0	0	-216	-0.00681525	-1.58047	-0.0144444
0	0	-214	-0.00656035	-1.50501	-0.0170362
0	0	-212	-0.00623958	-1.4172	-0.0189209
0	0	-210	-0.00585268	-1.31991	-0.020052
0	0	-208	-0.00540546	-1.21643	-0.0205029
0	0	-206	-0.00490836	-1.10993	-0.0204061
0	0	-204	-0.00437407	-1.00312	-0.019915
0	0	-202	-0.00381727	-0.898164	-0.0191756
0	0	-200	-0.00325185	-0.796544	-0.0183189
0	0	-198	-0.00269095	-0.699204	-0.0174384
0	0	-196	-0.00214632	-0.606601	-0.0166103
0	0	-194	-0.00162773	-0.518826	-0.0158934
0	0	-192	-0.0011417	-0.435645	-0.0153459
0	0	-190	-0.00068853	-0.356556	-0.0150114
0	0	-188	-0.00026592	-0.280861	-0.0149103
0	0	-186	0.00013243	-0.207763	-0.0150328
0	0	-184	0.00051413	-0.136501	-0.0153496
0	0	-182	0.00088472	-0.0664005	-0.0158467
0	0	-180	0.00124771	0.00313352	-0.0164996
0	0	-178	0.00160616	0.0726679	-0.0172963
0	0	-176	0.00196221	0.142779	-0.0182355
0	0	-174	0.00231501	0.214095	-0.0193212
0	0	-172	0.00266596	0.287315	-0.0205597
0	0	-170	0.00301623	0.363242	-0.0219338
0	0	-168	0.00336751	0.442668	-0.0234108
0	0	-166	0.0037174	0.526284	-0.0249319
0	0	-164	0.00406393	0.614564	-0.0264393
0	0	-162	0.00440252	0.707738	-0.0278537
0	0	-160	0.00472682	0.805748	-0.0290869
0	0	-158	0.00503075	0.908133	-0.0300295
0	0	-156	0.00530845	1.01393	-0.0305387
0	0	-154	0.00555363	1.12159	-0.0304369
0	0	-152	0.00576134	1.22885	-0.029553
0	0	-150	0.00592593	1.33282	-0.0277834
0	0	-148	0.00604405	1.43016	-0.025124
0	0	-146	0.006115	1.51753	-0.021691
0	0	-144	0.00614185	1.59203	-0.0177299
0	0	-142	0.00613371	1.65169	-0.0135692
0	0	-140	0.00609771	1.69571	-0.00947679
0	0	-138	0.00604263	1.72428	-0.00558383
0	0	-136	0.0059763	1.73801	-0.00186518
0	0	-134	0.00590099	1.73737	0.00179832
0	0	-132	0.00581733	1.72235	0.00551953
0	0	-130	0.00572402	1.69248	0.00932231
0	0	-128	0.00562092	1.64722	0.0130855
0	0	-126	0.0055047	1.58653	0.0165587
0	0	-124	0.00537307	1.5114	0.019459
0	0	-122	0.00522381	1.42387	0.0215733
0	0	-120	0.00505502	1.32685	0.0228234
0	0	-118	0.00486836	1.22357	0.0232694
0	0	-116	0.00466666	1.11721	0.0230707
0	0	-114	0.00445513	1.01049	0.0224313
0	0	-112	0.0042368	0.905531	0.0215321
0	0	-110	0.00401632	0.803811	0.0205599
0	0	-108	0.00379767	0.706249	0.0196498
0	0	-106	0.00358356	0.613259	0.0188566
0	0	-104	0.00337708	0.524899	0.0182169
0	0	-102	0.0031779	0.440957	0.0177406
0	0	-100	0.00298287	0.360989	0.0174089
0	0	-98	0.00278452	0.284357	0.0172065
0	0	-96	0.00257222	0.210321	0.0171191
0	0	-94	0.00233703	0.138159	0.017135
0	0	-92	0.00207161	0.0672052	0.0172488
0	0	-90	0.00177072	-0.00313604	0.0174599
0	0	-88	0.00143128	-0.0734283	0.0177738
0	0	-86	0.00105309	-0.144248	0.0181974
0	0	-84	0.00063649	-0.216208	0.0187453
0	0	-82	0.00018614	-0.289987	0.0194274
0	0	-80	-0.00029272	-0.366363	0.0202553
0	0	-78	-0.00079057	-0.446114	0.0212287
0	0	-76	-0.00129699	-0.529904	0.0223313
0	0	-74	-0.00179954	-0.618218	0.0235357
0	0	-72	-0.002283	-0.711315	0.0247818
0	0	-70	-0.00273497	-0.809152	0.0259925
0	0	-68	-0.00314313	-0.911281	0.0270233
0	0	-66	-0.00350113	-1.01676	0.0276891
0	0	-64	-0.0038072	-1.12402	0.0277842
0	0	-62	-0.00406152	-1.23081	0.0271143
0	0	-60	-0.00426753	-1.33422	0.0255686
0	0	-58	-0.00443001	-1.43093	0.0231313
0	0	-56	-0.00455609	-1.51761	0.019941
0	0	-54	-0.00465233	-1.59139	0.016273
0	0	-52	-0.0047224	-1.65035	0.0124423
0	0	-50	-0.00477785	-1.69371	0.00872605
0	0	-48	-0.00482801	-1.7217	0.00524319
0	0	-46	-0.00488184	-1.73494	0.00195684
0	0	-44	-0.00495502	-1.7339	-0.00125077
0	0	-42	-0.00505862	-1.71861	-0.00448914
0	0	-40	-0.00520135	-1.68861	-0.00776341
0	0	-38	-0.00538576	-1.64344	-0.0109426
0	0	-36	-0.00560832	-1.58312	-0.0138009
0	0	-34	-0.00586096	-1.50864	-0.0161262
0	0	-32	-0.00612981	-1.42202	-0.0177936
0	0	-30	-0.0064014	-1.32609	-0.0188087
0	0	-28	-0.00666419	-1.22403	-0.0192751
0	0	-26	-0.00690836	-1.11893	-0.019318
0	0	-24	-0.00712506	-1.01352	-0.0190605
0	0	-22	-0.00730734	-0.909928	-0.0186189
0	0	-20	-0.00744802	-0.809604	-0.0181061
0	0	-18	-0.007541	-0.713372	-0.0176062
0	0	-16	-0.00757828	-0.621499	-0.0171755
0	0	-14	-0.00755449	-0.533883	-0.0168427
0	0	-12	-0.00746863	-0.450185	-0.016631
0	0	-10	-0.0073254	-0.369921	-0.0165565
0	0	-8	-0.00713119	-0.292537	-0.0166144
0	0	-6	-0.00689585	-0.217427	-0.0168045
0	0	-4	-0.00662997	-0.144009	-0.0171193
0	0	-2	-0.00634266	-0.0717045	-0.017565
0	0	0	-0.00604002	6.458e-05	-0.0181329
0	0	2	-0.00572263	0.0718742	-0.0188147
0	0	4	-0.00539051	0.144289	-0.0196181
0	0	6	-0.00503684	0.217879	-0.0205356
0	0	8	-0.00465044	0.293233	-0.0215603
0	0	10	-0.00421629	0.370957	-0.0226919
0	0	12	-0.00371867	0.451629	-0.0239166
0	0	14	-0.003143	0.535809	-0.0252117
0	0	16	-0.00247806	0.623974	-0.026544
0	0	18	-0.00172214	0.716482	-0.0278531
0	0	20	-0.00088298	0.813431	-0.0290484
0	0	22	2.574e-05	0.914471	-0.0299905
0	0	24	0.00098086	1.01873	-0.0305091
0	0	26	0.00195155	1.12466	-0.030421
0	0	28	0.00290235	1.23002	-0.0295575
0	0	30	0.00379953	1.33191	-0.027817
0	0	32	0.0046126	1.42711	-0.0252099
0	0	34	0.0053181	1.51242	-0.0218737
0	0	36	0.00590122	1.5851	-0.0180549
0	0	38	0.00635988	1.6433	-0.0140622
0	0	40	0.0066989	1.68625	-0.0101364
0	0	42	0.00692383	1.71412	-0.00639284
0	0	44	0.00704283	1.72747	-0.00281302
0	0	46	0.0070635	1.72674	0.00070863
0	0	48	0.00698989	1.71192	0.0042772
0	0	50	0.00682513	1.68256	0.00791435
0	0	52	0.00657063	1.63817	0.01152
0	0	54	0.00622791	1.57871	0.0148745
0	0	56	0.00580309	1.50509	0.0177089
0	0	58	0.00530237	1.41926	0.019805
0	0	60	0.00473274	1.32402	0.0210672
0	0	62	0.00410665	1.22253	0.0215278
0	0	64	0.00343768	1.11793	0.0213063
0	0	66	0.00274012	1.01294	0.0205919
0	0	68	0.00203211	0.909672	0.0195885
0	0	70	0.0013302	0.809624	0.0184819
0	0	72	0.00064833	0.713624	0.0174014
0	0	74	-1.63e-06	0.621956	0.0164297
0	0	76	-0.00061328	0.534517	0.0156224
0	0	78	-0.00118336	0.450978	0.0149985
0	0	80	-0.00171178	0.370876	0.0145601
0	0	82	-0.0022006	0.293653	0.0142963
0	0	84	-0.00265511	0.218714	0.0142054
0	0	86	-0.00308141	0.145489	0.0142807
0	0	88	-0.00348385	0.073395	0.0145192
0	0	90	-0.00386431	0.0018485	0.0149142
0	0	92	-0.0042245	-0.0697325	0.0154686
0	0	94	-0.0045617	-0.141918	0.0161909
0	0	96	-0.00487382	-0.215279	0.0170726
0	0	98	-0.0051562	-0.290407	0.0181029
0	0	100	-0.00540332	-0.367911	0.0192659
0	0	102	-0.00561159	-0.448367	0.0205475
0	0	104	-0.00577861	-0.532314	0.0219144
0	0	106	-0.00590366	-0.620257	0.0233292
0	0	108	-0.00598732	-0.712561	0.0247171
0	0	110	-0.00603501	-0.809323	0.0259915
0	0	112	-0.0060542	-0.910241	0.0270181
0	0	114	-0.00605265	-1.01449	0.0276199
0	0	116	-0.00603803	-1.12059	0.0276129
0	0	118	-0.00601701	-1.22628	0.0268373
0	0	120	-0.00599388	-1.32866	0.0252098
0	0	122	-0.00597209	-1.42449	0.0227296
0	0	124	-0.00595363	-1.51051	0.0195361
0	0	126	-0.00593962	-1.58392	0.0159009
0	0	128	-0.0059304	-1.64282	0.0121313
0	0	130	-0.00592843	-1.68643	0.00847656
0	0	132	-0.00593622	-1.7149	0.00504899
0	0	134	-0.00595995	-1.72877	0.00182299
0	0	136	-0.00600629	-1.72848	-0.00131609
0	0	138	-0.00607901	-1.71405	-0.00447375
0	0	140	-0.0061772	-1.68502	-0.00766496
0	0	142	-0.00629342	-1.64087	-0.0107794
0	0	144	-0.00641307	-1.58153	-0.0135955
0	0	146	-0.00651254	-1.50784	-0.0158591
0	0	148	-0.00656809	-1.42174	-0.0173852
0	0	150	-0.0065588	-1.32601	-0.0181228
0	0	152	-0.00647046	-1.22387	-0.0181361
0	0	154	-0.00629673	-1.11855	-0.0175792
0	0	156	-0.00603835	-1.01284	-0.016649
0	0	158	-0.00570022	-0.908933	-0.0155523
0	0	160	-0.00528984	-0.808333	-0.0144887
0	0	162	-0.00481213	-0.711862	-0.0135798
0	0	164	-0.00427291	-0.619785	-0.0128922
0	0	166	-0.00368247	-0.531978	-0.0124674
0	0	168	-0.00305382	-0.448112	-0.0122997
0	0	170	-0.00240442	-0.367713	-0.0123816
0	0	172	-0.00175336	-0.290215	-0.0126914
0	0	174	-0.00111953	-0.215036	-0.013211
0	0	176	-0.00052158	-0.141596	-0.013925
0	0	178	2.508e-05	-0.0693075	-0.0147932
0	0	180	0.00050857	0.00243475	-0.0157781
0	0	182	0.00092078	0.0742041	-0.0168501
0	0	184	0.00125922	0.146558	-0.017993
0	0	186	0.00152808	0.220068	-0.0192019
0	0	188	0.00174093	0.295329	-0.0204732
0	0	190	0.00191748	0.372918	-0.0218024
0	0	192	0.00208192	0.453406	-0.0231886
0	0	194	0.00226072	0.537354	-0.0245909
0	0	196	0.00247699	0.62526	-0.0259389
0	0	198	0.00274873	0.717472	-0.027141
0	0	200	0.00308343	0.81409	-0.0280857
0	0	202	0.00348305	0.914791	-0.0286444
0	0	204	0.00393696	1.01876	-0.0286658
0	0	206	0.00442727	1.12447	-0.0280272
0	0	208	0.00493027	1.22966	-0.0266456
0	0	210	0.00541813	1.33148	-0.0245032
0	0	212	0.00586618	1.42672	-0.0216634
0	0	214	0.00625739	1.51215	-0.0182893
0	0	216	0.00658147	1.58501	-0.014626
0	0	218	0.00683809	1.64345	-0.010941
0	0	220	0.00703296	1.6867	-0.00744399
0	0	222	0.00717086	1.7149	-0.00421022
0	0	224	0.00726073	1.72861	-0.00118833
0	0	226	0.0073115	1.72825	0.00175401
0	0	228	0.007327	1.71384	0.00474388
0	0	230	0.00731108	1.68495	0.00782338
0	0	232	0.00726447	1.64106	0.0109074
0	0	234	0.00718615	1.58213	0.0138127
0	0	236	0.00707051	1.509	0.0163077
0	0	238	0.00691051	1.42359	0.0182233
0	0	240	0.00669988	1.32863	0.0194857
0	0	242	0.00643302	1.22728	0.0201198
0	0	244	0.00611077	1.12268	0.0202156
0	0	246	0.00573891	1.01758	0.0199068
0	0	248	0.00532521	0.914146	0.0193302
0	0	250	0.00487854	0.813887	0.018629
0	0	252	0.00440879	0.717667	0.0179238
0	0	254	0.00392351	0.625788	0.017299
0	0	256	0.00342922	0.538169	0.0168178
0	0	258	0.00293176	0.454495	0.0165184
0	0	260	0.00243602	0.374292	0.0164198
0	0	262	0.00194592	0.296999	0.0165213
0	0	264	0.00146641	0.222037	0.016813
0	0	266	0.00100434	0.148838	0.0172751
0	0	268	0.0005634	0.076825	0.0178749
0	0	270	0.00014615	0.00537973	0.0185779
0	0	272	-0.00024593	-0.0660744	0.0193596
0	0	274	-0.00061376	-0.138104	0.0202077
0	0	276	-0.0009606	-0.211313	0.0210996
0	0	278	-0.00129033	-0.286337	0.0220375
0	0	280	-0.00160616	-0.363776	0.0230086
0	0	282	-0.00191136	-0.444242	0.0240016
0	0	284	-0.00220856	-0.52833	0.0249895
0	0	286	-0.00250248	-0.616578	0.0259094
0	0	288	-0.0027955	-0.709337	0.0267017
0	0	290	-0.00309048	-0.806694	0.027282
0	0	292	-0.00338866	-0.908344	0.0275385
0	0	294	-0.00368765	-1.01343	0.0273443
0	0	296	-0.00398383	-1.12038	0.0265697
0	0	298	-0.00427144	-1.22688	0.0251337
0	0	300	-0.00454463	-1.33003	0.0229991
0	0	302	-0.0047978	-1.42656	0.0201988
0	0	304	-0.00502339	-1.51317	0.0168681
0	0	306	-0.00521696	-1.5871	0.0132336
0	0	308	-0.00537753	-1.64649	0.00953456
0	0	310	-0.00550294	-1.69058	0.00595128
0	0	312	-0.00559578	-1.71951	0.00255157
0	0	314	-0.00565971	-1.7338	-0.00071573
0	0	316	-0.00569766	-1.73383	-0.00397974
0	0	318	-0.00571029	-1.71952	-0.00735433
0	0	320	-0.00569322	-1.69031	-0.0108483
0	0	322	-0.00564043	-1.64561	-0.0143258
0	0	324	-0.00554637	-1.58536	-0.0175258
0	0	326	-0.0054053	-1.51057	-0.0201547
0	0	328	-0.00522012	-1.42343	-0.0220105
0	0	330	-0.00499631	-1.32696	-0.0230346
0	0	332	-0.00474164	-1.22452	-0.0233029
0	0	334	-0.00446697	-1.11926	-0.0229581
0	0	336	-0.00417966	-1.01386	-0.0221804
0	0	338	-0.00388496	-0.9104	-0.0211556
0	0	340	-0.00358413	-0.810284	-0.020047
0	0	342	-0.00327754	-0.714288	-0.0189764
0	0	344	-0.00296365	-0.622672	-0.0180176
0	0	346	-0.00263837	-0.53535	-0.0172213
0	0	348	-0.00229782	-0.45199	-0.0166127
0	0	350	-0.00193924	-0.372102	-0.0161986
0	0	352	-0.00155882	-0.295123	-0.0159795
0	0	354	-0.00115417	-0.220468	-0.0159506
0	0	356	-0.00072547	-0.14756	-0.0161021
0	0	358	-0.00027295	-0.075815	-0.0164045
0	0	360	0.00020124	-0.00464377	-0.0168286
0	0	362	0.00069472	0.0665122	-0.0173409
0	0	364	0.00120526	0.138213	-0.0179147
0	0	366	0.00172898	0.211042	-0.018525
0	0	368	0.00225895	0.2856	-0.01916
0	0	370	0.00278882	0.362483	-0.0198161
0	0	372	0.00331177	0.442278	-0.0205027
0	0	374	0.00382094	0.525576	-0.021209
0	0	376	0.00431165	0.612907	-0.0219111
0	0	378	0.00477853	0.704636	-0.022567
0	0	380	0.00521569	0.800874	-0.0231151
0	0	382	0.00561578	0.901372	-0.0234592
0	0	384	0.00597183	1.00533	-0.023471
0	0	386	0.00627652	1.11132	-0.0230333
0	0	388	0.00652463	1.21719	-0.0220221
0	0	390	0.00671231	1.32013	-0.020336
0	0	392	0.00683828	1.41689	-0.0179417
0	0	394	0.00690542	1.50401	-0.014911
0	0	396	0.00691824	1.57845	-0.0114368
0	0	398	0.00688315	1.63812	-0.00777029
0	0	400	0.00680776	1.68214	-0.00413941
0	0	402	0.0067026	1.7107	-0.00065029
0	0	404	0.00657496	1.72446	0.00273502
0	0	406	0.00642889	1.724	0.00613557
0	0	408	0.00626751	1.70944	0.00965942
0	0	410	0.00608956	1.68042	0.0133215
0	0	412	0.00589215	1.63647	0.0169951
0	0	414	0.00567174	1.57759	0.0204346
0	0	416	0.00542303	1.50462	0.0233487
0	0	418	0.0051405	1.41947	0.0254987
0	0	420	0.00481883	1.32488	0.0267629
0	0	422	0.00446014	1.22398	0.0271562
0	0	424	0.00406871	1.11984	0.0267884
0	0	426	0.00365196	1.01519	0.0258385
0	0	428	0.00322056	0.912209	0.0245104
0	0	430	0.00278112	0.812365	0.022997
0	0	432	0.00234131	0.716489	0.0214511
0	0	434	0.00190699	0.624885	0.0199798
0	0	436	0.001481	0.537483	0.018646
0	0	438	0.00106489	0.453959	0.0174799
0	0	440	0.00066047	0.37382	0.0165008
0	0	442	0.0002697	0.296513	0.0157043
0	0	444	-0.00010748	0.221484	0.0150866
0	0	446	-0.00046879	0.148155	0.0146394
0	0	448	-0.00081402	0.0759427	0.0143537
0	0	450	-0.00114277	0.00426797	0.0142264
0	0	452	-0.00145397	-0.0674165	0.0142451
0	0	454	-0.00175067	-0.139672	0.0144075
0	0	456	-0.00203471	-0.213086	0.0146999
0	0	458	-0.00230836	-0.288255	0.0151113
0	0	460	-0.00257311	-0.365769	0.0156399
0	0	462	-0.00283185	-0.446211	0.0162649
0	0	464	-0.00308584	-0.530173	0.0169663
0	0	466	-0.00333628	-0.618175	0.017709
0	0	468	-0.00358269	-0.710572	0.0184388
0	0	470	-0.00382461	-0.807495	0.01908
0	0	472	-0.00406381	-0.908672	0.0195215
0	0	474	-0.00429759	-1.01327	0.0196273
0	0	476	-0.00452238	-1.11974	0.0192752
0	0	478	-0.00473597	-1.22583	0.0183386
0	0	480	-0.00493182	-1.32863	0.0167499
0	0	482	-0.00510462	-1.42489	0.0145057
0	0	484	-0.00525052	-1.5113	0.0117067
0	0	486	-0.0053699	-1.58506	0.00854005
0	0	488	-0.00546137	-1.64429	0.00522466
0	0	490	-0.00552428	-1.6882	0.00194801
0	0	492	-0.00556048	-1.71691	-0.00121793
0	0	494	-0.0055736	-1.73095	-0.00432477
0	0	496	-0.00556298	-1.73075	-0.00749068
0	0	498	-0.00552652	-1.71625	-0.0108132
0	0	500	-0.00546091	-1.68697	-0.0142887
0	0	502	-0.00536014	-1.64238	-0.0177735
0	0	504	-0.00521592	-1.58243	-0.021006
0	0	506	-0.00502028	-1.50802	-0.0236875
0	0	508	-0.00477159	-1.42119	-0.0256007
0	0	510	-0.00447289	-1.32481	-0.0266586
0	0	512	-0.00413112	-1.2221	-0.0269046
0	0	514	-0.0037572	-1.11621	-0.0264801
0	0	516	-0.00336268	-1.00986	-0.025563
0	0	518	-0.00295852	-0.905224	-0.024354
0	0	520	-0.00255258	-0.8038	-0.0230059
0	0	522	-0.00215138	-0.706513	-0.0216322
0	0	524	-0.00176046	-0.613825	-0.0203155
0	0	526	-0.00138502	-0.525856	-0.0191047
0	0	528	-0.00102746	-0.442405	-0.0180384
0	0	530	-0.000688	-0.362982	-0.0171562
0	0	532	-0.00036122	-0.286914	-0.016467
0	0	534	-4.058e-05	-0.213443	-0.0159586
0	0	536	0.00028085	-0.141823	-0.0156072
0	0	538	0.00060888	-0.0713749	-0.015386
0	0	540	0.00094596	-0.00149679	-0.0152878
0	0	542	0.00129419	0.0683497	-0.0153095
0	0	544	0.00165386	0.138725	-0.0154528
0	0	546	0.00202639	0.210252	-0.015728
0	0	548	0.00241474	0.283645	-0.016142
0	0	550	0.00282291	0.35967	-0.0166837
0	0	552	0.00325216	0.439106	-0.0173154
0	0	554	0.00370099	0.522651	-0.0179715
0	0	556	0.00416226	0.610765	-0.0185904
0	0	558	0.00462391	0.703649	-0.0191085
0	0	560	0.00507406	0.801207	-0.0194397
0	0	562	0.00549836	0.903011	-0.0194991
0	0	564	0.00588402	1.00812	-0.0191829
0	0	566	0.0062204	1.115	-0.0183945
0	0	568	0.00649922	1.22141	-0.0170556
0	0	570	0.00671573	1.32455	-0.0151229
0	0	572	0.0068673	1.42114	-0.0126342
0	0	574	0.00696036	1.50788	-0.00972251
0	0	576	0.00700397	1.58189	-0.00659197
0	0	578	0.00701046	1.64124	-0.00346928
0	0	580	0.00699295	1.68513	-0.00052644
0	0	582	0.00696303	1.71373	0.00219754
0	0	584	0.00692905	1.72763	0.0047947
0	0	586	0.00689676	1.72735	0.00741272
0	0	588	0.00686659	1.71292	0.0101674
0	0	590	0.00684041	1.68396	0.0130712
0	0	592	0.0068151	1.64	0.0160015
0	0	594	0.0067881	1.58103	0.0187279
0	0	596	0.00675136	1.50792	0.0209841
0	0	598	0.0067	1.4226	0.0225819
0	0	600	0.00662467	1.32783	0.0234339
0	0	602	0.0065196	1.22671	0.0235555
0	0	604	0.00638184	1.12233	0.0230716
0	0	606	0.00620974	1.01744	0.0221658
0	0	608	0.00600371	0.914207	0.0210279
0	0	610	0.00576253	0.814112	0.0198132
0	0	612	0.00548667	0.718002	0.0186518
0	0	614	0.00517674	0.626206	0.0176385
0	0	616	0.00483414	0.538661	0.0168051
0	0	618	0.00445885	0.455028	0.0161526
0	0	620	0.00405259	0.374829	0.015675
0	0	622	0.00361743	0.297516	0.0153721
0	0	624	0.00315754	0.222508	0.0152246
0	0	626	0.00267781	0.149197	0.015217
0	0	628	0.0021828	0.0769759	0.0153395
0	0	630	0.00167704	0.00525694	0.0155968
0	0	632	0.00116646	-0.0665312	0.0159852
0	0	634	0.00065631	-0.138957	0.0164924
0	0	636	0.00015173	-0.212605	0.0171098
0	0	638	-0.00034356	-0.288048	0.017837
0	0	640	-0.00082415	-0.365866	0.0186688
0	0	642	-0.00128639	-0.446621	0.0195772
0	0	644	-0.00172684	-0.530876	0.0205322
0	0	646	-0.00214206	-0.619098	0.0214999
0	0	648	-0.00252941	-0.711604	0.0224091
0	0	650	-0.00288613	-0.808474	0.0231525
0	0	652	-0.00320968	-0.909402	0.023586
0	0	654	-0.00349711	-1.01352	0.0235574
0	0	656	-0.00374571	-1.11926	0.0229282
0	0	658	-0.00395264	-1.22441	0.0215761
0	0	660	-0.00411601	-1.32612	0.0194715
0	0	662	-0.0042349	-1.42118	0.0166853
0	0	664	-0.00431505	-1.50638	0.0133964
0	0	666	-0.00436328	-1.57903	0.0098608
0	0	668	-0.00438525	-1.63729	0.00634367
0	0	670	-0.0043921	-1.68043	0.0030467
0	0	672	-0.00439466	-1.70857	2.64e-05
0	0	674	-0.00440132	-1.72227	-0.00279123
0	0	676	-0.00442168	-1.72198	-0.00553759
0	0	678	-0.00446316	-1.70769	-0.00831466
0	0	680	-0.00453127	-1.67899	-0.0111247
0	0	682	-0.00462261	-1.63538	-0.0138361
0	0	684	-0.00472835	-1.57681	-0.0162306
0	0	686	-0.00483515	-1.50414	-0.0180757
0	0	688	-0.0049305	-1.41926	-0.0192229
0	0	690	-0.00500225	-1.3249	-0.0196388
0	0	692	-0.0050419	-1.22418	-0.0193926
0	0	694	-0.00504796	-1.12018	-0.0186454
0	0	696	-0.00502045	-1.01565	-0.0175833
0	0	698	-0.00496119	-0.91276	-0.0163816
0	0	700	-0.00487094	-0.812962	-0.0152006
0	0	702	-0.00474857	-0.71709	-0.0141501
0	0	704	-0.00459567	-0.625455	-0.0132924
0	0	706	-0.00441386	-0.537979	-0.0126435
0	0	708	-0.00420724	-0.454326	-0.0121964
0	0	710	-0.00398434	-0.374029	-0.0119382
0	0	712	-0.00375378	-0.296577	-0.0118583
0	0	714	-0.00352453	-0.221408	-0.0119286
0	0	716	-0.00330406	-0.147948	-0.0121391
0	0	718	-0.00309811	-0.075624	-0.0124804
0	0	720	-0.00290847	-0.00387311	-0.0129487
0	0	722	-0.0027319	0.0678769	-0.0135275
0	0	724	-0.00256284	0.1402	-0.0142112
0	0	726	-0.00238912	0.213674	-0.0150018
0	0	728	-0.00219472	0.288889	-0.0158947
0	0	730	-0.00196153	0.366444	-0.0168819
0	0	732	-0.00167202	0.446922	-0.0179477
0	0	734	-0.00130902	0.530896	-0.0190868
0	0	736	-0.00086309	0.618842	-0.0202712
0	0	738	-0.00033195	0.711097	-0.0214378
0	0	740	0.00027848	0.807763	-0.0224933
0	0	742	0.0009533	0.908539	-0.0233146
0	0	744	0.0016691	1.01257	-0.0237554
0	0	746	0.00239648	1.11835	-0.0236434
0	0	748	0.00310603	1.22364	-0.0228326
0	0	750	0.00376721	1.32566	-0.0212488
0	0	752	0.00435141	1.42119	-0.0188931
0	0	754	0.00484055	1.507	-0.015856
0	0	756	0.00522306	1.58033	-0.0123286
0	0	758	0.00549524	1.63927	-0.00855295
0	0	760	0.00566141	1.68299	-0.00475867
0	0	762	0.0057284	1.71158	-0.00105741
0	0	764	0.00570706	1.72557	0.00256565
0	0	766	0.00560774	1.72537	0.00620261
0	0	768	0.00543707	1.71096	0.00993365
0	0	770	0.00520483	1.68186	0.0137421
0	0	772	0.00491976	1.63752	0.0174732
0	0	774	0.00459087	1.57789	0.0208622
0	0	776	0.00422807	1.50388	0.0236299
0	0	778	0.00384362	1.4175	0.0255746
0	0	780	0.00344994	1.32158	0.0266258
0	0	782	0.00305768	1.21931	0.0268335
0	0	784	0.00267469	1.11381	0.0263366
0	0	786	0.00231072	1.0078	0.0253128
0	0	788	0.00197128	0.903445	0.0239405
0	0	790	0.00166012	0.802231	0.0223894
0	0	792	0.00137927	0.705135	0.0207924
0	0	794	0.00113015	0.61265	0.0192461
0	0	796	0.00091368	0.524875	0.0178079
0	0	798	0.00072989	0.441601	0.016531
0	0	800	0.00057313	0.362366	0.015451
0	0	802	0.00043758	0.286495	0.0145855
0	0	804	0.00031585	0.213221	0.0139095
0	0	806	0.00019961	0.141783	0.0133934
0	0	808	8.236e-05	0.0715059	0.0130176
0	0	810	-4.025e-05	0.00178602	0.0127587
0	0	812	-0.00017054	-0.0679244	0.0126133
0	0	814	-0.00031044	-0.138184	0.0125708
0	0	816	-0.00046294	-0.2096	0.0126517
0	0	818	-0.00063222	-0.282855	0.0128658
0	0	820	-0.00082446	-0.358698	0.0132146
0	0	822	-0.00104606	-0.43792	0.0136702
0	0	824	-0.00129983	-0.521191	0.0141979
0	0	826	-0.00158628	-0.608984	0.0147499
0	0	828	-0.00190258	-0.701514	0.0152732
0	0	830	-0.00224092	-0.798707	0.0156993
0	0	832	-0.0025917	-0.90014	0.015946
0	0	834	-0.00294779	-1.00489	0.0159259
0	0	836	-0.00330164	-1.11142	0.015532
0	0	838	-0.00364491	-1.21757	0.0146705
0	0	840	-0.00396994	-1.32051	0.0132985
0	0	842	-0.00427065	-1.41701	0.0114261
0	0	844	-0.00454008	-1.50376	0.00913968
0	0	846	-0.00477463	-1.57791	0.00660983
0	0	848	-0.00497178	-1.63747	0.00404428
0	0	850	-0.00513138	-1.6816	0.00161675
0	0	852	-0.00525595	-1.71043	-0.00060805
0	0	854	-0.00534982	-1.72456	-0.00268825
0	0	856	-0.00541831	-1.72449	-0.0047546
0	0	858	-0.00546636	-1.71026	-0.00692096
0	0	860	-0.00549226	-1.68151	-0.00922527
0	0	862	-0.00549153	-1.63773	-0.0115901
0	0	864	-0.00545534	-1.5789	-0.0138254
0	0	866	-0.00537266	-1.50587	-0.0157081
0	0	868	-0.00523128	-1.42057	-0.0170503
0	0	870	-0.00502379	-1.32575	-0.0177694
0	0	872	-0.00474641	-1.22456	-0.0178856
0	0	874	-0.00440355	-1.12015	-0.0175154
0	0	876	-0.00400574	-1.01527	-0.0168329
0	0	878	-0.00356512	-0.91206	-0.0160169
0	0	880	-0.00309461	-0.812016	-0.01522
0	0	882	-0.00260596	-0.715977	-0.0145406
0	0	884	-0.00211015	-0.62426	-0.0140439
0	0	886	-0.00161316	-0.536775	-0.0137452
0	0	888	-0.00112272	-0.453193	-0.0136433
0	0	890	-0.00064566	-0.373048	-0.0137157
0	0	892	-0.0001891	-0.295793	-0.0139439
0	0	894	0.00023938	-0.220837	-0.0143079
0	0	896	0.00063323	-0.147583	-0.0147967
0	0	898	0.00098974	-0.075443	-0.0154002
0	0	900	0.00130909	-0.00383604	-0.0161072
0	0	902	0.00159465	0.06781	-0.0169127
0	0	904	0.00185234	0.140069	-0.0178217
0	0	906	0.00209061	0.213498	-0.018842
0	0	908	0.0023164	0.288661	-0.019968
0	0	910	0.00253563	0.366124	-0.021198
0	0	912	0.00275338	0.446475	-0.0225091
0	0	914	0.00297134	0.530261	-0.0238616
0	0	916	0.0031912	0.617961	-0.0251905
0	0	918	0.00341201	0.709953	-0.0263885
0	0	920	0.00363083	0.806367	-0.0273378
0	0	922	0.00384515	0.906945	-0.0279
0	0	924	0.00404887	1.01084	-0.0279222
0	0	926	0.00423592	1.11658	-0.027257
0	0	928	0.00439871	1.22197	-0.0258035
0	0	930	0.00452857	1.32413	-0.0235488
0	0	932	0.00462312	1.41983	-0.0205495
0	0	934	0.00468233	1.5058	-0.0169548
0	0	936	0.00470984	1.57926	-0.013
0	0	938	0.00471214	1.63834	-0.00894321
0	0	940	0.00469638	1.68222	-0.00498571
0	0	942	0.00466684	1.71101	-0.00119927
0	0	944	0.00462532	1.72524	0.00245714
0	0	946	0.0045704	1.72535	0.0060929
0	0	948	0.00450223	1.71135	0.0097987
0	0	950	0.0044158	1.6828	0.0135654
0	0	952	0.0043088	1.63923	0.0172541
0	0	954	0.00417784	1.58056	0.0206207
0	0	956	0.00402112	1.50766	0.0233933
0	0	958	0.00384071	1.42242	0.0253664
0	0	960	0.00363761	1.32756	0.0264533
0	0	962	0.00341667	1.22622	0.0266977
0	0	964	0.00318185	1.12152	0.026234
0	0	966	0.00293848	1.01624	0.0252394
0	0	968	0.00268935	0.912546	0.0239087
0	0	970	0.00243806	0.811942	0.0224392
0	0	972	0.0021857	0.715323	0.0209712
0	0	974	0.00193281	0.623034	0.0196182
0	0	976	0.00167901	0.535001	0.0184284
0	0	978	0.00142182	0.450902	0.0174288
0	0	980	0.00116062	0.370282	0.0166293
0	0	982	0.00089419	0.292609	0.0160123
0	0	984	0.00062005	0.217302	0.0155604
0	0	986	0.00033729	0.143777	0.0152563
0	0	988	4.682e-05	0.0714718	0.0150841
0	0	990	-0.00025212	-0.0001832	0.0150276
0	0	992	-0.00055737	-0.071765	0.0150778
0	0	994	-0.0008672	-0.143853	0.0152249
0	0	996	-0.0011781	-0.217027	0.0154691
0	0	998	-0.00148709	-0.291879	0.0158032
0	0	1000	-0.00179106	-0.369025	0.0162212
0	0	1002	-0.00208698	-0.449075	0.0167096
0	0	1004	-0.00237185	-0.532594	0.0172407
0	0	1006	-0.00264333	-0.620088	0.017779
0	0	1008	-0.00290018	-0.711935	0.0182589
0	0	1010	-0.003143	-0.808249	0.0185917
0	0	1012	-0.00337276	-0.908732	0.0186787
0	0	1014	-0.00358956	-1.01254	0.018407
0	0	1016	-0.00379305	-1.11815	0.0176739
0	0	1018	-0.00397902	-1.22336	0.0164069
0	0	1020	-0.0041436	-1.32532	0.0145975
0	0	1022	-0.004282	-1.42085	0.012281
0	0	1024	-0.00438977	-1.50672	0.00956939
0	0	1026	-0.00446541	-1.58019	0.0066455
0	0	1028	-0.0045068	-1.63937	0.00371148
0	0	1030	-0.00451284	-1.68343	0.00091144
0	0	1032	-0.0044822	-1.71245	-0.00172062
0	0	1034	-0.00441513	-1.72691	-0.00425407
0	0	1036	-0.00430993	-1.7272	-0.00682479
0	0	1038	-0.0041631	-1.71319	-0.00953876
0	0	1040	-0.00396925	-1.68435	-0.0123983
0	0	1042	-0.00372307	-1.64005	-0.0152688
0	0	1044	-0.00341926	-1.58022	-0.0178912
0	0	1046	-0.00306102	-1.50581	-0.0199905
0	0	1048	-0.00265984	-1.41897	-0.0213775
0	0	1050	-0.0022328	-1.32267	-0.0219994
0	0	1052	-0.00180414	-1.22026	-0.0219301
0	0	1054	-0.00139529	-1.11493	-0.0212963
0	0	1056	-0.00102175	-1.0094	-0.0202611
0	0	1058	-0.00069455	-0.905705	-0.0190057
0	0	1060	-0.00041482	-0.805289	-0.0176745
0	0	1062	-0.00018051	-0.708957	-0.0163825
0	0	1064	1.447e-05	-0.61698	-0.0152149
0	0	1066	0.00017975	-0.529244	-0.0142203
0	0	1068	0.00032338	-0.445435	-0.0134128
0	0	1070	0.0004541	-0.365095	-0.0127786
0	0	1072	0.00057987	-0.287686	-0.0123014
0	0	1074	0.000708	-0.212637	-0.0119628
0	0	1076	0.00084258	-0.139394	-0.0117603
0	0	1078	0.00098662	-0.0673987	-0.0116938
0	0	1080	0.00114171	0.00392982	-0.0117718
0	0	1082	0.00131143	0.0751745	-0.0120089
0	0	1084	0.0014995	0.146902	-0.0124082
0	0	1086	0.00171199	0.219707	-0.0129742
0	0	1088	0.00195242	0.294194	-0.0136975
0	0	1090	0.00222524	0.370973	-0.0145644
0	0	1092	0.0025297	0.45064	-0.0155593
0	0	1094	0.00286188	0.533768	-0.01666
0	0	1096	0.00321621	0.620875	-0.0178281
0	0	1098	0.0035828	0.712363	-0.0189976
0	0	1100	0.00395038	0.80838	-0.0200814
0	0	1102	0.00430687	0.90871	-0.0209675
0	0	1104	0.00464087	1.01261	-0.0215156
0	0	1106	0.00494124	1.11868	-0.0215716
0	0	1108	0.00520107	1.22485	-0.0210068
0	0	1110	0.00541577	1.32833	-0.0197347
0	0	1112	0.00558138	1.42585	-0.0177121
0	0	1114	0.00569951	1.51398	-0.0150093
0	0	1116	0.00577212	1.58963	-0.0118048
0	0	1118	0.00580278	1.65061	-0.00834567
0	0	1120	0.00579732	1.69594	-0.00484766
0	0	1122	0.00576328	1.72572	-0.00141443
0	0	1124	0.00570747	1.74056	0.00196436
0	0	1126	0.00563484	1.74108	0.00537764
0	0	1128	0.00554752	1.72741	0.00891019
0	0	1130	0.00544568	1.69926	0.0125581
0	0	1132	0.00532985	1.65622	0.0162042
0	0	1134	0.00519818	1.59826	0.019624
0	0	1136	0.00504965	1.52624	0.0225597
0	0	1138	0.0048838	1.44205	0.0247962
0	0	1140	0.00470013	1.34834	0.0262219
0	0	1142	0.0045002	1.24823	0.0268405
0	0	1144	0.00428561	1.14482	0.0267373
0	0	1146	0.00406254	1.04086	0.0260566
0	0	1148	0.00383678	0.938508	0.0249877
0	0	1150	0.0036114	0.839297	0.0237019
0	0	1152	0.00338945	0.744116	0.0223288
0	0	1154	0.00317341	0.653295	0.0209721
0	0	1156	0.00296321	0.566753	0.0197051
0	0	1158	0.00275792	0.484179	0.0185708
0	0	1160	0.0025554	0.405135	0.0175832
0	0	1162	0.00235144	0.329057	0.0167396
0	0	1164	0.00214232	0.255364	0.0160339
0	0	1166	0.00192369	0.183494	0.0154556
0	0	1168	0.00169386	0.112875	0.0149891
0	0	1170	0.00145109	0.0429149	0.0146111
0	0	1172	0.00119605	-0.0269676	0.0143094
0	0	1174	0.00092802	-0.0973165	0.0140676
0	0	1176	0.00064664	-0.1687	0.0138808
0	0	1178	0.00035227	-0.241698	0.0137395
0	0	1180	4.467e-05	-0.316906	0.0136276
0	0	1182	-0.00027439	-0.394889	0.0135408
0	0	1184	-0.00060417	-0.476219	0.013475
0	0	1186	-0.00094375	-0.561397	0.0134169
0	0	1188	-0.00128773	-0.650796	0.0133222
0	0	1190	-0.00163228	-0.744524	0.013147
0	0	1192	-0.00197651	-0.84232	0.012839
0	0	1194	-0.00231529	-0.94339	0.0123208
0	0	1196	-0.00264468	-1.04625	0.0115003
0	0	1198	-0.00295903	-1.1487	0.0103162
0	0	1200	-0.00325332	-1.24795	0.00876141
0	0	1202	-0.00352138	-1.3408	0.00683714
0	0	1204	-0.00376131	-1.42405	0.00461039
0	0	1206	-0.00397011	-1.49497	0.002214
0	0	1208	-0.00414862	-1.55173	-0.00019929
0	0	1210	-0.00429802	-1.59358	-0.0025245
0	0	1212	-0.00442139	-1.62066	-0.00476328
0	0	1214	-0.00452357	-1.6335	-0.00700516
0	0	1216	-0.0046094	-1.63245	-0.00938803
0	0	1218	-0.0046808	-1.6173	-0.0120089
0	0	1220	-0.00473494	-1.58733	-0.0148306
0	0	1222	-0.00476461	-1.54169	-0.0176579
0	0	1224	-0.00476432	-1.48003	-0.0201662
0	0	1226	-0.00472355	-1.40306	-0.0220046
0	0	1228	-0.00463696	-1.31271	-0.0229059
0	0	1230	-0.00450489	-1.21182	-0.0227743
0	0	1232	-0.00433258	-1.10359	-0.0216774
0	0	1234	-0.00412939	-0.991101	-0.0197923
0	0	1236	-0.00390516	-0.876973	-0.0173571
0	0	1238	-0.00366904	-0.763235	-0.0146266
0	0	1240	-0.00342418	-0.651311	-0.0118144
0	0	1242	-0.00316858	-0.541982	-0.00909274
0	0	1244	-0.00289554	-0.435505	-0.00654424
0	0	1246	-0.0025955	-0.331754	-0.00420718
0	0	1248	-0.00226576	-0.230353	-0.00208928
0	0	1250	-0.00191059	-0.130804	-0.00015037
0	0	1252	-0.00154066	-0.0325689	0.00166409
0	0	1254	-0.00116848	0.0647434	0.00342239
0	0	1256	-0.00080545	0.16122	0.005188
0	0	1258	-0.00045945	0.256519	0.00700419
0	0	1260	-0.00013722	0.34967	0.00887814
0	0	1262	0.00015146	0.438903	0.0107232
0	0	1264	0.00039635	0.521673	0.0123143
0	0	1266	0.00058198	0.59494	0.0132983
0	0	1268	0.00069078	0.655702	0.013256
0	0	1270	0.0007048	0.701598	0.0118079
0	0	1272	0.00060805	0.731332	0.00872493
0	0	1274	0.00038517	0.744669	0.00393267
0	0	1276	2.52e-05	0.742225	-0.0025372
0	0	1278	-0.00047687	0.725312	-0.0105942
0	0	1280	-0.00111329	0.696007	-0.0199995
0	0	1282	-0.00185524	0.65719	-0.0302618
0	0	1284	-0.00264855	0.612295	-0.0406095
0	0	1286	-0.00341988	0.564757	-0.0501394
0	0	1288	-0.00408974	0.517449	-0.058023
0	0	1290	-0.00459098	0.472378	-0.0636521
0	0	1292	-0.00488757	0.430696	-0.066686
0	0	1294	-0.00497842	0.392898	-0.0670111
0	0	1296	-0.00489046	0.359034	-0.0646803
0	0	1298	-0.00466665	0.328856	-0.059884
0	0	1300	-0.00435337	0.301909	-0.0529146
0	0	1302	-0.00399161	0.277607	-0.0441544
0	0	1304	-0.00361481	0.255308	-0.0340908
0	0	1306	-0.0032448	0.234387	-0.0233198
0	0	1308	-0.0028973	0.21435	-0.0125338
0	0	1310	-0.00258251	0.194925	-0.00244128
0	0	1312	-0.00230354	0.176113	0.00634789
0	0	1314	-0.00206088	0.158128	0.0134503
0	0	1316	-0.00185344	0.141264	0.0187609
0	0	1318	-0.00167778	0.125765	0.0224103
0	0	1320	-0.00152839	0.111762	0.0246625
0	0	1322	-0.00140059	0.0992674	0.0258216
0	0	1324	-0.00128998	0.0882011	0.0261761
0	0	1326	-0.00119242	0.0784316	0.0259632
0	0	1328	-0.0011051	0.0698084	0.0253717
0	0	1330	-0.00102481	0.0621825	0.0245399
0	0	1332	-0.00094994	0.0554101	0.0235687
0	0	1334	-0.00087952	0.0493629	0.0225285
0	0	1336	-0.00081171	0.0439325	0.0214658
0	0	1338	-0.00074621	0.0390243	0.0204111
0	0	1340	-0.00068238	0.0345608	0.0193829
0	0	1342	-0.00062051	0.0304743	0.0183862
0	0	1344	-0.0005595	0.026714	0.0174178
0	0	1346	-0.00050018	0.0232423	0.0164689
0	0	1348	-0.00044308	0.02003	0.015521
0	0	1350	-0.00038774	0.0170618	0.0145501
0	0	1352	-0.00033483	0.0143393	0.0135277
0	0	1354	-0.00028504	0.0118765	0.0124241
0	0	1356	-0.00023935	0.00970207	0.0112204
0	0	1358	-0.00019889	0.00784972	0.00992148
0	0	1360	-0.00016319	0.00634477	0.00856334
0	0	1362	-0.00013288	0.00518757	0.00721105
0	0	1364	-0.00010725	0.00434716	0.00593598
0	0	1366	-8.609e-05	0.00376813	0.00479513
0	0	1368	-6.932e-05	0.00338624	0.00381886
0	0	1370	-5.579e-05	0.00314295	0.00301185
0	0	1372	-4.513e-05	0.00299104	0.00235991
0	0	1374	-3.626e-05	0.00289738	0.001842
0	0	1376	-2.936e-05	0.00283952	0.00143423
0	0	1378	-2.41e-05	0.00280352	0.0011151
0	0	1380	-2.006e-05	0.00278037	0.00086743
0	0	1382	-1.682e-05	0.00276399	0.00067612
0	0	1384	-1.404e-05	0.00275217	0.00052833
0	0	1386	-1.246e-05	0.00274192	0.00041597
0	0	1388	-1.09e-05	0.00273185	0.00033173
0	0	1390	-9.53e-06	0.00272144	0.00026915
0	0	1392	-8.88e-06	0.0027095	0.00022441
0	0	1394	-8.79e-06	0.00269597	0.00019486
0	0	1396	-7.95e-06	0.0026788	0.0001781
0	0	1398	-6.93e-06	0.0026557	0.00017321
0	0	1400	-6.22e-06	0.00262495	0.00017933
0	0	1402	-5.3e-06	0.00258253	0.00019594
0	0	1404	-4.75e-06	0.00252241	0.00022158
0	0	1406	-3.93e-06	0.00244048	0.00025524
0	0	1408	-2.61e-06	0.00233332	0.00029527
0	0	1410	-1.35e-06	0.00220182	0.00033684
0	0	1412	3e-07	0.00205285	0.00037754
0	0	1414	1.7e-06	0.00189626	0.0004132
0	0	1416	3.31e-06	0.00174112	0.00044178
0	0	1418	4.9e-06	0.00159534	0.00046496
0	0	1420	7.29e-06	0.00146329	0.00048176
0	0	1422	9.29e-06	0.00134664	0.00049363
0	0	1424	1.091e-05	0.00124442	0.00050189
0	0	1426	1.315e-05	0.00115597	0.00050666
0	0	1428	1.54e-05	0.00107946	0.00051008
0	0	1430	1.725e-05	0.00101332	0.00051102
0	0	1432	1.939e-05	0.00095642	0.00051012
0	0	1434	2.166e-05	0.00090648	0.00050881
0	0	1436	2.304e-05	0.00086254	0.00050657
0	0	1438	2.49e-05	0.00082402	0.00050375
0	0	1440	2.608e-05	0.00078931	0.00049995
0	0	1442	2.748e-05	0.00075892	0.00049552
0	0	1444	2.926e-05	0.00073115	0.00049077
0	0	1446	3.044e-05	0.0007058	0.00048614
0	0	1448	3.135e-05	0.00068327	0.0004809
0	0	1450	3.305e-05	0.00066268	0.00047538
0	0	1452	3.398e-05	0.00064381	0.00046983
0	0	1454	3.45e-05	0.00062619	0.00046347
0	0	1456	3.543e-05	0.00060988	0.00045743
0	0	1458	3.605e-05	0.00059449	0.00045188
0	0	1460	3.702e-05	0.00057978	0.00044601
0	0	1462	3.811e-05	0.00056609	0.00043953
0	0	1464	3.82e-05	0.00055362	0.00043334
0	0	1466	3.89e-05	0.00054113	0.00042706
0	0	1468	3.93e-05	0.000529	0.00042064
0	0	1470	3.969e-05	0.00051725	0.00041433
0	0	1472	3.991e-05	0.00050665	0.00040825
0	0	1474	4.024e-05	0.00049608	0.0004019
0	0	1476	4.018e-05	0.00048555	0.0003955
0	0	1478	4.033e-05	0.00047587	0.0003894
0	0	1480	4.049e-05	0.00046636	0.00038341
0	0	1482	4.051e-05	0.00045677	0.00037712
0	0	1484	4.078e-05	0.00044756	0.00037116
0	0	1486	4.018e-05	0.00043861	0.00036491
0	0	1488	4.005e-05	0.00042993	0.0003587
0	0	1490	4.044e-05	0.00042152	0.00035256
0	0	1492	4.045e-05	0.00041332	0.00034683
0	0	1494	3.993e-05	0.00040502	0.00034105
0	0	1496	3.914e-05	0.0003964	0.00033573
0	0	1498	3.867e-05	0.00038829	0.00032974
0	0	1500	3.814e-05	0.0003812	0.00032436
0	0	1502	3.778e-05	0.00037346	0.00031903
0	0	1504	3.75e-05	0.0003661	0.00031351
0	0	1506	3.794e-05	0.00035891	0.00030844
0	0	1508	3.75e-05	0.00035139	0.00030312
0	0	1510	3.685e-05	0.0003439	0.00029776
0	0	1512	3.664e-05	0.00033733	0.0002927
0	0	1514	3.666e-05	0.00033038	0.00028757
0	0	1516	3.648e-05	0.00032326	0.00028247
0	0	1518	3.57e-05	0.00031704	0.00027785
0	0	1520	3.565e-05	0.00031033	0.00027324
0	0	1522	3.477e-05	0.00030365	0.00026898
0	0	1524	3.391e-05	0.00029743	0.0002642
0	0	1526	3.392e-05	0.0002911	0.00025928
0	0	1528	3.395e-05	0.00028548	0.00025504
0	0	1530	3.368e-05	0.00027937	0.00025084
0	0	1532	3.279e-05	0.00027398	0.0002464
0	0	1534	3.197e-05	0.00026835	0.00024188
0	0	1536	3.179e-05	0.00026266	0.00023825
0	0	1538	3.153e-05	0.00025687	0.00023449
0	0	1540	3.081e-05	0.00025152	0.00023093
0	0	1542	3.014e-05	0.00024624	0.00022732
0	0	1544	2.964e-05	0.00024151	0.00022329
0	0	1546	2.964e-05	0.00023646	0.00021964
0	0	1548	2.97e-05	0.00023134	0.00021581
0	0	1550	2.858e-05	0.00022635	0.00021268
0	0	1552	2.838e-05	0.00022128	0.00020903
0	0	1554	2.805e-05	0.00021667	0.00020536
0	0	1556	2.721e-05	0.00021247	0.00020216
0	0	1558	2.705e-05	0.00020817	0.00019925
0	0	1560	2.659e-05	0.00020384	0.00019656
0	0	1562	2.61e-05	0.00019941	0.00019317
0	0	1564	2.493e-05	0.00019511	0.00018991
0	0	1566	2.439e-05	0.00019115	0.00018684
0	0	1568	2.414e-05	0.00018774	0.0001838
0	0	1570	2.339e-05	0.00018315	0.00018099
0	0	1572	2.332e-05	0.00017922	0.00017875
0	0	1574	2.29e-05	0.00017605	0.00017586
0	0	1576	2.281e-05	0.00017217	0.00017288
0	0	1578	2.195e-05	0.00016844	0.00017027
0	0	1580	2.155e-05	0.00016448	0.00016776
0	0	1582	2.19e-05	0.00016127	0.0001655
0	0	1584	2.153e-05	0.00015811	0.0001626
0	0	1586	2.093e-05	0.0001549	0.00016033
0	0	1588	1.973e-05	0.00015147	0.00015785
0	0	1590	1.936e-05	0.00014849	0.00015478
0	0	1592	1.959e-05	0.00014599	0.00015244
0	0	1594	1.901e-05	0.00014276	0.00015086
0	0	1596	1.876e-05	0.00014019	0.00014919
0	0	1598	1.819e-05	0.00013744	0.00014637
0	0	1600	1.758e-05	0.00013396	0.00014404
0	0	1602	1.736e-05	0.00013167	0.00014182
0	0	1604	1.713e-05	0.00012935	0.00013961
0	0	1606	1.644e-05	0.00012686	0.00013848
0	0	1608	1.588e-05	0.00012444	0.00013662
0	0	1610	1.539e-05	0.00012159	0.00013455
0	0	1612	1.54e-05	0.00011892	0.00013239
0	0	1614	1.487e-05	0.00011712	0.00013043
0	0	1616	1.386e-05	0.00011505	0.00012874
0	0	1618	1.388e-05	0.00011233	0.00012725
0	0	1620	1.375e-05	0.00011006	0.00012528
0	0	1622	1.302e-05	0.00010815	0.00012335
0	0	1624	1.247e-05	0.00010641	0.00012236
0	0	1626	1.244e-05	0.00010429	0.00012088
0	0	1628	1.188e-05	0.00010218	0.00011899
0	0	1630	1.135e-05	0.00010033	0.00011689
0	0	1632	1.089e-05	9.805e-05	0.00011544
0	0	1634	1.015e-05	9.591e-05	0.00011413
0	0	1636	9.27e-06	9.446e-05	0.00011246
0	0	1638	8.69e-06	9.251e-05	0.00011095
0	0	1640	8.25e-06	9.09e-05	0.00010919
0	0	1642	8.43e-06	8.913e-05	0.0001076
0	0	1644	8.07e-06	8.755e-05	0.00010626
0	0	1646	7.6e-06	8.607e-05	0.00010506
0	0	1648	7.2e-06	8.435e-05	0.00010345
0	0	1650	7.46e-06	8.189e-05	0.00010273
