-4.500 +1200.59     +2.79
-4.400 +1962.40     +2.88
-4.300 +2635.94     +3.08
-4.200 +3222.80     +3.17
-4.100 +3718.81     +3.26
-4.000 +4115.34     +3.19
-3.900 +4398.16     +3.50
-3.800 +4551.40     +3.77
-3.700 +4554.24     +3.97
-3.600 +4385.64     +4.21
-3.500 +4032.51     +4.28
-3.400 +3640.48     +4.24
-3.300 +3277.79     +4.36
-3.200 +2948.32     +4.63
-3.100 +2656.47     +4.31
-3.000 +2404.79     +4.46
-2.900 +2195.19     +4.33
-2.800 +2029.84     +4.42
-2.700 +1909.05     +4.65
-2.600 +1833.01     +4.16
-2.500 +1801.99     +4.25
-2.400 +1770.95     +4.39
-2.300 +1713.31     +4.32
-2.200 +1627.94     +4.45
-2.100 +1514.77     +4.43
-2.000 +1374.65     +4.76
-1.900 +1232.36     +4.52
-1.800 +1109.21     +4.44
-1.700 +1005.26     +4.71
-1.600  +920.41     +4.48
-1.500  +844.69     +4.55
-1.400  +770.51     +4.60
-1.300  +699.41     +4.27
-1.200  +631.67     +4.05
-1.100  +567.22     +4.16
-1.000  +504.97     +4.18
-0.900  +445.28     +4.72
-0.800  +402.61     +4.62
-0.700  +347.62     +4.50
-0.600  +307.37     +4.58
-0.500  +260.59     +4.47
-0.400  +227.50     +4.56
-0.300  +193.24     +4.78
-0.200  +136.54     +4.67
-0.100  +104.00     +4.19
+0.000   +65.79     +4.60
+0.100   +21.06     +3.19
+0.200   -11.48     +3.21
+0.300   -62.73     +4.43
+0.400  -106.12     +4.71
+0.500  -147.05     +4.45
+0.600  -178.71     +4.74
+0.700  -230.42     +4.33
+0.800  -303.10     +4.48
+0.900  -351.93     +4.49
+1.000  -412.04     +4.54
+1.100  -476.67     +4.84
+1.200  -537.59     +4.68
+1.300  -607.20     +4.85
+1.400  -693.70     +4.59
+1.500  -797.21     +4.70
+1.600  -914.72     +4.76
+1.700 -1006.85     +4.87
+1.800 -1057.77     +4.76
+1.900 -1069.70     +4.68
+2.000 -1059.08     +4.70
+2.100 -1141.77     +4.70
+2.200 -1353.12     +4.91
+2.300 -1688.43     +4.60
+2.400 -2139.69     +4.69
+2.500 -2611.85     +4.18
+2.600 -2895.90     +3.97
+2.700 -2976.26     +4.01
+2.800 -2879.78     +3.73
+2.900 -2631.21     +3.81
+3.000 -2250.78     +3.63
+3.100 -1754.85     +3.59
+3.200 -1151.98     +3.36
+3.300  -446.72     +3.44
+3.400  +362.28     +3.53
+3.500 +1281.98     +3.58
