
Curva de Excitacao - Bobina Girante (Dados Brutos)

Arquivo..............: C:\Arq\Wiggler\Medidas Wiggler - Corretoras\Bobina Tungstenio\Gap60\Translado60_X=1_#022.dat
Data.................: 27/01/2005
Hora.................: 15:46:52
Ganho................: 20
N. de Coletas........: 1
N. de Voltas.........: 10
Intervalo de Análise.: 4 - 8

-15375
-15325
-13050
-10450
-13975
-15550
-15200
-15025
-14900
-12325
-11700
-15400
-17300
-15975
-16075
-15300
-13475
-15975
-17700
-16750
-14225
-12900
-14750
-15125
-16825
-15300
-10475
-8900
-9500
-12375
-12525
-11375
-7575
-4375
-5900
-8350
-7825
-5550
-3150
-3900
-7500
-8550
-6700
-1450
-325
-4275
-10225
-13400
-11575
-2125
-2475
-4600
-14000
-17100
-16400
-7225
-3575
-9150
-19350
-21875
-21050
-11475
-8125
-10725
-23750
-29300
-24825
-15200
-12250
-13425
-24500
-31750
-28925
-17450
-13000
-15800
-23650
-30450
-29275
-18975
-12850
-15075
-21275
-27100
-24825
-20175
-14000
-16575
-21025
-24550
-22875
-22800
-19525
-20700
-22025
-24825
-25050
-25950
-26650
-26550
-26150
-26850
-25625
-27900
-30500
-31175
-29500
-26900
-25525
-26675
-28975
-29850
-26600
-24225
-23700
-22925
-24550
-24225
-21475
-19800
-17925
-18675
-19000
-18025
-17325
-14825
-13025
-14650

-15875
-14650
-13950
-13425
-12550
-11700
-14850
-15050
-14400
-14275
-13325
-13150
-14200
-16800
-16825
-15100
-13650
-14475
-14775
-17200
-17550
-14525
-12925
-12300
-13375
-14650
-13650
-12750
-8675
-9075
-9625
-10600
-8475
-6050
-5100
-6650
-7550
-8300
-3850
-1550
-2225
-5925
-9650
-8125
-2950
-975
-1700
-8700
-12425
-12500
-6150
-1300
-4375
-12700
-17425
-17600
-9475
-4775
-6625
-16600
-23775
-22575
-15050
-8025
-9800
-19750
-28425
-27400
-19725
-11600
-13250
-19975
-30300
-30225
-22200
-13175
-13900
-19700
-28000
-28275
-22850
-13775
-13600
-18750
-24200
-24600
-22175
-16050
-16000
-18575
-22475
-23250
-23350
-21300
-21250
-22900
-25100
-24625
-25550
-26375
-27350
-27900
-27000
-26800
-26450
-29050
-30600
-28725
-26750
-26075
-26150
-27425
-27975
-26125
-24125
-21975
-21925
-22600
-21625
-22025
-18425
-17075
-17050
-17725
-17025
-15550
-14175
-13850

-12900
-14575
-14775
-13075
-13125
-12050
-13000
-12750
-14775
-15075
-13225
-13400
-13900
-13900
-15875
-17150
-15375
-13775
-13350
-14850
-15700
-16175
-15675
-12825
-11025
-11650
-13650
-12300
-11025
-8800
-8375
-8300
-9675
-7200
-5450
-3650
-5175
-7375
-7650
-4175
-1400
-1025
-4775
-8675
-9325
-5000
-450
-1700
-6725
-12425
-13475
-8525
-2300
-3375
-10550
-18150
-18125
-13750
-5650
-5775
-13025
-24300
-23525
-18675
-9825
-10775
-15025
-26625
-29500
-23150
-13150
-12825
-17400
-27075
-30225
-26250
-14850
-12875
-17525
-24575
-27275
-24375
-16800
-13225
-16525
-21950
-23975
-22275
-18825
-16700
-17875
-21950
-23400
-23400
-22325
-22300
-24400
-24325
-24775
-24975
-26425
-28200
-27925
-28325
-26225
-26200
-28725
-29400
-28700
-27225
-26175
-25150
-25650
-25900
-26725
-22800
-21400
-21250
-20975
-20500
-19775
-18350
-15575
-15925
-17500
-15775
-13800
-14750

-13375
-12425
-12925
-14675
-13350
-11925
-13500
-12425
-12700
-14725
-15500
-13775
-13000
-13900
-14800
-14750
-16150
-16725
-14175
-13000
-14050
-14700
-15700
-14550
-13425
-10025
-11300
-12950
-10925
-9650
-8125
-7475
-8200
-7925
-7625
-4250
-3100
-4425
-6825
-7000
-5250
-1675
-700
-2850
-8250
-10625
-6900
-1400
-1100
-4950
-12475
-14125
-11875
-4225
-2975
-8500
-17025
-19300
-17075
-8550
-6875
-10650
-21775
-24850
-21875
-14175
-9750
-13875
-23475
-29875
-26075
-16875
-12450
-16175
-23475
-29050
-26950
-18725
-12425
-16275
-21800
-25600
-24525
-20100
-13425
-15200
-20475
-23175
-22275
-20375
-17225
-19375
-21100
-23650
-22725
-23575
-23525
-24000
-25475
-25425
-25600
-27150
-27575
-28500
-28000
-26975
-27400
-26750
-28125
-29025
-26725
-25125
-24950
-24600
-25100
-24100
-22875
-20325
-19650
-20575
-19500
-17975
-17150
-15975
-14925
-15375
-15550
-14650

-12175
-13125
-12625
-12625
-14100
-13425
-12075
-11875
-13425
-13400
-13450
-14825
-14850
-13350
-13825
-14575
-14350
-15375
-15775
-15175
-12550
-13850
-14000
-14450
-13275
-12050
-10200
-10850
-10725
-11600
-7925
-6575
-6175
-7500
-7975
-6975
-3650
-2750
-2650
-5625
-8075
-6125
-1475
-100
-1975
-8125
-9825
-9050
-3100
-650
-3925
-10900
-14625
-13625
-7575
-3425
-5750
-15525
-20950
-17850
-12625
-6975
-9625
-18150
-26100
-24425
-15875
-11300
-13750
-19925
-28075
-27725
-20600
-12450
-14725
-21175
-26175
-27450
-22050
-13900
-14200
-18900
-24300
-23875
-21475
-15075
-15100
-17775
-22425
-22250
-20875
-19425
-19075
-21500
-22350
-23275
-24525
-23675
-25400
-25475
-25900
-26225
-26125
-27750
-28550
-28050
-26850
-26650
-26350
-27525
-28025
-26725
-24275
-23625
-24950
-22875
-22450
-21700
-20175
-17950
-19425
-18875
-16825
-15225
-15775
-14250
-13750
-15475

-13875
-11950
-11950
-13000
-13150
-11875
-13600
-13125
-11450
-12925
-14000
-13425
-13975
-15100
-14875
-12125
-14525
-15475
-14825
-14450
-14825
-12875
-12350
-13700
-13700
-11950
-11225
-10525
-9075
-10025
-10225
-7650
-5975
-5025
-6575
-7300
-6500
-3925
-1350
-1625
-5100
-7550
-6975
-2900
500
-1500
-5675
-10875
-10250
-5800
-1175
-2800
-9150
-15350
-14225
-10475
-4850
-5850
-12075
-20200
-20750
-15100
-9100
-9450
-15600
-24450
-25575
-20050
-12325
-13000
-18100
-25075
-27850
-24475
-14675
-13550
-18850
-24375
-25975
-23775
-16325
-12950
-17150
-22300
-23025
-21125
-17150
-15450
-17925
-20375
-22000
-21875
-20400
-19550
-21200
-22650
-24300
-24125
-25050
-24375
-26250
-27100
-25550
-27075
-27100
-28025
-28125
-27175
-26025
-26400
-26350
-26050
-26075
-24150
-23025
-22600
-23250
-21250
-19875
-19525
-17925
-17150
-17800
-16650
-14650
-13575
-14125
-14000

-13225
-14150
-12100
-10650
-12750
-12675
-12850
-12650
-13200
-12925
-11775
-13775
-14250
-14100
-14200
-14650
-13700
-13625
-14900
-14800
-13600
-13700
-13725
-11875
-12625
-12900
-11000
-10025
-8800
-9500
-9225
-8450
-7725
-3975
-4075
-5275
-6975
-6200
-3975
-850
-625
-3150
-7675
-7150
-4725
-450
-225
-4775
-10425
-11025
-7700
-2425
-2375
-7550
-15225
-16275
-12025
-6425
-6325
-10475
-19450
-22075
-17875
-10500
-9800
-14825
-21725
-26175
-23175
-15425
-11525
-16700
-23600
-27425
-25275
-18250
-12800
-16150
-22700
-25150
-23550
-18500
-13775
-15850
-19675
-22250
-21325
-19200
-15775
-16950
-19500
-21900
-21625
-21950
-20125
-22175
-23100
-23750
-24550
-25300
-25325
-27575
-26025
-26150
-26650
-27375
-27400
-27925
-26975
-25625
-25775
-26075
-25175
-24225
-23775
-21950
-21600
-21775
-20600
-19000
-17925
-16850
-17025
-15875
-16250
-14350
-12625
-12975

-13900
-13575
-12500
-12400
-11900
-10800
-12525
-13950
-12250
-12975
-12500
-12850
-12600
-14825
-14750
-13350
-14050
-14475
-13500
-14200
-14600
-14000
-13125
-12325
-12000
-11775
-11875
-11375
-8800
-8225
-7425
-8725
-8350
-6350
-3850
-3425
-2900
-6650
-6900
-4575
-700
200
-2150
-7050
-8500
-6250
-1250
50
-3150
-10175
-12750
-9525
-4900
-2625
-5525
-13700
-17825
-14875
-9050
-6050
-10275
-16200
-23150
-20500
-14075
-9950
-13575
-19575
-25800
-25025
-19275
-11825
-15525
-21475
-25925
-25275
-20675
-14050
-14625
-20075
-24250
-22900
-20225
-14950
-14825
-17875
-21050
-22025
-20150
-16475
-17275
-20325
-20950
-22525
-22450
-21225
-22175
-24025
-24650
-24300
-25700
-26700
-26350
-27325
-26025
-27350
-27200
-27150
-27025
-27350
-25000
-25075
-25775
-24075
-23025
-23025
-21500
-20050
-20800
-19750
-17600
-16275
-16375
-16000
-15700
-15025
-13925
-11850

