
Curva de Excitacao - Bobina Girante (Dados Brutos)

Arquivo..............: C:\Arq\Wiggler\Medidas Wiggler - Corretoras\Bobina Tungstenio\Gap60\Translado60_X=-16_#005.dat
Data.................: 27/01/2005
Hora.................: 15:16:42
Ganho................: 20
N. de Coletas........: 1
N. de Voltas.........: 10
Intervalo de Análise.: 4 - 8

13200
14050
15675
15000
12600
13725
13725
12875
12075
10575
10300
7625
6900
5775
1475
-1675
-3275
-4500
-5975
-7175
-9400
-13275
-17425
-17325
-20000
-19725
-20325
-21400
-22925
-24625
-24875
-25375
-25975
-23975
-25050
-24125
-24350
-23050
-22600
-22025
-23025
-21250
-21750
-18925
-18175
-17950
-18750
-19275
-18025
-17400
-16500
-15500
-15650
-17325
-17525
-16925
-15625
-16300
-16975
-16425
-18750
-17725
-16300
-18225
-18575
-20575
-19675
-20475
-20250
-18975
-22200
-23275
-23500
-24500
-23775
-24500
-24250
-27650
-28525
-28300
-29325
-29700
-30450
-32675
-33875
-34350
-34275
-34550
-36550
-37275
-39425
-40275
-39025
-37425
-37750
-38950
-42025
-40425
-39300
-36300
-34325
-35475
-37125
-34750
-32625
-28175
-26700
-24575
-25875
-24475
-21375
-17075
-12950
-11450
-12400
-10450
-7200
-4900
275
1925
1525
1500
5000
7050
10350
12500
11975
9600

12750
14325
14925
15575
15125
13575
12475
13100
14100
10825
10550
7475
5475
4150
4225
1725
-2200
-5175
-6750
-9475
-10550
-11375
-15000
-16675
-18750
-19425
-21675
-22575
-21925
-24075
-24300
-24650
-24400
-24000
-24050
-24275
-24025
-24425
-22125
-21450
-21100
-20325
-21700
-19875
-19675
-17850
-16575
-16325
-17825
-17750
-17525
-15100
-15625
-15250
-16000
-17700
-16200
-15775
-15150
-16850
-16925
-18150
-18650
-17575
-16250
-19175
-19275
-19950
-21575
-21075
-20075
-20075
-23525
-24275
-23925
-25650
-24675
-24925
-27100
-28975
-29475
-29225
-30500
-31675
-31550
-34275
-35775
-35800
-35525
-35525
-37050
-39350
-39875
-40475
-37775
-37050
-38425
-39750
-39475
-39000
-36050
-33900
-32175
-33675
-33000
-31200
-28425
-24175
-21000
-22000
-21400
-19050
-15600
-11175
-8375
-8400
-7675
-4850
-2325
1550
4825
5000
3550
6650
9025
10775
13300
14450

12200
13025
14375
16300
15125
16000
13975
11900
11950
12425
12225
8000
6625
4150
2225
850
300
-3475
-6375
-9075
-9875
-13425
-14700
-15325
-18350
-19400
-20450
-21825
-22500
-23300
-23100
-24725
-24650
-24475
-23200
-23675
-23200
-23250
-22725
-22375
-21025
-19700
-19650
-19600
-18950
-19275
-17500
-16800
-15225
-16025
-17625
-16525
-15950
-15325
-14875
-14950
-16850
-17225
-15925
-15250
-16675
-16900
-17400
-19050
-18175
-18125
-17425
-19550
-21125
-20375
-22875
-21000
-20850
-22775
-24575
-25575
-24750
-26475
-26825
-26200
-29325
-30650
-31175
-31700
-31575
-32750
-33850
-36950
-37375
-36025
-36275
-37525
-38525
-39775
-40450
-39400
-38150
-37025
-37875
-38575
-37575
-36300
-33500
-30875
-30750
-30675
-30100
-26600
-22200
-20425
-18525
-18625
-16825
-13900
-9775
-6700
-4425
-5350
-2950
25
2325
6125
7750
7050
6875
10150
12675
13550

14975
15425
12350
14200
15150
16775
14325
13800
12425
9700
10650
10075
7425
4600
2475
675
-2000
-3350
-4600
-8100
-11025
-12875
-14950
-16350
-17425
-18425
-20875
-23050
-22375
-23075
-23725
-24150
-23900
-24350
-24650
-23675
-22550
-23300
-22150
-21600
-21825
-20925
-19725
-17750
-18475
-19150
-17775
-17575
-15950
-15325
-15450
-16150
-16975
-16175
-14750
-15875
-14725
-16325
-17200
-17150
-15925
-15975
-17100
-17925
-18175
-20225
-18650
-17075
-20075
-21050
-22075
-21275
-22875
-22250
-22150
-24700
-26125
-26575
-27325
-26975
-28175
-28050
-31325
-33600
-32625
-32425
-33575
-34425
-37125
-37100
-38325
-37875
-36900
-37925
-39725
-39875
-39925
-38475
-36150
-35950
-36400
-37625
-34800
-32025
-29875
-28550
-28250
-26800
-24550
-22000
-17000
-16200
-14650
-14725
-11475
-9325
-4100
-1350
-1025
-1350
1425
4475
6575
9550
10875
8900
10500
13025

14675
15375
15775
15475
12975
14750
15175
14650
13150
11625
10150
7575
7400
6525
2850
250
-1250
-3775
-5700
-7525
-9175
-12925
-15250
-15600
-18500
-18675
-20050
-21375
-22675
-23700
-23500
-24225
-23725
-23575
-23650
-23850
-23300
-22850
-21475
-20600
-21225
-20925
-19925
-19225
-17300
-17100
-17475
-18050
-16825
-15700
-15825
-14575
-15475
-16125
-16525
-15125
-14625
-15450
-15625
-16300
-17675
-17550
-15275
-16800
-17825
-19125
-19025
-19725
-19975
-18125
-20975
-21925
-22575
-23250
-23500
-23325
-23275
-26625
-28200
-27400
-28675
-28125
-29600
-31000
-33350
-33725
-34250
-33725
-35575
-35425
-37825
-39600
-38450
-37850
-36750
-38225
-40250
-39375
-38500
-35925
-34275
-34300
-35225
-34475
-31350
-28175
-25550
-24275
-24250
-23525
-20325
-16250
-11950
-11400
-11075
-9325
-6225
-3800
575
2750
2225
3150
6125
8050
10425
12800
12925
10950

13275
15550
15600
16450
16050
14775
12525
14225
14725
11975
10675
8600
6725
5300
4125
2675
-1900
-4025
-5975
-7850
-9400
-10850
-14125
-16525
-18325
-18600
-20475
-21425
-20975
-22650
-24025
-24150
-23575
-23825
-22825
-22925
-22925
-23500
-21975
-21125
-19900
-19675
-20075
-18950
-18325
-17425
-16400
-15925
-16650
-16950
-16275
-14475
-14775
-14050
-15350
-16650
-16425
-14575
-15025
-15575
-16225
-17050
-17775
-17550
-15575
-18175
-18475
-19000
-20550
-20750
-20125
-19275
-22175
-23850
-22950
-24825
-24150
-24625
-25800
-27775
-29900
-28875
-29975
-30700
-30700
-32550
-35250
-35875
-35275
-34825
-36175
-37625
-39275
-39700
-38300
-36425
-37775
-38250
-38650
-37850
-36275
-33675
-32025
-31750
-31975
-30475
-27950
-24100
-21000
-20875
-19575
-18275
-15600
-11500
-8375
-6950
-6300
-4475
-1625
1250
5000
5500
5500
7000
10475
10800
13575
14675

14000
13700
14850
16200
15500
16375
15375
12575
12750
12750
12350
8900
7525
5100
2100
2050
-25
-2675
-5275
-7950
-9850
-12575
-14025
-14875
-17475
-18650
-19850
-21550
-21800
-22575
-22675
-23525
-24075
-23250
-23500
-22575
-22800
-22550
-22275
-20900
-20525
-18825
-19200
-18450
-18175
-18475
-16700
-16125
-14225
-16225
-15975
-16450
-14900
-14600
-14450
-14400
-15400
-16150
-15875
-14850
-15625
-16325
-16300
-17675
-18025
-17400
-17300
-18675
-19800
-19600
-21850
-20400
-20425
-21800
-23350
-24750
-24100
-26325
-25400
-25975
-28475
-29150
-30375
-31350
-31325
-31525
-33150
-35350
-36925
-35425
-36325
-36650
-37450
-38725
-39325
-38925
-37275
-36325
-36675
-37100
-36850
-35825
-32900
-30425
-29850
-29075
-28650
-25525
-22575
-19600
-17750
-16700
-15525
-12950
-9825
-5575
-4075
-3075
-2275
625
2825
6225
8650
8050
8950
10650
12700
13425

16125
16100
13525
14825
16325
16050
15225
15550
13100
10825
11225
9850
7250
6050
3450
1425
-1375
-2850
-3800
-8175
-9625
-11850
-14275
-15500
-17075
-17125
-20400
-21675
-21450
-23075
-23000
-22900
-23175
-23575
-23575
-23225
-22800
-21850
-20750
-21225
-20975
-20225
-18775
-17500
-17500
-18450
-16950
-17100
-15300
-14825
-14600
-15900
-16175
-14900
-14625
-14575
-14075
-14975
-16775
-16500
-15450
-15375
-16325
-16525
-17825
-19200
-18075
-17025
-19650
-20075
-20750
-20900
-22300
-21950
-21075
-24275
-24750
-25750
-26375
-27100
-27150
-27725
-30775
-32800
-31000
-32225
-33025
-34075
-35825
-37225
-37250
-36450
-37075
-37375
-38000
-39475
-39275
-37650
-35775
-35500
-35525
-36625
-34525
-31975
-29200
-27175
-26475
-26125
-24725
-21125
-17950
-14750
-14425
-11975
-11200
-7900
-4225
-1500
-675
375
2425
4600
6925
10050
12000
9975
11300
13625

