
Curva de Excitacao - Bobina Girante (Dados Brutos)

Arquivo..............: C:\Arq\Wiggler\Medidas Wiggler - Corretoras\Bobina Tungstenio\Gap60\Translado60_X=7_#028.dat
Data.................: 27/01/2005
Hora.................: 15:57:27
Ganho................: 20
N. de Coletas........: 1
N. de Voltas.........: 10
Intervalo de Análise.: 4 - 8

-18825
-16925
-16100
-17750
-18600
-17550
-17700
-16800
-16175
-16375
-17350
-16350
-14775
-14275
-14950
-15600
-15925
-16400
-12425
-10050
-9825
-12275
-13950
-13400
-10500
-5875
-3800
-8075
-9000
-8675
-5200
-2300
-2325
-6025
-8500
-5600
-750
1325
-725
-7675
-11625
-8675
-1600
1850
225
-10125
-14875
-13300
-4975
-1175
-3750
-11700
-18700
-16900
-7650
-4425
-7250
-16700
-23950
-22600
-14400
-6675
-11000
-22650
-30750
-30175
-20925
-12125
-16100
-27550
-39075
-36850
-26750
-16700
-17150
-28325
-41125
-40575
-29375
-16600
-15950
-24100
-35650
-37625
-27475
-13750
-13175
-19150
-28950
-29400
-24250
-15100
-11050
-17075
-23375
-25650
-23700
-18025
-16525
-19000
-22975
-26150
-24700
-22350
-21050
-23275
-25075
-26350
-25625
-26650
-23875
-24300
-24725
-25850
-25300
-25250
-25275
-22725
-20750
-23800
-22175
-22000
-22275
-20800
-18175
-18725
-20375
-19725

-17625
-18625
-16950
-15700
-17750
-18625
-17300
-15300
-16100
-15750
-14725
-17650
-17725
-14700
-13925
-13900
-13900
-14375
-14750
-13375
-10250
-9200
-12225
-11225
-11025
-8250
-5550
-4600
-6975
-10000
-7600
-2875
-850
400
-4725
-9150
-7400
-2750
2150
975
-5675
-10325
-9450
-3750
1600
-1475
-8325
-14850
-13225
-5325
-2125
-2125
-11250
-18950
-18625
-11750
-2825
-6700
-13950
-24425
-24525
-18650
-8325
-10025
-19725
-31150
-31575
-25450
-15500
-14375
-23850
-36400
-38475
-31450
-19775
-16675
-24100
-36450
-39925
-32225
-18475
-15175
-21350
-31325
-34350
-28625
-16850
-11350
-17275
-24225
-27450
-24900
-16775
-12275
-15050
-21550
-25625
-23250
-20275
-15850
-18450
-22350
-25625
-25225
-24100
-21075
-22825
-23250
-25800
-25975
-26250
-24675
-24025
-22925
-25300
-23975
-24700
-23125
-22500
-21175
-20875
-22550
-21300
-20175
-19675
-18275
-16825
-19200

-19800
-17900
-16550
-16375
-15800
-15700
-17800
-17550
-15200
-15025
-14900
-15075
-15350
-16400
-14875
-13000
-12100
-13950
-13475
-13825
-11675
-9575
-8150
-9825
-11250
-9500
-7225
-5200
-2475
-5425
-7950
-7850
-3625
250
700
-3050
-7200
-7475
-2950
2175
1000
-3475
-11525
-9225
-4975
1100
-375
-6475
-14325
-14475
-9450
-525
-2475
-8825
-18150
-19625
-14225
-5350
-5000
-12475
-23825
-25550
-21150
-11900
-9875
-17150
-29675
-33675
-28425
-18525
-15150
-20775
-32650
-39350
-33800
-21800
-16350
-22400
-31850
-38125
-33775
-21475
-14025
-18675
-27375
-31550
-28950
-19700
-12425
-14025
-20675
-27000
-24500
-19400
-12775
-14900
-19875
-23800
-24250
-21525
-17350
-18825
-21950
-24325
-25125
-24600
-23675
-21775
-22950
-25950
-25925
-25475
-24475
-24050
-22750
-23275
-24775
-23725
-22025
-22375
-20650
-19975
-20675
-22025
-19625
-18000
-17600
-17825

-17100
-19150
-18075
-16125
-15050
-15750
-16275
-16175
-17325
-16300
-13775
-13775
-15000
-15575
-15075
-14575
-13100
-11375
-11975
-14375
-12575
-10425
-9450
-7650
-7625
-9575
-9975
-7275
-2575
-3125
-3800
-6550
-7075
-4800
700
1650
-1800
-8200
-7000
-4100
950
1700
-2725
-10325
-10500
-6800
-175
-1450
-3775
-12725
-16400
-10825
-3775
-1625
-8150
-16775
-19850
-16850
-8600
-5375
-11525
-21950
-26775
-22675
-16650
-10900
-16000
-26550
-35150
-30300
-21725
-15925
-20850
-29250
-38875
-35525
-25075
-16550
-20725
-28850
-35475
-33450
-25075
-14375
-16250
-23400
-29675
-27425
-22150
-12700
-12650
-19100
-24275
-24125
-19425
-14600
-15425
-18575
-22625
-23150
-22875
-19300
-19250
-21850
-23675
-24425
-25225
-23800
-22025
-24375
-24275
-25900
-24125
-24200
-23800
-22400
-22475
-23850
-22550
-22075
-20275
-20900
-18500
-19550
-21425
-19150
-16925
-17350

-17200
-16175
-17400
-17850
-16350
-14150
-15700
-15400
-15325
-16025
-15850
-14075
-12775
-14550
-14750
-13975
-13350
-12775
-10150
-10750
-12975
-11675
-10125
-7775
-7350
-5725
-8325
-9000
-6075
-2475
-1650
-2500
-5750
-6425
-4450
700
1925
-525
-6550
-7675
-5350
775
1375
-1325
-8475
-12100
-7925
-2375
225
-3700
-11950
-15400
-12300
-6475
-2200
-6725
-15000
-20975
-17925
-11725
-7050
-10425
-19550
-27475
-25750
-18475
-12525
-15875
-24500
-34300
-33175
-25125
-16700
-19475
-27250
-36125
-35950
-28675
-17725
-18450
-25900
-32800
-32150
-26700
-16100
-13775
-20925
-26350
-26650
-22000
-14300
-12725
-16975
-22250
-22825
-20725
-16825
-14725
-18125
-21525
-23650
-22575
-20600
-19850
-21450
-23025
-25425
-24675
-23250
-23025
-23675
-23475
-24525
-24850
-24875
-21050
-22975
-21375
-21875
-22825
-22050
-19450
-18700
-19250
-19225
-18675
-18725
-17825

-15625
-16475
-16825
-17075
-16300
-16375
-14475
-13900
-14750
-16775
-15375
-14625
-14075
-12725
-12525
-14700
-14225
-13550
-10325
-11075
-9175
-10625
-11950
-9700
-6175
-5450
-5675
-7650
-7125
-6825
-1800
175
-1525
-4925
-7100
-3900
725
2325
850
-5600
-9100
-5775
-250
2225
-375
-8025
-11900
-10050
-4750
1025
-2900
-9800
-16750
-13400
-9500
-2675
-5325
-13375
-22225
-19350
-14675
-8250
-10450
-17025
-28425
-27900
-21500
-13450
-16300
-23125
-32350
-33975
-28500
-18325
-17950
-26000
-33925
-35125
-30450
-19800
-16200
-23000
-30500
-31475
-25825
-17900
-13175
-17850
-24100
-25725
-21750
-16125
-12300
-16275
-19050
-22850
-21600
-17950
-15400
-18025
-20800
-23350
-22975
-22475
-19825
-21450
-23225
-24350
-24575
-24400
-23000
-22900
-23125
-23550
-25075
-23625
-21325
-21500
-21275
-21075
-21700
-21250
-19075
-17375
-18825
-17500
-18475
-18750

-17450
-14775
-14675
-16175
-17250
-15900
-16300
-14250
-13125
-13975
-16075
-15575
-14575
-13525
-12850
-11425
-13000
-14675
-12375
-10175
-9300
-8675
-10000
-10425
-9325
-5650
-3775
-4550
-6025
-8075
-4800
-1950
1025
925
-4000
-7900
-3975
-575
2600
1625
-3725
-8525
-8200
-2225
2000
-800
-5575
-12050
-11075
-6725
-475
-2350
-9300
-16275
-14650
-11475
-4525
-5425
-11775
-22175
-21725
-16175
-10775
-10725
-17150
-26825
-29750
-23800
-16225
-16775
-22275
-31025
-34325
-31125
-21000
-17075
-24275
-31575
-34700
-31275
-22625
-15325
-20250
-27350
-30500
-25275
-20000
-12900
-16750
-19600
-24850
-22350
-18150
-13100
-15000
-19050
-21750
-21675
-20650
-16100
-18250
-21175
-22675
-22925
-23575
-21050
-22100
-22475
-24125
-25750
-23750
-23125
-22900
-22800
-23050
-24800
-23850
-21250
-19975
-21450
-19925
-20675
-21275
-19150
-17050
-16750
-17725
-17925

-17500
-17925
-14675
-14225
-15450
-16525
-16000
-15200
-14425
-13675
-13200
-15050
-16150
-13800
-12250
-12275
-11825
-12100
-14425
-12400
-9400
-7525
-8050
-8850
-10350
-8575
-5875
-2600
-2775
-4900
-7525
-4600
-3250
1925
525
-1725
-7200
-5200
-1625
2875
425
-2500
-9275
-8625
-3925
850
25
-5050
-12200
-12575
-8375
-1775
-2325
-7475
-15975
-17225
-12350
-7375
-5950
-11425
-20075
-23600
-19550
-12925
-11350
-17225
-24875
-30325
-27175
-20375
-15375
-21525
-29700
-35000
-32000
-24300
-17575
-22150
-29100
-34525
-30675
-24175
-16250
-18700
-23575
-27925
-26300
-20925
-13900
-14600
-19175
-22450
-21700
-19825
-13725
-14675
-18625
-21300
-22175
-20425
-18150
-18400
-20850
-22850
-24275
-23025
-21825
-22175
-22925
-23700
-25100
-24925
-22925
-21650
-23625
-22150
-22900
-23100
-22225
-19750
-19500
-20200
-19725
-19625
-19675
-16650
-15975
-16950

