
Curva de Excitacao - Bobina Girante (Dados Brutos)

Arquivo..............: C:\Arq\Wiggler\Medidas Wiggler - Corretoras\Bobina Tungstenio\Gap60\Translado60_X=18_#039.dat
Data.................: 27/01/2005
Hora.................: 16:16:21
Ganho................: 20
N. de Coletas........: 1
N. de Voltas.........: 10
Intervalo de Análise.: 4 - 8

-18375
-18775
-16125
-14850
-13425
-12575
-15750
-15725
-13050
-11750
-10950
-10350
-11525
-12175
-10625
-7050
-6050
-7275
-7700
-8875
-7750
-4175
-2700
-1600
-6100
-5825
-6025
-3750
-2225
-1300
-4775
-6125
-7275
-3425
-4000
-2225
-5575
-7450
-7275
-3950
-2375
50
-4625
-4750
-5150
-2100
1475
3625
1000
-1575
-2950
1125
2000
4200
1650
-1625
-4150
-3700
-625
-2050
-4700
-8950
-13225
-14925
-12025
-12850
-16200
-23150
-26800
-30525
-28325
-27100
-30150
-39025
-42550
-45325
-43050
-39750
-39575
-48175
-52175
-55075
-49975
-43850
-41475
-44725
-48900
-51425
-46225
-36425
-32375
-35050
-36100
-38500
-33650
-25475
-20700
-21825
-24700
-26275
-24100
-18325
-14200
-15150
-18650
-20725
-21425
-16100
-13550
-15075
-17750
-19675
-21175
-17475
-14975
-14650
-19350
-19650
-20075
-19325
-16075
-14950
-17250
-19475
-19875
-16825
-16100
-14950

-14225
-18100
-17650
-15250
-13400
-12525
-13075
-13425
-15375
-13700
-9800
-8325
-9900
-10450
-11000
-9700
-7600
-5100
-4825
-7475
-6700
-5825
-5275
-2775
-1625
-4300
-6350
-5600
-2025
-2725
-1300
-4375
-7125
-7100
-3275
-3225
-1075
-5175
-6550
-7600
-3850
-1600
275
-1050
-3750
-4200
-625
25
4250
1850
-375
-1600
200
3325
3000
275
-950
-5675
-4275
-2725
-2300
-6800
-10550
-14525
-16600
-15475
-14675
-18050
-25725
-29875
-32175
-30950
-30375
-31975
-39675
-44950
-47350
-44850
-42000
-41700
-46850
-50925
-54925
-50225
-43925
-40800
-44500
-45725
-49275
-43175
-35350
-30600
-32400
-33350
-35175
-31875
-24450
-19000
-20250
-22025
-24700
-23500
-17825
-13775
-14825
-17700
-19900
-20600
-16450
-14325
-14200
-18250
-18975
-19975
-18575
-16075
-14600
-18625
-19025
-20550
-17175
-17425
-15750
-15900
-19025
-19075
-16175
-15775

-15075
-15000
-15425
-16950
-16325
-11400
-12325
-12525
-13450
-13000
-13225
-9925
-7725
-8675
-11000
-9100
-8625
-7050
-5075
-3800
-6775
-6350
-6325
-2675
-3750
-1100
-3175
-6625
-5625
-3000
-2100
-1025
-4875
-5900
-7550
-4325
-2175
-1825
-4375
-6125
-6800
-3175
-1775
950
-575
-2975
-3000
-1225
2750
3300
2450
725
-1625
25
2900
2350
1050
-2950
-4900
-6575
-4675
-4200
-7200
-13150
-16400
-18400
-17875
-18025
-20175
-27525
-31925
-34850
-32975
-33150
-34575
-40450
-46350
-48800
-46600
-41975
-43075
-47175
-50750
-53700
-50475
-41700
-40025
-42650
-44325
-45250
-41675
-33900
-28775
-29375
-31075
-32175
-29925
-22575
-18575
-18375
-20775
-22675
-21550
-17575
-13500
-14700
-17550
-18275
-19400
-17600
-14450
-14325
-17650
-18775
-19600
-17700
-16550
-15075
-16525
-20350
-19225
-17900
-15525
-16025
-15975
-17325
-18650
-16800

-13925
-14125
-14975
-15100
-15750
-14525
-12600
-9975
-12300
-12900
-12775
-10875
-10125
-7000
-7425
-8975
-9700
-8025
-5600
-4350
-2800
-4950
-7050
-5325
-2575
-2025
-1050
-3525
-5100
-6025
-3175
-1800
-1400
-4000
-6500
-6975
-3775
-3100
-925
-3025
-5725
-6025
-3175
400
1150
50
-1300
-2725
75
2625
4300
3200
-175
-700
-400
1500
3025
425
-4000
-6525
-6400
-6675
-7175
-7600
-14875
-19250
-20700
-19450
-20775
-23075
-28350
-34250
-37725
-35825
-34175
-36975
-42625
-46300
-50000
-48300
-42575
-42000
-47750
-50975
-51975
-48650
-42100
-37275
-40275
-42725
-42725
-39400
-31800
-26875
-25900
-28825
-29900
-27850
-21375
-16500
-16750
-19850
-20225
-21425
-16650
-13675
-13800
-16975
-17975
-19450
-17075
-15100
-14300
-16025
-19900
-18875
-18050
-15425
-15750
-17050
-18025
-19725
-17600
-14750
-15475
-16425
-16900
-17250

-16650
-14475
-12275
-13950
-16025
-14075
-13775
-12225
-10375
-9750
-11950
-12850
-9750
-8450
-7575
-5950
-6925
-9450
-7625
-4125
-2925
-3250
-4075
-5450
-6375
-2750
275
-1225
-2450
-5875
-6075
-4100
-1650
-600
-3225
-6550
-6100
-4700
-2575
-1550
-2350
-4275
-5175
-1725
975
1625
1550
-1550
-1575
225
3725
5150
3275
300
-1575
-950
1350
1175
775
-4950
-8625
-8525
-8350
-7500
-10575
-15675
-21725
-23875
-22800
-21925
-25350
-29700
-36125
-40450
-39425
-35350
-38475
-43325
-46725
-50825
-49450
-44250
-42250
-47450
-49175
-49075
-48175
-41200
-36400
-37125
-40300
-40425
-36675
-30075
-24175
-24500
-26300
-27675
-25825
-20250
-15700
-15675
-18175
-19575
-20300
-16475
-13850
-13425
-15550
-18900
-19075
-17050
-14425
-14325
-16975
-17550
-20250
-17700
-15400
-15650
-16425
-17725
-18325
-18150
-15350
-13725
-15750
-16800

-16675
-15575
-14300
-11525
-13025
-14550
-14875
-12500
-11450
-10075
-8575
-10375
-12250
-10200
-7300
-6150
-5575
-6650
-7200
-7375
-3725
-2050
-2725
-3200
-5300
-5100
-2400
-825
-250
-2675
-5675
-5500
-3975
-1225
-1450
-2700
-5150
-6850
-4300
-1925
-400
-1525
-3600
-3525
-2150
1350
3275
1700
-375
-100
1325
3200
4100
4650
-300
-2100
-1100
575
200
-1200
-5325
-9750
-11775
-8875
-10175
-13275
-17900
-22325
-26575
-26725
-23275
-27175
-33275
-38500
-41475
-42000
-38850
-37975
-43875
-48950
-50650
-49975
-45425
-42450
-44400
-47000
-49525
-46450
-39525
-34775
-35050
-36700
-37275
-35125
-28375
-22750
-22150
-24150
-24900
-23925
-19950
-15575
-14150
-16675
-19400
-18925
-17075
-13425
-13725
-15325
-17775
-19850
-17000
-14250
-15200
-16350
-17875
-18650
-19125
-15875
-13875
-16475
-18300
-17275
-17750
-15850
-13825
-13825

-16825
-16925
-14150
-13925
-12625
-11375
-13175
-14525
-12000
-10150
-8825
-9525
-9300
-10450
-10525
-6250
-4425
-5525
-5800
-6775
-6750
-4250
-1850
-725
-3700
-4700
-3900
-3400
-1250
-1275
-2175
-5150
-5525
-3175
-2075
-1500
-2800
-6050
-6125
-3650
-1525
1000
-1250
-2300
-3825
-1775
2175
2775
4175
250
75
1450
3150
4200
3600
1150
-2650
-3000
150
-1050
-3775
-6100
-11525
-13050
-12700
-11200
-16625
-20475
-24875
-28075
-28750
-26775
-29400
-36450
-41100
-42175
-43200
-40325
-39525
-44900
-49400
-51600
-49775
-45350
-42125
-42175
-45525
-48000
-45275
-37850
-33250
-32575
-33425
-34275
-32625
-27225
-21200
-20325
-21450
-23225
-22650
-18775
-15000
-13950
-16125
-17775
-18975
-16475
-13525
-15025
-15450
-17550
-17950
-17800
-15050
-14525
-16950
-17825
-18275
-18350
-16375
-14350
-15000
-18075
-17900
-16400
-15675
-14500

-13425
-15300
-16400
-14200
-12850
-12150
-11950
-11850
-12925
-12600
-9250
-8450
-9075
-8750
-9675
-8650
-6300
-4400
-3925
-6150
-5775
-5525
-3700
-1375
-1225
-2725
-4025
-5025
-2550
-1600
-1050
-1925
-5575
-5225
-4050
-2375
-1850
-3300
-4400
-5900
-3075
-1400
-50
-250
-2100
-2600
-425
2450
3875
3150
1400
-50
-275
3850
4100
2375
25
-2875
-4125
-3225
-1200
-5525
-9150
-12450
-15325
-16075
-14650
-16700
-23700
-28125
-29975
-31425
-30875
-32250
-37250
-41675
-45500
-44625
-42650
-42450
-45700
-48250
-51350
-49925
-44525
-40950
-43275
-44900
-44975
-42600
-36575
-31000
-31175
-31825
-31950
-30375
-25450
-20275
-19300
-20275
-21500
-21875
-17925
-14725
-14200
-16375
-17425
-18250
-17025
-14700
-13950
-16500
-17150
-17575
-18500
-16225
-15075
-15875
-18550
-18025
-17300
-16575
-15800
-15275
-17300
-17925
-16050
-14400

