
Curva de Excitacao - Bobina Girante (Dados Brutos)

Arquivo..............: C:\Arq\Wiggler\Medidas Wiggler - Corretoras\Bobina Tungstenio\Gap60\Translado60_X=14_#035.dat
Data.................: 27/01/2005
Hora.................: 16:10:08
Ganho................: 20
N. de Coletas........: 1
N. de Voltas.........: 10
Intervalo de Análise.: 4 - 8

-18800
-16425
-17100
-14850
-15900
-16025
-18050
-15850
-14525
-14075
-12350
-11475
-12975
-12425
-12275
-11375
-11175
-8675
-7400
-6950
-5950
-6600
-7475
-7475
-5650
-3600
-2075
-2800
-475
-4375
-4875
-5425
-3450
-2625
-750
-2150
-2950
-6375
-5275
-7575
-3025
-4400
-4300
-5225
-3950
-5950
-3875
-6025
-5200
-7300
-4325
-4075
-3175
-3750
-6150
-10475
-9025
-8200
-7025
-8225
-10150
-15525
-17800
-17400
-16525
-17175
-20350
-24000
-31175
-30200
-29600
-26700
-29575
-34150
-40675
-40750
-40225
-36100
-36325
-36750
-43775
-42150
-40525
-35650
-34525
-32900
-38425
-37050
-32900
-25850
-25075
-23825
-28475
-27850
-24475
-18125
-18125
-16575
-20425
-22150
-19675
-16675
-15050
-15300
-18325
-21900
-20550
-17600
-16700
-18850
-17775
-22700
-21050
-20275
-18750
-20700
-19825
-20700
-20375
-21350
-18100
-19275
-20300
-20075
-18650
-18525
-17150
-17175

-17450
-19000
-16825
-15600
-16150
-14875
-14575
-15450
-14700
-14325
-11925
-13350
-12550
-10725
-11650
-9875
-8925
-8450
-9325
-7875
-6375
-6025
-6575
-1975
-5300
-4175
-4600
-3250
-2925
-1800
-1500
-2025
-4850
-2300
-5075
-1750
-3050
-3275
-5025
-4175
-5875
-2225
-4525
-4275
-7100
-5000
-4700
-3500
-2075
-3800
-7075
-6175
-5075
-4300
-4175
-4250
-7950
-10400
-9525
-8925
-9725
-11575
-13850
-19525
-19025
-19400
-18175
-22350
-25275
-30350
-31900
-31875
-28875
-32625
-34850
-40525
-39650
-40725
-36150
-35900
-37800
-43550
-41750
-39225
-33575
-31975
-30600
-36325
-35950
-31000
-24475
-23575
-21000
-25075
-26275
-23775
-17975
-15400
-16475
-17775
-21500
-19775
-16475
-14600
-17000
-16500
-21100
-19900
-18700
-17025
-18325
-18525
-20450
-20600
-21350
-17675
-20200
-19050
-20950
-19750
-20525
-17975
-18225
-19550
-19525
-18125
-2040
-18525

-15525
-16425
-17350
-16150
-15375
-14700
-15075
-14225
-13150
-15225
-12675
-11550
-11775
-11325
-10475
-9875
-10000
-8775
-5825
-8250
-6450
-5775
-5650
-4875
-2850
-2775
-3500
-4175
-1950
-4025
-950
-1175
-1925
-4225
-3300
-4025
-1675
-2525
-2550
-5900
-4850
-5100
-3325
-2700
-3300
-6100
-5700
-5025
-3250
-2175
-2925
-5050
-7250
-5825
-4100
-4225
-5350
-7375
-11375
-10900
-11225
-9550
-12825
-15125
-20475
-21250
-21900
-19150
-23650
-26600
-32625
-32400
-33800
-31425
-32825
-35050
-41450
-41575
-40200
-36300
-36100
-36100
-41875
-42575
-38200
-31925
-30425
-29425
-33300
-33725
-29875
-24425
-21125
-20425
-22225
-24675
-22450
-17750
-15175
-16300
-16375
-21025
-19350
-16925
-14775
-16250
-18050
-19700
-19775
-19950
-16450
-19075
-18700
-20800
-20550
-20925
-19550
-18250
-19600
-20675
-19675
-19525
-19175
-17975
-17800
-18825
-17750
-17625

-16800
-16700
-16000
-15325
-17100
-14250
-14500
-13700
-14375
-13400
-12900
-12875
-11725
-9825
-11425
-9875
-9350
-8300
-8600
-6150
-5675
-6150
-6450
-3625
-4875
-2200
-2750
-2700
-3400
-3075
-3025
-825
-1600
-1925
-4525
-3900
-3550
-2600
-2250
-3425
-5500
-5425
-4850
-4200
-2200
-3075
-5225
-7050
-3875
-3775
-2625
-2975
-4725
-7450
-6250
-5400
-4200
-7000
-7950
-11950
-12350
-12875
-11125
-14000
-17850
-21525
-22675
-23675
-23250
-24650
-28500
-33750
-34400
-34750
-33525
-33925
-35225
-42000
-43200
-39475
-36575
-36050
-35575
-39925
-41475
-37000
-31125
-29000
-28325
-29600
-31600
-28775
-23550
-18750
-19775
-20225
-23650
-21400
-17775
-14625
-15825
-16850
-19625
-19025
-17725
-14900
-17425
-17450
-19350
-20250
-20050
-18100
-17450
-19575
-20800
-20100
-20475
-19200
-18425
-18700
-20475
-19750
-18150
-18275
-18175
-17700
-17175
-18700

-17075
-15550
-15775
-16175
-15150
-15125
-15700
-13725
-11975
-14375
-12825
-11925
-11500
-11375
-9625
-8925
-9775
-9225
-6725
-7650
-5325
-5075
-5300
-5525
-3825
-2925
-1700
-2675
-1500
-3750
-2550
-2525
-1025
-425
-2250
-3675
-4550
-3900
-2525
-2075
-2825
-5425
-5400
-4600
-3800
-3000
-3100
-4475
-6150
-4050
-3350
-1550
-4050
-4400
-7075
-6950
-6250
-4425
-7325
-9300
-13175
-13400
-14650
-12550
-15350
-19075
-24050
-23850
-26225
-24450
-26450
-28275
-35925
-37250
-35975
-34400
-34625
-35750
-40800
-43500
-40775
-35600
-35300
-35375
-37350
-38975
-36075
-30700
-26550
-26850
-27175
-29975
-27000
-22400
-17750
-18425
-19025
-21625
-20250
-18075
-13875
-15850
-16025
-19325
-18700
-18250
-15725
-15975
-17900
-19575
-20350
-19725
-17925
-17600
-19450
-20575
-20700
-18875
-18975
-18550
-18700
-19075
-20150
-17975
-17750
-17225
-17600
-16700

-17050
-16875
-15575
-14050
-16800
-14425
-14700
-14125
-13150
-12025
-11900
-13000
-11875
-10375
-10625
-8025
-8275
-8550
-8675
-6575
-5575
-4725
-4400
-3800
-4325
-3175
-2750
-2175
-1175
-1950
-1975
-2500
-1875
-1575
-1325
-2775
-3500
-4050
-2575
-3075
-2250
-3325
-4650
-5775
-4300
-3425
-1375
-3175
-3700
-5625
-4250
-4750
-1750
-3500
-4400
-7275
-5950
-8350
-6500
-7425
-10100
-15050
-13675
-15575
-16475
-17350
-18675
-24850
-27275
-26675
-27125
-28750
-29950
-35150
-38000
-37025
-35275
-35900
-37400
-39300
-42225
-39825
-36500
-33650
-33925
-35325
-37175
-34650
-29900
-25000
-24250
-25225
-28150
-24950
-21325
-16700
-17475
-17725
-20025
-19500
-16800
-15100
-14050
-16525
-18275
-18900
-18575
-15700
-16025
-17400
-19050
-20600
-19100
-18425
-18450
-18675
-19075
-20750
-19200
-18450
-18450
-18900
-17875
-19050
-18525
-17200
-14975
-18250

-15850
-16500
-15925
-15700
-13825
-13825
-15475
-13975
-12375
-13150
-12025
-11375
-10900
-11375
-10150
-8175
-8925
-8350
-6200
-7275
-6025
-4575
-3900
-4125
-3550
-2250
-3200
-2850
-500
-1075
-2000
-1925
-2325
-1675
-2525
-550
-2100
-3325
-4250
-3475
-3725
-1950
-2825
-3350
-5200
-3900
-4225
-2200
-2375
-3600
-4725
-3725
-4750
-2325
-3575
-4950
-8100
-6900
-8300
-8075
-8925
-10525
-15375
-16575
-16750
-18325
-19175
-20100
-26175
-29325
-28825
-28000
-30200
-33100
-34525
-39225
-38850
-36675
-35125
-36850
-39150
-40225
-40950
-37175
-32275
-31700
-33200
-34925
-32775
-28825
-24000
-22800
-23175
-24875
-24000
-20025
-17475
-15975
-16450
-18375
-19650
-17950
-14475
-15250
-16100
-17625
-18975
-17800
-16850
-17425
-17600
-19075
-19725
-19575
-18400
-18625
-19200
-18975
-19875
-19975
-17900
-17700
-19000
-17675
-17700
-18125
-17150
-15800

-16175
-16900
-15475
-14550
-16075
-14050
-13775
-14000
-13850
-12250
-11300
-12550
-11250
-10075
-10300
-9225
-7875
-8075
-7500
-6575
-5000
-5375
-5025
-2825
-3675
-2825
-2300
-2400
-1925
-2350
-175
-1175
-2550
-2300
-1975
-3125
-925
-1950
-3525
-4575
-3850
-3350
-2575
-2500
-3750
-5275
-4325
-3875
-2450
-2050
-3575
-4800
-4475
-5175
-3975
-3875
-4950
-8500
-8700
-9250
-9950
-10650
-11600
-16125
-18875
-19875
-20000
-20450
-23675
-26675
-31200
-31225
-31625
-31200
-33875
-35975
-39250
-40125
-37950
-35750
-36525
-38475
-40775
-39300
-36150
-31325
-30300
-32200
-32950
-31125
-26650
-23200
-21250
-21375
-23300
-22675
-20325
-16250
-15275
-16175
-17800
-19650
-17000
-15900
-15050
-15775
-18075
-18975
-19100
-17275
-17400
-18050
-18175
-20175
-20250
-19100
-17925
-19150
-18800
-19625
-19325
-18775
-17075
-17925
-17925
-17700
-16200
-17150

