
Curva de Excitacao - Bobina Girante (Dados Brutos)

Arquivo..............: C:\Arq\Wiggler\Medidas Wiggler - Corretoras\Bobina Tungstenio\Gap60\Translado60_X=-18_#003.dat
Data.................: 27/01/2005
Hora.................: 15:13:21
Ganho................: 20
N. de Coletas........: 1
N. de Voltas.........: 10
Intervalo de Análise.: 4 - 8

15500
17775
20225
19750
18750
19400
16375
15150
16650
16275
15850
14300
12250
8600
3600
2500
650
-900
-1825
-3550
-8000
-10900
-15800
-16675
-20350
-19250
-20275
-21800
-23375
-25175
-27325
-28400
-28300
-26650
-27450
-27000
-26675
-27225
-25775
-25950
-26575
-25300
-26000
-21925
-20550
-21125
-21350
-23250
-22275
-20875
-19625
-16825
-18550
-19650
-20800
-20100
-19000
-19075
-17875
-20225
-20850
-19675
-19475
-20425
-20525
-23275
-23225
-23100
-20950
-21950
-23850
-24825
-27150
-28925
-26375
-26000
-26750
-29675
-31400
-32600
-33250
-31600
-33025
-36100
-37225
-38200
-38175
-37300
-39075
-39325
-43500
-43750
-41975
-40275
-39525
-40250
-43800
-43600
-41050
-37350
-35750
-36000
-37400
-36350
-33800
-28075
-26050
-23975
-24000
-25400
-21325
-15975
-12025
-9800
-8525
-8150
-7350
-3075
1700
3025
5275
6050
7475
9150
12775
14850
15325
14525

17425
17300
17950
19300
19675
17975
18175
18925
17575
14550
15050
12625
9750
9575
7900
4475
2050
-600
-3150
-7225
-8425
-9825
-13750
-14825
-17275
-19275
-22250
-23725
-23425
-25500
-25650
-25875
-27675
-27300
-27175
-26400
-27650
-27875
-25900
-24425
-24300
-23325
-24775
-24125
-23400
-21600
-19575
-20375
-20200
-20650
-21525
-18500
-18725
-16825
-19500
-19800
-19175
-18900
-18350
-17275
-19825
-20400
-21750
-19350
-19650
-20650
-20625
-22675
-24575
-23850
-22175
-23475
-24750
-27000
-27275
-29075
-26625
-27575
-29950
-31825
-33400
-33725
-32750
-33850
-34450
-37600
-39650
-39775
-39175
-37325
-38925
-41775
-43225
-43775
-40500
-39125
-39575
-40275
-42250
-40825
-37700
-35150
-33475
-32175
-33900
-31650
-28075
-24025
-22125
-19900
-19775
-18600
-14475
-9225
-8650
-6200
-4150
-3050
-675
3850
6250
7075
8150
10325
12075
13500
16225
17950

16950
17350
19275
18825
19100
20600
19375
16850
17325
16950
14750
12450
12525
9450
6475
5100
2700
-1050
-2800
-4550
-7150
-10950
-13025
-14600
-18000
-19025
-20125
-23350
-23700
-24325
-24925
-26800
-26950
-26925
-26675
-26025
-25825
-26625
-26100
-25725
-24850
-23250
-23000
-22275
-22375
-23125
-21175
-19950
-18050
-19100
-21275
-19250
-19350
-17700
-17450
-18000
-19550
-19700
-18600
-17950
-18900
-18125
-19875
-21200
-21650
-20075
-20275
-21325
-22325
-23950
-25200
-23450
-23250
-25525
-26375
-28250
-28575
-29225
-28775
-28950
-32225
-34050
-34525
-35475
-34125
-34700
-36500
-39825
-41675
-39650
-38950
-39850
-40050
-42600
-43200
-42400
-39600
-38600
-38425
-39500
-39825
-37500
-34850
-31275
-29875
-29800
-30425
-26450
-21475
-20425
-17625
-15425
-15250
-12900
-8675
-4500
-3900
-1450
375
1625
4700
8400
9675
10900
11700
14225
15125
16925

19025
18400
17450
19575
20450
19175
18550
18925
17175
15500
16350
13900
10750
9825
7600
4625
2300
600
-2350
-5600
-7400
-9625
-13675
-14800
-16950
-19250
-20450
-22700
-23050
-25075
-25225
-25525
-27025
-26875
-26850
-27150
-25550
-25425
-25525
-25325
-25025
-24300
-23325
-20950
-21375
-22850
-20650
-21200
-19550
-18900
-17900
-18800
-20450
-18050
-18100
-17875
-16750
-18225
-20225
-19675
-18025
-18400
-18900
-18975
-20800
-23200
-20575
-19975
-21425
-23100
-23425
-24725
-25825
-24725
-24000
-27000
-27850
-29675
-30850
-29975
-29950
-30650
-34250
-36350
-35925
-35700
-36525
-36350
-39725
-40600
-41375
-41000
-39325
-39750
-40300
-42675
-42550
-39750
-37750
-36450
-36700
-38000
-36600
-32875
-29950
-28100
-26150
-26400
-24300
-20900
-17125
-15125
-12600
-10800
-10550
-6525
-2450
-125
850
3100
4550
6600
9450
12800
13125
13725
15700
16900

18075
19350
20025
19100
19025
20325
19750
19150
17950
16925
14925
13800
12550
10125
7050
5825
2525
75
-2500
-4250
-7725
-10225
-12325
-14025
-16925
-18425
-19950
-22975
-22850
-24225
-25475
-25475
-25875
-26175
-26600
-26450
-26225
-26350
-24050
-23675
-24650
-23500
-24350
-22475
-20150
-20225
-20125
-21475
-19100
-19900
-18975
-16800
-17375
-19175
-18225
-18450
-17625
-17900
-16425
-18775
-20700
-18750
-18575
-18925
-19575
-19950
-22425
-22050
-21075
-21700
-23250
-23025
-24675
-26775
-25800
-25525
-26350
-28700
-30125
-30675
-32225
-30825
-31050
-34625
-35850
-37150
-37275
-37625
-37300
-37175
-41075
-42375
-41075
-40050
-39600
-39100
-41125
-41700
-40100
-37075
-35825
-34550
-34300
-34925
-31975
-28525
-26025
-24125
-21625
-21600
-18925
-14825
-12325
-10300
-8400
-6275
-4325
-850
2900
3350
5675
6750
9325
10800
14450
15350
15525
16800

17750
19650
19600
20975
19850
19650
18400
19800
18700
16925
16525
13600
11050
10075
8550
5675
3000
975
-1950
-5125
-6850
-9725
-12900
-14000
-16850
-18125
-20775
-21875
-22700
-23550
-25150
-24700
-26950
-25100
-26700
-25350
-25875
-26375
-24675
-23375
-23600
-22550
-23475
-22875
-22325
-20850
-18300
-19550
-18350
-19675
-19575
-18450
-17550
-16400
-17750
-18275
-17925
-18275
-17525
-17225
-17725
-19575
-19325
-19200
-19075
-19925
-19275
-21675
-23200
-22725
-22450
-22100
-23300
-24600
-26325
-28000
-26375
-27200
-28325
-29500
-31750
-32550
-33125
-33075
-33850
-35400
-37925
-38050
-39625
-36975
-38325
-39900
-41775
-42075
-40225
-40075
-38450
-38675
-39800
-39025
-37050
-34975
-33225
-30950
-31700
-30650
-27300
-23325
-21350
-19150
-17825
-16975
-13500
-9350
-7500
-4900
-2500
-1700
475
4000
7250
7425
9900
11550
13300
14050
17650
18075

18150
18725
20075
20050
20200
20975
20100
18175
18900
18000
16450
13375
12925
10025
7450
6975
4525
300
-1800
-3950
-7425
-9750
-12050
-13400
-16900
-17450
-19275
-22175
-22900
-23475
-24525
-25250
-26050
-24850
-26200
-25600
-25200
-25325
-24925
-24450
-23450
-22400
-22225
-21075
-21250
-21575
-20525
-18700
-17650
-17950
-19200
-17725
-19025
-17075
-16775
-16750
-17450
-18300
-17325
-18250
-17800
-17375
-18400
-19725
-19825
-19800
-19125
-20800
-20850
-22925
-23450
-22800
-22675
-24550
-24850
-26225
-27975
-28525
-28075
-28300
-30500
-31700
-32800
-35325
-34375
-33800
-35675
-37800
-39575
-38875
-39375
-38675
-39150
-40575
-41025
-41200
-39475
-37975
-37950
-37375
-37375
-36625
-34050
-31075
-29300
-28275
-28225
-25075
-21400
-19275
-16975
-14375
-13950
-11900
-7400
-4225
-2175
-450
1775
2475
5400
9350
10825
11275
13400
15050
15625
17975

19750
19925
18900
19900
21400
19875
19850
20200
18375
16075
17125
14375
12125
10025
9150
5475
3350
1875
-750
-5625
-6825
-9025
-12125
-14125
-15675
-17700
-20175
-21675
-21775
-24825
-24325
-24525
-25250
-26425
-25625
-26125
-25475
-25025
-24500
-23525
-24325
-22725
-22800
-20925
-20850
-20725
-20125
-19750
-19075
-17575
-17925
-17800
-19100
-17350
-17675
-17225
-16350
-16900
-18625
-18375
-17925
-18700
-18175
-17800
-19200
-21425
-19850
-19825
-21575
-21700
-22250
-23450
-24800
-23950
-23875
-26675
-26700
-28250
-29175
-30100
-29675
-30450
-32775
-34875
-34875
-35600
-35925
-36200
-37450
-39575
-40050
-40100
-39625
-39875
-39125
-40500
-41450
-40025
-37475
-36075
-35600
-36150
-35225
-32025
-30825
-27100
-26225
-23975
-23075
-19700
-16950
-15200
-12600
-9575
-8900
-6050
-1525
500
800
3800
6000
6700
10075
13575
14025
14000
16375
17700

