
Curva de Excitacao - Bobina Girante (Dados Brutos)

Arquivo..............: C:\Arq\Wiggler\Medidas Wiggler - Corretoras\Bobina Tungstenio\Gap60\Translado60_X=2_#023.dat
Data.................: 27/01/2005
Hora.................: 15:48:27
Ganho................: 20
N. de Coletas........: 1
N. de Voltas.........: 10
Intervalo de Análise.: 4 - 8

-16275
-15375
-14200
-14625
-14750
-13350
-15425
-15425
-14450
-14275
-15125
-14925
-15425
-16425
-16275
-14825
-14325
-15900
-15475
-16125
-15825
-13925
-13300
-12975
-13475
-13075
-11500
-11475
-9375
-9950
-9275
-8200
-7100
-5100
-6475
-7400
-6175
-5575
-2700
-2775
-4325
-6900
-7625
-4950
-2425
-3450
-6675
-10125
-9350
-7850
-5175
-4600
-10275
-14800
-14150
-11650
-8050
-8950
-12725
-19875
-20825
-16600
-12475
-13375
-17075
-23325
-25775
-22150
-16325
-16050
-20450
-25450
-28100
-25550
-19025
-16350
-20725
-25125
-27200
-24175
-19925
-15700
-18525
-22900
-23950
-21775
-19250
-16325
-18625
-20300
-22800
-21975
-20925
-20525
-21200
-22625
-24675
-24100
-24875
-25025
-26175
-26950
-26475
-27550
-27175
-28075
-28975
-27975
-26075
-27600
-27225
-27325
-27175
-25400
-24750
-23000
-23775
-22950
-21400
-21600
-19925
-19075
-18100
-18400
-17700
-15575
-15875
-15950

-14300
-15425
-15175
-13850
-13575
-14425
-14200
-13850
-14725
-15800
-13800
-14400
-14975
-14875
-15250
-16350
-15425
-14075
-14550
-15225
-14700
-14125
-14600
-13000
-11925
-12175
-11850
-10900
-9075
-9275
-8700
-7925
-8275
-5650
-5400
-4925
-6100
-6000
-4725
-2575
-2575
-4100
-7075
-6775
-5400
-2825
-2200
-6025
-10350
-10625
-8800
-5300
-5500
-8275
-14450
-16550
-12825
-10250
-8900
-12750
-17625
-22150
-18775
-14125
-13000
-17325
-21550
-25450
-24600
-18825
-14900
-19600
-24250
-27175
-26350
-21400
-16200
-18525
-23525
-26325
-24225
-20675
-15800
-18075
-19850
-23175
-22425
-19650
-17525
-18225
-19975
-22500
-22625
-21875
-20000
-21875
-24225
-24075
-24775
-25625
-25325
-26875
-26675
-27400
-27100
-27300
-28725
-27875
-27725
-26850
-27050
-26350
-26075
-25800
-25975
-23375
-23200
-22400
-21800
-20675
-19925
-19675
-17975
-17050
-17675
-16525
-15075
-15575

-15200
-14275
-13675
-15075
-14300
-13000
-14675
-13725
-13950
-14350
-15900
-14175
-14100
-15075
-15450
-15000
-14925
-16025
-14250
-14450
-14500
-13925
-13925
-13250
-12700
-11450
-10725
-11725
-9375
-8800
-7950
-8275
-7800
-6200
-5200
-4100
-4375
-5775
-5800
-4600
-2850
-2100
-3800
-6300
-7325
-6750
-3725
-2850
-4450
-9500
-12325
-9800
-7575
-5575
-7700
-13200
-16950
-15000
-12125
-9100
-12450
-16500
-22025
-20400
-17050
-13725
-15650
-20725
-25400
-25675
-21700
-16050
-18025
-22500
-26600
-26200
-22825
-17525
-17325
-21475
-24300
-24075
-21350
-17450
-16300
-18375
-22025
-22050
-21025
-17675
-17450
-20350
-21825
-22825
-21750
-21900
-22300
-23525
-24625
-25050
-25550
-26275
-26800
-27225
-26825
-27000
-27800
-26625
-27700
-28600
-26250
-25500
-25700
-25025
-25300
-23600
-23575
-21075
-20675
-21175
-19925
-18275
-17925
-17500
-16675
-15475
-16175
-15275

-13650
-15125
-14300
-13275
-14200
-14200
-13200
-12775
-14875
-14425
-13550
-14775
-15150
-13675
-14825
-14875
-14150
-14950
-15100
-14650
-13375
-13600
-13625
-12675
-12550
-11475
-10350
-10650
-9600
-9200
-7375
-6150
-7150
-6800
-6525
-4200
-2875
-3725
-4525
-5600
-5250
-2900
-1475
-2475
-5700
-8275
-6400
-5450
-3450
-3675
-8500
-11975
-11075
-8850
-6950
-8125
-10250
-17350
-16700
-13500
-10525
-12125
-15200
-20600
-23075
-19675
-13800
-15350
-20400
-24050
-25525
-23250
-17950
-16650
-20900
-25150
-25400
-23925
-18325
-16550
-18950
-22600
-23825
-21400
-17900
-15900
-17975
-19650
-22000
-20950
-18250
-18650
-19675
-21650
-21825
-22575
-22775
-22100
-24575
-24600
-25100
-26100
-25725
-26625
-27725
-26975
-26525
-26925
-26425
-26975
-27200
-26475
-24425
-24025
-25425
-23225
-22850
-21575
-21025
-19250
-19750
-19125
-17925
-15700
-16850
-16375
-13975
-15475

-14900
-13600
-12550
-14200
-14050
-12525
-13925
-14200
-12400
-13550
-14950
-14075
-13600
-15175
-15075
-13050
-14400
-15375
-14050
-13825
-13950
-13425
-12850
-12975
-12475
-10825
-9950
-10600
-8975
-8825
-8050
-6350
-5625
-5800
-6500
-5400
-3775
-2600
-2300
-3150
-6175
-4975
-4025
-1550
-1575
-4500
-8100
-8575
-6250
-3750
-4575
-6625
-12100
-12900
-10200
-7550
-7650
-11175
-15225
-18025
-16275
-11675
-11625
-15350
-20175
-22775
-21100
-16625
-14800
-19250
-22925
-25225
-23650
-20700
-16275
-19150
-22950
-25650
-23000
-20125
-16500
-17875
-20425
-22900
-21525
-18325
-15650
-17500
-19750
-20325
-20900
-20100
-18450
-19975
-20775
-22225
-23675
-23025
-23275
-23800
-24625
-26000
-25700
-26925
-26075
-27875
-26925
-26675
-25850
-27225
-26175
-25925
-25575
-24375
-23825
-22775
-23375
-21725
-19725
-20575
-19550
-17700
-17750
-17425
-15450
-15125
-15475
-15100

-13375
-14125
-13675
-11875
-14050
-13550
-13300
-12625
-13925
-13750
-12900
-14250
-14700
-13925
-14100
-14600
-14075
-14100
-14625
-14275
-13075
-12675
-12975
-12575
-11500
-11850
-10125
-9600
-8275
-9425
-7750
-6675
-6175
-3950
-4425
-6350
-5050
-4225
-1850
-1875
-2400
-5475
-5850
-4275
-2175
-2125
-2825
-7775
-9275
-7175
-5275
-4250
-6700
-10550
-14000
-12300
-8625
-8300
-10975
-14025
-18525
-17950
-14275
-11375
-15300
-19675
-22275
-22075
-19475
-15550
-17325
-21850
-25475
-24225
-21675
-17425
-17850
-20475
-24675
-23225
-20700
-16925
-16750
-19200
-20825
-21800
-19350
-16650
-17050
-19000
-19500
-21525
-20650
-19700
-19750
-22100
-22450
-23525
-24150
-23150
-24375
-26600
-24850
-26275
-26475
-26750
-26875
-27025
-26425
-26025
-26075
-25700
-25225
-24200
-24400
-22825
-21925
-21275
-20925
-19925
-18125
-18950
-17650
-16025
-16625
-15450
-13950
-14475

-15075
-13650
-12650
-13575
-13075
-11925
-14075
-14075
-12925
-13175
-13675
-13650
-13425
-14550
-14600
-13600
-14200
-14275
-14100
-13525
-13575
-13250
-12125
-12325
-12475
-11075
-10300
-9750
-8150
-7425
-7700
-8100
-6625
-5050
-3500
-3625
-4025
-5675
-4425
-2450
-1250
-1975
-4450
-6275
-4925
-4125
-1650
-3425
-6325
-10450
-8500
-6325
-5025
-6900
-9400
-14775
-13550
-11650
-8400
-10650
-14700
-17425
-19900
-16675
-12950
-14350
-18700
-22375
-22900
-22250
-16850
-16050
-20475
-25075
-24875
-22325
-18925
-17100
-19350
-22900
-24200
-20675
-17550
-16450
-18100
-19125
-21275
-20450
-17950
-15975
-18775
-19975
-20650
-21400
-20825
-20325
-22150
-23150
-24000
-23950
-24725
-26000
-25525
-25950
-26125
-27000
-27100
-26300
-26900
-26425
-25300
-25475
-25225
-24300
-23500
-22875
-22425
-20925
-20725
-20400
-18600
-17125
-17775
-17425
-15725
-14925
-15475
-13325

-13375
-14800
-13450
-12000
-13975
-12525
-12325
-12650
-14525
-13500
-12925
-13850
-13625
-13150
-14925
-14950
-13450
-13075
-14200
-14250
-13225
-13525
-13225
-11325
-11425
-10875
-11150
-9375
-9425
-7675
-6125
-6125
-7925
-5975
-4400
-3450
-1925
-3875
-5575
-5275
-2250
-1075
-1325
-4025
-6825
-6425
-5150
-2100
-3675
-5775
-10575
-9700
-8675
-6225
-6125
-10075
-13500
-16025
-13500
-10650
-10300
-14225
-18325
-20275
-18850
-15925
-13750
-17850
-22275
-24375
-22575
-18775
-17050
-19475
-23600
-24875
-23025
-19750
-17150
-18700
-21000
-22975
-21275
-18950
-16400
-17450
-18850
-20800
-20425
-18550
-17375
-19525
-20100
-21150
-21675
-21475
-21750
-22200
-24475
-23975
-24800
-25975
-25375
-26050
-26750
-26225
-26975
-26525
-26600
-26400
-26100
-25375
-25300
-23925
-24525
-22700
-22200
-20875
-21600
-19425
-19325
-17875
-17275
-15325
-17525
-15675
-14225
-14625

