
Curva de Excitacao - Bobina Girante (Dados Brutos)

Arquivo..............: C:\Arq\Wiggler\Medidas Wiggler - Corretoras\Bobina Tungstenio\Gap60\Translado60_X=-15_#006.dat
Data.................: 27/01/2005
Hora.................: 15:18:15
Ganho................: 20
N. de Coletas........: 1
N. de Voltas.........: 10
Intervalo de Análise.: 4 - 8

9325
10500
11425
12725
13550
12850
9950
9050
10250
8600
7850
5850
3250
875
-775
-525
-3300
-6850
-8475
-11575
-13575
-13875
-15375
-18050
-19675
-20700
-21500
-23525
-22500
-24725
-24450
-25100
-24175
-23875
-24250
-23800
-23700
-23650
-21500
-20250
-20850
-19950
-21250
-19550
-17775
-17250
-16375
-17425
-16325
-16750
-16875
-14225
-15725
-15475
-16150
-15875
-16425
-15525
-15300
-16075
-18475
-16500
-18650
-17675
-17275
-18325
-19725
-20025
-20425
-21150
-20800
-20525
-21850
-24200
-23450
-24275
-24875
-25925
-26375
-28325
-29225
-27925
-28900
-31550
-32375
-33575
-35200
-35100
-34975
-34925
-37475
-39675
-39000
-40075
-38375
-37575
-39225
-40025
-40250
-38525
-37200
-35750
-33925
-34025
-34625
-31950
-29950
-26325
-24425
-22600
-22975
-19650
-18150
-14000
-11900
-8875
-8975
-6425
-4550
-2150
1525
4300
3350
4450
6150
7825
9575
12475

12700
10450
11150
12100
12400
13100
13125
10850
8375
7700
8225
6550
4600
3125
-550
-2825
-4175
-4925
-7875
-10300
-11925
-14675
-16950
-16850
-18875
-20925
-21475
-22550
-22875
-23475
-24075
-24050
-25300
-23725
-23350
-22750
-23050
-22950
-22675
-20700
-20450
-18675
-19250
-19200
-18250
-18275
-16325
-16450
-15475
-15875
-16975
-15975
-14900
-14425
-15125
-15875
-15900
-16700
-16250
-14425
-16350
-16775
-18050
-17100
-19150
-18250
-17575
-19025
-21025
-20500
-21200
-21350
-21400
-21850
-24025
-25225
-24200
-25050
-26450
-26700
-28125
-30100
-30125
-30300
-30975
-32775
-33775
-35675
-37075
-35775
-35400
-34040
-38275
-39975
-39600
-39225
-38250
-37725
-38925
-38825
-38325
-36925
-35100
-32900
-31275
-31550
-31000
-28425
-24775
-22675
-20375
-18700
-18000
-15350
-13475
-8975
-6275
-5150
-4600
-2525
50
2175
5375
7300
6275
6800
9750
10250

12025
13775
13050
10725
11525
13100
11825
12025
11325
8525
6050
5650
5375
3100
525
-1100
-3875
-7200
-7175
-9300
-12200
-14375
-15925
-17500
-19200
-19725
-20500
-23675
-23175
-23175
-23750
-23775
-24275
-23850
-24350
-23325
-21675
-21800
-22625
-21425
-20825
-19175
-18875
-17300
-17700
-18875
-16975
-16600
-15150
-15600
-15375
-14850
-16775
-15450
-13950
-15300
-15100
-15575
-16200
-17025
-16075
-15000
-17300
-17725
-17800
-19225
-18450
-18350
-18275
-21150
-21675
-20825
-21550
-22700
-21825
-23800
-25400
-26175
-25450
-26075
-27975
-28125
-29650
-32700
-31675
-30850
-33150
-35050
-35875
-36500
-37225
-37450
-36400
-38750
-39000
-39875
-39500
-38175
-37475
-36525
-37000
-37700
-35750
-34175
-30700
-30750
-28400
-27975
-25800
-24250
-20075
-17550
-15900
-14350
-13350
-10550
-8000
-3975
-1600
-900
-550
2200
3250
6325
9675
9900
8900
9500

12050
12275
13675
14525
12775
11200
11275
12300
10775
9950
9125
5350
3200
2925
1725
-750
-3725
-5000
-8700
-10125
-10725
-13150
-16400
-17300
-18350
-19725
-20600
-22000
-22675
-23650
-23975
-22950
-23500
-23100
-23600
-23300
-22275
-22100
-20500
-20125
-20850
-19675
-19175
-17350
-16550
-17300
-16050
-17500
-15525
-14775
-14850
-14175
-14800
-15250
-15775
-15675
-13125
-15250
-15400
-15700
-16575
-17075
-16050
-15300
-18075
-18200
-18350
-18525
-20100
-19000
-19325
-21450
-22325
-22075
-22150
-23450
-23075
-24625
-27325
-27150
-26625
-27575
-28725
-30900
-31425
-33050
-33200
-33250
-35225
-35450
-37175
-38425
-37625
-37775
-37250
-38625
-39475
-39300
-38550
-36350
-36075
-35675
-35100
-34250
-32825
-30325
-28075
-26100
-24500
-23250
-21950
-18900
-15700
-11950
-11925
-10425
-7475
-6150
-3125
650
2800
1975
3500
6025
7200
9850
12100
11825

10250
11625
13250
13750
13975
14575
11425
9925
10525
10350
9125
6450
5525
2025
0
-500
-1650
-5825
-7425
-9525
-11750
-13600
-14900
-16225
-19325
-19450
-20525
-22300
-22275
-22350
-23600
-24000
-23250
-22800
-22750
-23025
-22175
-22300
-21075
-19625
-19325
-18350
-20150
-17750
-17200
-16225
-15950
-15225
-15750
-15900
-15900
-13400
-14900
-14500
-13875
-15500
-15250
-15000
-13750
-15500
-16025
-15875
-17225
-17275
-16550
-17200
-17550
-19375
-19175
-19900
-20375
-19400
-20625
-22750
-23100
-23125
-23700
-24350
-25200
-26300
-28600
-27800
-28200
-30350
-31050
-31750
-33750
-34775
-34775
-34300
-36250
-37575
-38250
-38850
-37675
-37675
-38150
-37625
-38825
-37950
-36775
-35200
-34100
-31950
-32125
-31500
-29825
-25650
-23075
-22575
-20375
-18725
-17300
-14150
-10625
-7925
-7100
-5525
-3500
-1800
1400
4600
5525
5725
6875
8775
10025
12375

14425
12200
11700
13300
13150
13375
13625
13000
10025
8300
9275
7000
5325
3900
1275
-1725
-3325
-3825
-6750
-9875
-10750
-13750
-15675
-15975
-17525
-19275
-20550
-21700
-22250
-22950
-22475
-23200
-23925
-23125
-22575
-22425
-21575
-21675
-21325
-20425
-19400
-18375
-18000
-17425
-17150
-17375
-15850
-15300
-15275
-14175
-15300
-14375
-14725
-13250
-14050
-14850
-14550
-15500
-15475
-14325
-14600
-15750
-17000
-16375
-17800
-18050
-16225
-17700
-19150
-20225
-19825
-20350
-20850
-20700
-22675
-23575
-24100
-23425
-25350
-26100
-27250
-28025
-29950
-29775
-29550
-31400
-33075
-34325
-35750
-35125
-35350
-36475
-37350
-38500
-38500
-38550
-37950
-36800
-37825
-37025
-37575
-36500
-34000
-31650
-30725
-30075
-29100
-27750
-24025
-22025
-19150
-17525
-16275
-14575
-12250
-9150
-5300
-3900
-2700
-1325
950
2150
6200
8150
8300
8800
9800
11375

12525
14725
13850
12750
12200
13825
11875
12775
11800
10375
7425
6175
6050
3500
1750
-225
-2550
-5975
-6375
-8850
-11250
-13100
-15300
-16925
-18375
-18500
-20300
-22100
-22025
-22425
-23250
-22475
-23300
-23425
-22700
-22575
-20775
-21325
-20650
-20450
-19825
-18725
-18350
-17200
-15800
-17300
-16575
-15700
-15125
-14200
-14875
-13100
-15850
-14600
-13825
-14075
-14150
-14450
-14875
-15775
-15800
-14775
-15950
-16775
-16825
-18125
-17775
-18300
-17650
-19625
-21050
-19950
-21050
-21625
-21350
-22575
-24425
-25600
-24800
-25800
-27325
-26725
-28725
-31450
-31300
-30500
-32325
-33625
-34400
-36200
-36450
-36675
-36075
-37625
-37725
-38250
-39825
-37600
-37175
-35325
-35900
-36125
-35050
-33350
-30975
-29325
-27125
-26350
-25425
-23350
-20025
-17100
-14925
-13225
-11875
-10550
-6625
-4275
-800
-300
800
2850
4225
6850
9450
10475
10175
10575

12550
12800
13475
15325
13750
12225
12400
12450
11350
10550
9625
6450
3925
3500
2250
-150
-2475
-4200
-7750
-9775
-10750
-12150
-15775
-15950
-17875
-18875
-20950
-20625
-22100
-23000
-22800
-22625
-23050
-22725
-22250
-22550
-22450
-21300
-19975
-19400
-19950
-18725
-18825
-17550
-16450
-16275
-15450
-16275
-15250
-14300
-15000
-13950
-13925
-14575
-15050
-14550
-13100
-15125
-14525
-14875
-16425
-16500
-15275
-15350
-17250
-17675
-17200
-19100
-19450
-18225
-19525
-20375
-21500
-21600
-22750
-23150
-22725
-24175
-26575
-26400
-26900
-27675
-28375
-29800
-31275
-32350
-32500
-32475
-35350
-34425
-36200
-37800
-38075
-37225
-36850
-37600
-38925
-38650
-38450
-36200
-35575
-34550
-34450
-33625
-32750
-30025
-27575
-25600
-23700
-22700
-22000
-18450
-15525
-12175
-11400
-9125
-7025
-6250
-2650
325
2900
2250
4975
6175
7550
9325
12225
11975

