
Curva de Excitacao - Bobina Girante (Dados Brutos)

Arquivo..............: C:\Arq\Wiggler\Medidas Wiggler - Corretoras\Bobina Tungstenio\Gap60\Translado60_X=11_#032.dat
Data.................: 27/01/2005
Hora.................: 16:03:56
Ganho................: 20
N. de Coletas........: 1
N. de Voltas.........: 10
Intervalo de Análise.: 4 - 8

-18625
-17400
-17800
-17950
-16525
-16075
-17450
-17200
-15975
-17225
-14300
-12950
-12100
-13700
-14625
-14975
-13375
-11625
-7100
-8200
-8425
-10650
-9850
-8175
-5725
-3975
-3925
-5800
-3750
-3150
-2500
-3700
-4225
-5850
-2875
-450
825
-2850
-5525
-9450
-6125
-2925
-1075
-3525
-5525
-10050
-8250
-5700
-4425
-6650
-8975
-10000
-10025
-6100
-5725
-9325
-14100
-15800
-14875
-10650
-10800
-12150
-21300
-23475
-23725
-18525
-17975
-19975
-30000
-34075
-35225
-26225
-25075
-25800
-35775
-40275
-41400
-33800
-28775
-26450
-34575
-39175
-39300
-31400
-25875
-21725
-28050
-33000
-31750
-23925
-18425
-16900
-19850
-25250
-24600
-20025
-15900
-14275
-17625
-21675
-21975
-20225
-16900
-16775
-17950
-22900
-23500
-22475
-19900
-21425
-19225
-22800
-24000
-24525
-21700
-22375
-21200
-21775
-21525
-23750
-20975
-19575
-20875
-20600
-19525
-20500
-19850
-18125

-17025
-18775
-18075
-17050
-18675
-16750
-15725
-14250
-16150
-15850
-14825
-15200
-14625
-11450
-12675
-12575
-12625
-10775
-10975
-8850
-7925
-8650
-10100
-6225
-4950
-3975
-4400
-4850
-6000
-4450
-1200
225
-2375
-2900
-6100
-3875
-1700
-325
-2025
-4600
-7375
-5900
-2600
-1550
-4925
-8050
-9100
-8575
-3425
-2850
-6075
-10250
-11600
-11450
-6600
-5775
-6575
-14700
-16225
-16375
-12525
-12150
-12325
-20700
-24825
-26400
-19600
-20175
-21050
-28875
-33975
-36025
-28950
-27125
-27025
-35025
-38625
-40700
-33850
-28675
-26900
-33300
-38325
-37250
-30725
-23400
-20925
-25200
-31400
-29500
-23500
-18175
-15625
-17550
-23875
-23175
-20600
-14650
-15225
-15175
-21050
-22675
-20900
-17075
-17225
-17425
-22100
-22975
-23050
-20525
-21100
-20925
-21475
-23200
-24525
-21550
-20600
-21450
-21500
-21875
-22575
-21225
-18825
-18650
-20625
-19750
-18350
-20325

-17500
-16900
-16125
-17900
-17450
-15775
-17150
-15225
-13475
-15575
-15150
-14650
-13075
-13525
-11300
-11300
-12575
-12550
-9675
-8325
-7925
-6925
-8000
-8475
-6800
-3325
-2900
-3425
-3725
-5550
-4675
-775
325
-1200
-3900
-5375
-3775
-1075
50
-2525
-5725
-7575
-6600
-2725
-1225
-3575
-7925
-9825
-9075
-4725
-3275
-3475
-10300
-12450
-12125
-7925
-6450
-6950
-13725
-16725
-19450
-13350
-13450
-13125
-21075
-25725
-28050
-22800
-21350
-21775
-29500
-33775
-37000
-31975
-27975
-26775
-33300
-40175
-39525
-34500
-28325
-25975
-30450
-37075
-36500
-29775
-23025
-20575
-22625
-28600
-27800
-24600
-16700
-15450
-15975
-21675
-23375
-19750
-16250
-14975
-15400
-20250
-21750
-21750
-17425
-18500
-18925
-20650
-22000
-24525
-20975
-20175
-20725
-21825
-22450
-23350
-23000
-20225
-19825
-21500
-21525
-21175
-21050
-19075
-18550
-17775
-19275
-19325

-18275
-17825
-16675
-15100
-17025
-16750
-17100
-14525
-15300
-13450
-13675
-14775
-14700
-12775
-11975
-10900
-10600
-10875
-11850
-10050
-7175
-5625
-6950
-6450
-7750
-5850
-3325
-1925
-1575
-3625
-5200
-3675
-1125
900
-825
-3525
-5000
-4775
-625
-700
-1700
-5600
-7075
-7550
-3150
-2000
-1700
-8550
-9325
-9350
-5850
-3875
-2875
-9650
-12500
-13550
-8050
-8200
-7700
-12775
-18175
-20600
-15950
-13375
-15175
-21350
-25725
-29200
-26925
-22100
-22350
-28800
-35425
-36450
-34325
-28600
-26875
-31625
-39525
-39025
-35000
-28175
-25725
-27675
-34525
-34500
-29925
-22100
-19800
-19850
-25075
-27200
-23650
-16775
-14450
-15050
-20100
-21475
-21125
-15925
-14775
-16150
-18650
-21400
-21550
-19025
-18275
-18475
-20425
-22225
-23550
-22450
-19525
-20500
-21925
-21875
-22150
-22675
-20875
-19475
-19850
-20650
-20775
-19575
-20200
-18000
-16125
-18575

-19100
-17925
-15800
-16850
-15200
-14325
-16950
-16900
-13700
-14400
-13500
-12475
-12500
-14775
-13300
-9875
-10225
-10175
-8950
-10000
-9925
-6500
-4650
-5225
-5850
-6075
-5150
-3200
-325
-1125
-3225
-4000
-3125
-1025
650
-75
-2900
-5475
-4725
-1275
-675
-1175
-5150
-7325
-7200
-4150
-2050
-2125
-6875
-9125
-10375
-5225
-4450
-4025
-8875
-12425
-13850
-10050
-8225
-8225
-14225
-18150
-21175
-17975
-15325
-15725
-21700
-27725
-29500
-28650
-24325
-22875
-28650
-36050
-37100
-34950
-30075
-28025
-29675
-37875
-38225
-34775
-28025
-26250
-25650
-30700
-32425
-29550
-21700
-18750
-18100
-23300
-23875
-23825
-16150
-14725
-15025
-18425
-19925
-20550
-17125
-15525
-16050
-18675
-20400
-21675
-20400
-18375
-18775
-20575
-22100
-22450
-21675
-20525
-21175
-20125
-22400
-21600
-21775
-19875
-20225
-18575
-20175
-19700
-20450
-17200
-18350
-17000

-16875
-17450
-18275
-16200
-15700
-14800
-14625
-14675
-15575
-15200
-12750
-13050
-12625
-12400
-12400
-12175
-10100
-9375
-8225
-9475
-8550
-7850
-6125
-4625
-3600
-5275
-4975
-4900
-1225
-1275
150
-2750
-3325
-3925
-450
225
700
-3350
-4825
-4800
-2375
-1125
-1200
-4825
-7175
-7750
-3850
-2700
-3100
-5675
-9475
-9950
-6800
-4075
-5275
-9375
-11525
-14375
-12750
-8975
-9125
-14975
-19875
-19875
-21200
-17900
-16650
-21400
-30025
-30350
-29250
-26050
-25975
-27550
-36075
-37725
-35925
-29325
-29275
-29525
-34850
-37075
-35350
-27625
-23900
-24625
-28775
-29875
-27750
-21625
-17250
-17800
-21650
-22650
-20775
-17200
-14925
-15175
-17150
-20000
-19625
-17900
-15625
-16925
-18150
-20450
-21050
-20400
-18500
-20025
-20300
-22275
-21650
-21550
-21225
-20775
-19750
-21950
-21550
-21175
-19600
-19500
-18625
-18300
-20175
-19225
-17050
-17475

-17175
-16300
-15950
-17250
-16175
-14250
-15000
-14800
-13750
-14650
-14400
-12450
-11775
-12100
-12525
-10575
-11150
-10125
-8400
-7100
-8350
-7975
-6875
-4925
-4400
-2775
-3725
-4800
-3500
-1400
-875
275
-1650
-2300
-3875
-1500
525
250
-2950
-4650
-5150
-2600
-1500
-1475
-4400
-7475
-7200
-5200
-2400
-3175
-6525
-8225
-10475
-7375
-5375
-5200
-9275
-12650
-13525
-13775
-11125
-10150
-15000
-20750
-21675
-22200
-19225
-19275
-21850
-30250
-31900
-30550
-27175
-27300
-28625
-34425
-38000
-36850
-29700
-28800
-29275
-33125
-35250
-34625
-27300
-22275
-23725
-27375
-28200
-25850
-20950
-16900
-15750
-20050
-21475
-20550
-17350
-14075
-14775
-16525
-20250
-20150
-17700
-16150
-16825
-18825
-20900
-21525
-19825
-19725
-19500
-20475
-21525
-22225
-22150
-20150
-20625
-19700
-20625
-21675
-20925
-18800
-18675
-18800
-18275
-18800
-18900
-17550

-15300
-17225
-16100
-15950
-16475
-15675
-14200
-13750
-14075
-15150
-13275
-13500
-12100
-11550
-10375
-11950
-11175
-10250
-8525
-8025
-6000
-7150
-8175
-6125
-3800
-3000
-2750
-3275
-3150
-4200
-800
325
125
-2050
-3150
-3575
-875
600
75
-3625
-5400
-5300
-3525
-1150
-1100
-4850
-7650
-8225
-5825
-2600
-3300
-5600
-10200
-9975
-9250
-6000
-5500
-8775
-14425
-15300
-14425
-12200
-12300
-14675
-22150
-24550
-24075
-20100
-21025
-23650
-29700
-32725
-33325
-28600
-27250
-29275
-34700
-37225
-36600
-31975
-26975
-28250
-32500
-34825
-32525
-26700
-22225
-21450
-24675
-27050
-24800
-21450
-15775
-16100
-17275
-21100
-20225
-17725
-14900
-14625
-15925
-20125
-19675
-19375
-16675
-17450
-17825
-21200
-21625
-21950
-19425
-20075
-20275
-20450
-22675
-21575
-20600
-19500
-20475
-19625
-20300
-20825
-19725
-17250
-18175
-18100
-18025
-17875

