
Curva de Excitacao - Bobina Girante (Dados Brutos)

Arquivo..............: C:\Arq\Wiggler\Medidas Wiggler - Corretoras\Bobina Tungstenio\Gap60\Translado60_X=-2_#019.dat
Data.................: 27/01/2005
Hora.................: 15:40:24
Ganho................: 20
N. de Coletas........: 1
N. de Voltas.........: 10
Intervalo de Análise.: 4 - 8

-12275
-12275
-9950
-10900
-10100
-10400
-10750
-12925
-11800
-12700
-12000
-11950
-13000
-14550
-16800
-15850
-14350
-14600
-14725
-17725
-18800
-17675
-15900
-12825
-14800
-16375
-17525
-16725
-12925
-11100
-10875
-12600
-13100
-10800
-9400
-7800
-8075
-9975
-7575
-6600
-5275
-5450
-8100
-8800
-6500
-3800
-3775
-7350
-9625
-11500
-9125
-4050
-5250
-9900
-15050
-15500
-11750
-7775
-7175
-13300
-20325
-20950
-15675
-10675
-11150
-16175
-23775
-24725
-20475
-12975
-13875
-17925
-24225
-26100
-22550
-15175
-14525
-18000
-23425
-23725
-22450
-17450
-16150
-19400
-21750
-22475
-22025
-20925
-20825
-21850
-23375
-23800
-24075
-25850
-26600
-27650
-27325
-26575
-27125
-29575
-31875
-32175
-29750
-28350
-28250
-30275
-33575
-31425
-28650
-26275
-26675
-26925
-27850
-26350
-24675
-20400
-20525
-21675
-20475
-18975
-17125
-14750
-14550
-14750
-15275
-11675
-11375
-11125

-10875
-10550
-11625
-10650
-9850
-9625
-10675
-10650
-11650
-13200
-12525
-11925
-12475
-12775
-14425
-16325
-16250
-16350
-13400
-14750
-16650
-17225
-18475
-16050
-13575
-12975
-14400
-16675
-14700
-13600
-10525
-10050
-11575
-10700
-10875
-8325
-6350
-7800
-8200
-7325
-5850
-4575
-5525
-6475
-9075
-7825
-3575
-3100
-6375
-10300
-11750
-9700
-6000
-4425
-8775
-15475
-15950
-13925
-9350
-7975
-11300
-19100
-22125
-17950
-11875
-11850
-14275
-20875
-25400
-23050
-14875
-12900
-16775
-22650
-24150
-24000
-17675
-13950
-17100
-21200
-23475
-21375
-19450
-17225
-17700
-20800
-22950
-21900
-22100
-20775
-22725
-23625
-23900
-24825
-25575
-27425
-28700
-28775
-26775
-26700
-29125
-32725
-32025
-30500
-29325
-27600
-29650
-30850
-31150
-29100
-25950
-25850
-25350
-25800
-25700
-23175
-19900
-18850
-19950
-19025
-16875
-16000
-14200
-13750
-13100
-14425
-11375
-10350

-10550
-10900
-9650
-10725
-11525
-9500
-9775
-10775
-11675
-11125
-13025
-13500
-13025
-11950
-14300
-14425
-14975
-17650
-16425
-14075
-13875
-15875
-17125
-17100
-16975
-13675
-12525
-13650
-14875
-14025
-12425
-10200
-10350
-9350
-10200
-9850
-6850
-7025
-6525
-8300
-6875
-5475
-4250
-4400
-6775
-9050
-8275
-4600
-3125
-5325
-10075
-11825
-11900
-7150
-5150
-7875
-13625
-17625
-15625
-11325
-8375
-10775
-16750
-22050
-21075
-14650
-11500
-13600
-19525
-24225
-24050
-18175
-13025
-15900
-19825
-24100
-23475
-20300
-15275
-15300
-20075
-22225
-21650
-21250
-17625
-17950
-20575
-22025
-22650
-22000
-22200
-23700
-24375
-24250
-24525
-26000
-28125
-29025
-29625
-27400
-27275
-29600
-30900
-32275
-31025
-29125
-28075
-28275
-29200
-30700
-28475
-25900
-23475
-24475
-24525
-23375
-21775
-19675
-17550
-18225
-17375
-16200
-14150
-13900
-13075
-12250
-11825
-11800

-10000
-9375
-10350
-9875
-10025
-10725
-10525
-10000
-10150
-12050
-11725
-12300
-14075
-14125
-12525
-13625
-14375
-16200
-15950
-17025
-14925
-14025
-15500
-15950
-16275
-15675
-14400
-12825
-11375
-13100
-13250
-11525
-10375
-8575
-8900
-9150
-7800
-6925
-5575
-6000
-7825
-6900
-5250
-2875
-3775
-6875
-8425
-9000
-5875
-3125
-4800
-8600
-13375
-12050
-9200
-5900
-6825
-12150
-17775
-17625
-13475
-9500
-10550
-14875
-21325
-22325
-17875
-11875
-13550
-17975
-22725
-23175
-21200
-15075
-13975
-18550
-22500
-22700
-21425
-16750
-15675
-17650
-21625
-22325
-20300
-18775
-18550
-20550
-21900
-22150
-22525
-23125
-23800
-25525
-24825
-24925
-26475
-27675
-29950
-29625
-29025
-28600
-28275
-29325
-31700
-31150
-30000
-27225
-27700
-27825
-28125
-27750
-25225
-22825
-23650
-22400
-21175
-20000
-18950
-17375
-16225
-16300
-15100
-12850
-12175
-12725
-11325
-10825

-11475
-9925
-8525
-8800
-11575
-9500
-9875
-11050
-10375
-10400
-11950
-12600
-12425
-13000
-15425
-13525
-12800
-15575
-15425
-16050
-15975
-16125
-13975
-13725
-16050
-14800
-14900
-14325
-12550
-11250
-11250
-11600
-11225
-8825
-8425
-8325
-8300
-7575
-5300
-4850
-5575
-7500
-7025
-5750
-2775
-3550
-4850
-9400
-8925
-7575
-4150
-4175
-7300
-12925
-13725
-11200
-6900
-7350
-10700
-16375
-18975
-15750
-10550
-10350
-14225
-19500
-22350
-20425
-14325
-12525
-16625
-21175
-23275
-22400
-17100
-13675
-16850
-21075
-22950
-20925
-18750
-15475
-16975
-20425
-21450
-20475
-19475
-19525
-20825
-20875
-22950
-23225
-23300
-24300
-25850
-25700
-26250
-26275
-28125
-28525
-30300
-30300
-28400
-27975
-29375
-29775
-31350
-28950
-27400
-27200
-27000
-26175
-25725
-24825
-22750
-21450
-20725
-20125
-18650
-17050
-16425
-15600
-13950
-14100
-12400
-11050
-10150
-12000

-10100
-9950
-9725
-9100
-8825
-10000
-11050
-9800
-9950
-11675
-11025
-10925
-13300
-12900
-13275
-14150
-15200
-13925
-13925
-15600
-15450
-15550
-16675
-14250
-13775
-14200
-14350
-14100
-12300
-12575
-11075
-10375
-11100
-8625
-8125
-7500
-8200
-7250
-6725
-5075
-4250
-4125
-7325
-6575
-6000
-3825
-2875
-4450
-7900
-10875
-7975
-4925
-4975
-6725
-11225
-14925
-12875
-8650
-7250
-10500
-14600
-19125
-18200
-12950
-9600
-13525
-18575
-21300
-21525
-17350
-13050
-14375
-19825
-23750
-21150
-19375
-14750
-15400
-19100
-22125
-21675
-18325
-16825
-17225
-18875
-20625
-21550
-20650
-19875
-20475
-22350
-22600
-23425
-24525
-24625
-26100
-26950
-26125
-27075
-27925
-28350
-30775
-30150
-28750
-28350
-28575
-30125
-29125
-28850
-27725
-25525
-26025
-25050
-24875
-22900
-22100
-20400
-19675
-18350
-17750
-15675
-14225
-15150
-14025
-12000
-11675
-11075
-9050

-10650
-10750
-9500
-8475
-9650
-8925
-9125
-11075
-11000
-10550
-10825
-12425
-12100
-12200
-13575
-14425
-14075
-15350
-14325
-14625
-14025
-15900
-16200
-15075
-14425
-13775
-13050
-13875
-12825
-12750
-10750
-10250
-10550
-8950
-8375
-7600
-6825
-6975
-7175
-6875
-4600
-3650
-3875
-5600
-7675
-7000
-4650
-2800
-3450
-7375
-10900
-10150
-7000
-4875
-6775
-10050
-14725
-15075
-11225
-7650
-10250
-14175
-18575
-18900
-16225
-11350
-12600
-16800
-21925
-21475
-19550
-14600
-13800
-18275
-21875
-22425
-19950
-16275
-15850
-17500
-21100
-21025
-20000
-17650
-16825
-19075
-20175
-21600
-21325
-20675
-21100
-22875
-23400
-23950
-24375
-25225
-27075
-27900
-27600
-26900
-27550
-29550
-29450
-30600
-29275
-28075
-28950
-28550
-28450
-28225
-26900
-25050
-23825
-24350
-23425
-22200
-19900
-19375
-18800
-16900
-16300
-15300
-12600
-13100
-13800
-11975
-10100
-10400

-9400
-8900
-10675
-9650
-8925
-8475
-9825
-9675
-10000
-11425
-11550
-11000
-12625
-13000
-12925
-13050
-14625
-14700
-14775
-15475
-15050
-14250
-15400
-15025
-15325
-13400
-13575
-13850
-11775
-12725
-11450
-10225
-9225
-9525
-9000
-7850
-6500
-5875
-5800
-6875
-7000
-4925
-3150
-3375
-4700
-8075
-7500
-5600
-3225
-4250
-6725
-10225
-11875
-9275
-5325
-6200
-9900
-14550
-15775
-14250
-9725
-9200
-13125
-18450
-19450
-18450
-13950
-12000
-15650
-20850
-22425
-20275
-16725
-14875
-16425
-20500
-22175
-21075
-17400
-15250
-18075
-18900
-21075
-21100
-18500
-17225
-19075
-20825
-22050
-21025
-22050
-22350
-23450
-24650
-24500
-24975
-26550
-27200
-28800
-27950
-27725
-28900
-28975
-29450
-30700
-29725
-28550
-27450
-28075
-28100
-27600
-26000
-24250
-24025
-22400
-22650
-20975
-18650
-17925
-18150
-16975
-14350
-14675
-12275
-11675
-12700
-11975
-10150

