
Curva de Excitacao - Bobina Girante (Dados Brutos)

Arquivo..............: C:\Arq\Wiggler\Medidas Wiggler - Corretoras\Bobina Tungstenio\Gap60\Translado60_X=-8_#013.dat
Data.................: 27/01/2005
Hora.................: 15:29:56
Ganho................: 20
N. de Coletas........: 1
N. de Voltas.........: 10
Intervalo de Análise.: 4 - 8

-3300
-1400
-400
-2400
-3525
-3075
-4275
-4225
-4125
-5300
-6725
-6625
-7675
-9925
-12400
-13225
-12925
-14275
-13750
-15525
-18375
-17925
-18925
-18050
-19350
-20900
-20700
-20700
-17075
-16475
-18400
-20600
-22300
-17675
-15150
-12150
-13250
-15575
-16850
-14550
-12300
-10250
-11075
-11000
-10950
-11250
-10000
-10575
-10750
-11475
-11200
-8650
-10500
-10725
-12975
-13500
-12350
-12500
-12225
-14125
-15875
-14550
-14925
-14425
-15650
-17675
-19175
-17525
-16525
-16750
-17975
-19125
-20900
-20375
-19575
-18825
-20125
-20875
-21475
-21325
-23525
-23500
-23950
-25275
-22725
-23100
-26825
-28625
-31125
-29350
-27975
-28600
-30475
-33925
-35000
-34350
-32975
-31475
-34625
-36600
-37225
-35400
-32700
-31625
-32600
-34000
-34000
-30950
-28125
-27175
-26925
-25250
-24050
-21700
-19925
-17425
-18800
-16600
-12400
-11950
-10400
-9100
-9575
-8125
-4050
-2550
-3425
-5050

-3475
-3450
-1575
-175
-1075
-4050
-4450
-3200
-3600
-5125
-4975
-7700
-9675
-9150
-9675
-12075
-13425
-13700
-14375
-16800
-16650
-18375
-20400
-18350
-16400
-18150
-19525
-21925
-20650
-19875
-15600
-15300
-18100
-18450
-18700
-16025
-12575
-12975
-13200
-13750
-13800
-11325
-10775
-9775
-10875
-11275
-9950
-10475
-8700
-9925
-10975
-10900
-10300
-10350
-11675
-12800
-11925
-12700
-11950
-11875
-14650
-16475
-16100
-14200
-14375
-15700
-15900
-18575
-19625
-18000
-16100
-17750
-18825
-19175
-20075
-20975
-19000
-19900
-22125
-20800
-21250
-21825
-23925
-24600
-25000
-24950
-24300
-24950
-29750
-29900
-30625
-29450
-28750
-30275
-33200
-35725
-35900
-33300
-31175
-32550
-34750
-37225
-35350
-33200
-30575
-30625
-32025
-31675
-29675
-27425
-25050
-24975
-23400
-21700
-20450
-18025
-15975
-15750
-14325
-11000
-8975
-8675
-8250
-6625
-7575
-3925
-1075
-1475

-3750
-3250
-2125
-1675
-1225
175
-3425
-5050
-4525
-4250
-5600
-6100
-7975
-9750
-11150
-11050
-12075
-15350
-14400
-14850
-15675
-16975
-18975
-19700
-20125
-17475
-15800
-19550
-20025
-20975
-19325
-16700
-15200
-15200
-17100
-16975
-15525
-13525
-11175
-11925
-12675
-12600
-11225
-10350
-8600
-10800
-9875
-10000
-8925
-10025
-10675
-9700
-11350
-10025
-9950
-10950
-13175
-13625
-12275
-12525
-12775
-13275
-16025
-16600
-16150
-14125
-14700
-16750
-17825
-19350
-19050
-17200
-16250
-19400
-19625
-19550
-20775
-20775
-20225
-20975
-22075
-21700
-21275
-24550
-25350
-25500
-25725
-25325
-26175
-27675
-30875
-32800
-30700
-30075
-29400
-33125
-34850
-36325
-34825
-32175
-31300
-34350
-35350
-35075
-33400
-30775
-30150
-29250
-28750
-29675
-25950
-24025
-22600
-22200
-19125
-17975
-16350
-14625
-13225
-13400
-10300
-7075
-5875
-6925
-6025
-5175
-3875
-1475

200
-1600
-3625
-2525
-2050
-1250
-1475
-1775
-4775
-6300
-5300
-5725
-8125
-8700
-9675
-11400
-12650
-13350
-15400
-16450
-15950
-15025
-18400
-18325
-20075
-19300
-18725
-17400
-16850
-19400
-19850
-18750
-17225
-14550
-13800
-15700
-15475
-16125
-12500
-10750
-11650
-11300
-12150
-10325
-10500
-9225
-9125
-9925
-9650
-8375
-9900
-10100
-11825
-10450
-10825
-10200
-10200
-13000
-14475
-13500
-13000
-12375
-13525
-14400
-17300
-17775
-14900
-14100
-16875
-17800
-18500
-19250
-18500
-16600
-17950
-20375
-19975
-19975
-21200
-20875
-21000
-22200
-22425
-22950
-22900
-25750
-26800
-26150
-27375
-25750
-27750
-30825
-33100
-32950
-30125
-30675
-32250
-34325
-36250
-35050
-32550
-32525
-32750
-32975
-34425
-32200
-30400
-28750
-28125
-27275
-26200
-24775
-22350
-20875
-21250
-17650
-15550
-13275
-12950
-11800
-11150
-8975
-6625
-3700
-4500
-4275
-4850
-3250

-1475
50
575
-2250
-3500
-2375
-1025
-2025
-2075
-4625
-6475
-7625
-6425
-8525
-10300
-10725
-11625
-13625
-14300
-15275
-17000
-17475
-16650
-16625
-18850
-19075
-19625
-19825
-16550
-16475
-17300
-18250
-18600
-16275
-14075
-13500
-13825
-14750
-13625
-11775
-10775
-10825
-10575
-10350
-9325
-9750
-8900
-9900
-9225
-8975
-9400
-7850
-10475
-11000
-11950
-10175
-10450
-10650
-11450
-14350
-15100
-13550
-12175
-13150
-14625
-16700
-17525
-16775
-14525
-15475
-17700
-18300
-19125
-19325
-17875
-17400
-19275
-20575
-20675
-20000
-21475
-21400
-21800
-23975
-23100
-23225
-25625
-27000
-27900
-26800
-27525
-28600
-29925
-33600
-32950
-32150
-31650
-31700
-33675
-35125
-35300
-33850
-32225
-31375
-31950
-32075
-31525
-29350
-27600
-27225
-25475
-23750
-22300
-20000
-19900
-18225
-16725
-13675
-11125
-10350
-10175
-9375
-7975
-5350
-3175
-1225
-3325
-4200

-2850
-875
250
725
-575
-3475
-3400
-2025
-2275
-2625
-4875
-6525
-8825
-8300
-8675
-10650
-11625
-13050
-13625
-15550
-15400
-16700
-18500
-17400
-16550
-17750
-18650
-19950
-17950
-18075
-16275
-15900
-17400
-16300
-16075
-14025
-12800
-12725
-12450
-12725
-11775
-10450
-10025
-9400
-9300
-9625
-8250
-8925
-9200
-9625
-9550
-8525
-8875
-9550
-10975
-12425
-10625
-10750
-10000
-11875
-13700
-15675
-14625
-12675
-13000
-14600
-15875
-17625
-17825
-16200
-14725
-16750
-18425
-19400
-18625
-18750
-17625
-19000
-20575
-20375
-20700
-21300
-21725
-23475
-23200
-24125
-23800
-25200
-27975
-28050
-28550
-29200
-29075
-29925
-31725
-34475
-32775
-32200
-32100
-32425
-33350
-35525
-33250
-31425
-31350
-30575
-30250
-29700
-28300
-26700
-25150
-24350
-22025
-19775
-18875
-16725
-16575
-14725
-12575
-9875
-7525
-7525
-8175
-6875
-4825
-2275
-250
-575

-3125
-3000
-850
300
-225
275
-2325
-4625
-3575
-2675
-4025
-5825
-7000
-8850
-10575
-9300
-10900
-13750
-13825
-14175
-15125
-16225
-18075
-17350
-18950
-16725
-16625
-18425
-18325
-18775
-17850
-15600
-15425
-14500
-16025
-15275
-13725
-12775
-11550
-11425
-11125
-10225
-10550
-9075
-9300
-9300
-8800
-8475
-7950
-9225
-9775
-8625
-9625
-8500
-9175
-10525
-12425
-12475
-10625
-10925
-11550
-13200
-15300
-15625
-13825
-13150
-13775
-16200
-17000
-18150
-17475
-15500
-16150
-18575
-19175
-18800
-18875
-19375
-18800
-20325
-21150
-21050
-20675
-23275
-23650
-23925
-24500
-24925
-26000
-26850
-29400
-30425
-29050
-29925
-30025
-32575
-33675
-33700
-33125
-31650
-32175
-33200
-34050
-32500
-31875
-30625
-30175
-28225
-27925
-26925
-24675
-23600
-22850
-20725
-18125
-15850
-14900
-14275
-13200
-11700
-8725
-5850
-5200
-6125
-5625
-3900
-1950
-625

1175
-1425
-2925
-1025
-525
-50
-475
-1750
-4150
-4950
-4075
-4450
-7275
-7975
-9175
-11050
-11475
-12225
-13275
-15600
-14700
-15150
-17650
-17100
-18075
-18350
-17975
-16700
-16725
-18625
-18075
-16775
-15950
-14450
-14200
-14675
-14025
-13225
-11450
-11400
-10650
-10275
-9625
-9450
-9000
-9250
-8725
-8400
-8350
-7325
-9550
-9025
-10850
-9150
-9300
-8825
-10250
-12350
-13125
-12450
-11025
-12075
-13150
-14450
-16275
-16075
-13850
-13700
-15950
-17250
-17850
-18125
-16950
-16375
-17350
-19425
-19475
-18925
-19750
-19800
-20500
-20975
-21650
-22475
-22950
-24075
-25325
-25100
-26250
-26075
-27575
-30100
-30625
-31425
-29825
-31375
-31650
-33775
-34425
-32875
-32650
-32675
-32100
-32100
-32950
-30825
-29650
-29425
-27100
-26175
-24675
-23700
-21700
-21025
-19650
-16550
-14175
-12575
-12450
-12100
-9800
-8200
-5050
-3650
-3300
-5075
-3450
-1425

