
Curva de Excitacao - Bobina Girante (Dados Brutos)

Arquivo..............: C:\Arq\Wiggler\Medidas Wiggler - Corretoras\Bobina Tungstenio\Gap60\Translado60_X=4_#025.dat
Data.................: 27/01/2005
Hora.................: 15:51:33
Ganho................: 20
N. de Coletas........: 1
N. de Voltas.........: 10
Intervalo de Análise.: 4 - 8

-18650
-16350
-14150
-14575
-17000
-16800
-16525
-17100
-15075
-14325
-14950
-16875
-16350
-15800
-15450
-14800
-15175
-17425
-16150
-13800
-11300
-12100
-14325
-14375
-14400
-11450
-6750
-7975
-8025
-10825
-9075
-6700
-4075
-3925
-6975
-7350
-4200
-1725
200
-4975
-9300
-9175
-4775
875
800
-5825
-12550
-14150
-7575
-1825
-1950
-8100
-17200
-17950
-12350
-4550
-5250
-13400
-22400
-23825
-18275
-8875
-8075
-16775
-28500
-30250
-24350
-12975
-12850
-18925
-33100
-34800
-28975
-16500
-14000
-19700
-32350
-35625
-30475
-16375
-13325
-17125
-27250
-32125
-27250
-16400
-11750
-15550
-23175
-26225
-24250
-19075
-14575
-16975
-21200
-25050
-24725
-22900
-21225
-22350
-23975
-25575
-25600
-26250
-26350
-26675
-27400
-26150
-25600
-28200
-27450
-27550
-25600
-25375
-24425
-24050
-26075
-24475
-21250
-21250
-21125
-20300
-20800
-20950
-18375
-16225
-16775
-18750

-16875
-17500
-16775
-14625
-14200
-16125
-16800
-16075
-15350
-15875
-13775
-14600
-17725
-16175
-15925
-14150
-14125
-14325
-15375
-16800
-14125
-11025
-12000
-11400
-12700
-11950
-10575
-7850
-6175
-9150
-9075
-7225
-5025
-1775
-4000
-6825
-7625
-5550
125
450
-2200
-8675
-9975
-6350
-375
200
-3300
-12675
-13700
-10250
-2275
-1675
-7175
-16275
-19575
-15425
-5825
-4950
-10050
-21900
-25050
-22225
-11125
-8700
-13400
-27150
-31250
-27525
-17100
-12275
-16775
-28750
-35550
-32125
-20150
-13525
-17075
-27225
-35200
-30900
-20725
-11725
-15600
-23250
-29025
-27400
-19875
-12200
-14375
-19750
-24900
-24025
-21150
-16200
-16975
-20375
-24400
-24075
-23925
-21725
-22575
-24575
-25250
-25925
-27050
-26200
-26825
-26525
-25500
-26875
-26025
-27975
-26000
-25025
-24225
-23800
-23850
-23825
-23950
-21125
-19500
-20425
-19700
-19875
-18750
-18350
-15375
-16250

-17050
-17100
-15550
-15750
-15450
-13775
-15075
-16475
-16050
-15100
-15000
-14125
-14525
-15850
-16475
-15450
-13600
-13975
-13575
-14200
-14975
-13475
-11525
-9800
-12150
-11050
-10700
-9200
-6275
-6075
-7950
-7825
-7225
-3000
-1875
-2125
-5800
-8175
-5075
-925
875
-900
-7600
-10350
-7475
-1200
175
-2925
-10825
-14800
-12950
-3600
-2075
-5425
-15375
-19875
-17925
-9600
-4350
-8450
-19550
-26650
-23550
-15700
-9025
-12175
-23500
-31750
-29975
-21000
-12725
-15500
-24375
-35225
-32875
-24125
-13950
-15850
-23300
-31450
-31700
-24000
-12900
-14450
-19375
-26650
-26175
-22700
-14025
-13150
-18400
-23300
-23600
-22450
-17600
-17500
-20825
-23400
-23650
-24350
-22975
-23350
-24250
-25750
-26275
-25925
-27650
-26150
-25950
-26350
-26350
-26025
-25800
-26500
-25225
-22250
-23700
-23000
-22675
-22100
-21775
-18525
-18200
-19250
-20325
-16950
-16850
-16450

-15400
-15975
-17225
-15875
-14425
-14825
-15075
-14750
-15425
-17125
-14975
-13600
-14800
-14450
-15425
-16025
-15850
-13750
-11800
-14075
-13850
-13700
-13350
-11025
-9450
-10150
-10825
-10600
-6775
-6500
-4575
-6800
-7800
-7475
-2750
-1050
-300
-5625
-7675
-7025
-1700
1250
-400
-5850
-10950
-9750
-3150
-75
-1800
-8975
-15475
-13975
-8225
-1350
-4800
-13125
-20500
-19525
-13300
-6175
-7750
-16875
-26825
-24975
-19975
-11075
-12200
-19075
-32250
-31550
-24750
-14725
-15325
-21475
-31875
-33450
-27825
-15425
-15175
-20450
-28550
-29750
-26325
-16025
-12275
-17675
-23950
-25025
-23400
-16550
-13450
-17050
-21725
-23375
-22250
-20125
-18525
-20175
-22875
-24350
-23950
-25150
-23650
-25000
-25300
-25950
-26625
-26175
-26450
-27000
-25425
-25650
-25250
-25200
-25100
-24325
-22800
-21450
-22725
-22325
-20700
-20250
-18675
-17075
-18750
-18700
-16800
-16275

-15925
-15200
-14925
-16000
-16475
-14650
-13900
-14500
-14750
-15175
-15775
-15650
-14200
-13250
-15275
-14825
-14875
-15050
-13825
-11675
-12575
-13450
-13925
-10975
-10650
-8350
-8000
-10475
-9100
-7575
-4725
-3900
-5150
-6850
-6975
-3325
-150
100
-3575
-7700
-7225
-2875
1275
500
-4250
-11200
-10375
-6250
-75
-975
-7500
-15225
-15075
-10775
-3625
-4500
-10075
-20700
-20175
-16475
-8575
-8325
-13550
-25050
-27675
-22600
-13225
-12050
-18150
-28275
-32325
-27700
-17300
-14325
-20225
-28375
-32100
-29250
-19400
-12875
-18300
-24925
-28500
-26375
-18225
-12100
-15700
-20900
-24950
-21975
-18525
-14875
-16350
-20325
-22375
-22275
-21950
-18500
-21550
-22475
-24375
-24450
-25000
-23975
-24900
-25175
-26225
-26075
-25625
-26600
-26100
-25375
-23800
-25175
-25075
-23125
-23775
-22325
-20500
-21175
-21400
-19800
-18250
-18250
-17300
-16775
-17100
-17100

-15275
-14725
-14525
-14875
-15000
-15375
-14925
-14000
-13175
-14575
-15125
-15025
-15250
-14475
-13525
-13400
-14475
-14875
-13600
-13625
-11525
-11075
-12650
-12425
-10700
-9075
-7225
-7850
-8450
-8550
-6525
-3350
-2700
-3225
-6825
-6275
-3275
-275
900
-1200
-7150
-7275
-4725
1100
425
-3175
-9750
-11475
-8575
-1325
-1475
-5450
-14725
-15575
-13550
-5725
-4000
-8475
-19200
-21625
-18750
-11550
-9175
-11750
-22900
-28725
-25125
-16250
-12950
-17150
-24550
-32150
-29325
-21625
-13600
-18725
-25025
-30825
-29500
-22425
-13200
-15925
-22375
-27350
-24550
-20600
-13400
-13800
-19300
-22450
-22325
-19975
-15725
-16275
-19025
-22125
-22700
-22200
-20075
-20875
-22925
-24225
-24700
-25100
-24900
-24550
-26100
-25075
-25525
-26600
-25300
-26275
-24225
-23800
-24225
-23775
-22975
-22150
-21500
-19900
-19675
-20350
-19250
-17650
-17500
-16175
-15750
-16775

-16525
-15300
-13475
-13850
-14950
-14650
-14825
-14800
-13900
-13400
-13775
-15175
-14425
-14775
-14550
-13275
-12300
-14575
-14500
-13300
-12100
-11125
-11050
-11150
-11775
-9950
-7600
-6750
-5875
-8500
-7800
-5650
-3225
-1000
-1825
-5850
-6325
-4600
600
950
-100
-6050
-8875
-5825
-25
275
-1650
-8775
-11700
-10225
-3750
-425
-4975
-12550
-17050
-14850
-8525
-5075
-6800
-17050
-22800
-21125
-14450
-9350
-12675
-19900
-28825
-26275
-20225
-13275
-16250
-22500
-30850
-30500
-24725
-14325
-16875
-22400
-29525
-28575
-24450
-14875
-13900
-20275
-24275
-24600
-21200
-14850
-13900
-16825
-20850
-22350
-20650
-17150
-15950
-19650
-21375
-22175
-23175
-21300
-21100
-23550
-24100
-24900
-25125
-25100
-25675
-24875
-24775
-26175
-26200
-24675
-24975
-24100
-23450
-22500
-24225
-21875
-20500
-21025
-19500
-18450
-18925
-19375
-17050
-15775
-16100
-15725

-15525
-16350
-14925
-13775
-13475
-14425
-15325
-13875
-14825
-14250
-13275
-12675
-16050
-14600
-13950
-13950
-13375
-12100
-13625
-14475
-12400
-11050
-11250
-9725
-10125
-10725
-9800
-7200
-4875
-6000
-6625
-7275
-6050
-1925
-825
-1550
-4225
-6850
-4200
-525
1300
475
-4725
-8775
-7300
-2975
1625
-1700
-6700
-12800
-11200
-6650
-1875
-4025
-10425
-17975
-15500
-12250
-6250
-7800
-13900
-23050
-22725
-17475
-11200
-13225
-18100
-26575
-28350
-24275
-14900
-15575
-21400
-28825
-29950
-26950
-17825
-14775
-20800
-26950
-27425
-24900
-17775
-13800
-17200
-22000
-24025
-21700
-17425
-13125
-16525
-19550
-21900
-21150
-18625
-16825
-19400
-21150
-23200
-22825
-23275
-22450
-23000
-24000
-25275
-25775
-25975
-25075
-25275
-25100
-25175
-26125
-24825
-23475
-24000
-22925
-22125
-22100
-22400
-20050
-18925
-19125
-18325
-18075
-18425
-16850
-14950
-14800

