
Curva de Excitacao - Bobina Girante (Dados Brutos)

Arquivo..............: C:\Arq\Wiggler\Medidas Wiggler - Corretoras\Bobina Tungstenio\Gap60\Translado60_X=-1_#020.dat
Data.................: 27/01/2005
Hora.................: 15:41:57
Ganho................: 20
N. de Coletas........: 1
N. de Voltas.........: 10
Intervalo de Análise.: 4 - 8

-13775
-12025
-12100
-9875
-11125
-13000
-14675
-13575
-12575
-12250
-11425
-12900
-16650
-16400
-15700
-14600
-14550
-16275
-17050
-18075
-16100
-13300
-15375
-16300
-18975
-16800
-13975
-10800
-9175
-13300
-14750
-14050
-11475
-6650
-7750
-8075
-9300
-7975
-6025
-5625
-7675
-8625
-8100
-2875
-2475
-4750
-9150
-12550
-11000
-4475
-3200
-5550
-12975
-15125
-15200
-8675
-5550
-9550
-18325
-20550
-18950
-11225
-9500
-11325
-22075
-26975
-23000
-14175
-12250
-15050
-22700
-27725
-27000
-17375
-12825
-16225
-22750
-26225
-25850
-19750
-14450
-16225
-21350
-25625
-22350
-20600
-17700
-19200
-22275
-24175
-23100
-23925
-22975
-24325
-24850
-25400
-26175
-27400
-30150
-30350
-28900
-27925
-26950
-28475
-32625
-33150
-31475
-27325
-25875
-27725
-28825
-30825
-26875
-24125
-22375
-22950
-23875
-22950
-20300
-19525
-15775
-16550
-18050
-16550
-14100
-13925
-12200
-11850

-13300
-13925
-11575
-10675
-11900
-11200
-11500
-14100
-13600
-12700
-11800
-13600
-13775
-14700
-17050
-15800
-12950
-14625
-15750
-17600
-17750
-16975
-14875
-12025
-14175
-16575
-15775
-15175
-11625
-10500
-9900
-12350
-11950
-8600
-7700
-7650
-8025
-9150
-6575
-4050
-3825
-5975
-8575
-8575
-5075
-2975
-2700
-8950
-10650
-11400
-6950
-3225
-4850
-12375
-16625
-15025
-9525
-6675
-7400
-15250
-22525
-21275
-13625
-9600
-11325
-18225
-25275
-25725
-19275
-11250
-14025
-20300
-25900
-27050
-21775
-13750
-13650
-19650
-26175
-24375
-22050
-15575
-15275
-18850
-23750
-23275
-21200
-18900
-20075
-20150
-23125
-23850
-23925
-24025
-24800
-26475
-26075
-25400
-26500
-29475
-30400
-30775
-28375
-27250
-27900
-30625
-32650
-30900
-27150
-26850
-25650
-28125
-27000
-26725
-23875
-21075
-21025
-22150
-21300
-18725
-18025
-15950
-14950
-15650
-16250
-13150
-11625
-12975

-11600
-11400
-13075
-11875
-11025
-10050
-12825
-11325
-12600
-14025
-13225
-11750
-13050
-13775
-15300
-15750
-16625
-15075
-13350
-14825
-16925
-16650
-17000
-14900
-13050
-12100
-15200
-15525
-13075
-11375
-10150
-9150
-10975
-9750
-8450
-6675
-5900
-8375
-7550
-6400
-3575
-3925
-5375
-7725
-8525
-6250
-1750
-3025
-7075
-12475
-11425
-8550
-4125
-4175
-9725
-17375
-16600
-12675
-7150
-8075
-12200
-21925
-22025
-18175
-9750
-11700
-15775
-22925
-26425
-22475
-13000
-12325
-17550
-25275
-25675
-24200
-16025
-13375
-17500
-23000
-24825
-22225
-17825
-16025
-17050
-21625
-23050
-21550
-20425
-19800
-21675
-23025
-23675
-23925
-24500
-25625
-27400
-26625
-26175
-26425
-28950
-30750
-30200
-29750
-27400
-27825
-29250
-30800
-29500
-29200
-25325
-25375
-25350
-25900
-25425
-22950
-21300
-19275
-20125
-20225
-17700
-15900
-15775
-14725
-13875
-14450
-13150
-11225

-11500
-11975
-11350
-11200
-12550
-10825
-10850
-11450
-12225
-12875
-12950
-14475
-13225
-12150
-14150
-15075
-15525
-16350
-16450
-13700
-13275
-15900
-17125
-15050
-15375
-12925
-12225
-13100
-13675
-13075
-10125
-9450
-9025
-9000
-9550
-7275
-6025
-5000
-7400
-6800
-6625
-3600
-2850
-4325
-8225
-9075
-6925
-2900
-2325
-5450
-11900
-13025
-10550
-5300
-4675
-8050
-15325
-18825
-15575
-8550
-7625
-12200
-19250
-22525
-21100
-13200
-10225
-14300
-22475
-25475
-24075
-16925
-12450
-15700
-22450
-26050
-23275
-18850
-14500
-15575
-20825
-23575
-22475
-19450
-16150
-17375
-20450
-22400
-22525
-21300
-19900
-22475
-23150
-24000
-23800
-25575
-26350
-27500
-28075
-26850
-26775
-28900
-29825
-30675
-30300
-27475
-28100
-27625
-29375
-29250
-27950
-25475
-24275
-24125
-25000
-23325
-21625
-20100
-19100
-18000
-18650
-16950
-14850
-13850
-14700
-13350
-12750
-13075

-10975
-10125
-11250
-11625
-11575
-11000
-11625
-10725
-11025
-12650
-12725
-12875
-14075
-14125
-13400
-13275
-14700
-16100
-15425
-16375
-14225
-13700
-14575
-15950
-15800
-13800
-12000
-12700
-11300
-12875
-11275
-9550
-8325
-8000
-8850
-8325
-6400
-5300
-4100
-6775
-7550
-6625
-3275
-1775
-3025
-7925
-9500
-8050
-4175
-2325
-4525
-10125
-14025
-12575
-6775
-5075
-7200
-13600
-19250
-17200
-11875
-7775
-10800
-17300
-22325
-22900
-16325
-10650
-13200
-19625
-25550
-23950
-20050
-13500
-13950
-19525
-24800
-24450
-20250
-14875
-15550
-18100
-22700
-22775
-20750
-16425
-17700
-19825
-21625
-22100
-22225
-21725
-22175
-23950
-23775
-24400
-25700
-25850
-28475
-28225
-27275
-27750
-27900
-29300
-30325
-29925
-28325
-27000
-27275
-28575
-27400
-26850
-25000
-23350
-22925
-23225
-22150
-19700
-19400
-18275
-17450
-16050
-16300
-13625
-12975
-13325
-12950
-12275

-11200
-11600
-10000
-10000
-12425
-11100
-10825
-11525
-11550
-11250
-11950
-13750
-13475
-12950
-14600
-13850
-13525
-14550
-15725
-15250
-15600
-14950
-14275
-13300
-15125
-14650
-13400
-12325
-10475
-11750
-11000
-10475
-8700
-7250
-7750
-8100
-7725
-5975
-3850
-3925
-5200
-7500
-7400
-3975
-1875
-2075
-6325
-10300
-9300
-5475
-2675
-4275
-8275
-14600
-13750
-10100
-4925
-6750
-12275
-17800
-19650
-15400
-8675
-9925
-15450
-22300
-22750
-19500
-13175
-12275
-17400
-23700
-24600
-22050
-15225
-14000
-16925
-23025
-23850
-21600
-16625
-14400
-17950
-20775
-22475
-20650
-18475
-17550
-19900
-20850
-21875
-23225
-22400
-22800
-24400
-24800
-25200
-25375
-27050
-27625
-28950
-28850
-27325
-27650
-28475
-29575
-29875
-27875
-26900
-26475
-26925
-27000
-25475
-23700
-23525
-21525
-21500
-20975
-18775
-17100
-16875
-16875
-15350
-14375
-13525
-11650
-10850
-13625

-12125
-10575
-10350
-9750
-9900
-10725
-12225
-11250
-10450
-12175
-11575
-11950
-13250
-14025
-13800
-13775
-14500
-14600
-13950
-15650
-15075
-14625
-14825
-13900
-14025
-13350
-13825
-12050
-11125
-10225
-11125
-9800
-10050
-7000
-6100
-5975
-8125
-7175
-5875
-2975
-2275
-3775
-8200
-7000
-4675
-2400
-1525
-3950
-10450
-11200
-7875
-2550
-3675
-6950
-13350
-16175
-12625
-6175
-6050
-10800
-17425
-19975
-17825
-11400
-8875
-14100
-21075
-23125
-21525
-15575
-12125
-14775
-22075
-25525
-22100
-17500
-13725
-15900
-20350
-23925
-22000
-17325
-15050
-17550
-19075
-21650
-21025
-19825
-18150
-19500
-20950
-22975
-22400
-23700
-23075
-24975
-26050
-24975
-26575
-26675
-27600
-29900
-28525
-27650
-27550
-28525
-29175
-28325
-28150
-26925
-26100
-25250
-25900
-24125
-22675
-21550
-21950
-19400
-18975
-18675
-16050
-14375
-16050
-15650
-12600
-12650
-11425
-10700

-10950
-12900
-10800
-8825
-10425
-9975
-10650
-11725
-12375
-11200
-10775
-12725
-13375
-12725
-14225
-14150
-13675
-14000
-14575
-15225
-14125
-15125
-14975
-13675
-12975
-13800
-13100
-12325
-11375
-11350
-8975
-10150
-9675
-8425
-6075
-5625
-5300
-7300
-7300
-5950
-2600
-1500
-3575
-6875
-8375
-6175
-2275
-1825
-3725
-9000
-12175
-9250
-4875
-3500
-6700
-12000
-16350
-15000
-9875
-5650
-10500
-15650
-20300
-18675
-15275
-10250
-12350
-18500
-24400
-21975
-18275
-13425
-14750
-18725
-24225
-23350
-19275
-14625
-15825
-18475
-21475
-21875
-20150
-15475
-16600
-19075
-20025
-21200
-21375
-19125
-19275
-22475
-22150
-23075
-23500
-24175
-25850
-26100
-26600
-26150
-26725
-28725
-28400
-29100
-27725
-28000
-28175
-28075
-27775
-27275
-26350
-25475
-24800
-23600
-23350
-22025
-20100
-20125
-19975
-17375
-16525
-15225
-14025
-13975
-15500
-12475
-10675
-10825

