
Curva de Excitacao - Bobina Girante (Dados Brutos)

Arquivo..............: C:\Arq\Wiggler\Medidas Wiggler - Corretoras\Bobina Tungstenio\Gap60\Translado60_X=19_#040.dat
Data.................: 27/01/2005
Hora.................: 16:17:54
Ganho................: 20
N. de Coletas........: 1
N. de Voltas.........: 10
Intervalo de Análise.: 4 - 8

-18725
-16100
-11750
-10800
-13650
-17775
-18625
-14500
-12150
-9500
-8800
-11700
-13375
-10875
-9225
-8275
-7950
-8600
-8475
-5825
-3075
-2600
-6575
-9300
-9675
-4850
-850
1000
-650
-8450
-12225
-9175
-4950
-1200
-600
-5425
-8125
-8775
-4825
-3525
-2950
-4525
-5675
-1800
1950
3150
3775
-2650
-4875
-775
4050
9125
7675
3925
-2975
-4925
575
3125
3450
-275
-7375
-12475
-11275
-6700
-8250
-13350
-19025
-26900
-28250
-23450
-23300
-27650
-35550
-41750
-44550
-40225
-38050
-42550
-50425
-55175
-54400
-48475
-42375
-45725
-53675
-58200
-58175
-47200
-36750
-35200
-41450
-47900
-47850
-38000
-25725
-23050
-27175
-32125
-34225
-26500
-16425
-14150
-17400
-22400
-25525
-22275
-14275
-11275
-14750
-20000
-21525
-21725
-14650
-12700
-16225
-19200
-21550
-20875
-16600
-13625
-14625
-19225
-21250
-20275
-17650
-13500
-12900
-16425

-19475
-18675
-15250
-13350
-12150
-12525
-16275
-16025
-12575
-10525
-9175
-9675
-12350
-12750
-10250
-5850
-4850
-6600
-8525
-9900
-7625
-3150
-1775
-2175
-6625
-7950
-6625
-3900
-775
-1975
-6425
-8500
-7550
-3700
-2575
-2400
-6500
-9650
-6975
-3025
275
1250
-3775
-6500
-3575
150
4250
5550
2975
-900
-1025
2850
5625
6275
3950
-725
-2600
-1425
3000
675
-2850
-8075
-12800
-12550
-9525
-10250
-15100
-22600
-28100
-29300
-26075
-24725
-30175
-39575
-45275
-46000
-42050
-37950
-41225
-50325
-57250
-57250
-50775
-42525
-44175
-48525
-55500
-56075
-47675
-35700
-34425
-39375
-42450
-43725
-35200
-24400
-21700
-24475
-29275
-30525
-25150
-16750
-13000
-16475
-20775
-23200
-21650
-14425
-10625
-15250
-18375
-21625
-20225
-16400
-12375
-14525
-19025
-20900
-19575
-17975
-13825
-14125
-16925
-20175
-20025
-16100
-14100
-14150

-14125
-18325
-17650
-14550
-11800
-11550
-12900
-13800
-15425
-13375
-8700
-7250
-9475
-10975
-10750
-9675
-6875
-3875
-4550
-7850
-7900
-5825
-4925
-1325
-1325
-5475
-8050
-6275
-1900
-2000
-1425
-5475
-9075
-7625
-3525
-2300
-775
-5175
-7775
-7100
-3400
625
1350
-700
-3725
-2950
1150
3225
6200
3700
325
100
2625
6750
5850
2375
500
-4125
-1700
275
100
-4725
-9950
-13375
-15375
-12275
-12750
-16975
-25075
-30625
-31000
-29150
-28700
-32325
-40725
-47325
-48175
-43950
-40750
-43400
-49550
-56250
-57725
-51075
-42750
-42725
-48525
-52775
-54325
-45375
-34700
-32400
-36150
-39775
-40300
-34200
-23125
-19425
-22350
-26725
-27975
-24675
-15750
-12350
-15550
-19800
-22125
-20500
-14700
-12425
-13925
-19050
-19950
-20000
-16550
-13800
-14325
-18125
-20175
-20050
-16450
-14975
-14900
-15650
-19900
-19100
-16150
-13525

-13850
-14575
-15950
-17250
-15650
-10475
-11125
-11950
-13550
-13500
-12175
-9050
-6825
-8525
-10775
-9525
-7850
-6375
-3750
-3650
-6950
-7875
-6025
-2875
-1750
-1250
-4200
-8825
-5850
-3550
-1475
-1150
-5450
-7875
-8200
-4475
-1550
-1650
-4100
-6675
-5975
-1975
450
1900
650
-3675
-850
1325
6125
5650
4325
1300
-200
2700
5850
5725
3525
-2225
-3600
-3900
-1400
-1600
-5350
-11500
-16725
-16750
-15475
-15650
-18750
-26625
-33425
-34225
-32025
-31050
-35175
-40750
-48775
-50125
-46625
-41575
-45050
-49575
-55525
-57000
-51500
-41200
-42200
-46875
-51000
-50175
-43675
-33575
-29900
-33100
-37075
-37100
-31875
-21950
-18200
-20125
-24175
-26125
-23075
-16025
-11950
-14250
-18900
-20550
-19675
-16275
-11825
-14225
-17125
-20225
-19575
-16925
-14150
-14850
-16400
-20625
-19250
-16900
-13850
-14850
-16625
-17600
-18850
-16100

-12850
-12750
-14375
-15700
-16175
-14375
-11500
-8950
-11100
-12700
-13025
-10650
-9300
-5750
-6500
-9025
-10025
-7400
-5175
-2875
-3025
-5275
-8200
-4900
-2625
-825
-1175
-4775
-7025
-7125
-3000
-300
-1075
-4575
-8850
-7800
-4025
-1750
275
-2100
-6275
-5275
-2500
1825
2875
1375
25
-1125
2950
5225
6875
4900
725
1125
2675
4775
6100
2475
-2675
-5900
-4075
-3175
-3750
-6225
-13875
-19700
-19150
-16500
-17850
-22400
-28300
-36000
-38100
-34425
-31800
-36400
-43100
-49450
-53475
-48950
-42200
-43475
-49425
-55125
-56000
-50350
-42300
-40275
-44525
-47475
-47675
-41525
-31525
-28075
-30125
-34050
-34075
-29650
-20150
-16375
-18625
-22850
-24150
-21575
-15400
-11475
-14275
-17600
-20400
-19625
-15550
-12500
-13325
-16650
-20450
-19875
-16425
-13825
-14525
-16725
-18150
-19650
-17100
-13275
-14600
-16000
-17050
-16925

-16400
-13050
-11100
-13625
-16350
-14425
-13225
-10925
-8900
-9075
-12525
-12850
-9900
-7525
-6050
-4600
-7150
-10350
-7225
-4250
-2000
-2350
-4450
-6400
-6225
-2650
25
-2050
-3300
-7375
-5900
-3750
-1000
-1100
-4850
-8725
-6525
-3850
-275
375
-1925
-5300
-5950
-1175
3025
4625
4050
-75
-50
2225
5300
7475
6425
1750
775
1875
3900
3525
2775
-2850
-7700
-6200
-5350
-5375
-9525
-14150
-21400
-22100
-20350
-20375
-25325
-30275
-37500
-40525
-37500
-33325
-38800
-45225
-51100
-54225
-49450
-42875
-42475
-49650
-54950
-55250
-50725
-40950
-37600
-40400
-44900
-46375
-40250
-30425
-24625
-27500
-30125
-32150
-28175
-19125
-15025
-16750
-20450
-22675
-21200
-15150
-12000
-13400
-15900
-19875
-19575
-15750
-12825
-13550
-16750
-18500
-20050
-16975
-13100
-14550
-16525
-18525
-18400
-17600
-13475
-13100
-14925
-16950

-16750
-15500
-13350
-10325
-12150
-14275
-15225
-12100
-10475
-8875
-8525
-10175
-12525
-9325
-6725
-4900
-4750
-6575
-8075
-7500
-3625
-725
-1625
-3600
-7200
-5850
-2975
-325
650
-3075
-7300
-6725
-4500
-1050
-925
-3225
-6950
-7475
-3025
-675
1125
-1000
-3975
-3725
125
3675
5925
3825
825
-50
3375
6000
7400
7525
2100
-1125
1175
2875
3550
875
-2850
-9675
-9775
-6625
-7475
-11450
-16750
-22525
-26425
-24075
-21625
-26675
-33150
-39625
-42900
-40500
-37175
-38950
-46000
-52375
-54250
-50275
-44475
-43850
-48050
-51700
-55075
-49200
-39775
-36550
-38725
-41825
-42475
-38175
-28050
-23400
-25350
-28050
-28800
-26075
-19100
-14475
-15550
-18700
-21625
-20250
-15250
-11800
-13075
-16800
-18300
-20000
-15625
-12300
-14900
-16150
-18200
-18850
-17750
-14075
-13000
-16675
-18025
-18075
-16725
-14650
-12175
-14300

-16250
-16950
-13800
-13050
-11700
-10800
-13025
-14775
-11825
-9950
-8000
-8600
-9100
-11025
-10125
-5775
-3350
-4700
-5950
-7775
-6275
-4000
-875
-475
-3900
-6475
-4600
-3975
-525
-700
-2625
-6775
-6950
-3725
-2075
-1050
-3300
-7100
-6075
-2975
-650
1600
-50
-2650
-3150
425
4475
5300
5875
1825
625
3775
5500
7275
5475
3250
-1600
-450
1800
1975
-2000
-4625
-10725
-11500
-10950
-9225
-14625
-19100
-25475
-27625
-27750
-25650
-29225
-35750
-41975
-43725
-43075
-40425
-41175
-47600
-51825
-54750
-50925
-45250
-43825
-47050
-50750
-53175
-47800
-38725
-34150
-37125
-38550
-40100
-35450
-27975
-21150
-23525
-25025
-26925
-24500
-18725
-13825
-15175
-17700
-19775
-20350
-15800
-11650
-13825
-16375
-17550
-19100
-16800
-13950
-12975
-17550
-17775
-18275
-17475
-14925
-13750
-15375
-18025
-18025
-15200
-14625
-13400

