
Curva de Excitacao - Bobina Girante (Dados Brutos)

Arquivo..............: C:\Arq\Wiggler\Medidas Wiggler - Corretoras\Bobina Tungstenio\Gap60\Translado60_X=10_#031.dat
Data.................: 27/01/2005
Hora.................: 16:02:05
Ganho................: 20
N. de Coletas........: 1
N. de Voltas.........: 10
Intervalo de Análise.: 4 - 8

-19175
-17175
-16925
-16500
-17800
-19375
-18875
-16350
-14875
-16425
-14950
-15725
-15675
-14175
-12775
-13800
-14575
-14275
-10675
-9575
-7150
-8225
-11600
-12000
-9350
-4650
-1750
-3175
-4200
-8175
-7700
-4275
-300
-300
-2450
-5500
-5800
-4575
-500
-2425
-5075
-8100
-8650
-4775
-1825
-3225
-6700
-11300
-12400
-8850
-4700
-3750
-8075
-11850
-15150
-13875
-9750
-8025
-12125
-16175
-19775
-19125
-17475
-14800
-18275
-23375
-27975
-26250
-26675
-24250
-26275
-29550
-34900
-33625
-31525
-30075
-30700
-33850
-37150
-35125
-31625
-28050
-27950
-30825
-32625
-30025
-26750
-23525
-21625
-23125
-24525
-24550
-20450
-18975
-17100
-18300
-21025
-20850
-20100
-18600
-17900
-19100
-20675
-21875
-21625
-21875
-21225
-21175
-23025
-24800
-22700
-23900
-22425
-23050
-23275
-24625
-24050
-22350
-21875
-21850
-21400
-22275
-23325
-20875
-18925
-19150
-18975
-19700

-20075
-19650
-17100
-15425
-18050
-17600
-18025
-16875
-15650
-14350
-14625
-15950
-17000
-13700
-13850
-11325
-11075
-12800
-13750
-12350
-8625
-7525
-7825
-7150
-9400
-8200
-5075
-2700
-2925
-4750
-5675
-5025
-3975
825
-925
-2975
-6225
-6575
-2975
-700
-1025
-4025
-7875
-9100
-6800
-3550
-2900
-6175
-8300
-11725
-9975
-5850
-4875
-9175
-11650
-13950
-12825
-11875
-8425
-12550
-17000
-21300
-18300
-19150
-16650
-19550
-23250
-29075
-28200
-26250
-25325
-27275
-29350
-36175
-34950
-32575
-28425
-30225
-32775
-35350
-35350
-31800
-28125
-26300
-28625
-29625
-28600
-25900
-23425
-19875
-21025
-23050
-22750
-19450
-19200
-16800
-18325
-19450
-21025
-18875
-18575
-18800
-18950
-20800
-22425
-20700
-22350
-20675
-21475
-22850
-24775
-23900
-22125
-22675
-22800
-22125
-23950
-24150
-22050
-21125
-21175
-20900
-20400
-22125
-20925
-18325
-17350
-19600

-18425
-19200
-18825
-16875
-15075
-15800
-18025
-17050
-15575
-16425
-13175
-13375
-14500
-16275
-13475
-12275
-11450
-10500
-10250
-12725
-10750
-8000
-6925
-6300
-7075
-6775
-7975
-4750
-775
-2175
-3800
-4600
-5250
-3025
25
200
-2500
-5300
-6225
-4800
-1400
-1100
-3900
-6825
-8775
-6750
-4250
-2625
-6475
-8850
-11575
-9250
-7500
-5100
-8500
-11775
-14875
-13450
-12550
-9975
-13200
-17500
-21975
-20450
-19500
-18675
-20825
-23375
-30375
-29950
-27625
-25500
-27425
-31025
-34625
-35875
-32700
-29900
-28800
-31975
-34225
-34150
-31325
-28175
-24475
-26450
-28350
-27725
-24100
-22075
-18850
-20000
-21550
-22100
-18975
-18175
-17475
-16925
-19325
-20850
-19025
-19450
-18575
-19350
-20600
-22825
-22550
-20925
-20775
-22725
-22425
-24200
-23975
-22425
-21900
-21900
-23125
-22150
-23500
-22275
-20425
-19900
-20725
-20675
-20575
-20200
-18200
-17125

-18175
-18400
-18700
-16850
-17325
-14600
-15200
-16475
-17250
-15925
-14275
-13325
-12875
-13150
-15650
-13800
-11500
-9975
-9700
-9950
-10375
-10800
-8175
-4675
-5100
-5650
-6300
-7275
-3800
-1500
-575
-2675
-4325
-4900
-3325
-350
775
-2750
-4100
-6825
-4775
-2200
-925
-3975
-6975
-8950
-7125
-5400
-2725
-5375
-8900
-11350
-9475
-8450
-6325
-8325
-11225
-15775
-15150
-12575
-11900
-14400
-17000
-22150
-23225
-20975
-19125
-21350
-26000
-29225
-31200
-29550
-26800
-27400
-31750
-34600
-34525
-32825
-31100
-27775
-31075
-33300
-33225
-29200
-27050
-23725
-24825
-26075
-26975
-22250
-20675
-19100
-18775
-19550
-20950
-18775
-17975
-16775
-17200
-18900
-19850
-20225
-18900
-19075
-19550
-20200
-22875
-22350
-21500
-21375
-21600
-22750
-22350
-24025
-23100
-20925
-21650
-22350
-22075
-22125
-21650
-20650
-18275
-19575
-20800
-20025
-17850
-18825

-16850
-16125
-17650
-18550
-16950
-15275
-16000
-14475
-13925
-17400
-15775
-13475
-12225
-13025
-13025
-12525
-13825
-11725
-7750
-8975
-9350
-9325
-9275
-7500
-4250
-2425
-4925
-5950
-5300
-4000
-1475
150
-1050
-3450
-4875
-2825
-1050
-125
-1225
-4075
-6675
-4850
-2625
-1425
-4375
-6275
-8400
-7100
-5700
-3725
-6025
-8125
-11325
-10075
-8500
-7200
-8725
-11750
-15550
-15450
-13950
-13275
-15225
-18250
-22100
-23475
-22625
-20700
-22800
-27050
-29850
-30625
-29975
-29000
-27275
-32150
-34050
-34700
-31750
-30650
-28275
-29350
-31850
-31925
-27350
-25725
-23850
-23575
-23875
-24200
-21025
-19950
-18450
-18675
-18525
-19475
-18625
-17575
-17200
-17675
-18225
-19925
-19550
-19675
-19675
-19750
-21350
-21350
-22025
-21875
-21375
-22100
-21725
-22775
-23250
-22300
-21525
-20250
-21900
-21325
-21925
-20525
-20025
-18175
-18875
-19125
-19300
-18600

-17175
-16450
-16125
-16325
-18125
-16550
-15050
-14425
-13975
-15025
-14800
-15775
-13150
-11325
-11975
-12200
-12175
-13175
-9725
-8300
-6625
-8300
-8675
-8375
-6475
-3775
-2000
-3925
-4025
-5775
-2375
-1300
-225
-1300
-2950
-3975
-2475
-925
-150
-2350
-4250
-5950
-5150
-3075
-2125
-4225
-6175
-8350
-7800
-5125
-4750
-6100
-8250
-10675
-11300
-8575
-8050
-9800
-13000
-14725
-16625
-15900
-14400
-15300
-20250
-22925
-23975
-23300
-23700
-22750
-27600
-30550
-31875
-29850
-29950
-28625
-30800
-33200
-35275
-30850
-29700
-27575
-28800
-29450
-29825
-27200
-24250
-22525
-22150
-22625
-22125
-20975
-19325
-17350
-16700
-18525
-19150
-18200
-17300
-17700
-16775
-18950
-19175
-20350
-19475
-19450
-20525
-20525
-21300
-22875
-22150
-21675
-20575
-22275
-23000
-22250
-22025
-21150
-20575
-19975
-21650
-20700
-20025
-19075
-19000
-17300
-17700
-19550

-18500
-16100
-15700
-15900
-15675
-16550
-17000
-15125
-12550
-14100
-13800
-14000
-14775
-13525
-11350
-9550
-11525
-12075
-10975
-9550
-7875
-6275
-6850
-7550
-7300
-4350
-3250
-2550
-2150
-4650
-4800
-1925
350
1500
-1500
-3400
-4275
-3650
-625
675
-1350
-4175
-6250
-6025
-3575
-2125
-3350
-5850
-8350
-8175
-5900
-4475
-6575
-8200
-11125
-11100
-10100
-7900
-10250
-13925
-15800
-17625
-16550
-16225
-15850
-21375
-24000
-24900
-24750
-24875
-24025
-27450
-31325
-33650
-30075
-29725
-29050
-30400
-32675
-34875
-31775
-27825
-27550
-27600
-27900
-27750
-25975
-23550
-21300
-20450
-21100
-21175
-19725
-18600
-17075
-16625
-17750
-17750
-18275
-17525
-17400
-18250
-18050
-19375
-20025
-19800
-20200
-20375
-20750
-22325
-22375
-22075
-21200
-20850
-21625
-22400
-23100
-20850
-21200
-19800
-19500
-19975
-21225
-19475
-18275
-17675
-17300
-17500

-18000
-18450
-15700
-14750
-16175
-15900
-15350
-16225
-14400
-13150
-12300
-14400
-14025
-13475
-12625
-10500
-9250
-10225
-11525
-10925
-7725
-7325
-5875
-5375
-6650
-6525
-4650
-2375
-1525
-2400
-2175
-3650
-2575
-350
825
-1100
-3050
-3400
-3400
-1375
-250
-1775
-5150
-6300
-5625
-3525
-3250
-3825
-6350
-8100
-8550
-6125
-5450
-6575
-9350
-10750
-11650
-11075
-9975
-10625
-14100
-17025
-17950
-18100
-17825
-18225
-21600
-24300
-27175
-25875
-26250
-25825
-28225
-31050
-32825
-31550
-30375
-29775
-31050
-31625
-32325
-30800
-28375
-26675
-26350
-26675
-25925
-25225
-22575
-20825
-18925
-20825
-19600
-19450
-17325
-17375
-16500
-17425
-17850
-18275
-17175
-18675
-17600
-19400
-19425
-20425
-20750
-20275
-20300
-21200
-22100
-22500
-21225
-21950
-21600
-20725
-22050
-21800
-21250
-19825
-20175
-19625
-19200
-20050
-19700
-17875
-16400
-17575

