
Curva de Excitacao - Bobina Girante (Dados Brutos)

Arquivo..............: C:\Arq\Wiggler\Medidas Wiggler - Corretoras\Bobina Tungstenio\Gap60\Translado60_X=20_#041.dat
Data.................: 27/01/2005
Hora.................: 16:19:27
Ganho................: 20
N. de Coletas........: 1
N. de Voltas.........: 10
Intervalo de Análise.: 4 - 8

-15275
-10475
-9400
-13700
-19200
-18500
-14325
-9575
-8825
-11675
-13875
-14950
-9675
-4900
-5925
-10000
-12850
-13075
-6050
25
2100
-5850
-11700
-14400
-8300
675
4525
-2225
-7475
-14750
-10075
-3575
925
-3325
-7675
-11675
-6800
-2350
2275
-3250
-7325
-11025
-3725
4075
9875
6200
575
-7475
-2850
5675
12300
12900
6475
-1125
-3225
2475
9075
7425
2200
-5675
-9675
-6475
-525
-1375
-10300
-19200
-23900
-21550
-17875
-15525
-27225
-36275
-42275
-38525
-33750
-31150
-42225
-54350
-62025
-53025
-44350
-38000
-47425
-60775
-69500
-59550
-47975
-36775
-40800
-51075
-59400
-51900
-39000
-26825
-27000
-37025
-43275
-37725
-25425
-16150
-15200
-24800
-29675
-28625
-18500
-12175
-10425
-18250
-23075
-25200
-17175
-12875
-8625
-16925
-22725
-23450
-19375
-14000
-10225
-14700
-20800
-23325
-19400
-16075
-11775
-12750
-16600
-22475

-18325
-14700
-10600
-11450
-14550
-18025
-17750
-11625
-7025
-8700
-11125
-14575
-15725
-9400
-4400
-1875
-7575
-11400
-12350
-8225
-1925
1975
-4625
-8350
-12175
-5625
-2175
1675
-2775
-9250
-12725
-6975
-1825
2025
-4475
-8375
-13375
-7900
-800
4025
750
-3450
-9625
-4525
2575
8500
7325
2975
-2600
175
6400
10925
10075
5025
-1050
-1675
3850
8125
7425
-1125
-7475
-11300
-7350
-2850
-2475
-13500
-21725
-26700
-24350
-19450
-17750
-28400
-39550
-47625
-41125
-36750
-32725
-41575
-53725
-63075
-56025
-47150
-41850
-46750
-57850
-64800
-58850
-46525
-37375
-39775
-49200
-55750
-48275
-35600
-24775
-25300
-34325
-39650
-34975
-24475
-14400
-14500
-21875
-27500
-26625
-18275
-12150
-9450
-16500
-23425
-23125
-18450
-12400
-10375
-14800
-20975
-23700
-18575
-14550
-12050
-13700
-18950
-22725
-19175
-14750
-11500
-12975
-16800

-19875
-19125
-13200
-9100
-11325
-13525
-17075
-16475
-11725
-7325
-5925
-10400
-13825
-13400
-9400
-3950
-1725
-6800
-10175
-11800
-5675
-1650
475
-3000
-8450
-11225
-5925
-1325
2825
-4225
-7550
-12775
-7850
-1875
2025
-3150
-6675
-12250
-6725
-1575
4750
1675
-2025
-6725
-2800
3800
8250
7050
4425
-775
775
6900
11375
10525
4650
-1200
-1150
1525
7500
6250
-2375
-9800
-11925
-9650
-6000
-5125
-14425
-24375
-30375
-26125
-22675
-21075
-30150
-41525
-49625
-44500
-38550
-35500
-43975
-53725
-62925
-57075
-48750
-41425
-47350
-55400
-63550
-57225
-46275
-35275
-37425
-46225
-51650
-45275
-34350
-23875
-22650
-31100
-35650
-32900
-22900
-14750
-12475
-19925
-25450
-25250
-18625
-11675
-9300
-16225
-21725
-23425
-17400
-13875
-10600
-14700
-19850
-23325
-18125
-15250
-11625
-14650
-17450
-21625
-19400
-14100
-10750
-13775

-15425
-18925
-18225
-13825
-8875
-9350
-13525
-15775
-15325
-12650
-6250
-4475
-9675
-12875
-13500
-7875
-4475
-1100
-4450
-9600
-11200
-5450
-2325
1750
-3200
-7000
-10700
-6925
-825
1150
-2900
-7150
-12425
-7350
-3025
1925
-1625
-6275
-10575
-6575
-975
4775
2575
-275
-4650
-2500
4775
9175
9075
4500
675
1775
5225
11450
10675
4050
-1125
-2550
525
4150
6025
-3600
-11075
-14600
-11550
-9225
-8150
-15750
-27300
-33175
-28825
-25225
-24225
-32950
-43150
-51650
-47550
-40825
-37675
-44750
-55075
-62200
-58050
-49700
-41800
-45025
-55650
-61300
-55525
-44275
-33850
-35175
-43575
-48175
-42625
-31700
-22650
-20625
-28250
-32850
-30075
-22075
-13875
-11900
-18350
-24025
-24350
-16550
-12800
-10775
-14250
-20775
-22250
-17750
-13375
-11825
-14675
-17550
-22125
-19750
-13950
-11600
-14600
-16800
-20250
-19200
-14650
-10025

-12050
-15875
-17750
-16725
-14950
-8325
-7625
-12525
-15250
-14300
-10950
-7225
-4450
-6775
-12375
-12375
-7075
-4200
-725
-3975
-7275
-11200
-6000
-300
1025
-2300
-6475
-10875
-6800
-1975
1800
-2250
-7250
-11100
-8000
-2875
1750
-1550
-4450
-8700
-5250
225
5050
4125
325
-2900
-25
4625
10425
9825
5600
1550
1300
5650
10100
11000
4250
-2075
-3325
-750
2775
2750
-3750
-12825
-17550
-13750
-11225
-10950
-19075
-28375
-35675
-32375
-27550
-27625
-35250
-44800
-52825
-49925
-43800
-38600
-45900
-55250
-62200
-59050
-49525
-40975
-44225
-53450
-58550
-53000
-42750
-33725
-32225
-39425
-43975
-40475
-29850
-21275
-18975
-24875
-29700
-28875
-20350
-14025
-11775
-16325
-22175
-22725
-17175
-12975
-10775
-15125
-18375
-21825
-18425
-13100
-12000
-14550
-17925
-20500
-19375
-14550
-11525
-13325
-17225
-19100
-17875
-15250

-10525
-10675
-14775
-16950
-16375
-12150
-9475
-7475
-10825
-14800
-13850
-9525
-6400
-4250
-7275
-9425
-11875
-7475
-1900
-925
-2675
-6975
-10150
-5325
-1650
2300
-1850
-6975
-8475
-7300
-1925
1125
-2250
-6200
-10500
-7075
-2200
1850
-500
-4550
-7550
-3500
250
6950
5350
1750
-1425
675
5450
10475
11325
5950
1500
2050
6325
8450
9800
4250
-2350
-5400
-1575
1300
225
-5725
-13900
-19650
-17475
-12950
-14375
-21700
-30750
-36275
-36150
-32150
-28975
-37125
-47025
-53500
-50875
-46925
-40800
-45850
-55300
-62150
-56800
-48250
-42475
-43775
-50800
-55325
-51100
-40025
-31400
-30700
-36550
-40950
-37450
-27725
-19175
-17650
-22700
-27700
-26225
-18775
-13650
-11375
-16225
-20000
-21900
-17350
-12000
-11600
-14600
-17850
-20925
-18275
-14175
-10975
-14750
-18100
-19150
-18425
-15150
-11275
-12575
-17500
-18250
-16750

-13925
-11175
-10450
-12650
-17875
-15000
-11375
-8400
-7850
-9300
-13175
-13775
-8950
-4525
-4400
-6125
-8225
-10950
-6250
-2600
550
-3375
-6975
-7550
-5725
-925
2100
-2525
-6650
-9500
-5650
-1825
925
-1175
-6725
-9850
-6450
-2150
2775
675
-2450
-5875
-3075
2000
6550
6600
2500
250
2475
6500
10675
10825
6275
1900
1850
6200
8925
8450
2600
-3825
-6575
-3500
-175
-1525
-9150
-16275
-21675
-19450
-16450
-16150
-24625
-33475
-39275
-38825
-34625
-31825
-39250
-49100
-55325
-52500
-47600
-42600
-46475
-55425
-60950
-55375
-48250
-42075
-42350
-48350
-52125
-48925
-37650
-29025
-28925
-34050
-36850
-34800
-25625
-17750
-16775
-21300
-24600
-24650
-18950
-12075
-11550
-15250
-19325
-21525
-17225
-12650
-10250
-14500
-18650
-19875
-18050
-14225
-11725
-13725
-17650
-19300
-17450
-14625
-12225
-12450
-15725
-18800

-16200
-12950
-10175
-10775
-12875
-15600
-15375
-10625
-6650
-7975
-9125
-12075
-12875
-8475
-4450
-2175
-5625
-8550
-9075
-6550
-1850
700
-2675
-6175
-8050
-4500
-1000
800
-1175
-7475
-8700
-5725
-2000
1325
-1950
-6150
-9450
-6225
-1075
3425
1300
-1650
-5075
-1350
2550
7175
8125
3825
1400
2225
8175
10825
9950
6625
1800
1625
5100
8100
7150
425
-5325
-7575
-6625
-2400
-3400
-11775
-19800
-22275
-22850
-19375
-19325
-26550
-37575
-42600
-40200
-36325
-35225
-40975
-50250
-58025
-54125
-46875
-43425
-47275
-54400
-59025
-56800
-47600
-39650
-40250
-45325
-49575
-45675
-36125
-26925
-27275
-30525
-34175
-31675
-24325
-16475
-15750
-19600
-22725
-22875
-18250
-12650
-10950
-15375
-19025
-20125
-17225
-13250
-10750
-14250
-18200
-20100
-17200
-14200
-12600
-12550
-17375
-19550
-17425
-13925
-12100
-12275
-14625

