
Curva de Excitacao - Bobina Girante (Dados Brutos)

Arquivo..............: C:\Arq\Wiggler\Medidas Wiggler - Corretoras\Bobina Tungstenio\Gap60\Translado60_X=-12_#009.dat
Data.................: 27/01/2005
Hora.................: 15:23:23
Ganho................: 20
N. de Coletas........: 1
N. de Voltas.........: 10
Intervalo de Análise.: 4 - 8

4500
5175
6875
7700
4625
3300
3100
4350
2700
2200
2200
-1000
-2250
-3500
-5600
-8625
-9850
-10325
-11325
-12525
-13125
-16400
-20525
-20050
-20025
-19550
-19900
-20925
-21150
-22950
-21825
-22050
-21975
-21100
-20800
-19850
-18225
-18500
-18025
-18425
-18350
-16525
-15700
-13200
-13375
-14450
-14300
-14950
-14300
-12125
-12550
-11625
-13175
-12650
-14700
-14000
-12525
-14650
-14375
-13750
-15325
-15150
-15425
-15375
-17275
-19125
-16850
-17925
-18000
-17775
-18700
-20700
-21575
-20400
-21150
-21625
-21175
-23400
-24650
-24000
-24550
-26150
-27550
-28375
-28250
-28650
-29525
-30125
-33650
-34125
-34700
-34900
-34125
-34700
-34950
-37450
-39300
-36925
-36850
-35700
-35100
-35800
-36900
-34225
-33175
-30550
-28800
-28275
-28625
-26900
-24450
-22025
-17450
-15400
-17025
-15075
-12125
-10800
-6675
-4375
-3500
-4450
-2125
-250
2000
4025
5350
2900

4175
4550
6750
6825
6525
6100
3300
3650
3450
3400
1300
-600
-2875
-4000
-4600
-5225
-8225
-10725
-12350
-14840
-14725
-15000
-17725
-18500
-19975
-19675
-20200
-21200
-21175
-22350
-21775
-20900
-20950
-19350
-20050
-20575
-19375
-19250
-16700
-16350
-15750
-16125
-16725
-14800
-13625
-13450
-12450
-12650
-13125
-13050
-13125
-10800
-12575
-12325
-12875
-13775
-13050
-13000
-12400
-14000
-15775
-14675
-15925
-15475
-14725
-15750
-17025
-18350
-17750
-18475
-18425
-17775
-19625
-21075
-20675
-21075
-21400
-22275
-23475
-24475
-25025
-24100
-26025
-27325
-28625
-29525
-30250
-29700
-31450
-31375
-33675
-51000
-35300
-35400
-34675
-35050
-36900
-37050
-37650
-35825
-35550
-33925
-33650
-34250
-33325
-30975
-30350
-27250
-24175
-25500
-24625
-21650
-19275
-17125
-13700
-12125
-12625
-10450
-7175
-5850
-2100
-725
-1350
-800
1575
2775
6200
5575

6300
4750
5025
6225
7225
7100
5500
4225
2450
1950
3000
1000
-1650
-2950
-5400
-6900
-7300
-8750
-11375
-13900
-14075
-15275
-17400
-17450
-19250
-19775
-20375
-20500
-20550
-21075
-21150
-21125
-21700
-19300
-19200
-18825
-18350
-19300
-17175
-17050
-15025
-15150
-14775
-14675
-14175
-13600
-12125
-12375
-12150
-12175
-12900
-12500
-11750
-11250
-11925
-13450
-13250
-14025
-13050
-13600
-13275
-14925
-16100
-15525
-16025
-16175
-15450
-16450
-18625
-18550
-18175
-18800
-19225
-19650
-20750
-21925
-21000
-21550
-22900
-23625
-24850
-26175
-25550
-26675
-27250
-28300
-30050
-31525
-32025
-30775
-32550
-34150
-35625
-36150
-35650
-35225
-36025
-35300
-37525
-36625
-35650
-34950
-33950
-31850
-31975
-32900
-30475
-27875
-26000
-24275
-21600
-21775
-20325
-16875
-15450
-12575
-9400
-9725
-8625
-6450
-3600
-1700
825
1625
875
1525
4675
5875

6500
7075
6325
5050
5175
7250
6100
5000
4025
2350
375
375
225
-2675
-4900
-6275
-7625
-10625
-10700
-11700
-14725
-15950
-16925
-17475
-19125
-18800
-19925
-22000
-20250
-19950
-20800
-21000
-21100
-19825
-20675
-17575
-17875
-18050
-17750
-16750
-16525
-14525
-14000
-13850
-13675
-14600
-12525
-13075
-11025
-11875
-12075
-12400
-12725
-12300
-11550
-12125
-12425
-13775
-13950
-13450
-13975
-13300
-14200
-15625
-16925
-16075
-16000
-16250
-16450
-18250
-18825
-19000
-17900
-20250
-19750
-20600
-22025
-22200
-22575
-22675
-24600
-24850
-26150
-27975
-26850
-27425
-29075
-30650
-32925
-31450
-32575
-32925
-33900
-35075
-36300
-36425
-36175
-35100
-35675
-34625
-36550
-35950
-34400
-32025
-31525
-29300
-30400
-28650
-26325
-24575
-22200
-19475
-18150
-18650
-15650
-13150
-11000
-7100
-5975
-6025
-5175
-2025
100
1150
3725
3900
2950
3850

6675
7350
6725
7025
6700
4625
4900
6400
4950
2400
2475
-150
-2300
-1750
-2925
-6150
-8450
-9425
-11125
-12550
-13150
-14725
-18275
-17500
-18600
-18575
-20025
-20375
-20350
-21950
-20650
-19150
-20750
-20100
-19850
-19575
-17775
-17875
-15975
-16175
-16350
-15000
-14925
-12600
-13625
-12400
-12975
-12925
-12075
-11350
-11200
-11175
-12400
-12200
-12400
-12625
-10900
-12650
-13225
-14075
-13975
-14575
-14750
-13175
-15300
-16800
-16675
-15750
-17975
-17125
-17250
-18975
-20150
-18850
-19425
-20775
-20500
-22225
-23650
-23300
-23400
-24500
-25800
-27350
-27225
-28725
-28750
-29350
-31125
-32325
-33025
-33775
-33425
-35275
-33850
-35900
-37250
-36200
-35275
-35425
-34100
-34500
-35050
-33550
-31700
-29800
-28325
-26725
-26650
-25350
-22500
-20775
-17800
-15000
-15375
-13700
-10925
-8500
-7225
-3450
-2725
-2850
-1350
1625
3200
3950
5950
5500

4600
6025
7650
7825
6500
7400
5425
3575
4575
4750
2250
-275
-750
-2825
-4725
-4650
-5850
-10125
-11650
-11725
-13525
-15275
-16350
-17000
-18825
-18800
-18750
-21025
-19925
-20575
-20675
-20450
-19750
-18725
-19275
-19275
-18900
-17625
-15750
-15225
-15425
-14625
-15550
-13775
-12825
-12000
-11850
-12075
-11550
-12550
-11750
-10950
-10600
-12000
-11825
-12300
-12550
-12650
-11575
-12675
-14800
-13900
-13975
-15150
-15300
-14150
-16150
-17650
-16925
-16575
-18200
-17425
-17875
-20925
-20550
-19525
-20275
-21700
-22175
-22675
-25025
-23975
-24625
-26650
-27200
-28375
-28825
-29625
-30950
-30525
-32675
-34700
-34325
-34325
-33725
-35125
-35250
-36475
-36500
-34975
-33775
-34450
-33300
-33000
-32050
-30425
-28600
-26775
-24575
-24475
-23450
-20775
-17575
-16000
-13700
-11275
-11650
-9725
-6775
-4000
-2825
-425
75
525
1625
4775
5600
5875

6750
7150
5625
7150
8000
7375
5950
5475
4050
2425
2900
2025
-625
-2600
-4050
-5075
-7675
-8975
-9775
-12625
-13925
-13925
-16425
-17075
-18750
-18500
-19875
-20425
-18800
-19900
-20800
-20525
-20450
-19225
-18525
-17650
-18050
-18225
-17025
-15750
-14775
-14450
-14350
-13025
-13775
-12150
-11875
-11325
-11475
-11950
-11925
-11850
-11100
-10700
-11450
-12525
-12375
-12475
-12825
-12725
-12125
-14225
-14900
-14600
-14725
-15600
-15300
-15250
-17925
-18025
-17700
-16850
-19175
-18850
-19800
-21050
-20975
-20575
-22100
-23250
-24150
-24200
-25425
-26300
-26050
-27650
-29825
-30800
-30525
-30875
-31425
-33225
-34150
-35600
-34750
-34725
-35075
-35025
-35875
-36275
-34825
-34500
-32700
-31825
-31250
-31525
-29025
-27250
-25250
-23550
-21050
-20750
-19600
-16125
-14400
-12575
-9525
-7000
-8025
-5700
-2725
-525
150
2275
3375
2250
3850
7150

7000
6850
7050
7500
5375
7000
7525
5350
4100
3600
2425
-100
-25
-1250
-4700
-5625
-6875
-9075
-11000
-11575
-13000
-15675
-16800
-16425
-18450
-18925
-19450
-20550
-20025
-20325
-19150
-20325
-20325
-20000
-18875
-17750
-17550
-17100
-16775
-16750
-15200
-14400
-13325
-13150
-13200
-13200
-12375
-11750
-10700
-11000
-11425
-12475
-11300
-12075
-11300
-11500
-11025
-13475
-13025
-12675
-13675
-13775
-12650
-15250
-16375
-15750
-14775
-16400
-16425
-16700
-18975
-18525
-18075
-19025
-19400
-20125
-21025
-22075
-21975
-22225
-23800
-24400
-25750
-26250
-27125
-27350
-28175
-29925
-31825
-31850
-31200
-32900
-33750
-34325
-35275
-36075
-35550
-35250
-34875
-34650
-35075
-35475
-33225
-32000
-31400
-29150
-29125
-28025
-25625
-23650
-22175
-19475
-17575
-17100
-15925
-11675
-9800
-7775
-6300
-4125
-4900
-1325
925
2175
3200
4300
4700
4525

