
Curva de Excitacao - Bobina Girante (Dados Brutos)

Arquivo..............: C:\Arq\Wiggler\Medidas Wiggler - Corretoras\Bobina Tungstenio\Gap60\Translado60_X=5_#026.dat
Data.................: 27/01/2005
Hora.................: 15:53:06
Ganho................: 20
N. de Coletas........: 1
N. de Voltas.........: 10
Intervalo de Análise.: 4 - 8

-16375
-18025
-16650
-15300
-16275
-16050
-15825
-15250
-16525
-16150
-14700
-15250
-16675
-14500
-15325
-15000
-14350
-14250
-14525
-14650
-12050
-12075
-13025
-10700
-10675
-9700
-8600
-8500
-7825
-8375
-5725
-4225
-4225
-4275
-5600
-5450
-3525
-3000
-925
-3175
-5850
-6250
-4375
-3350
-2200
-5125
-7450
-11000
-7225
-5250
-5500
-8000
-11800
-14450
-12700
-8950
-7250
-12950
-16125
-19350
-18050
-15825
-11850
-16325
-22150
-26575
-22975
-20725
-18350
-19925
-26175
-30150
-29200
-23750
-21150
-21525
-25875
-29700
-30525
-23500
-19150
-19325
-23825
-25950
-26025
-21275
-17350
-15825
-20625
-21725
-22150
-20525
-17675
-17250
-18850
-21600
-23300
-21100
-21325
-20875
-22675
-24525
-24350
-25250
-24675
-24825
-25750
-26150
-25350
-26325
-26350
-26625
-24700
-24325
-25275
-23725
-23300
-23750
-22200
-21775
-21125
-21525
-18950
-19025
-19800
-18300
-16725
-18175

-17775
-15725
-15450
-17075
-15975
-14650
-16350
-15850
-14300
-15375
-16050
-15125
-14275
-15525
-15700
-14000
-14425
-14325
-13075
-12300
-13425
-11525
-11925
-11700
-10975
-8425
-7725
-8025
-7200
-7525
-7500
-4925
-3800
-2375
-3575
-4650
-5175
-4100
-2075
-650
-3100
-4350
-7550
-4400
-3075
-2325
-5025
-8175
-10375
-8450
-6275
-3775
-8575
-12050
-14975
-13950
-10150
-8525
-10575
-16925
-20575
-19525
-15975
-14075
-15275
-21550
-26000
-25850
-21550
-19175
-19500
-24525
-28575
-30625
-25225
-20975
-20575
-25175
-27625
-28825
-25025
-19975
-17800
-22125
-23975
-24575
-21725
-18150
-16500
-17975
-20900
-22175
-19975
-19100
-16950
-19600
-21550
-22350
-21800
-22175
-21225
-22600
-24375
-25175
-24825
-24800
-26125
-24175
-25425
-26750
-26050
-24975
-25275
-25300
-24175
-23625
-24450
-22525
-21675
-22225
-21025
-19700
-20075
-20050
-18400
-16925
-17350
-18050

-16625
-16825
-16425
-15300
-14775
-16475
-15925
-14250
-15450
-15900
-14175
-14600
-15950
-14575
-14100
-15125
-14375
-13725
-13500
-14300
-12175
-11250
-11750
-11225
-10525
-10150
-8375
-7650
-5375
-7075
-6500
-6350
-4900
-3725
-1750
-2500
-3925
-6275
-3775
-2000
-1425
-2150
-5375
-6575
-6250
-3900
-2200
-5050
-7750
-10100
-10725
-7550
-5950
-6625
-12250
-15425
-14375
-12750
-10450
-10425
-15900
-20975
-21575
-16925
-16725
-16325
-20175
-24775
-27975
-23550
-19800
-20050
-24400
-27150
-30250
-27025
-22300
-19550
-23800
-26800
-27250
-25175
-21675
-17250
-19450
-22500
-24175
-20775
-19425
-16450
-17050
-19575
-21550
-20875
-18600
-18475
-19425
-20850
-22450
-22875
-22225
-22600
-22600
-24800
-25100
-25075
-25350
-25100
-24900
-26075
-25725
-25800
-24325
-24175
-25100
-23325
-23275
-22850
-22350
-21150
-20775
-20425
-19475
-19025
-19300
-17350
-16200
-16800

-17650
-16175
-15300
-15575
-15900
-13850
-16150
-15575
-14900
-14025
-15450
-14625
-14250
-15150
-15175
-13250
-13425
-14625
-13150
-12750
-13075
-11625
-10725
-10525
-10150
-9475
-8525
-8300
-5600
-5525
-4975
-6225
-5800
-4025
-2850
-1200
-1525
-4050
-5275
-4700
-1825
-800
-2075
-4525
-6875
-7525
-4675
-3000
-3925
-7875
-11075
-10775
-8350
-7000
-7000
-11325
-15050
-16775
-12650
-12025
-11525
-15350
-19650
-22675
-20150
-16425
-16800
-19875
-24575
-27800
-26000
-21025
-19425
-23250
-27400
-28675
-27500
-23225
-19525
-21025
-25325
-26350
-24625
-21700
-17375
-17275
-20650
-22450
-21325
-18500
-16450
-17200
-18675
-21125
-20425
-19675
-18975
-19275
-21475
-22325
-23375
-22875
-22875
-23175
-24500
-24275
-26250
-24800
-24400
-25550
-25350
-25400
-24400
-24750
-24375
-22175
-24125
-22125
-21800
-20975
-21150
-19025
-18625
-19500
-18575
-17075
-16625
-17125

-15625
-15900
-16625
-15350
-14650
-14925
-15300
-14200
-15150
-15600
-14175
-13325
-15000
-14350
-14300
-13950
-13850
-13200
-12425
-13500
-11700
-11300
-11725
-10025
-8525
-8475
-8875
-8575
-6225
-5600
-4125
-3325
-5325
-5125
-4500
-1950
-825
-1675
-2525
-4500
-5200
-2400
-1075
-1275
-4250
-7175
-7250
-5925
-4425
-3200
-7125
-10650
-12400
-9325
-8525
-7550
-9775
-14550
-17875
-15075
-12775
-12825
-15450
-18475
-22850
-22775
-18200
-16350
-20475
-24775
-25950
-27075
-23450
-20475
-20975
-26625
-27850
-26575
-24350
-20325
-19450
-22900
-25525
-24600
-20625
-18025
-16650
-18950
-21325
-21350
-18575
-17225
-16825
-18700
-19425
-21275
-20850
-19100
-19650
-21200
-22300
-23625
-23750
-23150
-23450
-24150
-25250
-25000
-25100
-25275
-24250
-25125
-24750
-23975
-24725
-23150
-22750
-21350
-22350
-21350
-20325
-19400
-18975
-17975
-18125
-18075
-16575
-16250

-15850
-15925
-14375
-15550
-16025
-14525
-14150
-14750
-14150
-14600
-14750
-14875
-13775
-13425
-14925
-13650
-13125
-13700
-13025
-11675
-11275
-11900
-11500
-9975
-9600
-7650
-7125
-7325
-7675
-6800
-4325
-3075
-3325
-2350
-4600
-5050
-2550
-800
-350
-2050
-4425
-5125
-4350
-1425
-1400
-3250
-7150
-8175
-7025
-5550
-4050
-5850
-10700
-12975
-11600
-8975
-8000
-10325
-13425
-18150
-17750
-14650
-12625
-14850
-20325
-22225
-24475
-20050
-18350
-18850
-24175
-26950
-26925
-25275
-21075
-20525
-24275
-27700
-27400
-24225
-20725
-18875
-20650
-24050
-24300
-21000
-17750
-16600
-18675
-18925
-20925
-19700
-17825
-16300
-18325
-20175
-21025
-20900
-21225
-19800
-21475
-23525
-23425
-23800
-23975
-23725
-25225
-24425
-25125
-25700
-24825
-24450
-24575
-23900
-24500
-22725
-23700
-21475
-21400
-21100
-20650
-19800
-18800
-18600
-17425
-16825
-17650
-16875

-15750
-14900
-15925
-15050
-14775
-15450
-14750
-14075
-14075
-15175
-13950
-14125
-15000
-13975
-13250
-13975
-13600
-13550
-12875
-12875
-11225
-10625
-11050
-10675
-9800
-8350
-7850
-6625
-5375
-7325
-6000
-4350
-3125
-1825
-3150
-3550
-3825
-2900
-1075
-550
-2075
-3825
-5925
-4650
-3000
-1850
-3000
-6575
-8925
-9175
-6225
-5050
-6575
-9400
-13050
-13425
-10675
-9275
-10650
-14400
-17125
-19000
-17225
-14325
-14900
-19675
-23300
-23625
-23450
-20600
-19400
-22250
-27100
-28100
-25675
-22400
-21100
-22475
-25800
-27350
-25250
-20025
-18925
-20275
-21350
-22725
-21850
-18900
-15975
-17050
-19300
-20175
-19925
-18825
-16825
-18375
-19875
-21450
-22000
-21100
-20725
-22650
-22725
-23900
-25125
-24475
-23650
-24550
-25450
-25375
-24725
-25075
-24325
-23050
-24625
-23725
-22600
-21375
-21875
-20825
-19350
-20150
-19825
-17975
-17300
-17550
-16550
-16050

-16900
-16275
-14475
-14075
-16175
-14375
-14900
-14925
-14675
-13000
-14650
-15125
-14600
-13150
-14900
-13300
-12825
-13725
-14025
-12600
-11075
-10875
-10900
-9100
-10325
-9400
-7975
-6050
-5300
-5775
-5150
-5500
-5125
-1750
-1850
-2425
-3650
-3175
-3100
-2875
-50
-1500
-3650
-6325
-5175
-4050
-3100
-3250
-5450
-9950
-9625
-7125
-6300
-7325
-8950
-12950
-14475
-12725
-10300
-11575
-14225
-17950
-19275
-19300
-16450
-15300
-19600
-22875
-24875
-24225
-21600
-20000
-21750
-26475
-28050
-25550
-23450
-21125
-21775
-23825
-26750
-24600
-21250
-18325
-19050
-20525
-21375
-21575
-19150
-16175
-16825
-18775
-19250
-20025
-19275
-18175
-18650
-19925
-21625
-22250
-22175
-22500
-21775
-23875
-23825
-24625
-25350
-24425
-23700
-25875
-25100
-24450
-23850
-24925
-23475
-22500
-23775
-22050
-20875
-20575
-20675
-18600
-18425
-19275
-18300
-15925
-16725
-16425

