
Curva de Excitacao - Bobina Girante (Dados Brutos)

Arquivo..............: C:\Arq\Wiggler\Medidas Wiggler - Corretoras\Bobina Tungstenio\Gap60\Translado60_X=-14_#007.dat
Data.................: 27/01/2005
Hora.................: 15:20:04
Ganho................: 20
N. de Coletas........: 1
N. de Voltas.........: 10
Intervalo de Análise.: 4 - 8

3625
4675
11750
16325
13800
9475
5250
3900
7700
10625
9775
2900
-1675
-2225
-1950
-125
-1950
-7400
-12300
-13675
-12525
-13425
-15600
-16250
-20250
-20300
-21500
-22075
-22325
-23100
-21850
-22100
-23550
-22550
-23400
-22025
-21050
-20325
-19100
-20275
-19625
-17950
-17325
-16525
-16475
-16825
-15525
-14800
-12925
-14500
-16000
-14350
-13625
-13850
-13300
-14350
-15225
-16050
-13925
-13650
-15650
-16475
-16250
-17875
-17050
-16225
-16575
-18975
-20450
-19450
-20350
-19725
-19200
-21850
-23000
-23300
-23100
-24350
-25425
-24450
-26700
-27150
-28900
-30350
-30800
-30325
-30775
-33025
-34850
-35100
-35975
-35900
-36150
-37600
-38250
-37650
-38425
-36525
-37575
-37900
-37600
-35375
-33375
-31875
-32650
-32500
-31575
-26850
-22000
-20550
-22275
-23625
-20075
-15025
-9525
-6350
-7950
-11475
-9475
-2200
3200
5650
4825
-675
325
5675
12875
13475

11925
7125
4625
8275
14175
15900
11675
6450
4025
3700
8250
8675
4525
-1300
-3950
-4575
-3925
-5275
-6825
-12150
-14125
-14825
-15975
-16600
-18575
-19325
-21025
-22125
-21150
-22750
-22350
-22700
-21675
-21850
-22450
-22325
-21550
-20850
-18000
-18975
-18700
-19250
-17725
-16000
-14925
-15800
-15275
-15150
-14225
-13475
-13700
-13950
-15025
-13625
-13025
-13350
-13750
-15100
-15875
-15400
-13725
-14350
-15625
-17575
-17025
-18200
-16775
-16550
-18275
-19975
-20125
-19500
-20725
-21475
-20750
-23225
-23350
-23575
-24825
-25875
-26450
-26450
-27875
-29850
-30125
-31200
-31775
-32025
-33625
-34025
-35500
-37450
-36575
-36150
-37000
-37550
-38300
-37625
-36900
-35350
-36550
-37550
-34525
-31825
-29950
-29125
-31000
-29575
-25975
-22050
-17650
-17300
-19800
-19050
-14525
-8825
-3925
-3350
-6300
-8425
-2650
3000
7125
8425
4975
1225
4700
10825

14175
14150
10550
6800
5925
11025
14400
12525
8500
3875
2425
2825
6250
4600
-1200
-4900
-6500
-7950
-7975
-7975
-11950
-15450
-17050
-17200
-18625
-19075
-19675
-22525
-21825
-21825
-22000
-23350
-23000
-21175
-21475
-21200
-20775
-21500
-20100
-18350
-17950
-17575
-18275
-16300
-16175
-15325
-14825
-15200
-14350
-13625
-13775
-13375
-14200
-14350
-14100
-13400
-13125
-14075
-14950
-15575
-16050
-15150
-14175
-15875
-17000
-18525
-17700
-17600
-17875
-17750
-19675
-20850
-20225
-21475
-21325
-21925
-22525
-24200
-25125
-24925
-27000
-26875
-27375
-29000
-30175
-30150
-32125
-33725
-33450
-33600
-35200
-36350
-36525
-37325
-36550
-37400
-38750
-37875
-36975
-35775
-34725
-35975
-36850
-34200
-30975
-28050
-27125
-26675
-27725
-26150
-20650
-16175
-13275
-14875
-16300
-13975
-8500
-2950
325
-1050
-5025
-3175
2650
7025
10925
9875
5150
3225

8925
14050
14400
13175
9225
5775
7075
12100
13225
8375
4625
1650
-75
2000
3050
-300
-6550
-8850
-9375
-11150
-10825
-12200
-16550
-17725
-18850
-18600
-20600
-21575
-20650
-22500
-22200
-21650
-22625
-22525
-21725
-20550
-20325
-20475
-18950
-18925
-18400
-16975
-16975
-16475
-15775
-15175
-14500
-14200
-14500
-13925
-13975
-13275
-13075
-12825
-13975
-14750
-13775
-12950
-13975
-14250
-15575
-16475
-15575
-14850
-15075
-17375
-17575
-17900
-18750
-18275
-18350
-18825
-21000
-21500
-21225
-22425
-22650
-22950
-24400
-25300
-25975
-26400
-28450
-29375
-28500
-30450
-31725
-32125
-34175
-34075
-34050
-35900
-36250
-37575
-36700
-36600
-36825
-37975
-37800
-36400
-35200
-33800
-32525
-34325
-34000
-30525
-27225
-24100
-23025
-24875
-24350
-20675
-14825
-10550
-10175
-12325
-11625
-8100
-3150
1975
4075
300
-1975
2500
7150
10500
12775
9900

5425
6775
11550
15050
13950
12425
7475
4825
7625
11350
9775
4950
1400
-1250
-2575
-725
-625
-6100
-10100
-11325
-12475
-14150
-14225
-15950
-19225
-19650
-19550
-21350
-21300
-21700
-21650
-22175
-22250
-21025
-21500
-21125
-20375
-19725
-19100
-18625
-17950
-17275
-17025
-15525
-15500
-15700
-14725
-14375
-12600
-14150
-14750
-13325
-12850
-12900
-12650
-13400
-15025
-14750
-13175
-13100
-14300
-15300
-15950
-17400
-16325
-14975
-16050
-17575
-19050
-18200
-20050
-18850
-18700
-20575
-22275
-21875
-21600
-24200
-24225
-23475
-26825
-26925
-26875
-29075
-29975
-29625
-30525
-32575
-33850
-33425
-34700
-35275
-35700
-37250
-36350
-37350
-37300
-35650
-36750
-37675
-35525
-34550
-33475
-29975
-31175
-32175
-30900
-25800
-22225
-20400
-19600
-21450
-19625
-14925
-10000
-5525
-7025
-9075
-7450
-2325
1725
6400
6100
1575
1725
6900
10850
13425

13125
10000
5950
9275
13450
14650
12800
9075
5950
3950
7575
8600
5125
650
-2375
-4100
-4675
-4275
-5825
-10775
-13425
-13900
-15975
-15950
-17450
-18125
-20250
-21650
-20400
-21875
-21925
-21300
-21500
-21525
-21050
-20900
-20500
-20750
-17975
-18350
-17325
-17550
-17225
-15050
-14975
-15750
-14250
-14325
-13050
-13075
-12350
-14075
-14175
-12425
-12575
-13075
-12150
-14300
-15125
-14400
-13150
-14300
-15025
-15300
-17100
-17350
-15925
-15650
-18100
-18875
-19775
-18600
-20550
-19725
-20375
-22275
-23125
-22650
-24250
-25375
-25225
-25125
-27925
-28825
-28600
-30850
-31450
-31325
-32875
-33400
-33900
-36500
-35950
-36175
-36275
-37475
-36575
-37225
-35750
-34975
-35525
-36850
-33800
-31675
-29775
-28300
-29050
-28975
-25050
-21450
-17775
-16550
-17375
-17700
-14150
-8975
-4525
-1650
-5100
-5700
-2200
2625
5875
9425
7325
3650
5400
10200

13475
14300
12625
9300
6500
10775
13650
13025
9725
6300
3900
2825
5325
5175
250
-3400
-4825
-7875
-7525
-8400
-10550
-14725
-16100
-16525
-18075
-18200
-19225
-21175
-21000
-21775
-21075
-22075
-22025
-21000
-20625
-20550
-20400
-19625
-19050
-18500
-17150
-16725
-16500
-15725
-14875
-14800
-14575
-13950
-12825
-12950
-13125
-12725
-12875
-14475
-12975
-12400
-12275
-13300
-13750
-14875
-15800
-14350
-13525
-14900
-16325
-17225
-17175
-17175
-16875
-16875
-19525
-19975
-19550
-20550
-20825
-21175
-21525
-24125
-24125
-23625
-26150
-26350
-26350
-28725
-29575
-29325
-30925
-32900
-32850
-33200
-34725
-34900
-35500
-36450
-35800
-37175
-37675
-37000
-35300
-35700
-33575
-34775
-35475
-33150
-30950
-27550
-27050
-25325
-26900
-24675
-20925
-16400
-13000
-12850
-15350
-12150
-8625
-4000
-175
950
-3075
-1250
2800
6875
9950
10550
7425
5400

8825
13250
13850
14050
11200
7700
7750
10750
12800
9450
6325
3075
1000
1625
2175
250
-4900
-7950
-8425
-10950
-10675
-11850
-15475
-17725
-17925
-18525
-19650
-20575
-20300
-22300
-21450
-21050
-21600
-21675
-21200
-20500
-20150
-19500
-18400
-18675
-17875
-16675
-17125
-15625
-14875
-14325
-14275
-13950
-14150
-13850
-12825
-12075
-13100
-12450
-13925
-13800
-13400
-12450
-12925
-14225
-14500
-15700
-14950
-15025
-14575
-16175
-17900
-17425
-17975
-18025
-18200
-18150
-20400
-21900
-19975
-21500
-22600
-22375
-23950
-25775
-25575
-25475
-27350
-29200
-28275
-30675
-31075
-31500
-33575
-33350
-34000
-36175
-36125
-35725
-35950
-37250
-35825
-38025
-37825
-35325
-34425
-34150
-32375
-33000
-33825
-29850
-27000
-24375
-22375
-23550
-23475
-20125
-14850
-11750
-9375
-10475
-11400
-7825
-3475
1225
3475
2450
-25
2475
6675
9875
12475
11175

