
Curva de Excitacao - Bobina Girante (Dados Brutos)

Arquivo..............: C:\Arq\Wiggler\Medidas Wiggler - Corretoras\Bobina Tungstenio\Gap60\Translado60_X=12_#033.dat
Data.................: 27/01/2005
Hora.................: 16:05:31
Ganho................: 20
N. de Coletas........: 1
N. de Voltas.........: 10
Intervalo de Análise.: 4 - 8

-19600
-17500
-14575
-15250
-19025
-18650
-17250
-16325
-14350
-14125
-14500
-16550
-13375
-11775
-12875
-12225
-12100
-13475
-10050
-6700
-4725
-7800
-9750
-10950
-8225
-3400
1225
-2525
-3250
-8050
-7375
-3850
225
325
-2475
-5875
-6100
-5225
-250
-51000
-5925
-8625
-9175
-4425
-975
-750
-6975
-11925
-11550
-8875
-3275
-525
-5050
-10900
-14500
-12125
-8725
-5850
-8375
-13750
-20175
-18275
-15175
-13825
-16875
-20925
-29025
-27950
-26325
-23200
-26525
-31000
-35600
-37275
-34500
-30150
-32275
-37875
-41850
-39200
-36700
-30125
-28500
-34425
-38925
-35275
-30875
-26575
-22475
-23450
-28750
-28150
-23250
-19475
-16900
-17825
-21675
-22950
-19875
-17750
-15425
-17600
-19025
-21675
-20350
-20000
-18675
-19125
-20625
-23400
-21700
-22250
-19775
-21425
-22575
-23025
-24150
-21650
-18925
-20675
-20900
-21800
-21850
-21250
-18825
-17050
-18600
-20075

-19525
-19125
-17700
-15000
-15950
-17425
-18075
-16050
-14425
-14625
-12725
-14725
-16550
-13475
-11600
-9350
-10125
-10600
-12075
-12150
-7700
-3725
-6250
-5300
-8750
-7075
-5250
-1200
-1425
-3550
-5300
-4925
-4000
1400
-500
-3450
-6825
-7075
-4350
-425
-750
-3650
-8775
-10300
-7075
-3025
-450
-4775
-8175
-11725
-8775
-4900
-2975
-5375
-9475
-14125
-11700
-9075
-6250
-10950
-14050
-20750
-19625
-16900
-13675
-18250
-23075
-29075
-29750
-27900
-24000
-26525
-31825
-39175
-37500
-35350
-30825
-30125
-35750
-41700
-40050
-35825
-30850
-29125
-30450
-35225
-34125
-29900
-25650
-20725
-22550
-25900
-26325
-22025
-19250
-15825
-17075
-19600
-22225
-18650
-17975
-16375
-16875
-18825
-21725
-20375
-20000
-17700
-19475
-21500
-22300
-22700
-21475
-19475
-20275
-21750
-23125
-22100
-22050
-20100
-18175
-20100
-21825
-21325
-19575
-18425
-17150
-17375

-18925
-20000
-17400
-15350
-15800
-14825
-16050
-18400
-15700
-13850
-11525
-13350
-13400
-14550
-14625
-10575
-7450
-8875
-9600
-11625
-9575
-7175
-4475
-3325
-6100
-6250
-6575
-4025
50
-1175
-2475
-5450
-5675
-2675
900
575
-2725
-6875
-7200
-4725
-1425
125
-4050
-7450
-10325
-6700
-3625
-1425
-3875
-7975
-11675
-8050
-4575
-3700
-6375
-9250
-14100
-13350
-8800
-6825
-11725
-15950
-19925
-21100
-18825
-14975
-19025
-24950
-31025
-30225
-29225
-25825
-25975
-33425
-39775
-38400
-35000
-31825
-31150
-33450
-40750
-39525
-35100
-30075
-27575
-28725
-32200
-33450
-28200
-22975
-19850
-22100
-23875
-24125
-20800
-18400
-16125
-16825
-18725
-20925
-18525
-18625
-16325
-17175
-19175
-20725
-21500
-19325
-18100
-19950
-21225
-22475
-21400
-21850
-20300
-19275
-21550
-22800
-21525
-21550
-19850
-18525
-18425
-20875
-21950
-18450
-17175
-17625

-16625
-17425
-19575
-17350
-14800
-13825
-15950
-15475
-16225
-16475
-13025
-10375
-12200
-13525
-13925
-12275
-11275
-7300
-6600
-9250
-10700
-8700
-7125
-3400
-2700
-3650
-6575
-6675
-2550
-975
325
-2000
-4575
-5875
-2900
700
900
-3600
-5700
-7825
-4800
-1400
-525
-3575
-7175
-10025
-7550
-3725
-1125
-4025
-7525
-10825
-9525
-5500
-3400
-6500
-10225
-13950
-13975
-11050
-8400
-12050
-16975
-21100
-22050
-20700
-18250
-19075
-26400
-31675
-31775
-30425
-27850
-28200
-32850
-39000
-39250
-35625
-32375
-30975
-33900
-38275
-39050
-34475
-29675
-25500
-28275
-30300
-31425
-26375
-22900
-19000
-20275
-22100
-23000
-20450
-18325
-15450
-15800
-18925
-19625
-19875
-17600
-16800
-17300
-18750
-21450
-20425
-20075
-19950
-18900
-20975
-21775
-22325
-21425
-19925
-20025
-20225
-21800
-22525
-20175
-19275
-18100
-18300
-19575
-21450
-18550
-17325

-15950
-16400
-17050
-18000
-18050
-14700
-13125
-14375
-14750
-16450
-14425
-13050
-10775
-10850
-12600
-12950
-11425
-10250
-6150
-7025
-7050
-9250
-8800
-5275
-2775
-1100
-3225
-5900
-6025
-3375
925
850
-1825
-3500
-6100
-3275
-375
200
-1450
-5425
-7750
-5375
-2350
-850
-4100
-5550
-9275
-7100
-4200
-1225
-4950
-7325
-10100
-9675
-7100
-3325
-6550
-10925
-14400
-13850
-13150
-10775
-11450
-17450
-23475
-23325
-21800
-20325
-21800
-25775
-32800
-33775
-31350
-29475
-29575
-33150
-37325
-39450
-37250
-32425
-30400
-33150
-36225
-36875
-32800
-29350
-24950
-26750
-28050
-28750
-24175
-22350
-18925
-18475
-20050
-21650
-19650
-17650
-15675
-16425
-17150
-19775
-18800
-18375
-17200
-16925
-19800
-20775
-20300
-20850
-20100
-19100
-19700
-22250
-23000
-20425
-20650
-19650
-19325
-20725
-22475
-20350
-17575
-18200
-19250
-18075
-19125
-19100

-16750
-14750
-16750
-16825
-17000
-16100
-16025
-12325
-12375
-15025
-15450
-13400
-12800
-10475
-9750
-10225
-12600
-11500
-7875
-6600
-6100
-5750
-7675
-8000
-5075
-1450
-800
-3200
-3575
-5850
-2775
550
1425
-1125
-4375
-5300
-3550
-1025
1050
-2350
-5050
-7550
-5225
-2850
-950
-4125
-5350
-9050
-7125
-4750
-1375
-4625
-7150
-10300
-9875
-7150
-5175
-6200
-11600
-14700
-15400
-14075
-12200
-13075
-18225
-24500
-25300
-22900
-22575
-23125
-27200
-32050
-35225
-33000
-30475
-29950
-33625
-37025
-39050
-36575
-33050
-29825
-32375
-34675
-34975
-31225
-28550
-24275
-24575
-25775
-26500
-23550
-21375
-18300
-16975
-19225
-20175
-19175
-17225
-16650
-15300
-17875
-18400
-19175
-18250
-17875
-18150
-18150
-20550
-21625
-20275
-20100
-19300
-20275
-21150
-22050
-21475
-19050
-19900
-19675
-20550
-20325
-20825
-17800
-17275
-17725
-18275
-18825

-17725
-17175
-14425
-14775
-17175
-16150
-15950
-14425
-13075
-12575
-12850
-15075
-13625
-11025
-10350
-9275
-9700
-11150
-10800
-7800
-4950
-4425
-6025
-5925
-7500
-3975
-1575
-375
-1600
-3925
-3975
-2600
-425
1250
-1625
-3075
-4675
-3800
-1350
225
-2450
-5075
-6775
-5625
-2950
-1300
-3400
-6375
-8350
-7000
-5100
-2650
-3400
-8050
-10300
-10050
-7425
-7200
-7350
-11350
-15875
-17400
-14600
-14275
-15575
-19775
-24200
-26375
-26100
-23625
-25300
-28550
-32850
-35500
-34150
-32375
-30000
-33700
-36750
-38425
-35550
-33175
-30175
-30975
-32525
-33125
-29750
-27475
-23950
-22725
-23300
-24700
-22600
-20025
-17825
-16425
-18300
-19025
-18975
-17225
-16500
-15800
-16900
-19025
-19575
-18075
-18500
-18300
-18550
-20625
-21625
-20650
-19325
-19950
-21175
-20600
-21950
-21150
-19675
-18475
-19700
-20200
-19925
-19025
-19400
-16200
-16475
-18600

-18525
-17050
-16125
-14975
-14950
-14825
-16825
-15600
-12975
-13225
-12525
-12675
-13325
-13350
-10950
-9150
-9000
-9800
-8650
-10375
-7125
-4825
-3675
-5350
-5900
-5575
-3475
-1750
375
-2650
-2750
-3950
-2875
275
775
-1200
-3225
-5025
-4500
-2350
50
-2350
-5400
-5925
-6300
-4725
-2375
-2350
-5900
-8175
-7475
-5500
-4375
-4025
-7025
-10500
-11250
-8575
-8725
-9000
-12125
-15450
-19075
-16625
-15950
-17750
-21600
-23800
-28125
-28050
-26550
-25300
-30300
-33975
-35325
-34800
-34225
-31750
-32800
-36525
-37650
-34450
-33000
-30950
-28850
-30225
-31825
-29450
-25675
-23275
-21575
-22300
-22850
-22275
-19000
-17000
-16875
-17325
-18400
-18525
-17375
-17275
-16100
-17250
-18625
-20150
-19500
-18175
-18700
-19900
-20425
-21875
-20875
-19475
-19650
-21050
-20925
-20575
-20625
-20500
-18100
-18825
-20100
-19700
-19250
-18075
-16925
-16025

