
Curva de Excitacao - Bobina Girante (Dados Brutos)

Arquivo..............: C:\Arq\Wiggler\Medidas Wiggler - Corretoras\Bobina Tungstenio\Gap60\Translado60_X=-9_#012.dat
Data.................: 27/01/2005
Hora.................: 15:28:01
Ganho................: 20
N. de Coletas........: 1
N. de Voltas.........: 10
Intervalo de Análise.: 4 - 8

-2200
725
1850
1225
-1975
-1125
-2225
-1950
-1675
-2500
-4725
-5625
-6750
-7650
-11050
-11250
-12600
-13200
-13275
-13675
-16875
-18300
-20075
-17950
-19975
-19050
-20150
-20975
-19275
-18875
-19025
-19800
-20875
-18875
-17475
-15025
-14050
-15525
-16050
-2040
-14500
-11125
-12025
-10600
-11500
-11900
-11075
-11475
-10250
-11525
-11175
-9550
-10825
-11175
-12675
-13175
-12475
-12800
-12175
-13375
-15450
-14300
-14675
-14675
-15850
-16375
-18050
-17400
-16925
-16750
-17875
-18875
-19450
-21050
-19775
-19400
-20325
-21275
-21175
-21175
-23225
-23550
-24825
-26300
-23575
-24625
-26150
-28550
-31350
-30550
-30700
-29925
-30275
-33375
-35200
-35175
-35050
-33300
-34400
-34950
-36725
-36325
-34275
-32900
-33325
-31925
-32000
-30975
-27925
-28225
-26750
-24750
-21400
-21050
-19050
-17100
-16825
-14875
-11050
-9825
-8875
-7700
-7225
-6825
-2575
-375
-500
-3000

-1475
-1375
-325
2200
1525
-1125
-2550
-1875
-1650
-3275
-3175
-5450
-8300
-7900
-8425
-9750
-12300
-13100
-14050
-16025
-16150
-16475
-19975
-18725
-18175
-18350
-19775
-20475
-20625
-20550
-18650
-16625
-18425
-17400
-19200
-17300
-16175
-13875
-13500
-13875
-14325
-12575
-12950
-10450
-11150
-11425
-10400
-10675
-9925
-10675
-10925
-10825
-10850
-10150
-11050
-13075
-12375
-12725
-12475
-12450
-13000
-15225
-16500
-14275
-14925
-15250
-16125
-16525
-19600
-18075
-16975
-16650
-19225
-19350
-19425
-20650
-20150
-19425
-22100
-21900
-21575
-21900
-23400
-25675
-25050
-26275
-26125
-25950
-29000
-29900
-32125
-31425
-30675
-31500
-32925
-34925
-37075
-34800
-33300
-33350
-34500
-35500
-35975
-33750
-32600
-30725
-32075
-28900
-29250
-26825
-25550
-24300
-23150
-19625
-18925
-16775
-14925
-14075
-13225
-10525
-6400
-6650
-6050
-5400
-4750
-3600
850
1325

-250
-1475
-600
-150
725
1975
575
-2625
-3175
-3450
-3325
-4700
-5425
-7625
-10300
-10475
-10225
-13875
-13700
-15375
-15300
-17300
-17775
-18625
-19950
-19375
-17150
-19225
-19550
-20400
-19525
-19075
-16925
-16075
-16975
-17475
-16500
-15350
-12875
-12350
-13000
-12650
-13175
-11075
-9625
-11225
-10025
-11250
-9050
-10475
-10500
-10650
-11150
-10675
-10150
-10725
-12625
-13475
-12850
-12600
-13100
-12900
-14450
-15950
-16875
-15225
-14625
-15825
-17275
-18100
-18800
-17825
-16875
-19150
-19600
-19625
-20250
-20650
-21150
-20875
-22850
-22300
-22400
-24400
-25150
-26600
-26450
-27275
-27575
-28000
-30325
-32825
-32625
-32200
-31400
-32750
-34475
-36275
-35975
-34200
-33300
-34275
-34225
-34275
-33750
-31175
-31775
-29300
-27075
-27300
-26275
-22925
-22425
-21500
-19525
-15400
-15025
-12300
-11775
-11675
-10325
-5600
-3650
-3900
-4325
-2850
-2725
-75

1725
1900
-850
-825
-225
575
25
1050
-1550
-4525
-4275
-4000
-6575
-7150
-8450
-10600
-11475
-12325
-13250
-16250
-15775
-16200
-17775
-17925
-19225
-19225
-19750
-18725
-17825
-19450
-19175
-19250
-18850
-16350
-15750
-15225
-15475
-16175
-14325
-13325
-11350
-12200
-11925
-10750
-10700
-10850
-10350
-9625
-10525
-9800
-9325
-9625
-11875
-10275
-10850
-11700
-10225
-11675
-13775
-14800
-12350
-13125
-13550
-13950
-15275
-18125
-16150
-14475
-16450
-17825
-17350
-18275
-18825
-18750
-17250
-19900
-20450
-19875
-21025
-21475
-21650
-21450
-23325
-24225
-23200
-25575
-27450
-28000
-28000
-27600
-28325
-30575
-32700
-34600
-32625
-32025
-33325
-33375
-35675
-35250
-34550
-33900
-33275
-32475
-32725
-32975
-30725
-28525
-27950
-27275
-24775
-23575
-21800
-19675
-19450
-18025
-14050
-11775
-10425
-10200
-8975
-8575
-5225
-2575
-1175
-2150
-2250
-1375

-50
1725
2550
1975
-1125
-800
-300
400
-875
-1525
-4400
-5850
-6575
-5900
-8675
-9475
-11175
-12700
-13650
-14325
-15250
-16975
-17725
-17050
-18250
-18350
-19375
-20225
-18500
-18025
-17325
-18050
-18625
-18100
-16350
-14475
-13850
-14575
-14075
-13625
-12475
-10700
-11225
-11025
-10175
-9725
-10025
-10275
-9125
-10025
-9850
-9250
-9450
-10925
-11450
-10900
-11075
-11125
-11625
-11950
-15075
-13925
-13225
-13375
-15050
-14775
-16975
-16850
-16325
-15050
-17075
-17375
-18125
-19650
-18625
-18825
-18350
-20650
-20400
-20225
-21825
-21900
-22825
-24600
-23775
-24350
-25075
-27400
-29275
-28400
-29450
-29725
-30225
-32425
-33750
-33500
-33575
-33400
-33150
-34175
-35475
-35000
-32725
-32400
-32150
-30725
-31100
-28950
-27100
-26800
-26100
-22700
-21000
-19350
-18325
-16375
-15725
-13250
-9950
-8550
-7750
-7250
-5950
-4825
-2175
-150
1100
-1550

-950
575
1350
2450
2450
300
-1400
-1175
-200
-1875
-2550
-4100
-7125
-7250
-8200
-8325
-10525
-12400
-13050
-14900
-15250
-15900
-17725
-17925
-17925
-17050
-18600
-19975
-19100
-19325
-17625
-16400
-17150
-16650
-17000
-16050
-14350
-13750
-12875
-13025
-12425
-11575
-11350
-9650
-9375
-10725
-9225
-9650
-9150
-9675
-9750
-9425
-9850
-9550
-10075
-12025
-11675
-11075
-11225
-11825
-12150
-14075
-15275
-13600
-14000
-14025
-15525
-15500
-17750
-16775
-16375
-16000
-17775
-18450
-18375
-19200
-19125
-19225
-20125
-20925
-21600
-20650
-22625
-23950
-23950
-25250
-25425
-26050
-26825
-29350
-29850
-30125
-30250
-31175
-31825
-33825
-34900
-32775
-33725
-32800
-33375
-34550
-34375
-31975
-31725
-31100
-29900
-28600
-27825
-26450
-23800
-24175
-21475
-19100
-17550
-15675
-14125
-13175
-11950
-9625
-6300
-5325
-5125
-4425
-2700
-2575
825
1975

1500
-1025
475
2025
1550
2050
1725
-1775
-2400
-1900
-1525
-4475
-4550
-6475
-9325
-9450
-9550
-12300
-12950
-14150
-14200
-16400
-16900
-17225
-19150
-18500
-16675
-18575
-18125
-19400
-18375
-17850
-16500
-14900
-15825
-15850
-15225
-14175
-12600
-12175
-11525
-11075
-11075
-9925
-10100
-9600
-9375
-9600
-8650
-8450
-9275
-10100
-9600
-10200
-9825
-9450
-11225
-12600
-11650
-11275
-12100
-12875
-12700
-15350
-15300
-14250
-13675
-15150
-16025
-17050
-18100
-17150
-16125
-17350
-18575
-19200
-18575
-19825
-19900
-20175
-21425
-21975
-21650
-22800
-24500
-25050
-25075
-26450
-27250
-26675
-28900
-31825
-31175
-31075
-31000
-32775
-32875
-34750
-34500
-33400
-32475
-33950
-32400
-32875
-31700
-31200
-30400
-28725
-26250
-26125
-24525
-22300
-21250
-20975
-17700
-15175
-13525
-11525
-11275
-10675
-8700
-4475
-3275
-2800
-3150
-2600
-950
400

2750
2800
400
375
900
1525
1225
800
-350
-3850
-2800
-3650
-4925
-6400
-7950
-9250
-11275
-11675
-11975
-14675
-14450
-15850
-16925
-17225
-17650
-17825
-19300
-18325
-17375
-17900
-18250
-18075
-17450
-15900
-15200
-14875
-15125
-13825
-12900
-12150
-11375
-11275
-10725
-9325
-9450
-10425
-9375
-9000
-9100
-8925
-8075
-9450
-10575
-10225
-9650
-10075
-9500
-11050
-12800
-13150
-12175
-11900
-12700
-12900
-14575
-16400
-15425
-13775
-15150
-16925
-16650
-17350
-17750
-17900
-16300
-19100
-19250
-19500
-20325
-20325
-20775
-20850
-22500
-23650
-22750
-24675
-25975
-26325
-27425
-27575
-28500
-29200
-30925
-32675
-31775
-31950
-32475
-32875
-34400
-33750
-32950
-33775
-33300
-31675
-31700
-31450
-29675
-28275
-28100
-26200
-23325
-22575
-20775
-18775
-18400
-17550
-13325
-11225
-9925
-9225
-8150
-7125
-4875
-2050
-100
-1300
-1850
50

