
Curva de Excitacao - Bobina Girante (Dados Brutos)

Arquivo..............: C:\Arq\Wiggler\Medidas Wiggler - Corretoras\Bobina Tungstenio\Gap60\Translado60_X=-6_#015.dat
Data.................: 27/01/2005
Hora.................: 15:33:46
Ganho................: 20
N. de Coletas........: 1
N. de Voltas.........: 10
Intervalo de Análise.: 4 - 8

-5575
-5150
-4625
-3825
-5450
-6800
-6575
-6575
-7550
-8150
-6225
-8750
-10450
-12625
-13950
-14300
-12650
-12625
-15075
-17975
-18450
-17625
-16925
-16700
-18300
-20550
-19600
-17775
-14050
-14950
-17150
-19150
-19350
-14225
-10125
-10000
-11825
-14325
-14325
-8440
-8900
-6875
-9325
-9750
-9550
-8625
-7850
-9575
-9750
-9050
-8850
-7550
-8850
-11275
-13450
-12150
-9625
-10300
-12550
-14375
-16775
-14875
-12550
-11900
-15750
-19675
-18650
-17075
-15850
-14625
-16975
-20700
-21750
-18900
-17800
-17475
-18250
-20325
-21875
-20875
-20025
-20925
-21950
-22075
-21225
-22075
-24450
-25900
-28250
-25625
-24250
-26575
-28150
-32550
-32350
-30925
-29425
-29400
-33050
-35925
-35900
-33275
-29600
-29800
-32850
-34950
-34225
-30525
-27125
-25875
-27575
-28200
-25500
-22575
-21650
-18375
-19450
-18050
-16075
-13575
-12250
-11850
-11150
-8900
-8725
-6175
-5150
-7100

-6725
-5100
-3650
-4675
-4575
-4700
-6325
-6625
-5900
-7400
-9275
-8650
-9100
-11000
-12775
-13100
-14200
-14450
-13075
-15650
-18300
-18900
-18475
-16075
-15275
-16600
-18850
-21775
-18400
-14900
-12725
-14675
-16100
-17075
-15575
-11975
-9250
-10700
-11825
-11525
-11200
-8400
-7825
-8075
-9050
-9350
-7450
-7375
-8275
-9175
-10500
-7600
-8500
-8925
-11050
-13150
-12050
-10400
-9525
-11975
-14975
-16050
-16800
-13100
-11725
-14575
-17475
-19550
-18800
-16475
-14575
-15650
-19250
-21525
-19825
-18250
-17100
-18175
-20025
-20925
-21150
-19725
-20750
-22775
-21800
-21950
-22750
-24225
-26075
-27775
-27225
-26225
-25175
-29250
-31300
-32925
-33125
-29850
-28950
-31650
-34200
-36725
-33700
-31175
-28675
-30975
-32325
-32225
-29400
-27550
-24875
-25275
-24625
-23625
-21700
-19100
-17975
-16675
-15525
-14400
-11700
-10400
-11025
-9300
-8450
-6000
-5725
-4550

-5350
-6250
-4975
-3150
-3875
-4275
-5550
-6175
-6900
-6625
-7200
-9050
-10150
-9500
-11775
-12825
-14050
-14950
-14875
-13750
-14450
-17325
-20525
-18300
-17050
-14825
-15025
-17575
-19275
-18975
-15525
-13100
-12900
-13425
-15150
-15025
-11075
-10150
-8850
-10000
-10700
-9475
-8525
-6500
-7950
-9250
-7675
-7475
-7050
-7800
-9750
-10075
-9075
-7525
-8550
-11375
-12475
-14075
-11350
-9550
-10775
-14375
-17325
-16550
-15225
-12625
-12975
-15950
-20075
-20000
-17150
-15150
-15675
-17675
-20225
-20800
-19025
-17475
-18500
-19350
-20475
-21025
-20500
-21300
-22100
-23275
-22775
-22700
-24800
-25650
-28000
-29250
-26825
-26400
-27775
-30950
-34475
-33600
-31550
-28850
-29925
-33800
-35250
-34425
-31225
-29175
-29325
-29525
-30650
-29825
-26275
-24200
-23350
-21925
-22250
-20275
-17350
-16000
-15675
-14125
-11950
-11025
-9025
-8275
-9275
-7500
-5525
-4400

-3875
-4525
-5000
-5725
-4300
-3250
-4500
-5775
-6225
-7350
-8050
-8525
-9200
-10375
-11775
-11375
-13075
-15400
-15850
-15475
-14900
-15525
-16425
-18725
-19850
-18050
-14950
-15500
-16100
-17225
-18700
-16050
-13325
-11075
-13025
-13350
-13000
-12400
-9050
-8125
-9775
-8975
-9400
-7325
-7100
-8600
-8150
-8175
-7025
-7250
-8050
-9250
-11025
-9650
-7900
-9075
-9700
-13675
-14325
-13725
-10675
-10375
-12800
-17000
-17875
-17275
-13650
-13200
-15225
-19075
-20600
-18500
-16325
-16100
-17300
-19150
-20775
-20025
-18325
-18050
-20050
-19850
-21075
-22125
-21325
-22475
-24525
-23325
-23725
-23900
-26450
-28925
-29725
-29325
-27025
-28400
-30650
-33250
-35375
-32075
-30125
-30600
-32225
-32925
-34025
-32250
-29425
-28075
-27950
-29500
-27675
-25300
-22600
-22350
-21175
-19475
-18600
-15800
-13525
-15000
-13200
-10350
-9275
-7800
-6625
-7375
-7400
-5550

-2900
-3775
-3850
-4350
-5175
-5450
-4150
-4175
-6000
-7350
-7250
-8750
-9425
-10525
-11000
-12275
-12150
-13975
-15125
-16700
-16600
-15350
-15900
-15575
-17700
-18750
-18675
-16150
-13825
-15175
-16350
-16650
-15775
-12325
-11150
-11725
-12000
-12250
-10750
-8675
-8225
-8525
-8950
-7425
-7925
-7150
-6950
-8900
-8300
-6625
-7400
-7200
-9750
-10900
-11500
-9375
-6925
-10625
-12475
-15000
-14525
-12550
-10750
-11625
-16375
-18425
-17425
-14925
-14025
-14925
-16825
-19875
-19850
-17200
-15650
-16975
-18350
-19850
-20825
-19425
-18450
-19775
-20325
-21475
-20875
-22450
-22950
-24425
-25600
-23400
-24725
-26750
-28350
-30825
-30275
-28425
-28675
-30600
-32675
-34025
-33325
-31750
-29950
-30650
-32000
-33300
-31650
-28575
-27325
-27050
-26125
-26400
-24425
-20325
-21325
-19775
-17550
-16050
-14675
-12350
-11700
-12250
-10225
-6900
-6675
-5900
-5725
-5700

-6025
-3400
-2300
-2650
-5225
-4800
-5225
-5425
-4725
-5650
-7625
-9050
-8725
-9825
-11875
-11775
-12150
-13875
-14100
-14550
-16975
-17725
-16375
-14825
-16525
-16700
-17825
-18575
-16675
-13925
-13775
-14875
-15000
-14525
-13075
-10850
-10075
-11300
-10400
-9325
-9250
-7750
-8300
-7675
-7500
-7250
-6500
-7600
-7900
-9275
-7975
-6175
-7200
-9200
-11625
-11550
-10525
-8625
-8600
-12225
-15650
-15775
-13050
-12075
-11725
-14375
-17825
-18775
-16475
-14000
-14950
-16500
-18500
-20500
-18900
-15925
-16250
-18775
-19400
-19575
-20300
-18900
-19100
-21575
-21200
-21475
-22775
-22925
-25950
-24975
-25575
-25575
-26250
-28525
-30325
-31850
-30075
-28775
-30300
-31200
-34000
-34225
-31750
-30225
-29850
-29800
-32050
-30450
-27175
-27475
-25675
-24200
-23400
-23175
-19875
-18450
-18825
-16175
-13175
-13200
-11150
-10150
-10475
-9300
-6100
-5050
-4375
-5100

-5075
-4875
-3650
-2025
-2825
-4325
-5600
-5650
-5325
-6125
-6250
-7925
-9775
-9725
-10700
-11525
-13025
-13700
-13700
-14775
-14600
-16025
-18450
-16925
-15775
-15400
-16225
-17150
-16875
-17025
-13875
-13625
-13800
-13250
-13025
-12650
-10725
-10300
-8875
-9300
-8275
-8750
-7800
-7425
-8050
-7725
-5725
-6300
-6275
-8925
-9650
-8125
-7250
-6325
-8825
-11775
-12200
-11450
-9650
-9250
-10775
-14800
-16475
-14375
-12525
-12175
-13675
-16500
-19200
-18300
-15250
-13900
-16600
-18300
-19125
-19500
-17425
-16075
-18225
-19625
-19675
-19800
-19950
-20475
-20950
-22175
-21975
-22550
-24575
-24825
-26225
-27125
-26325
-27150
-27775
-30775
-32500
-30850
-30475
-30025
-30775
-32675
-33850
-31525
-30300
-29800
-29700
-28600
-29400
-27475
-24975
-25450
-23100
-20875
-20650
-18625
-16625
-16525
-15425
-12950
-10400
-9525
-8825
-8900
-8425
-6200
-4000
-3375

-3550
-5225
-4175
-3625
-3300
-2775
-3050
-5925
-6375
-6050
-6650
-8025
-8125
-9800
-11300
-11225
-11675
-14300
-14875
-14650
-14450
-15575
-16425
-17025
-17825
-16500
-14525
-16275
-16175
-16475
-16150
-13975
-13250
-11925
-12550
-12450
-11500
-10125
-9450
-9325
-8850
-7225
-7950
-7050
-7500
-8625
-7025
-6725
-5150
-7000
-8350
-9275
-9775
-7950
-7100
-8025
-11000
-13475
-12125
-11075
-9625
-10975
-13875
-16175
-16225
-13800
-12650
-13775
-16075
-18300
-19350
-16375
-14150
-16675
-17450
-18750
-19375
-18875
-17050
-17500
-19825
-19775
-20075
-20975
-20650
-21625
-22900
-22675
-23400
-23875
-25550
-28100
-27925
-27625
-26975
-28600
-29925
-32875
-32525
-30650
-29925
-31325
-31175
-32650
-32325
-29675
-29575
-28575
-27000
-27650
-26375
-23900
-23100
-22225
-20025
-18350
-17600
-14500
-14600
-14325
-11850
-9000
-8150
-7225
-7350
-7000
-6075
-3600

