
Curva de Excitacao - Bobina Girante (Dados Brutos)

Arquivo..............: C:\Arq\Wiggler\Medidas Wiggler - Corretoras\Bobina Tungstenio\Gap60\Translado60_X=0_#021.dat
Data.................: 27/01/2005
Hora.................: 15:44:59
Ganho................: 20
N. de Coletas........: 1
N. de Voltas.........: 10
Intervalo de Análise.: 4 - 8

-16325
-13375
-12000
-10950
-12875
-13375
-15475
-15500
-13350
-11975
-12575
-14350
-15725
-17025
-17975
-14050
-13750
-16800
-17275
-17150
-16175
-13950
-14525
-15150
-18400
-16075
-12375
-10125
-10000
-12125
-14075
-12775
-10250
-5475
-6775
-8075
-8725
-6800
-5300
-4750
-7200
-8650
-8050
-3050
-1275
-3725
-8850
-13525
-11175
-4725
-2750
-4125
-13000
-16700
-16000
-8650
-5525
-8575
-17325
-21900
-21300
-12250
-8875
-11450
-21625
-27225
-25675
-16375
-11475
-14050
-22900
-29675
-27575
-19900
-13750
-14750
-22725
-28650
-27100
-20675
-14900
-15150
-20225
-26575
-24000
-20000
-16525
-17950
-21200
-23575
-24025
-23350
-20850
-23025
-23600
-25125
-25825
-27000
-27975
-28725
-28650
-27325
-26450
-28525
-31475
-31725
-32050
-27300
-25675
-27725
-29425
-29600
-27725
-25500
-23175
-21925
-25075
-24025
-20550
-20000
-18325
-17125
-17550
-18800
-16375
-13650
-13250
-14400

-13400
-14275
-14425
-12150
-11250
-12850
-13400
-13275
-14200
-15375
-12025
-12825
-15600
-15725
-16025
-16650
-14575
-14100
-14525
-18575
-17350
-15875
-15100
-11925
-12775
-15450
-15925
-13850
-10200
-10450
-9950
-11025
-10975
-7850
-6725
-6950
-7450
-9125
-4975
-3500
-2550
-5700
-8950
-8450
-4875
-2350
-1975
-7650
-11400
-11625
-7525
-3525
-4750
-10450
-16900
-17075
-10700
-5725
-7925
-14725
-22050
-22950
-16225
-9100
-10450
-18600
-25700
-26275
-21875
-12925
-12150
-19300
-28025
-28425
-22950
-15250
-13950
-17650
-26600
-27050
-22775
-14900
-15225
-18125
-22525
-24475
-22400
-18000
-17925
-19825
-22225
-23400
-23475
-23150
-23175
-24875
-25375
-25150
-25950
-28000
-28850
-30175
-28025
-26650
-28000
-29325
-31325
-30500
-28225
-26200
-25700
-28350
-27900
-26025
-25000
-22050
-21400
-21975
-23100
-20300
-17825
-17325
-16700
-16175
-16500
-15750
-12900
-12400

-13425
-13425
-12550
-13250
-12925
-11275
-11350
-13425
-13750
-13625
-14500
-13750
-12375
-13325
-16675
-16575
-15950
-15875
-13850
-13825
-16050
-17275
-16200
-13950
-12975
-12300
-12850
-15250
-12500
-10550
-8500
-9000
-10025
-8700
-7700
-5675
-5525
-7100
-7350
-5775
-3350
-2325
-4800
-7800
-8750
-6300
-2150
-1975
-5525
-12250
-13550
-8900
-4125
-3900
-8875
-16075
-18475
-14550
-7375
-6875
-12550
-20675
-23550
-19950
-12175
-9575
-15025
-24475
-27650
-23800
-15400
-12575
-16100
-25650
-28375
-25100
-16975
-14050
-16700
-22225
-26675
-23375
-17525
-15225
-16525
-20425
-23575
-22900
-20125
-17350
-20225
-21775
-23475
-24250
-23550
-23550
-26100
-25825
-26150
-25875
-27625
-29125
-29675
-29100
-27500
-26825
-29475
-30350
-29275
-29175
-26050
-25725
-25250
-27375
-25925
-23075
-21925
-21075
-20175
-20250
-20300
-17125
-15075
-16150
-16425
-14700
-14150
-13625

-11975
-11875
-13175
-13150
-12175
-12475
-12650
-11250
-12375
-14300
-14325
-13600
-14650
-13050
-13725
-15375
-16525
-16500
-15200
-14250
-14250
-14350
-17250
-15075
-14550
-11175
-12050
-12875
-12675
-12075
-9700
-7925
-8825
-8225
-8525
-6650
-4575
-4775
-6525
-7975
-5675
-3075
-1800
-2950
-8050
-10475
-7400
-2850
-2025
-4650
-10500
-14100
-12750
-5275
-3600
-8200
-14550
-19050
-17525
-10550
-6250
-11050
-19650
-23400
-22250
-15375
-10975
-12125
-22675
-27275
-25725
-17925
-13575
-15225
-20900
-27775
-26375
-19425
-14275
-15425
-19850
-23675
-23925
-20875
-14675
-16625
-19550
-22200
-22825
-21150
-18925
-20550
-22425
-23475
-23425
-24425
-25300
-25800
-26775
-26150
-25900
-28775
-28925
-29350
-29350
-28025
-27200
-27175
-29450
-29475
-27475
-26450
-24175
-24275
-24625
-24875
-22600
-19625
-20100
-19300
-18875
-17600
-17100
-14725
-14525
-14650
-14375
-12875

-12950
-12500
-11250
-11400
-13425
-12575
-11675
-12375
-12175
-12325
-13075
-14850
-14200
-13975
-14525
-13825
-13825
-16400
-15775
-15700
-13750
-14425
-14300
-14425
-15175
-13450
-11525
-11275
-10650
-12200
-9950
-8700
-7750
-6850
-8175
-7650
-5175
-4125
-3500
-5750
-7100
-6125
-2975
-1400
-2300
-6725
-9850
-9625
-3925
-1125
-4400
-9250
-14175
-13800
-8850
-3625
-6350
-13625
-18775
-18325
-14250
-8550
-9125
-16375
-24350
-23600
-17475
-12425
-12900
-18300
-26050
-26625
-20900
-14475
-14375
-18625
-24425
-26400
-22575
-14550
-14725
-18200
-21950
-23450
-21250
-17125
-15800
-18625
-21475
-21775
-21450
-21025
-20575
-22950
-22950
-23900
-24700
-25325
-26300
-27575
-26975
-27100
-26425
-28575
-29275
-29175
-28700
-26800
-26450
-27475
-28725
-27325
-24450
-24150
-24275
-22225
-22850
-21925
-19475
-17775
-19200
-17350
-16100
-15075
-14975
-13250
-13025
-14175

-13075
-11175
-11750
-11400
-11925
-11600
-12925
-12250
-11025
-12775
-13225
-12750
-13675
-14675
-14625
-13500
-14025
-15225
-14025
-16075
-15100
-14075
-13725
-13725
-13875
-12775
-12550
-12175
-9200
-10900
-10200
-9550
-7425
-6225
-6675
-7175
-6900
-5675
-2625
-2925
-3925
-7450
-6450
-3950
-1000
-2725
-4475
-9250
-10650
-6275
-2275
-3075
-8525
-13900
-14375
-11625
-5350
-5825
-11625
-18850
-19750
-16175
-10900
-9125
-14050
-22575
-24825
-19825
-14625
-12925
-16525
-22250
-27275
-24050
-15900
-13750
-17550
-22250
-24650
-23125
-17775
-13150
-17225
-20800
-21875
-21000
-18700
-16650
-18350
-20600
-22000
-21875
-21400
-21825
-22700
-23650
-24200
-24750
-26075
-26175
-27600
-28125
-26875
-26625
-27925
-28700
-29750
-27825
-26600
-27150
-25750
-27325
-25650
-25050
-22675
-23200
-21900
-20350
-20175
-19075
-17175
-16625
-17125
-15500
-13400
-14075
-12675
-12850

-12525
-13175
-11025
-10275
-12025
-11775
-11475
-12250
-12600
-12200
-11925
-13275
-13525
-12975
-14775
-14675
-14000
-13525
-15100
-14700
-14300
-14675
-15350
-12075
-13100
-13200
-12200
-11550
-10425
-10325
-9225
-9300
-9000
-5425
-5425
-5825
-7125
-6350
-5025
-2200
-2050
-3225
-7250
-6725
-4825
-1575
-1675
-4375
-8800
-10750
-8800
-3450
-3050
-7300
-12700
-15625
-13000
-8425
-5600
-10150
-17100
-21325
-17825
-13200
-9975
-13325
-19850
-24425
-23125
-16875
-12800
-15150
-21000
-25775
-24400
-19225
-13075
-16175
-20575
-23375
-23100
-19000
-14625
-15500
-19250
-21350
-21050
-20075
-17600
-17700
-20175
-22325
-22300
-22025
-22150
-23175
-24675
-24950
-25550
-25600
-26575
-28425
-27675
-27600
-27000
-27350
-28725
-28175
-27875
-27225
-26225
-26025
-24275
-25425
-23925
-21825
-21175
-21200
-19575
-18550
-17875
-16150
-15700
-15900
-14875
-13400
-11850
-12825

-12350
-11800
-12150
-11175
-10975
-10225
-12650
-11825
-11575
-12800
-12800
-11875
-13325
-13750
-13800
-13725
-14500
-14975
-13250
-14975
-14250
-14300
-13825
-14375
-12325
-12475
-12325
-12250
-9700
-9950
-8650
-8725
-8700
-7325
-5700
-4450
-4725
-6325
-6575
-5350
-2175
-1500
-2025
-5950
-7150
-7475
-2800
-800
-3125
-7850
-11625
-9700
-6675
-3500
-5500
-11925
-16275
-14750
-11075
-7175
-9600
-14800
-21275
-20375
-15100
-11850
-12800
-17525
-24025
-24700
-19875
-13150
-14900
-19525
-23600
-24600
-21575
-15000
-14725
-18725
-22350
-21825
-20525
-16725
-15275
-17525
-20375
-21500
-20500
-18925
-18450
-20875
-21375
-22800
-22700
-22950
-24425
-24500
-26150
-24850
-26250
-27600
-27550
-28450
-27850
-27550
-27550
-26875
-28175
-27925
-26025
-25300
-24725
-24325
-23275
-23150
-21450
-19675
-20100
-19075
-17375
-16125
-16250
-14750
-14425
-14075
-13150
-11525

