
Curva de Excitacao - Bobina Girante (Dados Brutos)

Arquivo..............: C:\Arq\Wiggler\Medidas Wiggler - Corretoras\Bobina Tungstenio\Gap60\Translado60_X=-4_#017.dat
Data.................: 27/01/2005
Hora.................: 15:37:18
Ganho................: 20
N. de Coletas........: 1
N. de Voltas.........: 10
Intervalo de Análise.: 4 - 8

-8375
-8450
-8125
-6950
-8900
-9600
-9250
-8925
-10825
-10025
-9300
-12000
-13475
-13275
-13975
-14725
-14200
-15625
-17725
-17650
-15200
-14900
-17750
-18250
-20100
-19100
-15025
-12950
-12925
-16675
-17775
-16675
-14075
-9275
-9725
-11325
-11575
-11425
-9050
-8025
-8600
-9100
-9150
-6175
-5000
-7350
-8850
-11175
-9350
-5975
-6075
-7700
-12225
-13000
-12475
-8875
-7625
-12825
-16700
-16500
-15250
-11200
-11200
-14025
-21100
-22350
-17450
-13625
-14325
-16500
-22100
-23425
-21850
-15325
-15825
-18925
-21125
-22675
-22375
-18800
-17325
-19775
-22625
-21875
-21300
-21975
-21925
-22975
-25800
-24050
-23700
-27125
-27500
-28925
-27375
-27150
-28875
-31300
-34000
-32750
-30675
-29225
-29275
-32050
-34875
-33200
-30875
-27775
-27275
-28275
-30500
-28500
-24300
-23125
-22875
-21325
-21650
-20275
-16700
-15575
-15350
-14700
-13775
-12050
-10250
-10000
-9150
-10675

-9100
-8275
-6700
-7975
-8700
-8025
-9725
-9275
-8750
-10050
-10875
-11100
-11900
-13675
-14275
-13475
-13975
-15425
-15400
-17575
-18100
-16850
-15700
-14750
-16525
-18225
-18375
-16900
-13550
-13000
-13700
-15025
-14800
-12075
-10400
-10075
-9650
-11375
-9325
-7675
-6875
-7825
-9600
-8150
-6025
-5775
-5550
-9075
-9425
-10050
-7025
-5175
-7850
-12125
-13250
-13225
-9025
-7775
-9700
-15700
-19225
-15800
-12800
-10800
-12750
-18900
-21325
-20650
-15400
-13775
-15675
-19375
-22925
-22100
-18200
-14800
-17025
-20400
-22200
-21325
-20375
-17425
-19125
-21475
-22400
-21350
-22650
-22050
-24225
-23675
-24500
-24975
-25825
-28625
-28925
-28675
-28675
-27025
-30550
-32250
-34050
-31675
-30050
-28900
-30000
-32525
-33475
-29650
-27125
-27225
-26500
-27025
-26925
-23275
-21400
-20425
-20875
-18925
-17900
-16025
-13975
-13125
-13950
-12350
-10500
-8750
-8425
-9550

-8700
-8825
-8100
-6225
-7350
-8000
-9125
-8550
-9950
-9975
-9250
-10475
-12050
-12050
-13375
-15075
-14250
-14275
-14750
-16150
-16575
-17550
-18150
-15700
-14675
-15150
-17075
-17675
-16200
-13600
-12625
-11775
-13775
-12600
-11875
-9975
-8525
-9925
-9275
-8200
-7900
-5475
-7150
-7925
-8850
-6575
-4475
-5725
-7800
-9750
-10525
-7775
-5575
-6325
-11075
-14775
-13000
-11625
-8025
-9050
-13850
-18775
-18200
-14325
-11450
-12475
-16075
-21050
-22200
-17750
-13500
-15025
-18075
-21700
-22175
-20400
-15425
-16125
-19500
-21425
-21400
-21300
-18150
-19450
-20200
-23000
-21775
-22550
-23775
-23800
-24625
-25375
-24925
-26350
-28400
-30300
-30275
-28800
-28700
-29075
-31875
-33950
-32250
-30025
-29550
-29150
-30675
-31350
-29475
-27225
-26075
-26025
-24500
-24175
-23675
-19875
-19425
-19325
-17575
-16125
-13825
-13000
-12175
-12125
-12100
-9950
-7775
-7100

-8425
-8700
-7950
-8000
-7825
-5425
-8300
-9325
-9075
-9775
-10500
-10725
-10550
-12225
-13375
-13450
-14975
-16025
-14825
-13650
-15525
-16675
-17575
-18000
-16525
-14275
-13925
-16450
-16125
-15300
-14000
-12175
-11275
-11675
-12225
-10775
-8775
-8625
-8800
-8350
-8650
-5975
-6275
-5725
-8450
-8475
-7350
-5050
-4575
-6850
-10575
-10450
-9800
-5975
-6600
-9475
-14550
-15025
-12625
-8825
-10100
-11975
-18125
-18875
-17225
-12425
-12225
-15275
-19625
-21925
-20175
-15125
-13775
-17350
-20600
-21825
-20500
-17875
-15775
-18050
-21150
-21375
-20425
-20500
-19450
-20325
-22200
-22350
-23325
-23050
-24425
-26625
-25600
-25800
-25975
-28200
-30075
-31100
-29900
-28750
-29225
-30775
-32625
-32300
-30525
-29175
-29225
-27875
-29350
-29675
-26575
-24475
-24350
-22850
-22475
-21450
-19450
-17050
-17225
-16675
-14625
-12600
-11425
-10350
-11350
-10200
-9525
-7875

-6000
-7300
-8125
-7625
-7000
-8050
-6825
-7475
-9100
-10275
-9275
-10575
-12400
-11350
-11225
-13725
-13575
-15025
-15850
-16300
-14675
-14350
-16725
-16625
-17050
-16725
-14550
-14250
-13900
-15100
-14550
-12925
-11500
-10400
-10200
-11075
-9200
-9375
-6450
-8150
-8150
-7650
-5800
-4875
-5750
-7475
-8575
-7625
-5375
-4025
-6775
-9725
-11575
-9900
-7775
-6775
-7800
-13525
-15950
-13975
-10775
-9650
-11750
-15575
-19550
-18675
-14150
-11550
-15175
-17750
-21250
-20650
-17650
-13850
-15950
-19425
-20625
-20675
-18950
-16325
-17175
-19675
-21125
-20975
-20375
-20150
-21150
-21925
-22925
-22625
-23350
-25025
-26825
-27100
-25900
-26600
-28950
-29175
-31725
-30425
-29400
-29575
-29800
-31125
-32275
-30275
-28425
-28250
-27750
-27000
-28225
-25175
-23450
-22250
-23100
-20075
-19175
-17725
-15925
-15300
-15300
-13375
-11800
-9050
-9850
-10000
-8825
-8300

-7800
-5900
-5325
-7900
-8625
-6650
-7175
-8375
-7375
-8250
-10700
-10575
-10150
-11825
-13200
-12325
-12825
-15150
-14275
-14825
-16600
-15750
-14850
-15325
-16850
-15850
-15250
-15325
-12900
-13375
-13475
-13325
-12375
-10075
-10050
-9975
-8950
-8400
-7625
-6675
-7125
-7625
-7925
-5100
-4075
-5075
-6950
-9300
-7700
-6250
-3850
-5150
-9100
-12625
-11500
-9025
-6475
-8300
-11225
-16650
-16425
-12375
-9675
-11475
-14725
-19000
-19800
-16575
-11700
-14275
-17525
-19750
-20550
-19650
-14900
-14575
-18100
-20650
-20100
-19600
-17650
-16725
-18625
-21550
-21325
-20450
-20550
-21125
-22600
-22025
-23950
-24975
-25050
-27125
-28100
-26675
-27550
-28100
-30175
-30275
-31225
-30600
-29525
-29600
-29625
-30725
-30400
-28325
-27025
-27675
-25875
-25350
-24600
-21800
-21925
-21100
-19300
-17200
-15525
-14850
-14150
-13700
-12525
-10100
-9175
-6850
-9175
-9550

-7425
-6400
-6600
-4900
-6950
-8500
-8275
-6675
-7800
-8675
-8525
-10600
-11925
-11275
-11450
-13250
-13575
-13650
-14275
-15600
-15325
-15150
-17025
-14400
-15075
-15200
-15550
-15250
-14275
-13475
-12825
-11625
-12325
-10550
-10225
-9325
-9375
-8900
-7250
-6425
-6000
-6350
-8125
-6775
-5950
-4175
-3875
-6575
-8800
-8625
-7250
-4775
-5875
-7325
-12300
-13250
-10075
-7350
-8475
-11200
-15200
-17250
-15025
-10550
-11025
-14750
-17750
-19475
-18625
-14650
-12725
-16325
-19675
-21000
-19175
-16925
-14900
-16825
-19675
-21025
-19475
-18225
-17725
-19575
-19950
-21550
-21650
-20825
-22050
-22675
-23950
-24200
-25075
-26050
-26450
-28950
-28550
-28075
-28875
-28825
-30625
-32450
-30175
-29050
-29725
-29450
-29250
-30325
-27725
-26700
-26025
-25450
-23325
-22600
-21475
-19800
-19875
-18250
-16225
-14675
-12325
-12475
-13200
-11250
-9475
-9025
-7025
-6350

-9150
-8225
-6150
-5925
-6675
-5600
-8000
-9550
-7950
-7700
-9175
-10325
-10125
-11900
-12675
-12450
-12175
-15325
-14500
-14650
-14500
-15675
-15900
-15975
-15725
-14900
-13800
-14825
-14725
-14275
-12400
-12350
-11675
-10800
-9850
-9775
-7975
-9100
-8125
-7725
-5450
-4825
-6325
-7050
-7675
-6750
-4625
-3750
-5575
-8550
-10575
-7275
-6425
-5800
-7275
-11625
-13700
-13025
-8525
-8550
-11325
-13975
-17400
-16800
-13325
-10600
-13525
-17375
-19400
-19325
-16850
-13000
-15000
-18800
-21050
-18925
-18600
-15950
-16175
-18700
-20750
-20225
-18875
-18750
-19250
-20500
-21050
-22675
-22375
-22025
-23625
-24950
-24600
-25975
-26350
-27225
-29425
-29275
-29150
-28800
-29325
-30475
-31425
-30575
-29675
-29325
-29500
-27575
-27750
-28100
-25600
-25275
-24250
-22275
-21050
-19625
-18775
-18425
-17075
-14775
-13075
-12200
-10600
-12175
-11200
-8050
-7400
-7000

