
Curva de Excitacao - Bobina Girante (Dados Brutos)

Arquivo..............: C:\Arq\Wiggler\Medidas Wiggler - Corretoras\Bobina Tungstenio\Gap60\Translado60_X=-5_#016.dat
Data.................: 27/01/2005
Hora.................: 15:35:43
Ganho................: 20
N. de Coletas........: 1
N. de Voltas.........: 10
Intervalo de Análise.: 4 - 8

-6975
-7225
-5800
-5300
-7575
-8725
-7600
-6600
-8150
-9500
-9175
-11050
-12000
-12175
-12750
-14275
-13875
-14150
-15825
-18475
-17875
-16875
-17650
-15075
-16750
-18500
-19675
-17750
-15475
-14950
-14200
-15400
-16075
-13850
-12125
-11250
-11350
-11825
-10700
-51000
-8625
-7825
-9450
-9550
-7825
-6900
-5850
-9150
-10025
-9275
-8600
-6650
-7325
-11575
-13575
-13550
-8625
-9500
-9975
-14525
-17775
-17850
-13275
-10450
-13275
-18150
-19825
-20625
-17800
-13550
-14950
-19300
-22200
-20825
-19475
-17050
-16550
-19025
-23000
-21950
-19675
-19025
-20100
-21525
-22025
-23050
-22725
-23150
-25475
-25400
-24825
-25825
-26725
-30075
-30425
-30700
-30275
-28875
-30150
-32950
-34600
-33725
-31325
-30600
-30925
-31950
-33850
-30650
-28500
-27425
-26925
-26375
-25975
-23050
-22725
-20900
-18800
-19050
-17275
-14175
-12775
-13950
-12725
-10375
-10550
-7475
-5975
-8050

-9250
-6850
-5550
-5675
-6050
-5625
-8950
-8200
-7475
-7975
-9925
-9750
-10150
-12200
-13275
-13375
-14525
-15775
-14250
-14550
-17000
-18175
-18575
-17125
-16150
-15725
-16075
-19050
-17150
-15600
-14050
-13500
-13875
-13850
-13900
-11825
-9575
-10075
-10525
-9350
-8800
-7100
-8250
-8225
-8350
-8500
-5800
-5825
-7800
-10575
-10700
-7950
-7200
-7150
-9825
-14500
-14075
-11825
-8375
-10075
-13700
-16750
-18325
-16225
-11550
-12850
-16275
-19925
-20525
-19475
-14875
-14250
-17200
-22000
-21475
-20075
-17550
-17300
-18325
-20575
-22550
-20425
-19850
-21150
-21500
-21725
-23300
-23300
-24600
-24925
-26825
-26625
-25600
-27400
-28925
-31450
-31775
-30750
-30050
-29650
-31325
-35150
-34050
-31600
-30150
-30175
-30875
-31100
-30125
-28725
-26575
-25275
-24475
-24425
-22475
-19825
-19500
-18425
-15775
-16350
-13050
-10900
-11625
-12625
-9825
-7875
-7525
-6050

-5675
-8700
-7475
-5600
-5375
-5850
-6775
-7150
-9475
-8725
-8325
-9275
-11825
-11350
-11925
-13925
-14025
-15000
-15900
-15975
-15000
-16000
-18550
-18050
-17325
-16325
-15875
-15725
-16750
-17075
-15825
-12975
-13350
-12525
-12700
-12525
-10925
-9975
-9300
-8875
-9625
-7575
-7225
-6850
-8750
-8925
-7350
-6225
-5800
-6525
-10875
-11275
-9675
-6925
-7325
-10025
-12425
-15725
-13950
-10050
-9350
-12725
-16850
-17800
-17825
-14575
-11575
-14725
-19675
-21225
-19450
-16400
-15100
-16125
-19400
-22200
-20525
-18200
-17450
-18525
-19600
-21100
-21800
-20950
-19950
-22225
-23100
-22350
-24050
-24125
-25775
-27725
-27175
-27675
-26925
-28525
-31400
-32325
-32000
-29650
-30925
-31125
-32825
-33725
-31875
-30350
-29800
-29275
-29000
-29350
-26875
-25675
-24400
-22700
-22750
-20500
-17425
-17525
-17425
-15725
-12900
-12725
-9400
-8950
-10825
-9850
-6600
-6375

-5475
-5150
-6500
-7575
-6425
-4675
-6200
-6575
-7475
-8875
-9400
-9075
-9875
-11825
-12325
-12525
-13550
-15000
-15125
-16150
-16025
-15850
-16375
-16825
-18325
-16925
-16250
-15400
-14625
-15675
-16025
-14750
-12900
-11800
-11900
-11475
-10475
-10175
-8950
-8825
-9225
-7575
-7425
-5700
-5825
-8250
-8925
-8100
-5850
-5725
-6725
-8475
-12450
-11350
-8000
-7350
-8550
-12475
-15075
-15400
-12425
-8775
-12400
-14850
-19075
-18000
-16125
-12600
-13475
-18000
-20900
-19800
-17950
-15775
-15825
-17525
-21200
-21050
-19250
-16975
-18900
-19200
-20375
-22050
-21025
-20425
-22775
-23325
-23525
-23050
-24875
-26675
-27025
-29500
-27275
-28175
-28925
-30325
-32825
-31825
-31075
-31100
-30475
-31600
-32700
-31975
-29900
-28975
-27675
-27550
-27825
-25475
-24100
-22650
-22550
-19400
-19275
-16575
-14625
-15825
-15000
-11725
-10825
-8950
-7475
-8150
-9900
-6750

-5250
-5300
-4775
-5075
-7500
-7350
-5525
-5750
-6850
-8450
-8350
-10275
-10825
-10200
-12050
-13125
-13575
-13400
-15250
-15450
-16250
-15850
-16500
-15775
-16100
-16875
-17175
-16125
-14875
-14575
-14200
-13625
-14200
-12675
-11125
-11350
-10500
-9550
-8800
-7775
-8625
-8525
-7900
-6825
-5075
-6625
-5950
-9750
-8525
-7125
-5275
-6100
-8900
-11500
-12550
-10325
-6175
-8825
-11125
-15250
-15575
-14500
-10600
-10675
-14475
-18325
-18400
-17050
-14100
-13500
-15575
-19825
-20825
-18875
-16025
-15900
-17150
-19250
-21275
-20050
-17875
-17925
-19575
-20450
-21325
-21750
-21850
-21875
-24525
-23750
-24250
-25525
-26000
-28825
-28625
-29575
-28475
-28600
-30300
-31950
-32675
-31950
-30950
-30075
-30100
-31325
-31550
-28650
-28200
-27975
-25350
-25750
-24000
-22075
-21750
-21325
-18050
-16900
-15200
-13025
-12900
-14150
-11075
-8425
-8425
-6350
-6275
-8275

-7275
-5325
-3675
-4500
-5325
-6525
-7400
-6650
-6000
-6725
-8550
-9925
-10025
-11050
-11875
-12000
-13275
-14525
-14175
-14200
-15750
-16450
-17200
-15575
-16300
-15450
-15675
-17300
-15025
-14950
-13650
-13600
-12850
-11650
-11600
-10900
-10375
-9625
-8850
-7675
-7500
-6725
-8875
-7100
-6850
-5450
-5125
-5925
-8700
-9675
-7975
-4875
-6325
-8175
-11275
-12775
-11000
-8825
-7775
-11025
-14975
-15825
-15750
-12300
-11025
-12875
-17150
-19400
-17900
-15850
-14225
-14850
-17950
-20925
-19475
-17025
-15850
-17300
-18275
-20550
-20600
-18725
-18000
-20350
-20850
-20800
-22325
-22025
-23475
-23700
-24875
-25525
-25600
-27175
-28150
-30025
-29775
-28675
-30750
-29300
-31325
-32800
-31975
-30200
-30425
-29650
-30125
-29550
-27900
-27750
-26825
-24825
-23200
-22925
-20425
-19175
-20300
-17225
-14350
-14700
-12200
-10050
-12075
-11450
-7750
-6175
-6525
-5300

-6300
-7700
-5750
-3550
-4350
-5325
-6475
-7025
-7775
-7100
-6775
-8850
-10675
-11050
-11100
-12475
-12525
-14025
-14675
-15575
-14300
-15350
-17250
-16725
-15775
-16300
-15375
-15350
-15225
-15700
-14050
-12650
-13000
-11675
-10500
-11325
-9950
-9875
-9275
-8050
-6875
-6000
-6550
-7375
-8325
-7525
-4775
-5100
-5775
-7500
-10300
-8375
-7500
-5275
-7950
-10350
-13125
-12775
-10750
-8300
-10125
-13500
-17350
-15375
-14825
-11800
-13025
-15100
-19850
-19100
-16825
-14050
-15400
-17200
-19575
-20600
-18475
-15950
-17000
-18750
-19225
-20600
-19650
-19750
-19050
-21650
-22000
-22025
-23400
-23125
-24775
-26275
-25650
-27375
-26750
-28425
-30125
-30950
-30225
-30000
-30050
-31200
-31400
-31600
-30600
-30375
-29625
-28075
-28500
-27125
-25675
-26000
-23850
-21350
-21250
-19600
-16625
-17450
-17900
-13525
-11325
-11150
-9600
-8900
-10900
-8175
-5600
-5025

-5100
-5625
-6275
-6275
-4750
-3800
-5400
-6550
-7825
-7325
-8725
-8400
-9025
-11350
-12300
-12075
-12500
-13875
-14475
-14850
-15850
-15400
-15725
-15725
-16950
-16375
-15775
-15850
-14225
-14175
-14775
-13675
-13100
-11825
-10925
-10625
-9450
-9325
-8825
-9250
-8475
-6475
-5825
-6250
-6200
-8875
-7475
-6275
-3975
-5800
-8375
-9325
-10675
-8975
-5775
-6600
-10550
-14200
-13125
-12850
-10250
-9275
-12575
-17125
-17575
-15050
-13450
-13300
-14400
-18725
-20625
-17875
-14975
-15875
-16925
-18100
-20350
-20100
-17575
-16150
-19700
-19425
-20175
-21450
-20200
-19625
-21350
-23050
-23675
-22950
-24475
-26400
-26700
-27425
-27700
-28350
-28500
-30250
-31975
-29975
-30850
-31325
-30375
-31200
-31300
-30575
-30100
-29700
-26600
-27675
-26675
-23650
-24450
-24275
-21025
-18375
-18500
-16000
-14425
-17225
-13675
-10225
-9400
-8450
-8125
-8625
-8950
-6050

