
Curva de Excitacao - Bobina Girante (Dados Brutos)

Arquivo..............: C:\Arq\Wiggler\Medidas Wiggler - Corretoras\Bobina Tungstenio\Gap60\Translado60_X=-20_#001.dat
Data.................: 27/01/2005
Hora.................: 15:08:36
Ganho................: 20
N. de Coletas........: 1
N. de Voltas.........: 10
Intervalo de Análise.: 4 - 8

19275
21375
22300
23325
22075
19900
20950
23175
22825
19525
18575
14850
12725
14500
13850
9350
5475
1650
-1225
-2900
-4375
-6850
-11525
-14175
-16725
-18575
-20950
-22450
-24000
-27225
-27375
-27975
-29150
-29450
-30000
-30000
-30550
-30475
-29000
-28175
-28450
-27425
-28725
-27025
-27175
-25900
-23750
-24175
-23850
-23975
-25075
-22175
-22400
-20975
-22175
-23325
-22200
-22450
-21425
-21575
-22525
-24225
-24350
-22725
-22725
-24100
-23950
-25625
-27525
-27125
-25750
-27000
-27550
-29825
-30925
-31700
-30775
-31400
-33375
-34950
-36700
-37150
-36725
-37625
-38175
-40475
-43025
-42750
-42950
-41150
-41850
-44125
-45250
-45700
-42900
-40925
-41600
-41500
-42800
-41225
-38150
-35025
-33125
-32400
-34075
-31400
-27125
-22600
-20375
-19650
-19575
-17650
-12800
-6875
-6725
-4350
-3875
-2050
1100
6925
9200
8150
9200
11375
13950
17150
20400
20150

18175
18950
22200
22925
24075
24875
21275
19100
21525
21775
20825
17775
15450
11225
9850
10800
8350
3325
175
-2750
-5775
-7850
-9450
-13225
-17150
-18525
-19675
-22975
-23750
-25550
-27200
-28475
-29175
-28300
-29675
-29275
-29500
-29875
-29225
-28875
-28925
-27200
-27025
-25575
-25750
-26475
-25150
-24350
-22275
-23250
-23575
-22325
-23250
-21675
-20650
-21225
-22175
-23375
-21075
-22325
-21300
-21550
-22775
-24775
-23750
-23000
-23825
-24150
-25300
-27200
-28325
-26750
-26825
-29025
-29150
-30775
-32550
-33425
-32275
-32650
-35775
-36475
-37525
-39900
-38350
-37750
-39825
-42725
-44175
-42400
-42075
-42300
-42350
-44450
-44475
-43725
-41075
-40175
-39800
-39725
-39950
-37450
-33925
-30550
-29775
-29750
-29200
-25975
-20675
-18075
-16125
-14725
-14925
-11350
-6275
-2325
-1675
-1075
1400
2700
7650
11600
12050
11400
13150
15625
17575
20925

22275
21050
19100
22075
23150
24375
23850
22825
20050
17625
20625
18975
16550
14075
10950
7175
5775
5250
1675
-2025
-5275
-8250
-11875
-12400
-14825
-18350
-20975
-23275
-23525
-25650
-26075
-27350
-29000
-29500
-29425
-29575
-28925
-29225
-28900
-27975
-29000
-27525
-27625
-25075
-25225
-25925
-24725
-24950
-23475
-21850
-22800
-22050
-22975
-21800
-22250
-21425
-20325
-21325
-22575
-22075
-21800
-22450
-22175
-21425
-23925
-25500
-23750
-23050
-25825
-25450
-26575
-28375
-28850
-28400
-28150
-30275
-30950
-32475
-35225
-33900
-33975
-34825
-37175
-39025
-39550
-39950
-39175
-39925
-42050
-43200
-43725
-43800
-41925
-41850
-42400
-43575
-43325
-41500
-38800
-37600
-37050
-38000
-36125
-32525
-29525
-27525
-26100
-25650
-23375
-20025
-15000
-13725
-11275
-10025
-9525
-5475
-450
1700
2825
4225
6225
7775
12325
15625
15725
15225
17025
18975

20925
24175
23425
22000
20850
23725
23525
23575
22850
20325
17750
16900
17350
15400
11750
9575
5900
2600
1975
-475
-4000
-7975
-10950
-13325
-15925
-16900
-19175
-22775
-23525
-25800
-26450
-27200
-28075
-28425
-29100
-29450
-29200
-29775
-27825
-28275
-27375
-27200
-27400
-25925
-24625
-24475
-24500
-24175
-22750
-23200
-22350
-20425
-21900
-22000
-22275
-21550
-21250
-20425
-19400
-21825
-22800
-22575
-22225
-22500
-21850
-22950
-24800
-24800
-24450
-25200
-26600
-26275
-27800
-29550
-28950
-28600
-30225
-32425
-33450
-34450
-35275
-34050
-35100
-37775
-39400
-39500
-41100
-40850
-40825
-40500
-43025
-44450
-43350
-43300
-40450
-41175
-41900
-42800
-40825
-38250
-36450
-34325
-34800
-33075
-31775
-27800
-25525
-22750
-21225
-21200
-17600
-13450
-10350
-8775
-7150
-5650
-3025
650
5175
6025
7700
8475
10075
13425
16750
18650
18350
18350

20275
21775
23600
24500
24625
21675
21675
23025
22775
21650
21200
17775
15100
14725
12900
9475
6325
4350
775
-1100
-2900
-6250
-11225
-13200
-16225
-17750
-19425
-21150
-22600
-25250
-26775
-27475
-27900
-28700
-28125
-28325
-27975
-29125
-28500
-27650
-28200
-26100
-26650
-25375
-25075
-24700
-23575
-23650
-22625
-22525
-23425
-21275
-21050
-20300
-20975
-21450
-21225
-21675
-20600
-20150
-21000
-21850
-22525
-22200
-22875
-23250
-22825
-23500
-25950
-24750
-26150
-25950
-27225
-28100
-29050
-30700
-29775
-31225
-32500
-33075
-34800
-36225
-35950
-37225
-37250
-38600
-40200
-41450
-42700
-40100
-40850
-42675
-43125
-43475
-42325
-41575
-40325
-40325
-40300
-39100
-37350
-35250
-32600
-31025
-30450
-29325
-26600
-23325
-20225
-18325
-16200
-15050
-12425
-7600
-6350
-3525
-1575
-125
2500
6475
9125
9575
11175
13425
14650
17375
20475
21275

20325
21475
22250
23325
24350
25775
23450
21725
21700
21825
20475
18925
17500
13725
11500
10550
7775
4125
1950
-900
-4475
-6825
-9025
-12050
-15525
-17400
-19200
-22375
-22700
-24125
-25825
-27325
-28125
-27825
-28725
-28125
-27900
-28425
-28575
-27400
-27725
-25975
-26375
-24975
-24100
-24825
-23825
-23800
-21700
-22200
-21600
-20900
-21850
-20800
-20525
-20825
-20825
-21225
-20500
-21125
-20975
-20375
-22075
-22275
-22975
-22675
-22950
-23100
-24125
-25400
-26600
-26250
-26725
-27750
-27925
-28775
-30625
-31800
-31975
-32600
-34450
-34275
-35600
-38350
-37525
-37650
-39300
-40875
-41375
-41875
-41325
-42375
-41225
-42975
-41925
-42325
-40800
-39850
-38475
-38425
-37100
-36400
-33350
-30725
-28375
-28475
-26475
-24950
-20450
-18200
-14925
-12275
-12550
-10225
-6300
-2875
-775
1575
3600
4100
7900
11075
12775
13525
15550
17225
17850
21075

23200
22525
21700
24050
24150
24175
24100
24475
21425
19750
21800
19350
16675
15925
12425
8075
6700
5650
3100
-975
-2825
-7300
-11675
-12000
-14375
-16450
-19575
-21100
-22425
-25700
-25775
-26575
-27775
-27875
-28275
-28325
-28450
-28575
-27475
-27075
-27750
-26025
-26350
-25300
-24150
-24900
-23350
-24150
-22100
-21875
-21850
-20950
-21400
-20900
-21475
-21225
-19150
-20600
-20525
-20700
-21100
-21775
-21700
-20375
-22775
-23175
-22975
-22825
-25000
-24650
-25025
-26200
-27550
-27225
-27750
-29850
-29150
-31350
-33250
-33775
-33200
-34225
-35875
-37300
-38175
-39125
-39250
-39400
-41025
-41350
-42350
-42700
-41775
-42250
-40775
-41775
-41650
-40950
-38625
-37025
-36050
-35325
-34200
-32325
-29350
-27400
-24800
-24125
-21175
-19075
-15725
-12975
-10725
-8225
-7325
-4750
-300
1825
3425
6225
7725
8550
11800
16000
16350
16800
18900
19500

20900
23600
24300
23000
23250
24000
23500
23625
23675
21875
19400
17425
17050
15425
12575
11075
7475
3225
1975
-350
-3575
-6925
-9375
-12750
-14800
-16850
-18825
-22225
-23050
-24700
-26050
-25950
-27550
-27775
-28100
-28725
-28650
-28425
-27475
-27650
-27100
-25650
-26900
-25875
-23850
-23950
-24150
-22800
-21675
-23100
-22250
-20000
-20825
-21900
-19725
-21125
-20725
-20950
-19350
-21325
-21625
-20800
-21675
-22375
-21750
-21850
-24125
-24125
-24050
-24700
-26150
-24975
-26400
-29075
-29250
-28300
-29975
-31325
-31700
-33300
-35625
-34525
-34525
-37725
-37550
-38275
-40475
-40875
-40450
-40200
-41875
-42425
-43275
-42650
-41025
-40750
-41175
-40925
-39975
-38425
-35750
-34775
-33425
-32425
-30125
-28200
-24725
-22450
-20275
-19475
-17325
-13750
-10550
-7800
-6075
-3775
-2550
375
4250
6000
8550
9775
11425
12950
16850
19275
18825
19900

