
Curva de Excitacao - Bobina Girante (Dados Brutos)

Arquivo..............: C:\Arq\Wiggler\Medidas Wiggler - Corretoras\Bobina Tungstenio\Gap60\Translado60_X=13_#034.dat
Data.................: 27/01/2005
Hora.................: 16:07:06
Ganho................: 20
N. de Coletas........: 1
N. de Voltas.........: 10
Intervalo de Análise.: 4 - 8

-16025
-18475
-17425
-16700
-17025
-16450
-15525
-12975
-15050
-15550
-14150
-13950
-13500
-10450
-10625
-11375
-11475
-9825
-10050
-7150
-6700
-5550
-8700
-5150
-4725
-2650
-3650
-3125
-4650
-3925
-2475
450
-1875
-2100
-5550
-4300
-2725
-1175
-1875
-3750
-6675
-6025
-5000
-2500
-3475
-5450
-6600
-8100
-4750
-3250
-3500
-7075
-8350
-8675
-7175
-6350
-4275
-10475
-12150
-14725
-12650
-13175
-11775
-17125
-21225
-25750
-20825
-22275
-22525
-27575
-30850
-36775
-33250
-31150
-30050
-36050
-38625
-42400
-39350
-35625
-31100
-35750
-40075
-40275
-36350
-30550
-26275
-27475
-32525
-31900
-28075
-22650
-18875
-18175
-22650
-23375
-22675
-16075
-15575
-13725
-18900
-20300
-20475
-17250
-16325
-15500
-19450
-20175
-21725
-20075
-19175
-19200
-19900
-20600
-22850
-21050
-19950
-20175
-20150
-20375
-21000
-21175
-19350
-17950
-19825
-18350
-18325
-18975

-18325
-16825
-15125
-17175
-16500
-15900
-16275
-15600
-12800
-13575
-14200
-13625
-12050
-13150
-10800
-9500
-9650
-11025
-8800
-7900
-6400
-5975
-5800
-6650
-5375
-3500
-1425
-3425
-1725
-4400
-3700
-1525
-225
-550
-2625
-4925
-4175
-2900
-1450
-1975
-4475
-5125
-7100
-3850
-2800
-2800
-5325
-7400
-6900
-4875
-4475
-1875
-7125
-8625
-9325
-7025
-6650
-6100
-10350
-13200
-16950
-12550
-14350
-13450
-18825
-22300
-26375
-24275
-23475
-23425
-29000
-32425
-36475
-35150
-33225
-30275
-35125
-39800
-41400
-38900
-35575
-31725
-33700
-38450
-38875
-34275
-29650
-25550
-26100
-28900
-29500
-27975
-20075
-18500
-16525
-22150
-21775
-20975
-16625
-14750
-14475
-18250
-19550
-20275
-17150
-16825
-17150
-18325
-19800
-22350
-20200
-18725
-18750
-20325
-20925
-21575
-21800
-19450
-19025
-20350
-20675
-19700
-20550
-19525
-18125
-17100
-18800
-18825

-17325
-17300
-16700
-14900
-16000
-16175
-15950
-14075
-14825
-13425
-12650
-12625
-13675
-11675
-11025
-9975
-10150
-8275
-9500
-8225
-6850
-5100
-6450
-4375
-5350
-4325
-2675
-1925
-1575
-2725
-3850
-2475
-1950
-250
-825
-2525
-4225
-5175
-2100
-2200
-2275
-4600
-5400
-5725
-4250
-3800
-2000
-6275
-6175
-7000
-4575
-4525
-2725
-6700
-8375
-10975
-6225
-8725
-6950
-11325
-13400
-17825
-15125
-15050
-15475
-20750
-23175
-27025
-26850
-25700
-24350
-29800
-34650
-36600
-36150
-34575
-31675
-34325
-40725
-41050
-38925
-34925
-32025
-32000
-36025
-36375
-34825
-27850
-24950
-23250
-26775
-27750
-26025
-20150
-17000
-15700
-19900
-20125
-21000
-16650
-14975
-14900
-17400
-19000
-20550
-17825
-17050
-16700
-18925
-20150
-21275
-21375
-18400
-18300
-20750
-21125
-20700
-21350
-19875
-19475
-18600
-20325
-19850
-18550
-19700
-17900
-16750
-17225

-18325
-17425
-15325
-16800
-15575
-14350
-15300
-15975
-13400
-13175
-12925
-12900
-10675
-13225
-11575
-9600
-8625
-9750
-7750
-7650
-7475
-6075
-4475
-4050
-3975
-4175
-3275
-2750
-500
-825
-2625
-3225
-3025
-625
-725
-825
-2225
-4900
-4850
-2725
-2475
-1075
-4575
-5100
-6325
-4450
-3150
-2300
-4700
-5975
-7825
-3950
-5050
-2950
-6750
-8325
-10850
-8525
-8400
-7975
-12025
-14900
-18100
-17100
-17150
-16225
-20975
-25825
-28050
-29200
-27325
-25950
-29950
-36075
-38100
-37175
-35125
-33050
-33450
-39400
-40500
-39400
-34025
-31825
-29800
-33725
-34575
-33750
-26800
-23300
-21650
-25050
-24925
-24850
-19050
-16575
-15200
-18525
-19100
-20150
-17025
-15375
-14425
-17325
-18800
-20050
-19075
-16725
-16550
-19925
-20525
-20625
-20325
-19375
-19375
-19225
-21100
-21075
-20200
-20250
-18925
-17900
-19625
-19675
-19500
-17000
-18050
-16925

-16750
-17025
-17125
-15250
-15650
-14900
-14575
-13450
-15050
-13800
-12100
-12200
-12450
-10675
-11325
-10400
-9025
-8100
-7425
-8200
-6675
-6400
-5650
-3475
-2925
-3350
-3225
-4050
-1575
-1575
150
-1225
-2450
-2900
-1700
-1400
475
-3525
-3450
-4825
-2375
-2675
-1550
-4225
-5300
-6850
-3375
-3475
-2700
-3850
-6275
-7525
-5650
-3975
-4350
-6750
-8500
-10650
-11075
-8675
-8975
-12700
-16800
-17675
-19675
-18925
-18225
-20875
-27925
-29325
-30150
-28450
-29125
-30125
-35600
-38625
-38400
-34475
-33800
-34100
-37725
-39250
-39125
-33625
-29825
-28175
-32225
-32200
-31475
-26150
-21450
-20250
-22425
-23625
-22900
-18925
-16000
-14450
-17275
-17775
-19650
-17500
-14600
-14625
-17000
-19150
-19275
-19225
-17175
-17750
-18575
-20625
-20625
-19850
-20525
-18550
-18875
-20200
-20900
-20050
-18475
-19625
-18375
-17775
-18825
-19275
-16800
-17000

-17100
-16275
-14800
-16900
-15850
-14450
-13925
-14650
-13000
-13100
-13450
-12250
-10675
-11350
-10900
-9575
-8850
-9350
-7375
-6100
-6750
-6300
-5550
-3525
-4175
-1725
-2125
-3500
-2575
-1200
-800
-550
-1175
-1450
-2925
-1800
-1500
-575
-2375
-3550
-4825
-2925
-2825
-2050
-3400
-5175
-5800
-4350
-3125
-2850
-4450
-5100
-7650
-6475
-5250
-4200
-6775
-9700
-10175
-12125
-11175
-10550
-13225
-17400
-19725
-20800
-20925
-21125
-21925
-28175
-31200
-31575
-30575
-30825
-31750
-34575
-38550
-39500
-35225
-34000
-33800
-36975
-37650
-38550
-32925
-28075
-27200
-30475
-30825
-28700
-25425
-20650
-18450
-20400
-21925
-21700
-18575
-15500
-14050
-15850
-17850
-19125
-17775
-15100
-14925
-16300
-19775
-19175
-19200
-18750
-17975
-18375
-20150
-20275
-21300
-19025
-20075
-18450
-19425
-20250
-20175
-18375
-18425
-18625
-17950
-17450
-18350
-17350

-15700
-16575
-16275
-14900
-15400
-15350
-14425
-12950
-13275
-13800
-12150
-12325
-12175
-10625
-9350
-10450
-9325
-9025
-7300
-7800
-4850
-5475
-5775
-5225
-3150
-2375
-1975
-2350
-1725
-3225
-825
-425
-200
-1000
-2225
-2975
-2725
-1625
-200
-2600
-4175
-5075
-3950
-2825
-2350
-3425
-4550
-6375
-4650
-3125
-3375
-3650
-7125
-6550
-7600
-5600
-5675
-6625
-10850
-12250
-13225
-12100
-13225
-13625
-19450
-22250
-23250
-21725
-23025
-24400
-29075
-32575
-34875
-32200
-30975
-32050
-36375
-39025
-40025
-37325
-32900
-32375
-35775
-37300
-36625
-32375
-28050
-25550
-27925
-28275
-27850
-24600
-19500
-17750
-18425
-20875
-20750
-18450
-15725
-13750
-15625
-18125
-18575
-17825
-16200
-15575
-16625
-18850
-19550
-20475
-18050
-18550
-18375
-19850
-21450
-20975
-19675
-18600
-19675
-19550
-18950
-19775
-19225
-17400
-18250
-17700
-17475
-16750

-17650
-15975
-14800
-15450
-16000
-14800
-14400
-14525
-12575
-12525
-12700
-12175
-12050
-11050
-10875
-8650
-8350
-9250
-8525
-6500
-6175
-4750
-5300
-4125
-4550
-3325
-1300
-1900
-1000
-2600
-2400
-750
-1200
100
-900
-3325
-2925
-2400
-1050
-1875
-2650
-3825
-5775
-4050
-1900
-2725
-3650
-5675
-4850
-6050
-3550
-2575
-4225
-7300
-7225
-7750
-7125
-6775
-7075
-12050
-14200
-13850
-13550
-14925
-15975
-20075
-24450
-25050
-23475
-24475
-26750
-30375
-33075
-36375
-34250
-31125
-33300
-37450
-38200
-39400
-37075
-33300
-31425
-35675
-36425
-34125
-30950
-27325
-24800
-25150
-27400
-26550
-22175
-18800
-17100
-18150
-19600
-19700
-18500
-15050
-14200
-15875
-18100
-18175
-17975
-16775
-16675
-16850
-18625
-20750
-20250
-18925
-18425
-19175
-19750
-19975
-21875
-19350
-18300
-19575
-19575
-18975
-18525
-19850
-17425
-16275
-17975
-17975

