
Curva de Excitacao - Bobina Girante (Dados Brutos)

Arquivo..............: C:\Arq\Wiggler\Medidas Wiggler - Corretoras\Bobina Tungstenio\Gap60\Translado60_X=-7_#014.dat
Data.................: 27/01/2005
Hora.................: 15:31:53
Ganho................: 20
N. de Coletas........: 1
N. de Voltas.........: 10
Intervalo de Análise.: 4 - 8

-3950
-3325
-2600
-2975
-5050
-5625
-5150
-4725
-6625
-6625
-6450
-8875
-9650
-10250
-12675
-13675
-12775
-13850
-15825
-17375
-16525
-17400
-17350
-16925
-20225
-21300
-19800
-17475
-14725
-16125
-18475
-21225
-19750
-14275
-11750
-11700
-13500
-15650
-14675
-8440
-9125
-9800
-11550
-10300
-9675
-8925
-7475
-10050
-11900
-10125
-9000
-8025
-9375
-11000
-13500
-13150
-9875
-11000
-13175
-14200
-16375
-14625
-12625
-12400
-16375
-19500
-18200
-17525
-15775
-15075
-17325
-20400
-21150
-19200
-18500
-18425
-18400
-20675
-21975
-20925
-22175
-22175
-23475
-22325
-22050
-23825
-25675
-26925
-29275
-26825
-25100
-28900
-30775
-33350
-32275
-31150
-29875
-31200
-35900
-36425
-34850
-32950
-30050
-31100
-33850
-34925
-32775
-28475
-26275
-27100
-27700
-27525
-23675
-21175
-19625
-18825
-19100
-16875
-13775
-11750
-11425
-11075
-10775
-8175
-5725
-4125
-4825
-6275

-5400
-4700
-1925
-2225
-3275
-5125
-6125
-5100
-4425
-6275
-6750
-8925
-9475
-10550
-11650
-11950
-13500
-13775
-14200
-16450
-18225
-18350
-18700
-15600
-15900
-17600
-20750
-21250
-18300
-15825
-14375
-16300
-17975
-17225
-15325
-13125
-10875
-13100
-12975
-12750
-11050
-8675
-9050
-9675
-11150
-9775
-8475
-7300
-8925
-10225
-11075
-8000
-8925
-9475
-11425
-13150
-12225
-10850
-9375
-11900
-15350
-16850
-15875
-13450
-11975
-14625
-17675
-19200
-19275
-15625
-15725
-16175
-19225
-21300
-19900
-18525
-17700
-19625
-20650
-20850
-21625
-21475
-21500
-23450
-22775
-22900
-23750
-26150
-27900
-28425
-27075
-27000
-27225
-31225
-32850
-33950
-33075
-29575
-30675
-33350
-35725
-35450
-33675
-30850
-29325
-31550
-33200
-31125
-27600
-27000
-24825
-25000
-24850
-22025
-19325
-18050
-17950
-16300
-14475
-12275
-9800
-8825
-10375
-9275
-6950
-3850
-3000
-3575

-4325
-5475
-3925
-1500
-2025
-2800
-5025
-5400
-6325
-5875
-5300
-7800
-9150
-9300
-11500
-12200
-13475
-14025
-14275
-13925
-15250
-17250
-19400
-19000
-16700
-15725
-16325
-18800
-19625
-18825
-15625
-14225
-14600
-15975
-16075
-14850
-11075
-10775
-10925
-12050
-12100
-10400
-8450
-8300
-8750
-9900
-8875
-8600
-7625
-8675
-10600
-10425
-8725
-7850
-9225
-11700
-12950
-14500
-11250
-9075
-11800
-14250
-16875
-16650
-14975
-12725
-13500
-16775
-19625
-18850
-17475
-15675
-16075
-18350
-20775
-20325
-18675
-18450
-19200
-20025
-21400
-21725
-21850
-22250
-23675
-23925
-23125
-23900
-26675
-27525
-29050
-29875
-27025
-27125
-30225
-32775
-34650
-33525
-31725
-29275
-31900
-34650
-35175
-32950
-30600
-29200
-29175
-30575
-29600
-27200
-24700
-24300
-23225
-21500
-21200
-17775
-16150
-15550
-15350
-12900
-10425
-8750
-7025
-7625
-8625
-6700
-2800
-2575

-2125
-4150
-4150
-4925
-2875
-750
-3225
-5125
-6000
-7225
-6525
-6825
-7600
-9500
-11425
-10850
-13550
-14575
-14750
-15125
-15025
-15350
-17050
-19125
-19700
-17525
-15625
-16850
-16850
-18350
-18450
-16100
-13875
-13025
-15250
-14325
-13975
-11950
-10150
-9325
-11050
-10600
-9500
-8525
-7425
-9375
-9250
-9225
-7100
-7825
-8600
-10125
-10950
-9650
-7750
-9100
-10375
-13925
-14150
-12675
-10400
-10075
-13500
-16800
-17425
-16600
-13075
-13050
-15700
-18875
-19925
-17325
-16275
-16200
-17800
-19550
-20300
-20000
-18375
-18950
-20825
-20350
-21525
-22950
-23025
-23450
-24325
-23900
-24350
-25600
-28175
-30575
-30250
-29300
-27650
-29250
-32875
-34275
-34525
-31975
-30925
-31000
-32825
-33925
-32725
-30300
-29325
-27925
-27850
-28950
-25800
-23475
-22400
-21725
-19900
-19300
-16075
-13900
-12850
-14800
-11850
-8775
-7000
-5575
-5350
-7275
-6025
-3800

-1225
-1475
-2950
-3450
-5175
-3375
-2075
-2275
-4675
-6675
-6250
-8325
-8400
-8300
-10325
-11725
-11650
-13525
-14800
-16525
-15525
-15100
-16300
-16100
-18550
-18950
-18325
-16125
-15425
-16200
-17150
-16675
-15875
-12650
-12800
-13225
-13200
-12775
-11050
-9325
-9500
-9150
-10125
-8550
-8000
-7775
-8250
-9350
-8500
-7175
-7625
-7700
-10450
-11150
-10375
-9025
-7500
-10975
-13400
-14475
-14025
-11200
-10450
-12525
-16675
-18375
-15700
-14975
-13800
-14850
-18000
-19350
-18975
-16900
-16400
-17875
-18350
-20375
-20625
-19000
-19425
-20700
-21750
-21650
-22175
-23500
-24300
-25550
-25750
-25150
-25200
-28675
-30100
-31225
-29800
-29150
-30225
-30975
-33925
-34225
-32600
-31425
-30900
-31375
-32000
-31950
-29700
-27975
-27300
-26550
-26275
-24275
-21800
-19800
-21000
-18650
-16025
-14300
-12600
-10500
-12425
-11125
-7725
-5300
-4275
-4200
-4925
-6225

-3425
-675
-425
-2175
-3825
-3675
-4800
-3150
-2525
-4475
-6875
-7825
-8100
-9400
-10075
-10275
-12200
-13475
-14125
-14500
-16775
-16700
-15650
-16250
-16800
-16975
-18325
-18750
-16025
-15225
-15150
-16150
-16050
-15450
-13150
-12100
-11550
-12375
-11650
-10200
-9075
-8875
-9625
-9075
-8000
-7975
-7400
-7850
-9750
-9050
-7575
-6875
-7925
-10125
-11300
-12275
-9800
-8250
-9825
-12625
-15650
-14300
-12950
-11075
-11850
-15650
-18150
-17700
-15675
-14275
-15200
-16375
-19575
-20375
-17875
-16550
-17300
-19275
-19325
-20925
-20575
-19425
-20375
-22550
-21775
-22525
-24375
-24675
-26750
-25775
-26450
-26725
-27675
-30525
-31725
-31100
-30700
-30050
-31625
-32250
-34300
-33025
-31600
-29850
-31050
-30725
-30975
-29175
-26000
-27250
-25050
-24100
-22175
-20700
-17925
-19200
-17525
-14925
-11625
-11650
-9275
-9500
-10275
-7250
-3975
-2925
-2700
-4575

-3775
-4375
-1250
-325
-1550
-3675
-4375
-4550
-4375
-4125
-4500
-7900
-8575
-8950
-10050
-10875
-11600
-12625
-14025
-14625
-14825
-16275
-17525
-16925
-16175
-16325
-16775
-18050
-17750
-16850
-14575
-14525
-14875
-14600
-13675
-13075
-11350
-11325
-10350
-10200
-9500
-9100
-8500
-8700
-8275
-8250
-6500
-7500
-7575
-9275
-9800
-7850
-6675
-7175
-9925
-12250
-11375
-11375
-8400
-9300
-11875
-15475
-14850
-13800
-12325
-12525
-14000
-17550
-18650
-16450
-14950
-14150
-16700
-18600
-20100
-18800
-17075
-17650
-18925
-19450
-20125
-20500
-20525
-21425
-22650
-22700
-23225
-23675
-25600
-26000
-27200
-28300
-27350
-28450
-29350
-31775
-32450
-31000
-31200
-30350
-31650
-34150
-32050
-31025
-30675
-29650
-28800
-29075
-28175
-24950
-25000
-25025
-21700
-19825
-19625
-17050
-15675
-16525
-13700
-10425
-8975
-7800
-7275
-7825
-6925
-4475
-1100
-1800

-3000
-4225
-2800
-2300
-1600
-325
-3150
-5625
-4800
-4800
-5800
-5950
-7425
-9950
-10975
-9875
-11350
-13225
-13400
-14300
-15200
-15725
-16075
-17950
-17200
-16375
-15750
-17050
-16750
-17150
-16400
-14725
-14200
-13325
-13650
-13250
-12025
-11200
-10525
-9600
-9725
-8425
-8650
-7575
-8650
-9425
-7550
-6375
-6425
-7800
-9275
-10000
-9325
-7825
-6450
-9100
-11525
-13150
-11975
-10300
-10125
-10375
-14975
-16475
-14975
-13300
-12325
-13975
-15900
-19375
-17975
-14850
-15375
-16825
-17650
-19525
-19775
-18400
-16725
-19575
-20175
-20325
-21300
-21575
-21450
-22575
-24075
-23900
-24800
-25500
-27175
-29125
-28050
-28600
-28475
-29225
-31700
-32850
-32075
-30600
-31675
-31775
-31300
-32700
-30625
-29575
-29675
-28475
-26275
-27175
-24425
-22850
-23350
-21250
-18675
-16975
-15425
-13400
-14400
-13500
-9775
-6800
-6725
-5200
-7025
-6050
-4500
-1400

