
Curva de Excitacao - Bobina Girante (Dados Brutos)

Arquivo..............: C:\Arq\Wiggler\Medidas Wiggler - Corretoras\Bobina Tungstenio\Gap60\Translado60_X=16_#037.dat
Data.................: 27/01/2005
Hora.................: 16:13:16
Ganho................: 20
N. de Coletas........: 1
N. de Voltas.........: 10
Intervalo de Análise.: 4 - 8

-21875
-18825
-14950
-13100
-14700
-15800
-20250
-18150
-14900
-11450
-11250
-11250
-13250
-13525
-12900
-9375
-9125
-9400
-9175
-7300
-6300
-4125
-5075
-7025
-9900
-6850
-2650
-975
1500
-3600
-8550
-10900
-6975
-1550
0
-2200
-6500
-10025
-7525
-5900
-2025
-4150
-8075
-8525
-4200
-2125
1125
-3975
-7025
-10325
-5275
950
3225
-425
-4900
-12350
-10425
-5125
-375
-4175
-10650
-16925
-19350
-15875
-10900
-13175
-20400
-29775
-33600
-30625
-26125
-24350
-30950
-42550
-46800
-42300
-37025
-36575
-40975
-48375
-55150
-47325
-37650
-35200
-40950
-45400
-52800
-45550
-32425
-23725
-28400
-35300
-40700
-35225
-24500
-15400
-17850
-22950
-30000
-26575
-19100
-12175
-13125
-17800
-23350
-24850
-19850
-13075
-14225
-19125
-21700
-23525
-20875
-17150
-16350
-19525
-22775
-23350
-19675
-19375
-16000
-18250
-21800
-23025
-20275
-16625
-15825
-17075

-17150
-21300
-18975
-15850
-13700
-15075
-15475
-16000
-16075
-14925
-10150
-11575
-13375
-12975
-11675
-10875
-7150
-5875
-8750
-10900
-8850
-5675
-5175
-875
-4075
-6800
-8300
-4925
-2425
-775
-2350
-5050
-9275
-4625
-3425
-1025
-3650
-8100
-9825
-6300
-3675
525
-3450
-7100
-10750
-6675
-1300
1600
-275
-3375
-8950
-6250
-2475
1875
-300
-4475
-9125
-10475
-6825
-3375
-5525
-11075
-18150
-19650
-17950
-14725
-14275
-21875
-31225
-34950
-30850
-27875
-27900
-33750
-43600
-49050
-43750
-37000
-34925
-41150
-47700
-55650
-50375
-38975
-32275
-36550
-42725
-49050
-45150
-32100
-23225
-26475
-31300
-36375
-33150
-24000
-15200
-15675
-21700
-25775
-25850
-19475
-12250
-12375
-18475
-21950
-23175
-19200
-14275
-14575
-18175
-22150
-22600
-20450
-17875
-15775
-18125
-21750
-23225
-21550
-17750
-16500
-17350
-19325
-22475
-19625
-16750
-15875

-16475
-17150
-18575
-18075
-16525
-12000
-14200
-15175
-15450
-15225
-13400
-10050
-9125
-11825
-13175
-11025
-9950
-7100
-4200
-6225
-8950
-8725
-6125
-3800
-1675
-2475
-5525
-7800
-4150
-2825
-150
-1700
-6075
-8500
-5950
-3125
-350
-2400
-6925
-10525
-7575
-3050
-25
-1475
-4200
-10150
-6025
-3200
2400
-25
-2625
-6275
-7225
-3025
1500
-200
-4375
-10775
-10625
-8100
-6000
-5175
-11725
-19700
-22450
-19050
-17125
-17400
-22600
-32475
-38000
-33400
-29425
-29775
-35475
-42250
-50500
-46975
-38575
-34800
-40725
-46550
-53125
-50900
-39625
-30875
-35325
-40250
-46350
-41325
-31900
-22975
-23425
-28050
-33025
-31650
-23025
-14350
-15200
-19350
-24225
-24875
-19175
-13125
-12475
-17300
-21275
-22000
-19100
-16300
-14175
-17750
-20950
-23525
-21200
-17475
-16400
-18425
-19375
-23675
-20900
-17625
-16225
-17500
-19200
-20000
-19725
-18150

-13700
-15825
-17025
-17250
-17525
-15700
-13025
-11550
-14100
-15375
-13875
-12350
-10800
-7800
-9625
-11500
-11575
-8325
-6775
-4350
-5050
-6300
-8825
-5075
-3025
-1200
-2375
-5225
-6650
-4675
-2750
725
-2125
-5250
-8825
-6300
-3075
-1025
-1325
-6050
-9775
-6775
-3750
-100
-1100
-4300
-6825
-6675
-2125
1150
1250
-2300
-6350
-5900
-2900
-975
625
-4850
-10500
-12100
-8625
-8200
-8250
-11675
-20600
-24775
-20975
-18650
-20750
-24875
-32450
-39225
-37050
-31475
-31375
-36625
-43275
-49525
-48375
-40475
-35300
-39775
-45725
-51150
-48300
-38925
-31950
-33025
-37800
-42000
-39050
-30475
-22200
-21425
-25275
-29650
-29700
-21875
-14525
-14275
-17900
-22525
-22550
-19325
-13750
-12875
-16675
-20025
-21800
-19900
-15925
-15225
-17150
-19625
-22850
-21200
-17175
-16550
-18050
-19725
-20525
-21150
-18425
-15050
-18125
-18275
-18975
-18100

-17950
-14400
-13775
-16375
-17775
-14875
-15450
-13175
-11175
-12000
-14325
-13700
-11025
-9775
-8425
-7650
-9400
-11075
-7725
-5275
-3700
-4450
-6175
-6625
-5225
-2475
400
-2400
-4275
-6075
-4150
-2725
-50
-425
-5275
-8625
-5225
-3900
-1025
-1675
-5300
-8300
-6425
-3175
-475
-700
-2250
-6650
-4900
-2150
800
2000
-2050
-5875
-5700
-3025
-1625
-1500
-4275
-11075
-13400
-9750
-9750
-9925
-14125
-21100
-26075
-23850
-21325
-22350
-27675
-33800
-40100
-39000
-34500
-31775
-38150
-44075
-49875
-47925
-40975
-35725
-39225
-44975
-49425
-45975
-38275
-30700
-31000
-34850
-38800
-37825
-28025
-20875
-19100
-24450
-26750
-27000
-20700
-14150
-13625
-17725
-20125
-22200
-18725
-13775
-13700
-16350
-18700
-21625
-19975
-16150
-15175
-17575
-19600
-20625
-20975
-18200
-15700
-18400
-19275
-19950
-19425
-18125
-15825
-15550
-18200
-18600

-17425
-16050
-14700
-12975
-15600
-16400
-16150
-12600
-12125
-10800
-11650
-12575
-13075
-10125
-8550
-7200
-7725
-8550
-8725
-7225
-4450
-2500
-4025
-5450
-6125
-3700
-1775
-50
-575
-4525
-6850
-3500
-2175
450
-825
-4950
-7975
-6975
-2425
-1200
-800
-5025
-8050
-5875
-2900
-125
1300
-2525
-5900
-4400
-875
400
1725
-400
-6975
-6775
-2550
-2025
-2475
-5075
-11675
-15550
-12300
-9725
-11775
-16600
-22400
-27325
-26975
-23750
-22400
-29300
-36400
-41550
-40575
-35625
-33775
-36925
-44825
-50525
-47925
-41150
-36325
-37875
-42525
-46425
-46200
-36100
-29575
-28825
-32675
-35225
-35075
-27225
-18900
-18075
-22825
-24225
-25300
-20275
-13475
-13475
-16100
-19800
-20975
-18750
-13425
-13425
-16375
-19750
-20425
-20175
-15350
-14525
-18000
-19225
-20750
-20150
-18100
-15450
-16200
-19325
-20500
-18325
-18050
-14875
-15200
-16225

-18350
-17550
-14750
-14000
-13725
-13525
-15100
-15325
-12875
-9775
-10625
-11450
-11725
-11775
-10200
-6725
-5425
-7375
-8225
-7975
-6375
-3525
-1775
-1475
-5525
-5600
-3400
-2150
675
-200
-3150
-6575
-4500
-925
-675
-1275
-4250
-8025
-5825
-2200
-1325
75
-5200
-6875
-6125
-1425
450
1500
-950
-6375
-5275
-25
975
2200
-1125
-5800
-8050
-4875
-1825
-3475
-6375
-12400
-16525
-14700
-12675
-12600
-18000
-24075
-29800
-29475
-26700
-25175
-29550
-37675
-43250
-42075
-37875
-35125
-37850
-44250
-49650
-48625
-40700
-35675
-37025
-40600
-45100
-44800
-35425
-26375
-26500
-30625
-32925
-33425
-26375
-16950
-15775
-20375
-23075
-23625
-20350
-13925
-11400
-15250
-19525
-20175
-19600
-14500
-12450
-16025
-18775
-20475
-19775
-16950
-15625
-16350
-19750
-20300
-19925
-17950
-15800
-16325
-17925
-19550
-19700
-16200
-14800
-14875

-16325
-17350
-17825
-15000
-12650
-11925
-14075
-14300
-14200
-13400
-10125
-8200
-10750
-11400
-10550
-9000
-6850
-5600
-4625
-8250
-7550
-4500
-3000
-1175
-1625
-4325
-6150
-4250
350
150
300
-3475
-7100
-5275
-1725
-575
625
-4425
-7475
-7500
-3250
-850
200
-2325
-6600
-6375
-1650
525
1500
-125
-4600
-4650
-2275
2050
975
-1350
-5900
-8400
-6400
-4250
-3200
-7725
-14700
-17450
-16875
-15425
-15025
-18125
-26900
-32850
-31275
-28025
-27775
-31025
-38000
-44800
-45425
-38650
-35850
-38850
-42750
-48275
-49700
-42500
-34450
-34375
-39375
-41800
-42325
-35300
-25400
-24050
-27675
-31175
-29600
-25925
-17450
-14700
-17825
-21225
-22450
-20325
-14125
-11725
-14650
-18250
-20150
-19150
-15375
-13500
-15075
-19200
-20100
-19600
-18475
-15050
-16450
-17650
-20900
-20550
-17500
-15775
-16050
-17275
-18825
-19575
-16650
-14275

