
Curva de Excitacao - Bobina Girante (Dados Brutos)

Arquivo..............: C:\Arq\Wiggler\Medidas Wiggler - Corretoras\Bobina Tungstenio\Gap60\Translado60_X=-13_#008.dat
Data.................: 27/01/2005
Hora.................: 15:21:47
Ganho................: 20
N. de Coletas........: 1
N. de Voltas.........: 10
Intervalo de Análise.: 4 - 8

6425
7575
9375
10250
7000
5725
5225
5650
5350
4850
4775
1075
-775
-1650
-4750
-7175
-7750
-9475
-9825
-11325
-12625
-16200
-20050
-19900
-20325
-19900
-20000
-21000
-22500
-23700
-22725
-23450
-23175
-21850
-21250
-21100
-20300
-19650
-19700
-19700
-19275
-18575
-16675
-15025
-13325
-15850
-15225
-16625
-15325
-13075
-13850
-12400
-13500
-14300
-15000
-14900
-13375
-14525
-15150
-14050
-16450
-15675
-15925
-16300
-17875
-18900
-17400
-18275
-18125
-18000
-20000
-21400
-21700
-21675
-21900
-22275
-21800
-24500
-25325
-25125
-26275
-26450
-28525
-29750
-29375
-30350
-30925
-31125
-34400
-35075
-36725
-36250
-34950
-35725
-36425
-38150
-40550
-38400
-37975
-35575
-35150
-37050
-36000
-35325
-33025
-30650
-28075
-27800
-27675
-26175
-24700
-21450
-16750
-15150
-15300
-13000
-12125
-9800
-5825
-2225
-2750
-1625
-1075
1625
3100
7050
6925
5200

5625
6900
8225
8850
9250
8000
5600
5300
6650
3475
3725
1675
-1050
-2144175
-4600
-5150
-6000
-7625
-9925
-12800
-13150
-15925
-16225
-16400
-19175
-20450
-20175
-21600
-21450
-21775
-21500
-23475
-22575
-20850
-20425
-19950
-19850
-20475
-19500
-17900
-16750
-16150
-15825
-16400
-15550
-15825
-12775
-13400
-12400
-13775
-14850
-13725
-12600
-12250
-12675
-13500
-14075
-15100
-14425
-12825
-14925
-14775
-16525
-16075
-17250
-16625
-15125
-17550
-19450
-18825
-19925
-19100
-18600
-20100
-22025
-22700
-21600
-23400
-23700
-23700
-26125
-27275
-27150
-27175
-28850
-29525
-31550
-32725
-34000
-32050
-32725
-35475
-36600
-37400
-37200
-36875
-35975
-35650
-38100
-37800
-36875
-36225
-33775
-31900
-32050
-32500
-31450
-28550
-25300
-22800
-21500
-21025
-19475
-17200
-14950
-10300
-8275
-8575
-6850
-5000
-3550
350
2800
3525
2475
3975
6075
6900

9025
9550
8100
6975
7800
9075
7950
7750
6450
3550
2675
2925
1250
-1025
-3050
-4775
-7325
-8850
-9225
-11150
-13975
-15200
-16825
-17800
-18625
-19050
-20475
-22425
-21850
-21350
-21475
-21750
-21875
-22300
-21250
-20425
-18875
-19325
-19250
-18250
-18125
-16600
-15725
-13900
-15025
-16150
-14725
-13300
-12800
-12000
-12875
-13250
-14675
-13125
-11625
-13425
-12600
-14075
-14775
-15525
-13900
-13575
-15625
-16150
-15900
-18075
-17075
-15725
-17625
-19075
-20450
-18450
-20825
-19825
-19975
-22125
-23250
-23700
-23125
-24350
-24800
-25325
-27775
-29550
-28325
-28425
-30600
-31825
-33675
-33975
-34650
-34800
-34225
-36475
-37400
-37850
-37775
-36875
-35625
-35600
-36150
-37675
-35225
-33550
-30225
-30175
-29925
-28900
-26875
-24875
-20975
-18600
-18625
-17200
-14225
-13275
-9125
-6125
-4850
-5275
-3150
-500
525
4000
5875
5175
4875
6175

8275
8800
9775
10200
7075
7075
7650
8425
6300
5600
4425
975
-650
300
-2425
-4425
-6225
-8100
-10550
-12150
-12225
-15350
-17200
-17550
-18700
-18900
-20250
-20975
-21750
-22550
-21825
-20675
-21375
-20925
-21550
-20625
-20075
-18900
-17650
-17450
-17950
-17400
-16200
-14950
-13650
-14225
-14225
-14850
-13050
-12225
-12500
-11700
-13450
-13600
-14050
-13125
-11825
-13100
-13750
-14350
-15525
-15625
-13950
-14050
-16375
-17400
-16775
-18050
-17650
-16950
-18525
-19875
-20200
-20625
-20750
-21400
-20650
-23725
-25175
-24100
-24650
-24575
-26150
-28575
-29850
-29800
-30300
-30275
-32375
-33725
-35350
-36075
-35175
-35600
-34625
-37050
-38625
-37525
-36675
-35600
-34150
-35400
-34900
-34750
-32700
-29600
-27600
-26975
-25950
-25250
-23575
-19900
-16075
-13900
-14625
-12925
-9675
-8925
-4625
-1825
-1800
-1525
675
3100
4150
6575
8325
6475

6675
8325
9125
9825
9625
9575
6425
6325
7025
5750
5025
2575
750
-2100
-2900
-3175
-5450
-8325
-9400
-12275
-13825
-14050
-15800
-17550
-19375
-19250
-19700
-20750
-20900
-21875
-22250
-21625
-20925
-20725
-19375
-20675
-19975
-19875
-18325
-16600
-16175
-15800
-17600
-15400
-14150
-13400
-13050
-12625
-13825
-13475
-13350
-11325
-12100
-12100
-12575
-14750
-13175
-13050
-12150
-13800
-14625
-15125
-15625
-15625
-14425
-16350
-16700
-17550
-18075
-18025
-18225
-17150
-19925
-21400
-20850
-21400
-21250
-21500
-22850
-25075
-26250
-24850
-26300
-27425
-28225
-29950
-31750
-31225
-31575
-32475
-33225
-35725
-36325
-36150
-34825
-34850
-36025
-37150
-37525
-36500
-34925
-34275
-33250
-33500
-32975
-30750
-29625
-25800
-24375
-24225
-23100
-20450
-18125
-15300
-11850
-11150
-10225
-8225
-6100
-4150
-450
1650
1425
1875
4400
4975
7175
8675

9200
7525
7925
10100
8725
9350
9425
7375
5400
5200
5025
2375
1125
550
-3300
-4150
-5550
-7325
-9625
-11900
-12100
-15425
-15500
-15550
-18475
-19475
-20200
-20875
-20050
-21150
-20400
-22025
-21850
-20775
-19575
-19950
-18775
-19400
-18475
-17900
-15900
-15475
-15500
-14925
-14725
-14625
-12675
-12250
-12175
-12800
-13400
-12700
-12150
-11650
-11625
-12850
-13100
-14325
-13425
-12475
-13300
-14725
-14975
-15325
-16050
-16050
-14975
-17300
-17550
-18550
-18550
-18525
-18500
-19500
-21375
-21875
-21475
-22400
-22775
-23225
-25225
-26250
-26875
-27800
-27750
-28050
-30800
-31925
-33350
-31750
-32425
-33425
-35075
-36700
-36400
-36275
-36175
-34700
-36825
-36725
-36225
-35850
-33325
-31775
-30275
-31350
-30050
-27900
-25000
-22625
-20775
-20400
-18150
-16800
-13800
-10550
-6875
-8225
-5800
-3975
-2325
575
3500
3475
3850
5000
6850
7225

9625
10400
8225
9000
8250
10025
8150
8900
7425
4425
3625
3075
1925
-150
-1800
-3700
-6675
-8275
-8100
-11975
-12825
-14350
-16125
-17400
-17825
-18375
-20625
-21075
-20800
-21400
-21425
-20100
-21925
-21575
-20750
-19575
-19100
-17700
-17650
-18400
-17175
-16225
-14900
-13825
-13500
-14675
-14275
-12800
-12275
-11450
-11875
-12025
-13825
-12425
-10875
-12550
-12325
-13050
-13700
-14400
-13825
-13625
-14550
-15250
-15300
-16875
-16450
-16100
-16450
-18250
-19425
-17975
-20050
-19525
-18600
-20975
-22350
-23075
-22450
-24000
-24325
-24000
-27175
-28700
-27875
-27975
-30300
-30525
-32575
-33475
-33475
-34275
-34150
-35200
-36450
-37000
-37075
-36200
-35525
-34775
-35350
-36325
-34575
-32750
-30400
-29350
-29250
-27575
-26225
-24100
-21750
-18175
-17100
-16025
-14400
-12250
-8950
-5475
-3550
-3625
-1950
275
1075
4075
6975
5325
6100
7375

8900
9025
10200
10925
8000
8100
8425
7725
7100
6575
5225
1650
600
325
-2350
-3350
-5325
-7625
-10525
-10950
-11975
-14425
-16575
-16275
-18700
-18475
-19725
-20075
-21075
-22075
-20675
-20975
-20625
-19875
-20575
-20900
-19425
-18250
-16775
-16725
-17575
-16350
-15925
-14625
-13700
-13575
-12950
-13925
-12475
-12625
-12175
-11250
-11425
-13300
-13650
-12150
-12250
-12700
-13125
-13325
-15525
-14425
-13750
-14100
-15750
-16275
-16525
-17675
-17300
-16250
-18450
-18575
-19700
-20350
-20725
-20525
-20250
-23075
-23875
-23475
-24925
-24950
-25350
-27875
-29425
-29375
-29375
-30700
-32750
-31475
-34225
-35025
-35125
-34650
-34925
-35800
-37725
-37300
-36900
-35250
-34200
-34475
-34550
-34175
-32425
-29725
-28150
-26050
-25350
-24125
-23200
-20050
-15900
-14950
-13250
-11700
-9725
-8900
-4475
-1400
-1600
-100
1575
2100
3725
7275
8275
6925

