
Curva de Excitacao - Bobina Girante (Dados Brutos)

Arquivo..............: C:\Arq\Wiggler\Medidas Wiggler - Corretoras\Bobina Tungstenio\Gap60\Translado60_X=15_#036.dat
Data.................: 27/01/2005
Hora.................: 16:11:41
Ganho................: 20
N. de Coletas........: 1
N. de Voltas.........: 10
Intervalo de Análise.: 4 - 8

-19850
-17250
-17275
-14375
-15150
-17100
-18975
-15825
-14700
-14250
-11125
-11725
-13950
-13200
-12250
-11025
-9800
-8825
-7825
-8500
-6075
-5875
-6525
-7200
-6550
-4725
-2475
-2525
175
-5150
-6675
-7500
-5300
-2175
425
-2025
-5625
-9000
-7000
-51000
-1750
-3475
-5775
-7325
-5425
-5475
-1575
-4425
-5525
-8775
-4725
-2800
-250
-2275
-5575
-11775
-10075
-7025
-4400
-5875
-9800
-17325
-19975
-16725
-13675
-15550
-20075
-26525
-34325
-30975
-27325
-25175
-30625
-38025
-45075
-43700
-38900
-34575
-37900
-42325
-49825
-46700
-39925
-34825
-36125
-38700
-46275
-41625
-33175
-24375
-25450
-28800
-34900
-32425
-24375
-16150
-16975
-18975
-25650
-24925
-19450
-14450
-13300
-16025
-21175
-23650
-20525
-15050
-15175
-18125
-19625
-24275
-21400
-18500
-17575
-19700
-20800
-22225
-20750
-20450
-16600
-19050
-20750
-21500
-19800
-18625
-16350
-16675

-18075
-20425
-17675
-15975
-15575
-14300
-14800
-16350
-15675
-14450
-11925
-12150
-11975
-11800
-12525
-10575
-7825
-8350
-8250
-9150
-7475
-6525
-5275
-1850
-4350
-5300
-6250
-4525
-2850
-700
-1400
-3925
-7200
-4150
-4350
-800
-2775
-5200
-7400
-6650
-4900
-1550
-3375
-4700
-9175
-5825
-4575
-550
-1300
-3725
-8450
-6275
-4375
-1300
-2000
-3850
-9575
-11325
-8350
-6450
-7950
-10400
-16175
-20525
-19700
-16800
-16425
-22250
-27575
-33525
-32725
-30625
-27075
-33575
-38525
-45275
-42775
-39675
-34750
-37900
-42650
-49525
-47000
-40075
-32500
-32975
-35825
-43300
-41925
-31900
-23450
-23625
-25250
-30400
-31100
-24650
-16175
-14700
-17800
-21975
-23725
-21050
-14175
-12825
-16150
-19200
-22975
-20100
-16425
-15275
-18075
-20400
-21725
-21375
-19550
-16075
-19425
-20300
-21700
-20975
-20300
-16875
-17325
-19125
-21650
-18775
-18200
-16950

-15950
-16475
-18475
-17200
-16000
-14875
-14450
-14325
-13350
-15900
-12975
-11050
-10875
-11725
-11150
-10450
-10450
-7925
-5225
-7725
-7275
-6850
-6500
-4525
-1925
-1875
-4575
-5600
-2775
-3925
-1025
-750
-3325
-6025
-4550
-4175
-1375
-2500
-4150
-7750
-6275
-4450
-2300
-1750
-4000
-8050
-5950
-4725
-675
-1250
-2525
-6175
-7375
-4825
-2225
-2350
-4475
-9225
-11375
-10400
-8400
-8200
-12575
-16750
-21825
-21200
-20600
-17425
-24050
-29125
-35100
-33800
-33125
-30225
-33425
-39050
-46125
-44725
-40825
-35700
-37550
-40575
-47750
-47300
-39025
-32075
-31650
-34175
-39450
-38525
-31375
-23225
-21175
-23375
-27025
-28650
-23550
-16225
-13950
-16875
-19875
-23400
-19875
-15225
-13125
-15900
-18750
-21150
-20550
-18500
-15150
-17975
-19050
-22000
-21425
-19975
-17150
-18350
-19500
-22050
-19675
-19500
-17975
-16975
-18425
-19725
-18650
-17500

-16650
-16125
-15525
-16075
-18025
-14975
-13925
-13800
-13675
-13250
-14025
-12675
-11375
-9125
-11275
-9975
-9950
-9250
-7900
-5175
-5550
-6125
-7325
-4200
-4675
-1875
-1700
-3800
-4675
-4050
-3225
-275
-1800
-2325
-6050
-5375
-3875
-2150
-1375
-4575
-7150
-6475
-4500
-2125
-2000
-3550
-6550
-6450
-3175
-1975
-975
-2475
-5750
-7950
-4675
-3150
-2425
-6050
-8825
-12775
-11350
-11300
-8575
-14250
-18600
-23775
-23100
-22275
-20550
-24900
-30325
-37250
-35875
-35175
-32000
-34575
-38450
-45775
-46525
-40600
-36700
-37400
-40100
-45075
-45950
-37925
-31250
-31075
-32525
-35200
-36000
-30550
-22325
-19925
-22050
-24550
-26675
-22275
-16225
-13675
-16000
-19400
-21150
-20200
-15975
-13175
-16775
-18050
-20925
-20575
-18600
-16350
-16725
-19650
-21975
-20200
-19900
-18050
-17900
-18975
-20875
-20100
-18575
-17425
-18150
-17000
-18275
-19050

-17075
-15100
-15875
-15950
-15500
-16025
-15725
-13550
-12025
-13775
-12525
-12200
-11850
-11000
-9100
-8800
-9700
-9400
-7075
-7250
-4750
-4225
-5850
-6150
-4175
-3175
-1175
-2050
-2150
-5800
-3475
-2375
-550
-825
-3200
-5225
-5300
-4375
-2600
-1575
-3825
-6400
-6525
-3650
-2650
-2125
-2975
-5075
-5975
-3000
-1325
-725
-3225
-4800
-7475
-5400
-3975
-2575
-7325
-10250
-12500
-12575
-12700
-10700
-15525
-20650
-24900
-24025
-24625
-23575
-26325
-31075
-38750
-38175
-35175
-33800
-36000
-39300
-45575
-47100
-40875
-35225
-36775
-39875
-42675
-43600
-38325
-30075
-27725
-30625
-32675
-33800
-28675
-21625
-17325
-20800
-22650
-24500
-21150
-16550
-12925
-16125
-17775
-20850
-19275
-16300
-14025
-16150
-18325
-20950
-19800
-18750
-16550
-17175
-19600
-20750
-20625
-18900
-18350
-18350
-18475
-19475
-20225
-17950
-17125
-17300
-17350
-17375

-18100
-16625
-14650
-14150
-17000
-14550
-14925
-14275
-13025
-11275
-12500
-12925
-11775
-10050
-10975
-7825
-7500
-9050
-8125
-6425
-5750
-4775
-4025
-4025
-5575
-3450
-2000
-2000
-675
-2900
-4275
-3450
-2400
-350
-1350
-3000
-5225
-6650
-3025
-2750
-1075
-3675
-5800
-6500
-4000
-2325
-650
-2700
-4450
-5575
-3400
-1700
-725
-2600
-5875
-7025
-5675
-5900
-4000
-6350
-11050
-15350
-13850
-13775
-14025
-16375
-20975
-26950
-27775
-25275
-25375
-28600
-32400
-39650
-40925
-36650
-34200
-36075
-40375
-44800
-46825
-41500
-35800
-35250
-38500
-40475
-42225
-36200
-29375
-25550
-28600
-30650
-31475
-26575
-20050
-16275
-19700
-21000
-23400
-19850
-15925
-12850
-15150
-18100
-20075
-18725
-16525
-14000
-15400
-19025
-20850
-20175
-17825
-17075
-17800
-18175
-21100
-21250
-18575
-17375
-17800
-18300
-18875
-19450
-19000
-15675
-15575
-17725

-16925
-16825
-16150
-15500
-12850
-15050
-15125
-14575
-12450
-13250
-10625
-10400
-12325
-11725
-9925
-8200
-8025
-7025
-6700
-8350
-6725
-3600
-3975
-2400
-4100
-3850
-4175
-2625
175
-950
-1850
-3900
-4375
-1775
-1450
-325
-2875
-5925
-5925
-3450
-1950
-750
-3350
-5675
-6925
-3250
-2150
75
-1850
-4250
-5925
-3750
-1975
-175
-2100
-5400
-8425
-7075
-6075
-5775
-7100
-12000
-16650
-16175
-15275
-16475
-18400
-21400
-28475
-30725
-27975
-27125
-30250
-34600
-39025
-41875
-38550
-34900
-36000
-41900
-44375
-46000
-41575
-35600
-32650
-35875
-39875
-40875
-35450
-27875
-23675
-24925
-27825
-30500
-25500
-18850
-16475
-17100
-18700
-21725
-21375
-15800
-12225
-14750
-17700
-18450
-20425
-17225
-14300
-15525
-18400
-19825
-19700
-18850
-18250
-16550
-19025
-20000
-20775
-18925
-16800
-17725
-17850
-18425
-19725
-18550
-15500
-14800

-16050
-17725
-16250
-15925
-15350
-12475
-12675
-14775
-14125
-13075
-11775
-10775
-9950
-10100
-11400
-9750
-7225
-7125
-5650
-6550
-6375
-6600
-4150
-1400
-2025
-3100
-4275
-4500
-2050
-875
1100
-1500
-4525
-4150
-3125
-2075
150
-2625
-4650
-7050
-3950
-2375
-1175
-2600
-4150
-6600
-4050
-2025
575
-1400
-4325
-4875
-4575
-2050
-1425
-725
-6825
-8875
-8950
-7200
-7275
-7975
-12500
-18300
-19350
-17125
-18250
-19725
-24100
-29300
-32975
-30725
-29000
-31525
-36125
-39375
-43050
-41075
-36900
-36175
-40250
-43350
-45025
-42000
-35825
-31650
-33750
-36900
-38600
-33525
-26975
-23275
-23075
-25475
-26500
-25250
-18450
-15425
-15725
-18325
-19350
-20650
-16350
-13650
-13775
-16700
-19025
-19375
-17275
-16500
-15725
-18150
-18875
-20375
-19575
-17100
-18350
-18000
-19075
-20100
-20175
-16525
-16475
-17850
-18400
-18025
-18100
-17150

