
Curva de Excitacao - Bobina Girante (Dados Brutos)

Arquivo..............: C:\Arq\Wiggler\Medidas Wiggler - Corretoras\Bobina Tungstenio\Gap60\Translado60_X=6_#027.dat
Data.................: 27/01/2005
Hora.................: 15:54:45
Ganho................: 20
N. de Coletas........: 1
N. de Voltas.........: 10
Intervalo de Análise.: 4 - 8

-17900
-17600
-16350
-2040
-17875
-18425
-17025
-15750
-16550
-15825
-15025
-17075
-16750
-14200
-14800
-16225
-15425
-15675
-14050
-12500
-8975
-12125
-14850
-13275
-10650
-8250
-4850
-6825
-8975
-10150
-5675
-3650
-2450
-4350
-6675
-7025
-2100
650
750
-6825
-10450
-9175
-2000
2350
1050
-8700
-14425
-14275
-6150
475
-2400
-9875
-19050
-18525
-11525
-2950
-4500
-14925
-25075
-23400
-17725
-6975
-8725
-18400
-31550
-32800
-22875
-12675
-14125
-21975
-37025
-38350
-29575
-15975
-15025
-23725
-36775
-40600
-32525
-16025
-12750
-19750
-33125
-35450
-29375
-15475
-10450
-14850
-26550
-29000
-25050
-16550
-11400
-14975
-21400
-26200
-24700
-19675
-17100
-18700
-21875
-26525
-24700
-25175
-22800
-23825
-25325
-26375
-25750
-27025
-26000
-25250
-24225
-25825
-25925
-24700
-24475
-23950
-21725
-22225
-22675
-21675
-21100
-19900
-20325
-17600
-17750
-19950

-18700
-17425
-16225
-16225
-16300
-16675
-17975
-16325
-14825
-15550
-15575
-15775
-16350
-16325
-15050
-12575
-14575
-14925
-14875
-13750
-12325
-9850
-11075
-11225
-12125
-9050
-7150
-5650
-6100
-8350
-8475
-4925
-2250
325
-4250
-7325
-7225
-3525
1900
1550
-3600
-10250
-10400
-4575
1425
375
-5175
-14400
-14350
-9150
-300
-1525
-8325
-19300
-19025
-14875
-3850
-4200
-11575
-24025
-26425
-20775
-9575
-8575
-15475
-30075
-33525
-27900
-15450
-12950
-19925
-32725
-38975
-34200
-19650
-14325
-19825
-32775
-38350
-34000
-20750
-11875
-16900
-27200
-33500
-28400
-19425
-10750
-13825
-20925
-27775
-25075
-18600
-12675
-14850
-19025
-25600
-23275
-22100
-17700
-19075
-22500
-25100
-25650
-24800
-23425
-24425
-24300
-25625
-26800
-25675
-25500
-24800
-24450
-24250
-24475
-24600
-23775
-22675
-22075
-20450
-20275
-21950
-20475
-19525
-18125
-17000
-18025

-17600
-19350
-16525
-15750
-15575
-16025
-16225
-16975
-16850
-15450
-13275
-15025
-15650
-15875
-15800
-14700
-12400
-13025
-14225
-14425
-12675
-11550
-9925
-9100
-10275
-10650
-8375
-6300
-3575
-5425
-7300
-7550
-5600
-300
550
-1625
-7575
-7500
-4275
1525
1450
-1300
-9175
-10775
-7000
-25
950
-4550
-13000
-14900
-11750
-2675
-1275
-6375
-17900
-20750
-16400
-7675
-4725
-8975
-22250
-27775
-23875
-12275
-9900
-14800
-26050
-34100
-32000
-19425
-12800
-17950
-29350
-38375
-35625
-25050
-13750
-17800
-28325
-36650
-33925
-23925
-13750
-14725
-22275
-30950
-29100
-21525
-12175
-12675
-18025
-25700
-24825
-21050
-13800
-14425
-19625
-22975
-24125
-22550
-20000
-20425
-21450
-24700
-25675
-25050
-24750
-23950
-23950
-25050
-26575
-26250
-24750
-24775
-24750
-22925
-23250
-24250
-23375
-21925
-21475
-19925
-19925
-20100
-21175
-18700
-16725
-17475

-17425
-17225
-17550
-17425
-15675
-13900
-16075
-16550
-15775
-16350
-15450
-13700
-13650
-16275
-15975
-14200
-14325
-13025
-11825
-12600
-13950
-12300
-10275
-8850
-8425
-8900
-9250
-9775
-4650
-3075
-3625
-6800
-7000
-5450
-925
900
-125
-6050
-8300
-5225
400
1925
-100
-8675
-11225
-9375
-775
850
-2200
-12300
-16150
-13250
-5625
-1725
-4150
-16250
-21275
-19150
-10450
-5950
-8875
-19025
-28650
-25750
-17450
-10500
-14550
-22475
-34650
-33300
-24075
-13200
-17450
-26825
-36675
-35850
-28275
-15300
-15525
-24825
-34500
-32850
-26525
-15250
-12475
-18750
-28375
-28250
-21975
-14350
-11900
-16900
-21800
-25175
-21050
-16300
-15750
-18200
-21700
-23775
-23325
-22600
-19875
-22600
-23250
-25700
-26000
-25150
-23450
-24725
-24925
-25450
-25425
-25200
-23775
-23275
-22950
-22450
-23225
-23150
-21575
-19075
-19575
-19075
-19650
-19500
-18400
-16900

-15725
-16475
-17325
-16125
-17225
-15150
-14375
-14200
-16450
-16300
-14775
-15025
-14025
-13150
-14900
-16050
-14350
-12850
-11900
-11275
-11300
-12825
-12875
-8750
-7175
-6825
-8000
-9350
-8225
-4425
-2200
-1650
-5750
-6550
-5575
-725
1725
750
-5150
-8550
-6875
-625
2850
675
-7025
-12900
-9625
-4225
625
-25
-10450
-16850
-15075
-8350
-2550
-4725
-11950
-22775
-21450
-13225
-6675
-9500
-16725
-27175
-28600
-22450
-10650
-13750
-21975
-32875
-33525
-28525
-16350
-15125
-23925
-34850
-35450
-30100
-18900
-14750
-20800
-30475
-32700
-27075
-16675
-12525
-16925
-23475
-27500
-23375
-15475
-12250
-15650
-20325
-23000
-22525
-19075
-15350
-18050
-21375
-23575
-24250
-22675
-21250
-22125
-23550
-25400
-25450
-25375
-23825
-24525
-24900
-23900
-25150
-26000
-22575
-22025
-22575
-22175
-22100
-22075
-20850
-19075
-17275
-19775
-19050
-17675
-18150

-16750
-15100
-15050
-16975
-17150
-14900
-14925
-15200
-12950
-15600
-16800
-15600
-12725
-14425
-13200
-13475
-14575
-15925
-11000
-10700
-10600
-11300
-11475
-11500
-9375
-5800
-4675
-8050
-8375
-7025
-4725
-1050
75
-3700
-7750
-6075
-450
2150
1775
-3200
-9275
-7525
-2925
3275
950
-5375
-12225
-11225
-6875
550
-1375
-6925
-17475
-16500
-11025
-4125
-4200
-10875
-21275
-22950
-17650
-8200
-9400
-14900
-26075
-29775
-25500
-14125
-12825
-20100
-31350
-33150
-31100
-20800
-14825
-21025
-31200
-36025
-29925
-21825
-14650
-18200
-26325
-31875
-26650
-18300
-12500
-16075
-20625
-25275
-22875
-18475
-11400
-15825
-19100
-21850
-22575
-19850
-16850
-17550
-21500
-23425
-23900
-23850
-21825
-22100
-24175
-24025
-25675
-25825
-24200
-24125
-23625
-24075
-24300
-24750
-22775
-21650
-20750
-21875
-21150
-21275
-19975
-18450
-16850
-17650
-18500
-17800

-16900
-16075
-15000
-14175
-16725
-16825
-15925
-13575
-14775
-13450
-14300
-16075
-16000
-13100
-12650
-12975
-13050
-14150
-14125
-11950
-9175
-9075
-11600
-10850
-10275
-7425
-4825
-4000
-5675
-8900
-7100
-2825
-125
1150
-1800
-7250
-6850
-2600
3600
2075
-1500
-8400
-9400
-4675
2875
1050
-3200
-12475
-12875
-8575
-1325
-150
-6275
-15700
-18525
-13125
-5625
-4250
-9825
-19575
-24375
-20750
-11275
-8550
-14100
-25500
-30125
-27525
-18875
-12875
-18000
-28450
-35350
-31975
-23725
-15500
-18600
-27875
-35100
-31275
-23450
-14200
-17025
-22750
-29675
-26725
-20425
-12625
-14000
-18050
-23375
-23200
-19450
-13775
-13850
-18200
-21800
-21850
-21750
-17800
-18125
-21950
-23125
-24375
-23850
-22325
-22675
-23875
-24375
-25525
-25100
-24725
-22650
-23700
-23825
-23900
-23750
-22725
-20525
-20625
-20425
-20325
-21000
-18925
-18025
-16325
-16125
-18175

-18050
-16950
-14600
-14350
-14650
-14775
-17575
-15875
-13350
-13375
-13750
-14325
-15425
-15425
-13525
-11700
-12125
-13400
-13750
-13425
-11150
-8900
-7975
-9125
-11300
-9700
-7450
-4025
-2650
-4175
-7525
-7475
-3575
1300
1375
-1575
-6300
-7000
-3050
2625
2525
-700
-8025
-9825
-5175
-300
1400
-2025
-11025
-14250
-10700
-2500
-1625
-5200
-13850
-19300
-15775
-8250
-4025
-9800
-18375
-24875
-22850
-15550
-8525
-14325
-23400
-30825
-28425
-23100
-14700
-16725
-26525
-35275
-32125
-25525
-17150
-18450
-24600
-32800
-31450
-24175
-15150
-15750
-21050
-24925
-26350
-22325
-13550
-12575
-17575
-21575
-21625
-20350
-15825
-14000
-18425
-20350
-22900
-21125
-19875
-19650
-21350
-22400
-24100
-24975
-24700
-21800
-23900
-24550
-24625
-25325
-25050
-22550
-22375
-23200
-23225
-22875
-21900
-21300
-18825
-18675
-20075
-20250
-18750
-16800
-16625
-15475

