
Curva de Excitacao - Bobina Girante (Dados Brutos)

Arquivo..............: C:\Arq\Wiggler\Medidas Wiggler - Corretoras\Bobina Tungstenio\Gap60\Translado60_X=-17_#004.dat
Data.................: 27/01/2005
Hora.................: 15:15:07
Ganho................: 20
N. de Coletas........: 1
N. de Voltas.........: 10
Intervalo de Análise.: 4 - 8

14200
16525
17400
17150
16400
15675
12625
13850
15250
12350
13250
11225
8825
5000
2750
825
-2800
-3200
-3100
-6000
-8950
-11800
-17525
-19300
-19775
-19450
-20650
-22425
-22600
-25700
-27150
-27350
-27325
-25925
-26400
-25550
-25725
-25250
-24700
-24650
-25125
-23550
-23800
-20200
-19525
-20025
-21025
-21100
-20575
-19575
-17250
-16375
-17725
-18675
-18525
-19775
-17450
-17025
-18350
-19075
-19350
-18275
-18975
-19825
-19750
-23075
-21975
-20750
-20850
-21800
-23225
-23675
-26700
-27125
-24150
-2040
-27000
-27900
-30325
-31525
-31475
-30375
-33100
-35450
-34950
-35900
-36725
-36375
-38025
-39725
-41475
-42475
-39700
-39550
-38800
-40500
-43050
-42150
-40150
-37200
-35200
-36825
-37450
-35550
-33125
-28625
-26150
-24675
-25625
-25525
-21750
-51000
-13550
-9925
-10650
-9750
-8075
-3150
-100
2050
3900
3625
4675
8000
12000
12900
13300
12975

14625
14225
16225
18275
16175
15725
15750
15075
14150
13750
13000
8525
7300
6725
4500
2550
1025
-3050
-6175
-8800
-9575
-12425
-14225
-15250
-18500
-20200
-22125
-23200
-23800
-25175
-25450
-26075
-26625
-25025
-26000
-25650
-26900
-26550
-24025
-22650
-22975
-22500
-22775
-22500
-21525
-20150
-19425
-18925
-18975
-18100
-20275
-17300
-16900
-17600
-18650
-18500
-17525
-17550
-17050
-16650
-19900
-20400
-19175
-18800
-18750
-19925
-19550
-22700
-23850
-21600
-22400
-22550
-23400
-25475
-26425
-27200
-25375
-27625
-29800
-29825
-31550
-31100
-31475
-32975
-34700
-36475
-37625
-37775
-37800
-36475
-38775
-41200
-41725
-41750
-39675
-38325
-39500
-40250
-41150
-39750
-37150
-35000
-32575
-33675
-33775
-31900
-28600
-25450
-21475
-20775
-20675
-19350
-14775
-12075
-8975
-6800
-5425
-5125
-2050
2725
4825
5800
6525
7750
8575
12050
15350
15175

14300
15750
15125
16450
17475
19050
15350
14125
14400
12400
12725
12050
9950
5600
3450
2275
-175
-2900
-3650
-7125
-9700
-12300
-14325
-16600
-18675
-19225
-20900
-22800
-22600
-24250
-24900
-26900
-26000
-26325
-25000
-25325
-24325
-25775
-25100
-24700
-22875
-21925
-21875
-20675
-21050
-21025
-19650
-18100
-18575
-18475
-18750
-17575
-17725
-16275
-16425
-18000
-18650
-17975
-17850
-17125
-17125
-17375
-20150
-20475
-19550
-19825
-19500
-19750
-22075
-23225
-23750
-21400
-23900
-24575
-25175
-27275
-27275
-26975
-27375
-29150
-31875
-31950
-33450
-33350
-32875
-33400
-36650
-39075
-39400
-38575
-37475
-38800
-39700
-42200
-41500
-40775
-39000
-37875
-38725
-39550
-38725
-37500
-34275
-31100
-30000
-31000
-29825
-26725
-23300
-20725
-17400
-16800
-16725
-13450
-9075
-6500
-3950
-2275
-2200
-325
3750
7475
7775
9075
10125
10275
12800
15350

17175
15950
15550
17075
15650
17275
17525
16750
13625
12800
12750
10100
9200
8475
4450
2050
200
-2400
-4875
-7075
-8375
-12400
-14775
-15325
-17700
-19450
-20775
-23075
-23525
-24600
-23800
-25450
-26150
-26175
-25900
-25800
-24500
-24600
-24050
-24050
-23275
-23000
-21950
-20050
-20375
-20250
-20550
-19400
-18075
-16550
-18350
-17975
-18200
-17425
-17000
-16200
-15925
-18100
-19000
-17600
-18200
-17400
-17175
-18725
-20575
-21250
-19100
-20050
-21200
-21100
-23575
-23825
-23575
-23125
-24450
-26350
-26750
-28450
-29500
-27925
-29225
-30600
-32850
-34850
-34975
-33875
-34525
-35850
-39275
-39300
-39500
-39550
-38275
-38850
-40750
-41800
-41425
-38775
-37525
-35725
-37000
-38250
-35850
-33225
-29850
-27900
-27325
-27475
-24400
-21450
-18300
-15525
-13150
-13000
-11650
-7625
-3400
-2050
625
1325
2225
4250
8725
10525
11875
11775
13225
13075

15900
18025
17625
16825
16525
17325
15600
16925
16500
13925
11650
10725
9050
7250
5600
4225
-575
-2250
-4125
-6750
-9025
-11175
-13300
-16075
-17800
-18375
-21000
-22300
-22925
-24075
-25175
-24525
-25100
-25025
-25750
-25550
-24925
-25100
-22775
-22575
-22500
-22825
-22400
-20875
-18525
-20150
-18925
-18950
-18525
-18175
-16550
-16125
-17325
-17600
-17125
-17600
-16325
-15150
-17000
-18350
-18525
-18350
-18025
-17850
-17425
-20650
-20800
-20500
-20025
-21400
-21350
-22300
-24600
-25425
-23550
-24725
-25450
-27275
-28850
-30100
-30275
-28725
-31050
-33375
-34650
-35050
-36325
-35450
-36150
-37450
-40100
-40500
-39650
-39475
-37750
-38750
-40825
-41225
-39025
-37400
-35050
-34475
-34725
-34575
-31700
-29025
-26500
-23250
-23250
-22800
-19750
-16025
-12925
-10450
-8825
-8725
-5675
-2000
650
2900
5000
5400
5625
10000
12375
13325
14400
15050

15100
15825
17550
18800
18075
16725
16650
15800
15250
15450
14250
10375
8325
7875
4850
3550
1900
-1325
-5250
-6650
-8075
-11450
-14050
-14300
-18325
-18775
-20450
-21600
-23125
-23575
-24200
-25075
-25400
-24400
-24525
-24600
-24600
-24925
-23750
-22625
-21950
-21075
-21550
-21075
-20125
-19400
-18050
-18325
-17650
-17650
-18600
-16150
-15850
-16050
-16850
-17500
-16775
-17525
-16025
-15425
-17900
-18500
-18475
-18150
-18400
-18525
-18425
-21425
-21700
-20575
-21750
-21725
-22175
-24400
-25625
-26050
-24125
-26425
-27750
-28375
-30775
-31350
-30800
-31775
-33175
-34525
-36050
-37150
-37425
-36350
-36500
-40050
-40200
-40375
-39450
-38700
-38275
-37875
-39975
-38350
-36325
-34625
-32675
-31625
-32175
-30300
-27550
-24275
-21275
-19950
-19350
-17800
-13950
-10925
-8475
-4850
-4525
-3950
-1025
3375
4550
7150
8525
9150
9800
13225
15525
15400

16250
16850
16175
17200
18425
19325
16675
15850
15625
13800
13150
12075
10450
6925
5000
4425
650
-1450
-3150
-6300
-9375
-10800
-12875
-14600
-17575
-17975
-20550
-22525
-22125
-22825
-23850
-24575
-25025
-25250
-25350
-24150
-23700
-24000
-23975
-22850
-22425
-20700
-21600
-19400
-20050
-19950
-18775
-16925
-17400
-17350
-17150
-17250
-17175
-15850
-14325
-17100
-16525
-17225
-17250
-16825
-15675
-16625
-18725
-18700
-18125
-19375
-18825
-18625
-20675
-21925
-22600
-20850
-23100
-23125
-23950
-25850
-26925
-26800
-26450
-28250
-29650
-30100
-32375
-33875
-32150
-32500
-35125
-36800
-37850
-38025
-37425
-37800
-38200
-40600
-40150
-40325
-38900
-37050
-36825
-37575
-37650
-36650
-33750
-30800
-29150
-29325
-29050
-25225
-22550
-19525
-17050
-15125
-15700
-12350
-8575
-5850
-3475
-600
-575
500
4275
7725
8400
10475
11975
11475
13350
16075

18475
16775
17025
17850
17200
17300
18200
17950
15000
13625
14925
10650
9625
9175
5675
2750
1100
-775
-3925
-6550
-7425
-11175
-14300
-14950
-16375
-18275
-20125
-21450
-22325
-23925
-23625
-23625
-25600
-24525
-24350
-24175
-24675
-23500
-23075
-22525
-22675
-21650
-20900
-19350
-18900
-18875
-19400
-18600
-17125
-15775
-16975
-16650
-16850
-16900
-16525
-15625
-14850
-16725
-17525
-16475
-17650
-17275
-16500
-17275
-19775
-20025
-18375
-19275
-20075
-20050
-22150
-22675
-23125
-22425
-23450
-25125
-25075
-27675
-28275
-27975
-28450
-29225
-31800
-32925
-34125
-33550
-33950
-35100
-37025
-38150
-38850
-38800
-38150
-38150
-38600
-39800
-40925
-38675
-36975
-35675
-35775
-35875
-35000
-32500
-29700
-27275
-25775
-26050
-23550
-20800
-17750
-15125
-11975
-11275
-10950
-6750
-2750
-1350
600
3500
3150
5575
8725
11800
11750
13100
14925
13975

