
Curva de Excitacao - Bobina Girante (Dados Brutos)

Arquivo..............: C:\Arq\Ima\BobinaGirante_vs4.1\gap300_X=14_#035.dat
Data.................: 25/01/2005
Hora.................: 14:34:11
Ganho................: 20
N. de Coletas........: 1
N. de Voltas.........: 10
Intervalo de Análise.: 4 - 8

-3600
-5500
-6025
-6700
-7725
-4825
-925
-975
-3750
-5050
-3725
-3225
-750
1475
-1000
-3800
-2975
-1400
250
1100
350
-2700
-4450
-1275
475
1075
-325
-3650
-5050
-4650
-1400
-75
-2850
-5050
-7700
-7500
-5325
-4325
-5175
-8650
-11700
-11350
-9425
-8200
-9675
-12975
-15700
-16975
-14025
-11900
-14550
-17075
-20250
-21250
-19750
-17225
-16950
-21550
-24500
-24150
-24250
-21800
-20625
-23475
-27525
-28950
-25375
-24200
-24600
-24925
-28850
-30550
-28325
-25250
-24925
-27000
-28225
-30550
-30225
-25850
-24375
-26025
-28100
-29600
-28950
-26350
-23675
-23775
-27050
-27875
-26975
-25550
-22175
-22200
-23650
-25475
-25725
-22675
-20250
-19175
-20625
-22750
-22575
-20550
-18075
-15850
-17450
-19150
-19175
-18075
-15075
-14000
-13125
-15000
-17150
-14300
-11825
-10775
-10175
-11425
-12700
-12625
-8675
-6275
-7875
-7950
-8550
-9775

-6950
-3300
-2900
-5850
-6300
-5200
-5200
-1975
175
-2325
-4575
-3625
-1925
-600
675
650
-2525
-4150
-950
900
1100
500
-1675
-3550
-3100
525
1700
-1200
-2450
-4875
-4925
-2600
-1125
-1900
-5600
-7875
-7800
-6400
-4475
-5750
-8600
-11775
-12750
-10375
-8450
-10375
-12950
-15925
-17150
-15750
-13650
-13525
-17825
-20500
-21050
-21000
-18425
-17825
-20625
-24400
-26100
-23600
-22700
-22075
-22650
-27225
-28750
-26875
-24525
-24325
-25975
-26850
-30125
-30200
-25625
-24575
-26100
-28425
-29575
-29850
-27675
-23925
-24725
-28175
-29000
-27975
-27000
-23950
-23525
-25050
-27350
-27450
-24475
-22625
-21250
-22550
-24725
-24775
-23000
-19850
-18550
-20075
-21425
-21750
-20600
-17625
-16150
-15800
-17750
-19600
-16975
-14950
-13125
-12650
-14200
-15250
-15025
-11375
-9350
-10475
-10400
-11225
-12000
-9250
-6050
-5550
-7925
-8450

-7575
-7325
-3825
-2000
-4300
-6025
-5250
-3500
-2225
-700
-425
-3525
-4425
-1650
75
625
675
-1225
-3250
-2475
1225
2075
-50
-800
-3050
-3025
-800
875
75
-3125
-4675
-4825
-3775
-1525
-2275
-5200
-8000
-8900
-6725
-5300
-6125
-8700
-11975
-13050
-11725
-10000
-10025
-13525
-16175
-16950
-17450
-14700
-14475
-17125
-20800
-22300
-20550
-19875
-19025
-19950
-24200
-26400
-24725
-22425
-22275
-24150
-25250
-28075
-28825
-24850
-24025
-25150
-27675
-29025
-29325
-27725
-24225
-25125
-28225
-29350
-28975
-27475
-25075
-24450
-26225
-28375
-28475
-26025
-24400
-22875
-23900
-26600
-26775
-24850
-21775
-20950
-22025
-23075
-24150
-22625
-19875
-18550
-18575
-20250
-21400
-19450
-17750
-15425
-15100
-16825
-17775
-17575
-14050
-12125
-13000
-12650
-14075
-14250
-11800
-8875
-8425
-10375
-10425
-9925
-9625
-6275
-4425
-6425

-7800
-7175
-5525
-4425
-2775
-2050
-4975
-5525
-3100
-1275
-775
-325
-1725
-3550
-2900
825
1525
-25
-375
-2175
-2475
-50
1875
1150
-1700
-2625
-2550
-2125
550
200
-2425
-5050
-5700
-3650
-2650
-2925
-5025
-8150
-9250
-8050
-6325
-6625
-9575
-11575
-13125
-13425
-11050
-10625
-13400
-16650
-18400
-17100
-16550
-15475
-16650
-21075
-22725
-21975
-20050
-19875
-21250
-22800
-26375
-26375
-23050
-22725
-23950
-25675
-27775
-28750
-26875
-23225
-24675
-28025
-28600
-29050
-27900
-25425
-24400
-26900
-29625
-28500
-26950
-25800
-24325
-24925
-27900
-28350
-26250
-23475
-22775
-24025
-24675
-26325
-24625
-21750
-20325
-20825
-22575
-23175
-22000
-20200
-17775
-17650
-19275
-20225
-19900
-16700
-14925
-15450
-15200
-16850
-16725
-14150
-11750
-11100
-13075
-12575
-12925
-12325
-8475
-7325
-9075
-10350
-9375
-8250
-6800
-4500

-4375
-7350
-7250
-4875
-3675
-2550
-1825
-3075
-5025
-4000
-450
25
-775
-800
-2600
-2975
-75
1875
1050
-1050
-1500
-1775
-1400
1825
1600
-900
-2825
-3425
-1825
-700
-275
-1925
-5325
-5975
-4700
-3325
-3375
-5800
-7950
-9700
-9225
-7325
-7125
-9425
-12250
-14300
-13600
-12825
-11475
-12950
-17200
-19025
-18375
-16950
-16600
-17925
-19650
-23575
-23275
-20575
-20450
-21650
-23550
-25400
-26950
-25325
-22000
-23500
-26725
-27550
-28400
-27150
-25125
-24300
-26675
-29550
-28625
-27575
-26150
-24850
-25825
-28600
-29100
-27450
-25000
-24100
-25075
-26200
-28100
-26150
-23475
-22650
-22975
-24525
-25125
-24425
-22275
-19925
-20300
-21425
-22400
-22125
-19325
-17400
-17425
-17900
-19500
-19075
-16875
-14575
-13775
-15375
-15275
-15550
-14850
-11350
-10200
-11575
-12650
-12100
-10700
-9550
-7050
-6975
-9700
-9300
-7250
-6050

-4875
-3925
-4875
-7050
-5775
-2250
-1975
-2125
-1825
-3525
-4075
-1200
1075
175
-1450
-1475
-1750
-1450
1925
2025
-425
-1875
-1900
-625
350
1700
100
-3350
-3575
-2275
-900
-825
-2425
-4350
-6675
-5925
-3925
-3975
-5775
-8225
-10100
-10075
-9025
-7725
-9100
-13050
-14675
-14375
-13225
-12875
-14025
-16050
-19950
-19850
-17375
-17600
-18375
-20425
-22625
-24250
-22875
-19825
-21750
-24200
-25325
-26850
-26000
-23650
-23050
-26000
-28750
-27425
-27250
-26275
-24350
-25825
-28800
-29650
-27350
-25825
-25650
-25075
-27050
-29325
-27850
-24425
-24250
-24650
-25675
-26400
-26350
-24425
-21650
-22575
-23525
-24450
-24100
-21925
-20025
-19350
-20375
-21975
-21325
-19125
-17175
-16525
-17675
-17750
-18200
-17550
-14000
-13175
-14050
-14900
-14750
-13575
-12250
-9600
-9650
-12275
-11475
-10025
-8800
-7400
-6250
-7250
-9325
-7825

-4650
-4525
-4150
-3625
-5575
-6050
-2825
-575
-1450
-2425
-2150
-3025
-2400
1250
1150
-700
-1550
-1400
-850
525
2150
1000
-2325
-1750
-875
375
750
-425
-2175
-4350
-3050
-1275
-1350
-2525
-4850
-6800
-6750
-5450
-4200
-5900
-8700
-10725
-10925
-9775
-8875
-10200
-12250
-15700
-15575
-14025
-14150
-14675
-16775
-19225
-20825
-19500
-17125
-19175
-21250
-22500
-24475
-23800
-21725
-20950
-24150
-26775
-26150
-26075
-25300
-23475
-25050
-27775
-28925
-27275
-25825
-25850
-25325
-27525
-29525
-28275
-25575
-25025
-25600
-26800
-27875
-27750
-25600
-23250
-24525
-25025
-25875
-26200
-24000
-22200
-21325
-22650
-24200
-23225
-21900
-19700
-18750
-20000
-20575
-20725
-19575
-16875
-16125
-16425
-17275
-17625
-16475
-14975
-12150
-12700
-14750
-14025
-13100
-11425
-9850
-9025
-10075
-11825
-10050
-7525
-7175
-6175
-6050
-7775

-8175
-4850
-3050
-3625
-4100
-3850
-4900
-3850
-200
-200
-1925
-2375
-2075
-1850
-100
2025
700
-2025
-1350
-525
550
1575
950
-925
-2700
-1175
350
175
-150
-2225
-3950
-3925
-2500
-1325
-2875
-5125
-6700
-7350
-6075
-5400
-6375
-8575
-11425
-11575
-10125
-10225
-10875
-12900
-15175
-16675
-16025
-13600
-15625
-17575
-19150
-21000
-20550
-18800
-18375
-21450
-23900
-23775
-24075
-23050
-21650
-23625
-26500
-27275
-25700
-25250
-24900
-24425
-27000
-29225
-27850
-25450
-25400
-26150
-26750
-28275
-28850
-26050
-24050
-25725
-26450
-26600
-27350
-25675
-23675
-22750
-24525
-25875
-24800
-24050
-21750
-21075
-21925
-22575
-23025
-21475
-19225
-18625
-18925
-19675
-19925
-18800
-17425
-14950
-15200
-17275
-16525
-15475
-13925
-12550
-11850
-12500
-14425
-12375
-10300
-9825
-8825
-8675
-10075
-10350
-7450
-5325
-6175
-6375

