
Curva de Excitacao - Bobina Girante (Dados Brutos)

Arquivo..............: C:\Arq\Ima\BobinaGirante_vs4.1\gap300_X=1_#022.dat
Data.................: 25/01/2005
Hora.................: 14:13:22
Ganho................: 20
N. de Coletas........: 1
N. de Voltas.........: 10
Intervalo de Análise.: 4 - 8

-6800
-6625
-7150
-6700
-9000
-8875
-5850
-3725
-5300
-6650
-4825
-4875
-3525
-1150
-2325
-5650
-5950
-3650
-1000
-75
675
-2300
-6675
-5225
-2125
200
50
-2300
-4375
-6450
-4825
-1350
-2425
-4325
-7275
-7425
-6400
-4900
-3825
-7250
-11850
-12125
-10300
-7650
-7550
-10300
-13675
-18100
-15950
-12250
-12450
-14150
-17350
-19875
-21175
-18375
-15400
-19100
-22325
-23300
-23900
-22300
-19725
-20375
-25325
-28725
-26250
-24500
-23675
-22475
-25775
-29975
-30000
-26850
-24600
-24950
-26400
-28700
-31075
-28200
-24850
-24975
-26875
-29375
-29425
-28025
-25225
-22850
-25850
-28150
-28650
-27575
-23725
-22200
-22300
-25275
-27450
-25925
-23125
-20350
-20350
-22725
-23575
-23550
-21500
-18125
-18225
-19700
-20925
-20500
-18375
-16375
-14325
-16150
-19200
-17850
-15475
-13350
-11975
-12050
-14075
-15900
-13550
-9775
-9375
-9475
-9475
-11925

-11425
-7950
-5525
-6675
-8450
-7250
-8050
-6075
-2700
-3250
-5700
-6800
-5325
-3550
-2225
125
-2400
-5700
-5000
-2700
-550
-100
-1475
-3550
-5750
-3275
-375
-900
-2125
-4950
-5925
-5200
-2875
-1300
-4175
-7700
-8925
-8200
-5450
-4600
-6400
-9950
-13600
-12375
-9500
-9025
-10375
-13600
-16325
-17625
-15325
-12075
-14900
-18200
-20025
-21475
-20025
-17225
-17075
-21875
-25325
-24350
-23475
-21625
-20275
-23300
-27775
-28350
-26100
-23950
-23700
-24425
-27575
-31025
-28250
-25000
-24575
-26250
-28325
-29675
-29800
-25750
-23550
-26100
-28425
-28975
-28800
-25825
-23650
-23125
-26275
-29050
-27050
-25175
-22075
-21700
-24025
-25350
-25950
-23425
-20075
-19950
-21125
-22800
-22775
-21125
-19000
-16275
-17925
-20775
-19925
-18425
-15625
-14300
-14125
-15975
-18400
-15750
-12650
-11775
-11325
-11675
-14075
-13825
-10750
-7750
-8575
-9700

-9325
-10400
-8775
-4650
-4750
-6825
-7800
-6825
-5550
-4050
-975
-3150
-6200
-5375
-3975
-1475
-450
-850
-3050
-5450
-3250
-400
-325
-625
-2800
-4250
-4225
-1800
300
-1725
-4400
-5775
-6000
-3675
-2200
-2975
-6125
-9650
-9000
-6850
-5725
-6075
-9225
-12250
-13725
-11950
-8975
-10725
-13150
-15600
-18175
-17000
-14125
-13400
-17700
-21025
-21125
-21025
-19050
-17350
-19825
-24825
-25850
-23950
-22400
-21950
-22000
-25475
-29700
-27700
-24225
-23575
-24450
-26825
-29125
-30200
-26350
-23475
-25675
-27600
-29350
-29275
-27150
-24700
-23525
-26600
-29275
-28475
-26975
-23375
-22600
-24725
-26675
-27850
-25300
-22300
-21700
-22075
-24425
-24800
-23650
-21225
-18475
-19650
-21875
-21875
-21250
-18525
-16675
-16425
-18250
-20300
-18125
-15750
-14475
-13375
-14050
-16300
-16525
-13325
-10425
-10875
-11325
-11450
-13350
-11675
-7225
-7150

-8625
-9275
-8750
-8625
-6575
-2775
-4675
-7125
-6700
-5675
-3650
-1950
-1175
-3675
-6400
-3900
-1550
-675
-200
-1800
-3925
-4525
-1600
975
-400
-2200
-3450
-5150
-2850
-475
-475
-3250
-6025
-6025
-5000
-3350
-2675
-5250
-8725
-10100
-8400
-6125
-6825
-8525
-11450
-14750
-13625
-10900
-9625
-12975
-16425
-17450
-18700
-16200
-14050
-16225
-20550
-22525
-21400
-20475
-19200
-18875
-22800
-26750
-25475
-23025
-22025
-22200
-24550
-27975
-29450
-25575
-22825
-24750
-26025
-28125
-29525
-27975
-24500
-23575
-27000
-28300
-28525
-28400
-25000
-23025
-25100
-27575
-28825
-26300
-24200
-23025
-22850
-25450
-26550
-25650
-22925
-20450
-21175
-22700
-23750
-23825
-21100
-18700
-18075
-19925
-21800
-20425
-18550
-16975
-15175
-16300
-18075
-18550
-16000
-13125
-13350
-13000
-13900
-15575
-14075
-9975
-9375
-10350
-11150
-11125
-11375
-8950

-5350
-6625
-8600
-8075
-8000
-6400
-4150
-2500
-4750
-7275
-5000
-3400
-2425
-825
-2275
-4075
-4700
-2100
-50
-625
-1100
-2600
-4325
-2650
50
675
-1525
-3675
-4200
-4150
-1725
-350
-2525
-5400
-6950
-6075
-4225
-3950
-4625
-7650
-10675
-10175
-8075
-6575
-8950
-11925
-13700
-15350
-13000
-10650
-12675
-16225
-18500
-18425
-17975
-16250
-15450
-19650
-23275
-22650
-21050
-20350
-20000
-21475
-25525
-27525
-24425
-21875
-23400
-24325
-26600
-28650
-27700
-24375
-23225
-26425
-27650
-28550
-28800
-26000
-23775
-24925
-27800
-29325
-27550
-25975
-24100
-23600
-26425
-27625
-27025
-25025
-22600
-22800
-23725
-25425
-25800
-23325
-21025
-19900
-21525
-23500
-22700
-21350
-19300
-17475
-18450
-20175
-20575
-18775
-16400
-15775
-15050
-16100
-17975
-16525
-13125
-12100
-12900
-13150
-13525
-14075
-11500
-7850
-9125
-10850
-9950
-10250

-9175
-6375
-4525
-6650
-9000
-6450
-5925
-4500
-2425
-3225
-5450
-6000
-3025
-1450
-1675
-1025
-2650
-4925
-3100
-75
650
-1050
-2325
-3350
-3475
-925
875
-975
-3000
-4575
-4275
-2550
-1775
-1700
-4675
-7400
-7300
-5425
-4050
-5250
-7675
-9900
-11950
-9850
-7300
-8875
-12150
-14225
-14825
-15000
-12925
-11800
-15775
-19225
-19375
-18600
-17675
-17150
-18150
-22625
-24525
-22200
-20350
-21125
-21900
-24375
-27300
-26100
-23275
-22425
-25100
-25925
-27550
-29125
-25675
-23425
-24900
-27575
-28725
-28050
-27500
-24475
-23600
-27250
-28625
-27675
-26475
-24400
-23975
-24275
-26750
-27625
-24950
-22875
-21900
-22775
-24575
-24975
-24075
-21050
-19425
-20525
-22000
-22725
-21400
-18975
-17875
-16975
-18425
-20350
-19000
-16250
-14800
-14800
-15425
-16100
-16900
-13975
-10775
-11675
-12775
-12550
-12800
-12050
-8850
-7000
-9075
-10850

-9000
-8525
-6825
-4300
-5150
-7275
-7850
-5125
-3600
-3200
-2000
-3750
-5925
-4200
-1250
-150
-1275
-1800
-3350
-4075
-1075
1175
-125
-1825
-2925
-3275
-2150
-325
425
-2600
-4950
-4800
-3825
-1875
-2150
-4075
-6725
-8625
-6800
-4750
-5275
-7550
-10225
-11475
-11600
-9875
-8275
-11625
-14425
-15700
-15750
-14475
-13525
-14225
-18775
-20850
-19500
-18500
-18275
-18300
-21175
-24800
-24500
-21300
-20800
-22650
-23775
-25500
-28100
-25175
-22375
-23400
-26350
-27800
-27650
-27925
-24400
-23300
-26575
-28525
-28400
-26900
-25425
-24425
-24600
-27550
-28525
-26250
-24600
-23050
-23675
-25775
-26575
-26000
-22800
-21225
-21925
-23300
-24450
-23475
-21350
-19950
-18875
-20525
-22025
-21175
-19375
-16975
-16675
-17275
-18350
-19400
-16500
-13700
-13925
-14400
-14775
-15550
-14650
-11500
-9475
-11250
-12575
-11400
-11475
-9500
-6475
-7125

-9225
-9675
-7350
-6150
-5450
-3375
-5350
-7300
-5750
-3350
-1825
-2475
-2275
-4025
-5075
-1900
375
-450
-1425
-2400
-3075
-2450
200
1425
-1300
-2800
-3225
-2700
-1050
75
-1225
-4000
-5975
-4300
-2900
-2550
-3700
-6475
-8300
-8350
-6425
-5275
-7550
-9975
-11800
-12725
-11325
-9800
-10300
-14375
-17125
-16225
-15750
-14850
-14625
-17325
-21200
-21600
-19025
-18425
-19575
-20750
-23250
-25675
-23425
-21100
-21850
-23800
-25850
-26750
-27150
-23600
-22475
-25725
-27375
-27925
-27375
-26000
-24225
-24300
-28000
-28475
-27050
-26050
-24375
-24000
-26000
-27725
-27600
-24225
-22875
-23500
-24200
-25975
-25500
-23675
-21475
-20650
-22300
-23375
-23275
-22000
-19475
-18625
-19050
-20500
-21425
-19050
-16725
-16250
-16450
-16825
-17850
-17400
-14325
-12325
-13725
-14450
-13825
-14300
-12450
-9225
-9300
-11350
-11900
-9875
-9100
-7975

