
Curva de Excitacao - Bobina Girante (Dados Brutos)

Arquivo..............: C:\Arq\Ima\BobinaGirante_vs4.1\gap300_X=-5_#016.dat
Data.................: 25/01/2005
Hora.................: 14:03:03
Ganho................: 20
N. de Coletas........: 1
N. de Voltas.........: 10
Intervalo de Análise.: 4 - 8

-10600
-10325
-8675
-6050
-7200
-9125
-9050
-6775
-5475
-5025
-3525
-5775
-7775
-5375
-3300
-2250
-2525
-3425
-4725
-5575
-2275
-400
-2300
-3050
-4450
-4625
-3100
-1525
-1025
-4350
-5900
-5650
-4975
-2800
-2925
-5300
-8100
-9525
-7325
-51000
-6000
-7875
-11175
-12700
-11900
-10450
-9000
-12075
-14750
-16125
-16800
-14550
-13850
-14825
-19025
-21450
-19750
-19100
-18000
-18425
-22050
-25100
-24850
-21875
-20950
-22525
-23650
-26500
-28375
-25500
-23075
-23750
-26200
-28200
-28550
-28150
-24825
-24125
-27300
-28850
-28925
-27775
-25900
-24700
-25450
-28200
-29400
-27125
-25875
-23725
-24125
-26950
-27425
-26875
-23975
-22550
-23200
-24050
-25800
-24825
-22475
-21300
-20250
-21775
-23475
-22425
-20850
-18325
-17800
-18875
-19900
-20975
-18050
-15625
-15600
-15400
-16475
-16975
-16275
-13325
-11250
-12775
-13725
-13175
-13175
-11250
-8150
-9025

-10975
-11000
-9250
-8250
-6975
-4800
-7000
-8975
-6925
-5375
-4050
-3450
-3825
-5475
-6675
-3275
-1500
-2425
-2575
-3825
-4650
-3550
-1425
-150
-2800
-3725
-4100
-4475
-1975
-1075
-2375
-5175
-6600
-5325
-4250
-3325
-4175
-7475
-9125
-8975
-7500
-6150
-7875
-10350
-12175
-13475
-11725
-10425
-10775
-14275
-17400
-16550
-16400
-14900
-14650
-17950
-21000
-22125
-19600
-18875
-19525
-20525
-23775
-25725
-24000
-21900
-22025
-23650
-26075
-27500
-27550
-23875
-23125
-25925
-27475
-28475
-28200
-26675
-24300
-25100
-28200
-29000
-27850
-27350
-24850
-24200
-26925
-28475
-28350
-25375
-24125
-24275
-24475
-26975
-26600
-24725
-23150
-21550
-23200
-24275
-24425
-23275
-20975
-19875
-20350
-21500
-22750
-20475
-18300
-18100
-17450
-18625
-19200
-18900
-16225
-13950
-15200
-15275
-15500
-16150
-14025
-11225
-11000
-12800
-12975
-11700
-11125
-9775

-7050
-9025
-10700
-9000
-7800
-6600
-5475
-4875
-7150
-8225
-5125
-3425
-3525
-3000
-4000
-5650
-4775
-2100
-975
-2600
-2600
-3550
-4625
-2075
-275
-1325
-3275
-4600
-3925
-3625
-1525
-1650
-4675
-6175
-6500
-5250
-4000
-4525
-6175
-8775
-10050
-8700
-7675
-7375
-9825
-12750
-13450
-13450
-11775
-11050
-13850
-16550
-18425
-16975
-16300
-16400
-16425
-20500
-22525
-21550
-19825
-19775
-20725
-22450
-25325
-26100
-22900
-21500
-23900
-25400
-26775
-27375
-26225
-23950
-23975
-27075
-27975
-28000
-27525
-25350
-24400
-26050
-28500
-28700
-26650
-25225
-24825
-24725
-27475
-27675
-25950
-24650
-23325
-24075
-24700
-26175
-25425
-22675
-21575
-21825
-22875
-24175
-22975
-21075
-19650
-19025
-20500
-20900
-20575
-19150
-16825
-17075
-16825
-17625
-18725
-16350
-14175
-13275
-14550
-14800
-14500
-14175
-11825
-9650
-11025
-12200
-11125
-10800

-9400
-7450
-6750
-8725
-9800
-7050
-6225
-5500
-4150
-5200
-6825
-6325
-3450
-2350
-3325
-2650
-4000
-5350
-2850
-925
-900
-2500
-3425
-3500
-3475
-925
-375
-2650
-3975
-4650
-3850
-2575
-2125
-3150
-5850
-7075
-6375
-5525
-4300
-6050
-8650
-10000
-10600
-8800
-7800
-9925
-12225
-14475
-13850
-13400
-13025
-12700
-16250
-18575
-18600
-17550
-16825
-17625
-18725
-22225
-23575
-21150
-20150
-20875
-22650
-24500
-26100
-25150
-22800
-22550
-25400
-26150
-27025
-27850
-25050
-23700
-25325
-28075
-28175
-27375
-26600
-24675
-24475
-27700
-28575
-26900
-25900
-24425
-24525
-25200
-27200
-27225
-24450
-23300
-22875
-23800
-25275
-24950
-23725
-21350
-20800
-21850
-22625
-22775
-21625
-19175
-19100
-18575
-19725
-20725
-18950
-16975
-15575
-16375
-16900
-16725
-16975
-14675
-12025
-12975
-14175
-13400
-13150
-12475
-10100
-8550
-10600
-11675

-9725
-8675
-7975
-5825
-6800
-8325
-8350
-5500
-4550
-4750
-3525
-4950
-6375
-4350
-2175
-1825
-2675
-3125
-3650
-4100
-1325
100
-1900
-2950
-3575
-3225
-2225
-800
-900
-3575
-4725
-4375
-3800
-2400
-3025
-5000
-7025
-7475
-6300
-5075
-5925
-8025
-10550
-10875
-10350
-9550
-9000
-11850
-14325
-14900
-14825
-13800
-14000
-14750
-18350
-20200
-18400
-17900
-17900
-18775
-21225
-23825
-23300
-20625
-20700
-22775
-23750
-25150
-26775
-24475
-22450
-23625
-26325
-27350
-26900
-26650
-24450
-23875
-26925
-28400
-27600
-26225
-25300
-24675
-25300
-27625
-28150
-25600
-24750
-23850
-24175
-26325
-26350
-25700
-22925
-22300
-23025
-23625
-24500
-23575
-21525
-20700
-20250
-21325
-22300
-21125
-19750
-17825
-17800
-18575
-19025
-19300
-16850
-15150
-15275
-15600
-15775
-15825
-15075
-12450
-11200
-12650
-13125
-12150
-11825
-10275
-7925
-8775

-10100
-10200
-8100
-7150
-6675
-4925
-6375
-8000
-5900
-4175
-3450
-3550
-3550
-4750
-5275
-2200
-650
-2000
-2575
-3100
-3425
-2400
-475
25
-2425
-3000
-3100
-3150
-1250
-1050
-2250
-4450
-5450
-3950
-3175
-3325
-4350
-6850
-7850
-7500
-6375
-5975
-7975
-10000
-11250
-11925
-10500
-10350
-10825
-14000
-16350
-15200
-15225
-14625
-15050
-17625
-20075
-20725
-18475
-18150
-19825
-20525
-22900
-24325
-22800
-21075
-21975
-23875
-25175
-26100
-26125
-23400
-22875
-25950
-27000
-27275
-26700
-25625
-24375
-24925
-27850
-28050
-26400
-25950
-24650
-24325
-26350
-27425
-27125
-24375
-23450
-24175
-24400
-25850
-25450
-23675
-22250
-21700
-22975
-23550
-23325
-22350
-20325
-19600
-20100
-21025
-21700
-19550
-17575
-17550
-17350
-18025
-18050
-17900
-15175
-13500
-14950
-15075
-14575
-14825
-13200
-10425
-10800
-12450
-12275
-10725
-10100
-9100

-6975
-8325
-9925
-8175
-6875
-6025
-5275
-4925
-6150
-7125
-3975
-2850
-3375
-3050
-3525
-4525
-3575
-1175
-350
-2400
-2500
-2700
-3300
-1250
-100
-925
-2975
-3675
-2975
-2475
-1400
-1800
-4250
-5475
-5500
-4350
-3425
-4525
-6325
-7950
-8825
-7975
-7225
-7175
-9925
-12375
-12100
-12375
-11350
-11175
-13525
-16250
-17350
-15750
-15700
-16225
-16675
-19900
-21525
-20450
-18825
-19850
-21175
-22050
-24275
-25025
-22175
-21325
-24075
-25400
-25750
-26175
-25575
-23550
-23975
-27200
-27475
-26600
-26650
-25100
-24475
-25850
-27975
-27575
-25700
-24800
-24800
-24825
-26875
-26625
-24950
-24100
-23250
-24125
-24475
-25300
-24175
-22075
-21500
-21675
-22575
-23525
-22025
-20100
-19425
-19025
-20050
-20300
-19950
-18175
-16250
-17075
-16875
-17000
-17425
-15725
-13550
-13200
-14450
-14425
-13350
-13150
-11475
-9450
-10725
-12000
-10500
-9575

-8775
-7625
-6550
-8200
-9250
-6225
-5125
-5450
-4350
-4600
-5925
-5425
-2675
-1925
-3375
-2600
-3100
-4175
-2100
-250
-1050
-2525
-2750
-2525
-2300
-700
-175
-2500
-3625
-3800
-2650
-2075
-2225
-3000
-5425
-6400
-5300
-4625
-4500
-6125
-8075
-9225
-9500
-7975
-7825
-10000
-12075
-13550
-12775
-12625
-12525
-12950
-16125
-17850
-17550
-16525
-16550
-17700
-18700
-21425
-22375
-20250
-19650
-21075
-22525
-23850
-24975
-24100
-22375
-22800
-25275
-25725
-26000
-26600
-24675
-23675
-25275
-27425
-27225
-26375
-25850
-24700
-24450
-26975
-27750
-26025
-24975
-24400
-25000
-24725
-26375
-26200
-23575
-22850
-22925
-23950
-24525
-23925
-22875
-20925
-20675
-21900
-22275
-21825
-20400
-18950
-18850
-18450
-19125
-20125
-18150
-16200
-15325
-16450
-16350
-16100
-16175
-13700
-12025
-13050
-13900
-12825
-12300
-11600
-9725
-8800
-10500
-11225

