
Curva de Excitacao - Bobina Girante (Dados Brutos)

Arquivo..............: C:\Arq\Ima\BobinaGirante_vs4.1\gap300_X=8_#029.dat
Data.................: 25/01/2005
Hora.................: 14:24:34
Ganho................: 20
N. de Coletas........: 1
N. de Voltas.........: 10
Intervalo de Análise.: 4 - 8

-6100
-6850
-6525
-7900
-8225
-3700
-2500
-4675
-5950
-5925
-4275
-2525
625
-175
-4925
-5475
-3875
-1500
1200
1750
-975
-4975
-5350
-1775
125
700
-900
-4775
-5375
-3700
-1100
-1075
-4375
-6600
-7800
-6400
-3650
-3475
-6050
-10825
-12600
-10225
-8275
-7125
-8975
-13850
-16900
-16300
-12250
-12075
-14750
-16975
-20400
-20825
-17725
-15925
-18250
-22675
-23800
-24050
-22925
-19450
-20150
-25750
-28200
-27450
-25225
-23175
-23125
-25375
-30750
-29875
-26625
-25475
-24800
-26775
-29675
-31325
-28625
-24425
-25150
-27100
-28925
-31100
-28575
-24700
-23050
-25025
-28725
-28575
-27525
-24900
-21525
-22825
-25050
-27025
-26050
-22450
-20400
-20250
-22125
-24200
-23225
-20575
-17725
-17225
-19900
-20725
-20050
-18750
-15225
-13925
-15375
-18175
-17925
-14825
-13100
-11350
-10825
-14050
-15050
-12350
-9450
-8450
-9000
-9225
-11150
-11125

-5950
-4750
-6000
-6925
-7925
-7325
-5725
-1350
-1700
-5400
-5575
-5025
-3425
-550
550
-1650
-5025
-4150
-1575
-225
975
-575
-4050
-4925
-2425
325
650
-2025
-4025
-6325
-4800
-1625
-1100
-2850
-6950
-8800
-7675
-5975
-3975
-5500
-9925
-12800
-12400
-9175
-8525
-10500
-13075
-16950
-17350
-14100
-12475
-14375
-18425
-20350
-21750
-20075
-16450
-17275
-22125
-24775
-25025
-24025
-21400
-20325
-23500
-28725
-28325
-25400
-24850
-23375
-25300
-28500
-31075
-28575
-24300
-25300
-26325
-28500
-31150
-29475
-26025
-23725
-25900
-28925
-29525
-28700
-26350
-22975
-24250
-26375
-28225
-27825
-24375
-22300
-21725
-23775
-26250
-25475
-23125
-19650
-19150
-21425
-22650
-22600
-21075
-17875
-16375
-17175
-20025
-20125
-17750
-15875
-13475
-13250
-16450
-17525
-15075
-12025
-10900
-10875
-11400
-13825
-13525
-8800
-7375
-7850
-8400
-9875

-9925
-8100
-3350
-3500
-6825
-6550
-6700
-5525
-2300
-500
-2575
-5925
-4625
-2400
-1400
800
-50
-3575
-4625
-2150
550
1000
-500
-2125
-4850
-3450
-150
525
-775
-3950
-5850
-5325
-3500
-975
-2600
-6275
-8925
-9000
-6200
-5225
-6050
-8950
-12825
-13375
-10650
-9025
-10375
-13675
-16100
-17975
-16875
-13025
-13725
-18025
-20900
-21775
-21150
-19050
-17100
-20400
-25825
-25850
-23750
-22875
-21400
-22875
-27050
-29275
-27600
-23925
-24600
-24925
-27125
-30950
-29400
-26050
-23800
-26175
-28350
-29400
-30375
-26950
-23750
-24975
-27525
-28850
-28750
-26575
-24300
-22425
-25075
-28000
-26975
-25275
-22125
-21250
-22850
-24625
-25350
-23200
-20150
-18850
-19700
-22000
-22250
-20525
-18550
-15675
-15650
-18800
-19700
-17825
-15025
-13550
-13300
-13775
-16500
-16075
-11625
-10375
-10125
-10500
-11975
-12625
-10650
-6125
-6075
-8900

-8300
-8625
-7850
-4400
-2500
-4025
-7400
-5850
-4625
-3475
-125
-825
-3850
-5350
-2950
-600
150
375
-1525
-4325
-3200
350
900
175
-1725
-3500
-3875
-2175
925
-275
-3625
-5700
-6150
-4025
-2500
-2450
-5250
-9175
-9650
-7675
-5925
-6225
-9275
-11775
-14150
-13225
-9925
-10200
-13575
-16400
-18150
-17625
-15525
-14050
-16925
-21875
-22200
-21250
-20175
-18600
-19700
-24325
-26975
-25025
-22475
-22900
-22825
-24800
-29450
-28500
-25225
-23325
-25200
-27400
-28475
-30175
-27275
-23950
-25075
-27650
-29525
-28775
-27775
-25175
-23400
-25800
-28775
-28325
-26600
-23825
-22700
-23900
-25900
-27325
-24825
-22200
-20950
-21150
-23525
-24150
-22975
-20925
-17925
-18200
-20750
-21550
-20425
-17750
-15875
-15375
-16225
-18700
-17875
-14500
-13350
-12650
-12825
-14525
-15125
-13050
-8875
-9050
-10625
-10300
-11275
-10350
-6900
-5050

-6375
-9050
-7325
-6750
-5750
-2350
-2525
-5400
-6400
-4175
-2100
-1550
-350
-1875
-4925
-3350
-475
725
50
-850
-2700
-3425
-1450
1500
775
-1625
-3250
-4100
-2450
-700
50
-2550
-6200
-6300
-4950
-3275
-3050
-5425
-8275
-10475
-9325
-6700
-6875
-9300
-11800
-14375
-14325
-11925
-10275
-13125
-17375
-18275
-18200
-17075
-15375
-16550
-20700
-23725
-22275
-20300
-20500
-20350
-22500
-26875
-26600
-23625
-22250
-23500
-25625
-27375
-29425
-26500
-23475
-24800
-26800
-28825
-28975
-28450
-25450
-23775
-26575
-28775
-28800
-28025
-25425
-23600
-24650
-27250
-28600
-26200
-23875
-23025
-22775
-24975
-26050
-25125
-22700
-20125
-20575
-22000
-23450
-22925
-20325
-18325
-17575
-18550
-21100
-20050
-17200
-15800
-15025
-15375
-16675
-17625
-15475
-11700
-11775
-12950
-12600
-13925
-13025
-9350
-7575
-9000
-10950
-9525
-9225
-8200

-4600
-4725
-7350
-7850
-6175
-4375
-3475
-1725
-3150
-6100
-4575
-1725
-850
-700
-975
-2800
-3925
-1500
1250
625
-775
-1850
-3225
-2025
525
1325
-825
-3800
-4000
-3200
-1375
-425
-2325
-4900
-7175
-6225
-4050
-3925
-5475
-7875
-10325
-10525
-8725
-6750
-9225
-12975
-14275
-14700
-13600
-11775
-12850
-16925
-19700
-18750
-17650
-17600
-16825
-19575
-23775
-23975
-21325
-20625
-21325
-22775
-25050
-28125
-25250
-22100
-23850
-25750
-27225
-28025
-28275
-25375
-23125
-26650
-28575
-28475
-28300
-26400
-24475
-24650
-27900
-29600
-27300
-25575
-24375
-23900
-25875
-27525
-26775
-24425
-22075
-22675
-23425
-25275
-24975
-22525
-20500
-19425
-20725
-23000
-22300
-20050
-18275
-16975
-17750
-18850
-19825
-18050
-14675
-14200
-14875
-14950
-16550
-15600
-12325
-10250
-11375
-12900
-11975
-12050
-10650
-7000
-7125
-9500
-9825
-8400

-6950
-6100
-3200
-5050
-7875
-5950
-3750
-2675
-2000
-1925
-3900
-5250
-2425
325
-300
-700
-1650
-3225
-2625
675
1825
-25
-2225
-2475
-2250
-375
1200
-200
-2800
-4575
-3700
-1975
-1625
-1975
-4600
-7200
-7100
-5425
-3900
-5450
-8400
-10375
-11150
-10075
-8075
-9200
-12450
-15400
-14925
-14475
-13925
-13000
-15825
-19775
-20625
-18525
-17650
-18375
-19350
-22275
-25300
-23300
-20325
-21425
-23225
-25300
-26800
-26725
-24150
-22175
-25500
-27400
-27950
-28475
-26200
-24475
-24350
-28275
-29350
-27675
-26750
-25100
-24225
-26625
-28900
-27900
-25625
-23825
-24225
-24450
-26425
-27225
-24425
-22425
-21325
-22700
-24400
-24325
-22775
-20300
-19050
-20050
-21275
-21900
-20375
-17650
-17125
-16750
-17375
-19125
-17950
-15250
-13050
-13850
-14975
-14550
-15075
-13100
-9800
-9850
-11825
-12000
-10975
-9775
-8350
-5725
-7275
-10075

-8100
-6400
-5050
-4150
-3650
-5425
-7000
-3875
-1750
-2000
-1825
-2575
-4100
-3575
-250
1225
-575
-1900
-2125
-2450
-400
2000
700
-1725
-3025
-2125
-875
-50
225
-2175
-4600
-4475
-2950
-1550
-2575
-4725
-7000
-8250
-6775
-4875
-5400
-8425
-11425
-11525
-11100
-10350
-9300
-11800
-15600
-16625
-15450
-14675
-14975
-15625
-18900
-21975
-20125
-18075
-18800
-20200
-22025
-24600
-25125
-22125
-20475
-23825
-25475
-25750
-27700
-25725
-23400
-23450
-27425
-28825
-27375
-27250
-25275
-24400
-26450
-29300
-28675
-25825
-25250
-25050
-25150
-27425
-28425
-26125
-23875
-23050
-24150
-25675
-26050
-25150
-22225
-20925
-21950
-23100
-24175
-22325
-20275
-19175
-18875
-19900
-21200
-20350
-17825
-15825
-16175
-17350
-17375
-17700
-15700
-12625
-12650
-14000
-14525
-13625
-12700
-11175
-8350
-9825
-12025
-10600
-9125
-7850
-6400
-5875

