
Curva de Excitacao - Bobina Girante (Dados Brutos)

Arquivo..............: C:\Arq\Ima\BobinaGirante_vs4.1\gap300_X=-4_#017.dat
Data.................: 25/01/2005
Hora.................: 14:04:56
Ganho................: 20
N. de Coletas........: 1
N. de Voltas.........: 10
Intervalo de Análise.: 4 - 8

-8925
-7775
-6275
-7300
-10425
-8875
-6325
-5575
-5225
-5575
-5525
-6400
-3975
-1625
-3675
-4850
-4875
-4875
-2825
125
150
-3200
-5800
-4800
-3625
-775
600
-2200
-4625
-6000
-4850
-2775
-2500
-3100
-6425
-7450
-6375
-5325
-4400
-6725
-10075
-11275
-10950
-8100
-7300
-9625
-13025
-16600
-15300
-13275
-12500
-12650
-16125
-19550
-20400
-18150
-16325
-17925
-19750
-22475
-24200
-22025
-19175
-20950
-23800
-26325
-26500
-25200
-23050
-21700
-25750
-28175
-28200
-28125
-25200
-23775
-24975
-28700
-29950
-27475
-26250
-24950
-25200
-28375
-29350
-27725
-25400
-24000
-25375
-26200
-28050
-28475
-24300
-22650
-22750
-24400
-26300
-26075
-24225
-21025
-20400
-22125
-23100
-23525
-22175
-19200
-18775
-19375
-20250
-21050
-19425
-16900
-15025
-16350
-18125
-17725
-17175
-14750
-11725
-12775
-14500
-14875
-13675
-12025
-10475
-8675
-10150
-12850

-10825
-8850
-7700
-6775
-7300
-8175
-9450
-6050
-3775
-4925
-4625
-5575
-6650
-5125
-2100
-1100
-3250
-4250
-4425
-4475
-1550
300
-1925
-3800
-4400
-3625
-2050
-1250
-1125
-4475
-5900
-5200
-3700
-2075
-3225
-5950
-8175
-8900
-6150
-4975
-5875
-8650
-12025
-12025
-10475
-9500
-9225
-12400
-15350
-16525
-15450
-13225
-14175
-15675
-19350
-21325
-19500
-17375
-17675
-19800
-22550
-24375
-24275
-21125
-20025
-23250
-25575
-26025
-27300
-24725
-22575
-23625
-27025
-29350
-27450
-26825
-24625
-24350
-27300
-29400
-29100
-26250
-24825
-25375
-26025
-28350
-29175
-26375
-24325
-23525
-25125
-27300
-27325
-26075
-22700
-21850
-23675
-24475
-25625
-24200
-21325
-20500
-20525
-22000
-23075
-22000
-19850
-17075
-17925
-19800
-19750
-19800
-17425
-14750
-14950
-16250
-17125
-16225
-14875
-12800
-10950
-12375
-14450
-13100
-11750
-10000
-51000
-8975

-10300
-11375
-8600
-6350
-6700
-5625
-7025
-8325
-6900
-4350
-2625
-4075
-4500
-4925
-5750
-2900
-350
-1900
-3475
-4025
-3550
-2600
-500
50
-2825
-4375
-3800
-3175
-925
-825
-3025
-5475
-6500
-4250
-3100
-3150
-4950
-8050
-8875
-7850
-6525
-5525
-8350
-10975
-12550
-12425
-10425
-10225
-11325
-14775
-17775
-16225
-15000
-14125
-15850
-18525
-20925
-21625
-18800
-17575
-19925
-22275
-23825
-25050
-23200
-21025
-21450
-24750
-27200
-26800
-26425
-23550
-22725
-26350
-28350
-28575
-26875
-25350
-24725
-25375
-28850
-29200
-26950
-25700
-24400
-24950
-27350
-28525
-27825
-24100
-23300
-24575
-25225
-27225
-25900
-23725
-22000
-21825
-23650
-24550
-24175
-22500
-19775
-19675
-20950
-21775
-22225
-19650
-17275
-17175
-18125
-19050
-18600
-18025
-15700
-13225
-14850
-16350
-15400
-14600
-13100
-10850
-10850
-12775
-13475
-11025
-9250
-9250

-7375
-8650
-10325
-9350
-6675
-5050
-5800
-5425
-6300
-7775
-4525
-2175
-2950
-4025
-4525
-4475
-3950
-1100
-100
-2625
-3775
-3675
-3375
-1050
-75
-925
-3750
-4875
-3200
-2250
-1350
-2075
-4900
-6325
-5625
-4000
-3250
-4925
-7250
-9325
-9350
-7300
-6800
-7525
-10400
-13575
-13250
-11850
-10700
-11550
-14350
-17125
-18500
-15950
-15025
-16275
-17900
-20650
-22300
-20825
-18500
-19100
-21850
-23750
-24850
-24975
-22150
-20725
-24175
-26750
-27500
-26100
-24850
-23800
-23825
-27950
-28900
-27400
-25950
-24625
-25050
-26475
-28850
-28850
-25425
-24100
-24950
-25700
-27725
-27275
-25100
-23225
-23050
-24950
-25475
-25725
-24500
-21500
-21275
-22125
-23325
-24200
-22350
-19850
-18950
-19450
-20925
-20825
-20100
-17975
-15700
-17150
-17525
-17950
-17725
-15500
-13350
-13100
-14800
-15500
-14125
-12550
-11200
-9550
-10875
-12500
-11475
-9675

-7975
-7525
-7175
-8300
-9850
-6525
-4675
-4725
-5125
-5550
-6125
-5900
-2550
-1150
-3350
-3650
-3850
-4325
-1875
-75
-725
-3125
-4050
-2925
-1975
-350
-400
-3100
-4500
-4300
-2600
-1500
-2425
-3825
-6475
-6825
-5375
-4125
-4225
-6675
-9350
-9925
-9575
-7550
-7700
-10225
-13000
-14675
-13025
-11875
-12700
-13775
-16825
-18850
-18275
-15950
-15900
-18500
-20175
-22250
-23000
-20350
-18850
-21225
-23925
-25100
-25050
-24025
-22050
-22425
-26300
-27350
-26600
-26325
-24225
-23950
-25800
-28575
-28575
-26050
-25300
-24625
-25425
-28125
-28425
-26250
-24400
-23950
-25625
-25850
-26900
-26525
-23200
-22550
-23150
-24850
-25450
-24250
-22475
-20500
-20925
-22650
-22825
-22450
-20450
-18175
-19025
-19425
-19725
-20100
-18275
-15925
-15025
-16725
-17675
-16350
-15625
-13875
-11675
-13150
-14800
-13650
-12175
-10925
-9900
-9025
-10375
-12175

-9075
-7300
-6825
-6550
-7100
-8250
-8125
-4550
-3050
-4800
-4500
-4925
-5650
-3575
-1275
-1075
-3475
-3725
-3150
-2925
-550
350
-2025
-3575
-3250
-1825
-1150
-600
-1525
-4325
-4825
-3350
-2400
-1825
-3550
-5850
-7275
-6850
-4975
-4550
-6400
-8925
-11050
-9850
-8875
-8900
-9575
-12850
-15000
-14725
-13300
-12700
-14225
-16075
-18800
-19875
-17525
-16500
-17950
-20275
-21975
-23300
-22225
-19800
-20325
-23750
-25275
-24825
-25550
-23425
-22450
-24150
-27300
-27900
-25675
-25475
-24225
-24575
-27400
-28825
-27150
-24700
-24475
-25525
-25975
-27900
-27525
-24400
-23825
-23875
-25200
-26550
-25900
-24575
-22025
-21950
-23800
-24175
-24400
-22450
-20475
-20400
-20800
-21875
-22125
-20450
-18325
-17300
-18125
-19350
-19075
-18500
-15900
-14400
-15175
-16325
-16200
-14975
-13550
-12100
-10950
-12825
-13825
-11825
-10250
-9375
-8225
-8825

-10225
-10075
-7125
-5500
-6725
-5575
-6525
-7550
-5400
-2950
-2725
-4250
-4275
-4425
-4400
-1425
-50
-2075
-3350
-3250
-2325
-1200
225
-275
-2950
-3775
-2475
-1575
-575
-1325
-2975
-4925
-4850
-2725
-2325
-3325
-5300
-7350
-7525
-6350
-5275
-5800
-8875
-10900
-11475
-10650
-9425
-10075
-11700
-14725
-16475
-14625
-13625
-14200
-16250
-18325
-20075
-20025
-17275
-17550
-20300
-21975
-23100
-23375
-21800
-20475
-22375
-25025
-26275
-25350
-24725
-23075
-23250
-26675
-27850
-27125
-25250
-24725
-24825
-25775
-28500
-27925
-25425
-24450
-24575
-25500
-27225
-27375
-26350
-22975
-23200
-24875
-25300
-26125
-24550
-22375
-21675
-22100
-23650
-23875
-22700
-21075
-19325
-19850
-20725
-21025
-21225
-18475
-16550
-17325
-18225
-18350
-17425
-16700
-14525
-13200
-15275
-15825
-14350
-13525
-12125
-10550
-11075
-12625
-12525
-9750
-8450
-8700

-7625
-8725
-9925
-7925
-5450
-4875
-5775
-5500
-5925
-6675
-3100
-1725
-3125
-3975
-3900
-3625
-2600
-325
-75
-3025
-3300
-2400
-1950
-375
-25
-1450
-3675
-3700
-1750
-1275
-1275
-2500
-4850
-5350
-4325
-3050
-3050
-5300
-7050
-8375
-7925
-6650
-6750
-8025
-10800
-12700
-11600
-11000
-10700
-12025
-14500
-16775
-16825
-14675
-14675
-16625
-18025
-20350
-20975
-19550
-17900
-19800
-22375
-23200
-23775
-23675
-21625
-21175
-25075
-26350
-26150
-24875
-24450
-23850
-24650
-27975
-27800
-25750
-25100
-24675
-25275
-26900
-28175
-27275
-24325
-24175
-25325
-25850
-27250
-26100
-24000
-23275
-23500
-25075
-25050
-24750
-23125
-21075
-21675
-22300
-23025
-23200
-21100
-19150
-19100
-20000
-20625
-19925
-19100
-17275
-15875
-17250
-17675
-17125
-16300
-14775
-13250
-13300
-14925
-14825
-12600
-11475
-11175
-9725
-11100
-12350
-10325
-8175

