
Curva de Excitacao - Bobina Girante (Dados Brutos)

Arquivo..............: C:\Arq\Ima\BobinaGirante_vs4.1\gap300_X=-2_#019.dat
Data.................: 25/01/2005
Hora.................: 14:08:28
Ganho................: 20
N. de Coletas........: 1
N. de Voltas.........: 10
Intervalo de Análise.: 4 - 8

-11750
-9650
-6775
-6800
-8025
-7025
-8200
-7825
-4425
-3550
-4625
-6075
-5625
-5150
-4225
-875
-1575
-4700
-4650
-3800
-2650
-1350
-1125
-2425
-5225
-4000
-2225
-2000
-1475
-3550
-5750
-5975
-4650
-2475
-3475
-5425
-7775
-9250
-7725
-2040
-6000
-7900
-11425
-12525
-11750
-10675
-10025
-12100
-14425
-16925
-16975
-14025
-14650
-16125
-18550
-20950
-21100
-19425
-17375
-19525
-23125
-24175
-24500
-23475
-21275
-21900
-25150
-27325
-27125
-25700
-24900
-23350
-25575
-29375
-29100
-27000
-25550
-25550
-26400
-28325
-30175
-28000
-24975
-25750
-26200
-27450
-28950
-27700
-25825
-23425
-24675
-27175
-26775
-26650
-24250
-22375
-23075
-24025
-25525
-24550
-22300
-20825
-20300
-21700
-22700
-22025
-21075
-17975
-17125
-19200
-19650
-19600
-17800
-16275
-14800
-14575
-17125
-16625
-14375
-13725
-12150
-11300
-12750
-14200
-12400
-9400
-9050
-9450

-8850
-10300
-10275
-6950
-5525
-5925
-6950
-6700
-7175
-6175
-2625
-2650
-4975
-4800
-4825
-3800
-2075
-900
-1975
-4600
-3725
-2400
-1800
-675
-1700
-3425
-4575
-3775
-1425
-1750
-2525
-4325
-6350
-5450
-4250
-3425
-4425
-7475
-8525
-8625
-7925
-6725
-8150
-10025
-12600
-13375
-11150
-11175
-12025
-13825
-17050
-17700
-16575
-14350
-15975
-18900
-19900
-22025
-21225
-18900
-19200
-21850
-24325
-24550
-24375
-23550
-21675
-23475
-27350
-27700
-26325
-25125
-24525
-25125
-27150
-29800
-28000
-25650
-25800
-25900
-27300
-28650
-28925
-27000
-24475
-25425
-27325
-27425
-28375
-25925
-23850
-24300
-24950
-26575
-25950
-24625
-23100
-21825
-23100
-23950
-23850
-23475
-20700
-19475
-20525
-21200
-21875
-20425
-18950
-17075
-16850
-19000
-18325
-17275
-16475
-14675
-13875
-14850
-16100
-14850
-12475
-11875
-11300
-11100
-12675
-12500
-9575
-8500

-8200
-8425
-8500
-9425
-8800
-4950
-4600
-6100
-5825
-6125
-5775
-4025
-1975
-2725
-5150
-3725
-3175
-3000
-1000
-1025
-3025
-4075
-3225
-1400
-1325
-875
-2175
-4800
-4175
-2900
-1775
-2225
-4100
-5475
-6525
-5550
-4125
-4900
-6425
-8675
-9675
-8825
-8000
-8025
-9700
-12825
-13800
-13575
-11500
-12125
-14550
-15850
-18300
-18025
-16325
-16000
-17925
-20825
-21175
-21925
-21400
-19350
-20875
-24150
-25275
-24725
-24125
-22950
-23225
-25450
-28375
-26850
-25400
-25525
-24850
-26125
-28275
-29000
-26975
-24975
-25900
-26475
-27325
-29075
-27400
-24775
-24800
-25650
-27375
-26775
-26450
-25075
-22800
-24200
-25275
-25525
-24975
-22850
-21650
-21725
-22650
-23775
-22525
-21225
-19350
-18875
-20750
-20475
-19750
-19100
-16975
-16250
-16775
-18275
-17350
-15250
-14725
-13475
-13125
-14900
-14925
-12600
-10975
-10750
-10550
-10250
-11475
-11300

-7700
-6975
-7925
-7425
-7925
-7850
-6350
-3775
-4225
-6225
-5150
-4875
-4400
-2200
-1550
-3250
-4450
-3350
-1900
-1800
-200
-1150
-3950
-3700
-2100
-850
-925
-2000
-3250
-4925
-3925
-2025
-2575
-3400
-5450
-6700
-6350
-5350
-4725
-6100
-8650
-10200
-10300
-8550
-8525
-10275
-11875
-14650
-14625
-13125
-12775
-13875
-16725
-17750
-19250
-18500
-16250
-17525
-20450
-21875
-22325
-22400
-21100
-20425
-22775
-25850
-25325
-24150
-24400
-23475
-24200
-26750
-28325
-26700
-24625
-25300
-25550
-26900
-29100
-28025
-25700
-24550
-25775
-27250
-27550
-27500
-26450
-23700
-24875
-25875
-26325
-26700
-24750
-23475
-22500
-24000
-25175
-24400
-23500
-21175
-20475
-22100
-22325
-22375
-21425
-19150
-18175
-18325
-19750
-19900
-18275
-17450
-15250
-15050
-16900
-16850
-15475
-13925
-13225
-12525
-12475
-13900
-13300
-10550
-9700
-10025
-9300
-9975

-10500
-8825
-5700
-6175
-7775
-6575
-6975
-6800
-3900
-2925
-4100
-5550
-4300
-3650
-3400
-775
-1475
-3900
-3650
-2375
-1375
-750
-950
-2350
-4000
-2850
-1025
-950
-1475
-3200
-4375
-4750
-3475
-2000
-3200
-5275
-6900
-7600
-6375
-5575
-6125
-7850
-10675
-11200
-10100
-9700
-10100
-12250
-13725
-15375
-15625
-13300
-14075
-16450
-18425
-19400
-19550
-18650
-17225
-19500
-22675
-23075
-22800
-22350
-21300
-21775
-24700
-26275
-25850
-24450
-24325
-24050
-25500
-28350
-27800
-25900
-24675
-25525
-26650
-27650
-28750
-26725
-24500
-25325
-26475
-27050
-27675
-26675
-25000
-23175
-24700
-26800
-25925
-25575
-23350
-22125
-22850
-23800
-24425
-23300
-21575
-20600
-20325
-21550
-21775
-20625
-20125
-17675
-17175
-19000
-19250
-18375
-16650
-15750
-14525
-14650
-16575
-15950
-13550
-12550
-12225
-11350
-12275
-13250
-11750
-8675
-8575
-9475

-8675
-9300
-9225
-6450
-5100
-5900
-7075
-6125
-5525
-5600
-2250
-2475
-4650
-4950
-3600
-2550
-1600
-725
-1700
-4275
-3025
-1300
-1000
-525
-1400
-2850
-3950
-2650
-675
-1525
-2650
-4050
-5475
-4375
-3100
-3100
-4750
-7100
-7975
-7575
-6650
-6350
-8125
-9925
-11825
-12325
-10475
-10500
-12000
-14150
-15775
-16425
-15750
-13950
-15825
-18800
-19750
-20450
-20025
-18675
-18700
-21825
-24150
-23525
-22775
-23050
-21975
-23000
-26900
-26875
-25025
-23850
-24550
-25300
-26525
-28850
-27075
-24550
-25175
-26175
-27000
-27850
-27625
-26100
-23950
-25275
-26925
-26850
-26975
-24900
-23350
-23875
-24975
-26150
-24950
-23550
-22500
-21425
-23000
-23625
-23075
-22050
-20075
-19325
-20100
-20900
-20925
-19125
-17925
-16900
-16825
-18450
-17900
-16400
-15225
-14225
-13800
-14375
-15500
-14300
-11450
-10950
-11425
-10625
-11775
-11775
-9050
-7400

-7975
-8600
-7875
-8050
-7900
-4425
-4100
-5825
-6025
-5250
-4300
-3725
-1650
-2250
-4850
-3625
-2025
-1850
-1050
-825
-2350
-3625
-2400
-225
-775
-1400
-1900
-4050
-3375
-1875
-1075
-2275
-4150
-4850
-5425
-4625
-3675
-4750
-6525
-8250
-8725
-7550
-7500
-8000
-9825
-12175
-12875
-12475
-10875
-11875
-14575
-15800
-17250
-16825
-15850
-15700
-18025
-20650
-20625
-20625
-20350
-19475
-20675
-23725
-24575
-23775
-22850
-22775
-23450
-25000
-27325
-26350
-24175
-24875
-25250
-26200
-27375
-27850
-26200
-24200
-25700
-26775
-27000
-27725
-26425
-24300
-24450
-25675
-27050
-25850
-25225
-24400
-22725
-24075
-24675
-25000
-23850
-22100
-21550
-21625
-22325
-22925
-21625
-20050
-19175
-18875
-20325
-19975
-18800
-18050
-16625
-16200
-16400
-17775
-16675
-14375
-14025
-13500
-12900
-13975
-14500
-11900
-10275
-10400
-10775
-9850
-10350
-10400

-7125
-6675
-7800
-7550
-7175
-6650
-5675
-3575
-3800
-6000
-4750
-3700
-3325
-2200
-1550
-2775
-4075
-2775
-1200
-1025
-725
-1175
-3325
-2775
-1250
-250
-975
-2150
-2800
-3800
-2925
-1650
-2325
-3400
-5200
-5725
-5175
-4875
-4650
-6300
-8175
-9325
-9375
-7800
-8375
-10500
-11600
-13500
-13550
-12525
-12350
-14025
-16650
-17125
-17775
-17625
-16425
-17600
-20200
-21775
-21100
-21050
-20925
-20625
-22500
-25400
-24700
-22775
-23650
-23850
-24600
-25775
-27300
-26000
-23925
-25350
-26175
-26400
-27625
-27100
-25225
-24450
-26025
-27300
-26600
-26225
-25425
-23825
-24900
-25475
-25850
-25425
-24075
-23200
-22700
-23775
-24375
-23375
-22750
-20850
-20400
-21775
-22075
-21200
-20175
-18950
-18375
-18300
-19300
-19125
-17175
-16625
-15550
-15200
-16150
-16425
-14750
-12925
-12775
-13000
-12300
-12775
-12800
-9875
-9150
-9800
-9750
-9300

