
Curva de Excitacao - Bobina Girante (Dados Brutos)

Arquivo..............: C:\Arq\Ima\BobinaGirante_vs4.1\gap300_X=-18_#003.dat
Data.................: 25/01/2005
Hora.................: 13:38:01
Ganho................: 20
N. de Coletas........: 1
N. de Voltas.........: 10
Intervalo de Análise.: 4 - 8

-11200
-11350
-10225
-8725
-9700
-10425
-9450
-8150
-8475
-8625
-6100
-6775
-6900
-4900
-5300
-6400
-6550
-5225
-4650
-4200
-2225
-3100
-5700
-5000
-4650
-3950
-2900
-3125
-3450
-5000
-4725
-4275
-5000
-4700
-5750
-6000
-6025
-6275
-5775
-6950
-8750
-9250
-9575
-8900
-8825
-10225
-10650
-13075
-13650
-12900
-13600
-13900
-14600
-15600
-17125
-17600
-16450
-18400
-19550
-19125
-20450
-20725
-20375
-20275
-22600
-24450
-22750
-23300
-24100
-23000
-24000
-25675
-26125
-25500
-25250
-26275
-25175
-25950
-27625
-26475
-25800
-26250
-26575
-27075
-26900
-27000
-26075
-25150
-26500
-26275
-26300
-26900
-25500
-25125
-24300
-24875
-25850
-25025
-24950
-23650
-23000
-23725
-22825
-22800
-23425
-21700
-21500
-21025
-21100
-21150
-20275
-20450
-18175
-17850
-19500
-18375
-17675
-17400
-16475
-15050
-14725
-16150
-15325
-13750
-14400
-12900
-11325
-12550

-13000
-11350
-9850
-10250
-10375
-8325
-9875
-9575
-7175
-6775
-7325
-7000
-6450
-6750
-6700
-4175
-4225
-6075
-4650
-4700
-4650
-3800
-3550
-3550
-5025
-3950
-3325
-4300
-3100
-4075
-4875
-5275
-5225
-3800
-4775
-5500
-6400
-7425
-7225
-6925
-7075
-7900
-9725
-9775
-9925
-10825
-10675
-11500
-12350
-13650
-14600
-13250
-14775
-15650
-16100
-17825
-18300
-17950
-17425
-19400
-20925
-20350
-21675
-22100
-20925
-22000
-23475
-24075
-23875
-24400
-24825
-23325
-24950
-27075
-25775
-25275
-25800
-25850
-25950
-26650
-27650
-26225
-25325
-26700
-26575
-26000
-27175
-26600
-25925
-24850
-25700
-26700
-25575
-26100
-24925
-24325
-24650
-24200
-25075
-24350
-23250
-23275
-22525
-22475
-22700
-22325
-22425
-20250
-19750
-21100
-20025
-19775
-19675
-18675
-17625
-17000
-18550
-16875
-16000
-16750
-14900
-13775
-14700
-14950
-13600
-12375
-12600
-11800

-10250
-12000
-11600
-9325
-9275
-9100
-8375
-7750
-8650
-8475
-5850
-5925
-6800
-5300
-5750
-6025
-4650
-3800
-4075
-5300
-3850
-3775
-4600
-2625
-2675
-3925
-4275
-4225
-3225
-3725
-3225
-3850
-5475
-5000
-5125
-4900
-5000
-6550
-6725
-7350
-7700
-7475
-8000
-9025
-10250
-11150
-10550
-11575
-11375
-12150
-14350
-14825
-14925
-14425
-15700
-17125
-16950
-18850
-19300
-18200
-19100
-20625
-21400
-21050
-22425
-23000
-21100
-22525
-24925
-23925
-24425
-24575
-24450
-24325
-25375
-27150
-25675
-25400
-26225
-25750
-25750
-26925
-27025
-26425
-25625
-25875
-26450
-26125
-27050
-25875
-24925
-25475
-25200
-25775
-25475
-24950
-24675
-23500
-23850
-23950
-23725
-23925
-22550
-21825
-22225
-21650
-22150
-21325
-20850
-20175
-19050
-20250
-18850
-18400
-19200
-17200
-16250
-16775
-17100
-15875
-15050
-15550
-13800
-12600
-14350
-13750
-11775
-12150

-11675
-10075
-9825
-10950
-10625
-8125
-8575
-8325
-6750
-7550
-7825
-6800
-5200
-5375
-6125
-4700
-4950
-5825
-3550
-3225
-4075
-4125
-3850
-3825
-4125
-2375
-2675
-4750
-3950
-4200
-3775
-3550
-4000
-4650
-5600
-5625
-5550
-5650
-5775
-7200
-7950
-7825
-8850
-8325
-8625
-10925
-11475
-11650
-11625
-12225
-13300
-13175
-15925
-16175
-15375
-16175
-17050
-17800
-18425
-19925
-20325
-18800
-20050
-21825
-21750
-22625
-23175
-22850
-22275
-23650
-25675
-24100
-24275
-25775
-24375
-24750
-26450
-26875
-25700
-25450
-26375
-25275
-25925
-27750
-26650
-25350
-25875
-25775
-26125
-25725
-26175
-25975
-24450
-25175
-24575
-25075
-25025
-24000
-23875
-23150
-22825
-23900
-23425
-22425
-21825
-21000
-21700
-20575
-20550
-21625
-19525
-18750
-18400
-18600
-18300
-17450
-18125
-16025
-14900
-16350
-15725
-14500
-14525
-14175
-12525
-11975
-13325
-12725

-10450
-11150
-10300
-8825
-9475
-10200
-8675
-7250
-7300
-7450
-5900
-6775
-7500
-5050
-4500
-5000
-4750
-4475
-4750
-4750
-2800
-2600
-4400
-3825
-3625
-3675
-3150
-3025
-3025
-4600
-4325
-3800
-4175
-3675
-4475
-5725
-6200
-6525
-5725
-6025
-7200
-8225
-9075
-9025
-9175
-9750
-9875
-12425
-12525
-12450
-13275
-13250
-14175
-15225
-17075
-17375
-16000
-17300
-18300
-18600
-20225
-21200
-20550
-19625
-21525
-23075
-22250
-23200
-24375
-22850
-23350
-24650
-25350
-24900
-25100
-25725
-24275
-25100
-27000
-26500
-25550
-25850
-25525
-25825
-26200
-26725
-26400
-24950
-25800
-25075
-25350
-26200
-25600
-25125
-24000
-24300
-24550
-24225
-24375
-23300
-22600
-22900
-22225
-22625
-22675
-21375
-21075
-20100
-19950
-20525
-19725
-20275
-18050
-17450
-18100
-17350
-17050
-17150
-16500
-14750
-14225
-15275
-14425
-13150
-13925
-12400
-10775
-11700

-12275
-10750
-9775
-9750
-9300
-7650
-8925
-9100
-6900
-6600
-6450
-5750
-5425
-6275
-6300
-4100
-3625
-4700
-3600
-3950
-4350
-3600
-2675
-2775
-3925
-3150
-3125
-3950
-2600
-2850
-3975
-4650
-4525
-4025
-4300
-4325
-5375
-6625
-6675
-6900
-6700
-6625
-8500
-9100
-9400
-10425
-10325
-10450
-11375
-13000
-14200
-13025
-14500
-14700
-15000
-17050
-17700
-17650
-17075
-18450
-19700
-19600
-21150
-21800
-20675
-21175
-22250
-23300
-23250
-24100
-24625
-22675
-23700
-26000
-25375
-25125
-25725
-25375
-24875
-25775
-27050
-25875
-25250
-26300
-25475
-25025
-26675
-26375
-25775
-24600
-24850
-25400
-24975
-25925
-24700
-24125
-23875
-23275
-24050
-23825
-23125
-22850
-22150
-21700
-21650
-21700
-21975
-19900
-19725
-20325
-19175
-19375
-19150
-18350
-17075
-16150
-17400
-16300
-15500
-16375
-14950
-13125
-13700
-14375
-12900
-11950
-12725
-11475

-9675
-11000
-10875
-8875
-8900
-9175
-7700
-7125
-8100
-7775
-5550
-5600
-6125
-4650
-5200
-5625
-4650
-3250
-3325
-4125
-3275
-3375
-4475
-2475
-2175
-2750
-3500
-3375
-3000
-3725
-2850
-2925
-4625
-4550
-4400
-4725
-4725
-5575
-6050
-7025
-7375
-7100
-7500
-8100
-9275
-10675
-10375
-11475
-11275
-11125
-13400
-14275
-14550
-14450
-15650
-16150
-15875
-18400
-18925
-17850
-18725
-19900
-20275
-20550
-22200
-22625
-20800
-21975
-23975
-23450
-24050
-24400
-24425
-23525
-24425
-26400
-25125
-25175
-26100
-25325
-24875
-26025
-26475
-26150
-25275
-25700
-25525
-25175
-26750
-25550
-24600
-24950
-24525
-24750
-24650
-24825
-24350
-23125
-23325
-22950
-23075
-23500
-22325
-21625
-21550
-20800
-21200
-20875
-20300
-19625
-18875
-19500
-18000
-17950
-18675
-16900
-15750
-16200
-16100
-15250
-14800
-15025
-13575
-12100
-13500
-12950
-11275
-11700

-11500
-9575
-8950
-10200
-9975
-7750
-8100
-8175
-6225
-6525
-7300
-6250
-4850
-5200
-5375
-3875
-4325
-5525
-3450
-2650
-3425
-3425
-3300
-3275
-3825
-2250
-2025
-3625
-3425
-3550
-3700
-3600
-3550
-3700
-5050
-5125
-4975
-5425
-5425
-6350
-7275
-7725
-8525
-8025
-8200
-9900
-10825
-11575
-11500
-12125
-12775
-12450
-15025
-15650
-15400
-16075
-16650
-17200
-17550
-19450
-20150
-18875
-19800
-21200
-20875
-22175
-22925
-22750
-21975
-22975
-24800
-23675
-24475
-25375
-24175
-23875
-25500
-26200
-25500
-25375
-26050
-24950
-25150
-26750
-26250
-25300
-25650
-25325
-25400
-24950
-25600
-25775
-24325
-24575
-24050
-24275
-24450
-23800
-23650
-22850
-22250
-22800
-22800
-22150
-21400
-20825
-21175
-19750
-20050
-20825
-19250
-18500
-18100
-18200
-17500
-16800
-17850
-15875
-14750
-15725
-14950
-13800
-14100
-14050
-12225
-11300
-12425
-12100

