
Curva de Excitacao - Bobina Girante (Dados Brutos)

Arquivo..............: C:\Arq\Ima\BobinaGirante_vs4.1\gap300_X=-9_#012.dat
Data.................: 25/01/2005
Hora.................: 13:55:20
Ganho................: 20
N. de Coletas........: 1
N. de Voltas.........: 10
Intervalo de Análise.: 4 - 8

-11300
-9275
-7075
-8175
-10025
-7950
-7925
-8075
-6175
-5800
-6225
-6250
-4450
-3525
-5650
-4500
-4575
-5300
-3375
-1625
-1425
-3400
-4425
-4150
-4700
-2400
-925
-2700
-3575
-4675
-4550
-4350
-3875
-3625
-5500
-6700
-6200
-6175
-5525
-6750
-8600
-9550
-10750
-9250
-8525
-9850
-11700
-13875
-13900
-14300
-14250
-12875
-15275
-17400
-17850
-18225
-18550
-18750
-18450
-20750
-22725
-21225
-20950
-22075
-22775
-23500
-25175
-25225
-23800
-23375
-25525
-25525
-25850
-27900
-26650
-25175
-25425
-27250
-27550
-26725
-27575
-26600
-25350
-27500
-27950
-26675
-26250
-25875
-26075
-25250
-26775
-27625
-25350
-24575
-24025
-24225
-25075
-24925
-24900
-23275
-21800
-22625
-22550
-22750
-22225
-20900
-20975
-19425
-19750
-21200
-19650
-18375
-17225
-17575
-17300
-17000
-18050
-15975
-13950
-14450
-14500
-13800
-14000
-13875
-12175
-10225
-11125
-12150

-10000
-10150
-9900
-7750
-7800
-8725
-8950
-6625
-5950
-6650
-4625
-5350
-6850
-5525
-3925
-3350
-3775
-3475
-3825
-5075
-2975
-1725
-2925
-3175
-3700
-3475
-3500
-2650
-1975
-4100
-4975
-4600
-4800
-3875
-4100
-5125
-6600
-8050
-6975
-6600
-7425
-7875
-9925
-10350
-11150
-11025
-10250
-12225
-13375
-14475
-15250
-15075
-15175
-15025
-17400
-19650
-18500
-19275
-19175
-19325
-20400
-22550
-23525
-21975
-21900
-23575
-23125
-23975
-26525
-25475
-24200
-24550
-25975
-26600
-26425
-27600
-26150
-25075
-26900
-27550
-27525
-26925
-26675
-26400
-25575
-26875
-27850
-26550
-26400
-25300
-25000
-26175
-25875
-26350
-24450
-23700
-24050
-23775
-24925
-23975
-22950
-22450
-21350
-21575
-22650
-21875
-21175
-19575
-19325
-19200
-19100
-20075
-18425
-16700
-16975
-16575
-16300
-16225
-16225
-14725
-12625
-13650
-13925
-12900
-12925
-12250
-9900
-10100

-10750
-10850
-9075
-8725
-8825
-6175
-6950
-8475
-7150
-5875
-5200
-5075
-4375
-4600
-6450
-3950
-2525
-3525
-3100
-3450
-3650
-3825
-2250
-1425
-3125
-3200
-3400
-4050
-2975
-2425
-2650
-4250
-5450
-4700
-4850
-4375
-4950
-6575
-7275
-8025
-7725
-7050
-8500
-9600
-10575
-12025
-11875
-11525
-11200
-13525
-15725
-15050
-16000
-16025
-15650
-16925
-19175
-20500
-19075
-19450
-20575
-20125
-21725
-23875
-23400
-22375
-22925
-23825
-24400
-25450
-26650
-24950
-23800
-26075
-26425
-26600
-26650
-27075
-25825
-25150
-27400
-27725
-26600
-27025
-26425
-25025
-26000
-26975
-27525
-25250
-25250
-25625
-24500
-25650
-25450
-24825
-24150
-22875
-23475
-23675
-23350
-23450
-21900
-21150
-20825
-21100
-22250
-20375
-19225
-19400
-18375
-18425
-18500
-18800
-17250
-15300
-16075
-15850
-15100
-15975
-14875
-12575
-12075
-12925
-13075
-11650
-11525
-11225

-8550
-9025
-10375
-9200
-8175
-7600
-7325
-5775
-6425
-8175
-5500
-4300
-4925
-4350
-4250
-5000
-5150
-3000
-1775
-3075
-2800
-3100
-4350
-3325
-1775
-1500
-2925
-3975
-3175
-3675
-3450
-2650
-3950
-5025
-5700
-5125
-4825
-5750
-5800
-7425
-8975
-8600
-8350
-7900
-9275
-11375
-11875
-13200
-12425
-12150
-13325
-15000
-16600
-16025
-16725
-17450
-16450
-18575
-20675
-20575
-19750
-20675
-21400
-21250
-23225
-24950
-23225
-22225
-24275
-24375
-24875
-25875
-26250
-25125
-24250
-26225
-26800
-26300
-27125
-26350
-25500
-25450
-26975
-27750
-26050
-26000
-26100
-24975
-26050
-26450
-26000
-25325
-24225
-24650
-23975
-24800
-25200
-23650
-22825
-22075
-22400
-23300
-22550
-21675
-21100
-19925
-20150
-20250
-20625
-19350
-17825
-18225
-17075
-17150
-18200
-16950
-15150
-14225
-14950
-14475
-13925
-14550
-13300
-10850
-11400
-12175
-10975
-10875

-10450
-9275
-7250
-8100
-9850
-7325
-6825
-6800
-5350
-4925
-6125
-6725
-4200
-3125
-4550
-2900
-3125
-4850
-3850
-1950
-1600
-2650
-2800
-2650
-3800
-2450
-1175
-2575
-3275
-3875
-3625
-3450
-3425
-2950
-4700
-6350
-6050
-5675
-5350
-6150
-7275
-8575
-9950
-9200
-8675
-9850
-11000
-12600
-12675
-13550
-13950
-12925
-14925
-16800
-17500
-17175
-17600
-18175
-17900
-19950
-22000
-20925
-20400
-21675
-22025
-22550
-24100
-24775
-23650
-23225
-24900
-24850
-25000
-27125
-26000
-24700
-24825
-26725
-26775
-26200
-27100
-26025
-24600
-26225
-27225
-26375
-26000
-25575
-25425
-24400
-25525
-26450
-24975
-24375
-23500
-23700
-24000
-23875
-24075
-22775
-21500
-21850
-22000
-22100
-21425
-20350
-20125
-18750
-18875
-20425
-19225
-17875
-16650
-16825
-16575
-16075
-16975
-15575
-13475
-13550
-14175
-13000
-13125
-13150
-11825
-9425
-10375
-11650

-9375
-9300
-9275
-7325
-6550
-7900
-8400
-6200
-5300
-5900
-4050
-4200
-5800
-5175
-3200
-2650
-3225
-2675
-2775
-4100
-2675
-1075
-1975
-2575
-2675
-2600
-2950
-2250
-1275
-2775
-4000
-3850
-3800
-3500
-3450
-4075
-5825
-6950
-6275
-6125
-6550
-7200
-9000
-9375
-10175
-10475
-9550
-11175
-12750
-13300
-14150
-14725
-14650
-14175
-16600
-18575
-17675
-18225
-18750
-18800
-19375
-21600
-22500
-21150
-21525
-22825
-22525
-22975
-25500
-24825
-23700
-23600
-25225
-25725
-25500
-26825
-25825
-24300
-25675
-26775
-26525
-25975
-26350
-25975
-24725
-26025
-26950
-25800
-25600
-24925
-24325
-25000
-25200
-25425
-24000
-23400
-23275
-22875
-23700
-23075
-22300
-22175
-20825
-20875
-21675
-20950
-20225
-19175
-18600
-18475
-18200
-19350
-17625
-16100
-16175
-15725
-15275
-15375
-15700
-14100
-12325
-12775
-13100
-11800
-12025
-11775
-9675
-9050

-9800
-10100
-8250
-7850
-8350
-5575
-6000
-7375
-6575
-5000
-4675
-4575
-3275
-3850
-5550
-3475
-1925
-2725
-2550
-2350
-2800
-3375
-1925
-700
-1925
-2425
-2425
-3250
-2475
-1875
-2000
-3200
-4550
-3975
-4125
-4200
-4150
-5325
-6450
-7250
-7150
-6725
-7925
-8625
-9625
-11125
-11100
-11150
-10775
-12500
-14575
-14325
-15350
-15350
-15725
-16025
-18000
-19400
-18575
-18875
-20000
-19700
-20650
-22700
-22825
-21850
-21975
-23250
-23650
-24125
-25875
-24600
-23475
-25125
-25625
-25875
-26150
-26425
-25550
-24575
-26400
-26675
-26075
-26450
-25875
-24800
-25050
-26025
-26700
-24650
-24500
-24825
-23900
-24750
-24500
-24400
-23475
-22475
-22700
-22800
-22550
-22575
-21450
-20725
-20175
-20250
-21000
-20000
-18650
-18625
-17900
-17500
-17450
-17900
-16550
-14800
-15300
-15150
-14100
-14575
-14350
-12225
-11300
-12075
-12225
-10725
-10625
-10850

-7900
-8375
-9275
-8400
-7525
-7050
-6575
-4925
-5325
-7050
-5100
-3925
-4175
-3475
-3150
-3525
-4350
-2750
-1300
-2425
-2325
-2050
-2975
-2775
-1300
-975
-2200
-3050
-2475
-3175
-2775
-2025
-3225
-4225
-4650
-4850
-4525
-5025
-5475
-6500
-7650
-8125
-8175
-7575
-8875
-10775
-10850
-12100
-12275
-11975
-12575
-14325
-15800
-15375
-16075
-17050
-16275
-17825
-19800
-20100
-19400
-20150
-20875
-20725
-22025
-24050
-23100
-22000
-23725
-24075
-24200
-24700
-25800
-25075
-23775
-25850
-26100
-25550
-26125
-26275
-25150
-24775
-26300
-27025
-25600
-25650
-25675
-24550
-25375
-25625
-25325
-24875
-24075
-24175
-23600
-23925
-24175
-23000
-22800
-21900
-21825
-22750
-21750
-21000
-20700
-19875
-19600
-19625
-20000
-18950
-17650
-17725
-16850
-16525
-17100
-16675
-15075
-14175
-14425
-14250
-13200
-13450
-13275
-10775
-10750
-11650
-10700
-9825

