
Curva de Excitacao - Bobina Girante (Dados Brutos)

Arquivo..............: C:\Arq\Ima\BobinaGirante_vs4.1\gap300_X=19_#040.dat
Data.................: 25/01/2005
Hora.................: 14:43:21
Ganho................: 20
N. de Coletas........: 1
N. de Voltas.........: 10
Intervalo de Análise.: 4 - 8

-6450
-6100
-5525
-2040
-3150
-4175
-5925
-4000
-3100
-3300
-225
-425
-2375
-2850
-1825
-1475
-1550
-75
-50
-1775
-1050
-275
-1775
-2050
-1900
-1725
-2250
-1725
-1025
-3150
-4425
-4825
-5375
-4450
-4650
-5300
-6700
-8625
-8700
-8875
-9300
-9725
-11600
-11775
-12800
-13750
-13050
-15000
-16475
-17175
-17900
-17650
-18225
-17875
-20375
-22975
-21950
-22425
-22550
-22375
-23100
-25475
-26525
-25475
-25300
-26425
-26250
-26550
-29150
-28200
-26975
-26875
-28275
-29200
-28775
-30150
-28175
-26600
-27950
-28875
-29025
-28850
-28475
-27725
-25850
-27200
-28075
-26825
-27125
-25700
-24925
-25875
-25425
-25350
-24000
-23050
-23150
-22650
-23550
-22550
-21500
-20925
-19375
-19375
-20175
-19700
-19125
-17300
-16650
-16600
-15825
-16650
-15425
-13850
-13725
-13600
-12950
-12500
-12375
-11300
-8875
-9700
-10750
-9150
-9125
-8375
-6175
-5750

-6750
-7425
-5525
-4675
-5350
-2425
-3175
-4375
-3450
-2625
-1775
-2125
-1025
-1550
-3075
-1250
-125
-700
-900
-1300
-1325
-2150
-900
250
-1450
-1900
-2200
-3300
-2625
-2375
-2525
-3925
-5475
-5000
-5575
-5550
-6100
-7775
-8550
-9275
-9575
-9200
-10550
-11950
-13175
-14025
-14425
-14550
-13850
-16400
-18625
-18250
-18975
-19200
-19300
-20125
-22150
-23525
-22650
-22575
-23950
-24200
-24775
-26850
-26800
-25300
-25475
-26675
-27850
-27925
-29325
-27525
-25950
-28125
-28775
-29075
-28825
-28975
-27775
-26425
-28700
-28925
-27825
-28075
-26925
-25925
-26825
-27550
-27400
-25350
-24775
-25000
-24250
-25300
-24750
-23825
-22875
-21600
-22050
-22050
-21900
-21425
-19700
-19250
-18850
-18625
-19375
-17750
-16325
-16150
-15625
-15400
-15025
-15125
-13800
-11650
-12350
-12650
-11400
-11500
-10900
-8800
-8050
-9000
-9425
-7350
-6950
-7425

-4675
-5150
-6075
-5300
-4100
-3425
-3725
-2200
-2475
-4200
-1975
-600
-1275
-1400
-1300
-1325
-1950
-125
775
-825
-1075
-950
-1975
-1250
-250
-400
-2025
-3100
-2400
-3075
-2875
-2800
-4525
-5175
-5875
-5600
-5675
-7050
-7750
-9100
-10025
-10100
-10325
-10275
-12250
-14275
-14200
-15100
-14900
-15225
-16525
-18250
-19750
-19025
-19600
-20450
-20550
-22000
-23925
-23600
-22850
-23525
-25100
-25100
-26000
-27625
-26025
-24725
-27375
-28075
-27900
-27950
-28250
-27550
-26500
-29200
-29250
-28200
-28375
-27625
-27175
-27275
-28525
-28850
-26625
-26300
-26500
-25875
-26775
-26600
-25550
-24750
-23775
-24500
-24025
-24125
-23825
-21850
-21525
-21225
-21075
-21700
-20525
-19200
-18575
-18100
-18175
-17650
-17650
-16525
-14600
-15325
-14900
-14050
-14025
-13400
-11650
-10800
-11775
-11800
-9875
-9700
-9400
-7075
-7700
-8475
-7300
-6400

-5825
-5550
-3875
-4325
-5850
-3300
-2325
-2900
-2600
-2075
-2150
-2875
-400
300
-1600
-1100
-650
-1600
-600
925
550
-1325
-1650
-800
-1475
-625
-350
-2200
-2975
-3050
-2800
-2775
-3950
-4125
-5625
-6375
-6200
-6375
-6725
-8300
-9875
-10200
-11150
-10825
-10900
-12825
-14300
-15775
-14975
-15575
-16600
-16775
-18600
-20325
-20325
-19500
-20475
-22000
-22300
-23325
-24775
-23825
-22975
-25125
-26050
-26350
-26625
-26675
-26125
-25950
-28375
-28275
-27425
-28350
-27375
-27075
-27825
-29025
-28850
-27150
-27825
-27125
-26750
-28150
-28050
-26700
-25875
-25775
-26300
-25700
-25600
-25650
-23875
-23575
-23400
-23650
-23550
-22575
-21775
-20625
-20625
-20950
-20325
-19950
-18850
-17400
-18075
-17175
-16800
-16875
-15900
-14350
-13700
-14525
-14125
-12550
-12650
-11725
-9925
-10625
-11200
-9650
-8650
-8250
-8000
-6375
-6850
-8025

-5300
-4575
-4750
-4350
-3975
-3800
-4250
-1825
-1250
-2900
-1900
-1325
-2000
-1000
250
325
-1600
-1025
-125
-700
200
575
-950
-1675
-1200
-600
-850
-1625
-1600
-3300
-3525
-3125
-3350
-3625
-5125
-6075
-6500
-7375
-6875
-7325
-8825
-10375
-11350
-10775
-11475
-12475
-12850
-15075
-15725
-16000
-15925
-16600
-18525
-18675
-20275
-21200
-20350
-20400
-22275
-23375
-23650
-24525
-24625
-23875
-24425
-26975
-26825
-25750
-27175
-26775
-26300
-27150
-28875
-28600
-26550
-27800
-27500
-27375
-28650
-28700
-27675
-26225
-26875
-27850
-26800
-27150
-27050
-25200
-25325
-25150
-25675
-25400
-24550
-23875
-22600
-22850
-23300
-22775
-22250
-20800
-20000
-20250
-19925
-19625
-19200
-18175
-16975
-16450
-17050
-16925
-15350
-15225
-14025
-12725
-13525
-13775
-12475
-11000
-10950
-10375
-9125
-9500
-10450
-7575
-6975
-7200
-6475
-6025

-6225
-6250
-3425
-2950
-4950
-3425
-3000
-3400
-2325
-775
-750
-2600
-1275
-300
-1125
75
725
-750
-1375
-125
400
-175
-325
-25
-1750
-1725
-525
-925
-1575
-2325
-3175
-3725
-4225
-3100
-4200
-5675
-6375
-7525
-7300
-7425
-8175
-9175
-11200
-11725
-11850
-11900
-12750
-14500
-14900
-16375
-17375
-16400
-16975
-18775
-20050
-20300
-21375
-21650
-20600
-21925
-24375
-24600
-23800
-25025
-24750
-24900
-26025
-27300
-27350
-26000
-27275
-26650
-26775
-28600
-28300
-27500
-26500
-27625
-28050
-27425
-28350
-27600
-25925
-26550
-26950
-26825
-26550
-26350
-25675
-23825
-24725
-25675
-24500
-24150
-22900
-22175
-22300
-22250
-22400
-21175
-20425
-19675
-18975
-19500
-19300
-18050
-17625
-16275
-15425
-16175
-16200
-15025
-13575
-13275
-12725
-11950
-12600
-12325
-10200
-9500
-9650
-9050
-8575
-8825
-8400
-5700
-5325
-7075

-5325
-5075
-5225
-3700
-2625
-2600
-4250
-2250
-1650
-2150
-625
-250
-1450
-1725
-450
575
-50
350
275
-1100
-575
625
475
-125
-625
-1025
-1825
-1850
-500
-1725
-2775
-3275
-4200
-3775
-3950
-4450
-5750
-7550
-7700
-7775
-7850
-8750
-10275
-10975
-12475
-13225
-12300
-13150
-14775
-16075
-16775
-17550
-18025
-17275
-18825
-21000
-21200
-21150
-22075
-22150
-22125
-23975
-25475
-24900
-24150
-25700
-25225
-25075
-27700
-27900
-26525
-25800
-27200
-28050
-26975
-28850
-27925
-26350
-26950
-27800
-28025
-27050
-27425
-27000
-25250
-26050
-27150
-26025
-25850
-24825
-24150
-24225
-24375
-24725
-23325
-22500
-21900
-21350
-21900
-21375
-20675
-20175
-18775
-18200
-18725
-18700
-17700
-16450
-15925
-15650
-14800
-15550
-14825
-12900
-12350
-12275
-11825
-11175
-11425
-10850
-8350
-8150
-9300
-7950
-7575
-7575
-6125
-4825

-5000
-6325
-4275
-3550
-4450
-2200
-1825
-2950
-3000
-1400
-525
-1450
-75
-175
-1725
-600
700
400
-50
325
-175
-850
-500
925
-175
-1100
-1100
-1900
-1850
-1475
-1650
-2850
-4375
-4250
-4650
-4800
-4975
-6450
-7525
-8425
-8975
-8475
-9475
-10750
-11900
-12850
-13575
-13975
-13500
-15050
-17350
-17475
-17750
-18550
-18825
-19050
-20825
-22525
-21875
-21775
-23100
-23325
-23375
-25550
-25875
-25125
-24850
-25850
-26925
-26325
-28125
-27275
-25800
-27150
-27550
-27900
-27450
-28175
-27325
-25825
-27400
-27800
-26950
-27075
-26575
-25625
-25325
-26075
-26625
-24675
-24350
-24375
-23400
-23950
-23625
-23200
-22175
-21075
-21150
-20750
-20875
-20550
-19175
-18475
-17925
-17525
-18125
-17200
-15600
-15425
-15025
-14325
-13850
-14150
-13225
-11200
-11550
-11625
-10325
-10200
-10225
-8625
-7350
-7775
-8375
-6400
-5975
-6850

