
Curva de Excitacao - Bobina Girante (Dados Brutos)

Arquivo..............: C:\Arq\Ima\BobinaGirante_vs4.1\gap300_X=0_#021.dat
Data.................: 25/01/2005
Hora.................: 14:11:49
Ganho................: 20
N. de Coletas........: 1
N. de Voltas.........: 10
Intervalo de Análise.: 4 - 8

-6250
-6500
-7975
-8200
-9275
-8550
-5575
-3175
-5425
-8050
-5700
-4750
-3000
-875
-2525
-5875
-7100
-3700
-600
175
25
-2975
-7050
-5500
-1675
900
-325
-3425
-5175
-6550
-4025
-950
-2075
-5225
-8300
-8125
-5725
-4375
-3875
-7500
-12300
-12825
-10075
-6700
-7500
-11100
-14475
-17950
-15575
-11675
-11850
-14975
-18725
-20175
-20550
-17850
-14750
-18975
-23350
-24325
-23425
-21550
-19500
-20550
-26050
-29525
-26475
-23400
-23250
-22825
-26275
-30050
-30025
-26500
-23425
-25450
-27275
-29475
-31025
-27725
-24300
-24450
-27650
-30600
-29575
-27900
-24575
-22450
-26025
-28575
-29375
-27650
-23375
-22075
-22825
-25650
-27800
-25675
-22725
-20025
-20850
-23825
-24250
-23325
-20925
-17625
-18025
-20400
-22325
-21225
-17950
-16000
-14275
-16000
-19450
-18925
-15550
-12875
-12125
-12725
-14150
-15975
-14050
-9175
-9150
-10400
-10625
-12225

-11225
-7750
-4625
-6600
-9900
-8375
-8275
-5875
-2325
-2800
-5800
-7850
-5650
-1969625
-3750
-1150
-750
-1100
-3800
-5825
-3275
25
300
-1150
-3625
-5050
-4700
-1450
900
-1550
-4800
-6725
-6475
-3525
-1775
-2675
-6275
-10300
-9375
-6625
-5450
-6125
-9575
-12700
-13925
-11675
-8525
-10525
-13650
-16575
-18400
-16800
-13700
-12900
-17750
-21950
-21700
-21025
-18775
-17000
-19850
-25100
-26650
-23900
-21750
-21850
-22275
-25550
-30100
-27650
-23725
-22900
-24875
-27475
-29375
-30475
-25875
-23175
-25275
-28000
-29825
-29475
-27225
-24625
-23425
-26825
-29825
-28550
-26875
-23675
-22725
-25250
-27125
-28200
-25150
-21975
-21500
-22500
-24975
-25275
-23850
-20975
-18475
-19600
-22425
-22825
-21700
-18600
-16450
-16475
-18425
-20775
-18725
-15675
-14500
-13650
-14450
-16750
-16900
-13575
-10025
-10750
-12175
-12100
-13775
-11825
-7050
-6675

-8900
-10250
-9375
-8500
-6725
-2875
-4725
-7600
-7400
-5925
-3475
-2225
-1550
-4250
-6850
-4250
-1175
-650
-500
-2500
-4575
-4525
-1625
1250
-450
-2625
-4350
-5375
-2925
-275
-550
-3600
-6900
-6700
-5150
-3100
-2825
-5800
-8950
-10650
-8800
-5725
-6725
-8975
-12250
-14825
-13725
-10650
-9250
-13175
-17250
-18025
-18550
-16000
-13800
-16200
-20750
-23150
-21550
-20100
-19150
-19175
-22900
-27075
-25825
-22825
-21625
-22400
-25225
-27950
-29575
-25400
-22450
-24625
-26500
-28775
-29575
-28200
-24625
-23300
-27125
-28850
-28775
-28350
-25000
-23200
-25175
-28100
-29125
-26425
-24075
-23050
-23075
-25900
-27000
-26000
-23025
-20400
-21350
-23300
-24500
-24150
-21275
-18800
-18200
-20175
-22450
-20925
-18550
-17000
-15625
-16700
-18575
-19200
-16350
-13075
-13225
-13625
-14300
-16300
-14575
-10250
-9100
-10850
-11800
-11825
-11300
-9350

-5250
-6825
-9100
-9175
-8250
-6225
-4225
-2775
-5325
-7925
-5600
-3450
-2200
-1400
-2575
-4750
-5425
-2450
275
-325
-1475
-3300
-5000
-3075
300
925
-1650
-4475
-4825
-4275
-1725
-575
-2825
-5625
-7550
-6400
-3950
-3875
-4850
-8125
-11125
-10725
-7900
-6325
-8925
-12250
-14175
-15425
-12875
-10625
-12225
-16550
-19050
-18575
-18125
-16125
-15425
-19550
-23550
-23000
-21175
-19950
-19925
-21525
-25650
-27975
-24600
-21525
-23225
-24450
-26750
-28875
-27950
-24375
-22825
-26425
-27875
-28800
-28950
-26025
-23600
-24750
-28175
-29675
-27725
-25825
-24250
-23450
-26625
-27925
-27300
-25100
-22600
-22775
-23750
-25875
-26025
-23625
-20975
-19875
-21725
-23875
-23175
-21575
-19250
-17600
-18525
-20325
-21100
-19275
-16225
-15750
-15150
-16325
-18575
-17075
-13275
-12200
-12675
-13425
-13925
-14350
-12075
-7975
-9175
-10900
-10725
-10700

-9350
-6525
-4350
-7000
-9525
-7250
-6050
-4575
-2400
-3300
-5650
-6800
-3550
-1350
-1550
-1150
-2975
-5350
-3650
-100
800
-1025
-2775
-3700
-4050
-1000
1075
-725
-3300
-5150
-4675
-2700
-1600
-1425
-4700
-7725
-7725
-5650
-3775
-5100
-7700
-10175
-12250
-9975
-7325
-8425
-11875
-14450
-15150
-15150
-12900
-11550
-15550
-19200
-19800
-18750
-17400
-16850
-17800
-22475
-24925
-22600
-20250
-20800
-21425
-24225
-27400
-26625
-23325
-22100
-24850
-25850
-27600
-29275
-25950
-23300
-24325
-27575
-29025
-28125
-27425
-24225
-23475
-26825
-28725
-28075
-26350
-24325
-23750
-24200
-26675
-28000
-25050
-23000
-21700
-22650
-24675
-25175
-24325
-21125
-19400
-20300
-22000
-22850
-21700
-19025
-17725
-16900
-18225
-20625
-19400
-16375
-14400
-14850
-15300
-16275
-17175
-14475
-10675
-11450
-12775
-12625
-13250
-12225
-9125
-6850
-8800
-11000

-9275
-8900
-7000
-4250
-4800
-7150
-8250
-5475
-3525
-3275
-1825
-3675
-6075
-4550
-1450
0
-1225
-1925
-3500
-4275
-1200
1375
25
-1900
-3300
-3600
-2300
-75
850
-2550
-4900
-5150
-4025
-1925
-1925
-3900
-6575
-8800
-7100
-4800
-5075
-7325
-10200
-11625
-11800
-9650
-8125
-11200
-14450
-16000
-15825
-14450
-13200
-13900
-18550
-21250
-19825
-18525
-18000
-18175
-20775
-24675
-24725
-21650
-20525
-22550
-23425
-25425
-28200
-25400
-22325
-23075
-26000
-27725
-27850
-28025
-24450
-23125
-26175
-28425
-28625
-27150
-25500
-24300
-24375
-27225
-28825
-26400
-24750
-23150
-23375
-25575
-26650
-26200
-23100
-21475
-21800
-23225
-24575
-23875
-21825
-19800
-18825
-20275
-22125
-21500
-19550
-17075
-16650
-17150
-18300
-19725
-16925
-13875
-14025
-14400
-14825
-15725
-14900
-11725
-9475
-11200
-12575
-11625
-11875
-10000
-6700
-6850

-9125
-10050
-7725
-6725
-5700
-3300
-5175
-7450
-6325
-3750
-2200
-2375
-2175
-4075
-5525
-2400
150
-525
-1500
-2450
-3525
-2800
75
1250
-1150
-3025
-3650
-3275
-1225
-25
-1200
-3975
-6325
-4900
-3300
-2550
-3625
-6375
-8400
-8950
-6825
-5525
-7375
-9925
-12000
-12950
-11600
-9975
-10050
-14200
-17100
-16650
-15950
-15025
-14550
-17025
-21075
-22000
-19450
-18525
-19375
-20550
-22925
-25950
-24000
-21250
-21800
-23725
-25675
-26925
-27625
-23900
-22625
-25350
-27275
-28050
-27750
-26375
-24225
-24050
-27625
-28775
-27425
-26425
-24400
-23925
-25725
-28000
-27775
-24725
-23050
-23475
-23950
-26025
-25975
-24125
-21725
-20475
-22225
-23400
-23675
-22375
-19850
-18700
-19000
-20375
-21875
-19725
-17000
-16525
-16575
-17050
-17975
-17750
-14725
-12475
-13650
-14400
-14000
-14825
-12950
-9375
-9325
-11425
-12100
-10425
-9675
-8275

-5475
-7275
-9225
-8325
-6400
-5000
-4225
-3375
-5450
-7275
-4125
-1850
-1900
-2050
-2625
-4325
-3975
-725
750
-1175
-1900
-2750
-3300
-1325
900
250
-2250
-4250
-3500
-2375
-950
-875
-3325
-5600
-6275
-4650
-3050
-4025
-5875
-8275
-9600
-8775
-6925
-6525
-9775
-12700
-13175
-13125
-11675
-10725
-13250
-16850
-18500
-16650
-16225
-16050
-16500
-19750
-22850
-21550
-19275
-19675
-20875
-22400
-24800
-26325
-22825
-20850
-23925
-25350
-26625
-27000
-26100
-23625
-23200
-27175
-28050
-27500
-26950
-25075
-24000
-25375
-28175
-28600
-26100
-24475
-24025
-24450
-26750
-27175
-25750
-23625
-22350
-23500
-24275
-25325
-24425
-21950
-20775
-20475
-22025
-23425
-22025
-20100
-18600
-18150
-19100
-20150
-20000
-17825
-15400
-15800
-16000
-16475
-17475
-15675
-12525
-11825
-13425
-13825
-13200
-12600
-10925
-7900
-9525
-11075
-10425
-9175

