
Curva de Excitacao - Bobina Girante (Dados Brutos)

Arquivo..............: C:\Arq\Ima\BobinaGirante_vs4.1\gap300_X=6_#027.dat
Data.................: 25/01/2005
Hora.................: 14:21:28
Ganho................: 20
N. de Coletas........: 1
N. de Voltas.........: 10
Intervalo de Análise.: 4 - 8

-5975
-5275
-6000
-8300
-9650
-5550
-3100
-3875
-4700
-6450
-6050
-3975
300
750
-3475
-5575
-5725
-3500
750
2625
475
-4225
-6300
-3900
-900
1725
650
-4175
-6325
-5450
-2125
-350
-2525
-5600
-9000
-8325
-4750
-2950
-4125
-51000
-13425
-12450
-9750
-6400
-7150
-12300
-16650
-18125
-14325
-11575
-12700
-15300
-20425
-22175
-19525
-15925
-16350
-20675
-23750
-25625
-24375
-19675
-18675
-23200
-27475
-29050
-27200
-23525
-21650
-23650
-29200
-30975
-28750
-26650
-23625
-24600
-28750
-31750
-30250
-25600
-24450
-24950
-27750
-31775
-30475
-25725
-22950
-23175
-26950
-28725
-29525
-26900
-21525
-21325
-23450
-26750
-27550
-24600
-21250
-19250
-20525
-24200
-24400
-22325
-18850
-16575
-18375
-20175
-21575
-20750
-16100
-13475
-13975
-17125
-18800
-17150
-14700
-11125
-9825
-13175
-15350
-14000
-11600
-8800
-7800
-8525
-11325
-12275

-7825
-5500
-4950
-5575
-8200
-9225
-6825
-2175
-975
-3850
-4925
-6425
-5600
-1450
800
-350
-4000
-5000
-3850
-1525
1550
900
-3375
-5350
-4200
-900
925
-225
-2800
-6975
-6550
-2900
-850
-1200
-5200
-9025
-9650
-7575
-3750
-3900
-8250
-12300
-13975
-11100
-8450
-8550
-11375
-16750
-18125
-15875
-13250
-12475
-16050
-19750
-22975
-21925
-17050
-16500
-19500
-23575
-26325
-25850
-22100
-19300
-21875
-26875
-28575
-27725
-26000
-22475
-23225
-27225
-30875
-30050
-26375
-24700
-24200
-27050
-31325
-30875
-27525
-24125
-24025
-27100
-29275
-30475
-28100
-23350
-22975
-24675
-27400
-29125
-26400
-23200
-20600
-22300
-25800
-26250
-24975
-20875
-18425
-19925
-22000
-23725
-22950
-18925
-16250
-16025
-18800
-20775
-19575
-17375
-13400
-12375
-15425
-17225
-16525
-14050
-11350
-9925
-10775
-13875
-14400
-10675
-8300
-7250
-6950
-10050

-11425
-9300
-4600
-3300
-5300
-5850
-8050
-7550
-3150
-700
-1600
-4475
-5200
-4650
-2950
1175
950
-2850
-4625
-3800
-1350
950
1275
-1325
-5200
-4800
-1925
275
825
-2200
-5675
-7125
-5125
-1250
-1300
-4550
-8200
-10275
-8450
-5375
-4700
-7050
-12250
-14150
-12375
-10050
-8975
-11400
-15100
-18875
-18500
-14000
-13275
-15550
-19325
-22725
-22975
-19850
-16450
-18600
-23600
-25975
-26125
-24075
-20775
-20775
-25350
-28975
-28900
-26175
-24000
-22625
-25400
-30625
-30800
-27725
-24550
-24275
-26175
-29175
-31575
-28700
-24150
-24100
-25425
-27975
-30000
-28300
-24950
-21700
-23400
-26925
-27725
-27100
-23375
-20550
-21350
-23275
-25975
-24850
-21450
-19025
-18375
-20600
-22600
-22325
-20250
-15950
-15075
-17650
-19275
-19525
-16925
-14200
-12275
-12825
-16300
-16500
-13775
-11350
-9575
-9150
-11950
-13650
-11900
-7575
-6300
-7300

-7525
-10025
-9775
-5400
-2750
-3425
-5675
-6550
-6575
-4900
-75
-150
-3225
-4825
-4750
-2600
250
1350
-475
-4575
-4175
-1675
150
1350
-225
-3525
-5350
-3550
250
375
-1650
-4725
-7450
-6075
-3075
-1600
-3500
-7925
-10125
-9575
-7325
-5275
-7125
-10775
-14425
-14600
-11025
-10025
-11100
-14525
-18825
-19450
-16700
-13300
-15325
-19375
-21850
-23675
-21525
-18150
-18100
-22600
-25950
-26200
-25050
-22550
-20625
-23450
-28900
-29400
-26900
-24100
-23525
-24825
-28075
-31300
-28700
-24775
-24275
-25375
-27800
-30100
-29350
-26075
-22900
-24000
-27300
-28725
-28575
-25100
-22075
-22600
-24750
-27300
-26350
-23725
-20975
-19750
-22150
-24175
-24225
-22575
-18425
-17425
-19275
-20875
-21850
-19625
-16500
-14750
-15250
-18400
-18400
-16650
-14325
-11875
-11675
-13900
-15975
-14125
-10575
-9175
-8875
-9675
-12250
-12150
-7850
-5700

-5725
-7150
-7925
-8800
-7150
-2075
-2175
-4725
-5550
-5950
-4400
-1425
550
-1175
-4925
-4275
-2325
-575
1350
550
-2725
-4700
-2725
525
950
350
-2125
-5575
-4375
-1575
525
-1250
-4525
-6675
-7000
-4700
-2475
-3675
-6975
-10525
-10725
-8200
-6775
-7125
-10275
-14650
-15675
-13325
-10100
-11550
-14950
-17800
-20450
-18350
-15175
-15275
-18675
-22575
-23450
-22850
-20500
-18400
-21300
-25900
-27225
-25600
-23400
-21850
-23075
-26950
-30250
-27650
-24750
-24225
-24425
-27025
-30150
-30200
-26275
-23525
-25100
-27025
-28725
-29875
-26925
-22875
-23650
-25875
-28325
-27650
-25725
-23075
-21350
-23625
-25800
-26275
-24400
-20775
-19725
-20625
-22825
-24325
-22250
-18850
-16950
-17525
-20375
-20575
-19250
-17275
-14225
-14300
-16175
-18225
-16700
-13425
-12125
-11025
-12100
-14900
-14250
-10650
-8225
-8275
-9125
-10125
-11350
-9375

-4700
-4400
-6350
-6825
-8050
-6800
-3500
-975
-2675
-5600
-5025
-3925
-2225
625
-25
-2975
-4525
-2875
-50
750
1100
-1100
-4500
-3675
-500
1425
625
-2200
-4200
-5475
-2775
-75
-975
-3725
-6825
-7750
-5925
-3675
-3475
-6525
-10450
-11700
-10150
-7400
-7475
-10700
-13850
-16550
-14925
-11800
-11925
-14625
-18425
-20100
-20150
-17375
-15175
-18425
-22200
-24150
-23525
-22000
-19850
-20300
-24675
-28175
-26325
-23750
-23100
-23250
-25650
-28950
-29525
-26200
-23525
-24950
-26400
-28850
-30375
-27575
-24100
-23750
-26250
-28750
-28850
-27350
-24650
-22250
-24950
-26850
-27400
-26375
-23000
-21700
-21950
-24650
-26100
-24300
-21400
-18975
-19450
-22050
-22950
-22250
-19550
-16550
-16675
-18175
-19975
-19375
-16775
-14800
-12925
-14500
-17125
-16375
-13925
-11250
-10725
-10925
-12575
-13925
-11575
-7825
-7175
-8300
-8700
-10275

-9475
-5600
-3375
-4550
-6950
-6625
-6125
-4375
-750
-1175
-3800
-5275
-4000
-1850
-300
1250
-1000
-4300
-3400
-800
1225
1175
-425
-2875
-4275
-1525
1225
550
-1250
-4100
-5350
-4100
-1475
-375
-3225
-6800
-8150
-7225
-4800
-4075
-5975
-9550
-12775
-11325
-8675
-8575
-10125
-13775
-16150
-16675
-14150
-11850
-14625
-18000
-20325
-21100
-19025
-17050
-17000
-21550
-24975
-24400
-22825
-20925
-20725
-23550
-27475
-27625
-25375
-23125
-23750
-24550
-27900
-30350
-27425
-24200
-24050
-26125
-28050
-29675
-28750
-24950
-23125
-25675
-27725
-28275
-27800
-24900
-22950
-22875
-25800
-27825
-25825
-23750
-21150
-21075
-23275
-24725
-24700
-21675
-19075
-19075
-20200
-21875
-21850
-19375
-17250
-15400
-16750
-19450
-18950
-16950
-14150
-12975
-13325
-14800
-16700
-14200
-10700
-10250
-10100
-10950
-12475
-12200
-8400
-6075
-7175
-8675

-8500
-8850
-6650
-2825
-3400
-5575
-6650
-5550
-3950
-2100
200
-2125
-5125
-4100
-2000
0
825
0
-2550
-4400
-1475
1275
900
225
-2200
-3875
-3050
-150
1050
-1375
-3575
-5200
-5250
-2625
-1325
-2825
-6325
-8850
-8175
-5975
-5150
-6200
-9550
-12450
-12900
-11125
-8550
-10725
-13450
-16200
-17900
-15925
-13700
-13925
-18025
-20975
-21125
-20650
-18450
-17750
-20725
-24675
-25725
-23175
-21850
-21875
-22650
-26025
-29050
-26600
-23450
-23300
-25025
-27225
-28900
-29100
-25275
-23500
-25650
-27650
-28625
-28475
-26275
-23725
-24000
-26600
-28575
-27350
-25775
-22725
-22275
-24725
-26250
-26450
-23650
-21350
-20850
-21575
-23700
-23950
-22025
-19525
-17750
-18900
-20900
-20825
-19900
-16950
-15200
-15725
-17275
-18900
-16425
-14075
-12900
-12325
-13550
-14925
-14600
-11175
-8875
-9675
-10300
-10975
-11700
-9200
-5450
-5800

