
Curva de Excitacao - Bobina Girante (Dados Brutos)

Arquivo..............: C:\Arq\Ima\BobinaGirante_vs4.1\gap300_X=-7_#014.dat
Data.................: 25/01/2005
Hora.................: 13:58:25
Ganho................: 20
N. de Coletas........: 1
N. de Voltas.........: 10
Intervalo de Análise.: 4 - 8

-9925
-10375
-9500
-6800
-7775
-8700
-7800
-6425
-6200
-5775
-4125
-5425
-6825
-4525
-3650
-3225
-3150
-3075
-4300
-4800
-2350
-1500
-2875
-2525
-3475
-3875
-3050
-2375
-2075
-4050
-4475
-4600
-4850
-3325
-4025
-5275
-6950
-8125
-7000
-2040
-6700
-7750
-10300
-11050
-11125
-11000
-9900
-12100
-13550
-14550
-15800
-14825
-14950
-15350
-17700
-19800
-18550
-19200
-19050
-18850
-21175
-23200
-23725
-21675
-21950
-23400
-22950
-24925
-27100
-25325
-24100
-24750
-25825
-26600
-27050
-27925
-25450
-25200
-27125
-27400
-27450
-27475
-26575
-25625
-25825
-27225
-27975
-26475
-26475
-24525
-24575
-26250
-26275
-26225
-24275
-23575
-23700
-23750
-24675
-23950
-22600
-22300
-20875
-21475
-22575
-21750
-20900
-19150
-18675
-19175
-18975
-20350
-17925
-16200
-16550
-15700
-16000
-16225
-16100
-13775
-12300
-13525
-13225
-12325
-13200
-11625
-9025
-9700

-10850
-10150
-8800
-8625
-7850
-5600
-7275
-8375
-6375
-5650
-4925
-4150
-3925
-5175
-5975
-3400
-2350
-3275
-2275
-3125
-3850
-3300
-1925
-1325
-2975
-2625
-3250
-4250
-2325
-1800
-2975
-4275
-5375
-4875
-4450
-3875
-4500
-6675
-7675
-8125
-7775
-6900
-8050
-9550
-10550
-12450
-11725
-11475
-11200
-13525
-15800
-15225
-16300
-15675
-15500
-17350
-19450
-20425
-19175
-19625
-20475
-20050
-22400
-24350
-23150
-22600
-22750
-23600
-24475
-25850
-26975
-24400
-24000
-26000
-26350
-26725
-27500
-26850
-25375
-25400
-27675
-27225
-26850
-27525
-25800
-24700
-26250
-27275
-27150
-25550
-25100
-25000
-24175
-25625
-25725
-24500
-23775
-22700
-23175
-23575
-23375
-23500
-21550
-20500
-20850
-20800
-21850
-20375
-18925
-19050
-17725
-18325
-18300
-18400
-16825
-15050
-15775
-15275
-14750
-15750
-14275
-12125
-11625
-12800
-12525
-11250
-11500
-10275

-8050
-9075
-10000
-8525
-8175
-7525
-6300
-5250
-6575
-7625
-5000
-4350
-4575
-3150
-3875
-4800
-4500
-2650
-1875
-2975
-2100
-3025
-4075
-2500
-1425
-1575
-2700
-3675
-3225
-3900
-2525
-2275
-4100
-4800
-5550
-5325
-4825
-5200
-5825
-7575
-8875
-8625
-8300
-8050
-9625
-11675
-11925
-12975
-12275
-11775
-13600
-15175
-16700
-16325
-16925
-17075
-16525
-18975
-20675
-20525
-20375
-20725
-21025
-21200
-23625
-25050
-23000
-22625
-24125
-24475
-25225
-26375
-26300
-24575
-24450
-26500
-26425
-26725
-27600
-26025
-24900
-25925
-27100
-27450
-26525
-26000
-25650
-24675
-26550
-26300
-25675
-25350
-23950
-24125
-24050
-25075
-24875
-23300
-22425
-21925
-22100
-23375
-22425
-21375
-20700
-19500
-19925
-20150
-20200
-19125
-17525
-17850
-16850
-16825
-17800
-16525
-14800
-14125
-14750
-14200
-13675
-14225
-12675
-10200
-11400
-11800
-10425
-10575

-10400
-8300
-6825
-8425
-9150
-6925
-6675
-6375
-4400
-4800
-6075
-5900
-3975
-3375
-3800
-2225
-3275
-4650
-3175
-1500
-1750
-2275
-2350
-2800
-3500
-1625
-900
-2375
-2875
-3575
-3975
-3325
-2800
-2750
-4750
-5825
-5975
-6025
-5200
-6000
-7625
-8575
-9625
-9275
-8775
-9825
-11025
-12975
-12875
-13675
-13850
-12725
-15200
-17000
-17400
-17725
-17475
-17900
-17950
-20400
-22225
-21125
-20775
-21400
-21675
-22900
-24600
-24925
-23550
-23175
-25050
-24575
-25450
-27350
-25800
-24425
-25150
-26775
-26625
-26725
-27150
-25450
-24600
-26625
-27100
-26250
-26325
-25375
-24900
-24450
-25725
-26575
-24825
-24300
-23325
-23175
-24225
-24025
-23750
-22400
-21250
-21525
-21925
-21950
-21275
-20075
-19800
-18400
-18750
-20025
-18875
-17625
-16525
-16475
-16175
-15850
-16750
-15250
-13150
-13525
-13600
-12725
-12525
-12950
-11125
-9125
-10250
-10875

-9325
-9150
-8775
-6550
-6425
-7575
-7800
-5775
-5475
-5450
-3275
-4250
-5825
-4350
-3050
-2650
-2625
-2475
-2975
-3950
-1750
-900
-1925
-2175
-2550
-2700
-2600
-1825
-1050
-2875
-3550
-3900
-4125
-3425
-3175
-4125
-5675
-6750
-6550
-6050
-6300
-7150
-9025
-9725
-10325
-10500
-9550
-11075
-12775
-13575
-14550
-14600
-14650
-14275
-16800
-18475
-17850
-18475
-18650
-18600
-19450
-22175
-22500
-21100
-21600
-22750
-22400
-23575
-25775
-24850
-23525
-23900
-25200
-25650
-26025
-26800
-25375
-24350
-26125
-26775
-26475
-26425
-26200
-25300
-25000
-26075
-27050
-25725
-25775
-24425
-23825
-25150
-25300
-25325
-23675
-23225
-23150
-22650
-23725
-23075
-22075
-21750
-20650
-20500
-21450
-20900
-20275
-18775
-18200
-18200
-18000
-19050
-17500
-15850
-15950
-15225
-15075
-15125
-15325
-13625
-11800
-12525
-12600
-11700
-11925
-11275
-8850
-8725

-9750
-9600
-8000
-7775
-7475
-5275
-5650
-7275
-5800
-4625
-4375
-3825
-3175
-3800
-5025
-2800
-1875
-2350
-1925
-2150
-3100
-2725
-1425
-675
-1825
-1900
-2225
-3350
-2250
-1325
-2125
-3150
-4275
-4050
-3975
-3775
-4000
-5525
-6575
-7200
-7300
-6600
-7525
-8550
-9850
-11100
-11175
-11150
-10575
-12700
-14425
-14650
-15575
-15600
-15175
-16200
-18350
-19750
-18550
-19175
-20000
-19575
-21275
-23000
-22850
-22025
-22475
-22950
-23600
-24725
-26050
-24225
-23500
-25300
-25575
-25650
-26425
-26475
-25100
-24850
-26500
-26700
-25925
-26875
-25550
-24275
-25375
-26075
-26325
-24875
-24750
-24325
-23675
-24800
-24500
-24050
-23400
-22225
-22275
-22400
-22650
-22500
-21025
-20450
-19975
-19825
-21025
-19725
-18525
-18325
-17350
-17450
-17200
-17600
-16200
-14500
-14900
-14575
-13925
-14525
-13950
-11425
-11025
-12100
-11675
-10500
-10600
-10025

-7625
-8000
-9300
-7800
-7275
-6875
-5975
-4575
-5475
-6650
-4350
-3725
-4050
-2975
-2800
-3825
-3750
-2225
-1175
-2200
-1550
-1825
-3400
-2100
-950
-1025
-1975
-2500
-2650
-3275
-2300
-1625
-3300
-3825
-4775
-4950
-4575
-4550
-5250
-6625
-7775
-8200
-8325
-7375
-8800
-10775
-11100
-12250
-12300
-11750
-12925
-14500
-16150
-15550
-16275
-16825
-16125
-18125
-20000
-20075
-19675
-20600
-20700
-20575
-22550
-24125
-23100
-22150
-23650
-24050
-24275
-25175
-26000
-24600
-24125
-25775
-25850
-25875
-26800
-26075
-24800
-25050
-26475
-26725
-25900
-25900
-25275
-24050
-25700
-25700
-25175
-25050
-23975
-23725
-23375
-24300
-24175
-22875
-22325
-21725
-21500
-22625
-21950
-20950
-20275
-19400
-19450
-19400
-19675
-18800
-17475
-17400
-16325
-16150
-17050
-16300
-14825
-13800
-14100
-13875
-12900
-13500
-12575
-10400
-10450
-11350
-9950
-9625

-9750
-8500
-6625
-7400
-8475
-6625
-5925
-6325
-4375
-3800
-5325
-5475
-3500
-3025
-3475
-1925
-2375
-3775
-2850
-1375
-1300
-1750
-1925
-1925
-2800
-1600
-825
-1850
-2425
-2950
-3050
-2975
-2650
-2525
-4050
-5375
-5500
-5625
-5150
-5525
-6600
-7800
-9175
-9025
-8850
-9400
-10400
-12000
-12450
-13200
-13575
-12875
-14275
-16250
-17000
-17025
-17525
-17725
-17450
-19725
-21625
-20725
-20500
-21175
-21625
-22100
-24000
-24350
-23275
-23250
-24400
-24100
-24825
-26775
-25400
-24525
-24800
-26025
-26150
-26075
-26550
-25525
-24375
-25950
-26525
-25775
-25625
-25275
-24675
-23900
-25175
-25725
-24350
-23850
-23275
-22800
-23425
-23525
-23300
-21975
-21275
-21250
-21200
-21475
-20950
-19625
-19725
-18375
-18125
-19150
-18625
-17175
-16125
-16400
-15450
-15375
-16250
-14900
-13000
-13050
-13225
-12300
-12300
-12525
-10975
-8975
-9800
-10600

