
Curva de Excitacao - Bobina Girante (Dados Brutos)

Arquivo..............: C:\Arq\Ima\BobinaGirante_vs4.1\gap300_X=13_#034.dat
Data.................: 25/01/2005
Hora.................: 14:32:36
Ganho................: 20
N. de Coletas........: 1
N. de Voltas.........: 10
Intervalo de Análise.: 4 - 8

-4025
-2325
-4925
-7450
-7650
-5400
-4000
-375
-1650
-6325
-5275
-2675
-75
1050
175
-3500
-6600
-3225
2075
3000
1650
-1525
-5950
-5425
-375
3125
1725
-2825
-5300
-6375
-3700
400
-525
-4525
-8925
-8675
-5925
-3350
-2925
-7875
-12825
-13850
-10975
-6350
-6800
-11875
-16100
-18900
-16725
-12325
-11150
-15100
-20625
-22275
-21000
-18500
-15725
-18450
-24500
-26925
-24750
-21400
-20050
-21700
-26000
-31275
-28775
-23450
-22400
-23800
-27475
-30625
-31650
-27675
-22300
-24950
-28425
-30650
-31350
-28275
-24300
-23025
-27650
-31675
-30025
-26925
-24075
-21750
-25125
-28975
-29725
-26800
-21925
-20750
-21850
-25325
-27675
-24900
-21050
-17950
-19025
-22700
-23925
-22200
-18900
-15575
-16125
-18675
-21050
-20050
-15425
-13025
-12675
-14275
-17825
-17425
-13625
-9200
-8925
-11575
-12775
-13625
-12175
-6575
-5200
-7675
-9875
-10225

-8175
-5775
-25
-4850
-8150
-7575
-5325
-2475
-250
-475
-3550
-7050
-4375
125
1150
1100
-1375
-4825
-4600
-150
3125
1675
-2050
-3775
-4825
-1700
2350
1400
-2350
-6400
-6350
-3650
-1100
300
-4125
-9175
-10100
-7875
-3850
-3750
-7300
-11875
-14775
-12675
-8850
-7725
-11175
-16500
-18300
-17475
-14825
-11925
-14850
-20775
-23575
-22050
-18575
-17200
-18300
-23025
-28200
-26750
-22000
-20425
-22025
-25475
-29325
-29975
-26525
-21800
-24050
-27075
-29850
-31375
-28100
-24275
-23325
-27625
-31350
-30400
-28725
-24875
-22675
-26150
-29950
-30600
-27675
-23975
-22750
-23125
-26850
-29625
-26500
-22750
-20300
-21325
-24600
-25850
-24975
-20575
-17775
-18350
-21050
-23250
-22275
-18200
-15725
-14600
-16825
-20150
-19700
-16100
-12175
-11600
-13775
-15275
-16625
-14100
-8900
-8050
-10075
-12125
-12625
-10850
-7800
-3925
-5525
-9925

-9525
-7725
-4775
-2000
-2050
-5025
-8325
-5350
-1600
-550
350
-2075
-5325
-5000
-725
2600
1275
-1000
-3000
-4475
-1100
2850
2400
-975
-3850
-4200
-2300
575
2200
-1725
-5875
-6750
-4725
-1350
-950
-3800
-7900
-11000
-8675
-5275
-4200
-7175
-12100
-14050
-13775
-10800
-8025
-11300
-16175
-18975
-18275
-15250
-13925
-14500
-19825
-24250
-23125
-19375
-18100
-18925
-22550
-27150
-27875
-23675
-20275
-22675
-25250
-27975
-30625
-27425
-23050
-22600
-26800
-30775
-29925
-29275
-25250
-22875
-26425
-30150
-31175
-28050
-25375
-23975
-24250
-28225
-30550
-27850
-24525
-21950
-23075
-26075
-27750
-27325
-22600
-19775
-20625
-22850
-25400
-24300
-20975
-18250
-17075
-19450
-22275
-21900
-18850
-14875
-14300
-16200
-18050
-19375
-16200
-11775
-11075
-12750
-14525
-15050
-13750
-10125
-6775
-8400
-11925
-11475
-10525
-7675
-4325
-4525

-7375
-9925
-6925
-3925
-2975
-1150
-3600
-6850
-5975
-2050
1100
-150
-1175
-3375
-5250
-1425
2425
2050
-650
-2675
-3200
-2050
1375
3400
-300
-3675
-4125
-2950
50
1550
-725
-5175
-7725
-5150
-2500
-1675
-3425
-8000
-10475
-10125
-6800
-4800
-7675
-11550
-14600
-14650
-11850
-10025
-10600
-15975
-19975
-18900
-16600
-14825
-15425
-19150
-23650
-24525
-20700
-18325
-19825
-22525
-25875
-28200
-25350
-21600
-21450
-25000
-28675
-29150
-28675
-24325
-22325
-26200
-29600
-30525
-28575
-25875
-24100
-24575
-29425
-30775
-28300
-25650
-23500
-23825
-26800
-29550
-28675
-23975
-21650
-22650
-24350
-27025
-26425
-23200
-20050
-19175
-22100
-23850
-23700
-21350
-17575
-16750
-18500
-20575
-21500
-18275
-14725
-13950
-14975
-17075
-17700
-16225
-12575
-9700
-11400
-13850
-13750
-13275
-10325
-6800
-7125
-10000
-11850
-9175
-6825
-5325

-3375
-5775
-8700
-7350
-4100
-1550
-1875
-2175
-4925
-6400
-2225
1175
825
-1000
-3000
-3700
-2500
1650
3250
25
-2400
-3100
-2225
800
2750
900
-3125
-5025
-3000
-750
575
-675
-4800
-7100
-6575
-3850
-1825
-4100
-7525
-10750
-10775
-8275
-6325
-6850
-11500
-15825
-15100
-13275
-11000
-11550
-15225
-19650
-20850
-17375
-15575
-16500
-18925
-23000
-25125
-22775
-19000
-19600
-23025
-25825
-27425
-27025
-22975
-20675
-24975
-28600
-29450
-27800
-25675
-23675
-24150
-29125
-30775
-28675
-26125
-24225
-24850
-27175
-30175
-29850
-25100
-23075
-24100
-25750
-28450
-27650
-24875
-21975
-21175
-24000
-25775
-25625
-23500
-19800
-19125
-20450
-22650
-23800
-20775
-17425
-16225
-17425
-19500
-19975
-18700
-15125
-12500
-14325
-15900
-16350
-15750
-12925
-9725
-9575
-12675
-13950
-11775
-9575
-7700
-5825
-8125
-10975
-9425
-6350

-4250
-4025
-4000
-6575
-8300
-3850
-925
-1025
-2175
-3750
-4675
-3675
975
2475
-775
-2450
-2850
-2350
700
3150
1775
-2550
-3650
-1650
150
2025
1525
-2575
-5075
-4275
-1050
400
-1400
-3675
-7500
-7900
-4650
-2950
-3675
-7800
-11025
-11350
-9875
-7200
-7600
-11500
-15600
-16575
-13625
-12225
-12925
-14775
-19675
-21650
-19325
-16225
-16650
-19750
-22475
-25150
-24525
-20675
-19075
-23075
-26200
-27675
-27025
-24175
-22200
-23525
-28650
-29575
-27775
-26575
-24000
-24350
-27375
-30850
-29725
-25575
-24675
-24550
-26100
-29800
-29500
-25875
-23000
-23300
-25650
-26700
-27625
-25800
-21450
-21050
-22525
-25000
-25400
-23225
-20400
-18200
-19200
-21950
-22650
-21100
-17475
-15525
-16675
-17950
-19125
-18825
-15050
-12400
-12350
-14950
-16225
-14625
-13000
-9950
-8275
-10975
-13225
-11725
-9100
-7100
-6050
-6400
-9200
-10325

-5800
-3500
-3225
-3650
-5400
-6725
-5300
-500
600
-2100
-2725
-3800
-3650
0
2475
1300
-2325
-2775
-1675
50
2725
2500
-1525
-3500
-2250
25
1450
1125
-1125
-5025
-5100
-2075
-450
-800
-4075
-7350
-8125
-6550
-3800
-4025
-7550
-11100
-12625
-10300
-8500
-8800
-10875
-15525
-17300
-15475
-13225
-13025
-16100
-18750
-21775
-21150
-17350
-17000
-19900
-23150
-24675
-25025
-22450
-19850
-21675
-26550
-27875
-26500
-25900
-23225
-23350
-26475
-30075
-29300
-25800
-25150
-24550
-26100
-29875
-30050
-26825
-23825
-24150
-26650
-27800
-28975
-27200
-23025
-22700
-24100
-26325
-27175
-25275
-22500
-20075
-21300
-24000
-24600
-23375
-19875
-18075
-18850
-20425
-21600
-20875
-17600
-15250
-15100
-17425
-18600
-17475
-15650
-12175
-11200
-13700
-15425
-14450
-11925
-10000
-8525
-8975
-11650
-12250
-8750
-6400
-5975
-5650
-7675

-8975
-7250
-2950
-1875
-4000
-4125
-5400
-5150
-1550
875
-200
-3200
-3250
-2425
-1200
2275
2200
-1425
-3000
-1950
500
1650
2175
225
-3400
-3275
-525
975
875
-1325
-4175
-5425
-3850
-825
-1300
-4275
-7400
-8750
-7200
-5325
-4825
-7050
-11700
-13050
-11675
-9900
-9450
-11825
-14625
-17925
-17600
-14125
-13875
-16125
-19300
-21525
-21900
-20000
-17125
-19500
-23450
-25175
-24875
-23675
-21550
-21425
-25275
-28350
-27800
-25450
-24525
-23600
-25400
-29900
-29700
-26700
-24575
-24900
-26325
-28200
-30150
-27600
-24050
-24100
-25575
-27225
-28400
-26975
-24400
-21625
-23175
-26075
-26250
-25200
-22225
-20325
-20775
-22475
-24200
-22725
-19950
-18175
-17750
-19475
-20725
-20250
-18225
-14750
-14225
-16425
-17775
-16975
-14700
-12925
-11125
-11600
-14650
-14325
-11250
-9425
-8675
-8000
-9950
-11650
-9325
-5525
-4925
-6100

