
Curva de Excitacao - Bobina Girante (Dados Brutos)

Arquivo..............: C:\Arq\Ima\BobinaGirante_vs4.1\gap300_X=20_#041.dat
Data.................: 25/01/2005
Hora.................: 14:44:56
Ganho................: 20
N. de Coletas........: 1
N. de Voltas.........: 10
Intervalo de Análise.: 4 - 8

-5475
-4275
-3550
-3075
-5425
-6400
-4550
-1550
-2025
-3000
-2075
-2675
-2475
425
325
-1925
-3250
-2300
-525
425
2275
400
-4000
-4100
-2450
-175
750
-850
-2850
-5825
-5025
-2775
-2850
-3525
-6475
-7950
-7725
-6825
-5550
-7450
-11050
-12800
-12900
-10575
-9750
-11650
-13925
-18275
-18250
-15950
-15425
-15825
-18575
-20650
-23000
-22175
-18875
-20775
-23025
-24575
-26150
-25425
-23575
-22550
-25875
-29200
-28150
-27425
-26825
-25150
-26250
-29575
-30975
-29200
-27275
-27425
-26850
-28650
-31225
-29475
-26950
-26350
-27350
-28600
-29200
-28475
-26700
-23900
-25600
-26725
-27475
-27650
-24450
-22675
-21850
-23575
-25375
-24600
-22875
-20250
-19175
-20800
-21350
-21525
-20350
-17300
-16700
-17100
-18250
-18525
-16225
-15075
-12550
-12850
-15600
-15175
-13550
-11100
-10050
-9500
-10075
-12425
-11050
-8050
-7075
-6475
-6200
-8325

-8400
-5725
-2875
-3750
-5150
-4450
-5100
-4050
-500
-625
-2275
-3550
-3000
-1875
-500
1775
150
-3075
-2575
-1450
225
700
-150
-1825
-4100
-2025
-400
-875
-1500
-4025
-5525
-5025
-3475
-2275
-4375
-7275
-8925
-9175
-6975
-6450
-7950
-10375
-13700
-13525
-11775
-11625
-12450
-15275
-17150
-18550
-17750
-15000
-17300
-19875
-21675
-22975
-21750
-20625
-19875
-23325
-26450
-26225
-25575
-24350
-23600
-25050
-28500
-29225
-28025
-26225
-26650
-26150
-28550
-31200
-29300
-26950
-26425
-27800
-28900
-29800
-30000
-27125
-24975
-27100
-28200
-28300
-28675
-26350
-24550
-23750
-25750
-27525
-25875
-24750
-22125
-21875
-23175
-23850
-24075
-21750
-19450
-19250
-19575
-20900
-20825
-18950
-17550
-15175
-15525
-18000
-17475
-16175
-13525
-12650
-12375
-12975
-14950
-13050
-10100
-9600
-9150
-9475
-10375
-10700
-7675
-4850
-6025
-7150

-6700
-7000
-5800
-2025
-2325
-3850
-5200
-3975
-2950
-1600
900
-750
-3525
-2675
-1250
175
775
275
-1175
-3375
-925
975
375
-50
-2025
-3225
-2825
-1075
375
-2150
-4175
-5400
-5900
-3850
-3150
-4325
-6925
-9675
-9425
-7775
-7650
-8450
-11250
-13025
-14050
-13450
-11375
-13500
-15575
-17600
-19125
-18050
-17025
-16475
-20200
-23250
-22450
-22700
-21450
-20850
-22950
-26450
-27175
-25100
-24600
-25050
-24950
-27300
-30250
-28650
-25575
-25925
-27375
-28650
-29900
-30075
-27250
-25400
-27875
-28975
-29525
-29025
-27375
-25800
-25325
-27475
-29000
-27200
-26500
-23825
-23550
-25425
-26000
-26175
-23575
-21750
-21700
-21950
-23475
-23100
-21150
-19750
-18025
-18675
-20525
-19950
-18675
-16000
-15225
-15350
-16100
-17550
-15150
-12875
-12225
-11800
-12225
-13100
-13000
-10100
-7825
-8775
-9350
-9075
-9500
-7800
-4475
-4950

-6350
-6875
-5550
-4775
-3275
-1000
-2625
-4925
-3450
-2375
-750
-125
-75
-1850
-3625
-600
1050
500
425
-850
-2275
-1800
350
1525
-700
-1700
-2750
-3525
-1200
-575
-1600
-4200
-6000
-5400
-4700
-3900
-4725
-7575
-9325
-9925
-8925
-7550
-9375
-11550
-13400
-15050
-13825
-13000
-12900
-16250
-18975
-18775
-18925
-17750
-17600
-20175
-23075
-24025
-22075
-21725
-22350
-23000
-25750
-27550
-26450
-24350
-24825
-26075
-27700
-29100
-29200
-26125
-25275
-27850
-28650
-29525
-29375
-27750
-26000
-26275
-29050
-29350
-27950
-27600
-25500
-24900
-26800
-28075
-27725
-25000
-23700
-23900
-23975
-25625
-25250
-23300
-21775
-20450
-21475
-22425
-22250
-21075
-18600
-17800
-18075
-18950
-19875
-17600
-15325
-15000
-14575
-15425
-15825
-15500
-12650
-10525
-11675
-11975
-11825
-12150
-10050
-7000
-7350
-9025
-9275
-7650
-7100
-5650

-3375
-4825
-6850
-5200
-3925
-2425
-1675
-1575
-3275
-4625
-1275
150
-125
-50
-1400
-2375
-1600
850
1800
-50
-825
-1575
-2125
-25
1250
175
-2100
-3575
-2575
-2225
-1175
-1700
-4625
-5975
-6325
-5050
-4150
-5850
-7575
-9575
-10700
-9650
-8825
-9300
-12000
-14775
-14875
-14950
-13500
-13925
-16475
-19125
-20300
-18600
-18650
-19150
-19875
-23025
-24625
-23275
-21800
-22825
-24125
-25275
-27150
-27725
-24725
-23875
-26775
-28125
-28400
-28500
-27500
-25800
-26200
-29150
-29775
-28250
-27950
-26400
-26075
-27525
-29050
-28825
-26225
-25200
-25625
-25525
-27300
-26850
-25100
-23525
-22850
-24050
-24325
-24400
-23325
-20950
-20350
-20500
-21500
-22175
-20200
-18150
-17525
-17125
-18250
-18425
-17575
-15350
-13450
-14575
-14375
-14500
-14650
-12475
-10225
-10025
-11600
-11575
-10225
-9500
-7775
-6000
-7475
-9125
-7250
-5825

-4800
-4050
-3350
-5150
-6200
-2825
-1450
-1900
-1350
-2250
-3125
-2400
500
1350
-925
-600
-1225
-1475
300
1925
950
-1375
-1750
-950
-725
700
525
-2375
-3600
-3450
-1975
-1700
-2550
-3875
-6375
-7050
-5700
-5300
-5925
-8200
-10250
-10725
-10775
-9550
-10025
-12800
-14900
-16225
-14425
-14500
-15500
-16300
-19625
-20675
-19875
-18650
-19575
-21425
-22400
-24425
-24775
-22450
-22200
-24675
-26275
-26725
-27200
-25875
-24600
-25775
-28550
-28575
-27675
-28050
-26200
-26150
-27875
-29775
-28725
-26800
-26675
-26400
-26300
-28850
-28400
-26050
-24825
-24875
-25925
-25600
-26375
-25550
-22625
-22500
-22950
-23575
-23900
-22375
-20900
-19450
-19750
-21000
-20775
-19725
-17875
-16225
-17075
-17025
-17250
-17175
-14800
-13100
-12775
-14250
-14125
-12825
-12150
-9900
-8975
-10200
-11325
-9625
-8125
-7200
-6325
-5875
-7400
-7950

-4725
-3675
-3825
-3100
-4025
-4725
-3650
-725
-150
-2150
-1350
-1850
-2200
225
1450
550
-1100
-975
-450
-100
1625
1450
-1050
-1925
-1300
-75
175
-250
-1500
-3800
-3975
-2375
-2275
-2625
-4675
-6575
-7250
-6925
-5625
-6300
-8625
-10775
-11775
-10675
-10650
-11425
-12550
-15550
-16450
-15750
-15225
-15850
-17825
-19025
-21125
-21225
-19200
-19700
-21825
-23500
-24225
-24900
-23825
-22525
-24100
-27125
-27125
-26200
-26925
-25625
-25550
-27350
-29325
-28375
-26600
-26925
-26750
-26975
-29325
-29100
-27000
-25575
-26025
-27300
-27325
-27825
-26725
-24350
-24425
-24900
-25650
-25850
-24475
-23100
-21525
-22325
-23400
-22925
-22150
-20050
-18975
-19625
-19975
-19825
-19275
-17375
-15900
-15550
-16775
-17000
-15600
-14850
-12525
-12000
-13150
-13725
-12450
-10825
-10075
-9025
-8575
-10075
-10075
-7225
-6325
-6450
-5550
-6275

-6725
-5575
-2675
-2200
-4175
-3150
-3425
-3400
-975
375
-600
-2275
-1550
-650
-775
1650
1600
-1000
-1350
-425
775
800
1000
125
-2325
-1800
-300
-225
-625
-2000
-3450
-4200
-3575
-2325
-3450
-5275
-6950
-7850
-6950
-6600
-7350
-8800
-11600
-12375
-11675
-11275
-11975
-13750
-15200
-17200
-17450
-15550
-16350
-18225
-20275
-21050
-21600
-21100
-19700
-21925
-24450
-24875
-24350
-24600
-24000
-23975
-26500
-27825
-27275
-25950
-26475
-26000
-26700
-29400
-28875
-26875
-26100
-26950
-27500
-27825
-29175
-27425
-25100
-25875
-26650
-26725
-27150
-26250
-24850
-23100
-24425
-25775
-24825
-24125
-22375
-21425
-21750
-22175
-22825
-21275
-19575
-18975
-18450
-19225
-19450
-18225
-17225
-15250
-14650
-16225
-16225
-15050
-13400
-12700
-11775
-11425
-13150
-12275
-9900
-8825
-8950
-8175
-8675
-9325
-7700
-4975
-4850
-6300

