
Curva de Excitacao - Bobina Girante (Dados Brutos)

Arquivo..............: C:\Arq\Ima\BobinaGirante_vs4.1\gap300_X=-19_#002.dat
Data.................: 25/01/2005
Hora.................: 13:36:26
Ganho................: 20
N. de Coletas........: 1
N. de Voltas.........: 10
Intervalo de Análise.: 4 - 8

-11550
-11975
-9700
-9100
-11125
-10475
-9075
-8925
-9000
-7800
-6600
-7700
-6600
-4900
-6300
-7050
-5925
-5825
-5075
-3650
-2600
-4225
-6050
-4875
-5200
-3975
-2500
-3600
-4200
-5250
-4925
-4700
-5050
-4675
-5825
-6125
-6225
-6350
-5875
-7400
-9050
-9250
-9725
-8750
-8750
-10050
-11425
-13525
-13175
-12975
-13925
-13675
-14675
-16300
-17375
-17150
-16875
-18675
-19400
-19025
-21175
-20800
-19800
-20975
-22900
-23950
-23150
-23975
-23925
-22425
-25075
-25750
-25625
-25975
-25675
-26025
-25000
-26800
-27750
-25950
-26300
-26550
-26300
-27200
-27525
-27025
-26175
-25475
-26600
-26000
-26700
-27600
-25725
-25100
-24525
-25100
-25825
-25325
-25100
-23775
-23200
-23750
-23200
-23500
-23425
-21550
-21750
-21550
-21000
-21600
-20950
-20000
-18200
-18475
-19650
-18200
-18550
-18075
-15900
-15550
-15875
-16100
-15250
-14325
-14850
-12225
-11775
-13700

-12525
-11525
-10625
-10800
-9375
-9000
-10925
-9175
-7200
-7775
-7500
-6750
-6975
-7725
-5925
-4200
-5200
-6000
-4775
-5575
-5025
-3025
-3600
-4500
-4975
-4425
-4200
-4200
-2875
-4450
-5500
-5325
-5400
-4050
-4950
-5700
-6625
-7875
-7100
-6750
-6950
-8125
-10150
-10125
-10175
-10850
-10175
-11550
-13025
-14050
-14450
-13725
-15025
-15225
-16125
-18600
-18250
-17400
-18075
-19325
-20350
-20800
-22425
-21650
-20175
-22825
-23600
-23375
-24700
-24650
-24175
-23050
-25450
-26900
-25375
-26200
-25825
-25250
-26125
-27225
-27775
-26175
-25875
-26775
-25825
-26500
-27800
-26700
-25975
-25100
-25950
-26575
-26050
-26675
-24950
-24175
-24700
-24600
-25175
-24500
-23500
-23325
-22625
-22450
-23175
-22850
-22350
-20250
-20300
-21400
-19850
-20425
-20175
-18075
-17725
-17875
-18100
-17150
-16975
-17025
-14325
-14125
-15675
-14750
-13900
-13200
-12700
-11350

-11075
-13025
-11075
-9500
-10175
-8925
-8325
-8475
-9625
-7875
-5675
-6800
-6650
-5700
-6925
-6475
-4150
-3975
-4800
-4775
-4150
-4850
-4450
-2475
-3250
-4400
-4150
-4625
-3650
-3650
-3325
-4375
-5900
-5225
-5100
-4625
-5225
-6725
-7075
-7775
-8000
-7050
-8075
-9275
-10450
-11350
-11025
-11450
-11100
-12250
-15025
-14800
-14700
-14650
-15650
-16425
-17550
-19475
-19000
-17725
-19475
-20400
-20900
-22025
-22825
-22125
-21000
-23100
-24950
-23850
-25225
-24725
-23650
-24725
-25975
-26825
-25700
-26150
-26150
-25075
-26575
-27225
-26750
-26375
-25975
-25825
-26400
-26450
-27525
-25825
-24900
-25700
-25100
-26200
-25425
-25225
-24600
-23600
-24025
-24175
-24125
-24225
-22650
-22150
-22075
-21775
-22475
-21950
-20575
-20325
-19625
-20075
-18950
-19375
-19550
-16725
-16825
-17425
-16600
-16300
-16200
-15325
-13475
-13400
-15125
-13150
-12450
-13100

-11175
-10175
-10650
-11550
-10075
-8500
-9375
-7675
-7225
-8625
-8125
-6525
-5650
-6100
-5725
-5150
-5900
-5775
-3400
-3800
-4550
-3950
-4525
-4575
-3500
-2350
-3375
-4975
-4150
-4575
-3900
-3325
-4175
-4900
-6100
-5900
-5400
-5650
-5925
-7400
-8200
-8425
-8875
-8000
-8725
-11275
-11650
-11750
-11950
-12050
-12875
-14025
-16150
-15875
-15175
-16725
-16750
-17575
-19025
-20325
-19650
-19100
-20675
-21475
-21350
-23550
-23175
-21775
-23000
-24075
-25275
-24025
-25400
-25650
-23700
-25350
-26500
-26350
-26025
-26075
-26125
-24975
-26425
-27875
-26425
-25650
-26250
-25825
-26150
-26275
-26125
-25750
-24550
-25125
-24725
-25225
-25450
-24125
-23925
-23200
-22950
-23925
-23725
-22600
-21975
-21375
-21525
-20750
-21175
-21575
-19100
-19125
-19050
-18350
-18675
-18400
-17775
-15750
-15575
-16875
-15250
-15050
-15400
-13525
-12425
-12825
-13400
-12325

-11175
-11900
-9750
-8775
-10725
-9950
-8675
-7800
-8050
-6775
-6350
-7625
-6875
-5150
-5375
-5400
-4450
-4950
-5475
-4250
-2800
-3425
-4475
-3600
-4275
-3900
-2625
-3175
-3550
-4750
-4425
-4125
-4400
-3725
-4750
-5850
-6225
-6550
-5575
-6425
-7600
-8125
-9200
-9275
-8975
-9400
-10350
-12350
-12550
-12325
-13750
-13125
-13900
-15600
-17150
-16850
-16275
-17875
-18050
-18450
-20825
-21225
-19725
-20400
-21600
-22500
-22250
-24050
-24050
-22300
-23950
-24750
-24625
-25575
-25675
-25175
-24150
-25850
-27025
-26025
-26200
-25900
-25425
-25875
-26800
-26725
-26250
-25375
-25975
-24900
-25425
-26575
-25725
-24975
-24225
-24375
-24650
-24275
-24675
-23650
-22600
-23125
-22575
-22700
-22850
-21375
-21175
-20575
-20025
-20750
-20575
-19975
-18050
-17775
-18450
-17150
-17725
-17625
-15950
-14850
-15150
-15250
-14325
-14000
-14425
-11825
-11200
-12725

-11775
-10850
-10475
-10050
-8750
-8200
-9925
-8775
-7025
-7200
-6575
-5600
-6150
-6900
-5650
-3975
-4450
-4725
-3700
-4700
-4850
-2950
-2900
-3350
-3800
-3475
-3800
-3900
-2400
-3100
-4275
-4175
-4825
-4175
-4300
-4575
-5450
-6700
-6700
-6650
-6400
-7125
-8675
-9075
-9775
-10625
-9800
-10375
-11750
-13225
-13650
-13775
-14600
-14250
-15050
-17550
-17675
-17450
-17650
-18400
-19050
-19875
-21675
-21525
-20100
-21825
-22350
-22525
-23900
-24400
-24225
-22400
-24400
-25800
-24675
-25825
-25875
-24700
-24950
-26300
-26875
-25700
-25750
-26250
-25200
-25550
-26850
-26325
-25725
-24925
-24950
-25225
-25275
-25900
-24625
-24225
-23925
-23475
-24275
-23875
-23225
-23050
-22100
-21575
-22100
-22150
-21875
-20300
-19900
-20225
-19000
-19575
-19600
-18000
-17250
-17175
-17325
-16325
-16275
-16925
-14175
-13450
-14725
-13925
-13200
-12800
-12750
-10650

-10225
-12000
-10300
-9275
-10100
-8550
-7375
-7775
-8625
-7325
-5800
-6475
-5850
-4750
-5900
-5925
-4125
-3775
-4075
-3925
-3550
-4150
-4250
-2325
-2450
-3300
-3325
-3825
-3425
-3650
-2600
-3450
-4750
-4550
-4750
-4850
-4650
-5475
-6200
-7150
-7775
-7050
-7400
-8100
-9575
-10425
-10625
-11375
-10750
-11375
-13950
-14250
-14350
-14875
-15450
-15550
-16300
-18825
-18750
-17650
-19225
-19800
-19675
-21225
-22375
-22050
-20925
-22450
-23550
-23100
-24850
-24500
-23525
-24050
-24950
-25950
-24950
-25850
-25875
-24550
-25475
-26600
-26325
-25950
-25875
-25425
-25125
-25575
-26850
-25450
-24750
-25200
-24600
-24900
-24725
-25050
-24425
-23225
-23300
-23150
-23225
-23600
-22600
-21850
-21475
-20700
-21600
-21200
-20275
-19775
-19225
-19075
-18250
-18650
-19050
-16500
-16225
-16700
-15675
-15425
-15700
-15125
-13075
-12575
-14225
-12300
-11675
-12700

-10825
-9500
-9675
-10700
-9475
-8125
-8875
-7425
-6200
-7675
-7600
-5950
-5325
-5525
-5000
-4125
-5350
-5400
-3150
-3200
-3550
-3075
-3525
-3925
-3600
-2125
-2625
-3750
-3275
-3875
-3900
-3325
-3500
-3950
-5200
-5425
-5425
-5275
-5500
-6325
-7350
-8150
-8675
-7925
-8175
-10375
-10600
-11300
-11925
-12250
-12325
-12925
-15125
-15375
-15225
-16600
-16325
-16575
-18250
-19400
-19625
-19125
-20100
-20700
-20375
-22725
-23100
-21975
-22400
-23450
-24225
-23325
-25200
-25425
-23450
-24625
-25675
-25550
-25600
-26075
-25850
-24375
-25400
-27025
-25775
-25675
-25775
-25000
-25425
-25375
-25725
-25750
-24475
-24575
-24075
-24350
-24600
-23950
-23950
-22800
-22300
-23050
-22975
-22175
-21825
-21050
-20875
-20075
-20325
-20975
-19225
-18700
-18500
-17800
-17825
-17875
-17600
-15750
-15025
-16275
-14575
-14325
-15050
-13550
-11975
-12025
-12675
-11550

