
Curva de Excitacao - Bobina Girante (Dados Brutos)

Arquivo..............: C:\Arq\Ima\BobinaGirante_vs4.1\gap300_X=-15_#006.dat
Data.................: 25/01/2005
Hora.................: 13:43:48
Ganho................: 20
N. de Coletas........: 1
N. de Voltas.........: 10
Intervalo de Análise.: 4 - 8

-11925
-11400
-8725
-8925
-10950
-8775
-8750
-8575
-6875
-6000
-6500
-8000
-6125
-5300
-6050
-4075
-3800
-5550
-5325
-4250
-3050
-3525
-3800
-3725
-4775
-4150
-2575
-3225
-3750
-4800
-4850
-4925
-4650
-3400
-4625
-6475
-7200
-7275
-6500
-6650
-7075
-8350
-10600
-10125
-9625
-10375
-10900
-12525
-13050
-13950
-14550
-13225
-14725
-16675
-17600
-17975
-18025
-18100
-17525
-19575
-22175
-21600
-20975
-21700
-21375
-22450
-24000
-24850
-24350
-23450
-24900
-24775
-24975
-27500
-26250
-25400
-25000
-26200
-27375
-26775
-27700
-26475
-25100
-26450
-27175
-27075
-27250
-26450
-26250
-24675
-25725
-27400
-25850
-25650
-24425
-24025
-24800
-24600
-25175
-23825
-22750
-22600
-22250
-22900
-23025
-21800
-21800
-19800
-19600
-20850
-20500
-19750
-18525
-18175
-17425
-16875
-18050
-17450
-15325
-15350
-14925
-13900
-14250
-14700
-13775
-11250
-11100
-12425

-10600
-11125
-11075
-9275
-8025
-8200
-9475
-7600
-7425
-8025
-5350
-5050
-6625
-6425
-5300
-4475
-4675
-3475
-3600
-5250
-4425
-2925
-3375
-2875
-3075
-3775
-4300
-4075
-2275
-3225
-4000
-4550
-5325
-4925
-4500
-4275
-5250
-7575
-7300
-7250
-7200
-7350
-8475
-9550
-10875
-11500
-10275
-11000
-12075
-13450
-14725
-14850
-15250
-14125
-15825
-18325
-18300
-18800
-19250
-18650
-18800
-21225
-22800
-21825
-21675
-23000
-22125
-22575
-25775
-25350
-24300
-23825
-24675
-25700
-25575
-27600
-26250
-25025
-25775
-26375
-26900
-26925
-27000
-26525
-24875
-25950
-27575
-26600
-26675
-25650
-24950
-25225
-25600
-26700
-25125
-24425
-24225
-23375
-24275
-24275
-23800
-23475
-21925
-21575
-22075
-22125
-22100
-20525
-20150
-19550
-18675
-20275
-19425
-18050
-17875
-17200
-16100
-16275
-17050
-16050
-14125
-14025
-14350
-12625
-13575
-13400
-11650
-10725

-10500
-11225
-9800
-9850
-10500
-7475
-7025
-7825
-8025
-7350
-6425
-6800
-4450
-4250
-6300
-5575
-4125
-4375
-3800
-3075
-3450
-4525
-4075
-2575
-3050
-2950
-3050
-4350
-4100
-3600
-2625
-3450
-5025
-5225
-5625
-5400
-4950
-5425
-6525
-8225
-8425
-7600
-8575
-8525
-9275
-11500
-12050
-11800
-10975
-12300
-14400
-14550
-16125
-16200
-15550
-15750
-17475
-19600
-19150
-19675
-20275
-19550
-20000
-22775
-23200
-22800
-22350
-22975
-23350
-23950
-26575
-25150
-23775
-25075
-25250
-25750
-26525
-27425
-26250
-24625
-26225
-26450
-26425
-27525
-26575
-25200
-25100
-26050
-27125
-25800
-25525
-25675
-24325
-24975
-25200
-25475
-24825
-23300
-23225
-23025
-23100
-23675
-23050
-22000
-21025
-20650
-21825
-20900
-20225
-20475
-19000
-18225
-17975
-18850
-18400
-16500
-16725
-16200
-14725
-15625
-16100
-14050
-13000
-13125
-13250
-11650
-12050
-12850

-9775
-9450
-9925
-9525
-9075
-8850
-8875
-6225
-6175
-7775
-6550
-5750
-6150
-5025
-3975
-4025
-5475
-4600
-3300
-3900
-2900
-2550
-4125
-4250
-3150
-2325
-2600
-3550
-3300
-4550
-4025
-3375
-3300
-4050
-5400
-5700
-5775
-6150
-5475
-6225
-7825
-8800
-9075
-8425
-8950
-10225
-10775
-12575
-12950
-12275
-12600
-13675
-15400
-15675
-16850
-17500
-16100
-16875
-19200
-20250
-20025
-20600
-20725
-20150
-21350
-24125
-23475
-22325
-23600
-23575
-23675
-24850
-26075
-25800
-23950
-25325
-25475
-25675
-27050
-26825
-25675
-24775
-25850
-27150
-26325
-26300
-26375
-24700
-25375
-25400
-26100
-26100
-24875
-24750
-23625
-24225
-25000
-24200
-23975
-22650
-22050
-22925
-22750
-22325
-21900
-21000
-20300
-19650
-20450
-20650
-19200
-19150
-17850
-16825
-17600
-17900
-16775
-15625
-15475
-14850
-13875
-14525
-15050
-12425
-12125
-12075
-11300
-11350

-11175
-11150
-8575
-8225
-9725
-8175
-7850
-8100
-6825
-5450
-5300
-6850
-5625
-4750
-5400
-3725
-2875
-4525
-4700
-3450
-2825
-2975
-2750
-2525
-4000
-3700
-2425
-2625
-2650
-3250
-3975
-4300
-4450
-3400
-3950
-4825
-5975
-6525
-6050
-6325
-6475
-7075
-9425
-9625
-9500
-9600
-10075
-11375
-11750
-13500
-14325
-13225
-13675
-15325
-16275
-17125
-17675
-18075
-17025
-18350
-20650
-21175
-20425
-21475
-21200
-21275
-22425
-24325
-24200
-22925
-24375
-23750
-23850
-26150
-26225
-25250
-24400
-25525
-26050
-25625
-27175
-26300
-24825
-25475
-25900
-26250
-26325
-26075
-25825
-24050
-24575
-26150
-25550
-25300
-24125
-23775
-23500
-23325
-24525
-23675
-22400
-22150
-21725
-21800
-21950
-21475
-21375
-19450
-18775
-19825
-19775
-19050
-18100
-17725
-16800
-15950
-17025
-17050
-14900
-14700
-14550
-13125
-13050
-13825
-13400
-10900
-10750
-11575

-9675
-10225
-10550
-8875
-7750
-7500
-8425
-6975
-6800
-7350
-5250
-4425
-5475
-5725
-4725
-3975
-4250
-3075
-2500
-4225
-3925
-2450
-2800
-2550
-2175
-2650
-3625
-3725
-2100
-2625
-3050
-3575
-4525
-4425
-4475
-3975
-4475
-6050
-6775
-6875
-6925
-6950
-7700
-8350
-10125
-11075
-10100
-10575
-11350
-12275
-13650
-14750
-15225
-13900
-15025
-17225
-17350
-18200
-19025
-18275
-18300
-19900
-21775
-21575
-21475
-22525
-21675
-21400
-24475
-24800
-24175
-23375
-24400
-24650
-24325
-26850
-26275
-24750
-25050
-25600
-25975
-25975
-26750
-26575
-24625
-24950
-26400
-25800
-26275
-25275
-24750
-24375
-24525
-25575
-24775
-24325
-23675
-22700
-23175
-23300
-23275
-23275
-21675
-20875
-21175
-21200
-21300
-20375
-19900
-18975
-18100
-19075
-18575
-17500
-17575
-16775
-15650
-15225
-16150
-15875
-13650
-13375
-13650
-12075
-12550
-12900
-11450
-10350

-9775
-10475
-8750
-9150
-9925
-7575
-6475
-7150
-7125
-6350
-5750
-6350
-4300
-3775
-5275
-4775
-3575
-3975
-3500
-2225
-2600
-4025
-3650
-2425
-2675
-2350
-2150
-3500
-3800
-3450
-2600
-2750
-4100
-4125
-4975
-5175
-4850
-4850
-5525
-7175
-7725
-7625
-8150
-8000
-8525
-10225
-11675
-11975
-11075
-11650
-13225
-13550
-15075
-16150
-15725
-15275
-16325
-18450
-18375
-19225
-20350
-19500
-19050
-21375
-22725
-22325
-22525
-22825
-22725
-22700
-25650
-24800
-23925
-24725
-24550
-24750
-25125
-26975
-26300
-24625
-25575
-25675
-25650
-26650
-26650
-25350
-24750
-25250
-26175
-25400
-25300
-25550
-24100
-24175
-24200
-24825
-24425
-23200
-23050
-22225
-22600
-22975
-22575
-21875
-20800
-20125
-20675
-20300
-19875
-20000
-19000
-17775
-17050
-18200
-18025
-16250
-16500
-15900
-14000
-14775
-15425
-13950
-12700
-12700
-12675
-10825
-11500
-12500

-9925
-9150
-9375
-8725
-8325
-8425
-8650
-6225
-5575
-6625
-6125
-5450
-5650
-5200
-3525
-3075
-4550
-4375
-3000
-3550
-2775
-1650
-2925
-3625
-3025
-2050
-2325
-2675
-2325
-3750
-4200
-3325
-3000
-3325
-4325
-5150
-5575
-5850
-5575
-5325
-6575
-8200
-8925
-8250
-9025
-9675
-9600
-11575
-12675
-12500
-12475
-13375
-14425
-14725
-16550
-17600
-16300
-16400
-18300
-19225
-19625
-20575
-20725
-19900
-20300
-22875
-23125
-22450
-23625
-23350
-22900
-23475
-25775
-25800
-23875
-25250
-25000
-24675
-26025
-26825
-25875
-24500
-25325
-26025
-25550
-26075
-26375
-24700
-24750
-24850
-25125
-25525
-24925
-24700
-23275
-23425
-23875
-23950
-23875
-22625
-22000
-22200
-21725
-21750
-21900
-20875
-20125
-19325
-19650
-19725
-18925
-18800
-17775
-16375
-17000
-17400
-16575
-15475
-15200
-14700
-13125
-13600
-14725
-12550
-11850
-11850
-10950
-10175

