
Curva de Excitacao - Bobina Girante (Dados Brutos)

Arquivo..............: C:\Arq\Ima\BobinaGirante_vs4.1\gap300_X=5_#026.dat
Data.................: 25/01/2005
Hora.................: 14:19:53
Ganho................: 20
N. de Coletas........: 1
N. de Voltas.........: 10
Intervalo de Análise.: 4 - 8

-6400
-4950
-6150
-8900
-8475
-6075
-4925
-3325
-3700
-6650
-6175
-3300
-900
-775
-2850
-4275
-5950
-3950
825
1900
-375
-3025
-5775
-4675
-1275
1875
500
-3825
-5150
-5725
-3350
-825
-1925
-4850
-8525
-7800
-5175
-3500
-4175
-8325
-12050
-12400
-10050
-6650
-7175
-12050
-15650
-17400
-15150
-12125
-11900
-15050
-20025
-21350
-19250
-17425
-16250
-19125
-23575
-25575
-23875
-19750
-19925
-22525
-25650
-29425
-27425
-22975
-22125
-24250
-28250
-29400
-29600
-27125
-23000
-24950
-28525
-30800
-29900
-27175
-24825
-24300
-27575
-31175
-29825
-26275
-24100
-23250
-26225
-28550
-29225
-26450
-22200
-21850
-23275
-25975
-27400
-24850
-21550
-19400
-20300
-23500
-24350
-22425
-19375
-17150
-18100
-19425
-21250
-21050
-16175
-14300
-14750
-16375
-18250
-17600
-14950
-10825
-10400
-13775
-14100
-14000
-12725
-8925
-7400
-8825
-11575
-11100

-8500
-7075
-4525
-5050
-8500
-8950
-6200
-3350
-2325
-2825
-4100
-7175
-5675
-1175
100
-1150
-2675
-4850
-4675
-1625
1675
450
-3150
-4175
-4375
-2125
1050
150
-2600
-6475
-6425
-3725
-1625
-825
-4525
-8225
-9500
-7975
-4125
-4275
-7775
-11175
-13325
-11700
-8750
-8300
-11075
-16150
-17550
-15900
-14300
-12275
-14900
-19425
-22850
-21625
-17400
-17350
-18675
-21825
-26625
-26000
-21875
-20000
-22025
-25925
-27425
-28650
-26350
-22025
-23725
-27050
-29800
-29975
-27525
-24975
-23300
-27000
-31000
-30200
-28025
-25100
-23925
-25950
-29175
-30225
-28000
-24150
-23550
-24250
-26875
-29400
-26725
-23325
-21025
-22150
-25125
-26100
-25325
-21775
-18975
-19525
-21625
-23650
-23275
-19200
-17000
-16300
-17850
-20525
-20300
-17875
-13575
-13050
-15525
-15875
-16850
-15400
-11300
-9675
-11275
-13850
-13400
-11500
-9825
-6400
-6750
-10425

-11100
-8850
-5775
-4575
-4025
-5475
-8875
-7275
-3300
-1675
-2000
-2775
-5225
-5800
-2975
1000
275
-2500
-3350
-4225
-2650
875
1450
-1225
-4450
-4375
-2675
-725
1400
-1625
-5275
-6925
-5400
-2000
-1450
-3800
-7250
-10100
-8725
-5800
-4625
-6850
-11425
-13450
-12775
-10850
-8800
-10650
-14875
-18200
-18150
-14650
-13975
-14475
-18100
-22825
-22725
-19575
-17475
-18475
-22200
-25000
-26750
-24450
-20350
-21650
-24700
-27475
-28975
-27250
-24050
-21900
-25750
-29675
-29775
-28500
-25375
-23850
-25350
-29050
-31200
-28375
-25400
-24375
-24750
-27200
-30150
-28550
-25225
-22375
-23100
-26050
-27350
-27500
-23925
-20975
-21225
-23050
-25475
-25125
-22200
-19350
-18300
-19875
-22300
-22600
-20700
-16350
-15300
-17625
-18200
-19650
-18000
-14300
-12500
-13175
-15900
-15950
-14525
-12650
-9175
-9250
-12025
-13300
-11750
-8725
-7275
-6125

-7425
-10525
-9425
-5725
-4175
-3800
-4325
-6175
-7625
-4800
-550
-1300
-2950
-3700
-4975
-3550
300
1075
-1225
-3775
-3600
-2475
-500
2100
-150
-3575
-5000
-3900
-600
200
-900
-4175
-7275
-6150
-3500
-2025
-3375
-7075
-9575
-9800
-7600
-5450
-6975
-10400
-13850
-14375
-11725
-10225
-10675
-13750
-18725
-19100
-16575
-14275
-15100
-18475
-21100
-24075
-21850
-17725
-18750
-21950
-24550
-26325
-25750
-22675
-20325
-23775
-28000
-28350
-27925
-24750
-23075
-24425
-28075
-30925
-28350
-25725
-24525
-24500
-27300
-30225
-29300
-26075
-23650
-24125
-26200
-28175
-28875
-25575
-22200
-22900
-24375
-26375
-26450
-24375
-21250
-20000
-21975
-23675
-24350
-22900
-18850
-17500
-19075
-20325
-21775
-20275
-16750
-15100
-15525
-17725
-17900
-17175
-15350
-11650
-11975
-14150
-15100
-14175
-11450
-9875
-8350
-9725
-12700
-11550
-8450
-6650

-5800
-6150
-8000
-9400
-7075
-2725
-2925
-4100
-4600
-6225
-5400
-1300
175
-1675
-3675
-3750
-3400
-1300
1875
275
-2725
-3775
-3150
-500
975
825
-1800
-5250
-4075
-1950
-200
-775
-3925
-6175
-7250
-4975
-2575
-3575
-6475
-9725
-10675
-8750
-6975
-6725
-9750
-14200
-15100
-13475
-11150
-11250
-14400
-17000
-20300
-18700
-15050
-15525
-18125
-21275
-23225
-23150
-20500
-17950
-21500
-24950
-25950
-26475
-23950
-21475
-22750
-26900
-29400
-27350
-25650
-24425
-23525
-26750
-30050
-29650
-26175
-24475
-24925
-25800
-28650
-30025
-27000
-23325
-23700
-25550
-27550
-27425
-26225
-23300
-21350
-23650
-25325
-25900
-24650
-21350
-19825
-20450
-22400
-24050
-22400
-19300
-17400
-17550
-19850
-20275
-19625
-17850
-14100
-14575
-16075
-17225
-16875
-14475
-12525
-10650
-12075
-14775
-13650
-11425
-9125
-8075
-8475
-10250
-11525
-8975

-5525
-5350
-5575
-6250
-8400
-7250
-3300
-1600
-3000
-4675
-4775
-4850
-2350
725
-150
-2775
-3675
-3150
-1150
925
1525
-1050
-4150
-3000
-1050
800
775
-1450
-3975
-5325
-2950
-450
-1025
-3150
-6125
-7550
-6350
-4075
-3225
-6050
-9675
-11225
-10250
-7850
-7450
-9900
-13250
-16175
-14825
-12125
-12200
-13925
-17325
-19975
-20075
-17650
-15200
-18275
-21325
-23150
-24275
-21775
-19475
-20325
-24300
-27300
-26150
-24650
-23050
-22450
-25500
-28525
-29100
-26250
-24075
-24525
-25475
-28675
-30175
-27600
-24350
-23950
-25775
-28075
-28975
-27450
-24475
-22725
-24750
-26175
-27075
-26825
-23300
-21650
-21825
-23875
-25675
-24325
-21875
-19375
-19475
-21425
-22375
-22125
-20100
-16600
-16825
-18150
-19250
-19550
-17275
-14975
-12925
-14375
-16975
-16100
-14300
-12050
-10500
-10775
-12450
-14025
-11500
-8350
-7975
-7425
-8425
-10425

-9775
-5600
-3825
-5000
-6025
-6200
-6975
-4450
-825
-1475
-3900
-4250
-4200
-2725
0
1275
-1100
-3750
-3000
-1325
750
1550
-100
-2800
-3950
-1775
800
425
-600
-3500
-5200
-4250
-1750
-375
-2900
-5950
-7750
-7500
-5075
-4050
-5750
-9075
-12125
-11450
-8975
-8575
-9700
-12825
-15875
-16550
-14350
-12000
-14500
-17225
-19525
-21150
-19300
-16475
-17400
-21225
-24075
-23925
-23275
-21000
-19925
-23650
-26725
-27200
-25600
-23775
-23350
-23825
-27750
-29850
-27100
-24625
-24325
-25475
-27225
-29375
-28925
-24950
-23425
-25425
-27050
-27725
-28175
-25275
-22725
-22700
-25425
-27125
-25900
-24325
-21300
-20975
-22825
-24375
-24500
-22100
-19100
-18925
-20225
-21350
-21775
-19975
-17600
-15250
-16650
-19200
-18625
-17175
-14775
-12900
-13025
-14850
-16500
-14225
-11275
-10700
-9775
-10775
-12850
-12225
-8650
-6375
-7300
-7775

-8300
-9575
-6850
-3000
-3550
-5450
-5650
-5650
-4750
-1950
200
-2425
-4600
-3525
-2425
-775
1175
175
-2550
-3775
-1625
650
725
725
-1700
-3825
-3000
-500
975
-875
-3075
-4925
-5550
-2700
-1325
-2700
-5575
-8425
-8150
-6425
-4950
-5900
-8975
-11925
-12850
-11325
-8825
-10350
-12675
-15525
-17775
-16025
-13700
-13800
-17525
-20175
-20500
-20975
-18650
-17375
-20475
-23975
-25000
-23450
-22275
-21700
-21875
-25550
-28425
-26350
-24200
-23350
-24375
-26250
-28950
-28925
-25200
-23975
-25125
-26925
-28225
-28750
-26350
-23750
-23725
-26275
-27700
-27325
-26200
-22950
-22075
-24450
-25750
-26375
-23900
-21550
-20750
-21275
-23425
-23975
-22175
-19775
-17925
-18700
-20625
-20800
-20125
-17500
-15125
-15650
-17000
-18675
-16700
-14500
-13300
-12000
-13275
-15100
-14575
-11575
-9200
-9700
-9825
-10825
-12050
-9300
-5800
-6025

