
Curva de Excitacao - Bobina Girante (Dados Brutos)

Arquivo..............: C:\Arq\Ima\BobinaGirante_vs4.1\gap300_X=-8_#013.dat
Data.................: 25/01/2005
Hora.................: 13:56:53
Ganho................: 20
N. de Coletas........: 1
N. de Voltas.........: 10
Intervalo de Análise.: 4 - 8

-11575
-8800
-7725
-7350
-7875
-8900
-10775
-7575
-5225
-6150
-5325
-5375
-5875
-5725
-3700
-3200
-5375
-5475
-3650
-3500
-1750
-775
-3325
-5700
-5750
-3200
-1575
-1650
-1650
-4825
-6650
-5525
-4075
-2875
-4350
-6250
-7800
-8075
-6100
-5625
-7350
-9700
-12175
-10850
-9300
-9175
-9675
-13225
-16200
-16500
-14375
-12600
-14050
-15825
-18900
-21300
-19525
-17200
-17850
-20200
-22350
-23375
-23275
-21500
-20200
-24050
-26075
-25975
-26075
-24150
-23125
-23675
-27525
-29900
-27050
-26425
-25000
-24750
-27200
-29300
-29300
-26250
-25475
-26400
-26725
-28125
-28625
-26225
-24900
-24700
-26425
-28225
-27025
-25900
-23025
-22600
-24450
-25475
-26600
-24575
-21900
-21500
-21450
-22625
-23700
-22675
-20600
-18425
-19425
-20825
-20250
-20025
-18200
-15675
-16150
-17700
-18575
-16700
-15325
-14375
-11900
-13350
-15950
-14425
-12525
-11100
-9975
-9925

-10950
-12850
-9575
-7175
-8275
-7550
-7775
-9050
-8050
-5375
-3600
-5825
-6150
-5950
-6600
-4050
-1875
-2525
-4575
-5300
-4200
-3425
-2400
-900
-3400
-5200
-4300
-3550
-2275
-2550
-3850
-5775
-6675
-4525
-3675
-4100
-5975
-8675
-8900
-8200
-6675
-6300
-8750
-11375
-12875
-12375
-10725
-10900
-11700
-14550
-17700
-16600
-14825
-14925
-16375
-18600
-20600
-21525
-19175
-17600
-20350
-22500
-23875
-24600
-23550
-21700
-21400
-24750
-27675
-26425
-26400
-24300
-23300
-25925
-28275
-29100
-26625
-26050
-25825
-25725
-28375
-29450
-27475
-26100
-25175
-25875
-27225
-28625
-28475
-24825
-23625
-25325
-25725
-27250
-26475
-24675
-23075
-22350
-24200
-24900
-24600
-23200
-20900
-20850
-21800
-22225
-22825
-20725
-18150
-18375
-18825
-20125
-19300
-18525
-17025
-14325
-15375
-17425
-16400
-15525
-14050
-12500
-11800
-12850
-14925
-12325
-2040
-10525

-9125
-9425
-10875
-10475
-7825
-5650
-7325
-6950
-6825
-8475
-6000
-3375
-3275
-4975
-5425
-4850
-4950
-2925
-1000
-3025
-4325
-4025
-3700
-2425
-1300
-1725
-3850
-5650
-3700
-2700
-2400
-2775
-5225
-6375
-6550
-4825
-3950
-5325
-7075
-9300
-9525
-8225
-7675
-7675
-10150
-13475
-13300
-12400
-11175
-11975
-14225
-16325
-18500
-16725
-14925
-16450
-17950
-19975
-21975
-21525
-19450
-18975
-21625
-23900
-24125
-25325
-23325
-21475
-23450
-26325
-27575
-25900
-25600
-25050
-23900
-27075
-28825
-27825
-26325
-25475
-25825
-26100
-28400
-29450
-26475
-24725
-25500
-26075
-27525
-27750
-26425
-24825
-23250
-25075
-25425
-26175
-25475
-23100
-22375
-22450
-23450
-24650
-23300
-21050
-20075
-20250
-21500
-21475
-21000
-19875
-16925
-17375
-18650
-18425
-18475
-17000
-15500
-13825
-14800
-16725
-14850
-13575
-13250
-11200
-11275
-12725
-12875
-10750

-8700
-9275
-8100
-8600
-10500
-8700
-5975
-5200
-6275
-6175
-6450
-7200
-4750
-2250
-3500
-4375
-4525
-4625
-3725
-1725
-1000
-2950
-4775
-3550
-2975
-1825
-975
-2850
-4300
-5300
-3900
-2500
-3000
-3450
-5800
-7050
-6350
-5525
-4425
-6425
-8825
-9850
-9925
-8725
-8275
-9725
-11800
-14600
-13575
-12525
-13175
-13275
-15550
-18300
-19000
-17100
-15925
-17925
-19575
-20950
-23225
-21875
-19350
-20350
-22975
-24800
-24600
-24900
-23675
-21825
-25025
-26900
-26700
-26500
-25075
-24850
-24625
-27650
-29175
-26925
-25675
-25000
-25300
-26950
-28525
-27925
-25525
-24200
-25475
-25425
-26925
-27350
-25050
-23525
-23075
-24275
-25425
-24900
-23825
-21575
-21375
-22475
-22950
-23125
-22050
-19375
-19175
-19550
-19800
-20850
-19700
-17875
-15725
-16500
-18125
-16825
-16700
-15600
-13425
-13025
-14650
-14975
-13400
-11625
-11850
-9850
-10100
-12500

-11325
-8675
-7600
-7925
-7450
-7600
-9600
-7025
-4325
-5100
-5375
-5175
-5625
-5800
-3275
-1525
-3200
-4325
-3725
-3700
-2550
-600
-1575
-3525
-4350
-3175
-2050
-1875
-1325
-3275
-5275
-5075
-3800
-2525
-3250
-5225
-6675
-7900
-6625
-5525
-5775
-7775
-10525
-10650
-10000
-9900
-9425
-11175
-13825
-15475
-14700
-13150
-14200
-15175
-17150
-20025
-19250
-17300
-17225
-19400
-21225
-22425
-23425
-21850
-19700
-22300
-24450
-25000
-25725
-24900
-23625
-22575
-25975
-28175
-26775
-26175
-25200
-24450
-25850
-28225
-28775
-26075
-25125
-25650
-25500
-26850
-28450
-26775
-24750
-23775
-24950
-26325
-26425
-26150
-23725
-22550
-23350
-24025
-25125
-24025
-22000
-21175
-20850
-21325
-22500
-22025
-20750
-18150
-18175
-19575
-19125
-19525
-18500
-15925
-15275
-16000
-17075
-16075
-14900
-14400
-11750
-12300
-14225
-13825
-12125
-10600
-9925
-9100

-9500
-11700
-9650
-7175
-7225
-6675
-6550
-7325
-8000
-5400
-3250
-4475
-5150
-4725
-5475
-4250
-1625
-1650
-3350
-4175
-3600
-2950
-2075
-375
-1925
-3850
-3900
-3375
-1750
-1750
-2500
-4200
-5950
-4825
-3675
-3375
-4350
-6725
-7900
-8025
-6950
-6150
-7525
-9650
-11800
-11975
-10775
-10600
-11000
-12850
-16450
-16375
-14825
-14325
-15525
-17050
-18800
-21125
-19750
-17375
-19175
-21125
-22275
-23475
-23475
-22025
-20725
-23375
-26100
-25600
-25800
-24300
-23275
-24550
-26875
-28550
-26350
-25600
-25325
-24750
-26650
-28375
-27725
-25650
-24875
-25025
-25975
-27050
-27825
-25275
-23625
-24450
-24825
-25975
-25625
-24550
-22750
-22075
-23125
-23800
-24050
-23300
-20800
-19975
-20575
-20975
-21950
-20950
-18625
-17600
-18050
-18625
-18275
-18025
-17150
-14350
-14650
-16000
-15975
-15050
-13800
-12475
-10950
-11725
-14025
-12075
-10075
-9975

-8600
-8475
-9275
-10300
-8075
-5475
-6350
-6125
-5800
-7300
-6550
-3350
-2800
-4225
-4525
-4200
-4350
-3175
-775
-1650
-3425
-3425
-3400
-2225
-1300
-725
-2475
-4625
-3525
-2850
-1975
-1900
-3625
-5175
-6050
-5075
-3800
-4400
-5925
-8025
-8875
-8325
-7725
-7200
-8850
-11925
-12950
-12175
-11400
-11550
-13175
-14950
-17550
-16925
-15100
-15875
-17200
-18750
-20550
-21400
-19925
-18450
-20725
-22700
-23025
-24625
-23375
-21425
-22500
-25000
-26650
-25300
-25675
-24925
-23425
-25700
-27625
-27725
-26050
-25500
-25325
-25100
-27075
-28425
-26350
-24650
-24875
-25225
-26250
-26700
-26225
-24525
-23125
-24050
-24575
-25225
-25250
-22975
-21775
-21525
-22400
-23500
-22950
-21300
-19600
-19350
-20250
-20075
-20225
-19800
-16950
-16675
-17375
-17700
-17525
-16550
-15250
-13275
-13575
-15700
-14300
-13225
-12575
-11100
-10300
-11100
-12550
-10600

-8500
-8800
-7675
-7125
-9300
-8775
-5800
-4550
-5575
-5275
-5300
-6425
-4775
-2075
-2550
-3875
-3550
-3750
-3500
-1975
-450
-1875
-3900
-3025
-2450
-1850
-650
-1575
-3350
-4675
-3575
-2225
-2525
-2775
-4650
-6300
-6225
-5225
-4300
-5500
-7675
-9175
-9750
-8650
-8025
-9025
-10800
-13550
-13625
-12475
-12825
-13125
-14550
-16850
-18450
-17400
-15825
-17475
-18775
-19850
-22150
-21700
-19675
-20025
-21925
-24150
-23850
-24350
-23925
-21975
-23525
-25825
-26600
-25900
-25325
-24825
-23950
-26175
-28150
-26875
-25675
-25025
-25050
-25850
-27325
-27450
-25650
-24200
-24900
-24800
-25725
-26825
-24925
-23500
-22525
-23600
-24375
-24525
-23700
-21900
-20950
-21625
-21900
-22425
-22000
-19500
-19025
-18825
-19050
-19775
-19475
-17950
-15400
-15750
-17250
-16400
-16175
-15425
-13425
-12475
-13300
-14525
-13100
-11600
-11650
-9700
-9000
-11200

