
Curva de Excitacao - Bobina Girante (Dados Brutos)

Arquivo..............: C:\Arq\Ima\BobinaGirante_vs4.1\gap300_X=-3_#018.dat
Data.................: 25/01/2005
Hora.................: 14:06:42
Ganho................: 20
N. de Coletas........: 1
N. de Voltas.........: 10
Intervalo de Análise.: 4 - 8

-8600
-7350
-7275
-6875
-8650
-8975
-7425
-4975
-5250
-6500
-5150
-5050
-4625
-2125
-2600
-4600
-5775
-4525
-2400
-1225
325
-1525
-5400
-5325
-3575
-1150
-325
-1725
-3475
-6250
-5000
-2850
-2650
-3475
-6075
-7500
-6825
-5650
-4375
-6050
-9850
-11725
-11550
-8750
-7775
-9650
-11825
-16100
-16375
-13950
-12900
-13075
-16275
-18300
-20300
-19650
-16475
-17975
-20450
-22375
-23825
-22725
-20850
-20050
-22875
-26950
-26750
-25375
-24175
-22750
-23950
-27300
-29300
-28075
-25375
-25225
-25125
-27050
-29950
-28675
-26400
-25025
-25875
-27825
-28750
-28425
-26350
-23750
-25125
-26275
-27675
-28350
-25300
-23075
-22150
-24075
-26250
-25925
-24500
-21725
-20425
-22150
-22825
-23125
-22325
-19650
-18600
-18800
-20450
-21250
-19075
-17875
-15300
-15300
-17800
-18175
-16975
-14650
-13000
-12325
-12800
-15025
-14875
-11525
-10400
-9825
-9500
-11025

-11650
-9575
-6550
-6675
-7875
-7300
-8350
-7625
-4075
-3400
-4575
-6075
-5950
-5075
-3850
-650
-1600
-4500
-4750
-3725
-2350
-900
-1275
-2650
-5175
-3850
-1700
-1625
-1625
-3850
-5700
-5925
-4025
-1950
-3300
-5675
-8075
-9050
-7050
-5350
-6050
-7975
-11850
-12575
-11075
-10125
-9775
-12400
-14625
-16675
-16450
-13325
-14275
-16100
-18875
-21150
-20300
-18625
-16875
-19500
-23350
-24125
-24425
-22575
-20775
-21875
-25150
-27075
-26925
-25200
-24225
-23500
-25875
-29525
-28525
-26400
-25050
-25250
-26750
-28675
-30025
-27225
-24575
-25425
-26500
-27625
-28800
-27700
-24950
-23075
-24875
-27250
-26825
-26550
-23775
-22075
-23100
-24150
-25575
-24375
-21825
-20550
-20375
-21775
-22950
-22050
-20850
-17575
-17025
-19600
-19850
-19750
-17550
-15875
-14450
-14950
-17275
-16750
-14350
-13350
-11925
-11425
-13100
-14225
-12175
-9175
-8775
-9350

-9100
-10850
-10175
-6425
-5475
-6000
-7300
-7250
-7225
-5825
-2200
-2600
-5150
-5050
-4950
-3575
-1625
-775
-2300
-4625
-3700
-2150
-1325
-475
-1800
-3900
-4625
-3350
-850
-1625
-2575
-4850
-6775
-5275
-3550
-3025
-4450
-7625
-8925
-8500
-7250
-6100
-7800
-10325
-12750
-13250
-10750
-10625
-11725
-14150
-17175
-17250
-15900
-13850
-15775
-19150
-20175
-21850
-20575
-18000
-18800
-22175
-24550
-24500
-23775
-22800
-21000
-23450
-27500
-27575
-25900
-24500
-24000
-25025
-27400
-29775
-27625
-25050
-25450
-25750
-27400
-29075
-28400
-26300
-24225
-25200
-27375
-27600
-28275
-25425
-23150
-24175
-25150
-26750
-25925
-24400
-22700
-21625
-23150
-24175
-24075
-23000
-20100
-19400
-20625
-21575
-22075
-20150
-18175
-16975
-16900
-19350
-18725
-17350
-16425
-13900
-14025
-15100
-16500
-14825
-12275
-11600
-11300
-11125
-13100
-12500
-9200
-8250

-8425
-8775
-8800
-9550
-8125
-4500
-4775
-6300
-6100
-6525
-5625
-3500
-1925
-3050
-5250
-4275
-3150
-2650
-525
-1050
-3375
-4200
-3075
-950
-950
-725
-2475
-5025
-4025
-2275
-1125
-2125
-4325
-5675
-6600
-4800
-3500
-4625
-6625
-9025
-9725
-7975
-7550
-7650
-9800
-13175
-13875
-12725
-10825
-11825
-14400
-16025
-18550
-17600
-15475
-15825
-17875
-20925
-21350
-21775
-20350
-18775
-21050
-24150
-25175
-24575
-23425
-22200
-22975
-25700
-28325
-26550
-24850
-24900
-24575
-26125
-28475
-28900
-26150
-24575
-25475
-26150
-27775
-29275
-26675
-23925
-24350
-25750
-27225
-26950
-25950
-24275
-22450
-24200
-25125
-25725
-24825
-22225
-21225
-21600
-22775
-23775
-22600
-20475
-18850
-18775
-20725
-20575
-19750
-19025
-16150
-16100
-16875
-18350
-17425
-15175
-14500
-13075
-13175
-15050
-15025
-12150
-10525
-10700
-10375
-10525
-11850
-10875

-7175
-6975
-7925
-7375
-8450
-7950
-5525
-3350
-4525
-6200
-5425
-4900
-4050
-1600
-1775
-3450
-4500
-3700
-1975
-1425
-200
-1550
-4075
-3650
-1875
-625
-750
-2300
-3525
-5200
-3325
-1600
-2200
-3550
-5700
-7000
-6075
-4800
-4225
-6075
-8975
-10275
-10100
-8275
-8050
-10075
-11900
-14675
-14300
-12550
-12675
-13800
-16425
-18000
-19125
-17700
-15525
-17900
-20325
-21800
-22575
-21725
-20075
-20025
-23200
-25875
-25200
-23900
-23525
-22925
-24425
-26925
-27975
-26275
-24300
-24825
-25325
-27075
-29075
-27600
-25125
-24325
-25775
-27300
-28125
-27300
-25625
-23275
-25075
-25850
-26500
-26700
-24225
-22800
-22525
-24075
-25375
-24275
-22975
-20875
-20425
-21975
-22450
-22325
-21200
-18700
-18225
-18600
-19800
-20050
-18050
-17175
-14850
-15325
-17275
-16900
-15325
-13675
-12900
-12150
-12875
-14275
-13075
-10325
-9775
-9575
-9250
-10500

-10725
-8125
-5725
-6275
-7575
-6700
-7325
-6475
-3125
-3050
-4500
-5325
-4450
-3875
-2775
-400
-1625
-4425
-3625
-2275
-1175
-300
-800
-2350
-4250
-2625
-850
-925
-1300
-3150
-4800
-4450
-2825
-1625
-3400
-5300
-6875
-7550
-5900
-4725
-6000
-8050
-10825
-10975
-9425
-9300
-9725
-12050
-14200
-15600
-14875
-12675
-13850
-16125
-18050
-19750
-19050
-17750
-16850
-19600
-22475
-22825
-22725
-21300
-20475
-22075
-25100
-26025
-25225
-23900
-23675
-23250
-25875
-28550
-27225
-25225
-24425
-25175
-26150
-28025
-28550
-25725
-23950
-25550
-26175
-26775
-27750
-26075
-24000
-23175
-24875
-26450
-25675
-25300
-22850
-21675
-22950
-23775
-24475
-22975
-20975
-20125
-20150
-21400
-21900
-20750
-19600
-17025
-17125
-19150
-18800
-18175
-16350
-15275
-14250
-14775
-16825
-15350
-13000
-12675
-11425
-11400
-12825
-13375
-10725
-8100
-8625
-9100

-8700
-9825
-8875
-5250
-5075
-6150
-6500
-6000
-6025
-4575
-1825
-2500
-4800
-4375
-3525
-2425
-1025
-500
-2250
-4100
-2525
-875
-1075
-300
-1350
-3200
-3525
-2075
-175
-1550
-2300
-3925
-5350
-3975
-2600
-2900
-4800
-6925
-7825
-7150
-5975
-5900
-7900
-10225
-11700
-11750
-9675
-10300
-11625
-13700
-16325
-15925
-14775
-13650
-16050
-18475
-19250
-20550
-19275
-17575
-19150
-22075
-23700
-22850
-22750
-22075
-21225
-23475
-26875
-26100
-24575
-23725
-24100
-24850
-26900
-28700
-26050
-24625
-25175
-25800
-26675
-28025
-27350
-24950
-24125
-25300
-26850
-26550
-27050
-24450
-22575
-23950
-25075
-25775
-24800
-23325
-21925
-21525
-22825
-23525
-22875
-21825
-19625
-19200
-20275
-20750
-20950
-19225
-17375
-16700
-17000
-18775
-17550
-16325
-15425
-13675
-13775
-14800
-15375
-13575
-11475
-11200
-10850
-10925
-12350
-11400
-8425
-7525

-8300
-7900
-8075
-8700
-6950
-3900
-4625
-6100
-5325
-5525
-4675
-2625
-1300
-3125
-4675
-3225
-2250
-1925
-250
-1000
-3000
-3275
-1900
-450
-750
-625
-1925
-4300
-2950
-1375
-1050
-2275
-4100
-4825
-5550
-4125
-3100
-4600
-6650
-8100
-8325
-7500
-7250
-7700
-9750
-12450
-12700
-11725
-10775
-11900
-14250
-15550
-17550
-16400
-14925
-15975
-17950
-20100
-20600
-20850
-19575
-18750
-21225
-23625
-23975
-23800
-22825
-22225
-23100
-25575
-27200
-25300
-24475
-24700
-24450
-26075
-27875
-27575
-25400
-24400
-25525
-26125
-27075
-28150
-25875
-23825
-24600
-25650
-26600
-25900
-25225
-23850
-22700
-24250
-24825
-24800
-23750
-21825
-21225
-21450
-22475
-23150
-25
-41500
-18800
-19025
-20325
-19675
-19050
-18225
-15825
-16075
-16875
-17475
-16425
-14600
-14225
-12825
-13100
-14725
-13700
-11450
-10625
-10575
-10000
-10325
-11175
-9400

