
Curva de Excitacao - Bobina Girante (Dados Brutos)

Arquivo..............: C:\Arq\Ima\BobinaGirante_vs4.1\gap300_X=15_#036.dat
Data.................: 25/01/2005
Hora.................: 14:35:44
Ganho................: 20
N. de Coletas........: 1
N. de Voltas.........: 10
Intervalo de Análise.: 4 - 8

-5125
-8375
-8150
-5375
-4850
-3400
-2725
-4700
-7600
-5575
-1075
425
-625
-1175
-4875
-6125
-2475
1400
1575
-700
-2050
-3900
-4500
-350
750
-1375
-3500
-4800
-3300
-2275
-1050
-2975
-7150
-8200
-6850
-4025
-3400
-5925
-9000
-2040
-12725
-8925
-7625
-9200
-12900
-16025
-15875
-15775
-12775
-13250
-18750
-20800
-20175
-18125
-17925
-18350
-20475
-26625
-25650
-21725
-21125
-22050
-24075
-27400
-30025
-27800
-22750
-24350
-27300
-28800
-30500
-29875
-26175
-24550
-27850
-31400
-30550
-29250
-27500
-24775
-25975
-30475
-31825
-29850
-26175
-24350
-24700
-26925
-30800
-29025
-25050
-23575
-22925
-25325
-26575
-26450
-24500
-20725
-20650
-22250
-24125
-24125
-20700
-18250
-17825
-18400
-21250
-21275
-18200
-15675
-14225
-15625
-16125
-17800
-17375
-12350
-11100
-12150
-13325
-13250
-12775
-10900
-7675
-7850
-11300
-10800
-8675
-7500

-5775
-4125
-6325
-8975
-7850
-3600
-3025
-2350
-2150
-5625
-6350
-3075
-250
-325
-1950
-2600
-4000
-3600
800
1200
-1300
-3375
-4200
-2450
-900
1575
-625
-5100
-5850
-4950
-2375
-875
-2900
-5425
-9025
-8775
-5900
-4550
-6125
-9375
-12175
-12475
-11250
-8525
-9350
-14525
-16800
-17075
-14800
-13825
-14300
-16825
-22425
-22400
-18975
-18650
-18450
-21150
-24375
-27025
-25100
-21000
-22250
-24750
-27100
-29375
-28375
-24500
-23450
-26875
-30275
-29625
-29500
-27600
-24550
-26300
-30425
-31900
-29750
-26950
-25900
-25325
-27950
-31825
-30075
-25950
-24775
-24575
-26650
-28400
-28575
-26275
-22050
-22825
-24275
-26150
-26200
-23375
-20875
-19600
-20650
-23550
-23575
-21050
-18350
-16800
-18175
-18700
-20200
-19550
-14900
-13725
-14400
-15625
-16400
-15650
-13550
-9825
-10175
-13325
-13050
-11575
-10075
-7925
-6450
-8125
-10800
-9450

-6375
-5150
-4375
-3725
-7025
-7675
-4750
-1525
-1950
-2800
-3150
-5075
-4275
225
925
-1300
-2700
-3325
-2750
-550
2250
550
-3675
-3850
-3125
-850
450
-500
-2875
-6350
-5450
-2800
-1900
-2825
-5850
-8325
-9050
-7450
-4725
-5700
-9875
-12450
-13125
-11575
-9750
-10175
-12900
-18025
-17875
-15600
-15175
-14950
-17150
-20950
-23775
-21550
-18000
-19650
-21825
-23475
-26925
-26425
-22675
-21300
-24850
-28175
-28075
-28425
-26775
-23650
-25175
-29325
-30800
-29600
-27350
-26075
-25275
-28475
-32000
-30475
-27175
-25525
-25725
-27550
-29450
-29950
-27250
-23650
-24625
-25600
-27150
-28450
-25775
-22875
-21300
-23200
-25575
-25350
-23575
-20600
-18775
-20275
-21450
-22900
-21725
-17600
-16375
-16800
-18075
-19225
-18175
-16225
-12325
-12875
-15900
-15225
-14650
-13025
-10400
-9000
-10850
-13150
-11500
-9000
-7950
-6200
-6025
-9375

-9800
-6325
-3750
-4050
-4425
-4750
-6775
-5650
-925
-625
-2300
-3225
-3775
-3400
-1225
2050
375
-3100
-2950
-2400
-650
1325
950
-1550
-4675
-3200
-1050
-400
-450
-2825
-5675
-6200
-4250
-1575
-3100
-6125
-8400
-9425
-8150
-6150
-6225
-9175
-13550
-13675
-11875
-11500
-10725
-13150
-16925
-19325
-17450
-14550
-16100
-17700
-20325
-23650
-22700
-19600
-18725
-22000
-24625
-25700
-26650
-24275
-21550
-23900
-27875
-28600
-28000
-26825
-25200
-24150
-28100
-31575
-29525
-27125
-26200
-25925
-27325
-30225
-31150
-27325
-24825
-26025
-26700
-28075
-29575
-27350
-24350
-22925
-25000
-27275
-26800
-25775
-22625
-21025
-22325
-23800
-25225
-23175
-20100
-19125
-19325
-20275
-21475
-20700
-18300
-15025
-15650
-18075
-17725
-17575
-15400
-12950
-11950
-13500
-15600
-13775
-11775
-10800
-8725
-9075
-11700
-11900
-8650
-6400
-6475
-6300

-6825
-9175
-6925
-2900
-3175
-4150
-4425
-4925
-5100
-2350
650
-1125
-3450
-2900
-3050
-1225
1200
875
-1525
-3925
-1850
-275
350
875
-1075
-3725
-3925
-2025
0
-1075
-2825
-5000
-6500
-4725
-3000
-3175
-5725
-9125
-9575
-8375
-7425
-7275
-9275
-12825
-14700
-13625
-10950
-12500
-13700
-16225
-19900
-18800
-16125
-15375
-18850
-21175
-22175
-23900
-21250
-18875
-21600
-25425
-26550
-25650
-25150
-23775
-22925
-26775
-30175
-28475
-26275
-25625
-25525
-26875
-30025
-30875
-27350
-25225
-26500
-27350
-29000
-30175
-28100
-25225
-24575
-26375
-28375
-28175
-27600
-24200
-22525
-24500
-25625
-26675
-24850
-22525
-21200
-21225
-22725
-23800
-22850
-20500
-17775
-18575
-20200
-20175
-20175
-17850
-15200
-14750
-16275
-18325
-16000
-14450
-13200
-11075
-12000
-14300
-14325
-10950
-9125
-9150
-8500
-9450
-11550
-9050
-5150
-5275

-6575
-6275
-6875
-6950
-4025
-1025
-3000
-5025
-3825
-4050
-2350
225
350
-2350
-3975
-1650
-550
175
1550
-550
-3100
-2900
-500
1150
200
-850
-2800
-4500
-2600
-525
-725
-3150
-5525
-6125
-5550
-4050
-3525
-5950
-9025
-10650
-9475
-7725
-8400
-9550
-12250
-15875
-14750
-12225
-12100
-14650
-17400
-18600
-20275
-17700
-15775
-18625
-21925
-23450
-22800
-22825
-20825
-20700
-24975
-27675
-26075
-25125
-24400
-23600
-25650
-29550
-30100
-25800
-25250
-26425
-26800
-28700
-30750
-28400
-25000
-25525
-27600
-28525
-28775
-28975
-25575
-23625
-25775
-27675
-28150
-26200
-24325
-22975
-22725
-25150
-25925
-24625
-22250
-20125
-20800
-21825
-22775
-22700
-19875
-17375
-17300
-18800
-20425
-18700
-17250
-15750
-13575
-15050
-16725
-16275
-13725
-11775
-11825
-10800
-12275
-14000
-11125
-7725
-8125
-8775
-8400
-9400
-9225
-5725

-3350
-5425
-6575
-5500
-5850
-4275
-1175
-1125
-3750
-4675
-2500
-1625
-775
1125
-825
-3325
-2300
-125
1150
625
425
-1975
-3425
-925
1275
775
-975
-3075
-3750
-3550
-950
-725
-3125
-5425
-7000
-6175
-4475
-4625
-5825
-8675
-11500
-10525
-8650
-8375
-10550
-13125
-14950
-16300
-13550
-12000
-15225
-17825
-19625
-19750
-19325
-17600
-17325
-22275
-24375
-23350
-22875
-22250
-21500
-23400
-27650
-28175
-24700
-23975
-25225
-25650
-28025
-29950
-27900
-24850
-25350
-27625
-28275
-29550
-29425
-26100
-24500
-26550
-28450
-29050
-28000
-25800
-24250
-24225
-27125
-27475
-26200
-24650
-22250
-22675
-23575
-25150
-24700
-21950
-19950
-19650
-21000
-22450
-21475
-19775
-17625
-16275
-17650
-18975
-18650
-16875
-14575
-14025
-13325
-14975
-16650
-13375
-11125
-10600
-10925
-11025
-12025
-11825
-8150
-6325
-8000
-8250
-7775
-8550

-6500
-3375
-3175
-5775
-6150
-4575
-3675
-2050
-100
-2200
-4375
-3325
-1175
50
175
500
-1900
-3550
-450
1350
1100
-125
-1675
-2650
-2275
950
1100
-1375
-2950
-4200
-3875
-2100
-1550
-2475
-5700
-7700
-6925
-5375
-5150
-6500
-8900
-11075
-12225
-9675
-8500
-11300
-13625
-15400
-15950
-15750
-13825
-13975
-18500
-20375
-20150
-20000
-18925
-18675
-20725
-24875
-25250
-22675
-22550
-22825
-23525
-26425
-28750
-26350
-23900
-24575
-26700
-26900
-29300
-29425
-25650
-24575
-26950
-28800
-28975
-28825
-27250
-24575
-24950
-28375
-28775
-27125
-26200
-24150
-24150
-25075
-27025
-26850
-23750
-22475
-21900
-22925
-24300
-23825
-22375
-19700
-18775
-20350
-21225
-20775
-19425
-17325
-16475
-16000
-17575
-19050
-16000
-14175
-13175
-13325
-13700
-14700
-14575
-10675
-9125
-10675
-10475
-10450
-10800
-8950
-5725
-5900
-7925
-7975

