
Curva de Excitacao - Bobina Girante (Dados Brutos)

Arquivo..............: C:\Arq\Ima\BobinaGirante_vs4.1\gap300_X=7_#028.dat
Data.................: 25/01/2005
Hora.................: 14:23:01
Ganho................: 20
N. de Coletas........: 1
N. de Voltas.........: 10
Intervalo de Análise.: 4 - 8

-9575
-5725
-3700
-5575
-7225
-8175
-8000
-3750
-400
-2250
-4925
-6050
-5325
-2950
325
1300
-2725
-5550
-4100
-1725
675
1625
-1775
-4950
-5325
-1850
1100
25
-1850
-6025
-7275
-4400
-1275
-425
-4200
-8500
-9875
-8700
-4450
-51000
-6700
-11475
-14525
-12575
-8975
-8575
-10400
-15325
-18250
-17800
-14275
-11875
-15175
-19250
-22200
-22950
-19100
-16200
-18100
-22850
-26650
-26025
-23750
-20625
-19850
-25550
-29075
-28825
-26400
-23375
-23400
-25150
-30200
-31800
-27450
-24750
-23950
-26400
-29800
-31225
-29550
-24450
-23050
-26175
-28750
-30075
-29250
-24875
-22300
-23350
-26825
-29150
-26975
-23925
-20800
-21150
-24400
-26225
-25700
-21850
-18600
-19000
-21075
-23100
-23275
-20100
-16750
-15150
-17400
-20750
-19550
-17925
-14300
-12000
-13800
-16375
-17575
-14525
-10950
-10375
-9600
-12125
-14425
-12225
-8400
-6275
-7250
-8725

-10150
-10375
-6000
-2700
-3925
-6000
-7325
-6925
-4750
-1225
350
-3275
-5700
-4900
-2925
-150
1800
-900
-4150
-4950
-1975
900
1325
0
-3725
-5375
-3175
-150
1250
-1750
-4875
-6725
-6350
-2300
-975
-3150
-7450
-10550
-9200
-6375
-4825
-6100
-10675
-14200
-14025
-11050
-8800
-10925
-14350
-17800
-19675
-16000
-12950
-14375
-18850
-22500
-22750
-21700
-17925
-16975
-22175
-26300
-26575
-24550
-21750
-21475
-22900
-28175
-30575
-26775
-24400
-22975
-24925
-28575
-31200
-29950
-24800
-23600
-25925
-28250
-30725
-30025
-26050
-23375
-24325
-27525
-29725
-28675
-26225
-22325
-22150
-25900
-27525
-27625
-24200
-21075
-20675
-22375
-25225
-25250
-22600
-19325
-17525
-19450
-22125
-22150
-20650
-17150
-14475
-16100
-18500
-20150
-17250
-14225
-12875
-11825
-14625
-16750
-14900
-11550
-8825
-9525
-10425
-12300
-13025
-9000
-5325
-6200

-7625
-8875
-8825
-7525
-3350
-1700
-4925
-6725
-6025
-4825
-2050
650
-1075
-4650
-5675
-2425
-275
750
1125
-2600
-4900
-3000
175
1700
0
-2075
-4600
-5000
-875
800
-800
-4225
-6950
-6500
-4150
-1825
-2500
-6825
-10225
-10475
-7900
-5700
-6500
-9875
-13525
-15650
-12925
-9875
-10375
-13975
-18200
-19175
-18450
-14925
-13750
-18325
-22175
-23450
-22000
-19650
-18475
-20200
-25600
-27700
-25125
-23250
-21575
-22550
-26675
-30200
-29150
-24150
-23300
-25250
-26850
-30275
-30125
-26975
-23300
-24525
-27925
-29225
-29400
-27700
-23575
-22575
-26450
-28775
-28875
-25725
-23200
-22100
-23300
-26675
-27150
-24650
-21575
-19800
-21175
-23200
-24200
-23350
-19375
-17125
-17975
-20375
-21850
-19875
-17075
-15350
-14050
-16850
-18675
-17475
-14650
-11650
-11975
-12400
-14650
-15650
-11700
-8175
-8625
-9725
-10850
-11225
-9975
-5950

-4075
-6725
-8100
-7950
-7300
-4250
-1325
-2400
-5775
-6600
-4075
-2150
-200
450
-2650
-5325
-3300
-300
1250
675
-1075
-3600
-4375
-450
1600
725
-1650
-4550
-4775
-2925
150
100
-3875
-6475
-7400
-5550
-3150
-2900
-5800
-9700
-11550
-9650
-7100
-6775
-9575
-13700
-15525
-15050
-11525
-10325
-14050
-17725
-19925
-19225
-16775
-15600
-16600
-21975
-24500
-22925
-21050
-19500
-20200
-23825
-27650
-27600
-23150
-22025
-23475
-25500
-29000
-29400
-26700
-23300
-23925
-27200
-28850
-30050
-28225
-24325
-23550
-26275
-29025
-29650
-27425
-24425
-23025
-24375
-27800
-28350
-26200
-23800
-21375
-22675
-24600
-26325
-25150
-21450
-19750
-19650
-21975
-23875
-22525
-19675
-17500
-16650
-18875
-20500
-19725
-17475
-14475
-14275
-14625
-16825
-18075
-14275
-11375
-10950
-11850
-13125
-13850
-12925
-8500
-6725
-8950
-9975
-9950
-9675

-6775
-3625
-4175
-7375
-8225
-5850
-4375
-2075
-850
-3600
-6150
-4600
-1600
-50
0
-825
-3625
-4775
-800
1700
1125
-675
-3050
-3800
-2325
1300
1725
-1675
-3900
-5150
-3800
-1125
-400
-2375
-6300
-8125
-6575
-4375
-3425
-5675
-9225
-11525
-11625
-8350
-6875
-9850
-13425
-15875
-15750
-13725
-11950
-12825
-17900
-20675
-19875
-18500
-16625
-17100
-20350
-24600
-25050
-21500
-20300
-21025
-22825
-27050
-28150
-25250
-22275
-23150
-25875
-27250
-29450
-28575
-24000
-23325
-26225
-28975
-29225
-28350
-25975
-23150
-24600
-28675
-29425
-27225
-25300
-23100
-23500
-25550
-27800
-27250
-23400
-21925
-21400
-23450
-25350
-24950
-22400
-19500
-18725
-21050
-22600
-22200
-19950
-17000
-16600
-16900
-18900
-20350
-17075
-14300
-13300
-13825
-15425
-16350
-15825
-11275
-9450
-11200
-12100
-12425
-12225
-9700
-6300
-6400
-9400
-10050

-8125
-7125
-4350
-2675
-5350
-7675
-6125
-3350
-2075
-1250
-1550
-4650
-5450
-1825
675
500
-425
-2450
-3825
-2675
1550
2450
-550
-2100
-3375
-2825
0
1325
-25
-3900
-5150
-4325
-2475
-675
-2200
-5625
-8125
-8350
-5400
-3975
-5675
-8925
-11950
-12250
-10225
-8600
-8925
-13350
-16250
-16425
-15550
-13250
-13425
-16525
-20825
-21900
-18850
-17825
-18000
-19575
-24000
-26025
-23725
-20275
-21175
-23675
-25375
-27800
-27750
-23425
-22475
-24825
-27825
-28800
-28275
-26400
-23200
-24525
-28500
-29600
-28350
-25975
-24075
-24025
-26475
-28800
-28475
-25025
-23475
-22700
-24275
-26950
-26800
-24425
-21175
-20700
-22500
-24000
-24800
-22250
-19450
-18550
-19125
-21100
-22350
-19900
-17350
-15650
-16000
-17775
-18875
-18325
-13850
-12175
-13525
-14025
-15100
-14975
-12275
-9175
-8850
-11525
-11925
-11025
-9925
-6850
-5150
-7350

-9500
-8475
-5825
-4450
-3375
-3000
-6150
-6925
-3500
-1425
-1025
-1325
-2675
-4750
-3550
625
1625
-600
-1550
-3050
-2800
0
2025
900
-2300
-3150
-2950
-1625
875
225
-2800
-5475
-5650
-3100
-1700
-2450
-5025
-8300
-9150
-7050
-5225
-5425
-9175
-12075
-12800
-12325
-9825
-9700
-12300
-16500
-18200
-15950
-14900
-14400
-16000
-20225
-22525
-21175
-18125
-18575
-20550
-22725
-25775
-25525
-21950
-21025
-23075
-25725
-27325
-27800
-25750
-22175
-23975
-27525
-28725
-28475
-26750
-24600
-23800
-26650
-29500
-28675
-26350
-24925
-23750
-24900
-27875
-28200
-26025
-22950
-22450
-24075
-25300
-26725
-24550
-21550
-20450
-21025
-23225
-24000
-22400
-20025
-17775
-18175
-19800
-21025
-20800
-16950
-15025
-15750
-16425
-17550
-17275
-15350
-11975
-11550
-13925
-14125
-13700
-12900
-9650
-7700
-9500
-11875
-10800
-8600
-7175
-5475

-5100
-8225
-8700
-5875
-3850
-3050
-2800
-3800
-6000
-5200
-1175
100
-1300
-1675
-3250
-3475
-925
1775
900
-1800
-2150
-2175
-1475
1575
1750
-1200
-3500
-3450
-1475
-375
375
-1925
-5350
-6025
-4450
-2600
-2575
-5025
-7850
-9300
-8750
-6550
-6125
-8375
-11825
-14000
-12650
-11475
-10600
-12050
-16200
-18450
-17875
-15375
-15450
-16850
-19025
-22450
-22750
-19650
-18700
-20450
-23025
-24750
-25825
-24525
-21075
-22025
-25925
-27475
-27275
-26300
-24325
-23300
-25650
-29125
-28450
-26550
-25400
-24375
-25275
-27950
-29075
-27100
-24325
-23650
-24750
-25950
-28150
-26100
-23275
-22325
-22475
-24725
-25275
-24625
-22250
-19900
-20225
-21650
-22825
-22750
-19750
-17550
-17725
-18450
-20300
-19500
-17650
-15000
-13900
-16050
-16150
-16400
-15475
-12250
-10775
-11700
-13825
-13275
-11450
-10075
-7950
-7550
-10150
-11025
-8200
-6450

