
Curva de Excitacao - Bobina Girante (Dados Brutos)

Arquivo..............: C:\Arq\Ima\BobinaGirante_vs4.1\gap300_X=-17_#004.dat
Data.................: 25/01/2005
Hora.................: 13:39:36
Ganho................: 20
N. de Coletas........: 1
N. de Voltas.........: 10
Intervalo de Análise.: 4 - 8

-4775
-4575
-5875
-5900
-5575
-5975
-5650
-7350
-9025
-8925
-9525
-8525
-8550
-1851025
-5050
-4325
-5125
-4725
-4400
-5400
-3875
-2650
-4050
-4425
-4125
-3475
-3700
-3400
-2850
-4800
-5250
-4525
-4700
-3875
-4650
-5575
-6650
-7425
-6475
-6450
-7075
-8275
-9850
-9525
-9850
-10625
-10100
-12050
-13175
-13475
-13600
-13725
-15000
-15075
-16925
-18650
-17175
-17300
-18525
-19425
-20150
-21425
-22050
-20500
-20900
-23225
-23375
-22900
-25000
-24175
-23575
-23800
-25975
-26300
-24900
-26250
-25600
-24825
-26850
-27400
-26750
-25600
-25800
-26650
-25875
-27100
-27550
-25725
-25925
-25125
-25625
-26450
-25825
-25800
-24300
-24025
-24675
-24375
-25025
-23850
-22925
-23175
-22300
-22625
-23000
-22075
-21325
-20025
-20425
-20475
-19550
-20500
-18925
-17375
-17800
-17975
-17200
-16575
-16775
-15950
-13800
-14575
-15450
-13400
-13525
-13125
-11550
-11050

-11650
-12025
-9775
-9275
-10125
-7625
-7950
-8925
-8025
-6850
-6100
-6700
-5475
-5375
-6650
-4950
-3575
-4425
-4525
-4200
-3850
-4100
-3275
-2250
-3725
-3950
-3625
-4050
-3150
-3150
-3350
-4400
-5550
-4425
-4725
-4675
-5200
-6675
-6800
-7300
-7400
-6825
-8525
-9500
-10225
-10725
-10750
-11250
-10975
-13050
-15200
-14150
-14500
-15125
-15375
-16525
-18250
-19325
-17850
-18075
-19950
-20150
-20875
-22450
-22375
-21375
-21800
-23425
-24375
-24000
-25125
-24175
-23150
-25550
-26150
-26200
-25500
-26025
-25625
-24875
-27200
-27250
-26000
-26350
-25925
-25400
-26225
-27050
-26900
-24925
-24975
-25475
-24975
-26050
-25300
-24625
-24125
-23600
-24025
-24050
-23625
-23350
-21950
-21925
-21875
-21625
-22575
-20925
-19675
-20075
-19425
-19250
-19000
-19225
-18025
-16175
-16950
-17025
-15750
-15975
-15850
-14000
-13150
-13800
-14350
-12150
-11900
-12775

-9750
-10100
-11100
-10375
-9000
-8700
-8875
-6800
-7075
-8950
-6525
-5650
-6000
-5325
-4825
-5100
-5750
-4050
-3225
-4050
-3850
-3375
-4225
-3425
-2750
-2400
-3575
-4300
-3400
-3800
-3550
-3125
-4300
-5000
-5525
-5075
-4875
-5725
-5875
-7250
-8150
-7850
-8450
-7875
-9050
-11375
-11100
-11575
-11850
-12050
-12875
-14525
-16125
-14975
-15400
-16650
-16475
-17925
-19950
-19575
-18900
-19400
-20875
-20850
-21875
-23825
-22300
-21525
-23750
-24275
-24550
-24475
-25150
-24750
-23875
-26050
-26650
-25750
-26000
-25750
-25450
-25400
-26975
-27650
-25600
-25500
-26000
-25275
-26250
-26275
-25750
-25375
-24525
-25325
-24575
-25150
-25000
-23325
-23650
-23050
-22900
-23825
-22975
-21950
-21575
-21150
-21275
-20700
-21050
-20425
-18475
-19050
-18725
-17850
-18500
-18000
-16600
-15650
-16025
-16050
-14525
-14775
-14650
-12350
-12775
-13125
-12250
-11500

-11200
-11000
-8825
-8900
-10775
-8575
-7750
-7950
-7075
-6325
-6550
-7625
-5525
-4500
-5825
-4550
-3775
-5275
-4575
-3175
-2700
-3825
-3800
-3275
-3950
-3075
-2150
-3150
-3750
-4150
-3850
-3650
-3950
-3675
-4925
-5900
-5725
-5900
-5375
-6325
-7575
-8125
-9150
-8975
-8625
-9575
-10950
-12275
-12000
-12400
-13400
-12900
-14275
-16325
-16700
-16150
-16575
-17700
-17750
-19150
-21175
-20450
-19300
-20925
-21775
-22200
-22950
-23725
-23000
-22200
-24675
-24750
-24400
-25750
-25200
-24425
-24775
-26350
-26850
-25550
-26225
-25550
-24750
-26375
-27025
-26175
-25750
-25525
-25700
-24725
-25725
-26475
-24900
-24675
-24000
-24200
-24675
-24275
-24000
-22925
-22350
-22750
-22500
-22725
-22125
-20750
-21000
-20075
-19750
-20750
-20025
-18875
-17625
-18100
-17825
-16650
-17575
-16950
-14800
-14850
-15450
-14225
-13825
-13850
-13300
-10950
-11300
-12975

-10550
-10300
-10375
-9150
-8050
-8600
-9525
-7175
-6575
-7375
-5450
-5225
-6550
-6025
-4550
-3800
-4400
-3775
-3550
-4600
-3700
-2300
-3000
-3325
-3250
-3050
-3300
-3300
-2125
-3225
-4250
-4075
-4150
-3850
-3875
-4525
-5500
-6700
-6200
-6200
-6450
-7250
-8725
-8850
-9600
-10300
-9525
-10700
-12250
-13025
-13300
-13650
-14250
-13950
-15800
-17950
-17050
-17000
-18075
-18425
-18850
-20650
-21650
-20525
-20275
-22325
-22425
-22325
-24475
-23975
-23325
-23075
-24825
-25525
-24725
-26175
-25175
-24300
-25575
-26425
-26475
-25625
-25700
-26025
-24675
-25850
-27100
-25500
-25600
-24775
-24850
-25250
-25450
-25725
-24075
-23850
-23725
-23375
-24300
-23575
-22675
-22875
-21800
-21350
-22075
-21800
-20925
-19700
-19925
-19850
-18800
-19825
-18825
-16950
-17100
-17250
-16400
-16075
-16325
-15625
-13475
-13700
-14475
-12875
-12875
-12925
-11325
-10425

-10675
-11450
-9350
-8700
-10025
-7425
-7250
-8250
-7825
-6275
-5625
-6275
-4850
-4525
-6150
-4725
-3150
-3875
-3700
-3100
-3325
-4000
-2900
-1925
-2775
-2950
-2850
-3750
-3150
-2725
-2650
-3525
-4700
-4025
-4475
-4275
-4650
-5500
-6375
-6925
-7225
-6700
-7900
-8325
-9450
-10375
-10725
-11025
-10400
-11925
-14000
-13825
-14450
-14850
-15175
-15375
-17125
-19000
-17875
-17975
-19450
-19450
-19700
-22075
-22250
-21175
-21300
-22725
-23250
-23350
-25225
-24050
-22950
-24500
-25250
-25300
-25500
-25975
-25400
-24300
-26125
-26450
-25725
-26200
-25550
-24900
-25300
-26025
-26700
-24800
-24650
-25050
-24250
-24975
-24725
-24750
-23975
-22875
-23250
-22975
-23275
-23175
-21925
-21600
-21000
-20650
-21750
-20650
-19550
-19475
-19075
-18475
-17925
-18825
-17850
-15800
-16550
-16500
-14900
-15375
-15700
-13650
-12425
-13350
-13450
-11550
-11650
-12350

-9500
-9425
-10150
-9750
-8775
-8250
-8450
-6300
-6300
-7900
-6275
-5150
-5550
-5050
-4200
-4275
-5275
-3925
-2725
-3600
-3250
-2675
-3675
-3625
-2300
-1900
-2875
-3450
-2950
-3825
-3375
-2675
-3575
-4150
-4725
-5125
-4700
-5300
-5575
-6325
-7350
-7900
-8325
-7450
-8550
-10350
-10400
-11575
-11900
-11700
-12125
-13625
-15325
-14825
-15600
-16275
-15900
-16875
-18950
-19375
-18925
-19475
-20250
-20025
-21075
-23300
-22500
-21300
-22950
-23625
-23800
-23975
-25150
-24725
-23325
-25350
-25675
-25300
-26075
-25750
-25100
-24600
-26000
-26950
-25550
-25525
-25725
-24450
-25700
-25500
-25475
-25350
-24275
-24425
-23925
-24325
-24600
-23575
-23200
-22525
-22400
-23100
-22550
-21700
-21325
-20850
-20325
-19900
-20650
-20150
-18450
-18775
-18025
-17150
-17775
-17850
-16300
-15200
-15650
-15425
-14000
-14425
-14575
-12275
-12050
-12550
-11650
-11075

-10975
-10775
-8550
-8275
-9975
-8100
-7400
-7775
-6875
-5575
-6000
-7075
-5125
-4250
-5225
-4025
-3375
-4650
-4325
-3075
-2325
-3200
-2875
-2500
-3725
-3000
-2025
-2650
-3100
-3350
-3450
-3550
-3800
-3325
-4050
-5100
-5500
-5675
-5450
-5725
-6725
-7425
-8750
-8575
-8775
-9175
-9875
-11400
-11350
-12475
-13400
-12550
-13650
-15125
-16125
-16025
-16575
-17525
-17050
-18125
-20475
-20150
-19425
-20525
-21125
-21275
-22275
-23450
-22950
-22100
-24000
-23800
-23750
-25475
-25225
-24375
-24100
-25500
-25800
-25275
-26275
-25475
-24550
-25500
-26075
-25725
-25500
-25350
-25425
-24250
-24875
-25750
-24800
-24375
-23675
-23625
-23750
-23625
-23975
-22800
-22300
-22225
-21725
-22125
-21825
-20775
-20800
-19700
-19300
-19750
-19800
-18675
-17350
-17700
-17400
-16150
-17025
-16825
-14425
-14375
-14925
-13575
-13250
-13700
-13125
-10800
-10825
-12175

