
Curva de Excitacao - Bobina Girante (Dados Brutos)

Arquivo..............: C:\Arq\Ima\BobinaGirante_vs4.1\gap300_X=11_#032.dat
Data.................: 25/01/2005
Hora.................: 14:29:13
Ganho................: 20
N. de Coletas........: 1
N. de Voltas.........: 10
Intervalo de Análise.: 4 - 8

-5825
-4100
-5200
-7750
-8250
-4575
-3050
-3275
-3400
-5650
-5375
-2625
650
575
-3075
-4275
-4850
-3075
1800
2725
100
-3575
-5525
-3375
-850
2300
650
-4150
-5400
-4850
-2350
-750
-2425
-5700
-8500
-7600
-4650
-3425
-4725
-9475
-12975
-12050
-9750
-6950
-7750
-12950
-16600
-17875
-14575
-12450
-13300
-15650
-20775
-21700
-19250
-17300
-17375
-21075
-23725
-25725
-24225
-19925
-20300
-23975
-27475
-28850
-27550
-23750
-22225
-24800
-29400
-30075
-28800
-27000
-24450
-25375
-29325
-31325
-29500
-26300
-25025
-25500
-28050
-31400
-29625
-25475
-23650
-23800
-27075
-28525
-28775
-26175
-21500
-21800
-23825
-26000
-26950
-23675
-20675
-19325
-20700
-23600
-23525
-21375
-18100
-16275
-18475
-19600
-20450
-19700
-15225
-13300
-13825
-16750
-17650
-15650
-13800
-10525
-9550
-12825
-14425
-12500
-10400
-8400
-7225
-7925
-10875
-10800

-6500
-4575
-4925
-5100
-7575
-8050
-5375
-1225
-825
-3775
-3950
-5500
-4525
-225
1225
-650
-3600
-4000
-2425
-1025
1825
725
-3525
-4500
-2875
-200
950
-575
-3275
-6750
-5475
-2000
-1025
-1775
-5600
-8900
-8950
-6725
-3750
-5050
-9100
-12275
-13225
-10625
-8775
-9850
-12450
-17075
-17575
-15300
-13550
-13725
-17525
-20300
-22700
-21075
-17050
-17625
-20850
-24225
-25900
-25450
-22125
-20325
-23100
-27700
-28350
-27000
-25900
-23425
-24550
-28325
-30675
-29250
-25950
-25175
-25600
-27775
-31575
-29950
-26725
-24225
-25100
-27700
-29125
-29775
-27075
-23350
-23750
-25450
-27425
-28250
-25400
-22775
-21100
-23100
-25725
-25275
-23600
-20075
-18650
-20525
-22050
-22825
-21475
-17700
-16050
-16225
-18700
-20100
-17950
-16075
-12950
-12575
-15450
-16600
-15100
-12375
-10650
-9900
-10650
-13275
-12850
-8875
-7175
-7050
-7300
-9500

-10025
-7375
-3400
-2900
-5675
-5400
-6850
-5850
-1675
-350
-1675
-4375
-4150
-3000
-1550
1500
650
-3050
-3950
-2275
250
1275
750
-1700
-4750
-3500
-325
425
25
-3000
-5600
-5975
-3725
-950
-2300
-5575
-8575
-9450
-7000
-5200
-5750
-8650
-12825
-13500
-11450
-9650
-10075
-13275
-16050
-18275
-17625
-13600
-14200
-17425
-20825
-22200
-21650
-19475
-17525
-20325
-25150
-25975
-24825
-23375
-21575
-22675
-26650
-29125
-28000
-25000
-24575
-24575
-27000
-30900
-29900
-26575
-24600
-25550
-27925
-29350
-30625
-27475
-24075
-24975
-26825
-28425
-29150
-26925
-24275
-22250
-24575
-27650
-26900
-25375
-22325
-20925
-22250
-24075
-25350
-23075
-20050
-18700
-18875
-21400
-22225
-20375
-18350
-15325
-15275
-18000
-19200
-17875
-14800
-13025
-12750
-13225
-15850
-15225
-11700
-9750
-9600
-10050
-11600
-12100
-10075
-6025
-5375
-8125

-7775
-8500
-7350
-3925
-2425
-3450
-6375
-5650
-4225
-3025
275
-350
-3675
-4675
-2800
-75
550
850
-1200
-4100
-2725
300
1275
725
-1275
-3650
-3825
-2000
1075
-350
-2975
-5475
-6200
-4175
-2175
-2425
-5175
-9125
-9575
-7950
-6075
-6225
-9300
-11925
-14075
-13375
-10075
-10675
-13375
-16675
-18550
-17675
-15950
-14275
-17225
-21475
-22625
-21750
-20425
-19050
-19975
-24225
-26925
-25375
-22925
-23150
-23100
-25025
-29425
-28775
-25625
-23550
-25125
-27700
-28525
-30500
-27725
-24125
-25175
-27475
-29200
-29100
-27775
-25325
-23450
-25675
-28725
-28150
-26825
-23800
-22625
-23700
-25850
-27125
-24675
-21900
-20800
-21075
-23250
-24025
-22575
-20475
-17925
-17975
-20025
-21225
-20200
-17200
-15550
-15250
-16000
-18250
-17500
-14125
-12300
-12175
-12750
-13875
-14525
-12650
-8475
-8200
-10300
-10275
-10750
-9825
-6300
-4650

-5800
-8425
-7175
-6125
-5050
-2000
-2100
-5075
-5950
-3925
-1400
-950
25
-1700
-4625
-3050
75
1125
375
-650
-2525
-3200
-1025
1850
750
-1500
-2950
-3975
-2350
-25
-75
-2675
-6100
-5975
-4975
-3225
-2850
-5750
-8375
-10250
-9125
-6775
-7025
-9300
-12450
-14525
-13875
-12125
-10625
-13300
-17625
-18825
-18325
-16950
-16000
-17100
-20750
-23725
-22575
-20450
-20400
-20950
-23150
-26825
-26700
-24075
-22350
-23550
-26375
-27650
-29425
-26475
-23800
-24875
-26950
-29175
-29025
-28100
-25525
-23825
-26825
-28875
-28750
-27875
-25125
-23750
-24900
-27375
-28625
-25775
-23725
-23000
-22725
-25075
-25975
-24650
-22125
-19975
-20600
-21925
-23325
-22775
-19450
-17725
-17725
-18600
-20575
-19750
-16875
-15175
-14575
-15450
-16300
-16875
-14925
-11225
-11250
-12525
-12900
-13325
-11875
-9025
-7175
-8300
-10750
-9625
-8350
-7175

-4375
-4350
-6825
-7750
-5850
-3075
-2775
-1675
-3100
-5500
-4000
-1050
200
-425
-1275
-2450
-3225
-900
2025
875
-725
-2100
-2775
-1375
1175
1475
-800
-4000
-3700
-2875
-900
-325
-2725
-5200
-6975
-5875
-3750
-3950
-5725
-8700
-10375
-9975
-8350
-7125
-9550
-13450
-14775
-14450
-12900
-12100
-13600
-16925
-20075
-19075
-17300
-17300
-17800
-20225
-23675
-24175
-21375
-20125
-21700
-23975
-25475
-27625
-25300
-22200
-23850
-26250
-28275
-27850
-27575
-25475
-23475
-26925
-29125
-29075
-27725
-25750
-25075
-25025
-28125
-29925
-27000
-24675
-24300
-24425
-26425
-27350
-26475
-24075
-21700
-22925
-23875
-24925
-24675
-21900
-20125
-19625
-21100
-22750
-21850
-19300
-17350
-16850
-18050
-18875
-19225
-17325
-14025
-13800
-14850
-15350
-15875
-14450
-11925
-9850
-10925
-13150
-12000
-10900
-9475
-6975
-7025
-9100
-9875
-7725

-5375
-5200
-3775
-4825
-7600
-5675
-2925
-1375
-2100
-2400
-3500
-4525
-1800
1200
175
-1225
-1800
-2450
-1650
1350
2075
-450
-2700
-2075
-1500
250
1675
-675
-3225
-4575
-2850
-1300
-1275
-2250
-5400
-7250
-6425
-4800
-3950
-5875
-9050
-10925
-10925
-9025
-8325
-9875
-13050
-15800
-15250
-13650
-13500
-14200
-16800
-19950
-20425
-18400
-16900
-18825
-20975
-22850
-24900
-23025
-20425
-21450
-24225
-26500
-26375
-26075
-24300
-22775
-26000
-28275
-28275
-27550
-25500
-25050
-25075
-28750
-29750
-27350
-25900
-24700
-25250
-27325
-29075
-27650
-24825
-23350
-24550
-25150
-26575
-26875
-23675
-21925
-21600
-23275
-24525
-23850
-22000
-19500
-19100
-20650
-21375
-21325
-19500
-16825
-16450
-17225
-17900
-18575
-16950
-14450
-12525
-13525
-15600
-14650
-13725
-12050
-9475
-9725
-11575
-12300
-10325
-8075
-7775
-5975
-7250
-9625

-7950
-5025
-3675
-4100
-4300
-5375
-6350
-3125
-225
-1275
-2375
-2825
-3300
-2475
600
1800
-625
-2475
-1900
-1225
400
2225
425
-2075
-3000
-1275
100
75
50
-2950
-4850
-3725
-2100
-1275
-2975
-5550
-7550
-7500
-5625
-4800
-6200
-9100
-11900
-11525
-9950
-9725
-10300
-12750
-15950
-16725
-15050
-13750
-15200
-17375
-19425
-21450
-19925
-17775
-18900
-21350
-23650
-24250
-24125
-22025
-20925
-24375
-26675
-26700
-26300
-25000
-24150
-24100
-27950
-29750
-26875
-26025
-25125
-25375
-27225
-29525
-28600
-25150
-24550
-25775
-26200
-27500
-28075
-25275
-23275
-23325
-24900
-26275
-25550
-24150
-21450
-21150
-22675
-23525
-23600
-21650
-19225
-18850
-19450
-20450
-20900
-19225
-17125
-15350
-16000
-18025
-17425
-16225
-14475
-12375
-12575
-14000
-15025
-12900
-10700
-10500
-8825
-9775
-11825
-10425
-7775
-6125
-6625
-6575

