
Curva de Excitacao - Bobina Girante (Dados Brutos)

Arquivo..............: C:\Arq\Ima\BobinaGirante_vs4.1\gap300_X=17_#038.dat
Data.................: 25/01/2005
Hora.................: 14:39:07
Ganho................: 20
N. de Coletas........: 1
N. de Voltas.........: 10
Intervalo de Análise.: 4 - 8

-5825
-7900
-7400
-4450
-4300
-4100
-3800
-3750
-4650
-4275
-900
-1375
-2925
-1725
-2175
-2400
-1025
125
-800
-2700
-1325
-1225
-1700
-225
-850
-2375
-3125
-3050
-1975
-2625
-2725
-3950
-5925
-5575
-5425
-4925
-5850
-8075
-8600
-9075
-9875
-9150
-10025
-11675
-13675
-14200
-13225
-14650
-14350
-15475
-18750
-19125
-18525
-17725
-19675
-20750
-21150
-23850
-23600
-21425
-22775
-24975
-25300
-25400
-26800
-26250
-24150
-26450
-29025
-28175
-27725
-27775
-26850
-26800
-28625
-30350
-28500
-27500
-28250
-27225
-27875
-29225
-28950
-27550
-26150
-26550
-27325
-26925
-27750
-26050
-24450
-24925
-24750
-25600
-24700
-24050
-22825
-21625
-22275
-22650
-22350
-21875
-19400
-19075
-19475
-18775
-19325
-18525
-16925
-15725
-15850
-16875
-15100
-14650
-14675
-12175
-11900
-13150
-13200
-11125
-10225
-10225
-8425
-8375
-10350
-9025
-6325
-6600

-6325
-5325
-5475
-6650
-5400
-2375
-3325
-4150
-2650
-3575
-3250
-1225
-350
-1600
-2925
-1075
-1275
-1250
475
-225
-1575
-1975
-1525
-550
-975
-525
-1700
-3575
-2900
-2625
-2375
-2975
-4700
-5100
-5975
-6000
-5450
-6475
-7975
-9450
-9850
-9375
-10350
-10350
-11525
-14650
-14725
-14500
-13950
-15425
-17125
-17350
-20100
-19700
-18225
-19650
-21425
-22450
-22575
-23850
-23550
-22075
-24625
-26425
-25875
-26300
-26400
-25325
-25925
-28150
-29200
-27350
-27100
-27925
-26875
-28075
-29600
-29075
-27500
-26950
-27900
-27775
-27650
-29200
-27325
-25675
-26275
-26725
-27325
-26000
-25875
-24925
-23450
-24675
-24650
-24400
-23650
-21700
-21575
-21450
-21450
-22050
-21000
-19150
-18150
-18375
-19425
-17750
-17250
-17250
-14725
-15000
-15650
-15450
-14000
-12825
-12750
-10950
-11450
-12800
-11300
-9175
-9050
-8750
-7750
-8075
-8650
-7375

-4800
-5675
-6000
-4325
-5150
-4875
-3000
-1825
-3275
-3825
-1900
-2150
-2075
275
-700
-2200
-1775
-1025
-300
-350
475
-775
-2450
-1500
-775
-650
-975
-2325
-2550
-3625
-3025
-2275
-3625
-4850
-5950
-6150
-5975
-6400
-6300
-8175
-10425
-10600
-10450
-10175
-11250
-12725
-13700
-16100
-15400
-14400
-16150
-17500
-18550
-19075
-20675
-19900
-18850
-22075
-23325
-22875
-23575
-24275
-23250
-23450
-26600
-27525
-25550
-26025
-26825
-26075
-27175
-28925
-28500
-27050
-26975
-27975
-27850
-28225
-29550
-27775
-26450
-27050
-27900
-27850
-27600
-27100
-26100
-24825
-26625
-26450
-25650
-25600
-24000
-23625
-23250
-23950
-24150
-22700
-21650
-20675
-20700
-21575
-20475
-20000
-19325
-17325
-17700
-18075
-17725
-16675
-15825
-15425
-13625
-14225
-15375
-13375
-12075
-11500
-11525
-10425
-10675
-11300
-9075
-7325
-8300
-8250
-6625
-7650

-7150
-4900
-3675
-5275
-5600
-3325
-3925
-3575
-1000
-1975
-3250
-2475
-1225
-1050
-1300
475
-775
-2425
-800
125
-100
-350
-850
-1250
-2275
-675
-150
-1925
-2350
-3200
-3300
-3450
-3275
-3125
-5275
-6675
-6600
-6950
-6675
-7325
-8650
-10150
-11575
-11025
-10600
-12275
-13450
-14625
-15350
-16450
-16075
-15450
-18475
-19600
-19725
-20675
-20775
-20475
-20725
-23725
-24600
-23350
-24150
-24300
-24200
-25700
-27550
-26600
-25775
-26425
-27225
-26675
-27925
-29550
-27225
-26350
-27525
-28275
-28075
-28250
-28375
-26275
-25925
-28125
-27825
-26625
-26950
-25875
-25050
-24925
-25975
-26050
-24400
-23825
-22850
-22725
-23500
-23025
-22425
-20950
-20025
-20500
-20350
-20175
-19300
-18100
-17700
-16325
-16950
-17750
-15800
-14975
-14000
-13800
-13325
-13325
-13800
-11425
-10300
-10925
-10400
-9175
-10075
-9425
-7025
-6525
-7575
-7225

-5775
-6025
-5250
-2875
-4175
-4775
-3850
-2575
-2600
-2050
-500
-2000
-3000
-1000
-400
-425
-275
-625
-950
-1725
400
600
-775
-875
-1325
-1700
-1250
-850
-1050
-2925
-3500
-3525
-3850
-3450
-4200
-5200
-6500
-7850
-7125
-6925
-8275
-9350
-10700
-11325
-12300
-11800
-11725
-14700
-15300
-15525
-17350
-16825
-16875
-17750
-20575
-21150
-19925
-21500
-21350
-21475
-23200
-25450
-24650
-23350
-24650
-25500
-25200
-26725
-28150
-26325
-25500
-26825
-27725
-27675
-28175
-28375
-26525
-26350
-28525
-28250
-27700
-27325
-26800
-26125
-26475
-27275
-27225
-25775
-25550
-24425
-24475
-25550
-24800
-24525
-22750
-22050
-22650
-22550
-22375
-21400
-20575
-20000
-18900
-19575
-19900
-18200
-17550
-16775
-16200
-16025
-16200
-16225
-13825
-12650
-13700
-12775
-12250
-12400
-11875
-9350
-8975
-10350
-9275
-8200
-8750
-7275
-5025
-6375

-7050
-5625
-4350
-4750
-3900
-2050
-3850
-4200
-1775
-1450
-1675
-1150
-825
-1725
-1875
625
800
-650
-400
-500
-925
-500
575
475
-1475
-1325
-1175
-2100
-1025
-1275
-2575
-3825
-4325
-3675
-3900
-4850
-5725
-7075
-7900
-8000
-7650
-8225
-10475
-11250
-11700
-13150
-12600
-12750
-13850
-16575
-17175
-16375
-17925
-17725
-18050
-20425
-21825
-21425
-20500
-22050
-22900
-23025
-25100
-25500
-24100
-24050
-26025
-25975
-26700
-27525
-27375
-25350
-26175
-28675
-27900
-27525
-27950
-27275
-26100
-27400
-28675
-27650
-26450
-27250
-25950
-25550
-27225
-26675
-25925
-24175
-24350
-24625
-24300
-24700
-23775
-22525
-21875
-21500
-22225
-21800
-20775
-20250
-19175
-18725
-18725
-18775
-18775
-16425
-15725
-16250
-15325
-15250
-14900
-14175
-12350
-11975
-13025
-11850
-10975
-11425
-9525
-7875
-9000
-9600
-8075
-6725
-7050
-5850

-4450
-6050
-6200
-3575
-3600
-3525
-2600
-2225
-3300
-3250
-175
-800
-1525
-700
-1125
-1475
-250
875
375
-1175
-450
-375
-1025
375
200
-825
-2050
-1925
-1400
-1800
-1900
-2625
-4200
-4700
-4725
-4275
-4950
-6525
-7475
-8150
-9000
-8675
-9075
-10275
-12325
-13075
-12650
-13950
-13850
-14375
-16875
-18250
-17725
-17100
-19050
-19675
-19750
-22450
-22675
-21200
-21725
-23925
-24125
-24225
-25825
-25875
-23800
-25050
-27600
-27050
-26600
-27275
-26650
-26000
-27275
-28900
-27650
-26850
-27625
-26675
-26575
-27725
-27925
-26925
-25825
-26050
-26100
-25700
-26875
-25325
-24075
-24150
-23850
-24450
-23575
-23425
-22450
-21050
-21375
-21125
-21175
-20900
-19075
-18350
-18575
-17750
-18250
-17625
-16450
-15100
-14775
-15725
-14075
-14000
-13925
-12100
-10925
-11600
-12100
-10475
-9625
-9625
-7950
-7225
-8825
-8150
-5850
-5725

-5750
-4700
-4250
-5350
-4625
-2025
-2375
-3150
-1700
-2175
-2500
-1075
325
-400
-1450
-125
-325
-775
700
750
-350
-950
-425
25
-400
0
-775
-2175
-2225
-1875
-1650
-2300
-3475
-4025
-4900
-5450
-5075
-5425
-6825
-8350
-8850
-8950
-9950
-9675
-10425
-13025
-13850
-13875
-13375
-15050
-15925
-16200
-18775
-19000
-18025
-18775
-20575
-21250
-21350
-23050
-23125
-21700
-23375
-24950
-25075
-25025
-26200
-24975
-24950
-26850
-28050
-26600
-26425
-27500
-26500
-26525
-28175
-28250
-26950
-26450
-27125
-26725
-26550
-27975
-26875
-25050
-25325
-25725
-26000
-25000
-25150
-24550
-22950
-23275
-23425
-23425
-22750
-21500
-21050
-20575
-20400
-20875
-20050
-18800
-17625
-17450
-18350
-16725
-16650
-16600
-14550
-13800
-14200
-14650
-12900
-12450
-12375
-10500
-10125
-11400
-10700
-8275
-8425
-8400
-7100
-6725
-7725
-6550

