
Curva de Excitacao - Bobina Girante (Dados Brutos)

Arquivo..............: C:\Arq\Ima\BobinaGirante_vs4.1\gap300_X=12_#033.dat
Data.................: 25/01/2005
Hora.................: 14:30:45
Ganho................: 20
N. de Coletas........: 1
N. de Voltas.........: 10
Intervalo de Análise.: 4 - 8

-5100
-7475
-7850
-5850
-5100
-3975
-3325
-4200
-6550
-6025
-1675
-275
-850
-975
-4100
-5600
-2975
600
1600
-350
-1475
-3275
-4375
-900
875
-525
-2900
-4175
-3275
-2775
-1225
-2025
-5750
-7225
-6600
-4550
-3575
-5100
-7850
-10950
-11925
-9150
-7675
-8700
-11500
-14950
-15200
-14950
-12825
-12700
-16750
-19250
-19875
-18150
-17675
-18175
-19375
-24350
-24875
-21875
-21125
-21300
-23250
-25725
-28650
-27600
-23175
-23350
-26350
-27925
-29125
-29075
-26575
-24675
-26575
-30200
-29725
-28875
-27700
-25150
-25350
-29025
-30925
-29325
-26200
-24600
-24875
-25875
-29350
-28525
-25350
-23725
-22875
-24325
-25650
-26100
-24475
-21275
-20575
-21825
-22975
-23875
-21100
-18925
-18100
-18000
-20600
-20575
-18800
-16525
-14225
-15600
-15850
-17075
-17275
-13175
-11475
-11800
-12950
-13225
-12575
-11475
-8525
-7825
-10275
-10450
-8975
-7950

-6250
-4700
-5450
-8200
-7950
-4300
-3225
-2850
-2050
-4725
-5900
-3625
-700
-300
-1775
-1975
-3225
-3600
25
1250
-475
-2500
-3575
-2500
-1450
1025
250
-3775
-5000
-4850
-2825
-1100
-2300
-4325
-7675
-8250
-5900
-4925
-5375
-8075
-10850
-11650
-10975
-8600
-9075
-12925
-15375
-16275
-14725
-13650
-14200
-15450
-20425
-21425
-19400
-18175
-18050
-20175
-22650
-25550
-24900
-21200
-21550
-23825
-25650
-28025
-27575
-24900
-23425
-25450
-28950
-28650
-28700
-27625
-24975
-25525
-28725
-30700
-29500
-27000
-25875
-25250
-26725
-30475
-29550
-26250
-24900
-24500
-26075
-27125
-27925
-26450
-22525
-22625
-23525
-25125
-25750
-23525
-21450
-19600
-20250
-22750
-22900
-21150
-18700
-17025
-17850
-18175
-19500
-19525
-15775
-14075
-14100
-15275
-16125
-15300
-14075
-10500
-10100
-12425
-12750
-11850
-10450
-8600
-6850
-7500
-10000
-9775

-6725
-5675
-4475
-3825
-6325
-7350
-5150
-2175
-1900
-2800
-2750
-4350
-4275
-475
600
-575
-2150
-2900
-2375
-1100
1775
975
-2600
-3250
-2700
-1250
225
-250
-1825
-5425
-4975
-2925
-2200
-2125
-4625
-7300
-8300
-7325
-5000
-5550
-8550
-11100
-12500
-11125
-9900
-9950
-11900
-16125
-17050
-15500
-15125
-14200
-16425
-19150
-22275
-21275
-17850
-19000
-20600
-22625
-25150
-25550
-22800
-21100
-23600
-26975
-27100
-27400
-26700
-23875
-24475
-27900
-29975
-28850
-27050
-26225
-25100
-27275
-30700
-29950
-27125
-25525
-25400
-26725
-28550
-29175
-27600
-23950
-24625
-25075
-26325
-27650
-25800
-23325
-21400
-22650
-24650
-24625
-23650
-21075
-19100
-20100
-20875
-22125
-21350
-18250
-16725
-16475
-17600
-18850
-17875
-16750
-13250
-12750
-15100
-15050
-14725
-13050
-11100
-9475
-10175
-12675
-11675
-9425
-8275
-6900
-6225
-8650

-9550
-7150
-4200
-4050
-4525
-4100
-6075
-5900
-2075
-850
-1875
-2950
-3100
-3375
-2025
1450
750
-2425
-2700
-2150
-725
550
1075
-750
-4000
-2975
-975
-700
-50
-1950
-4625
-5675
-4250
-1850
-2725
-4900
-7275
-8850
-7925
-6125
-6100
-7950
-11950
-12675
-11825
-11225
-10325
-12425
-15400
-17875
-17525
-14600
-15525
-16900
-19025
-22300
-22075
-19950
-18125
-20800
-23575
-24850
-25600
-24150
-21900
-22925
-26300
-27925
-27500
-26425
-25525
-23725
-26625
-30175
-29300
-26850
-25875
-25750
-26625
-28950
-30300
-27500
-24600
-25600
-26075
-27075
-28600
-27450
-24600
-22750
-24350
-26425
-25975
-25625
-23075
-21125
-21825
-23075
-24350
-22975
-20575
-19400
-18675
-19825
-21200
-20375
-18750
-15750
-15500
-17375
-17450
-17625
-15725
-13425
-12250
-13025
-15025
-14175
-12050
-11075
-9225
-9075
-10825
-11825
-9350
-6925
-6500
-6525

-6525
-8475
-7575
-3600
-3300
-3700
-4475
-4625
-5025
-3325
175
-550
-3050
-2750
-2650
-1450
400
1150
-600
-3225
-1850
-400
75
1000
-325
-2850
-3675
-2175
25
-700
-2050
-4300
-6075
-4800
-3075
-2900
-4975
-7825
-8850
-8475
-7425
-6775
-8550
-11375
-13425
-13375
-11150
-11750
-12900
-15175
-18475
-18275
-16550
-15100
-17500
-20350
-21375
-22825
-21275
-19225
-20400
-23825
-25900
-25075
-24625
-23800
-22550
-25050
-28650
-28375
-26000
-25025
-25225
-26350
-28475
-30200
-27600
-25025
-25850
-26775
-27975
-29050
-28200
-25650
-24075
-25575
-27650
-27450
-27300
-24525
-22700
-23850
-25050
-26325
-24850
-22625
-21450
-20850
-22350
-23200
-22600
-21025
-18150
-18150
-19575
-19775
-20100
-17950
-15975
-14850
-15650
-17675
-16300
-14850
-13550
-11700
-11975
-13400
-14225
-11750
-9400
-9225
-8875
-9200
-10825
-9675
-6000
-5350

-6350
-6400
-6375
-6900
-5100
-1725
-2450
-4600
-4000
-3800
-2775
-800
400
-1350
-3725
-1850
-675
-125
1000
200
-2300
-2800
-950
1100
175
-250
-1950
-4000
-2675
-750
-525
-2550
-4600
-5500
-5475
-4400
-3375
-5100
-7775
-9525
-9250
-7775
-7950
-8950
-11200
-14375
-14100
-12700
-11475
-13700
-16375
-17700
-19375
-17875
-15800
-17450
-20600
-22625
-22175
-22100
-21175
-20200
-23475
-26200
-25975
-24500
-24100
-23700
-24925
-27675
-29200
-26250
-24925
-26000
-26400
-27850
-29425
-28525
-25600
-24900
-26950
-27975
-27900
-28700
-26025
-23775
-24950
-26625
-27525
-25975
-24675
-23550
-22275
-24525
-25400
-24400
-22700
-20700
-20675
-21375
-22275
-22450
-20175
-18200
-17350
-18125
-19950
-18750
-17225
-16025
-14250
-14625
-15900
-16475
-14325
-12225
-11975
-11225
-11675
-13375
-11950
-8750
-8000
-8825
-8700
-8700
-9250
-7050

-4050
-4725
-6375
-5625
-5725
-4575
-2375
-1125
-2900
-4775
-2825
-1700
-1400
575
-250
-2550
-2625
-600
925
125
550
-925
-3050
-1450
750
775
-700
-2250
-3250
-3450
-1500
-675
-2525
-4475
-6200
-5850
-4800
-4525
-5175
-7625
-10225
-10175
-9225
-7925
-9675
-12125
-13700
-15225
-13975
-12400
-14125
-16550
-19000
-18700
-18925
-17875
-17200
-20550
-23200
-23125
-22275
-21875
-21775
-22450
-25825
-27775
-24825
-23575
-24875
-25450
-26650
-28600
-28150
-25275
-24750
-27125
-27750
-28175
-28975
-26700
-24725
-25475
-27650
-28575
-27175
-26075
-24800
-23775
-26175
-26900
-25875
-24625
-22550
-22825
-23025
-24350
-24500
-22275
-20600
-19825
-20475
-21825
-21475
-20000
-18275
-16700
-17575
-18250
-18600
-17075
-15050
-14625
-13725
-14525
-15900
-14300
-11750
-10700
-11150
-11125
-11400
-11850
-9375
-6800
-7650
-8500
-7825
-7950

-7125
-4650
-3325
-5125
-6425
-4475
-3725
-2950
-1025
-1800
-3475
-3575
-1525
0
-650
425
-1125
-2900
-1425
950
1275
25
-1075
-1750
-2325
-25
1200
-850
-2350
-3650
-3475
-2450
-1675
-1900
-4750
-6900
-6650
-5625
-4825
-5875
-8175
-10075
-11425
-9900
-8750
-10300
-12600
-14850
-14950
-15300
-14250
-13725
-16975
-19375
-19775
-19300
-18800
-18875
-19500
-23050
-24825
-22925
-21925
-22400
-23400
-25200
-27225
-26525
-24375
-24100
-26000
-26675
-27750
-28975
-26400
-24475
-25775
-28000
-28450
-27975
-27200
-25150
-24575
-27275
-28325
-26975
-25900
-24425
-24325
-24225
-26300
-26475
-24100
-22525
-21950
-22625
-23825
-23575
-22600
-20350
-19050
-19950
-20800
-20900
-19600
-17550
-17125
-16200
-17150
-18625
-16775
-14600
-13125
-13850
-13750
-14075
-14525
-11800
-9600
-10350
-11125
-10400
-10500
-9675
-7075
-5575
-7575
-8675

