
Curva de Excitacao - Bobina Girante (Dados Brutos)

Arquivo..............: C:\Arq\Ima\BobinaGirante_vs4.1\gap300_X=-20_#001.dat
Data.................: 25/01/2005
Hora.................: 13:34:44
Ganho................: 20
N. de Coletas........: 1
N. de Voltas.........: 10
Intervalo de Análise.: 4 - 8

-11700
-10950
-11775
-11700
-10475
-10100
-10325
-8425
-7475
-9275
-8325
-7425
-7275
-7125
-6150
-5200
-6625
-6500
-4775
-5125
-5000
-4125
-5075
-5500
-5000
-3525
-3900
-5200
-4175
-5400
-5700
-4700
-4525
-4700
-6425
-6850
-6650
-7200
-6600
-51000
-7900
-9600
-10325
-9025
-9650
-11275
-10925
-12750
-13800
-13175
-12900
-13975
-16050
-16150
-16950
-18425
-16725
-17000
-19225
-20625
-20850
-20700
-21625
-20700
-20925
-24325
-24325
-22800
-23950
-24325
-24475
-24300
-26775
-26875
-24250
-25625
-26400
-26400
-27350
-27800
-26925
-25150
-26050
-27950
-27025
-27200
-27675
-26000
-25750
-26050
-26975
-27075
-25925
-25875
-24800
-25025
-26050
-25550
-25175
-23775
-23275
-24050
-23675
-23425
-23725
-22300
-21700
-20950
-21450
-22200
-20300
-20675
-19525
-18350
-18775
-18950
-18650
-17025
-16750
-17350
-15075
-15575
-16500
-14375
-13450
-13450
-13450
-12150

-12550
-13225
-10375
-9475
-11050
-9800
-9250
-9275
-9125
-7550
-6500
-7975
-7525
-5975
-6525
-6150
-4550
-5200
-5825
-5675
-3925
-4025
-4775
-3375
-4375
-5325
-4050
-3650
-3575
-4675
-4375
-5250
-5850
-4525
-4675
-5400
-6675
-7475
-6950
-7150
-7625
-7550
-9225
-10575
-10300
-10050
-10675
-12050
-11900
-13450
-15575
-13500
-13800
-15475
-16700
-17375
-18125
-19050
-17525
-17625
-20800
-21575
-21175
-21800
-21775
-21900
-21700
-24525
-25325
-23375
-24450
-24350
-24125
-25875
-27050
-26550
-24575
-25500
-26775
-25975
-27525
-27700
-26025
-25750
-26275
-26775
-27175
-27025
-27000
-25175
-25300
-26725
-26400
-26675
-25175
-24650
-24825
-24525
-25050
-25000
-24000
-23300
-22750
-23025
-23225
-22375
-23100
-21150
-20100
-20975
-20825
-20775
-19425
-19075
-19225
-17125
-17900
-18500
-16950
-16075
-15800
-15675
-14350
-14625
-15825
-12875
-11850
-13400

-12125
-11200
-11600
-11675
-9400
-8750
-10375
-8825
-8000
-8875
-7850
-6050
-6625
-7125
-6675
-5325
-5575
-5625
-3975
-4975
-5675
-4325
-4050
-3925
-4325
-3750
-4450
-5700
-3675
-3650
-4150
-4775
-5500
-5550
-5800
-5225
-5275
-6700
-7325
-8100
-7825
-7775
-8825
-8725
-10000
-12150
-11125
-10850
-11850
-12975
-13975
-14850
-16350
-14775
-14400
-17250
-17975
-18425
-19425
-19450
-18950
-19175
-22000
-22425
-21750
-23100
-22200
-21975
-23750
-25525
-25650
-23500
-24475
-25475
-24575
-26475
-27450
-26150
-24900
-26100
-26900
-26125
-27250
-27875
-25675
-25000
-26825
-26925
-27100
-26300
-25750
-25400
-24900
-26125
-26025
-25325
-24900
-23750
-24300
-24175
-24050
-24750
-23250
-21850
-22225
-22350
-22450
-21550
-21250
-20950
-19050
-20075
-20100
-19175
-18750
-18100
-17750
-16300
-16925
-17800
-15475
-14650
-15250
-14125
-13575
-13800
-13950
-12025

-10900
-12150
-10825
-9875
-11250
-9925
-8075
-8100
-9000
-8075
-7125
-7775
-6700
-4800
-6025
-6475
-5300
-5100
-4850
-4450
-3525
-4275
-5625
-3825
-3425
-3675
-3600
-4100
-4275
-5100
-3850
-3350
-4975
-5075
-5575
-6075
-5850
-5900
-5675
-7225
-8700
-8450
-8625
-8775
-9175
-10075
-11475
-13150
-11750
-11450
-13875
-13875
-14775
-16500
-16750
-15950
-15775
-18775
-19200
-19000
-20875
-20225
-19200
-20725
-23025
-23375
-22350
-23275
-23400
-22475
-24825
-25650
-25275
-24600
-25050
-25600
-24975
-26750
-27650
-25700
-25300
-26250
-26200
-27000
-27325
-26675
-25450
-25200
-26825
-26175
-26050
-26550
-25375
-24800
-24600
-25350
-25775
-24625
-24075
-23400
-23350
-23700
-23550
-23250
-22550
-21025
-21850
-21425
-20775
-21325
-20400
-19550
-18225
-18950
-19825
-17750
-17500
-17450
-16000
-15650
-16100
-16275
-14325
-13700
-14450
-12625
-12050
-13600

-12325
-10300
-10200
-10950
-9700
-8950
-10250
-8600
-6700
-7725
-7900
-6525
-6625
-6700
-5625
-4200
-5125
-5975
-4250
-4325
-4250
-3500
-3625
-4225
-4875
-3300
-2900
-4050
-3250
-3875
-4850
-4875
-4075
-3750
-5200
-5500
-5975
-6750
-6350
-6200
-6850
-8150
-9650
-9050
-9000
-10250
-10150
-11150
-12850
-13500
-13050
-12675
-14875
-14950
-15675
-18100
-17275
-16550
-17625
-19525
-19975
-20125
-21425
-20700
-19925
-22425
-23425
-23125
-23425
-24000
-23800
-22925
-25225
-26525
-24875
-24950
-25500
-25200
-25500
-26950
-27275
-25225
-25050
-26700
-26225
-25925
-27300
-26125
-25325
-24900
-25725
-26300
-25725
-25725
-24400
-24225
-24475
-24525
-25000
-23900
-22750
-23300
-22800
-22425
-22825
-22475
-21475
-19950
-20450
-21325
-19650
-20125
-19275
-17700
-17825
-17900
-18400
-16575
-16075
-16525
-14700
-14225
-15500
-14600
-12925
-12600
-13050
-11750

-10900
-12625
-10775
-8750
-9725
-9900
-8075
-8450
-8875
-7350
-5525
-6975
-7075
-5350
-6025
-5625
-4150
-4000
-4875
-5025
-3875
-3425
-4125
-2850
-3250
-4000
-4250
-3425
-2775
-3875
-3675
-3925
-5325
-4750
-4125
-4700
-5575
-6575
-6425
-6975
-7225
-6775
-8100
-9275
-10075
-10325
-9975
-11250
-11100
-12025
-14675
-14375
-13550
-14475
-15850
-16425
-16825
-19125
-18025
-17025
-19550
-20500
-20475
-21100
-22250
-21550
-20675
-23050
-24525
-23300
-24300
-24075
-23625
-24050
-25750
-26600
-24700
-25100
-25825
-25225
-25900
-27075
-26525
-25600
-25175
-26000
-25975
-26025
-27150
-25300
-24250
-25325
-25400
-25575
-25125
-24625
-24225
-23400
-23950
-23950
-23825
-23475
-22100
-21975
-22200
-21450
-22450
-21300
-19825
-19975
-19850
-20025
-18700
-19000
-18775
-16450
-16800
-17625
-16600
-15650
-15325
-15175
-13500
-13500
-14825
-13050
-11350
-12225

-11625
-10150
-10450
-11275
-9625
-7875
-9050
-8550
-6750
-8000
-7925
-5800
-5400
-6250
-6100
-4550
-5050
-5250
-3125
-3750
-4575
-4150
-3875
-3275
-3500
-2675
-3075
-4725
-3925
-3250
-3375
-3700
-4425
-4450
-5425
-5325
-4450
-5425
-6525
-7000
-7475
-7725
-8425
-7575
-8800
-11050
-11025
-10950
-11300
-12125
-12800
-13300
-15925
-15100
-14375
-16250
-16800
-17300
-18475
-19825
-18925
-18250
-20625
-21425
-20975
-22825
-22675
-21625
-22225
-24200
-24875
-23550
-24525
-25000
-23675
-24875
-26450
-26275
-25100
-25325
-25950
-25075
-25900
-27500
-26175
-24900
-25650
-25725
-25950
-25725
-25900
-25525
-24075
-25025
-24875
-24925
-24725
-23800
-23525
-23200
-22875
-23925
-23275
-21750
-21525
-21450
-21625
-20425
-21075
-20800
-18800
-18950
-19125
-18575
-18175
-17875
-17450
-15500
-15700
-16975
-15250
-14300
-14600
-13725
-12500
-12725
-13400
-12000

-10425
-11450
-10300
-8825
-10225
-10175
-7750
-7225
-8125
-7350
-6075
-7225
-6900
-4450
-5050
-5575
-4750
-4625
-4675
-4175
-2700
-3300
-4725
-3450
-3375
-3275
-3000
-3125
-3425
-4650
-3850
-3200
-4175
-4100
-4600
-5500
-5825
-5775
-5275
-6150
-7350
-8025
-8575
-8700
-8700
-9425
-10000
-12300
-11900
-11550
-13300
-13200
-13550
-15125
-16925
-16250
-15325
-17500
-18075
-18000
-20275
-20700
-19300
-19400
-21725
-22475
-21750
-23250
-23525
-21900
-23325
-24650
-24925
-24550
-24725
-25075
-24175
-25400
-26925
-26025
-25075
-25575
-25650
-25625
-26150
-26650
-25800
-24500
-25825
-25275
-25125
-26075
-25375
-24575
-23725
-24225
-24775
-24175
-24050
-23075
-22525
-22900
-22325
-22750
-22600
-20625
-21200
-20675
-19825
-20400
-20275
-19725
-17400
-17875
-18750
-17100
-17125
-17325
-15750
-14575
-15175
-15525
-13900
-13375
-14000
-12250
-11150
-12400

