
Curva de Excitacao - Bobina Girante (Dados Brutos)

Arquivo..............: C:\Arq\Ima\BobinaGirante_vs4.1\gap300_X=-1_#020.dat
Data.................: 25/01/2005
Hora.................: 14:10:14
Ganho................: 20
N. de Coletas........: 1
N. de Voltas.........: 10
Intervalo de Análise.: 4 - 8

-8200
-7250
-7475
-6575
-8250
-8950
-7300
-4450
-4875
-6300
-4675
-4950
-4750
-2450
-2025
-4225
-5325
-4125
-2050
-1525
100
-1325
-5050
-5050
-3150
-1125
-525
-1825
-3250
-5975
-5325
-2850
-2650
-3600
-5925
-7225
-7275
-6100
-4600
-6375
-9675
-11250
-11475
-9300
-8250
-9875
-12000
-16125
-16075
-14100
-13300
-13775
-16500
-18275
-20425
-19850
-16850
-18225
-20575
-22375
-23750
-23500
-21450
-20500
-23100
-26900
-26400
-25375
-25175
-23225
-24325
-27375
-29225
-28050
-25700
-25675
-25600
-27125
-30050
-28925
-26475
-25350
-25950
-27950
-28275
-28625
-26875
-23975
-25150
-26375
-27525
-27900
-25325
-23775
-22450
-24200
-26125
-25500
-24425
-21600
-20675
-21950
-22550
-23025
-22250
-19650
-18625
-18825
-20225
-20575
-19050
-17925
-15325
-15200
-17425
-17775
-16450
-14500
-13275
-12350
-12675
-14700
-14200
-11150
-10325
-9875
-9200
-10600

-11425
-9525
-6350
-6350
-7975
-6900
-7775
-7450
-4225
-3225
-4225
-5975
-5350
-4275
-4050
-975
-1450
-4175
-4500
-3475
-2075
-1175
-1150
-2400
-4900
-3925
-1750
-1650
-1775
-3575
-5250
-5825
-4425
-2275
-3375
-6050
-7800
-8975
-7225
-6075
-6100
-8325
-11800
-12425
-11275
-10650
-10150
-12500
-14550
-16950
-16825
-13775
-14700
-16625
-18975
-20750
-21050
-19375
-17400
-19850
-23375
-24075
-24225
-23300
-21475
-22125
-25275
-27550
-27175
-25275
-25000
-24050
-25775
-29400
-28825
-26775
-25075
-25800
-26975
-28175
-30125
-27725
-24850
-25725
-26825
-27650
-28650
-27625
-25725
-23100
-24900
-27425
-26650
-26350
-23850
-22500
-23125
-23975
-25600
-24275
-21650
-20750
-20675
-21650
-22575
-21850
-20600
-17575
-17225
-19250
-19600
-19275
-17425
-16050
-14500
-14850
-17100
-16400
-14125
-13025
-12200
-11475
-12775
-13875
-12325
-8900
-8600
-9775

-8775
-10150
-9975
-6700
-5125
-5925
-7075
-6800
-6525
-6175
-2225
-2400
-4850
-4975
-4525
-3125
-2075
-750
-1925
-4700
-3650
-1750
-1500
-650
-1700
-3400
-4675
-3300
-775
-1600
-3025
-4475
-6350
-5225
-3950
-3150
-4825
-7925
-8675
-8450
-7425
-6500
-8250
-10300
-12775
-13275
-11050
-10975
-12125
-14250
-17200
-17650
-16325
-14150
-16200
-19175
-20300
-21750
-21050
-18700
-19025
-22400
-24700
-24500
-23825
-23275
-22050
-23300
-27625
-27875
-25950
-24575
-24650
-25650
-27200
-29750
-28150
-25200
-25500
-26250
-27450
-28750
-28700
-26675
-24125
-25475
-27450
-27575
-27850
-25750
-23500
-24125
-25225
-26950
-25775
-24150
-22900
-21775
-23300
-23925
-24000
-23000
-20225
-19525
-20575
-21225
-21700
-20075
-18400
-17000
-16950
-18950
-18275
-17175
-16100
-14350
-13825
-14900
-16100
-14975
-12075
-11350
-11600
-10900
-12550
-12525
-9450
-7900

-8000
-8975
-8175
-8775
-8725
-4625
-4600
-6200
-6300
-6050
-5225
-3750
-1675
-2650
-5525
-4200
-2900
-2375
-1025
-1225
-2775
-4500
-3175
-800
-1175
-1375
-2200
-4600
-4225
-2550
-1400
-2625
-4650
-5625
-6075
-5275
-4025
-4875
-6875
-9175
-9675
-8225
-8100
-8025
-10325
-13250
-14025
-13100
-11200
-12275
-15050
-16250
-18575
-18050
-16250
-15950
-18375
-21300
-21600
-21700
-21275
-19750
-20900
-24625
-25500
-24625
-23575
-23300
-23675
-25625
-28525
-27175
-24825
-25300
-25250
-26800
-28100
-28825
-27100
-24475
-26100
-27000
-27625
-28750
-27150
-24825
-24525
-26075
-27825
-26725
-26075
-24975
-23000
-24250
-25300
-25875
-24625
-22350
-21800
-21800
-22800
-23800
-22400
-20950
-19175
-19025
-20750
-20350
-19550
-18700
-16850
-16225
-16825
-18175
-17400
-14900
-14350
-13475
-13125
-14625
-14900
-12250
-10600
-10500
-10950
-10325
-11000
-11075

-7350
-6875
-7775
-7825
-7875
-7200
-6350
-3550
-3825
-6475
-5250
-4400
-3925
-2275
-1675
-2850
-4625
-3425
-1550
-1325
-1025
-1400
-3625
-3700
-1900
-500
-1250
-2650
-3350
-4625
-3725
-1875
-2375
-4000
-5950
-6575
-5925
-5475
-4700
-6475
-9025
-10400
-10075
-8375
-8650
-10625
-12375
-14675
-14600
-13050
-12800
-14400
-17275
-17925
-18975
-18225
-16650
-18050
-21100
-22350
-22175
-22125
-20950
-20800
-23275
-26250
-25800
-23675
-24175
-23800
-25125
-26800
-28250
-26875
-24300
-25650
-26475
-27075
-28800
-27850
-25675
-24575
-26275
-28150
-27450
-27225
-26125
-24025
-25250
-26175
-26525
-26450
-24300
-23525
-22950
-24050
-25325
-24500
-22950
-21075
-20850
-22375
-22225
-21950
-20950
-19025
-18325
-18925
-19775
-19675
-17850
-17050
-15375
-15400
-16950
-17025
-15125
-13400
-12925
-12900
-12700
-13675
-13325
-10000
-9400
-10075
-9600
-10150

-10025
-8650
-5475
-5775
-8225
-6625
-6625
-6025
-3900
-2925
-4200
-5775
-4175
-3000
-2750
-1050
-1550
-4000
-3850
-2025
-700
-800
-1375
-2100
-3975
-2825
-750
-900
-1800
-3400
-4350
-4325
-3425
-2075
-3350
-5775
-6900
-7175
-5950
-5475
-6525
-8475
-11075
-10950
-9925
-9400
-10275
-12850
-14125
-15525
-15250
-13075
-14375
-16725
-18800
-19275
-19225
-18475
-17500
-20000
-23025
-23275
-22075
-22075
-21525
-22600
-24975
-26475
-25550
-23675
-24500
-24625
-25750
-28400
-27625
-25425
-24450
-25875
-27400
-27525
-28475
-26475
-24300
-25425
-26800
-27250
-27325
-26175
-24850
-23525
-24850
-26725
-25850
-24950
-22950
-22350
-23175
-24000
-24525
-22925
-20925
-20400
-20375
-21575
-21975
-20475
-19525
-17425
-17075
-18975
-19225
-18000
-16025
-15200
-14975
-14775
-16300
-15725
-12725
-12025
-12075
-11650
-12200
-12975
-11325
-7950
-7925
-9900

-8800
-9175
-8700
-6325
-4825
-5475
-7175
-5550
-5675
-5075
-1650
-2725
-5125
-4375
-2825
-2175
-1675
-325
-2250
-4350
-2475
-375
-700
-650
-1575
-3075
-3750
-2075
-300
-1400
-3025
-4150
-5125
-4075
-3150
-2975
-4850
-7650
-7950
-6500
-6400
-6975
-8025
-10075
-12450
-11600
-9325
-11150
-12800
-13775
-16125
-16800
-14800
-13575
-17100
-19400
-19100
-20375
-20225
-17950
-18950
-23150
-24000
-22675
-22925
-23200
-21675
-23400
-27875
-26250
-24225
-24325
-25125
-25225
-26850
-29200
-26175
-24225
-25800
-26650
-26975
-27975
-27625
-25525
-24050
-25800
-27250
-26700
-26800
-24625
-23225
-24125
-25275
-26100
-24550
-23050
-22325
-22025
-23250
-23400
-23075
-21775
-19275
-19475
-20950
-20750
-20300
-19200
-17575
-16300
-17375
-18925
-17275
-15675
-15500
-14075
-13350
-15000
-15675
-13100
-10950
-11700
-11425
-10075
-12350
-11750
-7700
-7375

-8775
-8450
-7275
-8300
-7600
-3500
-4625
-6575
-5450
-4800
-4250
-3200
-1100
-2875
-4950
-3050
-1850
-1675
-950
-800
-2725
-3675
-1900
0
-900
-1300
-2125
-3625
-3150
-1425
-1025
-2550
-4750
-4850
-5125
-4200
-3775
-4750
-6850
-8925
-8350
-6975
-7825
-8575
-9775
-12550
-13425
-11700
-10375
-13075
-15100
-15275
-17475
-17350
-14975
-15900
-19325
-20775
-19875
-20975
-20725
-19175
-21125
-24950
-24325
-23050
-23375
-23125
-23375
-25725
-28175
-25325
-23850
-25400
-25450
-26050
-27750
-28225
-25725
-24125
-26575
-26800
-26825
-27950
-26250
-23925
-24675
-26450
-27150
-25650
-25000
-24300
-22850
-24325
-25200
-25000
-23500
-21650
-21650
-21925
-22400
-22800
-21675
-19925
-18675
-19375
-20750
-19400
-18550
-18325
-16450
-15750
-17100
-17900
-15850
-14150
-14225
-13325
-12650
-14950
-14025
-10775
-10150
-10850
-10550
-9825
-10925
-9975

