
Curva de Excitacao - Bobina Girante (Dados Brutos)

Arquivo..............: C:\Arq\Ima\BobinaGirante_vs4.1\gap300_X=16_#037.dat
Data.................: 25/01/2005
Hora.................: 14:37:28
Ganho................: 20
N. de Coletas........: 1
N. de Voltas.........: 10
Intervalo de Análise.: 4 - 8

-7475
-4600
-4200
-4625
-4600
-5325
-6950
-3875
-1725
-3250
-2750
-1975
-2375
-2425
-1400
-975
-3150
-2800
-600
-175
-150
100
-2350
-4025
-3425
-775
-75
-1575
-1925
-4525
-5600
-4675
-3350
-3275
-5800
-7100
-7400
-7850
-7100
-7425
-9325
-11900
-12925
-10900
-10450
-12400
-13025
-15875
-18225
-17225
-15600
-15500
-18250
-19325
-21075
-23125
-20825
-19825
-21825
-24025
-24900
-24675
-25325
-24025
-23575
-27700
-28475
-26975
-27075
-26725
-26275
-26825
-30150
-30575
-27375
-27575
-27425
-27650
-28850
-30150
-29125
-26500
-26900
-28575
-27875
-27850
-27975
-25750
-25300
-25800
-27150
-27225
-25325
-24225
-22675
-22850
-24450
-24675
-23925
-21625
-20075
-20700
-20925
-20875
-20975
-19325
-17800
-16900
-17925
-19000
-16500
-16250
-14875
-13250
-14450
-15500
-15025
-11850
-11050
-11350
-9800
-11025
-12700
-9750
-7825
-7375
-7700
-7225

-7650
-8375
-5075
-3400
-5625
-5350
-4300
-4300
-3800
-1700
-1350
-3900
-3825
-1750
-1675
-975
300
-1475
-3075
-2600
-575
-450
-1150
-850
-2650
-3275
-2075
-1475
-1575
-3825
-4425
-4700
-5050
-3550
-4075
-5850
-8225
-9125
-7550
-7575
-8225
-9150
-11725
-13625
-12975
-11775
-12575
-14700
-15375
-17000
-19050
-16825
-16450
-19025
-20975
-21600
-21550
-22525
-20775
-21125
-25325
-26350
-24625
-24975
-25050
-24925
-25375
-28950
-29150
-26200
-27125
-26750
-27150
-28875
-30000
-28975
-26300
-27400
-28775
-28200
-29250
-28775
-26750
-26075
-27325
-28100
-28075
-26875
-26375
-24400
-24550
-26650
-26275
-25375
-23475
-22700
-22975
-22900
-23650
-22750
-21150
-20050
-19425
-20525
-20800
-19275
-18800
-17025
-15650
-17275
-17900
-16925
-14450
-13875
-13925
-12300
-13975
-14525
-11700
-10150
-10225
-10350
-9275
-10325
-10425
-6725
-5800
-7950

-7225
-6400
-6175
-5500
-3200
-2800
-5875
-4550
-2875
-3100
-1850
-400
-2100
-3575
-2500
-325
-625
-675
-150
-2075
-2600
-575
75
-525
-1750
-2050
-2600
-3000
-850
-1675
-3375
-4725
-5550
-4525
-4600
-4600
-5625
-8300
-9375
-8625
-8050
-8800
-10600
-11525
-13125
-14500
-12675
-12700
-14800
-16775
-17775
-17950
-18725
-17300
-18075
-22000
-22425
-21975
-22175
-22250
-22225
-23575
-26825
-26075
-24275
-25600
-25575
-25625
-28175
-29175
-27675
-25275
-26950
-28500
-27925
-29650
-28925
-27125
-26250
-28150
-29225
-28200
-28050
-27650
-25725
-25875
-28175
-27825
-26825
-25000
-24450
-24750
-24975
-26050
-24725
-23100
-22325
-21675
-22925
-22825
-21850
-21250
-19625
-18500
-19600
-20300
-19225
-17225
-16525
-16475
-15300
-16850
-16650
-14050
-13125
-12800
-13025
-12125
-13000
-12800
-9050
-8650
-10375
-9450
-8900
-8725
-7625
-5200

-5575
-7625
-6125
-4625
-5150
-3575
-2050
-3725
-5050
-3025
-1275
-1925
-1075
-900
-2625
-2750
-175
275
-450
-1025
-1225
-1925
-1825
550
-250
-1650
-2375
-3175
-2350
-2175
-1850
-2900
-5450
-5500
-5300
-4725
-5325
-6750
-7975
-9600
-9875
-8775
-9025
-10900
-12375
-13825
-14075
-14425
-13300
-14325
-18075
-18500
-18100
-18725
-18775
-18950
-20375
-23875
-22975
-21425
-23100
-23200
-23400
-25975
-27300
-25750
-23725
-25775
-27550
-26950
-28925
-28000
-26125
-26100
-28025
-29250
-28200
-28625
-27775
-25975
-27075
-28900
-28625
-27600
-26550
-25825
-25775
-26675
-27900
-26300
-24325
-24450
-23800
-24700
-24775
-24325
-23325
-21225
-21525
-21850
-22025
-21725
-19950
-18950
-18425
-18050
-19550
-18975
-16625
-16000
-15375
-15650
-14800
-15575
-15025
-11625
-11650
-12875
-11850
-11650
-11350
-10025
-7500
-8050
-10075
-8300
-7275
-7475

-5700
-4200
-5775
-6875
-4850
-2975
-3600
-2550
-2000
-3900
-3675
-925
-525
-1275
-1425
-1150
-2150
-1675
1250
550
-1300
-1350
-1700
-1450
-825
450
-825
-3375
-2900
-2800
-2400
-2500
-3375
-4625
-6600
-6100
-5050
-5825
-7125
-8525
-9700
-10325
-10225
-9300
-10625
-13975
-14175
-14600
-14950
-14675
-15125
-16950
-20225
-19300
-18450
-19925
-19700
-20600
-23225
-24200
-23050
-21875
-24225
-24575
-24975
-27600
-26575
-24450
-25300
-27675
-27975
-27175
-28350
-27725
-25250
-27450
-29125
-28775
-27625
-27575
-27100
-25800
-27650
-29250
-27250
-25575
-26250
-25475
-26125
-26275
-26225
-24925
-23000
-23850
-23850
-23975
-23800
-22525
-21300
-20300
-20850
-21950
-20950
-19350
-18725
-17875
-17750
-17650
-18150
-17500
-14575
-14775
-14850
-14075
-14475
-13925
-12475
-10275
-11125
-12400
-10500
-9950
-9975
-7825
-6975
-8225
-8750
-6625

-5525
-5875
-4000
-3950
-6025
-5000
-2525
-2125
-2700
-2150
-2050
-3425
-2025
525
-375
-1475
-800
-1150
-1300
-25
1200
-275
-2300
-1150
-1075
-825
-325
-1175
-2600
-3975
-3025
-2275
-3000
-3600
-5100
-6375
-6925
-6550
-5800
-7225
-9525
-10125
-10700
-10950
-10575
-11375
-13450
-15900
-15000
-14550
-16300
-16075
-17325
-19800
-20675
-19550
-19025
-21375
-21600
-22200
-24800
-24225
-22375
-23400
-25600
-26300
-25650
-26800
-26525
-24700
-26725
-28225
-28100
-27325
-27450
-27075
-26150
-28350
-29225
-27600
-26800
-26850
-26375
-27100
-27800
-27475
-25875
-25025
-25550
-25375
-25350
-25975
-24300
-23150
-22450
-23100
-23800
-22750
-22075
-20725
-20075
-20175
-20425
-20350
-19450
-17125
-17550
-17200
-16575
-17350
-16400
-14900
-12875
-13725
-14800
-12950
-12800
-12275
-10175
-9625
-10700
-10975
-8775
-8175
-8425
-6275
-6350
-8150

-6875
-4525
-4225
-4700
-3650
-3750
-4950
-3050
-750
-1750
-2375
-1550
-1825
-1975
-450
1025
-500
-1650
-550
-550
-325
775
-25
-1300
-2050
-1075
-325
-1350
-1025
-2550
-3700
-3900
-3150
-2725
-4275
-5700
-6400
-7275
-7225
-6650
-7325
-9600
-11425
-11100
-10950
-12175
-11900
-13350
-15900
-16375
-15950
-15550
-17825
-17750
-19025
-21650
-20725
-19600
-20725
-22825
-23425
-23725
-25125
-23750
-22825
-25625
-26650
-26000
-26575
-27075
-26000
-25175
-28150
-29075
-26850
-27250
-27300
-26775
-27175
-28700
-28600
-25900
-26150
-27175
-26600
-26575
-27575
-25950
-24600
-24175
-25125
-25500
-24675
-24375
-22725
-22125
-22450
-22675
-22700
-21150
-19950
-19975
-19675
-19400
-19725
-18775
-17325
-15775
-16425
-17425
-15550
-15675
-14625
-12775
-12625
-13600
-13625
-11225
-10950
-10950
-8750
-9100
-10725
-9050
-7150
-6900
-7125
-5925

-6025
-7200
-4550
-2850
-4100
-4275
-2950
-3300
-3400
-1300
-225
-2075
-2225
-750
-1300
-625
1050
250
-1400
-1250
-25
225
-275
525
-1025
-2150
-1600
-1125
-800
-2050
-2575
-3525
-4500
-3600
-3525
-4375
-6200
-7600
-7325
-7575
-7825
-8300
-9850
-11975
-12100
-11825
-12100
-13675
-14100
-15350
-18025
-16950
-15975
-17575
-19500
-20050
-20425
-22425
-20875
-20225
-23325
-24525
-23875
-24525
-25125
-24400
-23925
-26950
-28000
-25775
-26675
-26525
-26175
-27025
-28825
-28350
-26075
-26800
-27400
-26925
-27775
-28225
-26950
-25525
-26025
-26650
-26550
-26275
-26200
-24275
-23625
-25000
-24875
-24325
-23225
-22500
-22100
-21725
-22250
-21925
-20850
-19725
-18700
-19050
-19325
-18350
-18325
-17050
-15250
-15825
-16325
-15975
-13875
-13775
-13650
-11475
-12350
-13125
-11325
-9850
-9625
-9625
-8225
-8825
-9575
-6550
-5300
-6600

