
Curva de Excitacao - Bobina Girante (Dados Brutos)

Arquivo..............: C:\Arq\Ima\BobinaGirante_vs4.1\gap300_X=-14_#007.dat
Data.................: 25/01/2005
Hora.................: 13:45:21
Ganho................: 20
N. de Coletas........: 1
N. de Voltas.........: 10
Intervalo de Análise.: 4 - 8

-12550
-10400
-9425
-8725
-8600
-9500
-11375
-8925
-6675
-7475
-6025
-6100
-6700
-6775
-5375
-4325
-5600
-5900
-4550
-4425
-3575
-2250
-3900
-5200
-5900
-3925
-2925
-2975
-2375
-4525
-6450
-6000
-5150
-3950
-4600
-5625
-7025
-7975
-7250
-6550
-7450
-9050
-10825
-10375
-10275
-10525
-9850
-12150
-14625
-15375
-14800
-13875
-14400
-15000
-17400
-20400
-19225
-17900
-18500
-19200
-20925
-22325
-23200
-22125
-20600
-23300
-24450
-24450
-25775
-24925
-23725
-23275
-26375
-28250
-26550
-27000
-25825
-24925
-26375
-28150
-28625
-26800
-26300
-26700
-25900
-27125
-28500
-26750
-26125
-25425
-26050
-27300
-26550
-26350
-24575
-23775
-24500
-25250
-26300
-24875
-23100
-22950
-21850
-22225
-23925
-23000
-22050
-20175
-20275
-20600
-20300
-20750
-19575
-17300
-17275
-18025
-18350
-17300
-16650
-16100
-13250
-14100
-16100
-14625
-13875
-12850
-11450
-10850

-11200
-13250
-10400
-9125
-10000
-8250
-8025
-9225
-8900
-6625
-5275
-6875
-6400
-6100
-7025
-5300
-3200
-3475
-4925
-5200
-4750
-4450
-3925
-2075
-3450
-4900
-4425
-4525
-3400
-3525
-3425
-5200
-6575
-5075
-4750
-5100
-5675
-7500
-8050
-8400
-7675
-6925
-8550
-10225
-11775
-12000
-11550
-11575
-11125
-13500
-16400
-15825
-15250
-15575
-15750
-16950
-19325
-20850
-19350
-18300
-20425
-21050
-22075
-23675
-23225
-22300
-21700
-23850
-25925
-25200
-26375
-24900
-23725
-25275
-26875
-27900
-26675
-26825
-26150
-25025
-27275
-28200
-27350
-26825
-26375
-25850
-26300
-27400
-28125
-25650
-24850
-25675
-25325
-26625
-26200
-25200
-24150
-23200
-24125
-24525
-24600
-23975
-22375
-21850
-21525
-21925
-22900
-21350
-19800
-20075
-19325
-19700
-19300
-19425
-18275
-16050
-16450
-17275
-16350
-16250
-15425
-13825
-12875
-13500
-15175
-12750
-11725
-12150

-10050
-10025
-11025
-10950
-9175
-7625
-8625
-7050
-7325
-9025
-7125
-5100
-4950
-5525
-5350
-5375
-5625
-4525
-2525
-3500
-4225
-4200
-4700
-3675
-2850
-2250
-3625
-5350
-4175
-3875
-3650
-3025
-4525
-5550
-6450
-5575
-5000
-5775
-6275
-7850
-9000
-8750
-8800
-8100
-9450
-12050
-12225
-12625
-12475
-12150
-13075
-15100
-17250
-16150
-15975
-17125
-16750
-18175
-20700
-20850
-19875
-19775
-21200
-21975
-22675
-25100
-23375
-21925
-23475
-24850
-25725
-25375
-26275
-25800
-23800
-26125
-27275
-26900
-27125
-26575
-26000
-25300
-27250
-28550
-26675
-25925
-26125
-25325
-26550
-27125
-26725
-26025
-24425
-25025
-24900
-25550
-25725
-24350
-23500
-22975
-22800
-24200
-23475
-22325
-21700
-21050
-21225
-21075
-21500
-20900
-18450
-18650
-18650
-18200
-18700
-18175
-16875
-15250
-15650
-16225
-15050
-14800
-14725
-12425
-12175
-12950
-12850
-11800

-10500
-10800
-8725
-8775
-10800
-9325
-7675
-7225
-7050
-6250
-6325
-7650
-6075
-4200
-4900
-4675
-4150
-4850
-4700
-3400
-2300
-3050
-4225
-3575
-3750
-3300
-2150
-3000
-3550
-4775
-4200
-3700
-4125
-3750
-4950
-6375
-6475
-6150
-5350
-6400
-7800
-8675
-10050
-9575
-8975
-9400
-10975
-13100
-12775
-13225
-13950
-13300
-14175
-16800
-17700
-17100
-17075
-18100
-17950
-19300
-22025
-21300
-20050
-20900
-22150
-22700
-23700
-24700
-24225
-22300
-24425
-25125
-25250
-26500
-26025
-25225
-24400
-26450
-27325
-26600
-26750
-25975
-25100
-26175
-27225
-27275
-26350
-25650
-25900
-24750
-25800
-26825
-25675
-24950
-23950
-24075
-24875
-24375
-24550
-23425
-22500
-22450
-22500
-22925
-22500
-20975
-20925
-20125
-19550
-20925
-20350
-19125
-17450
-17600
-18100
-16825
-17625
-17075
-14750
-14250
-15075
-14775
-14075
-13475
-13600
-10850
-10925
-12750

-11325
-10075
-9825
-9250
-7875
-8125
-9975
-7725
-6250
-7000
-5925
-5300
-6300
-6625
-4450
-3275
-4175
-4300
-3850
-4725
-3975
-2075
-2450
-3225
-3825
-3475
-3425
-3475
-1975
-3150
-4675
-4675
-4575
-3800
-4250
-4550
-5950
-7525
-6875
-6450
-6575
-7625
-9200
-9650
-10450
-10750
-9925
-10775
-12425
-13850
-14300
-14150
-14925
-14325
-15800
-18700
-18150
-17775
-18625
-18750
-19475
-21100
-22725
-21725
-20400
-22650
-22675
-23100
-25250
-25150
-24150
-23000
-25100
-26375
-25350
-26650
-25850
-24750
-25325
-27000
-27575
-26200
-26050
-26300
-25050
-25875
-27525
-26675
-25750
-24800
-24825
-25525
-25625
-26200
-24700
-23800
-23700
-23425
-24550
-24100
-23200
-22625
-21775
-21375
-22350
-22200
-21275
-19875
-19550
-19650
-18900
-20000
-19250
-17000
-16975
-16700
-16675
-16225
-16225
-15850
-13300
-13475
-14475
-13500
-13025
-12400
-11475
-10125

-10050
-11900
-9875
-8675
-9225
-7625
-7200
-7925
-8325
-6450
-5175
-5950
-5100
-4850
-6225
-5150
-3225
-3350
-3850
-3700
-3575
-3800
-3400
-1800
-2550
-3525
-3500
-3950
-3075
-2925
-2725
-3600
-5450
-5125
-4475
-4675
-4550
-5800
-6650
-7975
-7825
-7025
-7825
-8650
-10075
-11100
-11350
-11650
-10775
-12075
-14750
-14875
-14800
-15450
-15700
-15900
-17625
-19825
-18950
-18350
-20000
-20025
-20275
-22425
-23425
-22250
-21700
-22850
-24075
-23775
-25775
-24850
-23800
-24800
-25500
-26400
-25775
-26250
-26000
-24800
-26025
-27000
-26800
-26375
-26100
-25425
-25300
-26050
-27225
-25525
-24825
-25150
-24500
-25075
-25250
-25025
-24125
-23050
-23375
-23100
-23425
-23500
-22075
-21675
-20900
-20600
-21775
-21050
-19400
-19300
-18800
-18375
-18275
-18825
-18100
-15550
-15925
-16225
-15100
-15525
-15400
-13750
-12400
-12600
-13675
-11750
-11550
-11650

-9750
-9250
-9850
-10150
-8500
-7550
-8075
-6425
-5975
-7925
-6675
-5025
-4725
-4925
-4100
-4150
-5325
-4300
-2425
-3200
-3100
-2825
-3600
-3550
-2475
-1725
-2575
-3875
-3275
-3550
-3300
-2750
-3475
-4300
-5550
-5250
-4875
-5300
-5550
-6475
-8000
-8625
-8500
-7725
-8775
-10475
-11200
-12225
-12350
-12125
-12475
-13975
-15825
-15725
-15850
-17200
-16450
-16975
-19450
-20275
-19675
-19750
-20575
-21025
-21475
-24025
-23300
-21950
-23125
-23900
-24450
-24525
-26050
-25500
-23425
-25250
-26150
-26000
-26450
-26425
-25725
-24575
-26150
-27450
-26200
-25700
-26125
-24975
-25175
-25900
-26325
-25650
-24325
-24625
-23725
-24675
-24900
-24125
-23425
-22400
-22300
-23300
-22700
-21950
-21700
-20725
-20350
-19950
-20550
-20175
-18550
-18350
-18025
-17100
-17950
-17650
-16275
-14900
-14875
-15225
-14150
-14375
-14575
-12150
-11375
-11950
-11925
-10975

-10500
-10975
-8100
-7925
-9825
-8525
-7250
-7175
-6875
-5300
-5550
-7125
-5650
-3850
-4475
-3950
-3225
-4500
-4875
-2925
-2100
-2450
-3175
-2925
-3600
-3350
-2050
-2100
-2850
-4000
-3975
-3675
-4175
-3125
-3775
-5450
-6000
-6175
-5550
-6125
-6625
-7725
-9375
-9325
-9125
-9075
-10250
-11900
-12400
-13050
-14075
-13000
-13650
-15575
-17250
-16800
-17275
-17850
-17475
-18150
-21300
-21225
-19975
-21075
-21425
-21700
-22775
-24525
-24150
-22425
-23850
-24150
-24575
-26050
-25925
-25225
-24025
-25525
-26625
-26000
-26575
-26200
-24950
-25325
-26375
-26900
-26025
-25475
-25825
-24100
-24775
-26375
-25400
-24600
-23800
-23700
-23675
-24025
-24325
-23125
-22175
-22000
-21875
-22250
-22075
-20675
-20825
-19600
-18825
-19775
-19825
-18850
-17375
-17400
-17275
-16050
-16875
-16950
-14525
-14175
-14425
-13650
-13450
-13350
-13250
-10525
-10250
-11600

