
Curva de Excitacao - Bobina Girante (Dados Brutos)

Arquivo..............: C:\Arq\Ima\BobinaGirante_vs4.1\gap300_X=10_#031.dat
Data.................: 25/01/2005
Hora.................: 14:27:40
Ganho................: 20
N. de Coletas........: 1
N. de Voltas.........: 10
Intervalo de Análise.: 4 - 8

-6375
-7275
-8025
-6625
-5200
-4875
-5275
-3525
-4150
-5525
-2950
-2175
-3125
-2800
-2125
-2250
-2725
-1075
-625
-2450
-2000
-1425
-2375
-1550
-675
-1550
-2650
-3525
-2600
-3050
-3100
-3000
-4625
-4850
-5775
-5575
-5700
-7400
-7500
-8075
-9225
-9450
-9725
-10000
-12300
-13225
-12925
-14100
-14325
-14350
-16050
-17750
-18450
-17800
-18725
-20175
-19650
-21050
-23200
-22175
-21950
-23500
-24500
-23950
-25075
-26875
-24700
-24275
-27400
-27550
-27000
-27225
-27500
-26950
-26200
-29150
-28450
-27425
-28375
-27400
-26950
-27250
-28475
-28400
-26350
-26475
-26900
-25975
-26975
-26450
-25750
-24975
-24400
-25325
-24250
-24425
-24125
-22550
-22425
-22050
-22125
-22400
-21025
-19975
-19775
-19275
-18975
-18750
-18475
-17350
-16025
-16825
-16100
-14925
-15625
-14500
-12775
-12650
-13425
-12625
-11050
-11400
-10925
-8650
-9775
-10025
-8300
-7475

-7500
-7150
-5400
-6150
-7225
-4300
-4050
-4625
-3825
-3250
-3425
-3850
-1575
-1325
-3100
-1925
-1400
-2250
-1575
-100
-775
-2350
-2075
-1175
-1750
-1350
-975
-2600
-2925
-3125
-2775
-3250
-4175
-4075
-5425
-6025
-5800
-6425
-6600
-8150
-9100
-9350
-10350
-10350
-10600
-12150
-13700
-14500
-13800
-15125
-16075
-15925
-17800
-19400
-18900
-18750
-19850
-21250
-21175
-22350
-24175
-22700
-22325
-24650
-25225
-25150
-25950
-26075
-25475
-25450
-28025
-27425
-26550
-27875
-27100
-26900
-27350
-28925
-28425
-26700
-27825
-27275
-26450
-28050
-27875
-26550
-26050
-26225
-26575
-25450
-25950
-26150
-24150
-24100
-23975
-24025
-23950
-22975
-22525
-21700
-21350
-21675
-21375
-20675
-19675
-18525
-19225
-18225
-17650
-18400
-16950
-15675
-15325
-15650
-15025
-13775
-14050
-13350
-11300
-12550
-12475
-10750
-9975
-10200
-9575
-7825
-8550
-9425

-6450
-6300
-6725
-5600
-5175
-5250
-5675
-3050
-3025
-4300
-2775
-2550
-2950
-2375
-900
-1275
-2475
-1375
-825
-1700
-675
-275
-1800
-2075
-1450
-1100
-1425
-2325
-1850
-3075
-3650
-2925
-3475
-3800
-4950
-5575
-5975
-6950
-6650
-7075
-8450
-9600
-10500
-9925
-11200
-12125
-11875
-13925
-15225
-14875
-15025
-16350
-17500
-17425
-19075
-20650
-19250
-19525
-22025
-22075
-22225
-24025
-23975
-22650
-23700
-26350
-25375
-24850
-27100
-26200
-25625
-26375
-28300
-27675
-26125
-27875
-27275
-26400
-28225
-28525
-27225
-26000
-27175
-27450
-26500
-26925
-27200
-25375
-25750
-25650
-25500
-25525
-24800
-24625
-23200
-23325
-23700
-23075
-22875
-21525
-20875
-21250
-20625
-20200
-20325
-19150
-18300
-17725
-18025
-17475
-16575
-16900
-15375
-13950
-15175
-14800
-13300
-12500
-12700
-12000
-10300
-11250
-11600
-8825
-8925
-9125
-7875
-7500

-7750
-7725
-4825
-4975
-6575
-4400
-4100
-5000
-3500
-2075
-2550
-3850
-2000
-1600
-2800
-850
-575
-1850
-2100
-525
-700
-1075
-950
-625
-2075
-1900
-975
-1600
-2250
-2500
-2800
-3650
-4325
-3400
-4250
-5375
-5975
-6825
-6800
-7525
-7875
-8425
-10250
-10925
-10900
-11525
-12525
-13375
-13700
-15525
-16575
-15525
-16300
-18325
-18550
-19150
-20525
-21000
-19900
-21200
-23875
-22950
-23000
-24450
-24050
-23825
-25300
-26400
-26250
-25325
-27100
-25950
-25950
-28100
-27875
-26875
-26450
-27550
-27500
-26750
-28325
-27350
-25825
-26775
-27000
-26650
-26450
-26625
-26050
-24075
-25000
-25725
-24675
-24500
-23800
-22950
-22950
-22675
-22750
-21975
-21300
-20700
-20125
-20125
-19900
-19075
-18975
-17575
-16575
-17625
-17300
-15925
-15275
-15100
-14125
-13100
-14175
-13600
-11500
-11600
-11475
-10200
-9975
-10250
-10050
-7100
-7575
-8850

-6525
-6550
-6700
-5400
-4100
-4525
-5475
-3450
-3225
-4000
-1900
-1600
-2775
-2750
-1225
-1000
-1475
-800
-600
-1975
-1275
-300
-725
-1050
-900
-1400
-2000
-2275
-1150
-2125
-2975
-3325
-3875
-3900
-4375
-4600
-5250
-6875
-7300
-7375
-7700
-8650
-9525
-10000
-11700
-12525
-11850
-12550
-14300
-14850
-15750
-16875
-17350
-16450
-18150
-20200
-19675
-20100
-21750
-21325
-21200
-23175
-24475
-23750
-23475
-25600
-24400
-24375
-26750
-27100
-25925
-25425
-27150
-26875
-26325
-28375
-27750
-26125
-26775
-27600
-27475
-26650
-27450
-27175
-25525
-26200
-27100
-26000
-26025
-25300
-24750
-24525
-24450
-25050
-23775
-23100
-22800
-22225
-22450
-21825
-21600
-21250
-19825
-19175
-19725
-19200
-18625
-17650
-17400
-16725
-15700
-16750
-16025
-14125
-14225
-13775
-12900
-12450
-12800
-12375
-9850
-10350
-10950
-8850
-8975
-9250
-7575
-6300

-6725
-7550
-5175
-5225
-6125
-3675
-3375
-4225
-4075
-2400
-2450
-2800
-1350
-1050
-2575
-1550
-300
-625
-1300
-475
-525
-1450
-1125
125
-675
-1525
-1050
-1875
-2125
-2150
-1800
-2850
-4025
-3900
-4375
-4900
-5100
-5750
-6600
-8025
-8300
-8150
-9400
-10050
-10600
-11800
-13000
-13150
-12700
-14300
-16350
-15950
-16950
-18250
-17850
-17975
-20100
-21325
-20675
-21150
-22850
-22150
-22250
-24675
-24750
-24225
-24400
-25375
-25725
-25400
-27600
-26450
-25375
-26875
-27150
-27150
-26875
-28125
-27175
-25700
-27250
-27425
-26575
-27150
-26900
-25625
-25450
-26075
-26575
-24825
-24850
-25075
-23750
-24200
-24025
-23575
-22950
-21975
-21875
-21475
-21350
-21200
-20250
-19600
-18875
-18425
-19100
-18200
-16875
-17075
-16150
-15450
-15000
-15425
-14800
-12700
-13100
-13025
-11325
-11750
-11850
-10075
-8900
-9500
-10000
-7525
-7650
-8475

-5825
-5550
-6550
-5900
-4400
-4425
-4650
-2650
-2500
-4225
-2600
-1625
-2100
-1900
-800
-1000
-2050
-975
50
-975
-725
-200
-1150
-1275
-500
-400
-1200
-2275
-1575
-2450
-2775
-2100
-3200
-3825
-4900
-5300
-5250
-5950
-6325
-6975
-8150
-9375
-9725
-9175
-10350
-12075
-12225
-13150
-14300
-14225
-14650
-16300
-17600
-17150
-18075
-19700
-18725
-19400
-21700
-22175
-21525
-22450
-23525
-23000
-23325
-26075
-25175
-23950
-25700
-26175
-25975
-25675
-27700
-26975
-25350
-27250
-27450
-26625
-27325
-27650
-26675
-25650
-27050
-27600
-26100
-26200
-26300
-25150
-25450
-25550
-25250
-24800
-23850
-23950
-23250
-23175
-23375
-22325
-21925
-21075
-20825
-21225
-20475
-19600
-19300
-18625
-18125
-17525
-17725
-17200
-15600
-15700
-15325
-14000
-14550
-14375
-12950
-11725
-12025
-12075
-10075
-10600
-10725
-8550
-8250
-8725
-7925
-6850

-6700
-7100
-4775
-4675
-6000
-4325
-3425
-3750
-3425
-2000
-2200
-3250
-1825
-775
-1575
-1200
-300
-1000
-1650
-275
300
-775
-1175
-400
-1025
-1250
-550
-1225
-1675
-2600
-2325
-2700
-3275
-3150
-3900
-5200
-5750
-6150
-5775
-7075
-7900
-8350
-9625
-10350
-10100
-10650
-12550
-13450
-13450
-14600
-15875
-14850
-15925
-18250
-18625
-18300
-19250
-20550
-20150
-20650
-23375
-22750
-21825
-23525
-24100
-23950
-24600
-26225
-25575
-24250
-26525
-26225
-25650
-27200
-27250
-26425
-25500
-27600
-27375
-26300
-27325
-26750
-25925
-26225
-26950
-26350
-25675
-25400
-25675
-24275
-24650
-25525
-24175
-23575
-22975
-22950
-22675
-22275
-22300
-21250
-20575
-20350
-20100
-19800
-19325
-18425
-18325
-17325
-16525
-17150
-16800
-15450
-14275
-14750
-14375
-12625
-13625
-13375
-10700
-10850
-11375
-10500
-9100
-9625
-9475
-6750
-7150
-8225

