
Curva de Excitacao - Bobina Girante (Dados Brutos)

Arquivo..............: C:\Arq\Ima\BobinaGirante_vs4.1\gap300_X=-11_#010.dat
Data.................: 25/01/2005
Hora.................: 13:51:08
Ganho................: 20
N. de Coletas........: 1
N. de Voltas.........: 10
Intervalo de Análise.: 4 - 8

-10375
-9950
-9600
-2040
-8675
-9825
-9275
-7275
-7275
-7675
-5250
-5525
-6400
-4775
-4625
-5650
-5800
-4425
-3600
-3650
-1925
-2525
-5250
-4800
-4200
-3200
-2625
-2825
-2750
-5225
-5175
-4400
-4750
-4575
-5350
-5900
-6625
-6975
-6275
-7200
-8875
-9550
-10225
-9475
-9675
-10625
-10950
-13575
-14650
-13950
-14625
-14375
-15225
-15725
-18150
-19350
-17600
-19125
-19875
-19700
-21200
-22175
-21950
-21200
-22925
-24925
-23775
-24525
-25500
-24175
-24225
-25675
-27000
-26875
-26250
-27100
-25800
-25775
-27725
-27625
-26900
-26700
-27100
-27100
-26775
-27275
-27200
-25525
-26650
-26400
-26250
-27200
-25975
-25200
-24225
-24425
-25500
-25100
-25125
-23800
-22725
-23225
-22375
-22600
-23225
-21500
-21225
-20600
-20525
-20400
-19775
-19975
-17875
-17325
-18650
-17700
-17300
-16650
-15825
-14450
-13800
-15225
-14975
-13100
-13400
-12300
-10600
-11375

-12025
-11125
-8825
-9525
-9925
-7550
-8575
-8925
-6400
-5800
-6550
-6650
-5675
-5975
-6250
-3150
-3375
-5250
-4425
-4125
-4175
-3525
-2950
-2700
-4350
-3800
-3050
-3950
-3275
-3700
-4450
-5225
-5025
-3800
-4900
-5700
-6300
-7600
-7550
-7400
-7375
-7775
-9950
-10450
-10850
-11550
-11125
-11900
-12425
-14550
-15900
-14200
-15575
-16575
-16700
-18250
-19275
-19600
-18050
-19850
-21800
-21200
-22625
-23450
-22100
-22375
-23775
-24725
-24800
-25175
-26225
-24275
-24750
-27175
-26850
-26325
-26525
-26850
-26200
-26425
-28100
-27400
-25900
-27175
-27000
-26125
-27175
-27375
-26850
-24775
-25700
-26650
-25225
-26275
-25500
-24375
-24350
-23925
-24550
-24025
-23375
-23250
-22275
-22175
-22150
-21800
-22175
-19750
-19225
-20425
-19500
-19575
-19100
-18300
-16700
-16175
-17425
-16475
-15525
-15825
-14500
-13000
-13275
-14225
-13175
-11375
-51000
-11675

-9550
-10850
-10950
-8525
-8000
-8175
-8150
-6875
-7700
-8000
-4900
-4675
-6175
-4975
-4750
-5250
-4575
-2950
-3000
-4625
-3450
-3000
-3925
-2775
-2550
-3325
-4000
-3825
-2600
-3625
-3650
-3750
-5300
-5300
-4950
-4675
-5175
-6525
-7100
-7900
-8375
-7900
-8550
-9125
-10625
-11750
-11250
-12250
-12575
-12825
-14925
-15725
-16125
-15150
-16375
-18175
-17525
-19625
-20375
-19525
-19600
-21425
-22325
-21925
-23075
-24400
-22525
-22775
-25500
-25325
-24850
-25350
-25825
-25275
-25475
-27700
-26825
-25800
-26925
-26675
-26125
-26675
-27650
-27275
-25750
-26325
-26775
-25850
-26975
-26550
-25350
-25650
-25100
-25850
-25025
-25025
-24825
-23500
-23725
-23625
-23325
-23600
-22175
-21575
-21925
-21225
-21625
-20825
-20275
-19275
-18650
-19475
-18425
-17850
-18200
-16925
-15650
-15825
-16375
-15375
-14050
-14250
-13525
-11925
-13000
-13175
-11075
-10625

-10600
-10200
-8825
-9625
-10075
-7025
-6875
-7775
-6525
-6350
-6850
-6375
-4225
-4125
-5775
-4000
-3950
-4750
-3300
-2425
-3125
-3900
-3500
-2525
-3300
-2500
-2300
-4075
-3975
-3625
-3075
-3575
-4175
-4350
-5475
-6075
-5275
-5900
-6175
-7250
-8175
-8375
-9150
-9050
-9275
-11075
-11950
-12550
-11800
-13200
-14350
-14100
-16025
-16975
-16350
-16575
-17850
-19250
-18775
-20375
-21600
-20025
-20625
-22425
-22875
-22775
-23800
-24000
-23475
-24050
-26150
-25100
-24600
-26275
-25775
-25250
-26125
-27525
-26525
-25650
-26750
-26550
-25775
-27450
-27250
-25850
-25800
-26175
-26475
-25350
-26075
-26300
-24575
-24850
-24750
-24625
-24650
-24025
-23725
-22800
-22700
-23225
-22600
-22100
-21250
-20525
-21200
-20275
-19975
-20550
-18925
-18025
-17675
-18375
-17550
-16600
-17100
-15650
-14375
-15250
-15250
-13525
-13075
-13175
-12375
-10900
-11850
-12300

-9450
-9100
-9875
-8475
-8475
-8975
-8475
-5875
-5700
-7325
-5250
-5225
-6400
-4875
-3450
-3850
-4700
-3675
-3100
-4225
-2575
-1975
-3750
-3675
-2900
-2450
-2950
-2825
-2350
-4375
-4500
-3475
-3875
-3950
-4675
-5325
-6100
-6625
-5850
-6175
-7600
-8400
-9450
-9375
-9600
-10600
-10500
-12400
-12950
-13250
-13650
-14250
-15200
-15225
-17125
-18300
-17175
-18025
-19200
-19700
-20350
-21675
-21875
-20825
-21675
-23800
-23375
-23275
-25125
-24375
-23750
-24675
-26225
-26000
-25150
-26350
-25825
-25175
-26850
-27375
-26175
-25750
-26375
-26750
-25850
-26700
-26975
-25325
-25650
-25450
-25425
-25975
-25500
-25225
-23850
-23950
-24500
-23900
-23975
-23250
-22500
-22600
-21975
-22025
-22275
-20925
-20500
-19625
-19675
-19775
-18975
-19450
-17600
-16625
-17350
-17225
-16200
-15850
-15600
-14375
-13125
-14050
-14325
-12250
-12175
-12150
-10350
-10350

-11125
-10575
-8425
-8125
-9100
-6875
-7350
-8125
-6525
-5200
-5300
-5850
-4675
-4550
-5700
-3325
-2625
-3975
-3675
-3125
-3025
-3200
-2200
-1775
-3500
-3300
-2625
-3225
-2675
-2700
-3150
-4275
-4575
-3850
-4075
-4875
-5325
-6475
-6675
-6975
-6900
-7125
-8725
-9525
-9850
-10750
-10825
-11500
-11625
-13350
-14800
-13875
-14950
-15725
-16150
-16825
-18425
-18950
-18000
-18950
-21025
-20725
-20925
-22750
-22400
-21725
-22850
-24175
-24175
-23975
-25450
-24400
-23775
-26075
-26300
-25700
-25650
-26125
-26075
-25400
-27100
-26925
-25500
-26125
-26225
-25600
-26000
-26400
-26450
-24475
-24850
-25750
-24800
-25125
-24700
-24250
-23600
-23150
-23725
-23375
-22525
-22625
-21650
-21375
-21275
-20900
-21325
-19550
-18725
-19475
-18875
-18325
-17950
-17925
-16600
-15400
-16550
-16025
-14625
-14650
-14350
-12550
-12375
-13300
-12900
-10750
-10750
-11125

-8775
-9400
-10000
-8650
-7350
-7375
-7725
-5950
-5975
-7225
-4875
-3875
-5225
-4800
-4025
-3775
-4275
-2450
-2000
-3700
-3225
-2375
-2975
-2525
-1600
-1850
-3100
-3200
-2200
-2875
-3050
-2850
-4100
-4300
-4500
-4200
-4700
-5825
-6250
-6750
-7400
-7675
-7925
-8175
-9700
-11000
-10625
-11500
-11925
-12225
-13500
-14725
-15725
-14700
-15900
-17275
-16975
-18125
-19600
-19500
-18975
-20425
-21625
-21150
-21900
-23550
-22600
-21950
-24375
-24725
-24375
-24300
-25375
-24925
-24375
-26700
-26300
-25300
-26025
-26350
-25575
-25700
-26800
-26975
-25150
-25700
-26375
-25150
-25950
-25725
-25050
-24775
-24575
-25100
-24175
-24100
-24200
-23000
-23100
-22675
-22800
-22975
-21800
-21100
-21075
-20450
-20500
-20000
-19850
-18950
-17875
-18600
-17800
-17150
-17225
-16625
-15100
-14850
-15575
-14850
-13350
-13525
-13275
-11325
-11850
-12550
-10975
-9825

-9775
-9800
-7900
-8325
-9525
-6950
-6300
-6975
-6425
-5325
-5450
-6125
-3925
-3225
-5025
-3775
-2800
-3950
-3275
-2100
-1925
-3325
-2975
-1875
-2675
-2200
-1700
-2875
-3350
-3100
-2650
-3175
-3850
-3625
-4525
-5300
-5125
-5250
-5550
-6875
-7450
-7675
-8775
-8575
-8975
-10250
-11275
-12150
-11575
-12550
-13875
-13475
-15000
-16325
-16525
-16000
-17300
-18525
-18325
-19375
-20975
-20250
-19825
-21925
-22350
-22225
-22775
-23675
-23325
-23125
-25375
-25125
-24075
-25650
-25675
-24925
-25250
-26650
-26475
-25175
-26250
-26075
-25275
-26350
-26750
-25650
-25300
-25600
-26175
-24875
-25225
-25875
-24225
-24375
-24125
-24350
-24100
-23175
-23450
-22475
-22025
-22550
-22150
-21725
-21000
-20025
-20625
-19750
-19200
-19700
-18850
-17650
-17075
-17750
-17125
-15700
-16350
-15650
-13650
-14400
-14875
-13375
-12275
-12650
-12150
-10300
-10775
-12050

