X[mm]	Y[mm]	Z[mm]	Bx[T]	By[T]	Bz[T]
----------------------------------------------------------------------------------------------------------------------------------------------------------------
0	0	-1650	9.11e-06	-6.703e-05	-5.544e-05
0	0	-1648	9.44e-06	-6.858e-05	-5.676e-05
0	0	-1646	1.02e-05	-7.052e-05	-5.748e-05
0	0	-1644	1.051e-05	-7.222e-05	-5.866e-05
0	0	-1642	1.054e-05	-7.388e-05	-5.978e-05
0	0	-1640	1.029e-05	-7.641e-05	-6.118e-05
0	0	-1638	1.014e-05	-7.798e-05	-6.208e-05
0	0	-1636	1.012e-05	-7.916e-05	-6.309e-05
0	0	-1634	1.04e-05	-8.129e-05	-6.406e-05
0	0	-1632	1.075e-05	-8.341e-05	-6.557e-05
0	0	-1630	1.091e-05	-8.526e-05	-6.694e-05
0	0	-1628	1.124e-05	-8.721e-05	-6.819e-05
0	0	-1626	1.115e-05	-8.926e-05	-6.919e-05
0	0	-1624	1.129e-05	-9.153e-05	-7.024e-05
0	0	-1622	1.154e-05	-9.388e-05	-7.156e-05
0	0	-1620	1.147e-05	-9.612e-05	-7.275e-05
0	0	-1618	1.223e-05	-9.837e-05	-7.388e-05
0	0	-1616	1.208e-05	-0.00010035	-7.609e-05
0	0	-1614	1.222e-05	-0.00010312	-7.729e-05
0	0	-1612	1.297e-05	-0.00010569	-7.855e-05
0	0	-1610	1.295e-05	-0.00010808	-7.959e-05
0	0	-1608	1.304e-05	-0.00011063	-8.128e-05
0	0	-1606	1.301e-05	-0.00011281	-8.282e-05
0	0	-1604	1.292e-05	-0.00011529	-8.422e-05
0	0	-1602	1.317e-05	-0.00011827	-8.604e-05
0	0	-1600	1.329e-05	-0.00012135	-8.813e-05
0	0	-1598	1.376e-05	-0.0001241	-8.958e-05
0	0	-1596	1.413e-05	-0.00012723	-9.105e-05
0	0	-1594	1.443e-05	-0.00012963	-9.237e-05
0	0	-1592	1.428e-05	-0.00013251	-9.405e-05
0	0	-1590	1.465e-05	-0.0001358	-9.63e-05
0	0	-1588	1.458e-05	-0.00013934	-9.809e-05
0	0	-1586	1.477e-05	-0.0001427	-9.999e-05
0	0	-1584	1.545e-05	-0.0001454	-0.00010138
0	0	-1582	1.592e-05	-0.00014935	-0.0001034
0	0	-1580	1.604e-05	-0.00015312	-0.00010552
0	0	-1578	1.587e-05	-0.00015643	-0.00010767
0	0	-1576	1.659e-05	-0.00015969	-0.00010956
0	0	-1574	1.701e-05	-0.00016324	-0.0001116
0	0	-1572	1.752e-05	-0.00016754	-0.00011434
0	0	-1570	1.75e-05	-0.0001713	-0.00011594
0	0	-1568	1.751e-05	-0.00017522	-0.00011817
0	0	-1566	1.775e-05	-0.00017905	-0.00012067
0	0	-1564	1.795e-05	-0.00018305	-0.00012272
0	0	-1562	1.822e-05	-0.00018715	-0.00012523
0	0	-1560	1.861e-05	-0.00019181	-0.00012805
0	0	-1558	1.914e-05	-0.00019584	-0.00012997
0	0	-1556	1.913e-05	-0.00020012	-0.00013244
0	0	-1554	1.961e-05	-0.00020489	-0.00013542
0	0	-1552	1.989e-05	-0.00020939	-0.00013808
0	0	-1550	1.997e-05	-0.00021395	-0.00014106
0	0	-1548	2.065e-05	-0.0002193	-0.00014377
0	0	-1546	2.069e-05	-0.00022385	-0.00014661
0	0	-1544	2.089e-05	-0.00022857	-0.00014957
0	0	-1542	2.158e-05	-0.00023412	-0.00015188
0	0	-1540	2.205e-05	-0.00023844	-0.0001554
0	0	-1538	2.202e-05	-0.00024294	-0.00015852
0	0	-1536	2.245e-05	-0.00024823	-0.00016121
0	0	-1534	2.264e-05	-0.00025374	-0.00016502
0	0	-1532	2.345e-05	-0.00025934	-0.0001682
0	0	-1530	2.405e-05	-0.00026471	-0.00017132
0	0	-1528	2.416e-05	-0.00026986	-0.00017453
0	0	-1526	2.494e-05	-0.00027578	-0.00017786
0	0	-1524	2.472e-05	-0.00028148	-0.00018157
0	0	-1522	2.509e-05	-0.00028733	-0.00018503
0	0	-1520	2.524e-05	-0.00029283	-0.00018882
0	0	-1518	2.515e-05	-0.00029884	-0.00019257
0	0	-1516	2.58e-05	-0.00030494	-0.00019606
0	0	-1514	2.607e-05	-0.00031105	-0.00019977
0	0	-1512	2.647e-05	-0.00031717	-0.00020392
0	0	-1510	2.698e-05	-0.0003234	-0.00020815
0	0	-1508	2.707e-05	-0.00032955	-0.00021237
0	0	-1506	2.739e-05	-0.00033562	-0.00021635
0	0	-1504	2.761e-05	-0.00034177	-0.00022042
0	0	-1502	2.765e-05	-0.00034861	-0.00022462
0	0	-1500	2.746e-05	-0.00035486	-0.00022874
0	0	-1498	2.791e-05	-0.00036116	-0.00023289
0	0	-1496	2.833e-05	-0.00036736	-0.00023698
0	0	-1494	2.822e-05	-0.00037424	-0.00024138
0	0	-1492	2.858e-05	-0.00038081	-0.00024649
0	0	-1490	2.894e-05	-0.000387	-0.00025097
0	0	-1488	2.866e-05	-0.00039363	-0.00025567
0	0	-1486	2.888e-05	-0.00040024	-0.00026015
0	0	-1484	2.923e-05	-0.00040692	-0.00026448
0	0	-1482	2.907e-05	-0.00041302	-0.00026937
0	0	-1480	2.902e-05	-0.00042002	-0.00027406
0	0	-1478	2.942e-05	-0.00042702	-0.00027834
0	0	-1476	2.921e-05	-0.00043374	-0.00028326
0	0	-1474	2.885e-05	-0.00044061	-0.00028773
0	0	-1472	2.908e-05	-0.00044777	-0.00029223
0	0	-1470	2.894e-05	-0.00045491	-0.00029707
0	0	-1468	2.868e-05	-0.00046212	-0.00030125
0	0	-1466	2.809e-05	-0.00046965	-0.00030606
0	0	-1464	2.761e-05	-0.00047677	-0.00031076
0	0	-1462	2.79e-05	-0.00048423	-0.00031521
0	0	-1460	2.747e-05	-0.00049227	-0.00031976
0	0	-1458	2.644e-05	-0.00050072	-0.00032387
0	0	-1456	2.557e-05	-0.00050926	-0.00032811
0	0	-1454	2.539e-05	-0.00051857	-0.00033253
0	0	-1452	2.47e-05	-0.00052844	-0.00033622
0	0	-1450	2.472e-05	-0.00053914	-0.00033964
0	0	-1448	2.421e-05	-0.00055112	-0.00034325
0	0	-1446	2.308e-05	-0.00056328	-0.00034633
0	0	-1444	2.167e-05	-0.00057735	-0.00034947
0	0	-1442	2.092e-05	-0.00059288	-0.00035211
0	0	-1440	1.987e-05	-0.00061034	-0.00035468
0	0	-1438	1.858e-05	-0.00062994	-0.00035644
0	0	-1436	1.766e-05	-0.00065191	-0.00035715
0	0	-1434	1.633e-05	-0.00067765	-0.00035759
0	0	-1432	1.528e-05	-0.00070683	-0.00035813
0	0	-1430	1.447e-05	-0.00074133	-0.00035753
0	0	-1428	1.314e-05	-0.00078097	-0.00035538
0	0	-1426	1.08e-05	-0.0008274	-0.00035212
0	0	-1424	9.09e-06	-0.00088144	-0.00034777
0	0	-1422	8.26e-06	-0.00094442	-0.00034089
0	0	-1420	6.66e-06	-0.00101735	-0.00033188
0	0	-1418	5.12e-06	-0.00110003	-0.00032019
0	0	-1416	3.7e-06	-0.00119202	-0.00030567
0	0	-1414	1.93e-06	-0.00128997	-0.00028735
0	0	-1412	1.3e-07	-0.00138876	-0.00026543
0	0	-1410	-1.13e-06	-0.00148248	-0.00024136
0	0	-1408	-2.77e-06	-0.00156572	-0.00021648
0	0	-1406	-4.21e-06	-0.00163397	-0.00019275
0	0	-1404	-4.98e-06	-0.00168722	-0.00017266
0	0	-1402	-6.48e-06	-0.00172789	-0.00015766
0	0	-1400	-7.93e-06	-0.00175774	-0.00014922
0	0	-1398	-8.82e-06	-0.00178018	-0.00014792
0	0	-1396	-9.69e-06	-0.0017989	-0.00015453
0	0	-1394	-1.11e-05	-0.00181378	-0.00016872
0	0	-1392	-1.255e-05	-0.00182674	-0.00019252
0	0	-1390	-1.474e-05	-0.00183939	-0.00022775
0	0	-1388	-1.615e-05	-0.00185151	-0.00027648
0	0	-1386	-1.794e-05	-0.00186486	-0.00034201
0	0	-1384	-2.013e-05	-0.00188014	-0.00042871
0	0	-1382	-2.293e-05	-0.00189964	-0.00054168
0	0	-1380	-2.635e-05	-0.00192554	-0.00068865
0	0	-1378	-3.081e-05	-0.00196283	-0.00087888
0	0	-1376	-3.655e-05	-0.00201979	-0.00112346
0	0	-1374	-4.294e-05	-0.00210692	-0.00143596
0	0	-1372	-5.179e-05	-0.00224349	-0.0018332
0	0	-1370	-6.268e-05	-0.00245776	-0.00233157
0	0	-1368	-7.691e-05	-0.00279224	-0.00294568
0	0	-1366	-9.441e-05	-0.00330323	-0.00368333
0	0	-1364	-0.00011632	-0.00406217	-0.00453762
0	0	-1362	-0.00014313	-0.00514395	-0.00548053
0	0	-1360	-0.00017535	-0.00661085	-0.00646584
0	0	-1358	-0.00021206	-0.00849208	-0.00743391
0	0	-1356	-0.00025323	-0.0107802	-0.00833274
0	0	-1354	-0.00029898	-0.013441	-0.00913026
0	0	-1352	-0.00034912	-0.0164284	-0.00981812
0	0	-1350	-0.00040221	-0.0197032	-0.0104027
0	0	-1348	-0.00045944	-0.0232418	-0.0108975
0	0	-1346	-0.00051869	-0.0270379	-0.0113153
0	0	-1344	-0.00058176	-0.0310964	-0.0116651
0	0	-1342	-0.00064781	-0.0354349	-0.0119472
0	0	-1340	-0.00071773	-0.040079	-0.0121587
0	0	-1338	-0.00079043	-0.0450633	-0.0122899
0	0	-1336	-0.00086765	-0.0504245	-0.0123225
0	0	-1334	-0.00094807	-0.0562044	-0.012231
0	0	-1332	-0.00103315	-0.0624491	-0.0119869
0	0	-1330	-0.00112286	-0.0692058	-0.0115523
0	0	-1328	-0.00121728	-0.0765223	-0.0108823
0	0	-1326	-0.00131669	-0.0844434	-0.0099291
0	0	-1324	-0.00142077	-0.0930098	-0.0086413
0	0	-1322	-0.00153043	-0.102258	-0.00696775
0	0	-1320	-0.00164593	-0.112215	-0.00486142
0	0	-1318	-0.00176615	-0.122896	-0.00229037
0	0	-1316	-0.00189191	-0.134313	0.00075815
0	0	-1314	-0.0020239	-0.146471	0.00426845
0	0	-1312	-0.00216003	-0.159376	0.00818891
0	0	-1310	-0.00229915	-0.173041	0.0124295
0	0	-1308	-0.00244166	-0.187492	0.0168616
0	0	-1306	-0.00258396	-0.202781	0.0213247
0	0	-1304	-0.00272211	-0.218965	0.0256412
0	0	-1302	-0.00285124	-0.236106	0.0296235
0	0	-1300	-0.00296487	-0.254257	0.0330896
0	0	-1298	-0.00305647	-0.273428	0.035876
0	0	-1296	-0.00311885	-0.293567	0.0378438
0	0	-1294	-0.00314396	-0.314521	0.038889
0	0	-1292	-0.00312842	-0.336013	0.0389404
0	0	-1290	-0.00307008	-0.357618	0.0379673
0	0	-1288	-0.00296918	-0.37874	0.035988
0	0	-1286	-0.00282992	-0.398613	0.0330618
0	0	-1284	-0.00266	-0.41632	0.0292905
0	0	-1282	-0.00246718	-0.43084	0.0248178
0	0	-1280	-0.0022578	-0.441105	0.0198191
0	0	-1278	-0.00203808	-0.446079	0.0144869
0	0	-1276	-0.00181007	-0.444836	0.00901564
0	0	-1274	-0.00157494	-0.436622	0.00359221
0	0	-1272	-0.00133249	-0.420908	-0.00161313
0	0	-1270	-0.00107982	-0.397428	-0.00645615
0	0	-1268	-0.00081521	-0.366198	-0.0108177
0	0	-1266	-0.00053606	-0.327516	-0.0146106
0	0	-1264	-0.00024317	-0.281931	-0.0177911
0	0	-1262	6.569e-05	-0.230184	-0.0203594
0	0	-1260	0.00038922	-0.173145	-0.0223523
0	0	-1258	0.00072551	-0.111696	-0.0238256
0	0	-1256	0.00107118	-0.0466817	-0.0248544
0	0	-1254	0.00142359	0.0211311	-0.0255198
0	0	-1252	0.00177924	0.0910527	-0.0258973
0	0	-1250	0.00213612	0.162537	-0.0260338
0	0	-1248	0.00248977	0.235117	-0.0259701
0	0	-1246	0.00283608	0.308384	-0.0257389
0	0	-1244	0.00317208	0.381944	-0.0253445
0	0	-1242	0.0034942	0.45541	-0.0247653
0	0	-1240	0.00379944	0.528318	-0.0239759
0	0	-1238	0.00408374	0.600091	-0.0229544
0	0	-1236	0.00434478	0.670014	-0.0216757
0	0	-1234	0.00457982	0.737259	-0.0201157
0	0	-1232	0.00478564	0.800913	-0.0182685
0	0	-1230	0.00495841	0.860006	-0.0161631
0	0	-1228	0.0050986	0.913592	-0.0138369
0	0	-1226	0.00520624	0.960819	-0.0113316
0	0	-1224	0.00528049	1.00098	-0.00870014
0	0	-1222	0.00532148	1.03352	-0.00599547
0	0	-1220	0.0053319	1.05807	-0.00325984
0	0	-1218	0.00531307	1.07443	-0.00052007
0	0	-1216	0.00526679	1.08251	0.0022097
0	0	-1214	0.00519431	1.0823	0.00491832
0	0	-1212	0.00509628	1.07387	0.00759107
0	0	-1210	0.00497394	1.05732	0.0101969
0	0	-1208	0.00482889	1.03288	0.0126908
0	0	-1206	0.00465997	1.0009	0.0150062
0	0	-1204	0.00446691	0.961929	0.0170737
0	0	-1202	0.00424995	0.916665	0.0188278
0	0	-1200	0.00400897	0.865977	0.0202134
0	0	-1198	0.00374364	0.810849	0.0212076
0	0	-1196	0.00345506	0.752312	0.0218143
0	0	-1194	0.00314365	0.691354	0.0220605
0	0	-1192	0.00281193	0.628874	0.0219901
0	0	-1190	0.00246274	0.565624	0.021659
0	0	-1188	0.00209796	0.502218	0.0211353
0	0	-1186	0.00172176	0.439096	0.0204746
0	0	-1184	0.00133733	0.376537	0.0197286
0	0	-1182	0.00094757	0.314701	0.0189467
0	0	-1180	0.00055499	0.25364	0.0181656
0	0	-1178	0.00016227	0.193314	0.0174073
0	0	-1176	-0.00022827	0.133613	0.0166899
0	0	-1174	-0.00061556	0.0743843	0.0160267
0	0	-1172	-0.00099753	0.0154472	0.0154235
0	0	-1170	-0.00137395	-0.043393	0.0148809
0	0	-1168	-0.00174303	-0.102344	0.0143915
0	0	-1166	-0.00210341	-0.161624	0.0139492
0	0	-1164	-0.00245498	-0.221431	0.0135485
0	0	-1162	-0.00279564	-0.281934	0.0131772
0	0	-1160	-0.00312525	-0.343279	0.0128208
0	0	-1158	-0.00344212	-0.405556	0.0124659
0	0	-1156	-0.00374483	-0.468771	0.0120996
0	0	-1154	-0.00403366	-0.532838	0.0117023
0	0	-1152	-0.00430624	-0.597557	0.0112468
0	0	-1150	-0.0045605	-0.662592	0.0107044
0	0	-1148	-0.00479485	-0.727421	0.0100586
0	0	-1146	-0.00500762	-0.79137	0.00927978
0	0	-1144	-0.00519633	-0.853603	0.00835029
0	0	-1142	-0.00535961	-0.913153	0.0072677
0	0	-1140	-0.00549522	-0.96897	0.0060388
0	0	-1138	-0.00560247	-1.02	0.0046863
0	0	-1136	-0.00568037	-1.06526	0.0032417
0	0	-1134	-0.00572792	-1.10388	0.00174416
0	0	-1132	-0.00574626	-1.13518	0.00023258
0	0	-1130	-0.00573543	-1.15867	-0.00126357
0	0	-1128	-0.00569629	-1.17404	-0.00273027
0	0	-1126	-0.00562817	-1.18112	-0.00416316
0	0	-1124	-0.00553313	-1.17982	-0.00556116
0	0	-1122	-0.00540947	-1.17016	-0.0069218
0	0	-1120	-0.00525678	-1.15222	-0.00823192
0	0	-1118	-0.00507576	-1.12618	-0.00946721
0	0	-1116	-0.0048654	-1.09241	-0.0105957
0	0	-1114	-0.00462613	-1.05143	-0.0115805
0	0	-1112	-0.00435994	-1.00398	-0.012394
0	0	-1110	-0.00406778	-0.950935	-0.0130227
0	0	-1108	-0.00375297	-0.893311	-0.0134744
0	0	-1106	-0.00341919	-0.832157	-0.0137677
0	0	-1104	-0.00306951	-0.768496	-0.0139334
0	0	-1102	-0.00270861	-0.703254	-0.0140142
0	0	-1100	-0.0023391	-0.637223	-0.0140489
0	0	-1098	-0.00196446	-0.571033	-0.0140743
0	0	-1096	-0.00158724	-0.50515	-0.0141118
0	0	-1094	-0.00120909	-0.439875	-0.014184
0	0	-1092	-0.00083181	-0.375385	-0.0143069
0	0	-1090	-0.00045671	-0.311745	-0.0144873
0	0	-1088	-8.449e-05	-0.24893	-0.0147277
0	0	-1086	0.00028324	-0.186829	-0.0150272
0	0	-1084	0.00064581	-0.125295	-0.0153891
0	0	-1082	0.00100199	-0.0641536	-0.015819
0	0	-1080	0.00134964	-0.00319762	-0.0163077
0	0	-1078	0.0016879	0.0577943	-0.0168496
0	0	-1076	0.00201665	0.119031	-0.0174427
0	0	-1074	0.00233597	0.180711	-0.0180793
0	0	-1072	0.00264306	0.243015	-0.0187331
0	0	-1070	0.00293831	0.306097	-0.0193847
0	0	-1068	0.00322182	0.370049	-0.0200113
0	0	-1066	0.00349142	0.434873	-0.0205793
0	0	-1064	0.00374637	0.500489	-0.0210423
0	0	-1062	0.00398606	0.566714	-0.0213442
0	0	-1060	0.00420835	0.633194	-0.0214384
0	0	-1058	0.00441074	0.699414	-0.0212752
0	0	-1056	0.00459054	0.764705	-0.0207975
0	0	-1054	0.00474662	0.828231	-0.019962
0	0	-1052	0.00487459	0.889008	-0.0187517
0	0	-1050	0.00497303	0.945975	-0.0171705
0	0	-1048	0.00504065	0.998075	-0.0152456
0	0	-1046	0.00507609	1.04432	-0.013019
0	0	-1044	0.00508078	1.08383	-0.010559
0	0	-1042	0.00505405	1.11595	-0.00793684
0	0	-1040	0.00499857	1.1402	-0.00521838
0	0	-1038	0.00491493	1.15628	-0.00245462
0	0	-1036	0.00480401	1.16404	0.00031507
0	0	-1034	0.00466817	1.1634	0.00305613
0	0	-1032	0.00450816	1.15441	0.00573921
0	0	-1030	0.00432571	1.13713	0.00832727
0	0	-1028	0.00412132	1.11176	0.0107701
0	0	-1026	0.00389579	1.07865	0.0130124
0	0	-1024	0.00365123	1.03831	0.0150013
0	0	-1022	0.00338939	0.991458	0.016686
0	0	-1020	0.00311189	0.938961	0.0180284
0	0	-1018	0.00282139	0.881818	0.0190265
0	0	-1016	0.00251985	0.821077	0.0196982
0	0	-1014	0.00221038	0.757756	0.0200737
0	0	-1012	0.00189392	0.692791	0.0201981
0	0	-1010	0.00157176	0.62698	0.0201307
0	0	-1008	0.0012464	0.560971	0.0199312
0	0	-1006	0.0009185	0.495231	0.0196452
0	0	-1004	0.00058912	0.430068	0.0193083
0	0	-1002	0.0002587	0.365666	0.0189622
0	0	-1000	-7.097e-05	0.302098	0.0186345
0	0	-998	-0.00040038	0.239331	0.018342
0	0	-996	-0.00072851	0.17726	0.0180897
0	0	-994	-0.00105348	0.115755	0.0178911
0	0	-992	-0.00137493	0.0546315	0.0177529
0	0	-990	-0.00169252	-0.00633059	0.0176691
0	0	-988	-0.00200666	-0.0673359	0.0176327
0	0	-986	-0.00231559	-0.128594	0.0176407
0	0	-984	-0.00261818	-0.190306	0.0176892
0	0	-982	-0.00291455	-0.252666	0.0177606
0	0	-980	-0.00320362	-0.315812	0.0178382
0	0	-978	-0.00348291	-0.37984	0.0179028
0	0	-976	-0.0037502	-0.444758	0.0179351
0	0	-974	-0.00400351	-0.510502	0.0178975
0	0	-972	-0.00424205	-0.576865	0.0177558
0	0	-970	-0.00446268	-0.643494	0.0174733
0	0	-968	-0.00466496	-0.709874	0.0170093
0	0	-966	-0.00484533	-0.775328	0.0163301
0	0	-964	-0.00500382	-0.839009	0.0153995
0	0	-962	-0.00513988	-0.899926	0.0142032
0	0	-960	-0.0052512	-0.95702	0.0127446
0	0	-958	-0.00533689	-1.00921	0.011049
0	0	-956	-0.00539639	-1.05551	0.00914807
0	0	-954	-0.00542826	-1.09503	0.00708871
0	0	-952	-0.00543275	-1.12709	0.004926
0	0	-950	-0.00540932	-1.1512	0.00270395
0	0	-948	-0.00535721	-1.16706	0.00045446
0	0	-946	-0.00527585	-1.17449	-0.00179876
0	0	-944	-0.00516594	-1.17342	-0.00403665
0	0	-942	-0.00502392	-1.16386	-0.0062423
0	0	-940	-0.00485135	-1.14588	-0.00838972
0	0	-938	-0.00464718	-1.11969	-0.0104343
0	0	-936	-0.00441151	-1.08563	-0.0123269
0	0	-934	-0.00414508	-1.04425	-0.0140182
0	0	-932	-0.00384824	-0.996267	-0.0154535
0	0	-930	-0.00352756	-0.942605	-0.016603
0	0	-928	-0.00318513	-0.884305	-0.0174548
0	0	-926	-0.0028266	-0.822452	-0.0180209
0	0	-924	-0.0024577	-0.75809	-0.0183228
0	0	-922	-0.00208336	-0.692193	-0.0184037
0	0	-920	-0.00170823	-0.625605	-0.0183131
0	0	-918	-0.00133732	-0.558989	-0.0180964
0	0	-916	-0.00097403	-0.492834	-0.0177996
0	0	-914	-0.00061926	-0.427479	-0.0174644
0	0	-912	-0.00027501	-0.363119	-0.0171274
0	0	-910	5.846e-05	-0.299803	-0.0168129
0	0	-908	0.00038242	-0.237473	-0.0165371
0	0	-906	0.0006975	-0.176005	-0.0163123
0	0	-904	0.00100646	-0.115226	-0.0161497
0	0	-902	0.00131175	-0.0549013	-0.0160448
0	0	-900	0.00161549	0.00521742	-0.0159957
0	0	-898	0.00192068	0.0653796	-0.0160011
0	0	-896	0.00222933	0.125823	-0.0160565
0	0	-894	0.00254227	0.186796	-0.0161535
0	0	-892	0.00286083	0.24851	-0.0162842
0	0	-890	0.00318439	0.311134	-0.0164338
0	0	-888	0.00351169	0.374776	-0.0165821
0	0	-886	0.00383926	0.439467	-0.0166982
0	0	-884	0.00416379	0.505117	-0.0167485
0	0	-882	0.00448036	0.571513	-0.0166945
0	0	-880	0.00478301	0.638275	-0.0164935
0	0	-878	0.00506688	0.704855	-0.0161046
0	0	-876	0.00532596	0.770552	-0.0154917
0	0	-874	0.00555546	0.834499	-0.0146223
0	0	-872	0.00575021	0.895688	-0.0134806
0	0	-870	0.0059081	0.953046	-0.0120745
0	0	-868	0.00602711	1.0055	-0.0104278
0	0	-866	0.00610662	1.05204	-0.00858112
0	0	-864	0.00614742	1.09179	-0.00658762
0	0	-862	0.00615139	1.12407	-0.00450486
0	0	-860	0.00611948	1.14839	-0.00238219
0	0	-858	0.00605299	1.16448	-0.00025401
0	0	-856	0.00595281	1.17216	0.00185407
0	0	-854	0.00582034	1.17139	0.00392672
0	0	-852	0.00565589	1.16218	0.00594717
0	0	-850	0.00545866	1.14464	0.00789015
0	0	-848	0.005229	1.11897	0.00972105
0	0	-846	0.00496802	1.08552	0.0113962
0	0	-844	0.00467646	1.04481	0.0128694
0	0	-842	0.00435636	0.99755	0.0140963
0	0	-840	0.00401137	0.944649	0.0150595
0	0	-838	0.00364385	0.887114	0.0157543
0	0	-836	0.00325835	0.825986	0.0161865
0	0	-834	0.00285968	0.762291	0.0163914
0	0	-832	0.00245292	0.696979	0.0164124
0	0	-830	0.00204234	0.630849	0.0162912
0	0	-828	0.00163156	0.564536	0.0160762
0	0	-826	0.00122488	0.498513	0.0158084
0	0	-824	0.00082451	0.433103	0.0155251
0	0	-822	0.00043138	0.368488	0.0152509
0	0	-820	4.657e-05	0.304726	0.0150054
0	0	-818	-0.00033009	0.241787	0.0148097
0	0	-816	-0.00070018	0.179582	0.0146693
0	0	-814	-0.00106293	0.117966	0.014586
0	0	-812	-0.0014205	0.0567539	0.0145666
0	0	-810	-0.0017726	-0.00426052	0.0146074
0	0	-808	-0.00211788	-0.0652905	0.014705
0	0	-806	-0.00245531	-0.12654	0.0148517
0	0	-804	-0.0027825	-0.188215	0.0150357
0	0	-802	-0.00309691	-0.250503	0.0152487
0	0	-800	-0.00339459	-0.313544	0.0154708
0	0	-798	-0.00367235	-0.377424	0.0156786
0	0	-796	-0.00392727	-0.442164	0.0158473
0	0	-794	-0.00415617	-0.507687	0.0159418
0	0	-792	-0.00435765	-0.573795	0.0159237
0	0	-790	-0.00453017	-0.640138	0.0157542
0	0	-788	-0.00467368	-0.706201	0.0153926
0	0	-786	-0.00478947	-0.771312	0.0147964
0	0	-784	-0.00487972	-0.83463	0.0139408
0	0	-782	-0.00494665	-0.895177	0.0128155
0	0	-780	-0.0049944	-0.951905	0.0114203
0	0	-778	-0.00502577	-1.00376	0.00977889
0	0	-776	-0.00504493	-1.04975	0.00793354
0	0	-774	-0.00505699	-1.089	0.00593596
0	0	-772	-0.00506504	-1.12086	0.00384043
0	0	-770	-0.00507156	-1.14484	0.00169422
0	0	-768	-0.00507766	-1.16064	-0.00046928
0	0	-766	-0.00508561	-1.16812	-0.00262582
0	0	-764	-0.00509471	-1.16719	-0.0047537
0	0	-762	-0.00510285	-1.15788	-0.00683229
0	0	-760	-0.00510753	-1.14027	-0.00883196
0	0	-758	-0.00510691	-1.11456	-0.0107122
0	0	-756	-0.00509571	-1.08109	-0.0124217
0	0	-754	-0.00506881	-1.0404	-0.0139092
0	0	-752	-0.00502294	-0.993189	-0.0151364
0	0	-750	-0.00495349	-0.940357	-0.0160774
0	0	-748	-0.00485664	-0.882915	-0.01673
0	0	-746	-0.00473079	-0.821907	-0.0171093
0	0	-744	-0.00457503	-0.758359	-0.0172542
0	0	-742	-0.00438816	-0.693216	-0.0172109
0	0	-740	-0.00417106	-0.627272	-0.0170269
0	0	-738	-0.00392369	-0.561159	-0.0167534
0	0	-736	-0.0036481	-0.49534	-0.0164336
0	0	-734	-0.00334694	-0.430146	-0.0161068
0	0	-732	-0.00302385	-0.365746	-0.0157988
0	0	-730	-0.00268094	-0.30219	-0.0155316
0	0	-728	-0.00232301	-0.239445	-0.0153181
0	0	-726	-0.00195391	-0.177413	-0.0151693
0	0	-724	-0.00157685	-0.115945	-0.0150881
0	0	-722	-0.00119589	-0.0548509	-0.0150718
0	0	-720	-0.00081275	0.00607823	-0.0151231
0	0	-718	-0.00042779	0.067054	-0.0152315
0	0	-716	-4.113e-05	0.128283	-0.0153902
0	0	-714	0.00034598	0.189971	-0.0155831
0	0	-712	0.00073622	0.252306	-0.0157991
0	0	-710	0.00113008	0.315423	-0.0160194
0	0	-708	0.00152849	0.379406	-0.0162162
0	0	-706	0.00193135	0.444266	-0.016362
0	0	-704	0.00233806	0.509928	-0.016421
0	0	-702	0.00274619	0.576183	-0.0163602
0	0	-700	0.00315196	0.642684	-0.016137
0	0	-698	0.00354978	0.708914	-0.0157119
0	0	-696	0.00393372	0.774202	-0.0150464
0	0	-694	0.00429623	0.837701	-0.0141207
0	0	-692	0.00463091	0.898428	-0.0129291
0	0	-690	0.00493146	0.95533	-0.0114786
0	0	-688	0.00519278	1.00736	-0.0097925
0	0	-686	0.00541057	1.05352	-0.00791907
0	0	-684	0.00558385	1.09295	-0.0059155
0	0	-682	0.00571244	1.12498	-0.00383021
0	0	-680	0.00579771	1.14913	-0.00170981
0	0	-678	0.00584051	1.16509	0.00041265
0	0	-676	0.00584433	1.17272	0.00251823
0	0	-674	0.0058122	1.17194	0.00459245
0	0	-672	0.00574606	1.16276	0.00662024
0	0	-670	0.00564701	1.14527	0.00857858
0	0	-668	0.00551754	1.11968	0.010436
0	0	-666	0.00536029	1.08632	0.0121475
0	0	-664	0.00517488	1.04571	0.0136669
0	0	-662	0.0049638	0.998558	0.0149594
0	0	-660	0.0047271	0.945765	0.0160001
0	0	-658	0.0044668	0.888327	0.0167842
0	0	-656	0.0041849	0.827292	0.0173239
0	0	-654	0.0038835	0.763693	0.0176467
0	0	-652	0.00356521	0.698485	0.0177971
0	0	-650	0.00323381	0.632461	0.0178124
0	0	-648	0.00289115	0.566256	0.0177334
0	0	-646	0.00253952	0.500351	0.0176002
0	0	-644	0.00218241	0.435071	0.0174475
0	0	-642	0.00182135	0.370593	0.0172978
0	0	-640	0.00145814	0.306975	0.0171682
0	0	-638	0.00109444	0.244185	0.0170684
0	0	-636	0.00073132	0.18213	0.017008
0	0	-634	0.0003709	0.120653	0.0169946
0	0	-632	1.318e-05	0.0595658	0.017021
0	0	-630	-0.00034098	-0.00135196	0.0170863
0	0	-628	-0.0006909	-0.0622994	0.0171894
0	0	-626	-0.00103515	-0.123495	0.0173242
0	0	-624	-0.00137384	-0.185157	0.0174794
0	0	-622	-0.00170671	-0.247482	0.0176348
0	0	-620	-0.00203253	-0.310605	0.0177803
0	0	-618	-0.00235097	-0.374628	0.0178967
0	0	-616	-0.00266192	-0.439573	0.0179474
0	0	-614	-0.00296488	-0.505373	0.0178965
0	0	-612	-0.00325844	-0.571816	0.0177142
0	0	-610	-0.00354111	-0.638558	0.0173595
0	0	-608	-0.00381109	-0.705098	0.016793
0	0	-606	-0.00406579	-0.770754	0.0159819
0	0	-604	-0.00430347	-0.834664	0.0149105
0	0	-602	-0.00452206	-0.895837	0.0135835
0	0	-600	-0.00471804	-0.953213	0.0120123
0	0	-598	-0.00489001	-1.00572	0.0102355
0	0	-596	-0.00503606	-1.05234	0.00830437
0	0	-594	-0.00515557	-1.09219	0.00627682
0	0	-592	-0.00524791	-1.1246	0.00420867
0	0	-590	-0.0053129	-1.14908	0.00214302
0	0	-588	-0.00534977	-1.16531	0.00011023
0	0	-586	-0.00535819	-1.17313	-0.00187388
0	0	-584	-0.00533925	-1.17247	-0.00380216
0	0	-582	-0.00529075	-1.16334	-0.00566338
0	0	-580	-0.00521312	-1.14584	-0.00744134
0	0	-578	-0.00510476	-1.12015	-0.0091058
0	0	-576	-0.00496329	-1.08662	-0.0106175
0	0	-574	-0.00478817	-1.04577	-0.0119369
0	0	-572	-0.00457929	-0.998343	-0.0130329
0	0	-570	-0.00433686	-0.945237	-0.0138858
0	0	-568	-0.00406221	-0.887466	-0.0144969
0	0	-566	-0.00375828	-0.826095	-0.0148844
0	0	-564	-0.00342929	-0.762183	-0.0150768
0	0	-562	-0.00307999	-0.696698	-0.015116
0	0	-560	-0.00271388	-0.630468	-0.0150443
0	0	-558	-0.00233751	-0.564156	-0.0149005
0	0	-556	-0.00195418	-0.498271	-0.014719
0	0	-554	-0.0015665	-0.433156	-0.014533
0	0	-552	-0.00117933	-0.369003	-0.0143676
0	0	-550	-0.00079479	-0.305872	-0.0142469
0	0	-548	-0.00041474	-0.243721	-0.0141768
0	0	-546	-4.002e-05	-0.182433	-0.0141687
0	0	-544	0.00032861	-0.121819	-0.0142296
0	0	-542	0.0006912	-0.0616498	-0.0143528
0	0	-540	0.00104845	-0.00168845	-0.0145337
0	0	-538	0.00139843	0.0583072	-0.0147692
0	0	-536	0.00173971	0.11859	-0.0150544
0	0	-534	0.00207304	0.179406	-0.0153785
0	0	-532	0.0023972	0.24098	-0.0157243
0	0	-530	0.0027109	0.30348	-0.0160778
0	0	-528	0.00301365	0.367034	-0.0164143
0	0	-526	0.00330426	0.431683	-0.0167026
0	0	-524	0.00358139	0.497355	-0.0169059
0	0	-522	0.00384397	0.563821	-0.0169865
0	0	-520	0.0040906	0.630735	-0.0168976
0	0	-518	0.00432096	0.697567	-0.016598
0	0	-516	0.00453265	0.763612	-0.0160452
0	0	-514	0.00472379	0.827982	-0.0152125
0	0	-512	0.00489346	0.889671	-0.0140892
0	0	-510	0.00503926	0.947593	-0.0126736
0	0	-508	0.00516055	1.00065	-0.0109979
0	0	-506	0.00525665	1.0478	-0.00910399
0	0	-504	0.00532705	1.08815	-0.00704486
0	0	-502	0.00537267	1.12101	-0.00487875
0	0	-500	0.00539335	1.14588	-0.00266013
0	0	-498	0.00539107	1.16245	-0.00042808
0	0	-496	0.0053669	1.17057	0.00179002
0	0	-494	0.00532034	1.17018	0.00397116
0	0	-492	0.00525289	1.1613	0.00609289
0	0	-490	0.00516401	1.14405	0.0081255
0	0	-488	0.00505372	1.11861	0.0100245
0	0	-486	0.00492226	1.08535	0.0117397
0	0	-484	0.00476788	1.04479	0.0132187
0	0	-482	0.00459274	0.997665	0.0144207
0	0	-480	0.0043976	0.94487	0.0153179
0	0	-478	0.0041823	0.887407	0.015909
0	0	-476	0.00394938	0.826329	0.016216
0	0	-474	0.0037021	0.762687	0.0162801
0	0	-472	0.00344173	0.697433	0.0161503
0	0	-470	0.00317273	0.63137	0.0158855
0	0	-468	0.00289573	0.565138	0.0155383
0	0	-466	0.00261237	0.499223	0.0151569
0	0	-464	0.00232689	0.433951	0.0147824
0	0	-462	0.00203861	0.369496	0.0144407
0	0	-460	0.00174824	0.305912	0.0141569
0	0	-458	0.00145825	0.243189	0.0139426
0	0	-456	0.00116817	0.181231	0.013807
0	0	-454	0.00087793	0.119875	0.0137524
0	0	-452	0.00058798	0.0589297	0.0137756
0	0	-450	0.00029798	-0.00180732	0.0138748
0	0	-448	9.08e-06	-0.0625461	0.0140417
0	0	-446	-0.00027947	-0.123512	0.014267
0	0	-444	-0.00056848	-0.184915	0.0145366
0	0	-442	-0.00085666	-0.246938	0.014839
0	0	-440	-0.00114306	-0.309723	0.0151535
0	0	-438	-0.00142856	-0.373375	0.0154532
0	0	-436	-0.00171145	-0.437917	0.0157158
0	0	-434	-0.00198991	-0.503269	0.0159091
0	0	-432	-0.00226359	-0.569228	0.0159927
0	0	-430	-0.00253012	-0.635453	0.0159219
0	0	-428	-0.00278883	-0.701447	0.0156621
0	0	-426	-0.00303692	-0.766533	0.0151776
0	0	-424	-0.00327146	-0.829865	0.0144342
0	0	-422	-0.00349166	-0.890478	0.013424
0	0	-420	-0.00369366	-0.947331	0.0121511
0	0	-418	-0.00387554	-0.999354	0.0106424
0	0	-416	-0.00403479	-1.04555	0.0089389
0	0	-414	-0.00416784	-1.08507	0.00709038
0	0	-412	-0.00427454	-1.11725	0.00515117
0	0	-410	-0.00435299	-1.14159	0.00317242
0	0	-408	-0.00440113	-1.15783	0.00118699
0	0	-406	-0.00441963	-1.16578	-0.0007814
0	0	-404	-0.0044082	-1.16542	-0.00271658
0	0	-402	-0.00436449	-1.15674	-0.00460204
0	0	-400	-0.00428992	-1.13986	-0.00641819
0	0	-398	-0.00418417	-1.11496	-0.0081319
0	0	-396	-0.00404584	-1.08237	-0.00969969
0	0	-394	-0.0038753	-1.04261	-0.0110819
0	0	-392	-0.00367649	-0.996368	-0.0122491
0	0	-390	-0.00345153	-0.944513	-0.0131782
0	0	-388	-0.00320396	-0.888009	-0.0138623
0	0	-386	-0.00293787	-0.827882	-0.0143216
0	0	-384	-0.00265977	-0.765141	-0.0145915
0	0	-382	-0.00237448	-0.700708	-0.0147037
0	0	-380	-0.00208556	-0.635359	-0.0147011
0	0	-378	-0.00179655	-0.569736	-0.0146295
0	0	-376	-0.00151133	-0.504313	-0.0145257
0	0	-374	-0.00122993	-0.439408	-0.0144198
0	0	-372	-0.00095185	-0.375193	-0.0143325
0	0	-370	-0.00067734	-0.311744	-0.0142804
0	0	-368	-0.00040616	-0.249049	-0.0142855
0	0	-366	-0.00013507	-0.187016	-0.0143464
0	0	-364	0.00013604	-0.125501	-0.0144665
0	0	-362	0.00040859	-0.0643325	-0.0146499
0	0	-360	0.00068469	-0.00331087	-0.0148947
0	0	-358	0.00096478	0.0577739	-0.0151951
0	0	-356	0.00125043	0.119131	-0.0155438
0	0	-354	0.00154233	0.180961	-0.015932
0	0	-352	0.00184028	0.24344	-0.0163464
0	0	-350	0.00214466	0.306704	-0.0167744
0	0	-348	0.00245425	0.370855	-0.0171855
0	0	-346	0.0027684	0.435918	-0.017558
0	0	-344	0.00308614	0.501807	-0.0178572
0	0	-342	0.00340352	0.568326	-0.0180439
0	0	-340	0.00371794	0.635143	-0.0180751
0	0	-338	0.00402488	0.701752	-0.0179064
0	0	-336	0.00432051	0.76747	-0.0174967
0	0	-334	0.00460016	0.831456	-0.0168126
0	0	-332	0.00485893	0.892736	-0.0158386
0	0	-330	0.00509217	0.950257	-0.014577
0	0	-328	0.00529787	1.00293	-0.0130475
0	0	-326	0.00547319	1.04974	-0.011295
0	0	-324	0.00561782	1.08982	-0.00937406
0	0	-322	0.00573203	1.12247	-0.00734367
0	0	-320	0.0058172	1.1472	-0.00525786
0	0	-318	0.00587344	1.16368	-0.00316041
0	0	-316	0.00590276	1.17174	-0.0010791
0	0	-314	0.00590565	1.17133	0.00096372
0	0	-312	0.00588347	1.16244	0.00294856
0	0	-310	0.00583659	1.14516	0.00485306
0	0	-308	0.0057649	1.11968	0.00664197
0	0	-306	0.00566715	1.08633	0.00827404
0	0	-304	0.00554512	1.04565	0.00970959
0	0	-302	0.00540052	0.998351	0.0109172
0	0	-300	0.0052325	0.94534	0.0118748
0	0	-298	0.00504322	0.887627	0.0125831
0	0	-296	0.00483507	0.826295	0.013058
0	0	-294	0.00460908	0.762393	0.0133367
0	0	-292	0.0043676	0.696891	0.0134513
0	0	-290	0.00411186	0.630619	0.0134448
0	0	-288	0.00384401	0.56426	0.0133678
0	0	-286	0.00356623	0.498319	0.0132596
0	0	-284	0.00327829	0.433144	0.0131473
0	0	-282	0.00298058	0.368912	0.013058
0	0	-280	0.00267304	0.305688	0.0130145
0	0	-278	0.00235579	0.243445	0.0130328
0	0	-276	0.00202678	0.182053	0.0131165
0	0	-274	0.00168553	0.121329	0.0132704
0	0	-272	0.00133151	0.0610593	0.0134913
0	0	-270	0.00096351	0.0010094	0.0137844
0	0	-268	0.0005826	-0.0590607	0.0141414
0	0	-266	0.00018733	-0.119414	0.0145469
0	0	-264	-0.00022133	-0.18029	0.0149917
0	0	-262	-0.00064173	-0.24189	0.0154683
0	0	-260	-0.00107283	-0.304394	0.0159567
0	0	-258	-0.00151323	-0.367925	0.0164243
0	0	-256	-0.00195861	-0.432517	0.0168474
0	0	-254	-0.00240552	-0.498084	0.0171917
0	0	-252	-0.00285018	-0.564431	0.0174167
0	0	-250	-0.00328466	-0.631198	0.0174791
0	0	-248	-0.00370375	-0.697853	0.0173354
0	0	-246	-0.00410176	-0.763687	0.01695
0	0	-244	-0.00447236	-0.827845	0.0162923
0	0	-242	-0.00481019	-0.889337	0.0153393
0	0	-240	-0.00511098	-0.947092	0.0140906
0	0	-238	-0.00537191	-1	0.0125711
0	0	-236	-0.00559043	-1.04704	0.0108244
0	0	-234	-0.00576643	-1.08733	0.00890306
0	0	-232	-0.00589969	-1.12016	0.00686465
0	0	-230	-0.00599159	-1.14501	0.00476843
0	0	-228	-0.00604238	-1.16157	0.0026574
0	0	-226	-0.00605275	-1.16968	0.00055864
0	0	-224	-0.00602466	-1.16927	-0.00150526
0	0	-222	-0.00595717	-1.16033	-0.00351455
0	0	-220	-0.00585104	-1.14298	-0.00544493
0	0	-218	-0.00570588	-1.11739	-0.00726273
0	0	-216	-0.00552084	-1.08392	-0.00892515
0	0	-214	-0.00529685	-1.04309	-0.0103926
0	0	-212	-0.00503502	-0.995646	-0.0116361
0	0	-210	-0.00473721	-0.942475	-0.0126313
0	0	-208	-0.00440703	-0.884603	-0.0133781
0	0	-206	-0.00404771	-0.823115	-0.0138947
0	0	-204	-0.00366481	-0.759076	-0.014211
0	0	-202	-0.00326451	-0.693445	-0.014365
0	0	-200	-0.00285129	-0.627053	-0.0143979
0	0	-198	-0.00243115	-0.560591	-0.0143507
0	0	-196	-0.0020081	-0.494564	-0.014266
0	0	-194	-0.00158718	-0.429316	-0.0141806
0	0	-192	-0.00117131	-0.365029	-0.0141171
0	0	-190	-0.00076232	-0.301783	-0.0140956
0	0	-188	-0.00036302	-0.239539	-0.0141408
0	0	-186	2.586e-05	-0.178159	-0.014256
0	0	-184	0.00040629	-0.117461	-0.0144405
0	0	-182	0.00077662	-0.0572406	-0.0147005
0	0	-180	0.00113693	0.00274152	-0.0150295
0	0	-178	0.00148766	0.0627397	-0.0154193
0	0	-176	0.00182962	0.123007	-0.0158619
0	0	-174	0.00216219	0.18378	-0.0163424
0	0	-172	0.00248545	0.24527	-0.0168443
0	0	-170	0.00279913	0.307668	-0.0173474
0	0	-168	0.00310253	0.371099	-0.0178253
0	0	-166	0.00339424	0.435589	-0.0182471
0	0	-164	0.00367365	0.501071	-0.0185755
0	0	-162	0.00393715	0.567353	-0.0187664
0	0	-160	0.00418523	0.634082	-0.0187793
0	0	-158	0.00441481	0.700723	-0.0185707
0	0	-156	0.00462358	0.766578	-0.0181036
0	0	-154	0.00480925	0.830789	-0.0173472
0	0	-152	0.00497043	0.892358	-0.0162801
0	0	-150	0.00510576	0.950199	-0.0149065
0	0	-148	0.00521504	1.00322	-0.0132544
0	0	-146	0.00529791	1.05039	-0.0113614
0	0	-144	0.00535388	1.09081	-0.0092826
0	0	-142	0.00538582	1.12376	-0.00708549
0	0	-140	0.00539477	1.14875	-0.00482391
0	0	-138	0.0053821	1.16544	-0.00254167
0	0	-136	0.00535033	1.17368	-0.00027075
0	0	-134	0.00530087	1.17339	0.00196442
0	0	-132	0.00523342	1.16458	0.00413966
0	0	-130	0.00514926	1.14734	0.00622792
0	0	-128	0.00504881	1.12187	0.00819255
0	0	-126	0.0049328	1.08852	0.00998676
0	0	-124	0.00480048	1.0478	0.0115624
0	0	-122	0.00465265	1.00044	0.012887
0	0	-120	0.00449055	0.94733	0.0139367
0	0	-118	0.00431414	0.88949	0.0147058
0	0	-116	0.00412486	0.828001	0.0152252
0	0	-114	0.00392453	0.763922	0.015527
0	0	-112	0.00371429	0.698202	0.0156479
0	0	-110	0.00349534	0.631672	0.0156447
0	0	-108	0.00326927	0.565015	0.0155631
0	0	-106	0.00303567	0.498743	0.0154396
0	0	-104	0.00279647	0.433186	0.0153037
0	0	-102	0.00255063	0.368544	0.0151816
0	0	-100	0.00229761	0.304902	0.0150941
0	0	-98	0.00203595	0.242235	0.0150464
0	0	-96	0.0017645	0.180413	0.0150415
0	0	-94	0.00148254	0.119266	0.0150851
0	0	-92	0.00118877	0.0585973	0.0151772
0	0	-90	0.00088274	-0.00181633	0.015322
0	0	-88	0.00056396	-0.0622212	0.0155111
0	0	-86	0.00023385	-0.122867	0.0157396
0	0	-84	-0.0001059	-0.183973	0.0160099
0	0	-82	-0.00045479	-0.245755	0.0163043
0	0	-80	-0.00081001	-0.308404	0.0166147
0	0	-78	-0.00116588	-0.372029	0.0169157
0	0	-76	-0.00152057	-0.436654	0.0171903
0	0	-74	-0.00186969	-0.502215	0.0174104
0	0	-72	-0.002209	-0.568521	0.0175289
0	0	-70	-0.00253593	-0.635216	0.0175067
0	0	-68	-0.00284667	-0.701775	0.0173052
0	0	-66	-0.00313817	-0.767497	0.0168783
0	0	-64	-0.00340791	-0.831534	0.0161845
0	0	-62	-0.0036556	-0.892894	0.0152094
0	0	-60	-0.00388119	-0.950498	0.0139509
0	0	-58	-0.00408406	-1.00326	0.0124323
0	0	-56	-0.00426502	-1.05016	0.010692
0	0	-54	-0.00442661	-1.09032	0.00878536
0	0	-52	-0.00457021	-1.12302	0.00677497
0	0	-50	-0.00469904	-1.14778	0.00471712
0	0	-48	-0.00481753	-1.16428	0.00265142
0	0	-46	-0.00492673	-1.17237	0.00060647
0	0	-44	-0.00503123	-1.17198	-0.00139525
0	0	-42	-0.00513462	-1.16313	-0.0033359
0	0	-40	-0.00523894	-1.14592	-0.00519509
0	0	-38	-0.00534508	-1.12056	-0.00694072
0	0	-36	-0.00545329	-1.08737	-0.00853593
0	0	-34	-0.00556362	-1.04691	-0.00995562
0	0	-32	-0.00567121	-0.99989	-0.0111654
0	0	-30	-0.00577475	-0.947186	-0.0121541
0	0	-28	-0.00587108	-0.889807	-0.0129263
0	0	-26	-0.00595558	-0.828822	-0.0135018
0	0	-24	-0.00602437	-0.765258	-0.0139081
0	0	-22	-0.00607213	-0.70005	-0.0141745
0	0	-20	-0.00609674	-0.634005	-0.0143411
0	0	-18	-0.00609371	-0.567784	-0.014447
0	0	-16	-0.00606001	-0.501851	-0.0145163
0	0	-14	-0.0059933	-0.436514	-0.0145749
0	0	-12	-0.00589383	-0.371966	-0.0146442
0	0	-10	-0.00576171	-0.308282	-0.0147423
0	0	-8	-0.00559807	-0.245426	-0.0148825
0	0	-6	-0.00540558	-0.183288	-0.0150648
0	0	-4	-0.00518651	-0.121728	-0.0152925
0	0	-2	-0.00494368	-0.0605745	-0.0155706
0	0	0	-0.0046779	0.00039096	-0.0158964
0	0	2	-0.00438939	0.0613796	-0.0162635
0	0	4	-0.00407705	0.122595	-0.0166672
0	0	6	-0.00373858	0.184231	-0.0170986
0	0	8	-0.00337194	0.246476	-0.017544
0	0	10	-0.00297414	0.309481	-0.0179859
0	0	12	-0.00254201	0.373333	-0.0184037
0	0	14	-0.00207487	0.438048	-0.0187684
0	0	16	-0.00157233	0.503547	-0.0190523
0	0	18	-0.00103724	0.569646	-0.0192158
0	0	20	-0.00047491	0.636007	-0.0192142
0	0	22	0.00010606	0.702121	-0.0190045
0	0	24	0.0006949	0.76733	-0.0185477
0	0	26	0.00128075	0.830804	-0.017812
0	0	28	0.00185083	0.891579	-0.0167745
0	0	30	0.00239104	0.948597	-0.0154354
0	0	32	0.00289185	1.0008	-0.0138229
0	0	34	0.00334159	1.04719	-0.0119739
0	0	36	0.00373261	1.08691	-0.00994037
0	0	38	0.00406004	1.11927	-0.00778448
0	0	40	0.00432044	1.14379	-0.00556195
0	0	42	0.00451237	1.16014	-0.00331564
0	0	44	0.00463556	1.16818	-0.00108063
0	0	46	0.0046935	1.16783	0.00111902
0	0	48	0.0046885	1.1591	0.00326071
0	0	50	0.00462161	1.14208	0.00531452
0	0	52	0.00449607	1.11694	0.00724273
0	0	54	0.00431614	1.08404	0.00899948
0	0	56	0.00408606	1.04388	0.0105425
0	0	58	0.00380962	0.997169	0.0118288
0	0	60	0.00349323	0.944772	0.012838
0	0	62	0.00314199	0.887696	0.0135672
0	0	64	0.00276279	0.827	0.0140352
0	0	66	0.00236283	0.763706	0.0142764
0	0	68	0.001949	0.698742	0.0143313
0	0	70	0.00152719	0.632943	0.0142556
0	0	72	0.00110516	0.566958	0.0141008
0	0	74	0.00068629	0.501249	0.0139029
0	0	76	0.00027604	0.43613	0.0136968
0	0	78	-0.0001234	0.371805	0.0135187
0	0	80	-0.00050965	0.308341	0.0133845
0	0	82	-0.00088211	0.245704	0.0133048
0	0	84	-0.00124136	0.183797	0.0132903
0	0	86	-0.00158615	0.122482	0.0133483
0	0	88	-0.00191696	0.0615676	0.0134805
0	0	90	-0.00223361	0.00084253	0.0136813
0	0	92	-0.00253629	-0.0599073	0.0139478
0	0	94	-0.00282395	-0.120888	0.0142757
0	0	96	-0.00309634	-0.182308	0.0146532
0	0	98	-0.00335139	-0.244352	0.0150656
0	0	100	-0.00358748	-0.307178	0.015493
0	0	102	-0.00380508	-0.370876	0.0159108
0	0	104	-0.00400142	-0.435475	0.0162904
0	0	106	-0.00417818	-0.500907	0.0166016
0	0	108	-0.00433483	-0.566978	0.0167999
0	0	110	-0.00447184	-0.633357	0.0168457
0	0	112	-0.00459133	-0.699553	0.0166954
0	0	114	-0.00469455	-0.764901	0.0163102
0	0	116	-0.00478271	-0.828576	0.0156559
0	0	118	-0.00485844	-0.889609	0.0147128
0	0	120	-0.00492157	-0.946938	0.0134925
0	0	122	-0.00497407	-0.999485	0.0120169
0	0	124	-0.00501615	-1.04625	0.0103257
0	0	126	-0.0050497	-1.08636	0.00847764
0	0	128	-0.00507481	-1.11909	0.00653242
0	0	130	-0.00509094	-1.14395	0.00454431
0	0	132	-0.00509895	-1.16062	0.00255556
0	0	134	-0.00509959	-1.16894	0.00059677
0	0	136	-0.00509143	-1.16882	-0.00131136
0	0	138	-0.00507455	-1.16027	-0.00315067
0	0	140	-0.00504483	-1.14337	-0.00489733
0	0	142	-0.00500082	-1.11831	-0.00651489
0	0	144	-0.00493887	-1.0854	-0.00796798
0	0	146	-0.00485323	-1.04519	-0.00921929
0	0	148	-0.00474075	-0.99835	-0.0102395
0	0	150	-0.00459876	-0.945766	-0.0110173
0	0	152	-0.00442424	-0.888466	-0.0115568
0	0	154	-0.00421466	-0.827504	-0.0118882
0	0	156	-0.00397149	-0.763912	-0.0120514
0	0	158	-0.00369488	-0.698638	-0.0120885
0	0	160	-0.00338756	-0.632529	-0.0120598
0	0	162	-0.00305191	-0.566226	-0.012006
0	0	164	-0.00269169	-0.500207	-0.0119683
0	0	166	-0.00231182	-0.434797	-0.011969
0	0	168	-0.00191749	-0.370193	-0.0120295
0	0	170	-0.00151411	-0.306461	-0.0121695
0	0	172	-0.00110825	-0.243569	-0.0123853
0	0	174	-0.00070586	-0.181426	-0.0126751
0	0	176	-0.00031188	-0.119891	-0.0130379
0	0	178	6.917e-05	-0.0587797	-0.0134675
0	0	180	0.00043388	0.00212682	-0.0139515
0	0	182	0.00078023	0.0630407	-0.0144734
0	0	184	0.0011081	0.124158	-0.0150276
0	0	186	0.00141918	0.185696	-0.0156003
0	0	188	0.00171648	0.247832	-0.0161682
0	0	190	0.00200482	0.310715	-0.0167079
0	0	192	0.00228832	0.374433	-0.0172022
0	0	194	0.00257115	0.439015	-0.017618
0	0	196	0.00285847	0.504397	-0.0179137
0	0	198	0.00315224	0.570386	-0.0180473
0	0	200	0.00345302	0.636644	-0.0179873
0	0	202	0.00375956	0.702675	-0.0176949
0	0	204	0.00406773	0.767828	-0.0171327
0	0	206	0.00437338	0.831279	-0.0162875
0	0	208	0.00466905	0.892057	-0.0151593
0	0	210	0.00494934	0.949113	-0.0137612
0	0	212	0.00520663	1.00139	-0.0121302
0	0	214	0.00543662	1.0479	-0.0103167
0	0	216	0.0056349	1.08775	-0.00837912
0	0	218	0.00579946	1.12026	-0.00637464
0	0	220	0.00592844	1.14495	-0.00435123
0	0	222	0.00602165	1.1615	-0.00234171
0	0	224	0.00608086	1.16973	-0.00036818
0	0	226	0.00610599	1.16958	0.00155733
0	0	228	0.00609932	1.16105	0.00342586
0	0	230	0.00606189	1.14423	0.00522267
0	0	232	0.00599358	1.1193	0.00692211
0	0	234	0.00589568	1.08659	0.00849404
0	0	236	0.00576806	1.04659	0.00989794
0	0	238	0.00561037	1.00002	0.011108
0	0	240	0.00542325	0.947727	0.0121013
0	0	242	0.00520865	0.890728	0.0128733
0	0	244	0.00496717	0.830063	0.0134385
0	0	246	0.0047009	0.766759	0.0138203
0	0	248	0.00441362	0.701775	0.0140533
0	0	250	0.00410686	0.635921	0.0141806
0	0	252	0.00378426	0.569855	0.0142421
0	0	254	0.0034492	0.504071	0.0142788
0	0	256	0.00310413	0.438889	0.0143187
0	0	258	0.00275213	0.374499	0.0143887
0	0	260	0.00239597	0.310977	0.0145112
0	0	262	0.00203784	0.248289	0.014689
0	0	264	0.00168084	0.186337	0.0149294
0	0	266	0.00132567	0.124983	0.0152322
0	0	268	0.00097414	0.0640446	0.0155855
0	0	270	0.00062825	0.00330087	0.0159793
0	0	272	0.00028823	-0.0574798	0.0163964
0	0	274	-4.556e-05	-0.118497	0.016825
0	0	276	-0.0003725	-0.179964	0.0172443
0	0	278	-0.00069322	-0.242094	0.017633
0	0	280	-0.00100788	-0.305036	0.0179753
0	0	282	-0.00131508	-0.368882	0.0182496
0	0	284	-0.00161586	-0.433666	0.0184288
0	0	286	-0.0019109	-0.499337	0.0184799
0	0	288	-0.00219956	-0.565705	0.0183721
0	0	290	-0.00248062	-0.632424	0.0180798
0	0	292	-0.0027528	-0.698984	0.0175701
0	0	294	-0.00301483	-0.76473	0.0168136
0	0	296	-0.00326496	-0.828806	0.0157944
0	0	298	-0.00349984	-0.890228	0.0145106
0	0	300	-0.00371797	-0.947931	0.0129757
0	0	302	-0.00391599	-1.00084	0.0112182
0	0	304	-0.00409143	-1.04793	0.009281
0	0	306	-0.00424207	-1.08832	0.00722087
0	0	308	-0.00436668	-1.1213	0.00508865
0	0	310	-0.00446383	-1.14636	0.00292531
0	0	312	-0.00453464	-1.1632	0.00076664
0	0	314	-0.00457674	-1.17163	-0.00136415
0	0	316	-0.00459037	-1.17159	-0.00345012
0	0	318	-0.00457629	-1.16307	-0.00547411
0	0	320	-0.00453341	-1.14616	-0.00741122
0	0	322	-0.00446223	-1.12107	-0.00922494
0	0	324	-0.0043627	-1.08813	-0.0108722
0	0	326	-0.00423434	-1.04786	-0.0123041
0	0	328	-0.00407884	-1.00099	-0.0134868
0	0	330	-0.00389629	-0.948429	-0.0143998
0	0	332	-0.00368909	-0.89119	-0.015044
0	0	334	-0.00345931	-0.830331	-0.0154341
0	0	336	-0.00321057	-0.766884	-0.0156067
0	0	338	-0.00294378	-0.701796	-0.0156037
0	0	340	-0.00266226	-0.635877	-0.0154788
0	0	342	-0.00236679	-0.569775	-0.0152765
0	0	344	-0.00205895	-0.503962	-0.0150338
0	0	346	-0.00174035	-0.43877	-0.0147917
0	0	348	-0.00141128	-0.374389	-0.0145757
0	0	350	-0.00107275	-0.310879	-0.0144061
0	0	352	-0.00072352	-0.248207	-0.0142896
0	0	354	-0.00036539	-0.186281	-0.014233
0	0	356	5.5e-07	-0.12496	-0.0142419
0	0	358	0.00037262	-0.0640644	-0.0143058
0	0	360	0.00074959	-0.00337577	-0.0144172
0	0	362	0.00113099	0.0573173	-0.0145603
0	0	364	0.00151362	0.118214	-0.0147247
0	0	366	0.00189585	0.179535	-0.0148966
0	0	368	0.00227453	0.24147	-0.0150578
0	0	370	0.00264677	0.304161	-0.0151915
0	0	372	0.00301064	0.367701	-0.0152863
0	0	374	0.00336195	0.432126	-0.0153202
0	0	376	0.0036983	0.497382	-0.0152669
0	0	378	0.0040161	0.563283	-0.0150973
0	0	380	0.00431237	0.629501	-0.0147852
0	0	382	0.004584	0.695552	-0.0143033
0	0	384	0.0048288	0.76079	-0.0136191
0	0	386	0.00504319	0.824382	-0.0127098
0	0	388	0.00522634	0.885364	-0.0115664
0	0	390	0.00537587	0.942688	-0.010189
0	0	392	0.00549028	0.995288	-0.00859305
0	0	394	0.00557277	1.04214	-0.00681243
0	0	396	0.00562257	1.08236	-0.00489013
0	0	398	0.00564073	1.11521	-0.00287356
0	0	400	0.00562861	1.14022	-0.00080321
0	0	402	0.00558945	1.15705	0.00128832
0	0	404	0.00552497	1.16554	0.00337687
0	0	406	0.00543543	1.16562	0.00544306
0	0	408	0.00532164	1.15732	0.0074658
0	0	410	0.00518412	1.14074	0.00941749
0	0	412	0.00502286	1.11606	0.0112545
0	0	414	0.00483828	1.08363	0.0129268
0	0	416	0.00463085	1.04394	0.0143818
0	0	418	0.00439952	0.997709	0.0155718
0	0	420	0.0041471	0.945792	0.0164684
0	0	422	0.00387482	0.889182	0.0170608
0	0	424	0.00358468	0.828913	0.0173645
0	0	426	0.00327997	0.766008	0.0174102
0	0	428	0.00296331	0.701412	0.0172399
0	0	430	0.00263888	0.635923	0.0169064
0	0	432	0.00230875	0.57018	0.0164638
0	0	434	0.00197634	0.504661	0.0159559
0	0	436	0.00164344	0.439697	0.0154228
0	0	438	0.00131268	0.375481	0.0148961
0	0	440	0.0009861	0.312071	0.0144049
0	0	442	0.00066452	0.249449	0.0139602
0	0	444	0.00034845	0.18753	0.0135758
0	0	446	3.928e-05	0.12617	0.0132576
0	0	448	-0.00026297	0.0651936	0.0130072
0	0	450	-0.00055757	0.00439197	0.0128241
0	0	452	-0.00084517	-0.0564381	0.0127023
0	0	454	-0.00112548	-0.1175	0.0126396
0	0	456	-0.00139965	-0.179004	0.0126205
0	0	458	-0.00166737	-0.241152	0.0126321
0	0	460	-0.00192976	-0.304085	0.0126624
0	0	462	-0.00218659	-0.367889	0.0126879
0	0	464	-0.00243733	-0.432602	0.0126887
0	0	466	-0.00268325	-0.498174	0.0126288
0	0	468	-0.00292317	-0.564406	0.0124821
0	0	470	-0.00315554	-0.630967	0.0122145
0	0	472	-0.0033803	-0.697378	0.0117847
0	0	474	-0.00359578	-0.762969	0.0111607
0	0	476	-0.00379958	-0.826894	0.0103259
0	0	478	-0.00398948	-0.888182	0.00926204
0	0	480	-0.00416363	-0.94577	0.0079737
0	0	482	-0.00431881	-0.998585	0.006473
0	0	484	-0.00445365	-1.04561	0.00479837
0	0	486	-0.00456591	-1.08594	0.00299597
0	0	488	-0.00465385	-1.11887	0.00110244
0	0	490	-0.00471672	-1.14391	-0.00084138
0	0	492	-0.0047543	-1.16072	-0.00280426
0	0	494	-0.00476576	-1.16912	-0.00476511
0	0	496	-0.00475058	-1.16904	-0.00670819
0	0	498	-0.00470833	-1.16048	-0.00861326
0	0	500	-0.00463749	-1.14353	-0.0104496
0	0	502	-0.00453894	-1.11837	-0.0121784
0	0	504	-0.00441153	-1.08535	-0.0137472
0	0	506	-0.00425371	-1.04498	-0.0151013
0	0	508	-0.00406701	-0.997972	-0.0162016
0	0	510	-0.00385436	-0.945224	-0.0170251
0	0	512	-0.00361691	-0.887742	-0.0175641
0	0	514	-0.00335658	-0.826592	-0.0178306
0	0	516	-0.00307783	-0.762825	-0.0178596
0	0	518	-0.00278498	-0.697419	-0.017702
0	0	520	-0.00248001	-0.631203	-0.0173977
0	0	522	-0.0021664	-0.564848	-0.0169948
0	0	524	-0.00184631	-0.498871	-0.0165368
0	0	526	-0.00152261	-0.433622	-0.0160602
0	0	528	-0.00119601	-0.369307	-0.0155931
0	0	530	-0.00086768	-0.305991	-0.0151566
0	0	532	-0.00053777	-0.243645	-0.0147647
0	0	534	-0.00020652	-0.182153	-0.0144297
0	0	536	0.00012641	-0.121342	-0.0141532
0	0	538	0.00046114	-0.0610033	-0.0139317
0	0	540	0.00079844	-0.00089775	-0.0137647
0	0	542	0.0011379	0.0592083	-0.0136489
0	0	544	0.00147879	0.119552	-0.0135755
0	0	546	0.00182122	0.180378	-0.0135317
0	0	548	0.00216424	0.241903	-0.0135075
0	0	550	0.00250738	0.304298	-0.0134813
0	0	552	0.00284814	0.367676	-0.0134345
0	0	554	0.00318395	0.432085	-0.0133342
0	0	556	0.00351258	0.497447	-0.013152
0	0	558	0.00383042	0.563558	-0.0128642
0	0	560	0.00413278	0.630063	-0.0124335
0	0	562	0.0044165	0.696456	-0.011828
0	0	564	0.0046777	0.762051	-0.0110273
0	0	566	0.00491297	0.82599	-0.0100228
0	0	568	0.00512061	0.887288	-0.0088119
0	0	570	0.00529831	0.944883	-0.00740814
0	0	572	0.00544571	0.997704	-0.00583444
0	0	574	0.00556458	1.04472	-0.0041384
0	0	576	0.00565575	1.08507	-0.00236355
0	0	578	0.00572189	1.11803	-0.0005486
0	0	580	0.00576617	1.14311	0.001267
0	0	582	0.00579056	1.15999	0.00306077
0	0	584	0.00579848	1.1685	0.00482194
0	0	586	0.00579135	1.16859	0.00654361
0	0	588	0.00577024	1.16027	0.0082147
0	0	590	0.0057349	1.14362	0.00981669
0	0	592	0.00568562	1.11885	0.0113179
0	0	594	0.00562198	1.08628	0.0126762
0	0	596	0.00554164	1.04642	0.0138467
0	0	598	0.00544367	0.999984	0.0147974
0	0	600	0.00532738	0.947837	0.0155085
0	0	602	0.005191	0.890965	0.0159696
0	0	604	0.00503465	0.830413	0.0161962
0	0	606	0.00485633	0.767224	0.0162274
0	0	608	0.00465647	0.702341	0.0161096
0	0	610	0.00443547	0.636584	0.0158813
0	0	612	0.00419253	0.570594	0.0155826
0	0	614	0.00392876	0.504864	0.0152622
0	0	616	0.00364503	0.439725	0.0149498
0	0	618	0.00334239	0.375368	0.0146654
0	0	620	0.00302194	0.311848	0.0144222
0	0	622	0.00268454	0.249149	0.0142361
0	0	624	0.00233294	0.187177	0.0141167
0	0	626	0.00196974	0.125783	0.0140538
0	0	628	0.00159619	0.0647612	0.0140477
0	0	630	0.00121639	0.00390907	0.0140998
0	0	632	0.00083105	-0.0569782	0.0142026
0	0	634	0.00044373	-0.118109	0.0143437
0	0	636	5.775e-05	-0.1797	0.014508
0	0	638	-0.00032471	-0.241924	0.014691
0	0	640	-0.00070076	-0.304923	0.0148733
0	0	642	-0.0010683	-0.368783	0.0150241
0	0	644	-0.00142394	-0.433534	0.0151165
0	0	646	-0.0017662	-0.499093	0.0151277
0	0	648	-0.00209262	-0.565252	0.0150198
0	0	650	-0.00240126	-0.631671	0.0147518
0	0	652	-0.0026894	-0.697871	0.0142849
0	0	654	-0.0029568	-0.763171	0.0135915
0	0	656	-0.00320112	-0.826733	0.0126572
0	0	658	-0.00342223	-0.887603	0.0114699
0	0	660	-0.00361909	-0.944749	0.0100469
0	0	662	-0.00379099	-0.997096	0.00842357
0	0	664	-0.0039397	-1.04365	0.00665109
0	0	666	-0.00406604	-1.08355	0.00478374
0	0	668	-0.00417222	-1.11613	0.00287356
0	0	670	-0.00426042	-1.14088	0.00097202
0	0	672	-0.00433416	-1.1575	-0.00088998
0	0	674	-0.00439695	-1.16583	-0.00269201
0	0	676	-0.00445034	-1.1658	-0.00441925
0	0	678	-0.00449676	-1.15742	-0.00605992
0	0	680	-0.00453803	-1.14078	-0.00759329
0	0	682	-0.00457478	-1.11606	-0.00898885
0	0	684	-0.00460586	-1.0836	-0.0102107
0	0	686	-0.00462966	-1.04388	-0.0112227
0	0	688	-0.00464475	-0.997609	-0.0120054
0	0	690	-0.00464835	-0.945649	-0.0125467
0	0	692	-0.00463872	-0.888983	-0.0128515
0	0	694	-0.00461377	-0.828644	-0.012952
0	0	696	-0.00457249	-0.76566	-0.0128864
0	0	698	-0.00451278	-0.700967	-0.0127
0	0	700	-0.00443387	-0.635372	-0.0124405
0	0	702	-0.00433577	-0.569515	-0.0121478
0	0	704	-0.00421851	-0.503887	-0.0118607
0	0	706	-0.00408256	-0.43881	-0.0116052
0	0	708	-0.00392962	-0.374476	-0.011398
0	0	710	-0.00376278	-0.310948	-0.0112525
0	0	712	-0.00358372	-0.248218	-0.0111785
0	0	714	-0.00339512	-0.186203	-0.0111728
0	0	716	-0.00319892	-0.124756	-0.0112347
0	0	718	-0.00299697	-0.0636991	-0.0113606
0	0	720	-0.00278939	-0.00283091	-0.0115527
0	0	722	-0.00257418	0.0580547	-0.0117947
0	0	724	-0.00234991	0.119167	-0.0120789
0	0	726	-0.00211267	0.180707	-0.0123963
0	0	728	-0.00185828	0.24285	-0.0127358
0	0	730	-0.00158197	0.305744	-0.0130829
0	0	732	-0.00127966	0.369487	-0.0134079
0	0	734	-0.00094942	0.434109	-0.0136905
0	0	736	-0.00058982	0.499528	-0.013906
0	0	738	-0.00020176	0.565556	-0.0140101
0	0	740	0.00020956	0.631858	-0.0139633
0	0	742	0.00063784	0.697953	-0.0137265
0	0	744	0.00107376	0.763178	-0.013268
0	0	746	0.00150636	0.826704	-0.0125532
0	0	748	0.00192511	0.887571	-0.0115548
0	0	750	0.00232015	0.944743	-0.0102831
0	0	752	0.00267956	0.997151	-0.00875576
0	0	754	0.00299609	1.04378	-0.00700384
0	0	756	0.00326294	1.08377	-0.00507829
0	0	758	0.003476	1.11641	-0.00302546
0	0	760	0.00363404	1.14122	-0.00089829
0	0	762	0.00373735	1.15786	0.00126463
0	0	764	0.00378806	1.16615	0.00343138
0	0	766	0.00378963	1.16601	0.00557464
0	0	768	0.00374534	1.15746	0.00766585
0	0	770	0.00365954	1.14055	0.00966877
0	0	772	0.00353766	1.1155	0.0115361
0	0	774	0.00338418	1.08261	0.0132128
0	0	776	0.00320367	1.0424	0.0146472
0	0	778	0.00300207	0.995578	0.0157999
0	0	780	0.00278491	0.943036	0.0166434
0	0	782	0.00255716	0.885768	0.0171708
0	0	784	0.00232297	0.824829	0.0174039
0	0	786	0.002087	0.76128	0.017381
0	0	788	0.00185313	0.696069	0.0171412
0	0	790	0.0016229	0.630034	0.0167382
0	0	792	0.00140041	0.563858	0.0162226
0	0	794	0.00118619	0.498061	0.0156436
0	0	796	0.00098125	0.432986	0.0150422
0	0	798	0.00078533	0.368829	0.014442
0	0	800	0.00059815	0.305666	0.0138723
0	0	802	0.00041781	0.243467	0.0133515
0	0	804	0.00024316	0.182126	0.0128879
0	0	806	7.269e-05	0.121459	0.012483
0	0	808	-9.605e-05	0.0612595	0.0121416
0	0	810	-0.00026548	0.0012984	0.01186
0	0	812	-0.00043741	-0.0586618	0.0116359
0	0	814	-0.00061395	-0.118875	0.0114601
0	0	816	-0.00079695	-0.179568	0.011325
0	0	818	-0.00098713	-0.240943	0.0112259
0	0	820	-0.00118642	-0.303178	0.0111439
0	0	822	-0.00139495	-0.366398	0.0110615
0	0	824	-0.00161365	-0.430631	0.0109587
0	0	826	-0.00184151	-0.495815	0.0108088
0	0	828	-0.00207761	-0.561746	0.0105945
0	0	830	-0.00231907	-0.628082	0.0102734
0	0	832	-0.00256306	-0.694305	0.00982237
0	0	834	-0.0028067	-0.759742	0.00922661
0	0	836	-0.00304716	-0.82353	0.00846594
0	0	838	-0.00328012	-0.884716	0.00752793
0	0	840	-0.00350174	-0.942237	0.00642841
0	0	842	-0.00370854	-0.995012	0.00518767
0	0	844	-0.00389795	-1.04202	0.00383704
0	0	846	-0.00406856	-1.08238	0.00241719
0	0	848	-0.00421616	-1.11538	0.00096137
0	0	850	-0.00434074	-1.14051	-0.00049474
0	0	852	-0.00444157	-1.15745	-0.00193115
0	0	854	-0.00451817	-1.16604	-0.0033386
0	0	856	-0.00456976	-1.16621	-0.00471124
0	0	858	-0.00459621	-1.15797	-0.00604497
0	0	860	-0.00459675	-1.1414	-0.00732736
0	0	862	-0.00456992	-1.11671	-0.00853636
0	0	864	-0.00451352	-1.08421	-0.00963985
0	0	866	-0.00442713	-1.04443	-0.0106059
0	0	868	-0.00430903	-0.998052	-0.0114067
0	0	870	-0.00415983	-0.945963	-0.0120255
0	0	872	-0.00398027	-0.889146	-0.0124621
0	0	874	-0.00377122	-0.828662	-0.0127364
0	0	876	-0.00353614	-0.765544	-0.0128828
0	0	878	-0.0032785	-0.70072	-0.0129322
0	0	880	-0.00300209	-0.635004	-0.0129238
0	0	882	-0.0027116	-0.569056	-0.012897
0	0	884	-0.00241055	-0.503366	-0.0128815
0	0	886	-0.00210373	-0.438252	-0.0128994
0	0	888	-0.0017929	-0.373908	-0.0129606
0	0	890	-0.00148208	-0.310401	-0.0130752
0	0	892	-0.00117319	-0.247715	-0.0132486
0	0	894	-0.0008699	-0.185751	-0.0134754
0	0	896	-0.00057306	-0.124361	-0.0137535
0	0	898	-0.00028371	-0.0633705	-0.014082
0	0	900	-3.5e-06	-0.00257813	-0.0144569
0	0	902	0.00026923	0.0582295	-0.0148702
0	0	904	0.00053474	0.119268	-0.0153131
0	0	906	0.0007947	0.180736	-0.0157736
0	0	908	0.00104923	0.242806	-0.0162399
0	0	910	0.00129978	0.305625	-0.0166875
0	0	912	0.00154647	0.369294	-0.017093
0	0	914	0.00179012	0.433833	-0.0174249
0	0	916	0.00202907	0.499169	-0.0176428
0	0	918	0.00226266	0.565125	-0.0177024
0	0	920	0.0024901	0.631387	-0.0175584
0	0	922	0.00270778	0.697463	-0.0171711
0	0	924	0.00291488	0.76269	-0.0165083
0	0	926	0.00310772	0.826251	-0.0155427
0	0	928	0.00328334	0.887195	-0.014265
0	0	930	0.00344019	0.944473	-0.0126966
0	0	932	0.00357654	0.997014	-0.0108664
0	0	934	0.0036914	1.04381	-0.00882119
0	0	936	0.00378387	1.08398	-0.00662363
0	0	938	0.0038543	1.11682	-0.00433073
0	0	940	0.00390424	1.14184	-0.00199477
0	0	942	0.00393322	1.15869	0.00034602
0	0	944	0.00394249	1.16722	0.00265875
0	0	946	0.00393271	1.16733	0.00492142
0	0	948	0.0039055	1.15904	0.00711148
0	0	950	0.00386002	1.14242	0.00919509
0	0	952	0.00379607	1.11766	0.0111294
0	0	954	0.00371345	1.08507	0.0128692
0	0	956	0.00361325	1.04517	0.0143656
0	0	958	0.00349544	0.998652	0.0155739
0	0	960	0.00336126	0.946378	0.0164752
0	0	962	0.00321064	0.88934	0.0170683
0	0	964	0.00304599	0.828596	0.0173732
0	0	966	0.00286849	0.765191	0.0174229
0	0	968	0.00267977	0.700062	0.0172666
0	0	970	0.00247982	0.63403	0.0169587
0	0	972	0.00227057	0.567768	0.0165534
0	0	974	0.00205435	0.50177	0.016096
0	0	976	0.00183066	0.436372	0.0156197
0	0	978	0.00160018	0.371765	0.0151569
0	0	980	0.00136342	0.308038	0.0147302
0	0	982	0.00112193	0.245174	0.0143525
0	0	984	0.00087532	0.183077	0.0140246
0	0	986	0.00062405	0.121604	0.0137523
0	0	988	0.00036945	0.0605921	0.0135379
0	0	990	0.00011266	-0.00017058	0.0133744
0	0	992	-0.00014638	-0.0608948	0.0132556
0	0	994	-0.00040588	-0.121799	0.0131751
0	0	996	-0.00066399	-0.183094	0.0131258
0	0	998	-0.00091908	-0.244965	0.0130895
0	0	1000	-0.0011707	-0.307572	0.0130513
0	0	1002	-0.00141719	-0.37103	0.0129949
0	0	1004	-0.00165659	-0.435362	0.0128983
0	0	1006	-0.00188725	-0.500498	0.0127333
0	0	1008	-0.00210927	-0.566272	0.0124659
0	0	1010	-0.00231936	-0.632363	0.0120725
0	0	1012	-0.00251706	-0.698284	0.0115219
0	0	1014	-0.00270156	-0.763367	0.0107886
0	0	1016	-0.0028701	-0.826784	0.00985816
0	0	1018	-0.00302121	-0.88759	0.00872974
0	0	1020	-0.00315314	-0.944735	0.00742122
0	0	1022	-0.00326322	-0.99715	0.00595003
0	0	1024	-0.00334982	-1.04383	0.00435431
0	0	1026	-0.00341018	-1.0839	0.00267732
0	0	1028	-0.00344399	-1.11665	0.00096145
0	0	1030	-0.00344874	-1.14157	-0.00075977
0	0	1032	-0.00342396	-1.15834	-0.002466
0	0	1034	-0.00337079	-1.16675	-0.00414173
0	0	1036	-0.00328735	-1.16674	-0.00577788
0	0	1038	-0.00317374	-1.1583	-0.00736204
0	0	1040	-0.00303085	-1.1415	-0.00887296
0	0	1042	-0.00285938	-1.11651	-0.0102772
0	0	1044	-0.00266086	-1.08368	-0.0115321
0	0	1046	-0.00243843	-1.04352	-0.0126001
0	0	1048	-0.00219579	-0.99674	-0.0134409
0	0	1050	-0.00193666	-0.944232	-0.0140346
0	0	1052	-0.00166884	-0.887004	-0.0143862
0	0	1054	-0.00139566	-0.826117	-0.0145109
0	0	1056	-0.0011235	-0.762615	-0.0144433
0	0	1058	-0.00085696	-0.69743	-0.0142211
0	0	1060	-0.00059811	-0.631369	-0.0138909
0	0	1062	-0.00034886	-0.565098	-0.0135005
0	0	1064	-0.00011028	-0.499103	-0.0130838
0	0	1066	0.00011856	-0.433704	-0.0126718
0	0	1068	0.00033794	-0.369088	-0.0122923
0	0	1070	0.00055017	-0.305347	-0.0119608
0	0	1072	0.00075627	-0.242459	-0.0116908
0	0	1074	0.00095855	-0.180323	-0.011485
0	0	1076	0.00115909	-0.118806	-0.0113486
0	0	1078	0.00135871	-0.0577315	-0.0112885
0	0	1080	0.00155946	0.00310689	-0.0113018
0	0	1082	0.00176272	0.0639284	-0.0113826
0	0	1084	0.00196923	0.124943	-0.0115264
0	0	1086	0.00217951	0.186356	-0.0117268
0	0	1088	0.00239358	0.248365	-0.011971
0	0	1090	0.00261258	0.311136	-0.0122387
0	0	1092	0.00283435	0.374773	-0.0125077
0	0	1094	0.0030583	0.439303	-0.0127572
0	0	1096	0.00328175	0.504683	-0.0129551
0	0	1098	0.00350256	0.570738	-0.0130592
0	0	1100	0.00371683	0.637156	-0.013033
0	0	1102	0.00392085	0.703465	-0.0128338
0	0	1104	0.00411109	0.769023	-0.0124273
0	0	1106	0.00428441	0.833012	-0.011775
0	0	1108	0.00443759	0.894477	-0.010862
0	0	1110	0.00456854	0.952365	-0.00968844
0	0	1112	0.00467573	1.00559	-0.00826293
0	0	1114	0.00475844	1.05314	-0.00661529
0	0	1116	0.00481795	1.09408	-0.00478741
0	0	1118	0.00485551	1.1277	-0.00282855
0	0	1120	0.00487179	1.15346	-0.00078409
0	0	1122	0.00486846	1.17103	0.00131218
0	0	1124	0.00484835	1.18024	0.00342965
0	0	1126	0.0048123	1.18102	0.00554161
0	0	1128	0.00476091	1.17339	0.0076214
0	0	1130	0.00469496	1.15746	0.00963662
0	0	1132	0.00461498	1.13342	0.0115406
0	0	1134	0.00452051	1.10161	0.0132821
0	0	1136	0.00441369	1.06255	0.0148086
0	0	1138	0.00429341	1.01694	0.0160734
0	0	1140	0.00415894	0.965639	0.0170449
0	0	1142	0.00401264	0.909636	0.0177082
0	0	1144	0.00385519	0.849991	0.0180759
0	0	1146	0.00368706	0.787722	0.0181734
0	0	1148	0.00351066	0.723766	0.0180435
0	0	1150	0.00332771	0.658949	0.0177348
0	0	1152	0.00313861	0.593944	0.0172895
0	0	1154	0.00294329	0.529227	0.0167568
0	0	1156	0.00274333	0.465123	0.0161773
0	0	1158	0.00253943	0.401838	0.015581
0	0	1160	0.00233168	0.339463	0.0149896
0	0	1162	0.00211924	0.277969	0.014426
0	0	1164	0.00190203	0.217261	0.0138954
0	0	1166	0.00167937	0.157216	0.0134005
0	0	1168	0.0014517	0.0976592	0.0129444
0	0	1170	0.00121821	0.038377	0.0125193
0	0	1172	0.00097939	-0.0208337	0.0121211
0	0	1174	0.00073516	-0.0801696	0.0117386
0	0	1176	0.0004857	-0.139835	0.0113682
0	0	1178	0.00023091	-0.200011	0.0110021
0	0	1180	-2.828e-05	-0.260837	0.0106184
0	0	1182	-0.00029031	-0.322415	0.0102103
0	0	1184	-0.00055512	-0.384777	0.0097711
0	0	1186	-0.00082199	-0.447853	0.00928163
0	0	1188	-0.00108801	-0.511466	0.00872474
0	0	1190	-0.00135213	-0.575309	0.00808503
0	0	1192	-0.00161257	-0.638904	0.00734817
0	0	1194	-0.00186688	-0.701613	0.0064995
0	0	1196	-0.00211272	-0.762641	0.00552508
0	0	1198	-0.00234725	-0.821061	0.00442987
0	0	1200	-0.00256858	-0.875848	0.00322364
0	0	1202	-0.00277385	-0.925962	0.00191747
0	0	1204	-0.00296104	-0.970435	0.00053921
0	0	1206	-0.00312939	-1.0084	-0.00088108
0	0	1208	-0.00327765	-1.03917	-0.00231728
0	0	1210	-0.00340661	-1.06224	-0.00374916
0	0	1212	-0.00351304	-1.07726	-0.00516377
0	0	1214	-0.0035993	-1.08401	-0.00655031
0	0	1216	-0.00366506	-1.08236	-0.00790043
0	0	1218	-0.00370884	-1.07226	-0.00919658
0	0	1220	-0.00373091	-1.0537	-0.0104026
0	0	1222	-0.0037299	-1.02677	-0.0114725
0	0	1224	-0.00370641	-0.991738	-0.0123505
0	0	1226	-0.00365821	-0.949024	-0.012978
0	0	1228	-0.00358602	-0.899263	-0.0133069
0	0	1230	-0.00349192	-0.843283	-0.0133104
0	0	1232	-0.00337665	-0.78205	-0.0129894
0	0	1234	-0.00324184	-0.716582	-0.0123686
0	0	1236	-0.00309135	-0.647899	-0.0114914
0	0	1238	-0.00292751	-0.576983	-0.0104107
0	0	1240	-0.00275403	-0.504686	-0.00918872
0	0	1242	-0.00257243	-0.43173	-0.00788578
0	0	1244	-0.00238504	-0.358708	-0.00654494
0	0	1246	-0.0021936	-0.286112	-0.00520473
0	0	1248	-0.00200061	-0.214317	-0.00389959
0	0	1250	-0.00180856	-0.143683	-0.00264623
0	0	1252	-0.00161939	-0.0745528	-0.00146003
0	0	1254	-0.00143665	-0.00730323	-0.00035848
0	0	1256	-0.00126322	0.0576095	0.00063501
0	0	1258	-0.00110325	0.119626	0.00148584
0	0	1260	-0.00095913	0.178081	0.00215365
0	0	1262	-0.0008357	0.232224	0.00257465
0	0	1264	-0.00073668	0.281255	0.00266753
0	0	1266	-0.00066667	0.324383	0.00234824
0	0	1268	-0.00062986	0.360925	0.00153841
0	0	1270	-0.0006295	0.390374	0.00017833
0	0	1272	-0.00066816	0.412459	-0.00176918
0	0	1274	-0.00074787	0.427175	-0.00429935
0	0	1276	-0.00086734	0.434793	-0.00735951
0	0	1278	-0.0010232	0.435836	-0.0108552
0	0	1280	-0.0012099	0.431045	-0.0146466
0	0	1282	-0.00141712	0.421323	-0.0185515
0	0	1284	-0.00163405	0.407665	-0.0223576
0	0	1286	-0.00184795	0.391079	-0.0258429
0	0	1288	-0.00204378	0.372518	-0.0287892
0	0	1290	-0.00220998	0.352828	-0.0310045
0	0	1292	-0.00233773	0.3327	-0.0323449
0	0	1294	-0.00242233	0.312653	-0.0327167
0	0	1296	-0.00246322	0.293059	-0.0320871
0	0	1298	-0.00246186	0.274151	-0.0304803
0	0	1300	-0.00242387	0.256038	-0.0279772
0	0	1302	-0.00235611	0.238746	-0.02471
0	0	1304	-0.00226529	0.222254	-0.0208489
0	0	1306	-0.0021591	0.206508	-0.016593
0	0	1308	-0.00204336	0.191453	-0.0121563
0	0	1310	-0.00192332	0.17705	-0.00774755
0	0	1312	-0.00180314	0.163283	-0.00355263
0	0	1314	-0.00168559	0.150165	0.00028157
0	0	1316	-0.00157309	0.137719	0.00365669
0	0	1318	-0.00146652	0.125973	0.00652001
0	0	1320	-0.00136607	0.114957	0.00886377
0	0	1322	-0.00127187	0.104681	0.0107133
0	0	1324	-0.00118346	0.0951412	0.0121143
0	0	1326	-0.00110089	0.086316	0.0131259
0	0	1328	-0.00102319	0.0781726	0.0138092
0	0	1330	-0.00094978	0.0706705	0.0142231
0	0	1332	-0.00087909	0.063761	0.0144228
0	0	1334	-0.00081123	0.0573902	0.0144528
0	0	1336	-0.00074657	0.0515093	0.0143524
0	0	1338	-0.00068409	0.0460701	0.0141513
0	0	1340	-0.000623	0.0410268	0.0138713
0	0	1342	-0.00056376	0.0363392	0.0135291
0	0	1344	-0.00050724	0.0319732	0.0131319
0	0	1346	-0.00045184	0.0279039	0.01268
0	0	1348	-0.00039832	0.0241138	0.0121681
0	0	1350	-0.00034725	0.0205973	0.0115818
0	0	1352	-0.00029875	0.0173617	0.0109032
0	0	1354	-0.000254	0.0144324	0.0101146
0	0	1356	-0.00021263	0.0118464	0.00920635
0	0	1358	-0.00017537	0.00964536	0.00818669
0	0	1360	-0.00014356	0.00785902	0.00709306
0	0	1362	-0.00011616	0.00648533	0.00598588
0	0	1364	-9.285e-05	0.00548879	0.00493259
0	0	1366	-7.376e-05	0.00480069	0.00398633
0	0	1368	-5.841e-05	0.00434453	0.00317447
0	0	1370	-4.624e-05	0.00405173	0.00250217
0	0	1372	-3.691e-05	0.00386697	0.0019589
0	0	1374	-2.93e-05	0.00375157	0.00152719
0	0	1376	-2.336e-05	0.00367899	0.00118769
0	0	1378	-1.862e-05	0.00363268	0.00092268
0	0	1380	-1.509e-05	0.00360143	0.00071671
0	0	1382	-1.252e-05	0.00357969	0.00055776
0	0	1384	-1.044e-05	0.0035629	0.00043563
0	0	1386	-8.57e-06	0.00354791	0.00034293
0	0	1388	-6.98e-06	0.00353384	0.00027425
0	0	1390	-5.74e-06	0.00351928	0.00022359
0	0	1392	-5.42e-06	0.00350342	0.00018913
0	0	1394	-5.29e-06	0.00348466	0.00016772
0	0	1396	-4.49e-06	0.00346144	0.00015762
0	0	1398	-4.12e-06	0.00343181	0.00015813
0	0	1400	-3.47e-06	0.00339151	0.0001692
0	0	1402	-2.47e-06	0.00333455	0.00018934
0	0	1404	-1.97e-06	0.0032554	0.00021935
0	0	1406	-1.36e-06	0.00314833	0.00025762
0	0	1408	-6.1e-07	0.00300836	0.0003011
0	0	1410	9.6e-07	0.00283681	0.00034703
0	0	1412	2.5e-06	0.00264274	0.00039008
0	0	1414	4.45e-06	0.00243792	0.0004285
0	0	1416	6.05e-06	0.0022354	0.00045999
0	0	1418	7.65e-06	0.00204527	0.00048463
0	0	1420	9.87e-06	0.00187295	0.00050289
0	0	1422	1.161e-05	0.00172073	0.00051522
0	0	1424	1.363e-05	0.00158772	0.00052422
0	0	1426	1.589e-05	0.00147136	0.00052944
0	0	1428	1.778e-05	0.00137111	0.00053182
0	0	1430	1.994e-05	0.00128432	0.00053284
0	0	1432	2.158e-05	0.00120855	0.00053259
0	0	1434	2.401e-05	0.00114221	0.00053091
0	0	1436	2.561e-05	0.00108446	0.0005287
0	0	1438	2.734e-05	0.00103298	0.00052541
0	0	1440	2.91e-05	0.00098751	0.00052152
0	0	1442	3.065e-05	0.00094653	0.00051702
0	0	1444	3.195e-05	0.00090983	0.00051224
0	0	1446	3.315e-05	0.00087671	0.00050723
0	0	1448	3.425e-05	0.00084639	0.00050248
0	0	1450	3.551e-05	0.00081863	0.000497
0	0	1452	3.7e-05	0.00079299	0.00049083
0	0	1454	3.767e-05	0.00076989	0.00048503
0	0	1456	3.831e-05	0.00074822	0.00047847
0	0	1458	3.874e-05	0.00072772	0.00047169
0	0	1460	3.963e-05	0.00070827	0.00046538
0	0	1462	4.057e-05	0.00069079	0.00045897
0	0	1464	4.111e-05	0.0006738	0.0004527
0	0	1466	4.134e-05	0.00065729	0.00044613
0	0	1468	4.169e-05	0.00064143	0.00043938
0	0	1470	4.245e-05	0.00062691	0.00043315
0	0	1472	4.274e-05	0.00061285	0.00042632
0	0	1474	4.305e-05	0.00059908	0.00041969
0	0	1476	4.303e-05	0.00058569	0.00041285
0	0	1478	4.292e-05	0.00057302	0.00040594
0	0	1480	4.293e-05	0.00056053	0.00039983
0	0	1482	4.314e-05	0.00054844	0.00039337
0	0	1484	4.285e-05	0.00053687	0.00038694
0	0	1486	4.304e-05	0.00052534	0.00038065
0	0	1488	4.328e-05	0.00051449	0.00037457
0	0	1490	4.275e-05	0.00050347	0.00036837
0	0	1492	4.242e-05	0.00049354	0.00036232
0	0	1494	4.224e-05	0.00048311	0.00035624
0	0	1496	4.218e-05	0.00047272	0.00034982
0	0	1498	4.206e-05	0.00046269	0.00034401
0	0	1500	4.136e-05	0.00045303	0.00033866
0	0	1502	4.107e-05	0.0004432	0.00033274
0	0	1504	4.025e-05	0.00043427	0.00032677
0	0	1506	4.019e-05	0.00042513	0.00032129
0	0	1508	3.978e-05	0.00041587	0.00031582
0	0	1510	3.947e-05	0.000407	0.00031026
0	0	1512	3.912e-05	0.00039839	0.00030524
0	0	1514	3.851e-05	0.00038999	0.0003004
0	0	1516	3.86e-05	0.00038168	0.00029501
0	0	1518	3.828e-05	0.00037364	0.00028984
0	0	1520	3.746e-05	0.0003657	0.00028552
0	0	1522	3.711e-05	0.0003578	0.00028081
0	0	1524	3.638e-05	0.00035047	0.00027595
0	0	1526	3.599e-05	0.00034335	0.00027118
0	0	1528	3.561e-05	0.00033572	0.0002662
0	0	1530	3.525e-05	0.00032835	0.00026151
0	0	1532	3.459e-05	0.00032143	0.00025759
0	0	1534	3.429e-05	0.00031463	0.0002532
0	0	1536	3.37e-05	0.00030791	0.00024874
0	0	1538	3.286e-05	0.00030133	0.00024484
0	0	1540	3.275e-05	0.00029489	0.00024115
0	0	1542	3.218e-05	0.00028837	0.00023699
0	0	1544	3.193e-05	0.0002819	0.00023253
0	0	1546	3.17e-05	0.00027579	0.00022874
0	0	1548	3.063e-05	0.00027002	0.00022538
0	0	1550	2.989e-05	0.00026387	0.00022205
0	0	1552	2.946e-05	0.00025832	0.00021819
0	0	1554	2.908e-05	0.00025284	0.00021479
0	0	1556	2.882e-05	0.00024748	0.00021116
0	0	1558	2.805e-05	0.00024197	0.00020745
0	0	1560	2.761e-05	0.00023659	0.00020438
0	0	1562	2.765e-05	0.00023146	0.00020117
0	0	1564	2.695e-05	0.0002265	0.00019783
0	0	1566	2.645e-05	0.00022173	0.00019446
0	0	1568	2.622e-05	0.00021764	0.00019133
0	0	1570	2.567e-05	0.00021276	0.00018878
0	0	1572	2.488e-05	0.00020808	0.00018601
0	0	1574	2.432e-05	0.00020412	0.00018317
0	0	1576	2.397e-05	0.0001995	0.00018009
0	0	1578	2.413e-05	0.0001948	0.00017731
0	0	1580	2.325e-05	0.00019121	0.00017461
0	0	1582	2.287e-05	0.00018686	0.00017204
0	0	1584	2.212e-05	0.00018317	0.00016923
0	0	1586	2.165e-05	0.00017953	0.00016683
0	0	1588	2.162e-05	0.00017519	0.00016432
0	0	1590	2.11e-05	0.00017167	0.00016182
0	0	1592	2.04e-05	0.00016824	0.00015893
0	0	1594	1.987e-05	0.00016502	0.00015672
0	0	1596	1.954e-05	0.0001618	0.00015433
0	0	1598	1.938e-05	0.0001582	0.00015224
0	0	1600	1.893e-05	0.00015446	0.00015031
0	0	1602	1.834e-05	0.00015169	0.00014764
0	0	1604	1.79e-05	0.0001487	0.00014583
0	0	1606	1.74e-05	0.00014548	0.00014386
0	0	1608	1.626e-05	0.00014191	0.00014162
0	0	1610	1.619e-05	0.00013886	0.00013928
0	0	1612	1.574e-05	0.00013602	0.00013721
0	0	1614	1.56e-05	0.00013334	0.0001356
0	0	1616	1.493e-05	0.00013055	0.0001341
0	0	1618	1.427e-05	0.00012813	0.00013215
0	0	1620	1.417e-05	0.00012544	0.00013017
0	0	1622	1.395e-05	0.00012291	0.00012868
0	0	1624	1.352e-05	0.00012054	0.00012671
0	0	1626	1.298e-05	0.00011848	0.00012548
0	0	1628	1.245e-05	0.00011599	0.00012364
0	0	1630	1.234e-05	0.0001136	0.00012157
0	0	1632	1.174e-05	0.00011171	0.00011972
0	0	1634	1.107e-05	0.00010924	0.00011822
0	0	1636	1.036e-05	0.00010681	0.00011646
0	0	1638	1.019e-05	0.00010474	0.00011506
0	0	1640	9.56e-06	0.00010279	0.00011398
0	0	1642	9.01e-06	0.00010077	0.00011225
0	0	1644	8.92e-06	9.862e-05	0.00011036
0	0	1646	9.1e-06	9.67e-05	0.00010928
0	0	1648	8.32e-06	9.469e-05	0.0001075
0	0	1650	7.49e-06	9.315e-05	0.00010565
