X[mm]	Y[mm]	Z[mm]	Bx[T]	By[T]	Bz[T]
----------------------------------------------------------------------------------------------------------------------------------------------------------------
0	0	-1650	7.61e-06	-0.00011015	-5.721e-05
0	0	-1648	7.5e-06	-0.00011289	-5.773e-05
0	0	-1646	7.59e-06	-0.00011562	-5.825e-05
0	0	-1644	7.87e-06	-0.0001183	-5.933e-05
0	0	-1642	8.06e-06	-0.00012072	-6.04e-05
0	0	-1640	7.96e-06	-0.00012362	-6.174e-05
0	0	-1638	8.15e-06	-0.00012641	-6.226e-05
0	0	-1636	7.87e-06	-0.00012994	-6.32e-05
0	0	-1634	7.96e-06	-0.00013259	-6.491e-05
0	0	-1632	8.14e-06	-0.00013531	-6.571e-05
0	0	-1630	8.62e-06	-0.00013823	-6.668e-05
0	0	-1628	8.78e-06	-0.00014143	-6.773e-05
0	0	-1626	9.14e-06	-0.00014539	-6.894e-05
0	0	-1624	8.9e-06	-0.00014962	-7.058e-05
0	0	-1622	9.25e-06	-0.00015321	-7.188e-05
0	0	-1620	9.27e-06	-0.00015632	-7.307e-05
0	0	-1618	9.25e-06	-0.00015907	-7.433e-05
0	0	-1616	9.53e-06	-0.00016312	-7.546e-05
0	0	-1614	9.12e-06	-0.00016742	-7.714e-05
0	0	-1612	9.52e-06	-0.00017184	-7.907e-05
0	0	-1610	9.69e-06	-0.00017583	-8.037e-05
0	0	-1608	1.039e-05	-0.00017986	-8.216e-05
0	0	-1606	1.092e-05	-0.00018421	-8.358e-05
0	0	-1604	1.133e-05	-0.0001889	-8.494e-05
0	0	-1602	1.084e-05	-0.00019347	-8.696e-05
0	0	-1600	1.085e-05	-0.00019768	-8.853e-05
0	0	-1598	1.142e-05	-0.00020282	-8.98e-05
0	0	-1596	1.185e-05	-0.00020788	-9.188e-05
0	0	-1594	1.131e-05	-0.00021252	-9.406e-05
0	0	-1592	1.116e-05	-0.00021784	-9.549e-05
0	0	-1590	1.138e-05	-0.00022357	-9.697e-05
0	0	-1588	1.187e-05	-0.00022931	-9.833e-05
0	0	-1586	1.251e-05	-0.00023474	-0.00010017
0	0	-1584	1.27e-05	-0.00024083	-0.00010231
0	0	-1582	1.299e-05	-0.00024657	-0.00010454
0	0	-1580	1.344e-05	-0.00025273	-0.000106
0	0	-1578	1.373e-05	-0.00025947	-0.00010765
0	0	-1576	1.449e-05	-0.00026604	-0.00011006
0	0	-1574	1.453e-05	-0.00027248	-0.00011257
0	0	-1572	1.431e-05	-0.00027903	-0.0001143
0	0	-1570	1.466e-05	-0.00028624	-0.00011649
0	0	-1568	1.491e-05	-0.00029364	-0.00011928
0	0	-1566	1.516e-05	-0.0003009	-0.00012179
0	0	-1564	1.516e-05	-0.00030888	-0.00012354
0	0	-1562	1.549e-05	-0.00031639	-0.00012628
0	0	-1560	1.588e-05	-0.00032415	-0.00012878
0	0	-1558	1.601e-05	-0.00033248	-0.00013152
0	0	-1556	1.629e-05	-0.00034106	-0.00013392
0	0	-1554	1.692e-05	-0.00034969	-0.00013605
0	0	-1552	1.718e-05	-0.0003585	-0.00013901
0	0	-1550	1.706e-05	-0.0003677	-0.00014167
0	0	-1548	1.776e-05	-0.00037681	-0.00014444
0	0	-1546	1.802e-05	-0.00038693	-0.00014697
0	0	-1544	1.838e-05	-0.00039666	-0.00014945
0	0	-1542	1.9e-05	-0.00040671	-0.00015259
0	0	-1540	1.949e-05	-0.00041719	-0.00015628
0	0	-1538	1.962e-05	-0.00042796	-0.00015917
0	0	-1536	1.97e-05	-0.00043937	-0.00016188
0	0	-1534	2.02e-05	-0.0004513	-0.00016542
0	0	-1532	2.055e-05	-0.00046346	-0.00016847
0	0	-1530	2.072e-05	-0.00047554	-0.00017099
0	0	-1528	2.116e-05	-0.00048774	-0.00017496
0	0	-1526	2.102e-05	-0.00050087	-0.00017837
0	0	-1524	2.122e-05	-0.00051447	-0.00018167
0	0	-1522	2.174e-05	-0.00052816	-0.00018519
0	0	-1520	2.217e-05	-0.00054255	-0.00018862
0	0	-1518	2.243e-05	-0.00055733	-0.00019166
0	0	-1516	2.281e-05	-0.00057258	-0.00019594
0	0	-1514	2.298e-05	-0.00058749	-0.00020003
0	0	-1512	2.331e-05	-0.00060375	-0.00020306
0	0	-1510	2.424e-05	-0.00062009	-0.00020693
0	0	-1508	2.429e-05	-0.00063773	-0.00021137
0	0	-1506	2.438e-05	-0.00065558	-0.00021573
0	0	-1504	2.455e-05	-0.00067373	-0.00021961
0	0	-1502	2.456e-05	-0.00069202	-0.00022411
0	0	-1500	2.545e-05	-0.00071167	-0.00022789
0	0	-1498	2.507e-05	-0.00073184	-0.0002317
0	0	-1496	2.53e-05	-0.00075316	-0.0002359
0	0	-1494	2.558e-05	-0.00077464	-0.00024031
0	0	-1492	2.549e-05	-0.00079773	-0.00024514
0	0	-1490	2.586e-05	-0.00082064	-0.00024927
0	0	-1488	2.557e-05	-0.00084496	-0.00025362
0	0	-1486	2.579e-05	-0.00087049	-0.00025836
0	0	-1484	2.601e-05	-0.00089723	-0.00026237
0	0	-1482	2.601e-05	-0.00092494	-0.00026764
0	0	-1480	2.592e-05	-0.00095376	-0.00027235
0	0	-1478	2.632e-05	-0.00098408	-0.00027657
0	0	-1476	2.635e-05	-0.00101599	-0.00028118
0	0	-1474	2.586e-05	-0.00104914	-0.00028549
0	0	-1472	2.572e-05	-0.00108415	-0.00028992
0	0	-1470	2.54e-05	-0.00112085	-0.00029432
0	0	-1468	2.49e-05	-0.00115952	-0.00029828
0	0	-1466	2.437e-05	-0.00120096	-0.00030264
0	0	-1464	2.492e-05	-0.00124494	-0.00030741
0	0	-1462	2.5e-05	-0.0012912	-0.000312
0	0	-1460	2.415e-05	-0.00134054	-0.00031612
0	0	-1458	2.321e-05	-0.00139299	-0.0003205
0	0	-1456	2.225e-05	-0.00144974	-0.0003243
0	0	-1454	2.163e-05	-0.00151116	-0.00032746
0	0	-1452	2.128e-05	-0.00157717	-0.00033095
0	0	-1450	2.029e-05	-0.00164814	-0.00033431
0	0	-1448	1.935e-05	-0.00172581	-0.00033774
0	0	-1446	1.843e-05	-0.001811	-0.00034109
0	0	-1444	1.732e-05	-0.00190426	-0.00034325
0	0	-1442	1.641e-05	-0.00200721	-0.00034512
0	0	-1440	1.5e-05	-0.0021208	-0.00034688
0	0	-1438	1.336e-05	-0.00224687	-0.00034824
0	0	-1436	1.185e-05	-0.00238816	-0.00034892
0	0	-1434	1.022e-05	-0.0025468	-0.00034919
0	0	-1432	8.72e-06	-0.00272606	-0.00034886
0	0	-1430	6.97e-06	-0.00292937	-0.00034732
0	0	-1428	5.19e-06	-0.00316121	-0.00034485
0	0	-1426	3.49e-06	-0.00342566	-0.00034137
0	0	-1424	1.03e-06	-0.00372838	-0.00033614
0	0	-1422	-1.04e-06	-0.00407485	-0.00032983
0	0	-1420	-3.92e-06	-0.00446726	-0.00032199
0	0	-1418	-6.23e-06	-0.00490491	-0.00031087
0	0	-1416	-8.94e-06	-0.00538267	-0.00029707
0	0	-1414	-1.172e-05	-0.00588362	-0.00028088
0	0	-1412	-1.49e-05	-0.00638305	-0.00026133
0	0	-1410	-1.818e-05	-0.00684852	-0.0002382
0	0	-1408	-2.094e-05	-0.00725169	-0.00021305
0	0	-1406	-2.258e-05	-0.00757537	-0.0001877
0	0	-1404	-2.499e-05	-0.00781858	-0.00016498
0	0	-1402	-2.711e-05	-0.00799184	-0.00014663
0	0	-1400	-2.855e-05	-0.00811134	-0.00013442
0	0	-1398	-3.018e-05	-0.00819205	-0.00012974
0	0	-1396	-3.173e-05	-0.00824712	-0.0001334
0	0	-1394	-3.345e-05	-0.00828512	-0.00014583
0	0	-1392	-3.473e-05	-0.00831251	-0.00016875
0	0	-1390	-3.609e-05	-0.00833386	-0.00020279
0	0	-1388	-3.847e-05	-0.00835111	-0.00025137
0	0	-1386	-4.064e-05	-0.00836736	-0.00031691
0	0	-1384	-4.308e-05	-0.00838384	-0.00040383
0	0	-1382	-4.615e-05	-0.00840182	-0.00051812
0	0	-1380	-5.031e-05	-0.00842379	-0.00066632
0	0	-1378	-5.489e-05	-0.00845495	-0.00085823
0	0	-1376	-6.033e-05	-0.00849914	-0.00110458
0	0	-1374	-6.741e-05	-0.00856611	-0.00142023
0	0	-1372	-7.677e-05	-0.00866931	-0.00182045
0	0	-1370	-8.858e-05	-0.00883032	-0.00232167
0	0	-1368	-0.00010309	-0.00908143	-0.00293884
0	0	-1366	-0.00012084	-0.00946698	-0.00367886
0	0	-1364	-0.00014358	-0.0100447	-0.0045353
0	0	-1362	-0.00017071	-0.0108799	-0.00547956
0	0	-1360	-0.00020302	-0.0120334	-0.00646345
0	0	-1358	-0.00024022	-0.013547	-0.00742859
0	0	-1356	-0.00028226	-0.0154355	-0.00832341
0	0	-1354	-0.00032777	-0.0176888	-0.00911759
0	0	-1352	-0.00037816	-0.0202844	-0.0098028
0	0	-1350	-0.00043185	-0.0231973	-0.0103861
0	0	-1348	-0.00048886	-0.0264096	-0.0108798
0	0	-1346	-0.0005491	-0.0299154	-0.0112972
0	0	-1344	-0.0006128	-0.0337181	-0.0116468
0	0	-1342	-0.00068028	-0.0378309	-0.0119306
0	0	-1340	-0.00075138	-0.0422771	-0.0121439
0	0	-1338	-0.00082556	-0.047086	-0.0122761
0	0	-1336	-0.00090337	-0.0522915	-0.0123097
0	0	-1334	-0.0009857	-0.0579329	-0.0122207
0	0	-1332	-0.00107192	-0.0640531	-0.0119786
0	0	-1330	-0.00116325	-0.0706975	-0.0115458
0	0	-1328	-0.00125922	-0.0779124	-0.0108789
0	0	-1326	-0.00135945	-0.0857405	-0.00992953
0	0	-1324	-0.00146446	-0.0942219	-0.00864519
0	0	-1322	-0.0015748	-0.103392	-0.00697614
0	0	-1320	-0.00169057	-0.113276	-0.00487472
0	0	-1318	-0.00181166	-0.123889	-0.002309
0	0	-1316	-0.00193793	-0.135242	0.00073413
0	0	-1314	-0.00206931	-0.147341	0.00423796
0	0	-1312	-0.0022055	-0.16019	0.0081503
0	0	-1310	-0.00234474	-0.173801	0.0123842
0	0	-1308	-0.00248601	-0.188202	0.0168093
0	0	-1306	-0.00262647	-0.203441	0.0212659
0	0	-1304	-0.00276285	-0.219578	0.0255759
0	0	-1302	-0.00288991	-0.236672	0.0295532
0	0	-1300	-0.00300154	-0.254774	0.0330164
0	0	-1298	-0.00309099	-0.273897	0.0358007
0	0	-1296	-0.00314993	-0.293988	0.0377686
0	0	-1294	-0.00317278	-0.31489	0.0388167
0	0	-1292	-0.0031541	-0.33633	0.0388753
0	0	-1290	-0.00309192	-0.357883	0.0379113
0	0	-1288	-0.00298774	-0.378955	0.0359442
0	0	-1286	-0.00284622	-0.398778	0.0330332
0	0	-1284	-0.0026728	-0.416438	0.0292803
0	0	-1282	-0.00247674	-0.430916	0.0248297
0	0	-1280	-0.00226386	-0.441146	0.019854
0	0	-1278	-0.00204014	-0.446093	0.0145457
0	0	-1276	-0.00180848	-0.444832	0.0090991
0	0	-1274	-0.00156996	-0.43661	0.00369909
0	0	-1272	-0.00132365	-0.420897	-0.00148423
0	0	-1270	-0.00106713	-0.39743	-0.00630666
0	0	-1268	-0.00079878	-0.366222	-0.0106492
0	0	-1266	-0.00051661	-0.327569	-0.0144289
0	0	-1264	-0.00021908	-0.282019	-0.0176002
0	0	-1262	9.374e-05	-0.230313	-0.0201613
0	0	-1260	0.00042044	-0.173318	-0.0221487
0	0	-1258	0.00075937	-0.111916	-0.0236225
0	0	-1256	0.00110867	-0.0469448	-0.0246545
0	0	-1254	0.00146485	0.0208169	-0.0253219
0	0	-1252	0.00182419	0.0906948	-0.0257028
0	0	-1250	0.00218339	0.162132	-0.0258455
0	0	-1248	0.00253902	0.234664	-0.0257859
0	0	-1246	0.00288753	0.307883	-0.0255589
0	0	-1244	0.00322571	0.38139	-0.0251703
0	0	-1242	0.00355033	0.4548	-0.0245993
0	0	-1240	0.00385725	0.527661	-0.0238159
0	0	-1238	0.00414341	0.599377	-0.022804
0	0	-1236	0.00440537	0.669237	-0.0215352
0	0	-1234	0.00464087	0.736429	-0.0199858
0	0	-1232	0.00484694	0.800026	-0.0181571
0	0	-1230	0.00502023	0.85906	-0.0160699
0	0	-1228	0.00516158	0.9126	-0.0137626
0	0	-1226	0.0052687	0.959789	-0.0112785
0	0	-1224	0.00534228	0.99991	-0.0086693
0	0	-1222	0.00538441	1.03242	-0.00598844
0	0	-1220	0.00539468	1.05695	-0.00327559
0	0	-1218	0.00537502	1.0733	-0.00055834
0	0	-1216	0.00532868	1.08137	0.00214942
0	0	-1214	0.00525579	1.08116	0.00483507
0	0	-1212	0.00515818	1.07273	0.00748442
0	0	-1210	0.00503597	1.0562	0.010071
0	0	-1208	0.00489012	1.03179	0.0125464
0	0	-1206	0.00471996	0.999845	0.0148449
0	0	-1204	0.00452593	0.960913	0.0168992
0	0	-1202	0.00430795	0.915697	0.0186424
0	0	-1200	0.00406526	0.865065	0.0200203
0	0	-1198	0.00379849	0.809998	0.0210132
0	0	-1196	0.0035068	0.751526	0.0216181
0	0	-1194	0.00319223	0.690636	0.0218661
0	0	-1192	0.00285742	0.628216	0.0218012
0	0	-1190	0.00250404	0.565027	0.0214757
0	0	-1188	0.00213589	0.501678	0.0209603
0	0	-1186	0.00175528	0.438608	0.0203065
0	0	-1184	0.00136658	0.376096	0.0195699
0	0	-1182	0.00097178	0.314303	0.0187965
0	0	-1180	0.00057429	0.253285	0.0180212
0	0	-1178	0.00017597	0.192998	0.0172683
0	0	-1176	-0.00022038	0.133332	0.0165541
0	0	-1174	-0.00061354	0.0741322	0.0158946
0	0	-1172	-0.00100157	0.0152303	0.0152965
0	0	-1170	-0.00138405	-0.0435812	0.0147562
0	0	-1168	-0.00175981	-0.102509	0.0142687
0	0	-1166	-0.00212728	-0.161762	0.0138258
0	0	-1164	-0.00248493	-0.221534	0.0134257
0	0	-1162	-0.00283234	-0.28201	0.0130551
0	0	-1160	-0.00316836	-0.343326	0.0126994
0	0	-1158	-0.00349137	-0.405568	0.0123463
0	0	-1156	-0.00380021	-0.468746	0.011978
0	0	-1154	-0.00409333	-0.532774	0.0115804
0	0	-1152	-0.00437085	-0.597451	0.0111289
0	0	-1150	-0.00463016	-0.662438	0.0105914
0	0	-1148	-0.00486837	-0.727218	0.00994879
0	0	-1146	-0.0050846	-0.791114	0.00917563
0	0	-1144	-0.00527667	-0.853287	0.00825494
0	0	-1142	-0.00544243	-0.912779	0.00718173
0	0	-1140	-0.00557996	-0.968537	0.00596504
0	0	-1138	-0.00568864	-1.01951	0.00462857
0	0	-1136	-0.00576732	-1.06471	0.00319949
0	0	-1134	-0.00581576	-1.10328	0.00171935
0	0	-1132	-0.00583419	-1.13453	0.00022556
0	0	-1130	-0.00582446	-1.15799	-0.00125317
0	0	-1128	-0.00578563	-1.17333	-0.00270135
0	0	-1126	-0.00571736	-1.18037	-0.00411644
0	0	-1124	-0.00562176	-1.17906	-0.00549714
0	0	-1122	-0.00549818	-1.16939	-0.00684054
0	0	-1120	-0.00534531	-1.15144	-0.0081344
0	0	-1118	-0.00516348	-1.12541	-0.00935282
0	0	-1116	-0.00495272	-1.09165	-0.0104657
0	0	-1114	-0.00471259	-1.05069	-0.0114393
0	0	-1112	-0.00444471	-1.00327	-0.0122419
0	0	-1110	-0.00415096	-0.95026	-0.0128639
0	0	-1108	-0.00383419	-0.892675	-0.0133105
0	0	-1106	-0.00349775	-0.831568	-0.0136035
0	0	-1104	-0.0031455	-0.767956	-0.0137712
0	0	-1102	-0.00278055	-0.702756	-0.0138512
0	0	-1100	-0.00240747	-0.636769	-0.0138918
0	0	-1098	-0.0020286	-0.570625	-0.0139213
0	0	-1096	-0.00164569	-0.504783	-0.0139618
0	0	-1094	-0.00126161	-0.439549	-0.0140398
0	0	-1092	-0.00087791	-0.375093	-0.0141682
0	0	-1090	-0.00049611	-0.311488	-0.0143544
0	0	-1088	-0.00011762	-0.248705	-0.014597
0	0	-1086	0.00025698	-0.186631	-0.0148991
0	0	-1084	0.00062627	-0.125126	-0.015266
0	0	-1082	0.00098885	-0.0640115	-0.0156964
0	0	-1080	0.00134325	-0.00307879	-0.0161873
0	0	-1078	0.00168943	0.0578872	-0.0167282
0	0	-1076	0.00202495	0.1191	-0.0173228
0	0	-1074	0.00235046	0.180755	-0.0179588
0	0	-1072	0.0026651	0.243033	-0.01861
0	0	-1070	0.00296739	0.306083	-0.0192615
0	0	-1068	0.00325639	0.369999	-0.019887
0	0	-1066	0.00353172	0.434788	-0.0204532
0	0	-1064	0.00379346	0.500373	-0.020912
0	0	-1062	0.00403889	0.566547	-0.0212139
0	0	-1060	0.00426607	0.632976	-0.0213125
0	0	-1058	0.00447298	0.699147	-0.0211512
0	0	-1056	0.00465757	0.764377	-0.0206769
0	0	-1054	0.00481765	0.827833	-0.019845
0	0	-1052	0.00494944	0.888544	-0.0186432
0	0	-1050	0.00505012	0.945449	-0.017076
0	0	-1048	0.00512014	0.997481	-0.0151629
0	0	-1046	0.00515763	1.04366	-0.0129506
0	0	-1044	0.00516318	1.08312	-0.010506
0	0	-1042	0.00513749	1.1152	-0.00790382
0	0	-1040	0.00508206	1.1394	-0.00520437
0	0	-1038	0.0049986	1.15545	-0.00245847
0	0	-1036	0.00488882	1.16318	0.00029203
0	0	-1034	0.0047534	1.16252	0.00301542
0	0	-1032	0.00459343	1.15352	0.00568085
0	0	-1030	0.00441069	1.13624	0.00825082
0	0	-1028	0.00420605	1.11088	0.0106764
0	0	-1026	0.00397969	1.07778	0.0129054
0	0	-1024	0.00373381	1.03747	0.0148815
0	0	-1022	0.00347058	0.990647	0.0165524
0	0	-1020	0.00319161	0.938187	0.0178841
0	0	-1018	0.00289842	0.88109	0.0188762
0	0	-1016	0.0025939	0.820402	0.0195482
0	0	-1014	0.00228055	0.75713	0.0199204
0	0	-1012	0.00195967	0.692216	0.0200426
0	0	-1010	0.00163401	0.62646	0.0199807
0	0	-1008	0.0013034	0.560498	0.0197854
0	0	-1006	0.00096982	0.494798	0.019501
0	0	-1004	0.0006346	0.429681	0.0191673
0	0	-1002	0.00029861	0.365319	0.0188279
0	0	-1000	-3.83e-05	0.301782	0.0185032
0	0	-998	-0.00037449	0.239044	0.0182128
0	0	-996	-0.00070934	0.177011	0.0179648
0	0	-994	-0.00104115	0.115536	0.0177673
0	0	-992	-0.00137029	0.0544308	0.0176313
0	0	-990	-0.0016954	-0.00650168	0.01755
0	0	-988	-0.00201621	-0.0674755	0.0175137
0	0	-986	-0.00233227	-0.12871	0.0175207
0	0	-984	-0.00264287	-0.1904	0.0175696
0	0	-982	-0.00294693	-0.252724	0.0176437
0	0	-980	-0.0032427	-0.315838	0.0177191
0	0	-978	-0.00352894	-0.379833	0.0177819
0	0	-976	-0.00380309	-0.444718	0.0178118
0	0	-974	-0.00406314	-0.510415	0.0177757
0	0	-972	-0.00430633	-0.576729	0.0176337
0	0	-970	-0.0045322	-0.643311	0.017347
0	0	-968	-0.00473844	-0.70964	0.0168884
0	0	-966	-0.00492348	-0.775031	0.0162144
0	0	-964	-0.00508568	-0.838648	0.015287
0	0	-962	-0.00522438	-0.899505	0.0140968
0	0	-960	-0.00533744	-0.956529	0.0126506
0	0	-958	-0.00542509	-1.00866	0.0109703
0	0	-956	-0.00548576	-1.05489	0.00908118
0	0	-954	-0.00551883	-1.09436	0.00703813
0	0	-952	-0.00552409	-1.12636	0.00489183
0	0	-950	-0.00550042	-1.15043	0.00268656
0	0	-948	-0.00544769	-1.16626	0.00045458
0	0	-946	-0.00536611	-1.17366	-0.00178139
0	0	-944	-0.00525513	-1.17257	-0.00400301
0	0	-942	-0.005113	-1.163	-0.00619225
0	0	-940	-0.00494007	-1.14502	-0.00832275
0	0	-938	-0.00473564	-1.11884	-0.0103528
0	0	-936	-0.00449879	-1.0848	-0.0122323
0	0	-934	-0.00423078	-1.04344	-0.0139101
0	0	-932	-0.00393342	-0.99549	-0.0153367
0	0	-930	-0.00361008	-0.941872	-0.0164768
0	0	-928	-0.00326581	-0.883622	-0.0173251
0	0	-926	-0.00290471	-0.821817	-0.0178868
0	0	-924	-0.00253304	-0.757508	-0.0181901
0	0	-922	-0.00215483	-0.691667	-0.0182727
0	0	-920	-0.00177605	-0.625129	-0.0181814
0	0	-918	-0.0014008	-0.558559	-0.0179697
0	0	-916	-0.00103202	-0.492454	-0.0176767
0	0	-914	-0.0006717	-0.427143	-0.0173489
0	0	-912	-0.00032111	-0.362822	-0.0170118
0	0	-910	1.852e-05	-0.299538	-0.0166984
0	0	-908	0.00034855	-0.237242	-0.0164297
0	0	-906	0.00067061	-0.175806	-0.0162082
0	0	-904	0.00098602	-0.115052	-0.0160443
0	0	-902	0.00129837	-0.0547527	-0.0159411
0	0	-900	0.00160996	0.0053384	-0.0158965
0	0	-898	0.00192151	0.0654787	-0.0159037
0	0	-896	0.00223669	0.125904	-0.015956
0	0	-894	0.00255696	0.186845	-0.0160531
0	0	-892	0.00288227	0.248531	-0.0161844
0	0	-890	0.0032123	0.311129	-0.0163338
0	0	-888	0.00354569	0.374739	-0.0164795
0	0	-886	0.00387941	0.439389	-0.0165924
0	0	-884	0.00420954	0.504998	-0.016643
0	0	-882	0.00453159	0.57135	-0.0165891
0	0	-880	0.00484064	0.638059	-0.0163913
0	0	-878	0.00512957	0.704582	-0.0160024
0	0	-876	0.00539308	0.770214	-0.0153885
0	0	-874	0.00562521	0.834095	-0.0145282
0	0	-872	0.00582329	0.895216	-0.0133963
0	0	-870	0.00598366	0.952506	-0.0119981
0	0	-868	0.00610489	1.00489	-0.0103611
0	0	-866	0.0061866	1.05137	-0.00852845
0	0	-864	0.0062292	1.09106	-0.00655141
0	0	-862	0.00623386	1.12329	-0.0044837
0	0	-860	0.00620267	1.14757	-0.00237613
0	0	-858	0.00613652	1.16363	-0.00026396
0	0	-856	0.0060368	1.17128	0.00182805
0	0	-854	0.00590453	1.17049	0.00388497
0	0	-852	0.00573923	1.16127	0.00588997
0	0	-850	0.00554091	1.14373	0.00781976
0	0	-848	0.00531101	1.11807	0.00963871
0	0	-846	0.00504929	1.08463	0.0113012
0	0	-844	0.00475639	1.04394	0.0127612
0	0	-842	0.00443517	0.996727	0.0139823
0	0	-840	0.00408829	0.943869	0.0149413
0	0	-838	0.00371857	0.886376	0.015629
0	0	-836	0.00333047	0.825304	0.0160618
0	0	-834	0.00292771	0.761669	0.0162685
0	0	-832	0.00251659	0.696406	0.0162905
0	0	-830	0.00210139	0.630329	0.0161732
0	0	-828	0.00168582	0.564071	0.0159603
0	0	-826	0.00127337	0.498096	0.0156969
0	0	-824	0.0008668	0.432727	0.0154174
0	0	-822	0.00046789	0.368153	0.0151466
0	0	-820	7.689e-05	0.304428	0.0149069
0	0	-818	-0.00030711	0.241525	0.0147119
0	0	-816	-0.00068356	0.17935	0.0145729
0	0	-814	-0.00105391	0.117764	0.0144933
0	0	-812	-0.00141817	0.0565831	0.0144753
0	0	-810	-0.001777	-0.00440663	0.0145169
0	0	-808	-0.00212958	-0.0654078	0.0146158
0	0	-806	-0.00247404	-0.126633	0.0147634
0	0	-804	-0.00280867	-0.188276	0.0149459
0	0	-802	-0.00313003	-0.250533	0.0151558
0	0	-800	-0.0034347	-0.313544	0.0153759
0	0	-798	-0.00371931	-0.377389	0.0155842
0	0	-796	-0.00398061	-0.44209	0.0157548
0	0	-794	-0.00421576	-0.507572	0.0158451
0	0	-792	-0.0044228	-0.573633	0.0158266
0	0	-790	-0.00460004	-0.639922	0.0156601
0	0	-788	-0.00474847	-0.70593	0.0152996
0	0	-786	-0.00486831	-0.770982	0.0147066
0	0	-784	-0.00496179	-0.834232	0.0138574
0	0	-782	-0.005032	-0.894712	0.0127408
0	0	-780	-0.00508193	-0.951373	0.0113557
0	0	-778	-0.00511502	-1.00316	0.00972362
0	0	-776	-0.00513639	-1.04909	0.00789066
0	0	-774	-0.00514923	-1.08829	0.00590879
0	0	-772	-0.00515709	-1.12009	0.00382989
0	0	-770	-0.00516389	-1.14403	0.00169775
0	0	-768	-0.00516988	-1.1598	-0.00045101
0	0	-766	-0.00517759	-1.16725	-0.00259052
0	0	-764	-0.00518634	-1.1663	-0.00470464
0	0	-762	-0.00519372	-1.15698	-0.00677027
0	0	-760	-0.00519781	-1.13937	-0.008756
0	0	-758	-0.00519569	-1.11367	-0.0106225
0	0	-756	-0.00518327	-1.08022	-0.0123231
0	0	-754	-0.00515509	-1.03956	-0.0138021
0	0	-752	-0.00510679	-0.992385	-0.0150209
0	0	-750	-0.00503484	-0.939596	-0.0159563
0	0	-748	-0.00493567	-0.882203	-0.0166084
0	0	-746	-0.00480673	-0.821249	-0.0169886
0	0	-744	-0.00464719	-0.757757	-0.0171327
0	0	-742	-0.00445641	-0.692667	-0.0170926
0	0	-740	-0.00423383	-0.626774	-0.0169142
0	0	-738	-0.00398149	-0.560712	-0.0166465
0	0	-736	-0.00370054	-0.494945	-0.0163315
0	0	-734	-0.00339346	-0.429791	-0.0160081
0	0	-732	-0.00306386	-0.365432	-0.0157067
0	0	-730	-0.00271452	-0.301914	-0.0154424
0	0	-728	-0.00234991	-0.239202	-0.0152318
0	0	-726	-0.00197368	-0.177203	-0.0150857
0	0	-724	-0.0015897	-0.115766	-0.0150061
0	0	-722	-0.00120141	-0.0547014	-0.0149933
0	0	-720	-0.00081116	0.00620257	-0.0150452
0	0	-718	-0.00041912	0.0671498	-0.0151548
0	0	-716	-2.567e-05	0.128352	-0.0153125
0	0	-714	0.00036964	0.190012	-0.0155072
0	0	-712	0.00076669	0.252318	-0.0157227
0	0	-710	0.00116666	0.315403	-0.0159413
0	0	-708	0.00157196	0.379348	-0.0161379
0	0	-706	0.00198171	0.444172	-0.0162834
0	0	-704	0.00239396	0.509793	-0.0163444
0	0	-702	0.00280722	0.576	-0.0162848
0	0	-700	0.0032174	0.642445	-0.016059
0	0	-698	0.00361976	0.708616	-0.0156371
0	0	-696	0.00400732	0.77384	-0.0149799
0	0	-694	0.00437267	0.837271	-0.0140592
0	0	-692	0.0047103	0.897925	-0.012872
0	0	-690	0.00501341	0.954762	-0.0114299
0	0	-688	0.00527607	1.00673	-0.00975739
0	0	-686	0.00549453	1.05283	-0.00789515
0	0	-684	0.00566912	1.0922	-0.00590276
0	0	-682	0.00579855	1.12417	-0.0038309
0	0	-680	0.00588355	1.14828	-0.00172403
0	0	-678	0.00592605	1.16421	0.00038601
0	0	-676	0.00593014	1.1718	0.00247888
0	0	-674	0.00589734	1.17101	0.00454134
0	0	-672	0.00583106	1.16182	0.00655826
0	0	-670	0.00573157	1.14433	0.0085057
0	0	-668	0.00560223	1.11875	0.0103522
0	0	-666	0.00544356	1.08541	0.0120548
0	0	-664	0.00525675	1.04482	0.0135679
0	0	-662	0.00504377	0.997712	0.0148542
0	0	-660	0.00480573	0.944963	0.0158908
0	0	-658	0.00454287	0.887574	0.0166727
0	0	-656	0.00425797	0.826592	0.0172117
0	0	-654	0.00395315	0.763053	0.0175394
0	0	-652	0.00363148	0.697903	0.0176887
0	0	-650	0.00329575	0.631933	0.0177098
0	0	-648	0.00294802	0.565783	0.0176367
0	0	-646	0.00259078	0.499926	0.0175065
0	0	-644	0.00222762	0.43469	0.0173584
0	0	-642	0.00186038	0.370255	0.0172103
0	0	-640	0.00149085	0.306675	0.0170855
0	0	-638	0.00112061	0.243921	0.016989
0	0	-636	0.00075049	0.181898	0.0169314
0	0	-634	0.00038224	0.120453	0.0169178
0	0	-632	1.67e-05	0.0593935	0.0169442
0	0	-630	-0.00034435	-0.00149385	0.0170141
0	0	-628	-0.00070103	-0.0624144	0.017118
0	0	-626	-0.00105339	-0.123582	0.0172507
0	0	-624	-0.00139909	-0.185216	0.017405
0	0	-622	-0.00173818	-0.247509	0.0175624
0	0	-620	-0.00207071	-0.310601	0.0177083
0	0	-618	-0.00239646	-0.374587	0.0178235
0	0	-616	-0.002714	-0.439493	0.0178739
0	0	-614	-0.00302312	-0.505248	0.0178259
0	0	-612	-0.00332209	-0.571643	0.0176436
0	0	-610	-0.00360929	-0.638332	0.0172918
0	0	-608	-0.00388336	-0.704813	0.0167251
0	0	-606	-0.00414239	-0.770406	0.0159192
0	0	-604	-0.0043839	-0.834247	0.0148557
0	0	-602	-0.00460467	-0.895348	0.0135363
0	0	-600	-0.00480296	-0.952655	0.0119742
0	0	-598	-0.00497685	-1.00509	0.0102069
0	0	-596	-0.00512439	-1.05164	0.00828761
0	0	-594	-0.00524449	-1.09144	0.00627222
0	0	-592	-0.00533703	-1.12379	0.00421612
0	0	-590	-0.0054016	-1.14822	0.00216272
0	0	-588	-0.0054386	-1.16442	0.00014114
0	0	-586	-0.00544729	-1.17221	-0.00183262
0	0	-584	-0.00542797	-1.17153	-0.00375084
0	0	-582	-0.00537937	-1.16239	-0.00560325
0	0	-580	-0.00530156	-1.14489	-0.00737226
0	0	-578	-0.00519186	-1.11921	-0.00902797
0	0	-576	-0.00504949	-1.0857	-0.0105354
0	0	-574	-0.00487377	-1.04488	-0.0118487
0	0	-572	-0.00466321	-0.997491	-0.0129389
0	0	-570	-0.00441915	-0.944432	-0.0137928
0	0	-568	-0.00414231	-0.886714	-0.0144041
0	0	-566	-0.00383599	-0.825401	-0.0147931
0	0	-564	-0.00350429	-0.761549	-0.0149862
0	0	-562	-0.00315061	-0.696124	-0.01503
0	0	-560	-0.00278106	-0.62995	-0.0149639
0	0	-558	-0.00239968	-0.563694	-0.0148223
0	0	-556	-0.00201083	-0.497858	-0.0146462
0	0	-554	-0.00161823	-0.432791	-0.014463
0	0	-552	-0.00122618	-0.368684	-0.0143031
0	0	-550	-0.00083591	-0.305592	-0.0141841
0	0	-548	-0.0004494	-0.243478	-0.014117
0	0	-546	-6.798e-05	-0.182223	-0.014113
0	0	-544	0.00030734	-0.121639	-0.014174
0	0	-542	0.00067714	-0.0615008	-0.0142967
0	0	-540	0.00104012	-0.00156457	-0.0144782
0	0	-538	0.00139653	0.0584032	-0.0147147
0	0	-536	0.00174508	0.118658	-0.0150003
0	0	-534	0.00208545	0.179449	-0.0153223
0	0	-532	0.00241618	0.240991	-0.0156682
0	0	-530	0.00273685	0.303457	-0.0160185
0	0	-528	0.00304548	0.366974	-0.0163535
0	0	-526	0.00334212	0.431586	-0.0166436
0	0	-524	0.00362562	0.497213	-0.016843
0	0	-522	0.003894	0.563628	-0.0169242
0	0	-520	0.00414626	0.630486	-0.0168367
0	0	-518	0.00438125	0.697259	-0.0165347
0	0	-516	0.00459741	0.763234	-0.0159862
0	0	-514	0.00479247	0.82753	-0.0151571
0	0	-512	0.00496579	0.889145	-0.0140396
0	0	-510	0.00511401	0.946998	-0.0126332
0	0	-508	0.00523764	0.99998	-0.0109645
0	0	-506	0.00533544	1.04706	-0.00907864
0	0	-504	0.00540732	1.08735	-0.0070292
0	0	-502	0.00545378	1.12016	-0.00487588
0	0	-500	0.00547608	1.14499	-0.00266723
0	0	-498	0.00547464	1.16152	-0.00044568
0	0	-496	0.00545035	1.16961	0.00176112
0	0	-494	0.00540475	1.16921	0.0039326
0	0	-492	0.00533736	1.16033	0.00604581
0	0	-490	0.00524835	1.14307	0.00806794
0	0	-488	0.00513807	1.11765	0.00995829
0	0	-486	0.00500588	1.08441	0.0116667
0	0	-484	0.00485116	1.04388	0.0131392
0	0	-482	0.00467505	0.996793	0.0143364
0	0	-480	0.00447814	0.944044	0.0152312
0	0	-478	0.00426127	0.886634	0.0158209
0	0	-476	0.00402657	0.825616	0.0161293
0	0	-474	0.00377588	0.762035	0.016195
0	0	-472	0.00351216	0.69684	0.0160688
0	0	-470	0.00323832	0.630836	0.0158076
0	0	-468	0.00295582	0.56466	0.0154654
0	0	-466	0.00266743	0.498795	0.0150867
0	0	-464	0.00237551	0.433571	0.0147164
0	0	-462	0.00208122	0.36916	0.0143803
0	0	-460	0.00178518	0.305617	0.014097
0	0	-458	0.00148804	0.242929	0.0138881
0	0	-456	0.00119007	0.181004	0.0137544
0	0	-454	0.00089267	0.119685	0.0137013
0	0	-452	0.00059509	0.0587682	0.0137272
0	0	-450	0.00029815	-0.00194204	0.0138247
0	0	-448	1.44e-06	-0.0626498	0.0139938
0	0	-446	-0.0002954	-0.123585	0.0142203
0	0	-444	-0.000592	-0.184961	0.0144879
0	0	-442	-0.00088711	-0.246953	0.0147891
0	0	-440	-0.00118114	-0.309701	0.0151055
0	0	-438	-0.001473	-0.373314	0.0154079
0	0	-436	-0.00176224	-0.437819	0.0156679
0	0	-434	-0.00204711	-0.503125	0.0158613
0	0	-432	-0.00232671	-0.569029	0.0159456
0	0	-430	-0.0025985	-0.635199	0.0158763
0	0	-428	-0.00286158	-0.701133	0.0156177
0	0	-426	-0.00311411	-0.76615	0.0151342
0	0	-424	-0.00335257	-0.829415	0.0143971
0	0	-422	-0.00357545	-0.889959	0.0133933
0	0	-420	-0.0037801	-0.946737	0.0121277
0	0	-418	-0.00396391	-0.998687	0.010626
0	0	-416	-0.004124	-1.04482	0.00892998
0	0	-414	-0.00425874	-1.08428	0.00709097
0	0	-412	-0.00436626	-1.1164	0.00516073
0	0	-410	-0.00444426	-1.1407	0.00319061
0	0	-408	-0.00449247	-1.1569	0.0012134
0	0	-406	-0.0045106	-1.16483	-0.00074661
0	0	-404	-0.00449896	-1.16444	-0.00267465
0	0	-402	-0.00445516	-1.15576	-0.00455298
0	0	-400	-0.00437996	-1.13888	-0.00636141
0	0	-398	-0.00427352	-1.114	-0.00807015
0	0	-396	-0.00413364	-1.08143	-0.0096323
0	0	-394	-0.00396262	-1.0417	-0.0110111
0	0	-392	-0.003763	-0.995495	-0.0121758
0	0	-390	-0.00353571	-0.943687	-0.0131036
0	0	-388	-0.00328506	-0.887239	-0.0137891
0	0	-386	-0.00301625	-0.827166	-0.0142497
0	0	-384	-0.00273465	-0.764486	-0.0145212
0	0	-382	-0.00244492	-0.700114	-0.0146366
0	0	-380	-0.00215217	-0.634821	-0.0146374
0	0	-378	-0.00185849	-0.569253	-0.0145692
0	0	-376	-0.00156725	-0.503882	-0.0144701
0	0	-374	-0.00127975	-0.439024	-0.0143663
0	0	-372	-0.00099593	-0.374856	-0.0142805
0	0	-370	-0.00071488	-0.311449	-0.0142357
0	0	-368	-0.00043673	-0.248789	-0.0142395
0	0	-366	-0.00015956	-0.18679	-0.0143037
0	0	-364	0.00011859	-0.125312	-0.0144268
0	0	-362	0.00039848	-0.0641742	-0.0146096
0	0	-360	0.0006823	-0.00318244	-0.014857
0	0	-358	0.00097032	0.057871	-0.0151571
0	0	-356	0.00126321	0.119199	-0.015507
0	0	-354	0.00156193	0.180999	-0.0158941
0	0	-352	0.00186715	0.243444	-0.0163084
0	0	-350	0.00217813	0.306669	-0.0167384
0	0	-348	0.00249494	0.370781	-0.0171496
0	0	-346	0.00281598	0.435801	-0.0175211
0	0	-344	0.00313905	0.501642	-0.017821
0	0	-342	0.00346191	0.568111	-0.0180097
0	0	-340	0.00378157	0.63487	-0.0180425
0	0	-338	0.00409336	0.701411	-0.0178722
0	0	-336	0.00439298	0.767058	-0.0174665
0	0	-334	0.00467511	0.83097	-0.0167885
0	0	-332	0.00493645	0.892176	-0.015819
0	0	-330	0.00517282	0.949622	-0.0145624
0	0	-328	0.00538079	1.00222	-0.0130392
0	0	-326	0.00555764	1.04897	-0.011297
0	0	-324	0.00570353	1.08898	-0.00938358
0	0	-322	0.00581823	1.12158	-0.00736044
0	0	-320	0.00590334	1.14625	-0.00528372
0	0	-318	0.00596031	1.1627	-0.00319293
0	0	-316	0.00598908	1.17074	-0.00111917
0	0	-314	0.00599202	1.17031	0.00091688
0	0	-312	0.00596876	1.16141	0.00289694
0	0	-310	0.0059206	1.14413	0.00479605
0	0	-308	0.0058477	1.11866	0.00657997
0	0	-306	0.00575019	1.08534	0.00820902
0	0	-304	0.00562687	1.04469	0.00964128
0	0	-302	0.00548058	0.997441	0.0108488
0	0	-300	0.0053103	0.944481	0.0118072
0	0	-298	0.00511869	0.886826	0.012515
0	0	-296	0.00490707	0.825555	0.012995
0	0	-294	0.00467715	0.761721	0.0132755
0	0	-292	0.00443143	0.696286	0.0133953
0	0	-290	0.00417131	0.630077	0.0133946
0	0	-288	0.00389838	0.563776	0.0133204
0	0	-286	0.00361478	0.497892	0.0132171
0	0	-284	0.00332063	0.432763	0.0131068
0	0	-282	0.00301633	0.368579	0.0130216
0	0	-280	0.00270217	0.305399	0.0129822
0	0	-278	0.00237785	0.243191	0.0130009
0	0	-276	0.00204211	0.181836	0.0130894
0	0	-274	0.0016937	0.121146	0.0132439
0	0	-272	0.00133246	0.0609069	0.0134687
0	0	-270	0.00095763	0.00088624	0.0137604
0	0	-268	0.00056896	-0.0591543	0.0141156
0	0	-266	0.00016684	-0.119477	0.0145226
0	0	-264	-0.00024802	-0.180321	0.0149693
0	0	-262	-0.00067501	-0.24189	0.0154474
0	0	-260	-0.00111312	-0.304355	0.0159326
0	0	-258	-0.00155929	-0.367845	0.0164002
0	0	-256	-0.00201066	-0.432395	0.0168239
0	0	-254	-0.00246363	-0.497914	0.0171678
0	0	-252	-0.00291324	-0.564203	0.0173926
0	0	-250	-0.00335287	-0.630915	0.0174544
0	0	-248	-0.00377645	-0.697505	0.0173136
0	0	-246	-0.00417803	-0.763263	0.0169315
0	0	-244	-0.00455132	-0.827346	0.0162746
0	0	-242	-0.00489199	-0.888764	0.0153259
0	0	-240	-0.00519544	-0.94644	0.0140817
0	0	-238	-0.00545798	-0.999271	0.0125687
0	0	-236	-0.00567807	-1.04625	0.0108278
0	0	-234	-0.00585452	-1.08647	0.00891121
0	0	-232	-0.00598836	-1.11924	0.00687924
0	0	-230	-0.00607984	-1.14405	0.00478939
0	0	-228	-0.00613053	-1.16058	0.00268346
0	0	-226	-0.00614088	-1.16866	0.00059006
0	0	-224	-0.00611157	-1.16822	-0.00146924
0	0	-222	-0.0060436	-1.15928	-0.00347445
0	0	-220	-0.00593664	-1.14193	-0.00540122
0	0	-218	-0.00578985	-1.11636	-0.00721618
0	0	-216	-0.00560341	-1.08291	-0.00887622
0	0	-214	-0.00537833	-1.04212	-0.0103435
0	0	-212	-0.00511486	-0.994718	-0.0115868
0	0	-210	-0.0048153	-0.941603	-0.0125833
0	0	-208	-0.00448209	-0.88379	-0.0133325
0	0	-206	-0.00411951	-0.822365	-0.0138507
0	0	-204	-0.00373303	-0.758389	-0.0141707
0	0	-202	-0.00332812	-0.692827	-0.0143308
0	0	-200	-0.00291017	-0.6265	-0.0143658
0	0	-198	-0.00248421	-0.560092	-0.0143213
0	0	-196	-0.00205543	-0.494122	-0.014242
0	0	-194	-0.00162832	-0.428926	-0.0141607
0	0	-192	-0.00120651	-0.364686	-0.0140984
0	0	-190	-0.00079103	-0.301483	-0.01408
0	0	-188	-0.00038495	-0.239279	-0.0141272
0	0	-186	1.187e-05	-0.177935	-0.0142429
0	0	-184	0.00039902	-0.117268	-0.0144275
0	0	-182	0.00077548	-0.0570802	-0.0146868
0	0	-180	0.00114249	0.00286973	-0.0150173
0	0	-178	0.00150004	0.0628399	-0.0154081
0	0	-176	0.00184881	0.12308	-0.0158489
0	0	-174	0.00218839	0.183819	-0.0163293
0	0	-172	0.00251823	0.245276	-0.0168316
0	0	-170	0.00283794	0.30764	-0.0173336
0	0	-168	0.00314753	0.371029	-0.0178122
0	0	-166	0.00344532	0.435478	-0.0182304
0	0	-164	0.00372984	0.500912	-0.0185573
0	0	-162	0.00399985	0.567139	-0.018749
0	0	-160	0.00425297	0.633805	-0.0187628
0	0	-158	0.00448668	0.70038	-0.0185541
0	0	-156	0.00469894	0.76616	-0.0180856
0	0	-154	0.00488866	0.830291	-0.0173323
0	0	-152	0.00505263	0.891778	-0.0162696
0	0	-150	0.00518958	0.949543	-0.0148989
0	0	-148	0.00530065	1.00249	-0.0132499
0	0	-146	0.00538415	1.04958	-0.0113622
0	0	-144	0.00544094	1.08993	-0.00929035
0	0	-142	0.00547267	1.12283	-0.00709692
0	0	-140	0.00548254	1.14776	-0.00484024
0	0	-138	0.00547047	1.16442	-0.00256214
0	0	-136	0.00543856	1.17263	-0.00029618
0	0	-134	0.00538831	1.17232	0.00193439
0	0	-132	0.00532095	1.1635	0.00410655
0	0	-130	0.00523549	1.14627	0.00619244
0	0	-128	0.00513438	1.12081	0.00815297
0	0	-126	0.00501784	1.08748	0.00994548
0	0	-124	0.00488473	1.0468	0.0115223
0	0	-122	0.0047353	0.999483	0.0128454
0	0	-120	0.00457065	0.946428	0.0138961
0	0	-118	0.00439141	0.888652	0.0146681
0	0	-116	0.00419933	0.827233	0.0151875
0	0	-114	0.00399547	0.763219	0.0154929
0	0	-112	0.00378047	0.697567	0.0156191
0	0	-110	0.00355747	0.631104	0.0156196
0	0	-108	0.00332607	0.564512	0.0155407
0	0	-106	0.00308706	0.498297	0.0154189
0	0	-104	0.00284183	0.43279	0.0152885
0	0	-102	0.00258996	0.368199	0.0151702
0	0	-100	0.00232983	0.304606	0.0150829
0	0	-98	0.00206166	0.241977	0.0150361
0	0	-96	0.00178382	0.18019	0.0150369
0	0	-94	0.00149475	0.11908	0.0150802
0	0	-92	0.00119377	0.0584472	0.0151718
0	0	-90	0.00088055	-0.00194072	0.0153176
0	0	-88	0.00055555	-0.0623161	0.0155071
0	0	-86	0.00021842	-0.122925	0.0157397
0	0	-84	-0.00012925	-0.184001	0.0160068
0	0	-82	-0.00048481	-0.245752	0.0163038
0	0	-80	-0.00084525	-0.308359	0.0166124
0	0	-78	-0.001208	-0.37194	0.0169149
0	0	-76	-0.00156916	-0.436529	0.0171892
0	0	-74	-0.00192419	-0.502038	0.0174067
0	0	-72	-0.00226987	-0.568281	0.0175291
0	0	-70	-0.00260178	-0.634916	0.0175082
0	0	-68	-0.00291699	-0.701414	0.0173056
0	0	-66	-0.00321272	-0.767061	0.0168795
0	0	-64	-0.00348647	-0.831015	0.0161872
0	0	-62	-0.00373748	-0.892298	0.0152143
0	0	-60	-0.00396567	-0.949823	0.0139588
0	0	-58	-0.0041706	-1.00251	0.0124408
0	0	-56	-0.00435374	-1.04934	0.0107049
0	0	-54	-0.00451703	-1.08943	0.00880268
0	0	-52	-0.00466101	-1.12207	0.00679441
0	0	-50	-0.00479088	-1.14678	0.00473849
0	0	-48	-0.00490907	-1.16325	0.00267615
0	0	-46	-0.0050186	-1.1713	0.00063465
0	0	-44	-0.00512325	-1.1709	-0.00136472
0	0	-42	-0.00522622	-1.16205	-0.00330415
0	0	-40	-0.00532976	-1.14484	-0.00516117
0	0	-38	-0.00543527	-1.11949	-0.00690467
0	0	-36	-0.00554254	-1.08633	-0.00850063
0	0	-34	-0.00564993	-1.04591	-0.00991737
0	0	-32	-0.005756	-0.998931	-0.0111299
0	0	-30	-0.00585709	-0.946278	-0.0121196
0	0	-28	-0.00595044	-0.888964	-0.0128946
0	0	-26	-0.00603168	-0.828042	-0.0134744
0	0	-24	-0.00609601	-0.764541	-0.0138818
0	0	-22	-0.00613989	-0.699399	-0.014155
0	0	-20	-0.00615874	-0.633424	-0.0143243
0	0	-18	-0.00614968	-0.567263	-0.0144318
0	0	-16	-0.00610955	-0.501383	-0.0145058
0	0	-14	-0.00603683	-0.436101	-0.0145671
0	0	-12	-0.00593065	-0.371605	-0.0146392
0	0	-10	-0.00579132	-0.307961	-0.0147408
0	0	-8	-0.00562095	-0.245146	-0.0148829
0	0	-6	-0.00542172	-0.183049	-0.0150666
0	0	-4	-0.00519583	-0.121528	-0.015298
0	0	-2	-0.00494562	-0.0604067	-0.0155778
0	0	0	-0.00467257	0.0005269	-0.0159039
0	0	2	-0.0043767	0.0614821	-0.0162737
0	0	4	-0.00405708	0.122663	-0.016678
0	0	6	-0.00371154	0.184266	-0.0171084
0	0	8	-0.00333833	0.246475	-0.0175555
0	0	10	-0.00293357	0.309442	-0.0179985
0	0	12	-0.00249508	0.373247	-0.0184183
0	0	14	-0.00202148	0.437919	-0.0187837
0	0	16	-0.00151338	0.503368	-0.0190678
0	0	18	-0.00097353	0.569406	-0.0192331
0	0	20	-0.0004076	0.635704	-0.019232
0	0	22	0.00017722	0.701752	-0.0190251
0	0	24	0.00076972	0.766883	-0.0185697
0	0	26	0.00135894	0.830278	-0.0178346
0	0	28	0.00193157	0.890973	-0.0167997
0	0	30	0.00247403	0.947911	-0.0154633
0	0	32	0.00297615	1.00003	-0.0138538
0	0	34	0.00342678	1.04635	-0.0120068
0	0	36	0.00381798	1.086	-0.00997425
0	0	38	0.00414563	1.11831	-0.00781893
0	0	40	0.00440567	1.14277	-0.00559749
0	0	42	0.00459739	1.15909	-0.0033538
0	0	44	0.0047213	1.1671	-0.00111837
0	0	46	0.00477967	1.16673	0.00108165
0	0	48	0.0047735	1.158	0.00322362
0	0	50	0.0047058	1.14098	0.00527821
0	0	52	0.00457968	1.11586	0.00720694
0	0	54	0.00439855	1.08298	0.00896546
0	0	56	0.00416741	1.04286	0.0105109
0	0	58	0.00388977	0.99619	0.0118013
0	0	60	0.003571	0.943846	0.0128135
0	0	62	0.00321756	0.886835	0.0135472
0	0	64	0.00283555	0.826204	0.0140193
0	0	66	0.00243203	0.762976	0.0142656
0	0	68	0.00201404	0.698086	0.0143258
0	0	70	0.00158803	0.632354	0.0142559
0	0	72	0.00116077	0.566428	0.014103
0	0	74	0.00073705	0.500775	0.0139066
0	0	76	0.0003207	0.435715	0.0137072
0	0	78	-8.525e-05	0.371438	0.013529
0	0	80	-0.00047862	0.308016	0.0133955
0	0	82	-0.00085849	0.245425	0.0133195
0	0	84	-0.00122433	0.183559	0.0133048
0	0	86	-0.00157584	0.122275	0.0133656
0	0	88	-0.00191407	0.0613956	0.0134968
0	0	90	-0.00223827	0.00070829	0.0136993
0	0	92	-0.00254882	-0.0600088	0.0139673
0	0	94	-0.00284425	-0.12096	0.0142946
0	0	96	-0.00312354	-0.182342	0.0146726
0	0	98	-0.00338641	-0.244345	0.015083
0	0	100	-0.00362976	-0.307135	0.0155124
0	0	102	-0.0038534	-0.370794	0.0159307
0	0	104	-0.00405718	-0.435347	0.0163105
0	0	106	-0.00423991	-0.500721	0.0166233
0	0	108	-0.00440227	-0.566734	0.0168196
0	0	110	-0.00454517	-0.633057	0.016867
0	0	112	-0.00466914	-0.699181	0.0167185
0	0	114	-0.00477548	-0.764451	0.0163342
0	0	116	-0.00486693	-0.828049	0.0156813
0	0	118	-0.00494492	-0.889004	0.0147411
0	0	120	-0.0050109	-0.946249	0.0135232
0	0	122	-0.00506583	-0.998718	0.0120501
0	0	124	-0.00510956	-1.04541	0.0103619
0	0	126	-0.00514378	-1.08545	0.00851507
0	0	128	-0.0051684	-1.11812	0.00657104
0	0	130	-0.00518517	-1.14293	0.00458544
0	0	132	-0.00519358	-1.15957	0.00259697
0	0	134	-0.00519415	-1.16785	0.00063723
0	0	136	-0.00518537	-1.16771	-0.00127154
0	0	138	-0.00516719	-1.15915	-0.0031113
0	0	140	-0.0051369	-1.14225	-0.00485818
0	0	142	-0.00509182	-1.11721	-0.00647891
0	0	144	-0.00502916	-1.08433	-0.00793689
0	0	146	-0.00494267	-1.04415	-0.00919176
0	0	148	-0.00482892	-0.99736	-0.0102173
0	0	150	-0.00468521	-0.944836	-0.0110007
0	0	152	-0.00450764	-0.887594	-0.0115455
0	0	154	-0.00429475	-0.826695	-0.0118846
0	0	156	-0.00404794	-0.763176	-0.0120515
0	0	158	-0.00376661	-0.697973	-0.0120935
0	0	160	-0.00345454	-0.631924	-0.0120709
0	0	162	-0.00311306	-0.565686	-0.012021
0	0	164	-0.00274727	-0.499729	-0.0119854
0	0	166	-0.00236188	-0.434373	-0.0119896
0	0	168	-0.00196116	-0.369819	-0.0120561
0	0	170	-0.00155113	-0.306134	-0.0121975
0	0	172	-0.00113789	-0.243288	-0.0124126
0	0	174	-0.00072779	-0.181183	-0.0127031
0	0	176	-0.00032607	-0.119683	-0.0130659
0	0	178	6.199e-05	-0.058606	-0.0134962
0	0	180	0.00043365	0.00226461	-0.0139767
0	0	182	0.00078762	0.0631474	-0.014499
0	0	184	0.00112339	0.124236	-0.0150551
0	0	186	0.00144187	0.185734	-0.0156255
0	0	188	0.00174642	0.247834	-0.0161925
0	0	190	0.00204182	0.310682	-0.0167353
0	0	192	0.00233201	0.374357	-0.0172302
0	0	194	0.00262172	0.438891	-0.0176474
0	0	196	0.00291517	0.504222	-0.0179443
0	0	198	0.00321511	0.570154	-0.0180791
0	0	200	0.00352124	0.636348	-0.0180198
0	0	202	0.00383206	0.702307	-0.0177289
0	0	204	0.00414437	0.767384	-0.0171706
0	0	206	0.00445295	0.830753	-0.0163251
0	0	208	0.00475192	0.891445	-0.0151991
0	0	210	0.00503456	0.948419	-0.013805
0	0	212	0.00529436	1.00062	-0.0121762
0	0	214	0.00552592	1.04705	-0.0103639
0	0	216	0.00572427	1.08683	-0.00842514
0	0	218	0.00588893	1.11928	-0.00642238
0	0	220	0.0060187	1.14392	-0.00439828
0	0	222	0.00611255	1.16043	-0.00238755
0	0	224	0.00617091	1.16863	-0.00041196
0	0	226	0.00619598	1.16846	0.00151575
0	0	228	0.00619005	1.15992	0.00338707
0	0	230	0.00615237	1.14311	0.00518657
0	0	232	0.00608364	1.11819	0.00689033
0	0	234	0.00598433	1.0855	0.00846514
0	0	236	0.00585526	1.04554	0.00987512
0	0	238	0.00569715	0.999016	0.0110896
0	0	240	0.00550911	0.946779	0.0120858
0	0	242	0.0052929	0.889842	0.0128652
0	0	244	0.00504912	0.829247	0.0134366
0	0	246	0.00478096	0.766015	0.0138253
0	0	248	0.00448922	0.701095	0.0140626
0	0	250	0.00417871	0.635312	0.0141935
0	0	252	0.00385172	0.569316	0.0142624
0	0	254	0.00351154	0.503586	0.0143004
0	0	256	0.0031615	0.438459	0.0143429
0	0	258	0.00280356	0.374124	0.0144178
0	0	260	0.00244151	0.310645	0.014539
0	0	262	0.00207728	0.247997	0.0147183
0	0	264	0.00171293	0.186091	0.0149595
0	0	266	0.00135117	0.124775	0.0152633
0	0	268	0.00099224	0.0638717	0.015621
0	0	270	0.00063866	0.0031587	0.0160126
0	0	272	0.00029104	-0.0575828	0.0164306
0	0	274	-5.06e-05	-0.118565	0.0168581
0	0	276	-0.00038526	-0.180001	0.0172782
0	0	278	-0.00071383	-0.242091	0.0176686
0	0	280	-0.00103584	-0.304992	0.0180088
0	0	282	-0.00135108	-0.368795	0.0182857
0	0	284	-0.00166	-0.433533	0.018465
0	0	286	-0.00196222	-0.499148	0.0185182
0	0	288	-0.00225677	-0.565457	0.0184132
0	0	290	-0.00254343	-0.632108	0.0181213
0	0	292	-0.00282132	-0.698601	0.0176162
0	0	294	-0.00308756	-0.764272	0.0168603
0	0	296	-0.00334206	-0.828266	0.0158415
0	0	298	-0.00358099	-0.889604	0.0145601
0	0	300	-0.00380207	-0.947224	0.0130285
0	0	302	-0.00400228	-1.00005	0.011271
0	0	304	-0.0041794	-1.04707	0.00933469
0	0	306	-0.00433124	-1.08738	0.00727375
0	0	308	-0.00445763	-1.12029	0.00514112
0	0	310	-0.00455621	-1.14531	0.00297678
0	0	312	-0.00462658	-1.16211	0.00081568
0	0	314	-0.00466832	-1.17051	-0.00131748
0	0	316	-0.0046823	-1.17044	-0.00340719
0	0	318	-0.00466834	-1.16192	-0.00543577
0	0	320	-0.00462552	-1.14502	-0.00737695
0	0	322	-0.00455367	-1.11993	-0.00919546
0	0	324	-0.00445263	-1.08701	-0.0108462
0	0	326	-0.00432328	-1.04679	-0.012286
0	0	328	-0.00416541	-0.999972	-0.0134742
0	0	330	-0.00398052	-0.947465	-0.0143943
0	0	332	-0.00377061	-0.890288	-0.0150425
0	0	334	-0.00353811	-0.829496	-0.0154395
0	0	336	-0.00328585	-0.76612	-0.0156197
0	0	338	-0.0030156	-0.701101	-0.0156224
0	0	340	-0.00272916	-0.635248	-0.015503
0	0	342	-0.00242823	-0.569211	-0.0153034
0	0	344	-0.00211512	-0.503458	-0.0150652
0	0	346	-0.00179053	-0.438324	-0.014826
0	0	348	-0.00145474	-0.373995	-0.0146131
0	0	350	-0.00110945	-0.310531	-0.0144446
0	0	352	-0.00075378	-0.247904	-0.0143295
0	0	354	-0.00038899	-0.18602	-0.0142751
0	0	356	-1.65e-05	-0.124738	-0.0142854
0	0	358	0.00036254	-0.0638761	-0.0143496
0	0	360	0.00074764	-0.00322372	-0.0144601
0	0	362	0.00113612	0.057434	-0.0146043
0	0	364	0.00152649	0.118301	-0.014771
0	0	366	0.00191555	0.179586	-0.0149424
0	0	368	0.00230113	0.241478	-0.0151016
0	0	370	0.00268113	0.304134	-0.0152394
0	0	372	0.00305144	0.36763	-0.015334
0	0	374	0.0034087	0.432006	-0.0153668
0	0	376	0.00375157	0.497211	-0.0153156
0	0	378	0.0040749	0.563056	-0.0151467
0	0	380	0.00437665	0.629207	-0.0148383
0	0	382	0.00465332	0.695186	-0.014354
0	0	384	0.00490162	0.760343	-0.0136702
0	0	386	0.00512007	0.823855	-0.0127622
0	0	388	0.00530597	0.884749	-0.0116203
0	0	390	0.00545774	0.941987	-0.0102438
0	0	392	0.0055756	0.994505	-0.00864575
0	0	394	0.00565974	1.04128	-0.00686537
0	0	396	0.00570961	1.08142	-0.00494243
0	0	398	0.00572862	1.11421	-0.00292283
0	0	400	0.005718	1.13916	-0.00085025
0	0	402	0.00567954	1.15595	0.00124523
0	0	404	0.00561517	1.16441	0.00333701
0	0	406	0.00552525	1.16447	0.00540743
0	0	408	0.00541184	1.15617	0.00743529
0	0	410	0.00527415	1.13958	0.00939085
0	0	412	0.00511216	1.11492	0.0112327
0	0	414	0.00492716	1.0825	0.0129109
0	0	416	0.00471826	1.04286	0.0143703
0	0	418	0.00448578	0.996676	0.0155662
0	0	420	0.00423178	0.944813	0.0164695
0	0	422	0.00395674	0.888264	0.0170685
0	0	424	0.003663	0.82807	0.0173774
0	0	426	0.00335422	0.765237	0.0174262
0	0	428	0.00303355	0.70071	0.0172617
0	0	430	0.00270391	0.635289	0.0169363
0	0	432	0.00236849	0.569615	0.016498
0	0	434	0.00202996	0.504157	0.0159932
0	0	436	0.001691	0.439249	0.0154588
0	0	438	0.00135383	0.375085	0.0149385
0	0	440	0.00102061	0.311727	0.0144488
0	0	442	0.00069198	0.249146	0.0140051
0	0	444	0.00036927	0.187267	0.0136219
0	0	446	5.317e-05	0.125952	0.013303
0	0	448	-0.00025654	0.065011	0.0130572
0	0	450	-0.00055895	0.00424263	0.0128735
0	0	452	-0.00085414	-0.0565503	0.0127524
0	0	454	-0.00114214	-0.117575	0.0126908
0	0	456	-0.00142387	-0.179044	0.0126725
0	0	458	-0.00169925	-0.241153	0.0126867
0	0	460	-0.0019687	-0.304041	0.0127161
0	0	462	-0.00223197	-0.367798	0.0127444
0	0	464	-0.00248959	-0.432467	0.0127461
0	0	466	-0.00274198	-0.497983	0.0126868
0	0	468	-0.00298754	-0.564152	0.0125414
0	0	470	-0.00322536	-0.630649	0.0122748
0	0	472	-0.00345547	-0.696987	0.0118464
0	0	474	-0.00367511	-0.762499	0.0112233
0	0	476	-0.00388259	-0.826337	0.0103853
0	0	478	-0.00407566	-0.887536	0.00932279
0	0	480	-0.00425227	-0.94504	0.00803251
0	0	482	-0.00440978	-0.997773	0.00653239
0	0	484	-0.00454545	-1.04471	0.00485726
0	0	486	-0.00465898	-1.08497	0.00305131
0	0	488	-0.00474772	-1.11784	0.00115531
0	0	490	-0.00481082	-1.14282	-0.00079332
0	0	492	-0.00484906	-1.15959	-0.00276043
0	0	494	-0.00486084	-1.16795	-0.00472575
0	0	496	-0.0048458	-1.16785	-0.00667459
0	0	498	-0.00480278	-1.15929	-0.00858534
0	0	500	-0.0047321	-1.14234	-0.0104269
0	0	502	-0.00463319	-1.1172	-0.0121607
0	0	504	-0.00450489	-1.0842	-0.0137351
0	0	506	-0.00434595	-1.04387	-0.0150969
0	0	508	-0.00415842	-0.996913	-0.0162037
0	0	510	-0.00394352	-0.944223	-0.017033
0	0	512	-0.00370292	-0.886807	-0.0175772
0	0	514	-0.00344013	-0.825728	-0.0178524
0	0	516	-0.00315826	-0.762035	-0.0178889
0	0	518	-0.00286139	-0.696705	-0.0177339
0	0	520	-0.00255188	-0.630559	-0.017436
0	0	522	-0.00223316	-0.564276	-0.0170379
0	0	524	-0.00190786	-0.498362	-0.0165831
0	0	526	-0.00157786	-0.433171	-0.0161089
0	0	528	-0.00124509	-0.368914	-0.0156424
0	0	530	-0.00091033	-0.305646	-0.0152078
0	0	532	-0.00057342	-0.243342	-0.01482
0	0	534	-0.00023569	-0.181892	-0.0144856
0	0	536	0.00010475	-0.121122	-0.01421
0	0	538	0.00044644	-0.0608178	-0.01399
0	0	540	0.00079068	-0.00074919	-0.0138243
0	0	542	0.00113783	0.0593231	-0.0137106
0	0	544	0.00148615	0.119635	-0.0136366
0	0	546	0.0018366	0.180424	-0.0135962
0	0	548	0.00218693	0.24191	-0.0135716
0	0	550	0.00253642	0.304266	-0.0135485
0	0	552	0.00288408	0.367601	-0.0135052
0	0	554	0.00322663	0.431955	-0.0134018
0	0	556	0.00356154	0.497264	-0.0132248
0	0	558	0.00388505	0.563317	-0.0129387
0	0	560	0.00419354	0.629749	-0.0125078
0	0	562	0.00448235	0.696065	-0.011906
0	0	564	0.00474801	0.761579	-0.0111073
0	0	566	0.00498808	0.825432	-0.0101045
0	0	568	0.00519816	0.886637	-0.00889317
0	0	570	0.00537805	0.944148	-0.00748685
0	0	572	0.00552809	0.996883	-0.0059131
0	0	574	0.00564795	1.04383	-0.00421359
0	0	576	0.00574057	1.08409	-0.00243499
0	0	578	0.00580791	1.11699	-0.00061574
0	0	580	0.00585326	1.14201	0.00120624
0	0	582	0.00587874	1.15885	0.00300576
0	0	584	0.00588678	1.16734	0.00477364
0	0	586	0.00587972	1.16741	0.00650211
0	0	588	0.00585838	1.15908	0.00818167
0	0	590	0.00582336	1.14243	0.00979238
0	0	592	0.00577313	1.11767	0.0113004
0	0	594	0.00570853	1.08513	0.0126667
0	0	596	0.00562731	1.04532	0.0138453
0	0	598	0.00552754	0.99893	0.0148039
0	0	600	0.00540968	0.94684	0.0155228
0	0	602	0.00527102	0.890033	0.0159912
0	0	604	0.00511107	0.829554	0.0162251
0	0	606	0.00492954	0.766436	0.0162661
0	0	608	0.00472543	0.70163	0.0161531
0	0	610	0.00449941	0.635945	0.0159306
0	0	612	0.00425138	0.570021	0.0156364
0	0	614	0.00398234	0.504355	0.0153193
0	0	616	0.00369228	0.439277	0.0150119
0	0	618	0.00338253	0.37497	0.0147286
0	0	620	0.00305486	0.3115	0.0144887
0	0	622	0.00271065	0.248847	0.014303
0	0	624	0.00235193	0.186922	0.0141833
0	0	626	0.00198038	0.125565	0.0141226
0	0	628	0.00159922	0.064579	0.0141163
0	0	630	0.00121069	0.00376513	0.0141691
0	0	632	0.00081804	-0.0570837	0.0142727
0	0	634	0.00042329	-0.118181	0.0144158
0	0	636	2.931e-05	-0.179733	0.0145814
0	0	638	-0.00036093	-0.241913	0.0147639
0	0	640	-0.00074437	-0.304869	0.0149473
0	0	642	-0.00111793	-0.368687	0.0150992
0	0	644	-0.00148031	-0.433382	0.0151924
0	0	646	-0.00182931	-0.498883	0.015203
0	0	648	-0.00216119	-0.564983	0.0150969
0	0	650	-0.00247463	-0.631337	0.01483
0	0	652	-0.00276877	-0.697455	0.0143624
0	0	654	-0.00303986	-0.762673	0.0136699
0	0	656	-0.00328701	-0.826156	0.0127359
0	0	658	-0.00351108	-0.886941	0.0115481
0	0	660	-0.00371028	-0.943993	0.0101236
0	0	662	-0.0038841	-0.996257	0.00849689
0	0	664	-0.00403428	-1.04273	0.0067223
0	0	666	-0.00416107	-1.08257	0.00484971
0	0	668	-0.00426774	-1.11507	0.00293383
0	0	670	-0.00435659	-1.13977	0.00102645
0	0	672	-0.00443082	-1.15635	-0.00084188
0	0	674	-0.00449304	-1.16465	-0.00265043
0	0	676	-0.00454634	-1.1646	-0.00438644
0	0	678	-0.00459271	-1.15621	-0.00603511
0	0	680	-0.00463348	-1.13958	-0.00757522
0	0	682	-0.0046695	-1.11488	-0.00897899
0	0	684	-0.00469935	-1.08243	-0.0102095
0	0	686	-0.00472155	-1.04276	-0.0112296
0	0	688	-0.00473465	-0.996536	-0.0120219
0	0	690	-0.00473613	-0.944637	-0.0125711
0	0	692	-0.00472365	-0.888037	-0.0128843
0	0	694	-0.00469513	-0.827767	-0.0129928
0	0	696	-0.00464887	-0.764856	-0.0129327
0	0	698	-0.00458444	-0.70024	-0.0127538
0	0	700	-0.00450066	-0.634713	-0.0124961
0	0	702	-0.00439687	-0.568923	-0.0122082
0	0	704	-0.00427358	-0.503357	-0.0119259
0	0	706	-0.00413138	-0.438343	-0.0116732
0	0	708	-0.00397204	-0.374064	-0.0114689
0	0	710	-0.0037974	-0.310586	-0.011325
0	0	712	-0.00361062	-0.247901	-0.0112529
0	0	714	-0.00341466	-0.185933	-0.011248
0	0	716	-0.00321047	-0.124529	-0.0113098
0	0	718	-0.00300021	-0.0635067	-0.0114401
0	0	720	-0.00278478	-0.00267379	-0.0116317
0	0	722	-0.00256225	0.0581714	-0.0118729
0	0	724	-0.0023299	0.119247	-0.0121559
0	0	726	-0.00208489	0.180749	-0.012476
0	0	728	-0.00182313	0.242851	-0.0128211
0	0	730	-0.00153946	0.305701	-0.0131669
0	0	732	-0.0012298	0.369398	-0.0134939
0	0	734	-0.00089305	0.433969	-0.0137783
0	0	736	-0.0005272	0.49933	-0.0139959
0	0	738	-0.00013377	0.565292	-0.014104
0	0	740	0.00028235	0.631526	-0.0140556
0	0	742	0.00071475	0.697545	-0.0138213
0	0	744	0.00115435	0.762686	-0.013363
0	0	746	0.00159125	0.826124	-0.0126465
0	0	748	0.00201349	0.886904	-0.0116481
0	0	750	0.00240993	0.943985	-0.0103706
0	0	752	0.00277085	0.996303	-0.00884012
0	0	754	0.00308791	1.04285	-0.00708356
0	0	756	0.00335558	1.08277	-0.00515008
0	0	758	0.00356837	1.11535	-0.00309059
0	0	760	0.00372669	1.1401	-0.00095515
0	0	762	0.00382945	1.15669	0.00121581
0	0	764	0.00388	1.16495	0.00339166
0	0	766	0.00388145	1.1648	0.00554574
0	0	768	0.00383718	1.15623	0.00764736
0	0	770	0.00375088	1.13934	0.00965993
0	0	772	0.00362883	1.11429	0.0115366
0	0	774	0.00347433	1.08144	0.0132222
0	0	776	0.00329329	1.04127	0.0146675
0	0	778	0.00309107	0.9945	0.0158282
0	0	780	0.00287256	0.942021	0.0166792
0	0	782	0.00264251	0.884823	0.0172156
0	0	784	0.00240563	0.823957	0.0174575
0	0	786	0.0021659	0.760484	0.017442
0	0	788	0.00192736	0.695356	0.017207
0	0	790	0.00169349	0.629394	0.0168063
0	0	792	0.00146529	0.563288	0.0162962
0	0	794	0.00124531	0.497554	0.0157219
0	0	796	0.00103403	0.432541	0.0151203
0	0	798	0.00083161	0.368442	0.0145208
0	0	800	0.00063764	0.305328	0.0139521
0	0	802	0.00045057	0.243178	0.0134349
0	0	804	0.00026896	0.181878	0.0129711
0	0	806	9.047e-05	0.12125	0.0125653
0	0	808	-8.603e-05	0.0610895	0.0122255
0	0	810	-0.00026307	0.00116293	0.0119471
0	0	812	-0.0004431	-0.0587636	0.0117252
0	0	814	-0.00062722	-0.118938	0.0115476
0	0	816	-0.00081766	-0.179592	0.0114163
0	0	818	-0.00101502	-0.240929	0.011316
0	0	820	-0.00122183	-0.30312	0.0112392
0	0	822	-0.00143745	-0.366293	0.0111571
0	0	824	-0.00166263	-0.430476	0.0110545
0	0	826	-0.00189723	-0.4956	0.010912
0	0	828	-0.00213878	-0.561466	0.0106962
0	0	830	-0.00238588	-0.627731	0.0103775
0	0	832	-0.00263506	-0.69388	0.00992788
0	0	834	-0.00288357	-0.759229	0.00933144
0	0	836	-0.00312751	-0.822932	0.00857018
0	0	838	-0.00336385	-0.884026	0.00762986
0	0	840	-0.00358832	-0.941454	0.00652684
0	0	842	-0.0037972	-0.994138	0.00528022
0	0	844	-0.00398857	-1.04106	0.00392264
0	0	846	-0.0041599	-1.08134	0.00249204
0	0	848	-0.00430871	-1.11428	0.00102676
0	0	850	-0.004434	-1.13935	-0.00043903
0	0	852	-0.00453547	-1.15626	-0.00188604
0	0	854	-0.00461222	-1.16482	-0.00330509
0	0	856	-0.004664	-1.16497	-0.00469054
0	0	858	-0.0046903	-1.15671	-0.00603628
0	0	860	-0.0046908	-1.14015	-0.00733023
0	0	862	-0.00466376	-1.11548	-0.0085504
0	0	864	-0.00460722	-1.08301	-0.00966593
0	0	866	-0.00451953	-1.04327	-0.0106437
0	0	868	-0.00440102	-0.996949	-0.0114548
0	0	870	-0.00425045	-0.944927	-0.0120819
0	0	872	-0.00406862	-0.888186	-0.0125275
0	0	874	-0.00385648	-0.827775	-0.0128123
0	0	876	-0.00361858	-0.76473	-0.0129631
0	0	878	-0.00335763	-0.699988	-0.013018
0	0	880	-0.00307765	-0.634344	-0.0130145
0	0	882	-0.00278249	-0.568466	-0.012991
0	0	884	-0.00247584	-0.502839	-0.0129805
0	0	886	-0.0021616	-0.437791	-0.0129947
0	0	888	-0.00184432	-0.373501	-0.0130581
0	0	890	-0.00152626	-0.310048	-0.0131779
0	0	892	-0.00121042	-0.247411	-0.0133472
0	0	894	-0.00089983	-0.185491	-0.0135734
0	0	896	-0.00059489	-0.12414	-0.0138507
0	0	898	-0.00029786	-0.063191	-0.0141791
0	0	900	-9.45e-06	-0.00243777	-0.0145564
0	0	902	0.00027113	0.0583339	-0.0149691
0	0	904	0.00054517	0.119335	-0.0154112
0	0	906	0.00081274	0.180762	-0.0158728
0	0	908	0.00107505	0.242792	-0.0163407
0	0	910	0.00133233	0.305565	-0.0167889
0	0	912	0.00158659	0.369187	-0.017195
0	0	914	0.00183663	0.43367	-0.0175288
0	0	916	0.00208273	0.498951	-0.0177468
0	0	918	0.00232318	0.564843	-0.0178069
0	0	920	0.00255637	0.631033	-0.0176613
0	0	922	0.00277951	0.697031	-0.0172723
0	0	924	0.00299168	0.762173	-0.0166107
0	0	926	0.00318886	0.825649	-0.0156428
0	0	928	0.0033685	0.886499	-0.0143635
0	0	930	0.00352849	0.943686	-0.0127889
0	0	932	0.00366734	0.996142	-0.0109536
0	0	934	0.00378459	1.04285	-0.00890412
0	0	936	0.00387845	1.08295	-0.00669801
0	0	938	0.00395009	1.11573	-0.00439789
0	0	940	0.00400031	1.1407	-0.00205198
0	0	942	0.00402988	1.15751	0.00029755
0	0	944	0.00403984	1.166	0.00262099
0	0	946	0.00403116	1.1661	0.00489466
0	0	948	0.00400309	1.1578	0.00709482
0	0	950	0.00395667	1.14119	0.00918876
0	0	952	0.00389146	1.11644	0.0111345
0	0	954	0.00380871	1.08388	0.0128845
0	0	956	0.00370778	1.04403	0.0143902
0	0	958	0.0035888	0.99756	0.0156118
0	0	960	0.00345267	0.94535	0.0165229
0	0	962	0.00330006	0.888384	0.0171235
0	0	964	0.00313288	0.827721	0.0174354
0	0	966	0.00295178	0.76439	0.0174944
0	0	968	0.00275841	0.699344	0.0173454
0	0	970	0.00255424	0.633388	0.0170406
0	0	972	0.00234057	0.567195	0.0166403
0	0	974	0.00211853	0.501265	0.016185
0	0	976	0.00188934	0.435929	0.0157113
0	0	978	0.00165242	0.371379	0.0152519
0	0	980	0.00140877	0.307704	0.014824
0	0	982	0.00116019	0.244888	0.0144486
0	0	984	0.0009061	0.182837	0.0141222
0	0	986	0.00064729	0.121411	0.0138511
0	0	988	0.00038491	0.0604354	0.0136382
0	0	990	0.00011951	-0.00028837	0.0134739
0	0	992	-0.00014792	-0.0609752	0.0133581
0	0	994	-0.00041509	-0.121837	0.0132789
0	0	996	-0.00068202	-0.18309	0.0132297
0	0	998	-0.00094513	-0.244922	0.013196
0	0	1000	-0.00120456	-0.307482	0.0131578
0	0	1002	-0.00145872	-0.370887	0.0131064
0	0	1004	-0.00170465	-0.435166	0.0130123
0	0	1006	-0.00194237	-0.500241	0.0128475
0	0	1008	-0.00217052	-0.565947	0.0125842
0	0	1010	-0.0023866	-0.63197	0.0121911
0	0	1012	-0.00259033	-0.697811	0.0116426
0	0	1014	-0.00277953	-0.762804	0.0109093
0	0	1016	-0.00295269	-0.826135	0.00998037
0	0	1018	-0.00310722	-0.886849	0.00885198
0	0	1020	-0.00324239	-0.943901	0.0075386
0	0	1022	-0.0033549	-0.996222	0.00606369
0	0	1024	-0.00344338	-1.04282	0.00446034
0	0	1026	-0.00350546	-1.08281	0.00277443
0	0	1028	-0.00353993	-1.1155	0.00104945
0	0	1030	-0.00354552	-1.14037	-0.000683
0	0	1032	-0.0035224	-1.15708	-0.00240029
0	0	1034	-0.00346863	-1.16547	-0.00408947
0	0	1036	-0.00338448	-1.16545	-0.00573936
0	0	1038	-0.00327146	-1.15699	-0.00733762
0	0	1040	-0.00312878	-1.1402	-0.00886232
0	0	1042	-0.00295613	-1.11523	-0.0102813
0	0	1044	-0.0027563	-1.08243	-0.0115508
0	0	1046	-0.00253293	-1.04232	-0.0126323
0	0	1048	-0.00228876	-0.995595	-0.0134865
0	0	1050	-0.00202879	-0.943156	-0.0140915
0	0	1052	-0.00175753	-0.886001	-0.0144552
0	0	1054	-0.00148149	-0.825195	-0.0145904
0	0	1056	-0.00120524	-0.761769	-0.0145307
0	0	1058	-0.00093404	-0.696665	-0.0143146
0	0	1060	-0.00067047	-0.630683	-0.0139912
0	0	1062	-0.00041485	-0.564482	-0.0136052
0	0	1064	-0.00017054	-0.498557	-0.0131918
0	0	1066	6.446e-05	-0.433219	-0.0127827
0	0	1068	0.00029114	-0.368662	-0.0124048
0	0	1070	0.00051023	-0.304974	-0.0120762
0	0	1072	0.00072423	-0.242137	-0.0118055
0	0	1074	0.00093536	-0.180046	-0.0115983
0	0	1076	0.00114389	-0.118568	-0.011467
0	0	1078	0.00135249	-0.0575356	-0.0114068
0	0	1080	0.00156132	0.00326372	-0.0114199
0	0	1082	0.00177247	0.0640504	-0.0115019
0	0	1084	0.00198714	0.125026	-0.0116479
0	0	1086	0.00220535	0.186397	-0.0118522
0	0	1088	0.00242829	0.248368	-0.0120979
0	0	1090	0.00265453	0.311093	-0.0123663
0	0	1092	0.00288335	0.374682	-0.0126381
0	0	1094	0.0031138	0.439164	-0.0128894
0	0	1096	0.00334439	0.504479	-0.0130912
0	0	1098	0.00357084	0.570469	-0.013196
0	0	1100	0.00379106	0.636815	-0.0131693
0	0	1102	0.00400026	0.703047	-0.0129728
0	0	1104	0.0041953	0.768514	-0.0125632
0	0	1106	0.00437193	0.832411	-0.0119085
0	0	1108	0.00452797	0.893787	-0.0109937
0	0	1110	0.00466125	0.95158	-0.00981254
0	0	1112	0.00477051	1.00472	-0.00837907
0	0	1114	0.00485515	1.05217	-0.00672222
0	0	1116	0.00491605	1.09304	-0.00488342
0	0	1118	0.00495463	1.12658	-0.00291272
0	0	1120	0.00497089	1.15229	-0.00085513
0	0	1122	0.00496866	1.16981	0.00125708
0	0	1124	0.00494944	1.17899	0.00338848
0	0	1126	0.00491348	1.17975	0.00551511
0	0	1128	0.00486123	1.17211	0.00761096
0	0	1130	0.00479506	1.15619	0.00964104
0	0	1132	0.00471518	1.13216	0.0115594
0	0	1134	0.00462052	1.10039	0.0133158
0	0	1136	0.0045118	1.06138	0.0148551
0	0	1138	0.00438946	1.01582	0.0161322
0	0	1140	0.00425382	0.964583	0.0171139
0	0	1142	0.00410507	0.908661	0.0177881
0	0	1144	0.00394446	0.849095	0.0181657
0	0	1146	0.00377257	0.786906	0.0182679
0	0	1148	0.00359241	0.723035	0.0181448
0	0	1150	0.0034042	0.658308	0.0178385
0	0	1152	0.00320947	0.593374	0.0173988
0	0	1154	0.00300823	0.528724	0.016868
0	0	1156	0.0028021	0.464691	0.0162879
0	0	1158	0.00259216	0.40147	0.0156911
0	0	1160	0.00237845	0.339146	0.0151036
0	0	1162	0.00215872	0.277705	0.0145405
0	0	1164	0.00193456	0.21705	0.0140096
0	0	1166	0.00170469	0.15705	0.0135139
0	0	1168	0.00146875	0.0975336	0.0130598
0	0	1170	0.00122821	0.0382951	0.0126352
0	0	1172	0.00098173	-0.0208694	0.012235
0	0	1174	0.00072965	-0.0801673	0.011857
0	0	1176	0.00047229	-0.139788	0.011487
0	0	1178	0.00021016	-0.199912	0.0111229
0	0	1180	-5.546e-05	-0.260688	0.0107423
0	0	1182	-0.00032468	-0.322215	0.0103372
0	0	1184	-0.00059705	-0.384516	0.00990011
0	0	1186	-0.00086985	-0.447524	0.00941498
0	0	1188	-0.00114115	-0.511069	0.00886241
0	0	1190	-0.00141034	-0.574832	0.00822294
0	0	1192	-0.00167587	-0.638343	0.0074887
0	0	1194	-0.0019345	-0.70096	0.00664026
0	0	1196	-0.00218373	-0.761894	0.00566556
0	0	1198	-0.00242106	-0.820217	0.00456895
0	0	1200	-0.00264414	-0.874902	0.00335706
0	0	1202	-0.00285155	-0.924923	0.00204682
0	0	1204	-0.00304094	-0.969306	0.00066223
0	0	1206	-0.00321051	-1.00719	-0.00076689
0	0	1208	-0.00335989	-1.03789	-0.00221301
0	0	1210	-0.00348829	-1.06089	-0.00365608
0	0	1212	-0.00359525	-1.07586	-0.00508231
0	0	1214	-0.00368179	-1.08258	-0.0064822
0	0	1216	-0.00374753	-1.08091	-0.00784465
0	0	1218	-0.00379174	-1.07079	-0.00915324
0	0	1220	-0.003814	-1.05223	-0.0103732
0	0	1222	-0.00381266	-1.02531	-0.0114562
0	0	1224	-0.00378875	-0.990303	-0.0123491
0	0	1226	-0.00373988	-0.947626	-0.0129911
0	0	1228	-0.00366665	-0.897916	-0.0133353
0	0	1230	-0.00357119	-0.841996	-0.0133541
0	0	1232	-0.00345424	-0.780827	-0.01305
0	0	1234	-0.00331758	-0.715435	-0.012443
0	0	1236	-0.00316427	-0.646837	-0.0115795
0	0	1238	-0.00299785	-0.575999	-0.010515
0	0	1240	-0.00282089	-0.50378	-0.00930396
0	0	1242	-0.00263553	-0.430907	-0.00801428
0	0	1244	-0.0024437	-0.357969	-0.00668184
0	0	1246	-0.00224804	-0.285445	-0.00535308
0	0	1248	-0.00205133	-0.213724	-0.00405742
0	0	1250	-0.00185451	-0.143168	-0.00281212
0	0	1252	-0.00166044	-0.0741168	-0.00163563
0	0	1254	-0.00147317	-0.00694105	-0.00054127
0	0	1256	-0.00129563	0.0578945	0.00044303
0	0	1258	-0.00113118	0.119824	0.00129119
0	0	1260	-0.00098327	0.178196	0.00195309
0	0	1262	-0.00085614	0.232259	0.00237071
0	0	1264	-0.00075332	0.281207	0.00246629
0	0	1266	-0.00068044	0.324256	0.00214967
0	0	1268	-0.00064083	0.360728	0.00134843
0	0	1270	-0.00063784	0.390118	-7.5e-07
0	0	1272	-0.00067479	0.412156	-0.0019325
0	0	1274	-0.00075237	0.426841	-0.00444147
0	0	1276	-0.0008696	0.434443	-0.00747823
0	0	1278	-0.00102375	0.435488	-0.0109483
0	0	1280	-0.00120902	0.430713	-0.0147118
0	0	1282	-0.0014157	0.421023	-0.0185867
0	0	1284	-0.0016315	0.407408	-0.0223648
0	0	1286	-0.00184369	0.390872	-0.0258239
0	0	1288	-0.00203912	0.372369	-0.0287469
0	0	1290	-0.00220589	0.35274	-0.0309428
0	0	1292	-0.00233465	0.332669	-0.0322661
0	0	1294	-0.00241993	0.312681	-0.0326273
0	0	1296	-0.00246047	0.293145	-0.0319893
0	0	1298	-0.00246018	0.274289	-0.0303799
0	0	1300	-0.00242393	0.256226	-0.0278781
0	0	1302	-0.00235796	0.238984	-0.0246146
0	0	1304	-0.00226815	0.222538	-0.0207608
0	0	1306	-0.00216274	0.206838	-0.0165141
0	0	1308	-0.00204872	0.191829	-0.012088
0	0	1310	-0.00193032	0.177472	-0.00769049
0	0	1312	-0.00181019	0.163754	-0.00350725
0	0	1314	-0.00169314	0.150683	0.00031624
0	0	1316	-0.0015809	0.138288	0.00368082
0	0	1318	-0.00147403	0.126597	0.0065364
0	0	1320	-0.00137339	0.115636	0.00887422
0	0	1322	-0.00127896	0.105417	0.0107168
0	0	1324	-0.00118999	0.0959381	0.0121125
0	0	1326	-0.00110659	0.0871769	0.0131212
0	0	1328	-0.00102828	0.0791025	0.0138012
0	0	1330	-0.00095371	0.0716751	0.0142136
0	0	1332	-0.00088246	0.0648461	0.0144107
0	0	1334	-0.00081441	0.0585649	0.0144391
0	0	1336	-0.00074871	0.0527823	0.0143359
0	0	1338	-0.00068569	0.0474526	0.0141325
0	0	1340	-0.00062385	0.0425327	0.0138506
0	0	1342	-0.0005643	0.0379842	0.013505
0	0	1344	-0.00050657	0.0337764	0.0131046
0	0	1346	-0.00045081	0.0298863	0.0126494
0	0	1348	-0.00039681	0.0262996	0.0121328
0	0	1350	-0.00034464	0.0230112	0.0115416
0	0	1352	-0.00029641	0.020028	0.0108587
0	0	1354	-0.00025089	0.0173703	0.0100663
0	0	1356	-0.00020882	0.015065	0.00915483
0	0	1358	-0.00017154	0.0131373	0.00813454
0	0	1360	-0.00013946	0.0115991	0.00704338
0	0	1362	-0.00011176	0.0104354	0.00594096
0	0	1364	-8.782e-05	0.00960104	0.0048934
0	0	1366	-6.921e-05	0.00903092	0.0039526
0	0	1368	-5.405e-05	0.00865614	0.00314571
0	0	1370	-4.142e-05	0.00841729	0.00247768
0	0	1372	-3.142e-05	0.00826685	0.00193766
0	0	1374	-2.43e-05	0.00817202	0.00150886
0	0	1376	-1.785e-05	0.00811262	0.00117125
0	0	1378	-1.325e-05	0.00807373	0.00090706
0	0	1380	-1.034e-05	0.00804692	0.00070247
0	0	1382	-7.2e-06	0.00802742	0.00054384
0	0	1384	-4.57e-06	0.00801083	0.00042213
0	0	1386	-2.9e-06	0.00799601	0.00032889
0	0	1388	-1.68e-06	0.0079793	0.00025921
0	0	1390	-6e-07	0.00796089	0.00020829
0	0	1392	-1.1e-07	0.00793857	0.00017301
0	0	1394	4.9e-07	0.00790948	0.00015023
0	0	1396	1.25e-06	0.00786915	0.00013905
0	0	1398	9.6e-07	0.00781104	0.00013896
0	0	1400	1.7e-06	0.00772669	0.00014926
0	0	1402	2.12e-06	0.0076037	0.00016979
0	0	1404	2.84e-06	0.00742584	0.00020101
0	0	1406	3.03e-06	0.00717871	0.00024151
0	0	1408	3.67e-06	0.00685281	0.00028908
0	0	1410	4.81e-06	0.00645358	0.00033933
0	0	1412	5.8e-06	0.00599886	0.00038803
0	0	1414	6.89e-06	0.0055177	0.00043108
0	0	1416	8.31e-06	0.00504063	0.00046617
0	0	1418	9.44e-06	0.00459115	0.00049244
0	0	1420	1.09e-05	0.00418168	0.00051074
0	0	1422	1.201e-05	0.00381678	0.00052386
0	0	1424	1.363e-05	0.00349588	0.00053213
0	0	1426	1.619e-05	0.00321531	0.00053704
0	0	1428	1.78e-05	0.00296975	0.00053911
0	0	1430	1.937e-05	0.00275596	0.00053973
0	0	1432	2.097e-05	0.00256845	0.0005389
0	0	1434	2.238e-05	0.00240318	0.00053668
0	0	1436	2.416e-05	0.00225643	0.00053385
0	0	1438	2.575e-05	0.00212562	0.0005301
0	0	1440	2.735e-05	0.00200899	0.00052543
0	0	1442	2.883e-05	0.00190364	0.0005205
0	0	1444	3.05e-05	0.00180889	0.00051604
0	0	1446	3.128e-05	0.00172248	0.00051076
0	0	1448	3.238e-05	0.00164388	0.00050485
0	0	1450	3.388e-05	0.0015722	0.00049837
0	0	1452	3.437e-05	0.00150632	0.0004926
0	0	1454	3.502e-05	0.0014452	0.00048616
0	0	1456	3.621e-05	0.00138836	0.00048003
0	0	1458	3.721e-05	0.00133591	0.00047381
0	0	1460	3.775e-05	0.00128697	0.00046688
0	0	1462	3.811e-05	0.0012413	0.0004606
0	0	1464	3.88e-05	0.00119806	0.00045434
0	0	1466	3.965e-05	0.00115711	0.0004475
0	0	1468	4.038e-05	0.00111889	0.00044026
0	0	1470	4.009e-05	0.00108283	0.00043336
0	0	1472	4.032e-05	0.00104834	0.00042703
0	0	1474	4.08e-05	0.0010157	0.00042015
0	0	1476	4.067e-05	0.00098462	0.00041406
0	0	1478	4.085e-05	0.00095499	0.00040694
0	0	1480	4.081e-05	0.00092718	0.00039979
0	0	1482	4.063e-05	0.00090037	0.00039414
0	0	1484	4.061e-05	0.00087426	0.00038824
0	0	1486	4.063e-05	0.00084961	0.00038156
0	0	1488	4.036e-05	0.00082543	0.00037502
0	0	1490	4.01e-05	0.00080211	0.00036843
0	0	1492	4.001e-05	0.00078036	0.00036222
0	0	1494	3.981e-05	0.00075896	0.00035651
0	0	1496	3.902e-05	0.00073863	0.00035018
0	0	1498	3.879e-05	0.00071866	0.00034379
0	0	1500	3.911e-05	0.00069962	0.00033789
0	0	1502	3.858e-05	0.00068106	0.0003325
0	0	1504	3.776e-05	0.00066308	0.00032743
0	0	1506	3.761e-05	0.00064593	0.00032159
0	0	1508	3.73e-05	0.00062901	0.00031562
0	0	1510	3.671e-05	0.00061286	0.00031074
0	0	1512	3.659e-05	0.00059725	0.00030543
0	0	1514	3.619e-05	0.00058183	0.00030027
0	0	1516	3.563e-05	0.00056701	0.00029502
0	0	1518	3.491e-05	0.00055266	0.00029014
0	0	1520	3.418e-05	0.00053856	0.00028491
0	0	1522	3.394e-05	0.00052512	0.00027976
0	0	1524	3.367e-05	0.00051202	0.00027509
0	0	1526	3.283e-05	0.00049921	0.00027027
0	0	1528	3.236e-05	0.00048703	0.00026547
0	0	1530	3.197e-05	0.00047542	0.00026172
0	0	1532	3.153e-05	0.00046382	0.00025735
0	0	1534	3.137e-05	0.00045208	0.00025276
0	0	1536	3.085e-05	0.00044079	0.00024827
0	0	1538	2.999e-05	0.00043022	0.00024408
0	0	1540	2.923e-05	0.0004195	0.00024028
0	0	1542	2.902e-05	0.00040971	0.0002364
0	0	1544	2.816e-05	0.0003998	0.00023208
0	0	1546	2.75e-05	0.00039003	0.00022859
0	0	1548	2.766e-05	0.00038064	0.00022473
0	0	1550	2.685e-05	0.00037235	0.00022115
0	0	1552	2.624e-05	0.00036304	0.00021743
0	0	1554	2.619e-05	0.00035382	0.00021374
0	0	1556	2.558e-05	0.00034612	0.00020993
0	0	1558	2.476e-05	0.00033817	0.00020646
0	0	1560	2.442e-05	0.00033036	0.00020317
0	0	1562	2.348e-05	0.00032258	0.00019979
0	0	1564	2.4e-05	0.00031489	0.00019683
0	0	1566	2.339e-05	0.00030743	0.00019343
0	0	1568	2.246e-05	0.00030063	0.00019055
0	0	1570	2.214e-05	0.00029392	0.00018795
0	0	1572	2.188e-05	0.00028716	0.00018504
0	0	1574	2.186e-05	0.00028006	0.00018219
0	0	1576	2.092e-05	0.00027396	0.00017926
0	0	1578	2.038e-05	0.00026793	0.00017638
0	0	1580	2.045e-05	0.00026181	0.00017346
0	0	1582	1.977e-05	0.00025573	0.0001701
0	0	1584	1.912e-05	0.00024964	0.00016812
0	0	1586	1.886e-05	0.00024436	0.00016602
0	0	1588	1.836e-05	0.00023907	0.00016336
0	0	1590	1.771e-05	0.00023361	0.00016089
0	0	1592	1.733e-05	0.0002286	0.00015835
0	0	1594	1.687e-05	0.00022328	0.00015597
0	0	1596	1.63e-05	0.00021874	0.00015393
0	0	1598	1.599e-05	0.00021389	0.00015173
0	0	1600	1.583e-05	0.00020919	0.0001494
0	0	1602	1.503e-05	0.00020498	0.00014695
0	0	1604	1.439e-05	0.00020033	0.00014497
0	0	1606	1.446e-05	0.00019607	0.00014289
0	0	1608	1.379e-05	0.00019168	0.00014109
0	0	1610	1.329e-05	0.00018747	0.00013879
0	0	1612	1.295e-05	0.00018374	0.00013694
0	0	1614	1.243e-05	0.00017979	0.00013482
0	0	1616	1.203e-05	0.00017616	0.0001329
0	0	1618	1.172e-05	0.00017244	0.00013131
0	0	1620	1.106e-05	0.00016869	0.00012921
0	0	1622	1.048e-05	0.0001649	0.00012731
0	0	1624	1.046e-05	0.00016124	0.00012565
0	0	1626	9.74e-06	0.0001583	0.00012406
0	0	1628	9.53e-06	0.00015469	0.00012226
0	0	1630	9.21e-06	0.00015167	0.00012107
0	0	1632	8.44e-06	0.00014894	0.00011945
0	0	1634	8.16e-06	0.00014593	0.00011713
0	0	1636	7.17e-06	0.00014301	0.00011523
0	0	1638	6.4e-06	0.00014022	0.00011366
0	0	1640	6.08e-06	0.00013701	0.00011251
0	0	1642	5.89e-06	0.00013384	0.00011091
0	0	1644	5.18e-06	0.00013123	0.00010953
0	0	1646	4.49e-06	0.00012863	0.00010783
0	0	1648	4.37e-06	0.00012629	0.00010611
0	0	1650	4.25e-06	0.00012318	0.00010463
