X[mm]	Y[mm]	Z[mm]	Bx[T]	By[T]	Bz[T]
----------------------------------------------------------------------------------------------------------------------------------------------------------------
0	0	-1650	1.005e-05	-0.00010251	-5.873e-05
0	0	-1648	1.001e-05	-0.000105	-6.018e-05
0	0	-1646	1e-05	-0.00010688	-6.135e-05
0	0	-1644	1.069e-05	-0.0001093	-6.259e-05
0	0	-1642	1.052e-05	-0.0001119	-6.354e-05
0	0	-1640	1.04e-05	-0.00011473	-6.466e-05
0	0	-1638	1.093e-05	-0.00011732	-6.589e-05
0	0	-1636	1.05e-05	-0.00012014	-6.699e-05
0	0	-1634	1.055e-05	-0.00012302	-6.842e-05
0	0	-1632	1.097e-05	-0.00012571	-6.921e-05
0	0	-1630	1.092e-05	-0.00012836	-7.041e-05
0	0	-1628	1.148e-05	-0.00013124	-7.166e-05
0	0	-1626	1.117e-05	-0.00013461	-7.3e-05
0	0	-1624	1.133e-05	-0.00013783	-7.432e-05
0	0	-1622	1.191e-05	-0.00014068	-7.583e-05
0	0	-1620	1.179e-05	-0.00014378	-7.735e-05
0	0	-1618	1.185e-05	-0.00014704	-7.891e-05
0	0	-1616	1.275e-05	-0.00015032	-8.031e-05
0	0	-1614	1.25e-05	-0.00015365	-8.176e-05
0	0	-1612	1.255e-05	-0.00015723	-8.279e-05
0	0	-1610	1.281e-05	-0.0001612	-8.414e-05
0	0	-1608	1.341e-05	-0.00016537	-8.604e-05
0	0	-1606	1.353e-05	-0.00016917	-8.759e-05
0	0	-1604	1.346e-05	-0.00017246	-8.966e-05
0	0	-1602	1.355e-05	-0.00017624	-9.085e-05
0	0	-1600	1.359e-05	-0.00018059	-9.288e-05
0	0	-1598	1.399e-05	-0.00018472	-9.487e-05
0	0	-1596	1.444e-05	-0.00018888	-9.664e-05
0	0	-1594	1.5e-05	-0.00019321	-9.855e-05
0	0	-1592	1.516e-05	-0.00019753	-0.00010036
0	0	-1590	1.475e-05	-0.0002019	-0.0001021
0	0	-1588	1.53e-05	-0.00020603	-0.00010403
0	0	-1586	1.555e-05	-0.00021071	-0.00010593
0	0	-1584	1.618e-05	-0.00021598	-0.0001078
0	0	-1582	1.638e-05	-0.00022092	-0.00010977
0	0	-1580	1.685e-05	-0.00022578	-0.00011184
0	0	-1578	1.687e-05	-0.00023062	-0.00011377
0	0	-1576	1.691e-05	-0.00023597	-0.00011594
0	0	-1574	1.761e-05	-0.0002413	-0.00011799
0	0	-1572	1.752e-05	-0.00024642	-0.00012084
0	0	-1570	1.759e-05	-0.00025157	-0.00012311
0	0	-1568	1.785e-05	-0.00025697	-0.00012529
0	0	-1566	1.851e-05	-0.0002623	-0.00012724
0	0	-1564	1.904e-05	-0.00026807	-0.00012952
0	0	-1562	1.921e-05	-0.00027395	-0.00013224
0	0	-1560	1.942e-05	-0.00027993	-0.0001352
0	0	-1558	1.987e-05	-0.00028568	-0.00013728
0	0	-1556	1.979e-05	-0.00029171	-0.00014031
0	0	-1554	2.014e-05	-0.00029818	-0.00014323
0	0	-1552	2.049e-05	-0.00030489	-0.00014578
0	0	-1550	2.082e-05	-0.00031117	-0.00014901
0	0	-1548	2.162e-05	-0.00031782	-0.00015172
0	0	-1546	2.17e-05	-0.00032439	-0.00015402
0	0	-1544	2.191e-05	-0.00033099	-0.00015725
0	0	-1542	2.18e-05	-0.00033777	-0.00016014
0	0	-1540	2.294e-05	-0.00034421	-0.0001633
0	0	-1538	2.315e-05	-0.00035116	-0.00016663
0	0	-1536	2.323e-05	-0.00035878	-0.00016993
0	0	-1534	2.368e-05	-0.00036583	-0.00017368
0	0	-1532	2.391e-05	-0.00037311	-0.00017714
0	0	-1530	2.377e-05	-0.00038078	-0.00018033
0	0	-1528	2.406e-05	-0.00038785	-0.00018376
0	0	-1526	2.484e-05	-0.00039522	-0.00018762
0	0	-1524	2.565e-05	-0.00040246	-0.00019165
0	0	-1522	2.57e-05	-0.00041073	-0.00019498
0	0	-1520	2.621e-05	-0.00041872	-0.00019856
0	0	-1518	2.642e-05	-0.00042638	-0.00020246
0	0	-1516	2.708e-05	-0.00043389	-0.00020661
0	0	-1514	2.735e-05	-0.00044171	-0.00021085
0	0	-1512	2.733e-05	-0.00044984	-0.00021466
0	0	-1510	2.752e-05	-0.00045788	-0.0002189
0	0	-1508	2.817e-05	-0.00046626	-0.00022279
0	0	-1506	2.865e-05	-0.00047473	-0.00022688
0	0	-1504	2.905e-05	-0.00048252	-0.00023125
0	0	-1502	2.891e-05	-0.00049063	-0.00023572
0	0	-1500	2.888e-05	-0.00049887	-0.00023999
0	0	-1498	2.909e-05	-0.00050735	-0.0002443
0	0	-1496	2.905e-05	-0.0005154	-0.00024906
0	0	-1494	2.909e-05	-0.00052354	-0.00025388
0	0	-1492	2.944e-05	-0.00053211	-0.00025897
0	0	-1490	2.984e-05	-0.00054037	-0.00026333
0	0	-1488	3.035e-05	-0.00054821	-0.00026749
0	0	-1486	3.044e-05	-0.00055658	-0.00027208
0	0	-1484	3.061e-05	-0.00056519	-0.00027676
0	0	-1482	3.015e-05	-0.00057296	-0.00028146
0	0	-1480	3.015e-05	-0.0005814	-0.00028636
0	0	-1478	3.027e-05	-0.00058997	-0.00029179
0	0	-1476	3.026e-05	-0.00059748	-0.0002964
0	0	-1474	3.08e-05	-0.00060552	-0.0003011
0	0	-1472	3.087e-05	-0.00061442	-0.00030571
0	0	-1470	3.054e-05	-0.0006228	-0.00031093
0	0	-1468	2.998e-05	-0.000631	-0.0003157
0	0	-1466	3.019e-05	-0.00063968	-0.00032019
0	0	-1464	3.001e-05	-0.00064822	-0.00032433
0	0	-1462	2.968e-05	-0.00065746	-0.00032921
0	0	-1460	2.924e-05	-0.00066704	-0.0003336
0	0	-1458	2.839e-05	-0.00067676	-0.00033779
0	0	-1456	2.758e-05	-0.00068698	-0.00034162
0	0	-1454	2.728e-05	-0.00069798	-0.00034581
0	0	-1452	2.64e-05	-0.00070933	-0.00034952
0	0	-1450	2.569e-05	-0.00072212	-0.00035343
0	0	-1448	2.467e-05	-0.00073601	-0.0003571
0	0	-1446	2.404e-05	-0.00075057	-0.00036
0	0	-1444	2.333e-05	-0.00076697	-0.00036279
0	0	-1442	2.251e-05	-0.00078519	-0.00036582
0	0	-1440	2.16e-05	-0.00080668	-0.00036722
0	0	-1438	2.043e-05	-0.00083085	-0.00036894
0	0	-1436	1.927e-05	-0.00085871	-0.00036996
0	0	-1434	1.764e-05	-0.0008898	-0.00037031
0	0	-1432	1.647e-05	-0.00092591	-0.00036975
0	0	-1430	1.51e-05	-0.00096875	-0.000368
0	0	-1428	1.348e-05	-0.00101838	-0.00036559
0	0	-1426	1.187e-05	-0.00107691	-0.00036246
0	0	-1424	1.039e-05	-0.00114573	-0.00035717
0	0	-1422	8.85e-06	-0.00122592	-0.00034912
0	0	-1420	7.66e-06	-0.00131909	-0.00033898
0	0	-1418	6.19e-06	-0.00142455	-0.00032562
0	0	-1416	3.87e-06	-0.00154166	-0.0003092
0	0	-1414	2.31e-06	-0.00166697	-0.00028831
0	0	-1412	1.21e-06	-0.00179355	-0.00026281
0	0	-1410	-1.3e-07	-0.0019135	-0.00023467
0	0	-1408	-8.8e-07	-0.00201974	-0.000205
0	0	-1406	-2.43e-06	-0.00210665	-0.00017547
0	0	-1404	-3.74e-06	-0.00217436	-0.00014844
0	0	-1402	-4.53e-06	-0.0022246	-0.00012474
0	0	-1400	-5.34e-06	-0.00226112	-0.00010605
0	0	-1398	-6.66e-06	-0.00228847	-9.18e-05
0	0	-1396	-7.73e-06	-0.0023097	-8.196e-05
0	0	-1394	-8.81e-06	-0.00232588	-7.598e-05
0	0	-1392	-9.8e-06	-0.00233961	-7.458e-05
0	0	-1390	-1.041e-05	-0.00235151	-7.767e-05
0	0	-1388	-1.119e-05	-0.00236347	-8.588e-05
0	0	-1386	-1.249e-05	-0.0023755	-0.00010016
0	0	-1384	-1.405e-05	-0.00238788	-0.0001199
0	0	-1382	-1.562e-05	-0.00240378	-0.0001485
0	0	-1380	-1.675e-05	-0.00242511	-0.00018792
0	0	-1378	-1.807e-05	-0.00245467	-0.00023992
0	0	-1376	-2.064e-05	-0.00249862	-0.00030702
0	0	-1374	-2.321e-05	-0.00256746	-0.00039444
0	0	-1372	-2.666e-05	-0.00267657	-0.00050739
0	0	-1370	-3.169e-05	-0.00284953	-0.00065039
0	0	-1368	-3.771e-05	-0.00312033	-0.0008261
0	0	-1366	-4.423e-05	-0.00353644	-0.00103745
0	0	-1364	-5.363e-05	-0.00415633	-0.00128236
0	0	-1362	-6.589e-05	-0.00504266	-0.00155012
0	0	-1360	-8.018e-05	-0.00624318	-0.00182306
0	0	-1358	-9.752e-05	-0.00777909	-0.00207999
0	0	-1356	-0.00011683	-0.00963754	-0.00230094
0	0	-1354	-0.00013935	-0.011779	-0.00247182
0	0	-1352	-0.00016314	-0.0141523	-0.00258736
0	0	-1350	-0.00018837	-0.0167092	-0.00264621
0	0	-1348	-0.00021458	-0.019411	-0.00265414
0	0	-1346	-0.00024202	-0.0222296	-0.00261542
0	0	-1344	-0.00026979	-0.0251463	-0.0025333
0	0	-1342	-0.00029764	-0.0281486	-0.00241295
0	0	-1340	-0.00032677	-0.0312286	-0.00225595
0	0	-1338	-0.00035545	-0.0343804	-0.00206518
0	0	-1336	-0.00038405	-0.0376002	-0.00184115
0	0	-1334	-0.00041272	-0.0408843	-0.00158505
0	0	-1332	-0.0004407	-0.0442285	-0.00129886
0	0	-1330	-0.00046828	-0.0476274	-0.00098428
0	0	-1328	-0.00049517	-0.0510754	-0.00064214
0	0	-1326	-0.00052198	-0.0545637	-0.00027497
0	0	-1324	-0.00054825	-0.0580835	0.00011429
0	0	-1322	-0.00057278	-0.0616222	0.00052195
0	0	-1320	-0.00059574	-0.0651656	0.00094398
0	0	-1318	-0.00061767	-0.0686961	0.00137579
0	0	-1316	-0.00063796	-0.0721929	0.00181157
0	0	-1314	-0.00065666	-0.0756324	0.00224443
0	0	-1312	-0.00067262	-0.0789888	0.0026688
0	0	-1310	-0.00068559	-0.0822292	0.00307639
0	0	-1308	-0.00069624	-0.0853179	0.00345943
0	0	-1306	-0.00070415	-0.088217	0.00380969
0	0	-1304	-0.00070811	-0.0908834	0.00412106
0	0	-1302	-0.00070846	-0.0932675	0.00438636
0	0	-1300	-0.00070628	-0.0953168	0.00459933
0	0	-1298	-0.00069958	-0.096975	0.00475579
0	0	-1296	-0.00068776	-0.0981826	0.00485162
0	0	-1294	-0.00067167	-0.0988756	0.00488531
0	0	-1292	-0.00065117	-0.0989879	0.00485446
0	0	-1290	-0.00062483	-0.0984523	0.00476093
0	0	-1288	-0.00059318	-0.097202	0.0046081
0	0	-1286	-0.00055675	-0.095171	0.00439875
0	0	-1284	-0.00051468	-0.0922961	0.00413872
0	0	-1282	-0.00046634	-0.0885183	0.00383423
0	0	-1280	-0.00041302	-0.0837862	0.00349299
0	0	-1278	-0.0003544	-0.0780569	0.00312277
0	0	-1276	-0.00029031	-0.0712963	0.00273316
0	0	-1274	-0.00022027	-0.0634802	0.00233268
0	0	-1272	-0.00014524	-0.0546015	0.00192913
0	0	-1270	-6.515e-05	-0.0446661	0.00153006
0	0	-1268	1.886e-05	-0.033692	0.00114417
0	0	-1266	0.00010738	-0.0217129	0.00077994
0	0	-1264	0.00019976	-0.00877838	0.00044135
0	0	-1262	0.00029632	0.00504519	0.00013385
0	0	-1260	0.00039521	0.0196798	-0.00013886
0	0	-1258	0.00049663	0.0350356	-0.00037267
0	0	-1256	0.0005995	0.0510075	-0.00056525
0	0	-1254	0.00070357	0.0674842	-0.00071705
0	0	-1252	0.00080789	0.0843417	-0.00082563
0	0	-1250	0.00091194	0.101451	-0.00089103
0	0	-1248	0.0010146	0.118674	-0.00091517
0	0	-1246	0.00111499	0.135874	-0.00089911
0	0	-1244	0.00121255	0.152903	-0.00084577
0	0	-1242	0.00130664	0.169616	-0.0007549
0	0	-1240	0.00139632	0.185873	-0.00063026
0	0	-1238	0.00148105	0.201531	-0.0004753
0	0	-1236	0.00155889	0.216446	-0.00029328
0	0	-1234	0.0016306	0.230484	-8.698e-05
0	0	-1232	0.0016942	0.243518	0.00014106
0	0	-1230	0.00175005	0.255429	0.00038577
0	0	-1228	0.00179748	0.266101	0.00064352
0	0	-1226	0.00183557	0.275435	0.00091117
0	0	-1224	0.00186377	0.283344	0.00118518
0	0	-1222	0.001883	0.289749	0.00146088
0	0	-1220	0.00189094	0.294586	0.00173474
0	0	-1218	0.00188852	0.297807	0.00200336
0	0	-1216	0.00187674	0.299377	0.00226319
0	0	-1214	0.00185375	0.299277	0.00251124
0	0	-1212	0.00182033	0.297501	0.00274435
0	0	-1210	0.00177635	0.294058	0.00296
0	0	-1208	0.001722	0.28897	0.00315512
0	0	-1206	0.00165859	0.282274	0.00332806
0	0	-1204	0.00158529	0.274018	0.00347808
0	0	-1202	0.00150321	0.264261	0.00360163
0	0	-1200	0.00141305	0.25307	0.00369916
0	0	-1198	0.00131495	0.240522	0.00376882
0	0	-1196	0.00120926	0.226701	0.00381231
0	0	-1194	0.00109703	0.211696	0.0038292
0	0	-1192	0.00097845	0.195598	0.00381829
0	0	-1190	0.00085453	0.178503	0.00378181
0	0	-1188	0.00072684	0.160505	0.00372138
0	0	-1186	0.00059452	0.141701	0.00363794
0	0	-1184	0.00045907	0.122187	0.0035324
0	0	-1182	0.00032105	0.102054	0.00340743
0	0	-1180	0.00018124	0.0813969	0.00326447
0	0	-1178	3.972e-05	0.0603037	0.00310441
0	0	-1176	-0.00010182	0.0388609	0.00292886
0	0	-1174	-0.00024399	0.0171561	0.00273994
0	0	-1172	-0.00038482	-0.0047267	0.00253882
0	0	-1170	-0.0005246	-0.0267034	0.00232756
0	0	-1168	-0.0006633	-0.0486876	0.00210733
0	0	-1166	-0.00079901	-0.0705977	0.00187805
0	0	-1164	-0.00093215	-0.0923492	0.00164133
0	0	-1162	-0.0010625	-0.113851	0.0014014
0	0	-1160	-0.00118772	-0.13502	0.00115558
0	0	-1158	-0.0013089	-0.155761	0.00090579
0	0	-1156	-0.00142533	-0.175981	0.00065505
0	0	-1154	-0.00153563	-0.195582	0.00040262
0	0	-1152	-0.00163956	-0.214465	0.00015133
0	0	-1150	-0.00173716	-0.232531	-9.873e-05
0	0	-1148	-0.00182734	-0.249676	-0.00034663
0	0	-1146	-0.00190975	-0.265797	-0.0005893
0	0	-1144	-0.00198364	-0.280795	-0.00082618
0	0	-1142	-0.0020491	-0.294571	-0.00105647
0	0	-1140	-0.00210644	-0.307028	-0.00127885
0	0	-1138	-0.00215409	-0.318077	-0.00149177
0	0	-1136	-0.00219062	-0.327639	-0.00169349
0	0	-1134	-0.00221734	-0.335638	-0.00188508
0	0	-1132	-0.00223447	-0.34201	-0.00206438
0	0	-1130	-0.00224106	-0.346704	-0.00223153
0	0	-1128	-0.00223665	-0.34968	-0.00238542
0	0	-1126	-0.00222231	-0.35091	-0.00252579
0	0	-1124	-0.00219717	-0.350382	-0.00265329
0	0	-1122	-0.00216209	-0.348095	-0.00276783
0	0	-1120	-0.00211643	-0.344064	-0.00286974
0	0	-1118	-0.00206065	-0.338317	-0.00295924
0	0	-1116	-0.00199589	-0.330893	-0.00303765
0	0	-1114	-0.0019222	-0.321848	-0.00310507
0	0	-1112	-0.00184041	-0.311245	-0.00316343
0	0	-1110	-0.00175061	-0.299156	-0.00321184
0	0	-1108	-0.00165257	-0.285664	-0.00325291
0	0	-1106	-0.00154775	-0.270859	-0.00328786
0	0	-1104	-0.00143758	-0.254834	-0.00331546
0	0	-1102	-0.00132171	-0.237689	-0.00333833
0	0	-1100	-0.00120143	-0.219525	-0.0033568
0	0	-1098	-0.00107604	-0.200441	-0.00337058
0	0	-1096	-0.00094733	-0.180542	-0.00337992
0	0	-1094	-0.00081686	-0.159924	-0.00338687
0	0	-1092	-0.00068388	-0.138688	-0.00339074
0	0	-1090	-0.00054866	-0.116931	-0.00338895
0	0	-1088	-0.00041299	-0.0947474	-0.00338281
0	0	-1086	-0.00027722	-0.0722267	-0.00337183
0	0	-1084	-0.0001413	-0.0494574	-0.00335452
0	0	-1082	-5.92e-06	-0.0265295	-0.00333031
0	0	-1080	0.00012717	-0.00352984	-0.0032971
0	0	-1078	0.00025839	0.0194586	-0.00325465
0	0	-1076	0.00038742	0.0423484	-0.00320148
0	0	-1074	0.0005132	0.0650526	-0.00313651
0	0	-1072	0.00063537	0.0874805	-0.00305632
0	0	-1070	0.0007537	0.109547	-0.00295919
0	0	-1068	0.00086719	0.131161	-0.0028479
0	0	-1066	0.00097548	0.152223	-0.00271938
0	0	-1064	0.00107793	0.172637	-0.00257356
0	0	-1062	0.00117513	0.192307	-0.00240619
0	0	-1060	0.00126519	0.211129	-0.00221985
0	0	-1058	0.00134798	0.229002	-0.00201634
0	0	-1056	0.00142381	0.245825	-0.00179431
0	0	-1054	0.0014916	0.261499	-0.00155509
0	0	-1052	0.00155059	0.275924	-0.00129847
0	0	-1050	0.00160048	0.289006	-0.00102807
0	0	-1048	0.00164167	0.300657	-0.00074654
0	0	-1046	0.00167421	0.310796	-0.00045489
0	0	-1044	0.00169678	0.319349	-0.00015589
0	0	-1042	0.00170962	0.326256	0.00014738
0	0	-1040	0.00171267	0.331465	0.0004511
0	0	-1038	0.00170619	0.334937	0.00075279
0	0	-1036	0.00168972	0.336646	0.00105038
0	0	-1034	0.00166377	0.336579	0.0013388
0	0	-1032	0.00162886	0.334738	0.00161594
0	0	-1030	0.00158423	0.331138	0.00188032
0	0	-1028	0.00153062	0.325806	0.00212892
0	0	-1026	0.00146822	0.318784	0.00235945
0	0	-1024	0.00139773	0.310128	0.00257157
0	0	-1022	0.0013195	0.299901	0.0027634
0	0	-1020	0.00123442	0.288174	0.00293266
0	0	-1018	0.00114266	0.275033	0.00307977
0	0	-1016	0.00104405	0.260567	0.00320619
0	0	-1014	0.00094007	0.244868	0.00331037
0	0	-1012	0.00083122	0.228036	0.00339029
0	0	-1010	0.00071809	0.210172	0.00345091
0	0	-1008	0.00060111	0.191379	0.00349195
0	0	-1006	0.00048061	0.171758	0.0035126
0	0	-1004	0.00035723	0.151405	0.00351495
0	0	-1002	0.00023132	0.130422	0.00349773
0	0	-1000	0.00010418	0.108907	0.00346551
0	0	-998	-2.363e-05	0.0869507	0.00341845
0	0	-996	-0.00015213	0.064644	0.00335405
0	0	-994	-0.00028095	0.0420804	0.00327527
0	0	-992	-0.00040919	0.0193468	0.00318341
0	0	-990	-0.00053559	-0.00347241	0.00307781
0	0	-988	-0.00066133	-0.0262925	0.0029569
0	0	-986	-0.00078504	-0.0490249	0.00282337
0	0	-984	-0.00090551	-0.0715802	0.00267821
0	0	-982	-0.00102387	-0.0938728	0.0025194
0	0	-980	-0.00113842	-0.115813	0.00234736
0	0	-978	-0.00124857	-0.137306	0.00216274
0	0	-976	-0.00135433	-0.158258	0.00196579
0	0	-974	-0.00145451	-0.178569	0.00175892
0	0	-972	-0.00154866	-0.198143	0.00153925
0	0	-970	-0.00163785	-0.216875	0.00130814
0	0	-968	-0.00172013	-0.234659	0.00106852
0	0	-966	-0.00179439	-0.251397	0.00082134
0	0	-964	-0.0018612	-0.266985	0.00056638
0	0	-962	-0.00192002	-0.281323	0.00030601
0	0	-960	-0.00197078	-0.294316	4.231e-05
0	0	-958	-0.00201212	-0.305874	-0.00022395
0	0	-956	-0.00204421	-0.315914	-0.0004905
0	0	-954	-0.00206663	-0.324364	-0.0007546
0	0	-952	-0.00207897	-0.33116	-0.00101419
0	0	-950	-0.00208139	-0.33625	-0.00126805
0	0	-948	-0.00207398	-0.339592	-0.00151468
0	0	-946	-0.00205705	-0.341163	-0.00175001
0	0	-944	-0.0020296	-0.34095	-0.00197418
0	0	-942	-0.00199236	-0.338956	-0.00218561
0	0	-940	-0.00194457	-0.335193	-0.00238137
0	0	-938	-0.00188785	-0.329694	-0.00256089
0	0	-936	-0.00182137	-0.3225	-0.00272479
0	0	-934	-0.00174659	-0.313666	-0.00286991
0	0	-932	-0.00166409	-0.303258	-0.00299722
0	0	-930	-0.00157397	-0.291352	-0.00310649
0	0	-928	-0.00147617	-0.278033	-0.00319673
0	0	-926	-0.00137174	-0.263393	-0.00326913
0	0	-924	-0.00126143	-0.247524	-0.00332325
0	0	-922	-0.00114602	-0.23053	-0.00336058
0	0	-920	-0.00102556	-0.212513	-0.00338249
0	0	-918	-0.00090153	-0.193575	-0.00338759
0	0	-916	-0.00077372	-0.173818	-0.00337808
0	0	-914	-0.00064306	-0.153343	-0.00335422
0	0	-912	-0.00051031	-0.132251	-0.00331729
0	0	-910	-0.00037626	-0.110637	-0.003269
0	0	-908	-0.00024115	-0.0885941	-0.00320744
0	0	-906	-0.00010583	-0.0662108	-0.00313379
0	0	-904	2.977e-05	-0.0435826	-0.00304991
0	0	-902	0.00016447	-0.020794	-0.00295751
0	0	-900	0.00029746	0.0020751	-0.00285154
0	0	-898	0.0004293	0.0249377	-0.00273465
0	0	-896	0.00055923	0.0477062	-0.00260964
0	0	-894	0.00068586	0.0702959	-0.00247235
0	0	-892	0.00080891	0.0926214	-0.00232409
0	0	-890	0.0009284	0.11459	-0.00216502
0	0	-888	0.00104424	0.136113	-0.00199589
0	0	-886	0.00115482	0.157095	-0.0018173
0	0	-884	0.00125961	0.177442	-0.00162616
0	0	-882	0.0013585	0.197053	-0.00142478
0	0	-880	0.00145082	0.215824	-0.00121645
0	0	-878	0.00153648	0.233653	-0.00099982
0	0	-876	0.00161414	0.250438	-0.00077529
0	0	-874	0.00168299	0.266079	-0.00054383
0	0	-872	0.00174383	0.280474	-0.00030841
0	0	-870	0.00179567	0.293529	-7.126e-05
0	0	-868	0.00183739	0.305154	0.00016723
0	0	-866	0.0018692	0.315268	0.00040633
0	0	-864	0.00189131	0.323795	0.00064202
0	0	-862	0.00190289	0.330673	0.00087232
0	0	-860	0.00190306	0.335849	0.00109589
0	0	-858	0.00189355	0.339284	0.00131107
0	0	-856	0.00187354	0.34095	0.00151566
0	0	-854	0.00184229	0.340836	0.00170796
0	0	-852	0.00180057	0.338942	0.00188635
0	0	-850	0.00174925	0.335283	0.00205034
0	0	-848	0.00168712	0.329888	0.00219789
0	0	-846	0.00161613	0.322797	0.00232879
0	0	-844	0.00153601	0.314067	0.00244311
0	0	-842	0.00144716	0.30376	0.00253905
0	0	-840	0.00135066	0.291949	0.00261692
0	0	-838	0.00124622	0.27872	0.00267874
0	0	-836	0.00113539	0.264166	0.00272362
0	0	-834	0.00101812	0.248375	0.00275282
0	0	-832	0.00089573	0.231449	0.00276523
0	0	-830	0.00076867	0.213492	0.00276327
0	0	-828	0.00063828	0.194605	0.00274792
0	0	-826	0.00050427	0.174887	0.00271939
0	0	-824	0.00036691	0.15444	0.00267911
0	0	-822	0.00022809	0.133369	0.00262816
0	0	-820	8.788e-05	0.111767	0.00256524
0	0	-818	-5.284e-05	0.0897253	0.00249388
0	0	-816	-0.00019382	0.0673379	0.00241271
0	0	-814	-0.00033437	0.0447006	0.00232231
0	0	-812	-0.00047335	0.0218968	0.00222375
0	0	-810	-0.00061093	-0.00098827	0.00211476
0	0	-808	-0.00074712	-0.0238656	0.00199821
0	0	-806	-0.00088028	-0.0466482	0.00187199
0	0	-804	-0.00101042	-0.0692494	0.00173579
0	0	-802	-0.00113687	-0.0915813	0.00159127
0	0	-800	-0.00125946	-0.113555	0.0014367
0	0	-798	-0.00137706	-0.135074	0.00127356
0	0	-796	-0.00149031	-0.156047	0.00110141
0	0	-794	-0.0015977	-0.176376	0.00091906
0	0	-792	-0.00169904	-0.195962	0.00072649
0	0	-790	-0.00179455	-0.214702	0.00052647
0	0	-788	-0.00188372	-0.232495	0.00031916
0	0	-786	-0.0019655	-0.249238	0.0001045
0	0	-784	-0.00203932	-0.264831	-0.00011572
0	0	-782	-0.00210597	-0.279176	-0.00033981
0	0	-780	-0.00216453	-0.292178	-0.0005665
0	0	-778	-0.0022155	-0.30375	-0.00079398
0	0	-776	-0.00225748	-0.313809	-0.00102031
0	0	-774	-0.00229056	-0.322283	-0.00124333
0	0	-772	-0.00231613	-0.329108	-0.00146147
0	0	-770	-0.00233158	-0.334235	-0.0016725
0	0	-768	-0.00233774	-0.337624	-0.00187533
0	0	-766	-0.00233525	-0.339249	-0.00206736
0	0	-764	-0.00232323	-0.339097	-0.00224638
0	0	-762	-0.00230127	-0.337172	-0.00241245
0	0	-760	-0.00227	-0.333486	-0.00256415
0	0	-758	-0.00222926	-0.328069	-0.00269856
0	0	-756	-0.00218026	-0.320964	-0.00281629
0	0	-754	-0.00212187	-0.312224	-0.00291824
0	0	-752	-0.00205439	-0.301913	-0.00300212
0	0	-750	-0.00197832	-0.290102	-0.00306786
0	0	-748	-0.00189381	-0.27688	-0.00311681
0	0	-746	-0.00180056	-0.262335	-0.00314914
0	0	-744	-0.00170003	-0.246558	-0.00316671
0	0	-742	-0.00159208	-0.229649	-0.00316749
0	0	-740	-0.0014769	-0.211714	-0.00315497
0	0	-738	-0.00135528	-0.192849	-0.00312909
0	0	-736	-0.00122843	-0.173154	-0.00309091
0	0	-734	-0.00109595	-0.152733	-0.00304116
0	0	-732	-0.00095878	-0.131689	-0.00298058
0	0	-730	-0.00081703	-0.110113	-0.00290963
0	0	-728	-0.00067166	-0.0880945	-0.00282871
0	0	-726	-0.00052337	-0.0657328	-0.00273955
0	0	-724	-0.00037298	-0.0431168	-0.00264018
0	0	-722	-0.00022109	-0.0203279	-0.00253102
0	0	-720	-6.785e-05	0.0025437	-0.00241451
0	0	-718	8.534e-05	0.0254083	-0.00228936
0	0	-716	0.00023815	0.0481827	-0.00215493
0	0	-714	0.00039058	0.070783	-0.00200547
0	0	-712	0.00054135	0.0931188	-0.00184845
0	0	-710	0.0006898	0.115098	-0.00168289
0	0	-708	0.00083516	0.136628	-0.00150451
0	0	-706	0.00097724	0.157616	-0.00131693
0	0	-704	0.00111436	0.177964	-0.00111748
0	0	-702	0.00124634	0.19757	-0.00090771
0	0	-700	0.0013729	0.216336	-0.00069052
0	0	-698	0.00149357	0.234156	-0.00046114
0	0	-696	0.00160593	0.25093	-0.00022637
0	0	-694	0.00171074	0.266556	1.499e-05
0	0	-692	0.00180771	0.280934	0.00026295
0	0	-690	0.00189575	0.293968	0.00051275
0	0	-688	0.00197382	0.305572	0.00076559
0	0	-686	0.00204253	0.315665	0.00101713
0	0	-684	0.00210035	0.324171	0.00126661
0	0	-682	0.00214729	0.331026	0.00151131
0	0	-680	0.00218283	0.336181	0.00174989
0	0	-678	0.0022076	0.339597	0.00197973
0	0	-676	0.00222082	0.341246	0.00219962
0	0	-674	0.0022228	0.341117	0.00240788
0	0	-672	0.00221351	0.339208	0.00260308
0	0	-670	0.00219306	0.335537	0.00278322
0	0	-668	0.00216148	0.330133	0.0029487
0	0	-666	0.00211947	0.323037	0.00309783
0	0	-664	0.00206693	0.314301	0.00322953
0	0	-662	0.00200488	0.30399	0.0033435
0	0	-660	0.00193354	0.292182	0.00344179
0	0	-658	0.00185339	0.278958	0.00352304
0	0	-656	0.00176487	0.264403	0.00358585
0	0	-654	0.00166948	0.248619	0.00363205
0	0	-652	0.00156666	0.231705	0.00366421
0	0	-650	0.00145734	0.213759	0.00368134
0	0	-648	0.00134238	0.19488	0.00368195
0	0	-646	0.00122202	0.175174	0.00366851
0	0	-644	0.00109778	0.154743	0.00364296
0	0	-642	0.00096968	0.133682	0.00360579
0	0	-640	0.00083779	0.11209	0.00355594
0	0	-638	0.00070368	0.0900603	0.0034947
0	0	-636	0.00056834	0.0676862	0.00342163
0	0	-634	0.00043112	0.0450525	0.00333783
0	0	-632	0.0002929	0.0222498	0.00324283
0	0	-630	0.00015434	-0.00063856	0.00313582
0	0	-628	1.713e-05	-0.0235249	0.00301763
0	0	-626	-0.00011902	-0.0463198	0.00288938
0	0	-624	-0.00025385	-0.0689384	0.00274951
0	0	-622	-0.00038713	-0.0912995	0.00259919
0	0	-620	-0.00051732	-0.113308	0.00243596
0	0	-618	-0.0006436	-0.134867	0.00226221
0	0	-616	-0.00076652	-0.155887	0.00207944
0	0	-614	-0.0008842	-0.176273	0.00188463
0	0	-612	-0.00099709	-0.195919	0.00168075
0	0	-610	-0.00110368	-0.214725	0.00146843
0	0	-608	-0.00120405	-0.232591	0.00124869
0	0	-606	-0.00129704	-0.249416	0.00102193
0	0	-604	-0.0013824	-0.265094	0.00079022
0	0	-602	-0.00145998	-0.279523	0.00055675
0	0	-600	-0.00152867	-0.292615	0.00032144
0	0	-598	-0.00158849	-0.304277	8.676e-05
0	0	-596	-0.00163892	-0.314426	-0.00014638
0	0	-594	-0.0016793	-0.322988	-0.00037428
0	0	-592	-0.00170886	-0.329902	-0.00059546
0	0	-590	-0.00172795	-0.335114	-0.0008087
0	0	-588	-0.00173673	-0.338586	-0.00101339
0	0	-586	-0.00173468	-0.340289	-0.00120561
0	0	-584	-0.00172162	-0.340211	-0.0013856
0	0	-582	-0.0016979	-0.338357	-0.00155288
0	0	-580	-0.00166399	-0.334737	-0.00170634
0	0	-578	-0.00161921	-0.329382	-0.00184518
0	0	-576	-0.00156447	-0.322335	-0.00196871
0	0	-574	-0.00150003	-0.313648	-0.00207882
0	0	-572	-0.001426	-0.303387	-0.00217351
0	0	-570	-0.00134315	-0.291627	-0.00225288
0	0	-568	-0.00125225	-0.278454	-0.00232081
0	0	-566	-0.00115274	-0.263957	-0.00237616
0	0	-564	-0.00104676	-0.248226	-0.0024184
0	0	-562	-0.00093484	-0.231367	-0.00244922
0	0	-560	-0.0008165	-0.213483	-0.00247074
0	0	-558	-0.00069282	-0.194673	-0.00248339
0	0	-556	-0.00056496	-0.175034	-0.00248529
0	0	-554	-0.00043302	-0.154674	-0.00247888
0	0	-552	-0.00029836	-0.133696	-0.00246679
0	0	-550	-0.00016127	-0.112183	-0.00244664
0	0	-548	-2.246e-05	-0.0902332	-0.00241767
0	0	-546	0.00011804	-0.0679441	-0.00238256
0	0	-544	0.0002589	-0.0454021	-0.00234148
0	0	-542	0.00039938	-0.0226842	-0.00229179
0	0	-540	0.00053849	0.00011982	-0.00223272
0	0	-538	0.00067687	0.0229179	-0.00216645
0	0	-536	0.00081403	0.0456293	-0.00209097
0	0	-534	0.00094858	0.0681763	-0.00200489
0	0	-532	0.00108035	0.0904639	-0.00190796
0	0	-530	0.00120852	0.1124	-0.00180147
0	0	-528	0.00133222	0.133902	-0.00168333
0	0	-526	0.00145165	0.154876	-0.00155101
0	0	-524	0.0015663	0.175218	-0.001408
0	0	-522	0.00167504	0.194828	-0.0012544
0	0	-520	0.00177829	0.21361	-0.00108896
0	0	-518	0.00187436	0.231459	-0.00091125
0	0	-516	0.00196372	0.248273	-0.00072361
0	0	-514	0.00204613	0.263948	-0.00052735
0	0	-512	0.00212036	0.278385	-0.00032387
0	0	-510	0.00218594	0.291488	-0.00011436
0	0	-508	0.00224331	0.303166	9.941e-05
0	0	-506	0.00229183	0.313338	0.00031456
0	0	-504	0.00233067	0.321928	0.00052899
0	0	-502	0.00236085	0.328872	0.0007416
0	0	-500	0.00238139	0.334119	0.00095019
0	0	-498	0.00239214	0.337627	0.00115035
0	0	-496	0.00239362	0.339369	0.00134246
0	0	-494	0.00238472	0.339331	0.00152329
0	0	-492	0.00236624	0.337514	0.00169147
0	0	-490	0.00233832	0.333935	0.00184648
0	0	-488	0.00230137	0.32862	0.00198567
0	0	-486	0.00225481	0.32161	0.00210954
0	0	-484	0.00219978	0.312958	0.00221572
0	0	-482	0.00213667	0.302732	0.00230499
0	0	-480	0.0020658	0.291007	0.00237886
0	0	-478	0.00198751	0.277864	0.00243531
0	0	-476	0.00190123	0.263389	0.00247506
0	0	-474	0.00180843	0.247683	0.0024996
0	0	-472	0.00170964	0.230846	0.00251155
0	0	-470	0.00160537	0.212974	0.00251035
0	0	-468	0.00149593	0.194171	0.00249676
0	0	-466	0.00138253	0.174541	0.00247292
0	0	-464	0.00126523	0.154184	0.00244056
0	0	-462	0.00114424	0.133199	0.00239891
0	0	-460	0.00102045	0.111678	0.00234854
0	0	-458	0.00089439	0.0897196	0.00229249
0	0	-456	0.00076639	0.0674186	0.00223042
0	0	-454	0.00063712	0.0448577	0.00216252
0	0	-452	0.00050777	0.0221256	0.00208746
0	0	-450	0.00037778	-0.0006913	0.0020067
0	0	-448	0.00024761	-0.0235048	0.00192046
0	0	-446	0.00011884	-0.0462312	0.00182858
0	0	-444	-8.6e-06	-0.0687856	0.00172824
0	0	-442	-0.00013412	-0.0910785	0.00162193
0	0	-440	-0.00025665	-0.113018	0.00151084
0	0	-438	-0.00037696	-0.134518	0.0013882
0	0	-436	-0.00049374	-0.155484	0.00125921
0	0	-434	-0.00060566	-0.175816	0.00112267
0	0	-432	-0.00071326	-0.195413	0.00097813
0	0	-430	-0.00081518	-0.214179	0.00082504
0	0	-428	-0.00091143	-0.23201	0.0006658
0	0	-426	-0.00100086	-0.248804	0.00050109
0	0	-424	-0.0010831	-0.264462	0.0003285
0	0	-422	-0.00115846	-0.278883	0.00015232
0	0	-420	-0.00122498	-0.291974	-2.688e-05
0	0	-418	-0.00128263	-0.303645	-0.00020816
0	0	-416	-0.00133141	-0.313816	-0.00038913
0	0	-414	-0.00137091	-0.322413	-0.00056953
0	0	-412	-0.00140134	-0.329372	-0.00074724
0	0	-410	-0.00142147	-0.334643	-0.00092009
0	0	-408	-0.00143148	-0.338184	-0.00108736
0	0	-406	-0.00143073	-0.33997	-0.00124786
0	0	-404	-0.00142043	-0.339987	-0.00139967
0	0	-402	-0.00139945	-0.338234	-0.00154246
0	0	-400	-0.00136895	-0.334727	-0.00167491
0	0	-398	-0.00132871	-0.329492	-0.00179727
0	0	-396	-0.00127914	-0.322568	-0.00190823
0	0	-394	-0.00122039	-0.314008	-0.00200761
0	0	-392	-0.00115318	-0.303876	-0.00209702
0	0	-390	-0.00107769	-0.292244	-0.00217404
0	0	-388	-0.00099455	-0.279195	-0.00224095
0	0	-386	-0.00090438	-0.264813	-0.00229772
0	0	-384	-0.00080785	-0.249192	-0.00234402
0	0	-382	-0.00070548	-0.232433	-0.00238337
0	0	-380	-0.00059699	-0.214632	-0.00241401
0	0	-378	-0.00048388	-0.195891	-0.00243581
0	0	-376	-0.00036739	-0.176309	-0.00245092
0	0	-374	-0.00024698	-0.155991	-0.00246089
0	0	-372	-0.00012357	-0.13503	-0.00246371
0	0	-370	2.45e-06	-0.113522	-0.00246104
0	0	-368	0.00013091	-0.091564	-0.00245277
0	0	-366	0.00026033	-0.0692488	-0.00243796
0	0	-364	0.0003904	-0.0466651	-0.00241738
0	0	-362	0.00052207	-0.023897	-0.00238935
0	0	-360	0.00065391	-0.00103436	-0.00235611
0	0	-358	0.00078533	0.021832	-0.0023164
0	0	-356	0.00091562	0.0446239	-0.00226623
0	0	-354	0.00104494	0.0672516	-0.00220657
0	0	-352	0.00117235	0.0896216	-0.00213872
0	0	-350	0.00129719	0.111642	-0.00206156
0	0	-348	0.00141997	0.133226	-0.00197263
0	0	-346	0.00153864	0.154276	-0.00187216
0	0	-344	0.00165404	0.174693	-0.00176116
0	0	-342	0.001765	0.194376	-0.00163913
0	0	-340	0.0018708	0.213225	-0.00150433
0	0	-338	0.00197104	0.231136	-0.00135859
0	0	-336	0.0020652	0.248006	-0.00120276
0	0	-334	0.00215195	0.26373	-0.00103745
0	0	-332	0.00223252	0.278213	-0.00086322
0	0	-330	0.0023049	0.29136	-0.00068204
0	0	-328	0.00236929	0.303078	-0.0004956
0	0	-326	0.00242448	0.313286	-0.00030587
0	0	-324	0.00247043	0.32191	-0.00011449
0	0	-322	0.00250668	0.328887	7.769e-05
0	0	-320	0.00253329	0.334164	0.00026803
0	0	-318	0.00255019	0.337701	0.00045494
0	0	-316	0.00255703	0.339473	0.0006367
0	0	-314	0.00255264	0.339465	0.00081099
0	0	-312	0.0025382	0.337678	0.00097709
0	0	-310	0.00251352	0.334128	0.00113453
0	0	-308	0.00247841	0.328844	0.00128099
0	0	-306	0.00243309	0.321866	0.00141644
0	0	-304	0.00237772	0.313248	0.00153959
0	0	-302	0.00231277	0.303056	0.00165218
0	0	-300	0.00223783	0.291367	0.00175257
0	0	-298	0.00215415	0.278259	0.0018405
0	0	-296	0.00206145	0.263825	0.00191741
0	0	-294	0.00196091	0.248163	0.00198513
0	0	-292	0.00185236	0.231368	0.0020406
0	0	-290	0.00173551	0.213542	0.0020857
0	0	-288	0.00161251	0.194789	0.00212373
0	0	-286	0.0014834	0.175211	0.00215349
0	0	-284	0.00134805	0.154909	0.0021752
0	0	-282	0.0012071	0.133979	0.00218842
0	0	-280	0.00106181	0.112516	0.00219477
0	0	-278	0.00091189	0.0906193	0.00219496
0	0	-276	0.00075852	0.0683769	0.00218695
0	0	-274	0.00060171	0.0458741	0.00217216
0	0	-272	0.0004424	0.0231995	0.0021481
0	0	-270	0.00028134	0.00044173	0.00211721
0	0	-268	0.0001197	-0.022314	0.00207871
0	0	-266	-4.211e-05	-0.0449906	0.00202979
0	0	-264	-0.00020378	-0.0674991	0.00196909
0	0	-262	-0.00036428	-0.0897498	0.00189785
0	0	-260	-0.00052349	-0.111654	0.00181602
0	0	-258	-0.00067945	-0.133122	0.0017199
0	0	-256	-0.00083226	-0.154059	0.00161212
0	0	-254	-0.00098037	-0.174368	0.00149098
0	0	-252	-0.00112317	-0.193951	0.00135639
0	0	-250	-0.00125982	-0.212707	0.00120819
0	0	-248	-0.00138932	-0.23053	0.00104577
0	0	-246	-0.00151026	-0.247318	0.00087168
0	0	-244	-0.00162273	-0.262969	0.00068774
0	0	-242	-0.0017258	-0.277385	0.00049214
0	0	-240	-0.00181853	-0.29047	0.00028689
0	0	-238	-0.00189959	-0.302132	7.551e-05
0	0	-236	-0.00196941	-0.312289	-0.00014127
0	0	-234	-0.00202704	-0.320867	-0.00036185
0	0	-232	-0.0020715	-0.327802	-0.00058452
0	0	-230	-0.0021035	-0.333039	-0.00080576
0	0	-228	-0.00212192	-0.336539	-0.0010236
0	0	-226	-0.00212712	-0.338275	-0.00123685
0	0	-224	-0.00211903	-0.338234	-0.00144381
0	0	-222	-0.00209765	-0.336415	-0.00164205
0	0	-220	-0.002064	-0.332833	-0.00183042
0	0	-218	-0.00201679	-0.327517	-0.00200774
0	0	-216	-0.00195764	-0.320509	-0.00217313
0	0	-214	-0.00188706	-0.311861	-0.00232447
0	0	-212	-0.00180493	-0.301639	-0.0024631
0	0	-210	-0.00171211	-0.289919	-0.00258738
0	0	-208	-0.00160979	-0.276781	-0.00269737
0	0	-206	-0.00149888	-0.262318	-0.00279402
0	0	-204	-0.0013796	-0.246627	-0.00287816
0	0	-202	-0.00125352	-0.229807	-0.00295005
0	0	-200	-0.00112108	-0.211953	-0.00300852
0	0	-198	-0.00098339	-0.193173	-0.00305434
0	0	-196	-0.00084141	-0.173573	-0.00309119
0	0	-194	-0.00069529	-0.153247	-0.00311707
0	0	-192	-0.00054622	-0.132292	-0.00313206
0	0	-190	-0.00039588	-0.110811	-0.00313757
0	0	-188	-0.00024442	-0.088898	-0.00313418
0	0	-186	-9.279e-05	-0.0666376	-0.00312162
0	0	-184	5.83e-05	-0.0441168	-0.00309689
0	0	-182	0.00020918	-0.0214299	-0.0030636
0	0	-180	0.00035777	0.00133758	-0.00302053
0	0	-178	0.00050399	0.0241076	-0.00296572
0	0	-176	0.00064719	0.0467947	-0.00289899
0	0	-174	0.00078601	0.0693093	-0.00281935
0	0	-172	0.00092125	0.0915656	-0.00272725
0	0	-170	0.00105199	0.113478	-0.00262166
0	0	-168	0.00117707	0.134952	-0.00250162
0	0	-166	0.00129683	0.155895	-0.00236625
0	0	-164	0.0014107	0.176207	-0.00221552
0	0	-162	0.00151747	0.195794	-0.00205146
0	0	-160	0.00161698	0.214553	-0.00187087
0	0	-158	0.00170872	0.23238	-0.00167556
0	0	-156	0.00179312	0.249171	-0.00146747
0	0	-154	0.00186963	0.264825	-0.00124736
0	0	-152	0.00193705	0.279244	-0.00101547
0	0	-150	0.00199505	0.29233	-0.00077327
0	0	-148	0.00204471	0.303995	-0.00052439
0	0	-146	0.00208492	0.314152	-0.00027073
0	0	-144	0.00211566	0.322729	-1.285e-05
0	0	-142	0.00213767	0.329662	0.00024512
0	0	-140	0.00214941	0.334896	0.00050155
0	0	-138	0.00215127	0.33839	0.00075461
0	0	-136	0.00214312	0.340119	0.00100167
0	0	-134	0.0021261	0.340067	0.00124052
0	0	-132	0.00209971	0.338235	0.00146844
0	0	-130	0.00206336	0.334637	0.00168446
0	0	-128	0.00201852	0.329302	0.00188714
0	0	-126	0.00196428	0.322268	0.00207452
0	0	-124	0.00190174	0.313593	0.00224691
0	0	-122	0.00183125	0.303341	0.00240342
0	0	-120	0.00175186	0.291583	0.00254274
0	0	-118	0.00166549	0.278403	0.00266558
0	0	-116	0.00157208	0.263893	0.00277194
0	0	-114	0.00147104	0.248153	0.00286383
0	0	-112	0.00136416	0.231275	0.00293886
0	0	-110	0.001252	0.213361	0.00299908
0	0	-108	0.00113358	0.194518	0.00304764
0	0	-106	0.00101026	0.174848	0.00308085
0	0	-104	0.0008828	0.154449	0.00310102
0	0	-102	0.0007508	0.133418	0.00311069
0	0	-100	0.00061542	0.111859	0.00310857
0	0	-98	0.00047657	0.0898662	0.00309657
0	0	-96	0.00033439	0.0675246	0.00307324
0	0	-94	0.00019075	0.0449221	0.0030393
0	0	-92	4.507e-05	0.0221533	0.00299586
0	0	-90	-0.00010167	-0.00069795	0.00294091
0	0	-88	-0.00024911	-0.0235477	0.00287559
0	0	-86	-0.0003975	-0.0463122	0.00279976
0	0	-84	-0.00054578	-0.0689016	0.0027124
0	0	-82	-0.0006935	-0.0912285	0.00261361
0	0	-80	-0.00083945	-0.113209	0.00250072
0	0	-78	-0.0009843	-0.134749	0.00237541
0	0	-76	-0.00112669	-0.155751	0.00223901
0	0	-74	-0.00126634	-0.176117	0.00208968
0	0	-72	-0.00140288	-0.195754	0.00192637
0	0	-70	-0.00153522	-0.214558	0.00174983
0	0	-68	-0.00166291	-0.232425	0.00156269
0	0	-66	-0.00178568	-0.249251	0.00136431
0	0	-64	-0.00190326	-0.264936	0.00115471
0	0	-62	-0.00201477	-0.279381	0.00093631
0	0	-60	-0.00211998	-0.292491	0.00071087
0	0	-58	-0.00221877	-0.304175	0.00047958
0	0	-56	-0.0023104	-0.31435	0.00024409
0	0	-54	-0.00239508	-0.322943	5.86e-06
0	0	-52	-0.00247186	-0.329891	-0.00023352
0	0	-50	-0.00254087	-0.335139	-0.00046971
0	0	-48	-0.00260197	-0.338648	-0.00070259
0	0	-46	-0.0026547	-0.34039	-0.00093019
0	0	-44	-0.00269909	-0.340352	-0.0011512
0	0	-42	-0.00273534	-0.338536	-0.00136317
0	0	-40	-0.00276393	-0.334954	-0.00156582
0	0	-38	-0.00278349	-0.329636	-0.00175749
0	0	-36	-0.00279497	-0.322623	-0.00193627
0	0	-34	-0.00279887	-0.313967	-0.00210363
0	0	-32	-0.00279392	-0.303734	-0.00225811
0	0	-30	-0.00278049	-0.291995	-0.00239876
0	0	-28	-0.00275906	-0.278835	-0.00252783
0	0	-26	-0.00272964	-0.264344	-0.00264396
0	0	-24	-0.00269244	-0.248617	-0.00274706
0	0	-22	-0.00264709	-0.231751	-0.00283753
0	0	-20	-0.00259374	-0.213849	-0.0029171
0	0	-18	-0.00253232	-0.195015	-0.00298602
0	0	-16	-0.00246248	-0.175347	-0.00304462
0	0	-14	-0.00238573	-0.154945	-0.00309189
0	0	-12	-0.00230112	-0.133911	-0.00312773
0	0	-10	-0.00220917	-0.112345	-0.00315661
0	0	-8	-0.00211016	-0.0903389	-0.00317427
0	0	-6	-0.00200392	-0.0679821	-0.00318214
0	0	-4	-0.00189137	-0.0453654	-0.00317863
0	0	-2	-0.0017724	-0.0225791	-0.0031642
0	0	0	-0.00164793	0.0002918	-0.0031398
0	0	2	-0.00151789	0.0231606	-0.00310149
0	0	4	-0.00138297	0.0459394	-0.00305189
0	0	6	-0.00124415	0.0685421	-0.00298931
0	0	8	-0.00110104	0.0908776	-0.00291254
0	0	10	-0.00095525	0.11286	-0.00282128
0	0	12	-0.00080719	0.134396	-0.00271488
0	0	14	-0.00065856	0.155391	-0.00259231
0	0	16	-0.00050975	0.175745	-0.00245488
0	0	18	-0.00036131	0.19536	-0.00230168
0	0	20	-0.00021452	0.214138	-0.00213192
0	0	22	-7.041e-05	0.231974	-0.00194681
0	0	24	6.968e-05	0.248764	-0.00174726
0	0	26	0.00020484	0.264411	-0.00153422
0	0	28	0.00033382	0.278818	-0.0013098
0	0	30	0.00045553	0.291886	-0.00107398
0	0	32	0.00056925	0.303527	-0.00082987
0	0	34	0.00067388	0.31366	-0.00058014
0	0	36	0.0007681	0.322217	-0.00032574
0	0	38	0.00085165	0.329131	-6.918e-05
0	0	40	0.00092356	0.334348	0.00018593
0	0	42	0.00098364	0.337831	0.00043798
0	0	44	0.00103166	0.339555	0.00068485
0	0	46	0.00106639	0.339506	0.00092371
0	0	48	0.00108932	0.337683	0.001153
0	0	50	0.00109973	0.334101	0.00136983
0	0	52	0.00109781	0.328788	0.00157325
0	0	54	0.00108434	0.321787	0.00176248
0	0	56	0.00105922	0.313151	0.00193589
0	0	58	0.00102277	0.302942	0.00209268
0	0	60	0.00097607	0.291232	0.00223276
0	0	62	0.00091972	0.278109	0.00235645
0	0	64	0.0008543	0.26366	0.00246308
0	0	66	0.00078069	0.247977	0.00255326
0	0	68	0.00069959	0.23116	0.00262853
0	0	70	0.00061193	0.21331	0.0026891
0	0	72	0.00051815	0.194532	0.00273746
0	0	74	0.00041988	0.174922	0.00277265
0	0	76	0.00031763	0.154579	0.00279445
0	0	78	0.00021161	0.133605	0.00280658
0	0	80	0.00010238	0.112097	0.00280865
0	0	82	-8.91e-06	0.0901497	0.00280132
0	0	84	-0.00012103	0.0678508	0.00278385
0	0	86	-0.00023456	0.0452914	0.00275659
0	0	88	-0.00034776	0.0225588	0.00272236
0	0	90	-0.00046127	-0.00026007	0.00267892
0	0	92	-0.00057416	-0.023084	0.00262574
0	0	94	-0.00068495	-0.045825	0.00256312
0	0	96	-0.0007938	-0.0683935	0.00249147
0	0	98	-0.00090007	-0.0907012	0.00240995
0	0	100	-0.00100368	-0.112667	0.00231715
0	0	102	-0.00110351	-0.134193	0.00221272
0	0	104	-0.0011988	-0.155184	0.0020965
0	0	106	-0.0012905	-0.175544	0.00197019
0	0	108	-0.00137758	-0.195176	0.00182991
0	0	110	-0.00145877	-0.213974	0.00167748
0	0	112	-0.00153412	-0.231837	0.00151553
0	0	114	-0.00160322	-0.248664	0.00134375
0	0	116	-0.00166539	-0.264355	0.001161
0	0	118	-0.00172072	-0.278808	0.00096911
0	0	120	-0.00176902	-0.291926	0.00077037
0	0	122	-0.00180931	-0.30362	0.00056749
0	0	124	-0.00184104	-0.31381	0.0003605
0	0	126	-0.00186379	-0.32242	0.00015086
0	0	128	-0.00187815	-0.329383	-5.768e-05
0	0	130	-0.00188385	-0.33465	-0.00026428
0	0	132	-0.00187993	-0.338179	-0.00046682
0	0	134	-0.00186672	-0.339943	-0.00066412
0	0	136	-0.00184441	-0.339926	-0.00085334
0	0	138	-0.00181233	-0.33813	-0.0010339
0	0	140	-0.00177089	-0.334568	-0.00120474
0	0	142	-0.00172064	-0.329267	-0.00136485
0	0	144	-0.00166158	-0.322269	-0.00151342
0	0	146	-0.00159349	-0.313628	-0.00164935
0	0	148	-0.00151592	-0.303405	-0.0017741
0	0	150	-0.00143056	-0.291675	-0.0018874
0	0	152	-0.00133758	-0.278522	-0.00198907
0	0	154	-0.00123693	-0.264039	-0.00208022
0	0	156	-0.00112979	-0.248315	-0.00216115
0	0	158	-0.00101567	-0.231448	-0.002232
0	0	160	-0.00089635	-0.213545	-0.00229448
0	0	162	-0.0007709	-0.194711	-0.0023486
0	0	164	-0.00064162	-0.175041	-0.00239647
0	0	166	-0.00050796	-0.154635	-0.00243715
0	0	168	-0.00037053	-0.1336	-0.00246983
0	0	170	-0.00023077	-0.112031	-0.0024971
0	0	172	-8.796e-05	-0.0900185	-0.00251782
0	0	174	5.609e-05	-0.067657	-0.00253231
0	0	176	0.00020114	-0.0450407	-0.00253938
0	0	178	0.00034634	-0.0222567	-0.00253813
0	0	180	0.00049181	0.00061628	-0.00252844
0	0	182	0.00063623	0.0234885	-0.00250716
0	0	184	0.00077983	0.0462687	-0.00247683
0	0	186	0.00092196	0.0688727	-0.00243571
0	0	188	0.00106169	0.0912156	-0.0023804
0	0	190	0.00119819	0.113204	-0.00231164
0	0	192	0.0013314	0.134745	-0.00222983
0	0	194	0.00146098	0.155747	-0.00213369
0	0	196	0.0015862	0.176115	-0.00202147
0	0	198	0.00170625	0.195748	-0.00189238
0	0	200	0.00182048	0.214543	-0.00174977
0	0	202	0.00192885	0.232398	-0.00159375
0	0	204	0.00203139	0.249214	-0.00142251
0	0	206	0.00212589	0.264889	-0.00123795
0	0	208	0.0022123	0.279324	-0.00104268
0	0	210	0.00229067	0.292425	-0.0008392
0	0	212	0.00236005	0.304102	-0.00062713
0	0	214	0.00242039	0.314275	-0.00040767
0	0	216	0.00247139	0.322868	-0.00018532
0	0	218	0.00251229	0.329819	3.755e-05
0	0	220	0.0025421	0.335076	0.00026065
0	0	222	0.00256117	0.338599	0.00048177
0	0	224	0.00257101	0.340362	0.00069753
0	0	226	0.00256997	0.340347	0.00090713
0	0	228	0.00255801	0.338559	0.00110931
0	0	230	0.00253514	0.33501	0.00130154
0	0	232	0.00250191	0.329727	0.00148336
0	0	234	0.00245855	0.322751	0.0016546
0	0	236	0.00240562	0.314137	0.00181362
0	0	238	0.00234341	0.303947	0.00196033
0	0	240	0.00227235	0.292252	0.00209461
0	0	242	0.00219228	0.279139	0.00221761
0	0	244	0.00210394	0.264698	0.00232868
0	0	246	0.00200869	0.249018	0.00242679
0	0	248	0.00190612	0.232198	0.00251279
0	0	250	0.0017973	0.214344	0.00258926
0	0	252	0.00168257	0.195555	0.00265537
0	0	254	0.00156314	0.17593	0.00271104
0	0	256	0.00143883	0.155572	0.00275527
0	0	258	0.00131015	0.134585	0.00279041
0	0	260	0.00117867	0.113057	0.00281717
0	0	262	0.00104439	0.0910818	0.00283146
0	0	264	0.0009077	0.0687544	0.0028354
0	0	266	0.00076958	0.0461663	0.0028286
0	0	268	0.00063017	0.0234028	0.00281132
0	0	270	0.00049043	0.00054698	0.0027822
0	0	272	0.0003515	-0.0223128	0.00273643
0	0	274	0.00021303	-0.0450899	0.00267763
0	0	276	7.51e-05	-0.0677005	0.00260402
0	0	278	-6.042e-05	-0.0900563	0.0025134
0	0	280	-0.00019389	-0.112066	0.00240626
0	0	282	-0.00032435	-0.133637	0.00228277
0	0	284	-0.00045097	-0.154676	0.00214387
0	0	286	-0.00057308	-0.175086	0.00198579
0	0	288	-0.00069045	-0.19477	0.00181119
0	0	290	-0.00080308	-0.213624	0.00162151
0	0	292	-0.00091006	-0.231543	0.0014179
0	0	294	-0.00100935	-0.248426	0.00120088
0	0	296	-0.00110241	-0.264172	0.00097082
0	0	298	-0.00118721	-0.278681	0.00073219
0	0	300	-0.00126411	-0.291857	0.00048586
0	0	302	-0.00133199	-0.30361	0.00023371
0	0	304	-0.001391	-0.313858	-2.06e-05
0	0	306	-0.00144002	-0.322526	-0.00027524
0	0	308	-0.00147928	-0.329548	-0.00052686
0	0	310	-0.00150887	-0.334874	-0.00077377
0	0	312	-0.00152763	-0.338463	-0.00101315
0	0	314	-0.00153534	-0.340286	-0.00124258
0	0	316	-0.00153313	-0.340329	-0.00146029
0	0	318	-0.00152012	-0.338594	-0.00166359
0	0	320	-0.00149631	-0.335094	-0.00185177
0	0	322	-0.00146178	-0.329858	-0.00202236
0	0	324	-0.00141794	-0.322926	-0.00217582
0	0	326	-0.00136424	-0.31435	-0.00231095
0	0	328	-0.00130079	-0.304195	-0.00242638
0	0	330	-0.00122814	-0.292535	-0.00252208
0	0	332	-0.00114684	-0.279455	-0.00259953
0	0	334	-0.00105759	-0.265043	-0.00265918
0	0	336	-0.00096082	-0.249392	-0.00270018
0	0	338	-0.00085739	-0.232603	-0.00272334
0	0	340	-0.00074762	-0.214777	-0.00272954
0	0	342	-0.00063214	-0.196015	-0.00272098
0	0	344	-0.00051118	-0.176417	-0.00269806
0	0	346	-0.0003867	-0.156089	-0.00266099
0	0	348	-0.00025782	-0.13513	-0.00261237
0	0	350	-0.00012573	-0.113633	-0.00255048
0	0	352	7.93e-06	-0.0916917	-0.00247702
0	0	354	0.00014379	-0.0693999	-0.0023931
0	0	356	0.00028094	-0.0468464	-0.00229922
0	0	358	0.00041898	-0.02412	-0.0021938
0	0	360	0.00055576	-0.00130502	-0.00207882
0	0	362	0.00069223	0.0215122	-0.00195382
0	0	364	0.00082712	0.0442458	-0.00181704
0	0	366	0.00096026	0.0668094	-0.00167037
0	0	368	0.00109015	0.0891167	-0.00151322
0	0	370	0.00121638	0.11108	-0.00134458
0	0	372	0.00133894	0.132601	-0.0011677
0	0	374	0.00145703	0.153588	-0.00097974
0	0	376	0.00156978	0.173949	-0.00078198
0	0	378	0.00167625	0.193585	-0.00057493
0	0	380	0.00177707	0.212392	-0.00035992
0	0	382	0.00187031	0.230269	-0.00013686
0	0	384	0.0019557	0.247115	9.267e-05
0	0	386	0.0020336	0.26283	0.00032587
0	0	388	0.00210292	0.277313	0.00056213
0	0	390	0.00216322	0.29047	0.00079998
0	0	392	0.0022139	0.302217	0.00103761
0	0	394	0.00225517	0.312468	0.00127231
0	0	396	0.00228707	0.321149	0.00150236
0	0	398	0.00230855	0.328196	0.0017255
0	0	400	0.0023195	0.333559	0.00194027
0	0	402	0.00232095	0.337197	0.00214351
0	0	404	0.00231215	0.339082	0.00233448
0	0	406	0.00229243	0.3392	0.00251047
0	0	408	0.00226248	0.337552	0.00267007
0	0	410	0.00222291	0.334151	0.00281268
0	0	412	0.00217386	0.329023	0.00293666
0	0	414	0.00211569	0.322208	0.00304024
0	0	416	0.00204851	0.313758	0.00312408
0	0	418	0.00197218	0.303735	0.00318734
0	0	420	0.00188856	0.292214	0.00323031
0	0	422	0.00179695	0.279274	0.00325296
0	0	424	0.00169853	0.265002	0.00325552
0	0	426	0.00159368	0.249492	0.00323876
0	0	428	0.00148297	0.232843	0.00320426
0	0	430	0.00136699	0.215152	0.00315198
0	0	432	0.00124652	0.19652	0.00308446
0	0	434	0.00112217	0.177046	0.00300216
0	0	436	0.00099458	0.156832	0.00290639
0	0	438	0.00086397	0.135975	0.00279796
0	0	440	0.00073092	0.114573	0.00267828
0	0	442	0.00059681	0.0927146	0.00254872
0	0	444	0.00046096	0.0704957	0.00241005
0	0	446	0.0003243	0.0480027	0.00226311
0	0	448	0.00018862	0.0253252	0.00210647
0	0	450	5.283e-05	0.00254678	0.00194235
0	0	452	-8.182e-05	-0.0202444	0.00177073
0	0	454	-0.0002153	-0.042961	0.00159392
0	0	456	-0.00034605	-0.0655167	0.00140888
0	0	458	-0.00047539	-0.0878273	0.00121454
0	0	460	-0.0006017	-0.109801	0.00101553
0	0	462	-0.00072399	-0.131342	0.00080801
0	0	464	-0.0008424	-0.152356	0.00059537
0	0	466	-0.00095597	-0.172746	0.00037448
0	0	468	-0.00106551	-0.192414	0.00014788
0	0	470	-0.00116948	-0.211255	-8.355e-05
0	0	472	-0.00126769	-0.229168	-0.00031987
0	0	474	-0.00135868	-0.246051	-0.00056082
0	0	476	-0.00144279	-0.261798	-0.00080412
0	0	478	-0.00151985	-0.27631	-0.00104738
0	0	480	-0.00158792	-0.289492	-0.00129136
0	0	482	-0.00164778	-0.301255	-0.00153358
0	0	484	-0.00169917	-0.311516	-0.00177186
0	0	486	-0.00174123	-0.320198	-0.00200424
0	0	488	-0.0017736	-0.327237	-0.00222917
0	0	490	-0.0017964	-0.332581	-0.00244414
0	0	492	-0.00180959	-0.336188	-0.00264789
0	0	494	-0.00181225	-0.33803	-0.00283816
0	0	496	-0.00180428	-0.338095	-0.00301406
0	0	498	-0.00178669	-0.336381	-0.00317255
0	0	500	-0.00175923	-0.332903	-0.00331382
0	0	502	-0.00172169	-0.327689	-0.00343631
0	0	504	-0.00167445	-0.32078	-0.00353985
0	0	506	-0.00161713	-0.312229	-0.00362182
0	0	508	-0.00155085	-0.302101	-0.0036842
0	0	510	-0.00147662	-0.290471	-0.00372626
0	0	512	-0.0013942	-0.277419	-0.00374762
0	0	514	-0.00130331	-0.263037	-0.00374967
0	0	516	-0.00120501	-0.247419	-0.00373223
0	0	518	-0.00110011	-0.230667	-0.00369744
0	0	520	-0.00098942	-0.212881	-0.0036459
0	0	522	-0.00087332	-0.194163	-0.00357827
0	0	524	-0.0007517	-0.174614	-0.00349502
0	0	526	-0.00062607	-0.154334	-0.00339778
0	0	528	-0.00049629	-0.133426	-0.00328714
0	0	530	-0.00036341	-0.111986	-0.00316545
0	0	532	-0.00022894	-0.0901043	-0.0030328
0	0	534	-9.14e-05	-0.0678728	-0.00288957
0	0	536	4.736e-05	-0.0453832	-0.00273574
0	0	538	0.00018644	-0.0227207	-0.00257281
0	0	540	0.00032608	3.507e-05	-0.00239913
0	0	542	0.00046486	0.0227931	-0.00221748
0	0	544	0.00060266	0.0454641	-0.00202664
0	0	546	0.00073912	0.0679699	-0.00182677
0	0	548	0.00087322	0.0902248	-0.00161888
0	0	550	0.00100375	0.112137	-0.00140245
0	0	552	0.00113097	0.133612	-0.0011781
0	0	554	0.00125472	0.154562	-0.00094553
0	0	556	0.00137373	0.17489	-0.0007057
0	0	558	0.00148761	0.194491	-0.00046052
0	0	560	0.0015959	0.213266	-0.00020847
0	0	562	0.00169798	0.231118	4.789e-05
0	0	564	0.00179343	0.247943	0.0003072
0	0	566	0.00188089	0.263636	0.00056845
0	0	568	0.00196048	0.278098	0.00082812
0	0	570	0.00203261	0.291237	0.00108766
0	0	572	0.00209658	0.302962	0.0013432
0	0	574	0.00215148	0.313188	0.00159189
0	0	576	0.00219741	0.321842	0.00183403
0	0	578	0.00223428	0.328861	0.00206678
0	0	580	0.00226163	0.33419	0.00228875
0	0	582	0.0022791	0.337788	0.00249738
0	0	584	0.00228738	0.339629	0.00269177
0	0	586	0.00228631	0.339697	0.00287025
0	0	588	0.00227546	0.337992	0.00303192
0	0	590	0.00225457	0.334527	0.00317598
0	0	592	0.00222458	0.32933	0.00330247
0	0	594	0.00218578	0.322441	0.00341019
0	0	596	0.00213731	0.313911	0.00349835
0	0	598	0.00208044	0.303806	0.00356789
0	0	600	0.00201505	0.292198	0.00361937
0	0	602	0.00194136	0.279168	0.00365221
0	0	604	0.00185962	0.264803	0.00366797
0	0	606	0.00176954	0.249201	0.00366771
0	0	608	0.00167272	0.232459	0.0036532
0	0	610	0.00156963	0.214679	0.00362374
0	0	612	0.00145955	0.195958	0.00357995
0	0	614	0.00134345	0.176401	0.00352567
0	0	616	0.00122211	0.156109	0.00345947
0	0	618	0.00109555	0.135178	0.00338317
0	0	620	0.00096434	0.113705	0.00329506
0	0	622	0.00082953	0.0917866	0.00319861
0	0	624	0.00069085	0.0695139	0.00309483
0	0	626	0.00054939	0.0469765	0.00298249
0	0	628	0.00040597	0.0242571	0.00286135
0	0	630	0.00026046	0.0014447	0.00273173
0	0	632	0.00011426	-0.0213723	0.00259464
0	0	634	-3.265e-05	-0.0441079	0.00244928
0	0	636	-0.00017976	-0.0666774	0.00229469
0	0	638	-0.00032604	-0.0889923	0.00213103
0	0	640	-0.00047053	-0.110962	0.00196021
0	0	642	-0.00061362	-0.132495	0.00178127
0	0	644	-0.00075383	-0.153499	0.00159147
0	0	646	-0.00089103	-0.173874	0.00139419
0	0	648	-0.0010239	-0.19352	0.00119037
0	0	650	-0.00115299	-0.212335	0.00098029
0	0	652	-0.00127708	-0.23022	0.00076356
0	0	654	-0.00139519	-0.24707	0.00054153
0	0	656	-0.00150832	-0.262785	0.00031885
0	0	658	-0.00161461	-0.277264	9.432e-05
0	0	660	-0.00171396	-0.290417	-0.0001299
0	0	662	-0.00180633	-0.30215	-0.00035146
0	0	664	-0.00189146	-0.312383	-0.00056795
0	0	666	-0.0019692	-0.321041	-0.00077767
0	0	668	-0.00203887	-0.328063	-0.00097938
0	0	670	-0.00210097	-0.333394	-0.00117063
0	0	672	-0.00215492	-0.336995	-0.00134908
0	0	674	-0.00220071	-0.338839	-0.00151392
0	0	676	-0.00223861	-0.338911	-0.00166377
0	0	678	-0.00226819	-0.337212	-0.00179703
0	0	680	-0.00228924	-0.333755	-0.00191423
0	0	682	-0.00230371	-0.328568	-0.00201366
0	0	684	-0.00230986	-0.321691	-0.00209478
0	0	686	-0.00230807	-0.313175	-0.00216008
0	0	688	-0.00229915	-0.303085	-0.00220795
0	0	690	-0.00228287	-0.291494	-0.00224036
0	0	692	-0.00225935	-0.278483	-0.00225577
0	0	694	-0.00222883	-0.264139	-0.00225753
0	0	696	-0.0021922	-0.248557	-0.00224725
0	0	698	-0.00214833	-0.231836	-0.00222437
0	0	700	-0.00209818	-0.214074	-0.00219082
0	0	702	-0.00204157	-0.195374	-0.00214778
0	0	704	-0.00197849	-0.175837	-0.00209735
0	0	706	-0.0019101	-0.155564	-0.0020392
0	0	708	-0.00183637	-0.134652	-0.00197301
0	0	710	-0.00175676	-0.113198	-0.00190113
0	0	712	-0.00167211	-0.0912958	-0.00182461
0	0	714	-0.00158283	-0.0690404	-0.00174302
0	0	716	-0.00148903	-0.0465207	-0.0016552
0	0	718	-0.00139094	-0.0238209	-0.00156192
0	0	720	-0.00128867	-0.00103	-0.00146478
0	0	722	-0.00118263	0.0217667	-0.00136045
0	0	724	-0.00107394	0.0444803	-0.00124757
0	0	726	-0.00096316	0.0670252	-0.00112674
0	0	728	-0.00084965	0.0893124	-0.00100004
0	0	730	-0.00073451	0.111251	-0.00086564
0	0	732	-0.00061812	0.132749	-0.000719
0	0	734	-0.00050142	0.153716	-0.0005631
0	0	736	-0.0003851	0.174051	-0.00039737
0	0	738	-0.0002701	0.193653	-0.00022135
0	0	740	-0.00015682	0.212423	-3.48e-05
0	0	742	-4.579e-05	0.230258	0.00016241
0	0	744	6.198e-05	0.247058	0.00036622
0	0	746	0.00016518	0.262719	0.00057802
0	0	748	0.00026301	0.277143	0.0007977
0	0	750	0.0003545	0.290238	0.00102281
0	0	752	0.00043975	0.301911	0.00125036
0	0	754	0.00051769	0.312082	0.00147868
0	0	756	0.00058796	0.320677	0.0017064
0	0	758	0.00064879	0.327634	0.00192977
0	0	760	0.00070063	0.332898	0.00214837
0	0	762	0.00074363	0.336431	0.00235893
0	0	764	0.00077649	0.338206	0.0025584
0	0	766	0.00079971	0.338208	0.00274561
0	0	768	0.00081286	0.336438	0.00291752
0	0	770	0.00081719	0.332912	0.00307157
0	0	772	0.00081191	0.327657	0.0032073
0	0	774	0.00079781	0.320714	0.00332402
0	0	776	0.0007751	0.312134	0.00341866
0	0	778	0.00074344	0.301982	0.00349238
0	0	780	0.00070511	0.290336	0.00354406
0	0	782	0.00065863	0.277274	0.00357353
0	0	784	0.00060651	0.262887	0.00358191
0	0	786	0.0005473	0.24727	0.0035689
0	0	788	0.00048297	0.230523	0.00353536
0	0	790	0.00041392	0.212744	0.00348275
0	0	792	0.00034019	0.194034	0.00341152
0	0	794	0.00026249	0.174502	0.00332577
0	0	796	0.00018129	0.154246	0.00322379
0	0	798	9.691e-05	0.133359	0.00310822
0	0	800	1.011e-05	0.11194	0.00297963
0	0	802	-7.858e-05	0.090085	0.00283988
0	0	804	-0.00016945	0.067883	0.00268926
0	0	806	-0.00026186	0.0454207	0.00252837
0	0	808	-0.00035527	0.0227876	0.00236029
0	0	810	-0.00044905	6.831e-05	0.00218435
0	0	812	-0.00054345	-0.0226516	0.00200107
0	0	814	-0.00063849	-0.0452927	0.00181017
0	0	816	-0.0007332	-0.0677668	0.00161375
0	0	818	-0.00082696	-0.089984	0.00141253
0	0	820	-0.0009211	-0.111856	0.00120646
0	0	822	-0.00101393	-0.133296	0.00099464
0	0	824	-0.00110448	-0.154208	0.00077817
0	0	826	-0.00119375	-0.174495	0.00055936
0	0	828	-0.00128058	-0.194061	0.00033799
0	0	830	-0.00136506	-0.212803	0.00011279
0	0	832	-0.00144523	-0.23062	-0.00011226
0	0	834	-0.00152154	-0.24741	-0.00033596
0	0	836	-0.00159455	-0.26307	-0.00055877
0	0	838	-0.0016627	-0.277501	-0.00078118
0	0	840	-0.00172568	-0.290611	-0.00099912
0	0	842	-0.00178261	-0.30231	-0.0012102
0	0	844	-0.00183339	-0.312511	-0.00141531
0	0	846	-0.00187807	-0.321142	-0.00161373
0	0	848	-0.00191526	-0.328141	-0.00180306
0	0	850	-0.0019454	-0.333451	-0.00198237
0	0	852	-0.00196782	-0.337032	-0.00215038
0	0	854	-0.00198241	-0.338857	-0.0023073
0	0	856	-0.00198904	-0.338912	-0.00245238
0	0	858	-0.00198705	-0.337195	-0.00258377
0	0	860	-0.00197731	-0.33372	-0.00270287
0	0	862	-0.0019593	-0.328516	-0.0028103
0	0	864	-0.0019329	-0.321619	-0.00290385
0	0	866	-0.00189797	-0.313083	-0.00298517
0	0	868	-0.00185559	-0.302971	-0.00305563
0	0	870	-0.00180585	-0.291356	-0.00311341
0	0	872	-0.0017482	-0.278318	-0.00316093
0	0	874	-0.00168345	-0.263949	-0.00319813
0	0	876	-0.00161214	-0.248344	-0.00322754
0	0	878	-0.00153429	-0.231596	-0.00324875
0	0	880	-0.00145053	-0.213805	-0.00326068
0	0	882	-0.00136113	-0.195077	-0.00326605
0	0	884	-0.00126675	-0.175513	-0.00326468
0	0	886	-0.00116806	-0.155212	-0.0032564
0	0	888	-0.0010649	-0.134273	-0.00324174
0	0	890	-0.00095815	-0.112794	-0.00322055
0	0	892	-0.00084843	-0.0908673	-0.00319292
0	0	894	-0.00073552	-0.0685846	-0.00315707
0	0	896	-0.0006207	-0.0460354	-0.00311173
0	0	898	-0.00050458	-0.0233092	-0.00305782
0	0	900	-0.00038703	-0.00049307	-0.00299545
0	0	902	-0.00026778	0.0223277	-0.00292167
0	0	904	-0.0001486	0.0450687	-0.00283532
0	0	906	-3.022e-05	0.0676418	-0.00273637
0	0	908	8.764e-05	0.0899581	-0.00262319
0	0	910	0.00020422	0.111927	-0.00249464
0	0	912	0.000319	0.133458	-0.00235077
0	0	914	0.00043143	0.154455	-0.00219166
0	0	916	0.00054134	0.174821	-0.00201689
0	0	918	0.00064762	0.194457	-0.00182407
0	0	920	0.00075051	0.213264	-0.00161413
0	0	922	0.00084932	0.231139	-0.00138983
0	0	924	0.00094281	0.247977	-0.00115142
0	0	926	0.00103096	0.263677	-0.00090092
0	0	928	0.00111301	0.278142	-0.00063741
0	0	930	0.00118815	0.291279	-0.00036529
0	0	932	0.00125773	0.302995	-8.728e-05
0	0	934	0.00132012	0.313207	0.00019492
0	0	936	0.00137483	0.321843	0.00047746
0	0	938	0.00142142	0.32884	0.00075746
0	0	940	0.00146093	0.334143	0.00103291
0	0	942	0.00149175	0.337711	0.00130156
0	0	944	0.00151396	0.339516	0.00155957
0	0	946	0.00152855	0.339547	0.00180369
0	0	948	0.00153473	0.337802	0.00203171
0	0	950	0.00153237	0.334294	0.002242
0	0	952	0.00152198	0.329051	0.00243325
0	0	954	0.00150389	0.322113	0.00260248
0	0	956	0.0014783	0.313535	0.00275028
0	0	958	0.00144465	0.303379	0.00287537
0	0	960	0.00140348	0.291717	0.00297728
0	0	962	0.00135598	0.278633	0.00305598
0	0	964	0.00130184	0.264219	0.00311189
0	0	966	0.00124108	0.248569	0.00314668
0	0	968	0.0011747	0.231779	0.00315969
0	0	970	0.0011038	0.213952	0.00315325
0	0	972	0.00102676	0.195192	0.0031271
0	0	974	0.00094633	0.175601	0.00308512
0	0	976	0.00086125	0.155279	0.00302686
0	0	978	0.00077261	0.134325	0.00295268
0	0	980	0.0006811	0.112842	0.00286405
0	0	982	0.00058719	0.0909188	0.00276435
0	0	984	0.00049077	0.0686469	0.00265401
0	0	986	0.00039359	0.0461165	0.00252997
0	0	988	0.00029549	0.0234185	0.00239664
0	0	990	0.00019638	0.00063895	0.00225446
0	0	992	9.693e-05	-0.0221386	0.00210277
0	0	994	-1.47e-06	-0.0448258	0.0019417
0	0	996	-9.878e-05	-0.0673402	0.00177179
0	0	998	-0.00019461	-0.0895901	0.00159338
0	0	1000	-0.00028807	-0.111489	0.00140705
0	0	1002	-0.0003784	-0.132947	0.00121258
0	0	1004	-0.0004663	-0.153868	0.00101247
0	0	1006	-0.00055013	-0.174153	0.000805
0	0	1008	-0.00062935	-0.193707	0.00059102
0	0	1010	-0.00070407	-0.212434	0.00037221
0	0	1012	-0.00077364	-0.230225	0.00014934
0	0	1014	-0.00083727	-0.24698	-7.574e-05
0	0	1016	-0.00089365	-0.262598	-0.00030263
0	0	1018	-0.00094336	-0.276984	-0.00052836
0	0	1020	-0.00098595	-0.290041	-0.00075177
0	0	1022	-0.00102075	-0.301677	-0.00097235
0	0	1024	-0.00104727	-0.311813	-0.0011866
0	0	1026	-0.00106558	-0.320377	-0.00139363
0	0	1028	-0.00107565	-0.327302	-0.00159173
0	0	1030	-0.00107695	-0.332534	-0.00177829
0	0	1032	-0.00107016	-0.336034	-0.00195232
0	0	1034	-0.00105427	-0.337775	-0.00211154
0	0	1036	-0.00102988	-0.337743	-0.00225614
0	0	1038	-0.0009973	-0.335936	-0.00238458
0	0	1040	-0.00095628	-0.332368	-0.00249532
0	0	1042	-0.00090727	-0.327065	-0.00258838
0	0	1044	-0.00085054	-0.32007	-0.00266336
0	0	1046	-0.00078693	-0.311433	-0.00272022
0	0	1048	-0.00071688	-0.301217	-0.00275934
0	0	1050	-0.00063993	-0.289496	-0.00278019
0	0	1052	-0.00055836	-0.276352	-0.00278531
0	0	1054	-0.00047139	-0.261873	-0.0027746
0	0	1056	-0.00038022	-0.246155	-0.00274883
0	0	1058	-0.00028516	-0.229295	-0.00270846
0	0	1060	-0.00018638	-0.211392	-0.00265626
0	0	1062	-8.482e-05	-0.19255	-0.00259384
0	0	1064	1.801e-05	-0.172871	-0.00252044
0	0	1066	0.0001226	-0.152452	-0.00243681
0	0	1068	0.00022889	-0.131393	-0.00234585
0	0	1070	0.00033604	-0.109792	-0.00224814
0	0	1072	0.00044309	-0.0877445	-0.00214377
0	0	1074	0.0005501	-0.0653383	-0.00203159
0	0	1076	0.00065659	-0.0426617	-0.00191502
0	0	1078	0.00076253	-0.0198047	-0.00179432
0	0	1080	0.00086652	0.00314545	-0.00166597
0	0	1082	0.00096895	0.0261077	-0.00153184
0	0	1084	0.00106917	0.0489946	-0.00139158
0	0	1086	0.00116717	0.0717172	-0.00124575
0	0	1088	0.00126292	0.0941909	-0.0010932
0	0	1090	0.00135529	0.116328	-0.00093029
0	0	1092	0.00144436	0.13804	-0.0007609
0	0	1094	0.00152907	0.159225	-0.00058429
0	0	1096	0.00161081	0.17979	-0.00039944
0	0	1098	0.00168748	0.199638	-0.00020537
0	0	1100	0.00176024	0.218668	-9e-07
0	0	1102	0.00182733	0.236778	0.0002098
0	0	1104	0.00188958	0.253864	0.00042735
0	0	1106	0.00194542	0.269828	0.00065319
0	0	1108	0.00199524	0.284572	0.00088311
0	0	1110	0.00203948	0.297998	0.00111684
0	0	1112	0.00207693	0.310017	0.00135205
0	0	1114	0.00210822	0.320549	0.00158776
0	0	1116	0.00213265	0.32952	0.0018227
0	0	1118	0.00215032	0.336865	0.00205139
0	0	1120	0.00216036	0.342532	0.00227365
0	0	1122	0.00216341	0.346479	0.0024875
0	0	1124	0.00215929	0.348681	0.00268982
0	0	1126	0.00214888	0.349122	0.00287802
0	0	1128	0.00213097	0.347805	0.00304952
0	0	1130	0.0021062	0.344742	0.00320321
0	0	1132	0.00207457	0.33996	0.00333704
0	0	1134	0.00203655	0.333501	0.00344941
0	0	1136	0.00199193	0.325418	0.00353913
0	0	1138	0.0019408	0.315775	0.00360495
0	0	1140	0.0018841	0.304643	0.00364663
0	0	1142	0.00182132	0.292106	0.00366394
0	0	1144	0.00175327	0.278255	0.00365703
0	0	1146	0.0016797	0.263184	0.00362468
0	0	1148	0.00160111	0.246988	0.00356958
0	0	1150	0.00151826	0.229771	0.00349312
0	0	1152	0.00143132	0.211637	0.00339467
0	0	1154	0.00134022	0.192686	0.00327517
0	0	1156	0.00124539	0.173015	0.00313743
0	0	1158	0.00114775	0.152728	0.0029828
0	0	1160	0.00104745	0.131922	0.00281212
0	0	1162	0.00094451	0.110691	0.00262705
0	0	1164	0.00083887	0.0891224	0.00242786
0	0	1166	0.00073134	0.067308	0.00221892
0	0	1168	0.00062251	0.0453398	0.00199884
0	0	1170	0.00051294	0.0232986	0.00176703
0	0	1172	0.00040238	0.00126712	0.00152865
0	0	1174	0.00029154	-0.0206665	0.00128263
0	0	1176	0.00018049	-0.0424131	0.00103095
0	0	1178	7.032e-05	-0.06389	0.00077465
0	0	1180	-3.941e-05	-0.085013	0.00051488
0	0	1182	-0.00014767	-0.10569	0.00025225
0	0	1184	-0.00025405	-0.125827	-1.295e-05
0	0	1186	-0.00035854	-0.145333	-0.00027558
0	0	1188	-0.00046167	-0.164114	-0.00053655
0	0	1190	-0.00056136	-0.182071	-0.00079348
0	0	1192	-0.00065757	-0.199105	-0.00104659
0	0	1194	-0.00075037	-0.21512	-0.00129101
0	0	1196	-0.00083947	-0.230023	-0.00152607
0	0	1198	-0.0009239	-0.243717	-0.00175138
0	0	1200	-0.00100299	-0.256111	-0.00196255
0	0	1202	-0.00107763	-0.267125	-0.0021593
0	0	1204	-0.00114594	-0.27668	-0.0023391
0	0	1206	-0.00120916	-0.284709	-0.00250136
0	0	1208	-0.00126641	-0.291155	-0.00264444
0	0	1210	-0.00131731	-0.29597	-0.00276579
0	0	1212	-0.00136169	-0.299121	-0.00286516
0	0	1214	-0.00140044	-0.300588	-0.00294197
0	0	1216	-0.00143253	-0.300365	-0.00299553
0	0	1218	-0.00145832	-0.298463	-0.00302468
0	0	1220	-0.00147797	-0.294903	-0.00303078
0	0	1222	-0.00149114	-0.289726	-0.00301389
0	0	1224	-0.0014986	-0.282986	-0.00297424
0	0	1226	-0.00150033	-0.274752	-0.00291349
0	0	1228	-0.00149679	-0.265104	-0.00283332
0	0	1230	-0.00148855	-0.254137	-0.00273612
0	0	1232	-0.00147552	-0.241958	-0.00262473
0	0	1234	-0.00145742	-0.228681	-0.00250159
0	0	1236	-0.00143588	-0.214432	-0.00236985
0	0	1238	-0.00141139	-0.199342	-0.00223441
0	0	1240	-0.00138303	-0.183548	-0.00209797
0	0	1242	-0.0013527	-0.167192	-0.00196587
0	0	1244	-0.00132126	-0.150418	-0.00184111
0	0	1246	-0.00128801	-0.133368	-0.00172906
0	0	1248	-0.0012535	-0.116184	-0.00163462
0	0	1250	-0.00121867	-0.0990112	-0.00156135
0	0	1252	-0.00118388	-0.081985	-0.00151185
0	0	1254	-0.00114976	-0.0652363	-0.00149135
0	0	1256	-0.00111624	-0.0488926	-0.00150197
0	0	1258	-0.0010834	-0.0330736	-0.0015458
0	0	1260	-0.00105236	-0.017884	-0.00162395
0	0	1262	-0.00102205	-0.00342099	-0.00173737
0	0	1264	-0.00099446	0.0102263	-0.00188597
0	0	1266	-0.00096949	0.0229831	-0.00206626
0	0	1268	-0.00094595	0.0347929	-0.00227804
0	0	1270	-0.00092493	0.045608	-0.00251518
0	0	1272	-0.00090552	0.0553974	-0.00277312
0	0	1274	-0.00088861	0.0641448	-0.00304575
0	0	1276	-0.00087288	0.0718471	-0.00332459
0	0	1278	-0.00085939	0.0785144	-0.00360301
0	0	1280	-0.0008474	0.0841692	-0.00387168
0	0	1282	-0.00083726	0.0888445	-0.0041232
0	0	1284	-0.00082758	0.0925845	-0.00434772
0	0	1286	-0.00081809	0.0954398	-0.00453691
0	0	1288	-0.00080917	0.0974663	-0.00468389
0	0	1290	-0.00080017	0.0987256	-0.0047826
0	0	1292	-0.00079159	0.0992822	-0.00482741
0	0	1294	-0.00078151	0.0991997	-0.00481491
0	0	1296	-0.00077096	0.0985439	-0.00474356
0	0	1298	-0.00075958	0.0973781	-0.00461356
0	0	1300	-0.0007467	0.0957635	-0.00442595
0	0	1302	-0.00073247	0.093758	-0.00418386
0	0	1304	-0.00071726	0.0914168	-0.00389199
0	0	1306	-0.00070031	0.0887909	-0.00355565
0	0	1308	-0.0006825	0.0859282	-0.00318151
0	0	1310	-0.00066295	0.0828706	-0.00277678
0	0	1312	-0.00064284	0.079657	-0.00234923
0	0	1314	-0.00062159	0.0763226	-0.00190666
0	0	1316	-0.00059867	0.0728989	-0.00145631
0	0	1318	-0.00057497	0.0694125	-0.00100488
0	0	1320	-0.00055036	0.0658881	-0.0005586
0	0	1322	-0.00052545	0.0623473	-0.00012371
0	0	1324	-0.00050037	0.0588069	0.00029465
0	0	1326	-0.00047389	0.0552815	0.00069315
0	0	1328	-0.00044762	0.0517843	0.00106814
0	0	1330	-0.00042105	0.0483286	0.00141692
0	0	1332	-0.00039361	0.0449203	0.00173748
0	0	1334	-0.00036663	0.0415666	0.00202834
0	0	1336	-0.00033984	0.0382747	0.00228761
0	0	1338	-0.00031353	0.0350502	0.00251499
0	0	1340	-0.00028654	0.0318974	0.00270886
0	0	1342	-0.00025994	0.0288219	0.00286815
0	0	1344	-0.00023441	0.0258318	0.00299018
0	0	1346	-0.00020882	0.0229377	0.00307248
0	0	1348	-0.00018435	0.0201532	0.00310974
0	0	1350	-0.00016069	0.0174996	0.00309638
0	0	1352	-0.00013825	0.0150071	0.003026
0	0	1354	-0.00011669	0.0127162	0.00289174
0	0	1356	-9.707e-05	0.0106721	0.00269247
0	0	1358	-7.934e-05	0.0089217	0.00243201
0	0	1360	-6.377e-05	0.00749641	0.00212605
0	0	1362	-5.065e-05	0.0064005	0.00180014
0	0	1364	-3.912e-05	0.00560399	0.00148074
0	0	1366	-2.973e-05	0.00505372	0.0011898
0	0	1368	-2.249e-05	0.00468859	0.00093879
0	0	1370	-1.627e-05	0.00445411	0.00073108
0	0	1372	-1.168e-05	0.00430613	0.0005638
0	0	1374	-7.34e-06	0.00421307	0.00043202
0	0	1376	-4.58e-06	0.00415437	0.0003296
0	0	1378	-2.81e-06	0.00411646	0.00025031
0	0	1380	-1e-06	0.00409054	0.00018985
0	0	1382	3.5e-07	0.00407229	0.00014465
0	0	1384	1.52e-06	0.00405634	0.00011101
0	0	1386	1.65e-06	0.00404276	8.799e-05
0	0	1388	1.85e-06	0.00402928	7.263e-05
0	0	1390	2.33e-06	0.00401489	6.443e-05
0	0	1392	2.76e-06	0.00399777	6.31e-05
0	0	1394	2.84e-06	0.00397835	6.692e-05
0	0	1396	2.95e-06	0.00395355	7.662e-05
0	0	1398	3.22e-06	0.00392036	9.26e-05
0	0	1400	3.62e-06	0.00387436	0.00011549
0	0	1402	3.88e-06	0.00380979	0.0001457
0	0	1404	4.07e-06	0.0037206	0.00018256
0	0	1406	4.91e-06	0.00359866	0.00022614
0	0	1408	5.72e-06	0.00343977	0.00027455
0	0	1410	6.11e-06	0.00324546	0.00032332
0	0	1412	7.24e-06	0.0030256	0.00036903
0	0	1414	8.86e-06	0.00279524	0.0004094
0	0	1416	1.079e-05	0.00256806	0.00044233
0	0	1418	1.205e-05	0.00235444	0.00046742
0	0	1420	1.366e-05	0.00216176	0.00048645
0	0	1422	1.574e-05	0.00199155	0.00049937
0	0	1424	1.765e-05	0.00184323	0.00050859
0	0	1426	1.923e-05	0.00171549	0.00051445
0	0	1428	2.102e-05	0.00160499	0.00051814
0	0	1430	2.299e-05	0.00150928	0.00051958
0	0	1432	2.422e-05	0.00142673	0.00051936
0	0	1434	2.576e-05	0.00135493	0.00051866
0	0	1436	2.738e-05	0.00129249	0.00051636
0	0	1438	2.931e-05	0.00123708	0.00051315
0	0	1440	3.039e-05	0.00118735	0.00050978
0	0	1442	3.159e-05	0.00114366	0.00050601
0	0	1444	3.315e-05	0.00110443	0.00050185
0	0	1446	3.467e-05	0.001069	0.0004972
0	0	1448	3.562e-05	0.00103739	0.0004924
0	0	1450	3.574e-05	0.00100819	0.00048768
0	0	1452	3.691e-05	0.00098148	0.00048171
0	0	1454	3.842e-05	0.00095689	0.00047619
0	0	1456	3.906e-05	0.00093369	0.00047038
0	0	1458	3.927e-05	0.00091228	0.00046438
0	0	1460	4.016e-05	0.00089241	0.00045871
0	0	1462	4.094e-05	0.00087331	0.00045245
0	0	1464	4.138e-05	0.00085518	0.00044602
0	0	1466	4.135e-05	0.00083759	0.00044005
0	0	1468	4.133e-05	0.000821	0.00043353
0	0	1470	4.132e-05	0.00080498	0.00042672
0	0	1472	4.114e-05	0.00078956	0.00042065
0	0	1474	4.166e-05	0.00077518	0.00041506
0	0	1476	4.182e-05	0.00076086	0.00040858
0	0	1478	4.179e-05	0.00074694	0.00040213
0	0	1480	4.223e-05	0.00073304	0.00039622
0	0	1482	4.234e-05	0.00071945	0.00039034
0	0	1484	4.219e-05	0.00070632	0.0003842
0	0	1486	4.218e-05	0.00069306	0.00037764
0	0	1488	4.21e-05	0.00068033	0.00037149
0	0	1490	4.147e-05	0.00066794	0.00036566
0	0	1492	4.117e-05	0.00065603	0.00035961
0	0	1494	4.173e-05	0.00064367	0.00035361
0	0	1496	4.149e-05	0.00063173	0.00034804
0	0	1498	4.067e-05	0.00062057	0.0003429
0	0	1500	4.045e-05	0.00060891	0.000337
0	0	1502	4.023e-05	0.00059798	0.00033156
0	0	1504	3.95e-05	0.00058645	0.00032654
0	0	1506	3.902e-05	0.00057538	0.00032094
0	0	1508	3.854e-05	0.00056438	0.00031594
0	0	1510	3.849e-05	0.0005535	0.00031061
0	0	1512	3.789e-05	0.00054353	0.00030507
0	0	1514	3.758e-05	0.00053289	0.00029961
0	0	1516	3.73e-05	0.00052237	0.00029503
0	0	1518	3.63e-05	0.00051261	0.00029059
0	0	1520	3.58e-05	0.0005025	0.00028542
0	0	1522	3.487e-05	0.0004925	0.00028049
0	0	1524	3.439e-05	0.00048273	0.00027562
0	0	1526	3.417e-05	0.0004733	0.00027165
0	0	1528	3.427e-05	0.00046412	0.00026731
0	0	1530	3.365e-05	0.00045493	0.00026245
0	0	1532	3.311e-05	0.00044598	0.00025859
0	0	1534	3.268e-05	0.00043715	0.0002548
0	0	1536	3.243e-05	0.00042844	0.00025049
0	0	1538	3.187e-05	0.00041979	0.00024592
0	0	1540	3.145e-05	0.00041159	0.00024191
0	0	1542	3.033e-05	0.00040308	0.00023845
0	0	1544	3.009e-05	0.00039506	0.00023446
0	0	1546	2.988e-05	0.000387	0.00023068
0	0	1548	2.878e-05	0.00037885	0.00022728
0	0	1550	2.844e-05	0.00037125	0.00022332
0	0	1552	2.819e-05	0.0003635	0.00021938
0	0	1554	2.775e-05	0.00035605	0.00021644
0	0	1556	2.7e-05	0.00034886	0.00021313
0	0	1558	2.662e-05	0.00034185	0.00020928
0	0	1560	2.662e-05	0.00033445	0.00020624
0	0	1562	2.622e-05	0.00032768	0.00020301
0	0	1564	2.59e-05	0.00032113	0.00020018
0	0	1566	2.509e-05	0.00031436	0.00019714
0	0	1568	2.432e-05	0.00030768	0.00019426
0	0	1570	2.412e-05	0.00030162	0.00019128
0	0	1572	2.386e-05	0.00029555	0.00018822
0	0	1574	2.303e-05	0.00028909	0.00018541
0	0	1576	2.294e-05	0.00028313	0.00018251
0	0	1578	2.276e-05	0.00027761	0.00017936
0	0	1580	2.212e-05	0.00027193	0.00017645
0	0	1582	2.106e-05	0.0002663	0.00017399
0	0	1584	2.077e-05	0.00026081	0.00017162
0	0	1586	2.038e-05	0.00025536	0.0001689
0	0	1588	1.967e-05	0.00025046	0.00016601
0	0	1590	1.949e-05	0.00024561	0.00016406
0	0	1592	1.908e-05	0.00024038	0.00016222
0	0	1594	1.878e-05	0.00023481	0.00015937
0	0	1596	1.849e-05	0.00023017	0.00015693
0	0	1598	1.739e-05	0.00022583	0.00015474
0	0	1600	1.664e-05	0.0002211	0.0001523
0	0	1602	1.66e-05	0.00021635	0.00015085
0	0	1604	1.655e-05	0.00021198	0.00014888
0	0	1606	1.674e-05	0.0002074	0.00014658
0	0	1608	1.648e-05	0.00020367	0.00014459
0	0	1610	1.559e-05	0.00019928	0.00014237
0	0	1612	1.445e-05	0.00019526	0.00014038
0	0	1614	1.394e-05	0.00019147	0.00013856
0	0	1616	1.376e-05	0.00018728	0.00013668
0	0	1618	1.308e-05	0.0001834	0.00013488
0	0	1620	1.24e-05	0.00018001	0.00013334
0	0	1622	1.227e-05	0.00017636	0.0001317
0	0	1624	1.207e-05	0.00017289	0.00012977
0	0	1626	1.199e-05	0.00016913	0.00012796
0	0	1628	1.167e-05	0.00016608	0.0001265
0	0	1630	1.091e-05	0.00016223	0.00012461
0	0	1632	1.055e-05	0.00015925	0.00012316
0	0	1634	9.64e-06	0.0001563	0.00012122
0	0	1636	9.46e-06	0.0001534	0.00011933
0	0	1638	9.03e-06	0.00015	0.00011802
0	0	1640	8.82e-06	0.00014644	0.00011622
0	0	1642	8.32e-06	0.00014348	0.00011447
0	0	1644	7.47e-06	0.00014113	0.00011349
0	0	1646	7.11e-06	0.00013811	0.00011159
0	0	1648	6.74e-06	0.00013527	0.00010983
0	0	1650	5.97e-06	0.00013259	0.00010869
