-4.500  +718.34     +2.53
-4.400 +1250.31     +2.41
-4.300 +1714.93     +2.84
-4.200 +2114.73     +2.54
-4.100 +2448.96     +2.64
-4.000 +2711.86     +2.46
-3.900 +2896.75     +2.72
-3.800 +2995.19     +2.65
-3.700 +2995.64     +2.24
-3.600 +2886.47     +2.85
-3.500 +2661.74     +3.34
-3.400 +2407.27     +3.49
-3.300 +2173.05     +3.02
-3.200 +1962.26     +3.30
-3.100 +1775.03     +3.28
-3.000 +1616.79     +3.29
-2.900 +1485.51     +3.70
-2.800 +1384.71     +3.04
-2.700 +1313.50     +3.42
-2.600 +1272.49     +2.88
-2.500 +1263.00     +3.69
-2.400 +1252.58     +3.06
-2.300 +1223.80     +3.13
-2.200 +1174.29     +3.83
-2.100 +1105.11     +3.22
-2.000 +1015.07     +3.20
-1.900  +921.69     +3.31
-1.800  +840.10     +3.98
-1.700  +770.05     +3.51
-1.600  +713.30     +4.12
-1.500  +661.04     +3.44
-1.400  +609.99     +4.06
-1.300  +555.95     +4.24
-1.200  +498.89     +3.73
-1.100  +442.03     +3.61
-1.000  +399.65     +3.91
-0.900  +369.60     +3.91
-0.800  +324.29     +3.73
-0.700  +278.11     +4.12
-0.600  +247.68     +3.66
-0.500  +207.37     +3.36
-0.400  +171.97     +3.66
-0.300  +142.24     +3.47
-0.200  +100.72     +3.91
-0.100   +77.91     +3.43
+0.000   +40.46     +2.97
+0.100    +1.54     +3.16
+0.200   -28.40     +2.57
+0.300   -69.82     +4.21
+0.400   -96.93     +4.17
+0.500  -138.90     +3.69
+0.600  -170.00     +3.54
+0.700  -209.21     +4.28
+0.800  -252.50     +4.18
+0.900  -290.92     +4.02
+1.000  -330.56     +4.35
+1.100  -370.23     +3.59
+1.200  -411.11     +4.25
+1.300  -459.34     +4.39
+1.400  -519.73     +3.88
+1.500  -591.27     +3.48
+1.600  -668.80     +3.04
+1.700  -727.30     +4.02
+1.800  -754.29     +3.72
+1.900  -756.37     +3.70
+2.000  -739.49     +4.01
+2.100  -775.81     +3.98
+2.200  -890.37     +3.14
+2.300 -1080.88     +3.07
+2.400 -1344.26     +3.33
+2.500 -1644.02     +3.92
+2.600 -1841.78     +3.62
+2.700 -1913.14     +3.22
+2.800 -1871.00     +2.98
+2.900 -1728.67     +3.34
+3.000 -1496.07     +2.77
+3.100 -1183.76     +3.62
+3.200  -797.73     +3.28
+3.300  -340.73     +3.20
+3.400  +185.92     +3.18
+3.500  +785.82     +3.49
