X[mm]	Y[mm]	Z[mm]	Bx[T]	By[T]	Bz[T]
----------------------------------------------------------------------------------------------------------------------------------------------------------------
0	0	-1650	5.55e-06	-0.0002394	-4.837e-05
0	0	-1648	5.59e-06	-0.00024425	-4.888e-05
0	0	-1646	5.64e-06	-0.00024885	-4.979e-05
0	0	-1644	5.53e-06	-0.0002534	-5.075e-05
0	0	-1642	5.51e-06	-0.00025856	-5.128e-05
0	0	-1640	5.56e-06	-0.00026373	-5.221e-05
0	0	-1638	5.96e-06	-0.00026855	-5.298e-05
0	0	-1636	5.7e-06	-0.00027355	-5.393e-05
0	0	-1634	6.31e-06	-0.00027849	-5.518e-05
0	0	-1632	5.98e-06	-0.00028407	-5.61e-05
0	0	-1630	6.07e-06	-0.00028976	-5.714e-05
0	0	-1628	6.07e-06	-0.00029527	-5.816e-05
0	0	-1626	6.35e-06	-0.00030076	-5.908e-05
0	0	-1624	6.65e-06	-0.00030682	-6.037e-05
0	0	-1622	6.79e-06	-0.00031285	-6.151e-05
0	0	-1620	6.48e-06	-0.00031883	-6.225e-05
0	0	-1618	6.66e-06	-0.00032488	-6.345e-05
0	0	-1616	6.77e-06	-0.00033124	-6.482e-05
0	0	-1614	6.93e-06	-0.00033826	-6.519e-05
0	0	-1612	6.81e-06	-0.00034441	-6.659e-05
0	0	-1610	6.63e-06	-0.00035097	-6.836e-05
0	0	-1608	7.18e-06	-0.00035794	-6.952e-05
0	0	-1606	6.96e-06	-0.00036465	-6.999e-05
0	0	-1604	7.45e-06	-0.00037172	-7.122e-05
0	0	-1602	8.22e-06	-0.00037898	-7.266e-05
0	0	-1600	7.97e-06	-0.0003864	-7.393e-05
0	0	-1598	7.62e-06	-0.00039392	-7.539e-05
0	0	-1596	7.86e-06	-0.00040142	-7.679e-05
0	0	-1594	7.86e-06	-0.00040951	-7.788e-05
0	0	-1592	7.96e-06	-0.00041731	-7.934e-05
0	0	-1590	8.03e-06	-0.00042556	-8.061e-05
0	0	-1588	7.91e-06	-0.00043414	-8.226e-05
0	0	-1586	8.3e-06	-0.00044234	-8.325e-05
0	0	-1584	8.29e-06	-0.00045082	-8.485e-05
0	0	-1582	8.29e-06	-0.00045985	-8.655e-05
0	0	-1580	8.54e-06	-0.00046884	-8.842e-05
0	0	-1578	8.53e-06	-0.0004776	-8.952e-05
0	0	-1576	8.79e-06	-0.00048646	-9.066e-05
0	0	-1574	8.83e-06	-0.00049627	-9.262e-05
0	0	-1572	9e-06	-0.00050585	-9.368e-05
0	0	-1570	9.36e-06	-0.00051549	-9.555e-05
0	0	-1568	9.33e-06	-0.00052513	-9.723e-05
0	0	-1566	9.62e-06	-0.0005349	-9.867e-05
0	0	-1564	1.006e-05	-0.00054515	-0.00010065
0	0	-1562	1.062e-05	-0.00055597	-0.00010287
0	0	-1560	1.052e-05	-0.00056644	-0.00010465
0	0	-1558	1.054e-05	-0.00057741	-0.00010622
0	0	-1556	1.064e-05	-0.00058815	-0.00010808
0	0	-1554	1.093e-05	-0.00059952	-0.00011018
0	0	-1552	1.083e-05	-0.00061067	-0.00011191
0	0	-1550	1.119e-05	-0.00062204	-0.00011407
0	0	-1548	1.196e-05	-0.00063385	-0.00011542
0	0	-1546	1.182e-05	-0.00064636	-0.00011742
0	0	-1544	1.139e-05	-0.00065875	-0.00011943
0	0	-1542	1.127e-05	-0.00067048	-0.00012105
0	0	-1540	1.194e-05	-0.00068286	-0.000123
0	0	-1538	1.167e-05	-0.00069548	-0.00012523
0	0	-1536	1.201e-05	-0.00070826	-0.00012763
0	0	-1534	1.243e-05	-0.00072157	-0.00012986
0	0	-1532	1.26e-05	-0.00073446	-0.0001325
0	0	-1530	1.257e-05	-0.00074829	-0.00013466
0	0	-1528	1.329e-05	-0.00076182	-0.00013714
0	0	-1526	1.334e-05	-0.00077538	-0.00013944
0	0	-1524	1.364e-05	-0.00078924	-0.00014154
0	0	-1522	1.398e-05	-0.00080332	-0.0001436
0	0	-1520	1.468e-05	-0.0008181	-0.00014637
0	0	-1518	1.501e-05	-0.00083262	-0.00014856
0	0	-1516	1.444e-05	-0.00084736	-0.00015141
0	0	-1514	1.443e-05	-0.00086239	-0.00015385
0	0	-1512	1.519e-05	-0.00087749	-0.00015594
0	0	-1510	1.556e-05	-0.00089342	-0.00015872
0	0	-1508	1.573e-05	-0.00090878	-0.00016162
0	0	-1506	1.579e-05	-0.00092443	-0.00016388
0	0	-1504	1.493e-05	-0.00094025	-0.00016706
0	0	-1502	1.575e-05	-0.00095588	-0.00016989
0	0	-1500	1.597e-05	-0.00097203	-0.00017284
0	0	-1498	1.589e-05	-0.00098882	-0.00017589
0	0	-1496	1.598e-05	-0.00100585	-0.00017784
0	0	-1494	1.576e-05	-0.00102299	-0.00018048
0	0	-1492	1.61e-05	-0.00103998	-0.00018338
0	0	-1490	1.619e-05	-0.0010575	-0.00018594
0	0	-1488	1.668e-05	-0.00107568	-0.00018869
0	0	-1486	1.688e-05	-0.00109417	-0.00019147
0	0	-1484	1.667e-05	-0.00111281	-0.00019398
0	0	-1482	1.635e-05	-0.00113162	-0.00019721
0	0	-1480	1.644e-05	-0.0011511	-0.0001994
0	0	-1478	1.641e-05	-0.0011713	-0.00020212
0	0	-1476	1.684e-05	-0.00119123	-0.00020445
0	0	-1474	1.662e-05	-0.0012121	-0.00020736
0	0	-1472	1.633e-05	-0.00123406	-0.00020997
0	0	-1470	1.665e-05	-0.00125635	-0.00021261
0	0	-1468	1.606e-05	-0.00127998	-0.00021558
0	0	-1466	1.585e-05	-0.00130471	-0.00021864
0	0	-1464	1.594e-05	-0.00133073	-0.00022077
0	0	-1462	1.594e-05	-0.00135688	-0.00022267
0	0	-1460	1.495e-05	-0.00138539	-0.00022508
0	0	-1458	1.49e-05	-0.0014159	-0.00022733
0	0	-1456	1.502e-05	-0.00144834	-0.00022901
0	0	-1454	1.416e-05	-0.00148264	-0.00023071
0	0	-1452	1.36e-05	-0.00152044	-0.00023279
0	0	-1450	1.319e-05	-0.00156133	-0.00023501
0	0	-1448	1.253e-05	-0.00160553	-0.0002366
0	0	-1446	1.202e-05	-0.00165457	-0.0002373
0	0	-1444	1.145e-05	-0.0017086	-0.00023758
0	0	-1442	1.066e-05	-0.00176955	-0.00023836
0	0	-1440	9.82e-06	-0.00183699	-0.0002392
0	0	-1438	8.79e-06	-0.00191283	-0.00023932
0	0	-1436	8.32e-06	-0.00199963	-0.00023913
0	0	-1434	7.18e-06	-0.00209759	-0.0002379
0	0	-1432	6.3e-06	-0.00221028	-0.0002368
0	0	-1430	5.58e-06	-0.00233968	-0.00023507
0	0	-1428	4.51e-06	-0.00248892	-0.00023234
0	0	-1426	3.23e-06	-0.00266173	-0.00022927
0	0	-1424	1.54e-06	-0.00286214	-0.00022531
0	0	-1422	1.8e-07	-0.00309246	-0.00021963
0	0	-1420	-1.17e-06	-0.00335704	-0.00021224
0	0	-1418	-3.07e-06	-0.00365531	-0.00020457
0	0	-1416	-5.44e-06	-0.00398197	-0.00019426
0	0	-1414	-7.21e-06	-0.00432731	-0.00018163
0	0	-1412	-8.99e-06	-0.00467376	-0.00016663
0	0	-1410	-1.075e-05	-0.0049979	-0.00014883
0	0	-1408	-1.273e-05	-0.00527915	-0.00012818
0	0	-1406	-1.42e-05	-0.00550602	-0.0001069
0	0	-1404	-1.554e-05	-0.0056767	-8.632e-05
0	0	-1402	-1.712e-05	-0.00579869	-6.754e-05
0	0	-1400	-1.809e-05	-0.00588236	-5.084e-05
0	0	-1398	-1.854e-05	-0.00593852	-3.571e-05
0	0	-1396	-1.934e-05	-0.005975	-2.352e-05
0	0	-1394	-2.05e-05	-0.00599953	-1.313e-05
0	0	-1392	-2.067e-05	-0.00601586	-4.66e-06
0	0	-1390	-2.138e-05	-0.00602649	2.15e-06
0	0	-1388	-2.211e-05	-0.00603302	8.47e-06
0	0	-1386	-2.25e-05	-0.00603688	1.387e-05
0	0	-1384	-2.281e-05	-0.00603884	1.871e-05
0	0	-1382	-2.319e-05	-0.00603942	2.316e-05
0	0	-1380	-2.339e-05	-0.00603777	2.737e-05
0	0	-1378	-2.302e-05	-0.00603457	3.138e-05
0	0	-1376	-2.357e-05	-0.00602919	3.553e-05
0	0	-1374	-2.36e-05	-0.00602222	3.982e-05
0	0	-1372	-2.381e-05	-0.00601319	4.428e-05
0	0	-1370	-2.436e-05	-0.00600127	4.863e-05
0	0	-1368	-2.448e-05	-0.00598759	5.261e-05
0	0	-1366	-2.448e-05	-0.00597257	5.693e-05
0	0	-1364	-2.521e-05	-0.0059586	6.202e-05
0	0	-1362	-2.604e-05	-0.00595199	6.837e-05
0	0	-1360	-2.639e-05	-0.00596335	7.529e-05
0	0	-1358	-2.688e-05	-0.0060051	8.322e-05
0	0	-1356	-2.761e-05	-0.00608967	9.294e-05
0	0	-1354	-2.9e-05	-0.00622629	0.00010355
0	0	-1352	-3.059e-05	-0.00641664	0.00011611
0	0	-1350	-3.248e-05	-0.00665824	0.00013027
0	0	-1348	-3.446e-05	-0.00694277	0.00014649
0	0	-1346	-3.649e-05	-0.0072604	0.00016417
0	0	-1344	-3.843e-05	-0.00760095	0.00018378
0	0	-1342	-4.068e-05	-0.00795474	0.00020548
0	0	-1340	-4.31e-05	-0.00831389	0.00022886
0	0	-1338	-4.462e-05	-0.00866962	0.00025415
0	0	-1336	-4.664e-05	-0.00901549	0.00028075
0	0	-1334	-4.865e-05	-0.00934551	0.00030838
0	0	-1332	-5.01e-05	-0.00965295	0.00033761
0	0	-1330	-5.212e-05	-0.0099331	0.00036737
0	0	-1328	-5.325e-05	-0.010181	0.00039772
0	0	-1326	-5.386e-05	-0.0103911	0.00042841
0	0	-1324	-5.436e-05	-0.0105601	0.00045936
0	0	-1322	-5.477e-05	-0.0106831	0.00048994
0	0	-1320	-5.481e-05	-0.0107555	0.00052096
0	0	-1318	-5.435e-05	-0.0107744	0.00055146
0	0	-1316	-5.4e-05	-0.0107355	0.00058053
0	0	-1314	-5.309e-05	-0.0106345	0.00060874
0	0	-1312	-5.136e-05	-0.0104676	0.00063533
0	0	-1310	-4.923e-05	-0.0102317	0.00066058
0	0	-1308	-4.684e-05	-0.00992405	0.00068464
0	0	-1306	-4.436e-05	-0.00954088	0.00070715
0	0	-1304	-4.07e-05	-0.00907905	0.00072762
0	0	-1302	-3.719e-05	-0.00853651	0.00074589
0	0	-1300	-3.324e-05	-0.0079112	0.00076252
0	0	-1298	-2.827e-05	-0.00720054	0.00077669
0	0	-1296	-2.256e-05	-0.00640346	0.00078914
0	0	-1294	-1.657e-05	-0.00551814	0.00079922
0	0	-1292	-1.081e-05	-0.00454463	0.00080775
0	0	-1290	-4.4e-06	-0.00348211	0.00081391
0	0	-1288	2.89e-06	-0.00233112	0.00081813
0	0	-1286	1.036e-05	-0.00109291	0.00082068
0	0	-1284	1.857e-05	0.00023195	0.00082152
0	0	-1282	2.711e-05	0.00164076	0.00082114
0	0	-1280	3.633e-05	0.00313144	0.0008196
0	0	-1278	4.577e-05	0.00469872	0.00081721
0	0	-1276	5.53e-05	0.00634007	0.00081375
0	0	-1274	6.53e-05	0.00805065	0.0008095
0	0	-1272	7.568e-05	0.00982419	0.00080539
0	0	-1270	8.578e-05	0.0116541	0.00080063
0	0	-1268	9.672e-05	0.0135338	0.00079617
0	0	-1266	0.00010763	0.0154552	0.00079196
0	0	-1264	0.00011828	0.0174105	0.00078868
0	0	-1262	0.00012934	0.0193903	0.00078586
0	0	-1260	0.00014078	0.0213852	0.00078362
0	0	-1258	0.00015134	0.0233848	0.00078223
0	0	-1256	0.00016193	0.0253783	0.00078269
0	0	-1254	0.00017202	0.0273553	0.00078375
0	0	-1252	0.00018254	0.0293043	0.00078565
0	0	-1250	0.00019244	0.031213	0.0007894
0	0	-1248	0.00020193	0.0330698	0.00079448
0	0	-1246	0.00021136	0.034863	0.00080085
0	0	-1244	0.00021953	0.0365808	0.00080796
0	0	-1242	0.00022722	0.0382116	0.00081696
0	0	-1240	0.00023431	0.0397427	0.00082632
0	0	-1238	0.00024101	0.0411634	0.00083677
0	0	-1236	0.0002468	0.0424626	0.00084781
0	0	-1234	0.00025138	0.0436296	0.00085953
0	0	-1232	0.00025522	0.0446543	0.00087153
0	0	-1230	0.00025832	0.0455267	0.0008836
0	0	-1228	0.00026098	0.046239	0.00089543
0	0	-1226	0.0002616	0.0467833	0.00090732
0	0	-1224	0.00026162	0.0471511	0.00091898
0	0	-1222	0.00026065	0.0473376	0.00092965
0	0	-1220	0.00025854	0.0473364	0.00093891
0	0	-1218	0.00025562	0.0471443	0.00094728
0	0	-1216	0.00025178	0.0467573	0.00095498
0	0	-1214	0.00024571	0.0461733	0.0009606
0	0	-1212	0.00023899	0.0453916	0.00096436
0	0	-1210	0.00023177	0.0444127	0.00096617
0	0	-1208	0.00022307	0.0432367	0.0009653
0	0	-1206	0.00021298	0.0418665	0.00096244
0	0	-1204	0.00020189	0.040305	0.00095708
0	0	-1202	0.0001896	0.0385576	0.00094901
0	0	-1200	0.00017722	0.036629	0.0009376
0	0	-1198	0.00016351	0.0345258	0.00092382
0	0	-1196	0.00014857	0.0322557	0.00090719
0	0	-1194	0.00013272	0.0298278	0.00088772
0	0	-1192	0.00011693	0.0272515	0.00086564
0	0	-1190	0.00010048	0.024537	0.00083995
0	0	-1188	8.306e-05	0.0216954	0.00081142
0	0	-1186	6.476e-05	0.0187376	0.00078033
0	0	-1184	4.614e-05	0.015677	0.00074621
0	0	-1182	2.727e-05	0.0125265	0.00070967
0	0	-1180	8.26e-06	0.00929989	0.00067026
0	0	-1178	-1.138e-05	0.00601173	0.00062816
0	0	-1176	-3.08e-05	0.00267579	0.00058408
0	0	-1174	-5.044e-05	-0.0006932	0.00053763
0	0	-1172	-6.993e-05	-0.00407903	0.00048937
0	0	-1170	-8.907e-05	-0.0074672	0.00043914
0	0	-1168	-0.00010847	-0.0108422	0.00038732
0	0	-1166	-0.00012807	-0.0141881	0.00033429
0	0	-1164	-0.00014634	-0.0174902	0.00027959
0	0	-1162	-0.00016434	-0.0207328	0.00022488
0	0	-1160	-0.00018216	-0.0239007	0.0001682
0	0	-1158	-0.00019954	-0.0269791	0.00011085
0	0	-1156	-0.00021582	-0.0299538	5.387e-05
0	0	-1154	-0.00023093	-0.0328104	-2.95e-06
0	0	-1152	-0.0002458	-0.0355348	-6.062e-05
0	0	-1150	-0.00026011	-0.0381149	-0.00011699
0	0	-1148	-0.00027287	-0.0405379	-0.00017258
0	0	-1146	-0.00028524	-0.0427916	-0.00022794
0	0	-1144	-0.00029605	-0.0448658	-0.00028215
0	0	-1142	-0.00030546	-0.0467497	-0.00033536
0	0	-1140	-0.00031364	-0.0484333	-0.00038674
0	0	-1138	-0.00032132	-0.0499095	-0.0004369
0	0	-1136	-0.00032792	-0.0511702	-0.00048541
0	0	-1134	-0.00033265	-0.0522093	-0.00053087
0	0	-1132	-0.00033656	-0.0530219	-0.00057448
0	0	-1130	-0.00033877	-0.0536026	-0.0006169
0	0	-1128	-0.00033998	-0.053949	-0.00065618
0	0	-1126	-0.00034019	-0.0540585	-0.00069263
0	0	-1124	-0.00033924	-0.0539309	-0.00072683
0	0	-1122	-0.00033633	-0.0535661	-0.00075858
0	0	-1120	-0.00033296	-0.0529657	-0.0007869
0	0	-1118	-0.0003286	-0.0521328	-0.00081249
0	0	-1116	-0.00032209	-0.0510697	-0.00083499
0	0	-1114	-0.00031472	-0.0497832	-0.0008545
0	0	-1112	-0.00030646	-0.0482779	-0.00087146
0	0	-1110	-0.00029717	-0.046561	-0.00088525
0	0	-1108	-0.00028725	-0.0446414	-0.00089497
0	0	-1106	-0.00027599	-0.0425271	-0.00090242
0	0	-1104	-0.00026414	-0.0402292	-0.00090694
0	0	-1102	-0.00025169	-0.0377582	-0.0009077
0	0	-1100	-0.00023765	-0.035125	-0.00090552
0	0	-1098	-0.00022324	-0.0323428	-0.00090062
0	0	-1096	-0.00020856	-0.0294251	-0.00089257
0	0	-1094	-0.00019291	-0.026385	-0.00088083
0	0	-1092	-0.00017711	-0.0232363	-0.000867
0	0	-1090	-0.00016114	-0.019996	-0.00085009
0	0	-1088	-0.0001449	-0.0166781	-0.00083046
0	0	-1086	-0.00012805	-0.013298	-0.0008086
0	0	-1084	-0.000112	-0.00987214	-0.00078419
0	0	-1082	-9.483e-05	-0.00641701	-0.00075694
0	0	-1080	-7.789e-05	-0.00294824	-0.00072656
0	0	-1078	-6.173e-05	0.00051735	-0.00069399
0	0	-1076	-4.538e-05	0.0039642	-0.00066017
0	0	-1074	-2.958e-05	0.00737448	-0.00062421
0	0	-1072	-1.393e-05	0.0107332	-0.00058546
0	0	-1070	8.9e-07	0.0140235	-0.00054552
0	0	-1068	1.541e-05	0.0172308	-0.00050415
0	0	-1066	2.936e-05	0.0203397	-0.00046074
0	0	-1064	4.279e-05	0.0233349	-0.00041632
0	0	-1062	5.513e-05	0.0262027	-0.00037043
0	0	-1060	6.7e-05	0.0289285	-0.00032388
0	0	-1058	7.768e-05	0.0315007	-0.00027658
0	0	-1056	8.733e-05	0.0339059	-0.00022938
0	0	-1054	9.642e-05	0.0361328	-0.00018066
0	0	-1052	0.00010474	0.0381719	-0.00013187
0	0	-1050	0.0001115	0.0400119	-8.476e-05
0	0	-1048	0.00011755	0.0416443	-3.709e-05
0	0	-1046	0.00012239	0.0430621	1.017e-05
0	0	-1044	0.00012675	0.0442582	5.592e-05
0	0	-1042	0.00012947	0.045227	0.00010085
0	0	-1040	0.00013066	0.0459638	0.00014459
0	0	-1038	0.00013083	0.0464652	0.00018635
0	0	-1036	0.00012982	0.0467287	0.00022662
0	0	-1034	0.00012798	0.046754	0.00026523
0	0	-1032	0.0001253	0.0465408	0.00030118
0	0	-1030	0.00012064	0.0460898	0.00033467
0	0	-1028	0.00011567	0.0454049	0.00036643
0	0	-1026	0.00010988	0.044489	0.00039496
0	0	-1024	0.00010212	0.0433467	0.00042044
0	0	-1022	9.38e-05	0.0419836	0.00044383
0	0	-1020	8.493e-05	0.0404074	0.00046279
0	0	-1018	7.489e-05	0.0386254	0.00047947
0	0	-1016	6.381e-05	0.0366473	0.00049326
0	0	-1014	5.151e-05	0.0344827	0.00050338
0	0	-1012	3.875e-05	0.0321422	0.00051008
0	0	-1010	2.606e-05	0.029638	0.00051384
0	0	-1008	1.233e-05	0.0269822	0.00051351
0	0	-1006	-2.1e-06	0.0241878	0.00050945
0	0	-1004	-1.69e-05	0.021269	0.00050252
0	0	-1002	-3.17e-05	0.01824	0.00049255
0	0	-1000	-4.715e-05	0.0151156	0.00047894
0	0	-998	-6.278e-05	0.0119115	0.00046203
0	0	-996	-7.786e-05	0.00864278	0.00044249
0	0	-994	-9.382e-05	0.00532634	0.0004194
0	0	-992	-0.0001098	0.00197816	0.00039437
0	0	-990	-0.0001257	-0.00138629	0.00036585
0	0	-988	-0.00014162	-0.00475037	0.00033541
0	0	-986	-0.00015674	-0.00809736	0.00030229
0	0	-984	-0.00017186	-0.0114097	0.00026691
0	0	-982	-0.00018628	-0.0146721	0.0002297
0	0	-980	-0.00019961	-0.0178695	0.00019101
0	0	-978	-0.00021361	-0.0209856	0.00015002
0	0	-976	-0.00022709	-0.0240046	0.00010802
0	0	-974	-0.00023898	-0.0269119	6.461e-05
0	0	-972	-0.00025057	-0.0296937	2.045e-05
0	0	-970	-0.00026128	-0.0323355	-2.421e-05
0	0	-968	-0.00027138	-0.0348247	-6.904e-05
0	0	-966	-0.00028031	-0.0371488	-0.00011403
0	0	-964	-0.00028806	-0.0392969	-0.00015982
0	0	-962	-0.00029471	-0.0412568	-0.00020504
0	0	-960	-0.00030055	-0.0430203	-0.00024972
0	0	-958	-0.00030566	-0.0445776	-0.00029335
0	0	-956	-0.00030932	-0.0459219	-0.0003363
0	0	-954	-0.00031175	-0.0470449	-0.00037773
0	0	-952	-0.00031326	-0.0479418	-0.00041812
0	0	-950	-0.00031341	-0.0486084	-0.00045688
0	0	-948	-0.00031223	-0.0490394	-0.00049308
0	0	-946	-0.0003103	-0.049234	-0.00052783
0	0	-944	-0.00030701	-0.0491918	-0.00055999
0	0	-942	-0.00030313	-0.0489115	-0.00059002
0	0	-940	-0.00029759	-0.0483953	-0.00061752
0	0	-938	-0.00029042	-0.0476454	-0.00064166
0	0	-936	-0.00028315	-0.0466646	-0.00066358
0	0	-934	-0.00027418	-0.0454596	-0.00068277
0	0	-932	-0.00026422	-0.0440347	-0.00069815
0	0	-930	-0.00025381	-0.0423961	-0.00071091
0	0	-928	-0.00024208	-0.0405541	-0.0007209
0	0	-926	-0.0002292	-0.0385167	-0.00072754
0	0	-924	-0.00021566	-0.0362929	-0.00073058
0	0	-922	-0.00020245	-0.0338946	-0.0007306
0	0	-920	-0.00018768	-0.0313336	-0.00072759
0	0	-918	-0.00017233	-0.0286219	-0.00072158
0	0	-916	-0.00015604	-0.0257728	-0.00071176
0	0	-914	-0.00014032	-0.0227999	-0.0007001
0	0	-912	-0.00012335	-0.0197176	-0.00068464
0	0	-910	-0.00010603	-0.0165414	-0.00066616
0	0	-908	-8.936e-05	-0.0132859	-0.00064523
0	0	-906	-7.171e-05	-0.00996697	-0.00062133
0	0	-904	-5.45e-05	-0.00660095	-0.0005953
0	0	-902	-3.719e-05	-0.0032041	-0.00056613
0	0	-900	-1.991e-05	0.00020761	-0.00053465
0	0	-898	-3.07e-06	0.00361825	-0.00050182
0	0	-896	1.336e-05	0.00701099	-0.00046713
0	0	-894	2.997e-05	0.010369	-0.00043009
0	0	-892	4.623e-05	0.0136758	-0.00039152
0	0	-890	6.175e-05	0.0169163	-0.00035174
0	0	-888	7.671e-05	0.0200749	-0.00031081
0	0	-886	9.142e-05	0.0231359	-0.00026876
0	0	-884	0.00010432	0.0260846	-0.00022624
0	0	-882	0.00011697	0.0289075	-0.00018249
0	0	-880	0.00012942	0.0315896	-0.00013866
0	0	-878	0.00014035	0.0341184	-9.441e-05
0	0	-876	0.00014972	0.0364815	-5.089e-05
0	0	-874	0.00015853	0.0386672	-7.58e-06
0	0	-872	0.0001667	0.0406656	3.504e-05
0	0	-870	0.00017355	0.0424664	7.701e-05
0	0	-868	0.00017868	0.0440602	0.00011786
0	0	-866	0.00018326	0.0454402	0.0001573
0	0	-864	0.00018657	0.0465989	0.00019548
0	0	-862	0.00018829	0.0475305	0.00023229
0	0	-860	0.00018966	0.0482307	0.00026682
0	0	-858	0.00018906	0.0486968	0.00030018
0	0	-856	0.00018713	0.0489259	0.00033089
0	0	-854	0.00018411	0.048916	0.00035926
0	0	-852	0.0001805	0.0486683	0.00038529
0	0	-850	0.00017591	0.0481839	0.0004087
0	0	-848	0.00016907	0.0474654	0.00042908
0	0	-846	0.00016114	0.0465162	0.00044676
0	0	-844	0.00015276	0.0453405	0.00046192
0	0	-842	0.0001429	0.0439451	0.00047396
0	0	-840	0.00013233	0.0423359	0.00048264
0	0	-838	0.00012077	0.0405217	0.00048869
0	0	-836	0.00010841	0.0385116	0.00049153
0	0	-834	9.531e-05	0.0363146	0.00049121
0	0	-832	8.165e-05	0.0339429	0.00048829
0	0	-830	6.645e-05	0.0314077	0.0004822
0	0	-828	5.091e-05	0.0287209	0.00047253
0	0	-826	3.542e-05	0.0258956	0.00046013
0	0	-824	1.945e-05	0.0229457	0.00044515
0	0	-822	2.36e-06	0.0198865	0.00042716
0	0	-820	-1.419e-05	0.0167324	0.00040665
0	0	-818	-3.128e-05	0.013498	0.00038324
0	0	-816	-4.953e-05	0.0101998	0.00035769
0	0	-814	-6.7e-05	0.00685399	0.00032996
0	0	-812	-8.372e-05	0.00347636	0.00030011
0	0	-810	-0.00010123	8.375e-05	0.0002684
0	0	-808	-0.000118	-0.00330862	0.00023435
0	0	-806	-0.000135	-0.00668318	0.00019871
0	0	-804	-0.00015117	-0.0100233	0.0001616
0	0	-802	-0.00016693	-0.0133136	0.00012281
0	0	-800	-0.00018253	-0.016538	8.291e-05
0	0	-798	-0.00019762	-0.0196807	4.257e-05
0	0	-796	-0.00021159	-0.0227257	1.36e-06
0	0	-794	-0.00022511	-0.0256593	-3.993e-05
0	0	-792	-0.0002379	-0.0284676	-8.171e-05
0	0	-790	-0.00024928	-0.0311361	-0.00012401
0	0	-788	-0.0002601	-0.0336504	-0.00016627
0	0	-786	-0.00026972	-0.0360001	-0.000208
0	0	-784	-0.00027811	-0.038173	-0.00024896
0	0	-782	-0.00028582	-0.0401581	-0.00028873
0	0	-780	-0.00029188	-0.0419462	-0.00032764
0	0	-778	-0.00029682	-0.0435294	-0.00036586
0	0	-776	-0.00030094	-0.0448974	-0.00040246
0	0	-774	-0.0003039	-0.0460452	-0.00043747
0	0	-772	-0.00030527	-0.0469666	-0.00047049
0	0	-770	-0.00030531	-0.0476567	-0.00050132
0	0	-768	-0.00030444	-0.0481122	-0.00053001
0	0	-766	-0.00030231	-0.0483315	-0.00055662
0	0	-764	-0.00029865	-0.0483129	-0.00058087
0	0	-762	-0.00029378	-0.0480569	-0.00060207
0	0	-760	-0.0002867	-0.0475646	-0.00062059
0	0	-758	-0.00027856	-0.0468373	-0.00063575
0	0	-756	-0.00026982	-0.0458805	-0.00064855
0	0	-754	-0.00025978	-0.0446982	-0.00065854
0	0	-752	-0.00024836	-0.0432958	-0.00066518
0	0	-750	-0.00023609	-0.0416805	-0.00066924
0	0	-748	-0.00022209	-0.0398615	-0.00066931
0	0	-746	-0.0002074	-0.0378459	-0.00066621
0	0	-744	-0.00019171	-0.0356445	-0.00066029
0	0	-742	-0.00017531	-0.0332682	-0.00065073
0	0	-740	-0.00015802	-0.0307282	-0.00063802
0	0	-738	-0.00013879	-0.0280371	-0.0006224
0	0	-736	-0.00011961	-0.0252084	-0.00060347
0	0	-734	-0.00010071	-0.0222554	-0.00058171
0	0	-732	-8.039e-05	-0.0191931	-0.00055756
0	0	-730	-5.889e-05	-0.016036	-0.0005308
0	0	-728	-3.744e-05	-0.0127987	-0.00050007
0	0	-726	-1.612e-05	-0.00949858	-0.00046664
0	0	-724	5.3e-06	-0.00615034	-0.0004316
0	0	-722	2.71e-05	-0.00277086	-0.00039456
0	0	-720	4.93e-05	0.0006243	-0.00035522
0	0	-718	7.121e-05	0.00401815	-0.00031376
0	0	-716	9.318e-05	0.007394	-0.00026997
0	0	-714	0.00011492	0.0107362	-0.00022437
0	0	-712	0.00013624	0.0140287	-0.00017793
0	0	-710	0.00015671	0.0172545	-0.00012993
0	0	-708	0.00017656	0.0203988	-8.091e-05
0	0	-706	0.00019664	0.023446	-3.095e-05
0	0	-704	0.0002158	0.0263817	1.95e-05
0	0	-702	0.00023367	0.0291916	7.055e-05
0	0	-700	0.00025116	0.0318607	0.00012216
0	0	-698	0.00026832	0.034376	0.00017342
0	0	-696	0.00028326	0.036727	0.00022405
0	0	-694	0.00029775	0.0389018	0.00027475
0	0	-692	0.00031186	0.0408883	0.00032426
0	0	-690	0.00032453	0.042677	0.00037331
0	0	-688	0.00033552	0.0442603	0.00042133
0	0	-686	0.00034537	0.0456295	0.00046799
0	0	-684	0.0003544	0.0467779	0.00051324
0	0	-682	0.0003615	0.0476994	0.00055611
0	0	-680	0.00036775	0.0483905	0.00059712
0	0	-678	0.00037327	0.0488463	0.00063605
0	0	-676	0.00037658	0.0490648	0.0006733
0	0	-674	0.00037853	0.0490459	0.00070748
0	0	-672	0.00037958	0.0487889	0.00073853
0	0	-670	0.00037921	0.048295	0.00076789
0	0	-668	0.0003774	0.0475672	0.00079382
0	0	-666	0.00037437	0.0466087	0.00081639
0	0	-664	0.0003704	0.0454245	0.00083668
0	0	-662	0.0003647	0.04402	0.00085313
0	0	-660	0.0003577	0.0424027	0.00086674
0	0	-658	0.00035006	0.0405797	0.00087667
0	0	-656	0.00034171	0.0385603	0.00088358
0	0	-654	0.00033182	0.0363551	0.00088757
0	0	-652	0.00032086	0.0339744	0.00088807
0	0	-650	0.00030916	0.0314299	0.00088543
0	0	-648	0.00029619	0.028734	0.00087896
0	0	-646	0.00028267	0.0258994	0.00086923
0	0	-644	0.00026912	0.0229406	0.00085689
0	0	-642	0.00025483	0.0198718	0.00084136
0	0	-640	0.00023923	0.0167078	0.00082259
0	0	-638	0.00022384	0.0134637	0.00080101
0	0	-636	0.00020818	0.0101562	0.00077644
0	0	-634	0.00019183	0.00680005	0.00074974
0	0	-632	0.0001756	0.00341157	0.00072016
0	0	-630	0.00015975	7.31e-06	0.00068788
0	0	-628	0.00014366	-0.00339609	0.00065389
0	0	-626	0.00012664	-0.00678178	0.00061815
0	0	-624	0.00011087	-0.0101346	0.00057945
0	0	-622	9.502e-05	-0.0134374	0.00053971
0	0	-620	7.957e-05	-0.0166743	0.0004988
0	0	-618	6.528e-05	-0.0198295	0.00045604
0	0	-616	5.102e-05	-0.0228886	0.00041264
0	0	-614	3.699e-05	-0.0258367	0.00036842
0	0	-612	2.374e-05	-0.0286585	0.00032301
0	0	-610	1.156e-05	-0.0313399	0.00027728
0	0	-608	9.2e-07	-0.0338691	0.00023138
0	0	-606	-9.45e-06	-0.0362343	0.00018534
0	0	-604	-1.912e-05	-0.0384227	0.00013958
0	0	-602	-2.791e-05	-0.040423	9.465e-05
0	0	-600	-3.558e-05	-0.0422268	4.982e-05
0	0	-598	-4.212e-05	-0.043825	5.86e-06
0	0	-596	-4.712e-05	-0.0452093	-3.643e-05
0	0	-594	-5.104e-05	-0.0463725	-7.791e-05
0	0	-592	-5.396e-05	-0.0473095	-0.00011788
0	0	-590	-5.5e-05	-0.0480155	-0.00015673
0	0	-588	-5.588e-05	-0.0484869	-0.00019332
0	0	-586	-5.555e-05	-0.048722	-0.00022756
0	0	-584	-5.286e-05	-0.0487186	-0.00026082
0	0	-582	-4.906e-05	-0.0484782	-0.00029168
0	0	-580	-4.478e-05	-0.0480007	-0.00032011
0	0	-578	-3.955e-05	-0.0472893	-0.0003454
0	0	-576	-3.227e-05	-0.0463472	-0.00036885
0	0	-574	-2.349e-05	-0.0451796	-0.00038956
0	0	-572	-1.511e-05	-0.0437916	-0.00040778
0	0	-570	-4.66e-06	-0.0421898	-0.00042317
0	0	-568	6.71e-06	-0.0403832	-0.00043577
0	0	-566	1.883e-05	-0.0383814	-0.00044606
0	0	-564	3.239e-05	-0.0361923	-0.00045265
0	0	-562	4.703e-05	-0.0338271	-0.00045707
0	0	-560	6.194e-05	-0.0312991	-0.00045871
0	0	-558	7.772e-05	-0.0286195	-0.00045711
0	0	-556	9.406e-05	-0.0258007	-0.00045317
0	0	-554	0.00011079	-0.0228576	-0.00044638
0	0	-552	0.00012841	-0.0198044	-0.00043682
0	0	-550	0.00014584	-0.0166558	-0.00042548
0	0	-548	0.00016456	-0.0134272	-0.00041137
0	0	-546	0.00018351	-0.0101341	-0.00039435
0	0	-544	0.00020184	-0.00679265	-0.00037603
0	0	-542	0.00022027	-0.00341838	-0.00035534
0	0	-540	0.00023844	-2.785e-05	-0.0003321
0	0	-538	0.00025733	0.00336195	-0.00030733
0	0	-536	0.000276	0.00673462	-0.00028084
0	0	-534	0.00029415	0.0100741	-0.00025228
0	0	-532	0.00031216	0.0133645	-0.00022297
0	0	-530	0.00032932	0.0165896	-0.00019228
0	0	-528	0.00034585	0.0197338	-0.00015989
0	0	-526	0.00036239	0.0227822	-0.00012659
0	0	-524	0.00037824	0.0257198	-9.254e-05
0	0	-522	0.00039306	0.0285317	-5.794e-05
0	0	-520	0.00040758	0.0312046	-2.344e-05
0	0	-518	0.00042123	0.0337256	1.237e-05
0	0	-516	0.00043364	0.0360821	4.73e-05
0	0	-514	0.00044523	0.0382626	8.237e-05
0	0	-512	0.00045535	0.0402564	0.00011757
0	0	-510	0.00046406	0.0420536	0.00015157
0	0	-508	0.00047239	0.0436455	0.00018507
0	0	-506	0.00047957	0.0450242	0.00021725
0	0	-504	0.00048562	0.0461831	0.00024916
0	0	-502	0.00048999	0.0471156	0.00028011
0	0	-500	0.00049305	0.0478181	0.00030853
0	0	-498	0.00049572	0.0482864	0.00033563
0	0	-496	0.00049663	0.0485189	0.00036143
0	0	-494	0.00049682	0.0485133	0.00038493
0	0	-492	0.00049562	0.0482703	0.00040657
0	0	-490	0.00049273	0.047791	0.00042618
0	0	-488	0.00048882	0.0470785	0.00044399
0	0	-486	0.00048383	0.0461355	0.00045928
0	0	-484	0.00047794	0.0449664	0.00047171
0	0	-482	0.00047049	0.0435781	0.00048197
0	0	-480	0.00046179	0.0419768	0.00049022
0	0	-478	0.00045245	0.0401704	0.00049566
0	0	-476	0.00044201	0.0381678	0.00049812
0	0	-474	0.00043058	0.0359787	0.00049751
0	0	-472	0.00041844	0.0336139	0.00049506
0	0	-470	0.00040508	0.0310856	0.00049051
0	0	-468	0.00039164	0.0284056	0.00048289
0	0	-466	0.0003776	0.025588	0.00047226
0	0	-464	0.00036269	0.0226452	0.0004598
0	0	-462	0.00034663	0.0195917	0.00044491
0	0	-460	0.00033034	0.0164426	0.00042753
0	0	-458	0.00031413	0.0132131	0.00040757
0	0	-456	0.00029759	0.00991946	0.00038683
0	0	-454	0.00028093	0.00657729	0.00036309
0	0	-452	0.00026357	0.00320282	0.0003369
0	0	-450	0.00024659	-0.00018862	0.00030939
0	0	-448	0.00022958	-0.00358032	0.00028087
0	0	-446	0.00021263	-0.00695468	0.00025105
0	0	-444	0.00019619	-0.0102968	0.00021874
0	0	-442	0.00018017	-0.0135898	0.00018534
0	0	-440	0.00016394	-0.0168171	0.00015109
0	0	-438	0.000149	-0.0199645	0.00011562
0	0	-436	0.00013406	-0.0230168	7.968e-05
0	0	-434	0.00011908	-0.0259582	4.345e-05
0	0	-432	0.00010539	-0.0287741	5.9e-06
0	0	-430	9.287e-05	-0.0314517	-3.163e-05
0	0	-428	8.083e-05	-0.0339779	-6.87e-05
0	0	-426	6.946e-05	-0.0363401	-0.00010602
0	0	-424	5.899e-05	-0.0385262	-0.00014371
0	0	-422	4.944e-05	-0.0405256	-0.00018042
0	0	-420	4.108e-05	-0.0423298	-0.00021711
0	0	-418	3.371e-05	-0.0439286	-0.00025316
0	0	-416	2.765e-05	-0.0453146	-0.00028814
0	0	-414	2.277e-05	-0.0464809	-0.00032126
0	0	-412	1.898e-05	-0.0474216	-0.00035365
0	0	-410	1.592e-05	-0.048132	-0.00038485
0	0	-408	1.459e-05	-0.0486086	-0.00041434
0	0	-406	1.502e-05	-0.048849	-0.00044268
0	0	-404	1.541e-05	-0.0488522	-0.00046885
0	0	-402	1.746e-05	-0.048618	-0.00049328
0	0	-400	2.065e-05	-0.0481485	-0.0005157
0	0	-398	2.463e-05	-0.0474446	-0.00053675
0	0	-396	3.025e-05	-0.0465094	-0.00055479
0	0	-394	3.673e-05	-0.0453492	-0.00057092
0	0	-392	4.406e-05	-0.043969	-0.00058491
0	0	-390	5.32e-05	-0.0423752	-0.00059626
0	0	-388	6.313e-05	-0.0405764	-0.00060543
0	0	-386	7.375e-05	-0.0385812	-0.00061193
0	0	-384	8.523e-05	-0.036399	-0.00061643
0	0	-382	9.726e-05	-0.0340412	-0.00061815
0	0	-380	0.00011112	-0.0315184	-0.00061745
0	0	-378	0.00012492	-0.028844	-0.00061454
0	0	-376	0.00013881	-0.0260308	-0.00060887
0	0	-374	0.00015379	-0.023092	-0.00060126
0	0	-372	0.00016906	-0.020042	-0.00059118
0	0	-370	0.00018547	-0.0168953	-0.00057895
0	0	-368	0.00020169	-0.0136675	-0.0005645
0	0	-366	0.00021772	-0.0103761	-0.00054788
0	0	-364	0.00023442	-0.00703484	-0.00052893
0	0	-362	0.00025079	-0.00365965	-0.00050811
0	0	-360	0.00026694	-0.00026746	-0.00048589
0	0	-358	0.00028352	0.00312533	-0.00046153
0	0	-356	0.00029961	0.00650204	-0.00043586
0	0	-354	0.00031587	0.00984629	-0.00040821
0	0	-352	0.00033166	0.0131424	-0.00037882
0	0	-350	0.0003466	0.0163737	-0.00034956
0	0	-348	0.00036147	0.0195251	-0.00031814
0	0	-346	0.00037551	0.0225815	-0.00028609
0	0	-344	0.0003886	0.0255269	-0.00025262
0	0	-342	0.00040092	0.0283481	-0.00021936
0	0	-340	0.00041261	0.0310312	-0.00018615
0	0	-338	0.00042411	0.0335624	-0.00015142
0	0	-336	0.00043364	0.03593	-0.00011699
0	0	-334	0.00044186	0.0381221	-8.278e-05
0	0	-332	0.00044972	0.0401278	-4.841e-05
0	0	-330	0.0004561	0.0419376	-1.474e-05
0	0	-328	0.00046139	0.0435424	1.874e-05
0	0	-326	0.00046601	0.0449342	5.131e-05
0	0	-324	0.000469	0.0461068	8.373e-05
0	0	-322	0.00047066	0.0470534	0.00011407
0	0	-320	0.00047108	0.0477694	0.00014313
0	0	-318	0.00047024	0.0482524	0.00017116
0	0	-316	0.00046785	0.0484992	0.00019779
0	0	-314	0.00046436	0.0485087	0.00022263
0	0	-312	0.00045915	0.0482808	0.00024584
0	0	-310	0.00045311	0.0478165	0.00026801
0	0	-308	0.00044508	0.0471186	0.00028695
0	0	-306	0.00043655	0.0461911	0.00030368
0	0	-304	0.00042643	0.0450381	0.00031878
0	0	-302	0.00041472	0.0436651	0.0003316
0	0	-300	0.00040227	0.0420794	0.00034209
0	0	-298	0.00038865	0.0402886	0.00035007
0	0	-296	0.00037339	0.038302	0.00035573
0	0	-294	0.00035771	0.0361287	0.00035864
0	0	-292	0.00033981	0.03378	0.00035931
0	0	-290	0.00032192	0.0312677	0.00035657
0	0	-288	0.00030378	0.0286034	0.00035192
0	0	-286	0.00028453	0.0258012	0.00034526
0	0	-284	0.00026415	0.0228739	0.00033575
0	0	-282	0.00024358	0.0198365	0.00032363
0	0	-280	0.00022161	0.0167033	0.00030907
0	0	-278	0.0001995	0.0134895	0.00029273
0	0	-276	0.00017744	0.0102106	0.00027376
0	0	-274	0.00015504	0.00688382	0.00025295
0	0	-272	0.000133	0.00352395	0.00022974
0	0	-270	0.0001098	0.00014759	0.00020437
0	0	-268	8.715e-05	-0.00322792	0.00017691
0	0	-266	6.51e-05	-0.00658781	0.00014776
0	0	-264	4.265e-05	-0.00991516	0.00011695
0	0	-262	2.088e-05	-0.0131931	8.47e-05
0	0	-260	-1.04e-06	-0.0164068	5.079e-05
0	0	-258	-2.172e-05	-0.0195399	1.6e-05
0	0	-256	-4.15e-05	-0.0225774	-1.965e-05
0	0	-254	-6.09e-05	-0.0255043	-5.657e-05
0	0	-252	-8.03e-05	-0.0283069	-9.367e-05
0	0	-250	-9.823e-05	-0.0309712	-0.00013211
0	0	-248	-0.00011514	-0.033484	-0.00017072
0	0	-246	-0.0001311	-0.0358328	-0.00020961
0	0	-244	-0.00014648	-0.0380062	-0.00024813
0	0	-242	-0.0001603	-0.0399929	-0.00028701
0	0	-240	-0.0001722	-0.0417842	-0.00032578
0	0	-238	-0.00018358	-0.0433713	-0.00036336
0	0	-236	-0.00019363	-0.044745	-0.00040039
0	0	-234	-0.0002019	-0.0458997	-0.00043651
0	0	-232	-0.00020902	-0.0468292	-0.00047186
0	0	-230	-0.00021464	-0.0475284	-0.00050559
0	0	-228	-0.00021889	-0.0479945	-0.00053834
0	0	-226	-0.00022157	-0.048225	-0.00056903
0	0	-224	-0.00022308	-0.048218	-0.00059722
0	0	-222	-0.00022288	-0.0479748	-0.00062416
0	0	-220	-0.00022189	-0.0474955	-0.00064959
0	0	-218	-0.00021931	-0.0467828	-0.00067178
0	0	-216	-0.0002148	-0.0458406	-0.00069163
0	0	-214	-0.00020917	-0.044673	-0.00071006
0	0	-212	-0.00020255	-0.0432867	-0.00072573
0	0	-210	-0.00019422	-0.041687	-0.00073783
0	0	-208	-0.00018483	-0.039884	-0.0007474
0	0	-206	-0.00017492	-0.0378853	-0.00075517
0	0	-204	-0.00016356	-0.0357004	-0.00075914
0	0	-202	-0.00015121	-0.0333405	-0.00076049
0	0	-200	-0.00013807	-0.0308167	-0.0007589
0	0	-198	-0.00012424	-0.0281418	-0.00075493
0	0	-196	-0.00010928	-0.0253297	-0.00074762
0	0	-194	-9.426e-05	-0.0223927	-0.00073718
0	0	-192	-7.843e-05	-0.0193458	-0.00072416
0	0	-190	-6.156e-05	-0.0162037	-0.00070851
0	0	-188	-4.482e-05	-0.0129817	-0.00069061
0	0	-186	-2.785e-05	-0.00969564	-0.00066977
0	0	-184	-1.12e-05	-0.00636099	-0.00064553
0	0	-182	6.05e-06	-0.00299447	-0.00061936
0	0	-180	2.296e-05	0.00038823	-0.00059093
0	0	-178	4.025e-05	0.0037705	-0.00055998
0	0	-176	5.718e-05	0.00713516	-0.00052709
0	0	-174	7.313e-05	0.010467	-0.00049269
0	0	-172	8.895e-05	0.0137498	-0.00045535
0	0	-170	0.00010467	0.0169672	-0.00041676
0	0	-168	0.00011899	0.0201033	-0.00037679
0	0	-166	0.00013267	0.023144	-0.00033556
0	0	-164	0.00014644	0.0260731	-0.00029326
0	0	-162	0.0001592	0.0288768	-0.00025012
0	0	-160	0.00017044	0.0315422	-0.00020503
0	0	-158	0.00018206	0.0340553	-0.00015983
0	0	-156	0.00019172	0.0364043	-0.00011478
0	0	-154	0.00019968	0.0385767	-6.967e-05
0	0	-152	0.00020689	0.0405625	-2.404e-05
0	0	-150	0.00021339	0.0423518	2.078e-05
0	0	-148	0.00021816	0.0439358	6.567e-05
0	0	-146	0.00022191	0.0453071	0.0001097
0	0	-144	0.00022436	0.0464578	0.00015232
0	0	-142	0.00022542	0.0473825	0.00019399
0	0	-140	0.00022575	0.0480771	0.00023484
0	0	-138	0.00022407	0.0485373	0.00027381
0	0	-136	0.00022112	0.0487617	0.00031164
0	0	-134	0.00021624	0.0487487	0.00034728
0	0	-132	0.00021047	0.048498	0.00038049
0	0	-130	0.00020339	0.0480104	0.00041179
0	0	-128	0.00019573	0.0472895	0.00044096
0	0	-126	0.00018648	0.0463388	0.0004673
0	0	-124	0.00017563	0.0451622	0.00049133
0	0	-122	0.00016358	0.0437657	0.00051277
0	0	-120	0.00014974	0.042156	0.00053133
0	0	-118	0.0001352	0.040341	0.00054649
0	0	-116	0.00011961	0.0383297	0.00055934
0	0	-114	0.00010326	0.0361334	0.00056933
0	0	-112	8.56e-05	0.0337607	0.00057624
0	0	-110	6.673e-05	0.0312246	0.00057909
0	0	-108	4.728e-05	0.0285372	0.00057943
0	0	-106	2.718e-05	0.0257109	0.00057685
0	0	-104	6.42e-06	0.0227606	0.00057184
0	0	-102	-1.489e-05	0.0196994	0.0005632
0	0	-100	-3.736e-05	0.0165437	0.00055164
0	0	-98	-6.04e-05	0.0133078	0.00053726
0	0	-96	-8.342e-05	0.0100068	0.00052048
0	0	-94	-0.00010676	0.00665819	0.00050077
0	0	-92	-0.00013014	0.00327688	0.00047778
0	0	-90	-0.00015421	-0.00012008	0.00045276
0	0	-88	-0.00017836	-0.00351671	0.00042576
0	0	-86	-0.00020203	-0.006896	0.00039619
0	0	-84	-0.00022613	-0.0102419	0.00036443
0	0	-82	-0.00025051	-0.0135387	0.0003312
0	0	-80	-0.00027417	-0.0167696	0.00029581
0	0	-78	-0.00029714	-0.0199207	0.0002582
0	0	-76	-0.00031953	-0.0229748	0.00022032
0	0	-74	-0.00034171	-0.0259171	0.00018093
0	0	-72	-0.00036356	-0.0287339	0.00013991
0	0	-70	-0.00038433	-0.031412	9.82e-05
0	0	-68	-0.00040379	-0.0339381	5.604e-05
0	0	-66	-0.00042344	-0.0362994	1.301e-05
0	0	-64	-0.00044284	-0.0384837	-3.02e-05
0	0	-62	-0.00046037	-0.0404814	-7.297e-05
0	0	-60	-0.00047674	-0.0422824	-0.00011587
0	0	-58	-0.00049231	-0.0438779	-0.00015838
0	0	-56	-0.00050714	-0.0452598	-0.00020072
0	0	-54	-0.00052059	-0.0464215	-0.00024246
0	0	-52	-0.0005328	-0.0473568	-0.00028247
0	0	-50	-0.00054392	-0.0480613	-0.00032188
0	0	-48	-0.00055357	-0.0485311	-0.00035945
0	0	-46	-0.00056228	-0.0487648	-0.00039571
0	0	-44	-0.00056878	-0.0487602	-0.00043052
0	0	-42	-0.0005741	-0.0485183	-0.00046299
0	0	-40	-0.000579	-0.04804	-0.00049364
0	0	-38	-0.00058182	-0.0473271	-0.00052229
0	0	-36	-0.00058325	-0.046384	-0.00054854
0	0	-34	-0.0005835	-0.0452155	-0.00057277
0	0	-32	-0.00058287	-0.0438261	-0.00059384
0	0	-30	-0.00058065	-0.0422229	-0.00061249
0	0	-28	-0.00057665	-0.0404153	-0.00062833
0	0	-26	-0.0005717	-0.0384117	-0.00064165
0	0	-24	-0.00056527	-0.0362211	-0.00065215
0	0	-22	-0.00055753	-0.033855	-0.00065939
0	0	-20	-0.00054911	-0.0313249	-0.00066395
0	0	-18	-0.00053936	-0.0286438	-0.00066576
0	0	-16	-0.00052829	-0.0258235	-0.00066424
0	0	-14	-0.00051582	-0.0228781	-0.00065977
0	0	-12	-0.00050323	-0.0198231	-0.00065316
0	0	-10	-0.00048948	-0.0166728	-0.00064366
0	0	-8	-0.00047421	-0.0134422	-0.00063051
0	0	-6	-0.0004583	-0.0101471	-0.00061465
0	0	-4	-0.00044231	-0.0068036	-0.00059632
0	0	-2	-0.00042543	-0.00342713	-0.00057552
0	0	0	-0.00040836	-3.49e-05	-0.00055183
0	0	2	-0.00039	0.00335635	-0.00052632
0	0	4	-0.0003713	0.00673137	-0.00049833
0	0	6	-0.00035341	0.0100727	-0.00046852
0	0	8	-0.00033396	0.0133639	-0.00043598
0	0	10	-0.0003148	0.0165909	-0.00040173
0	0	12	-0.00029608	0.0197376	-0.00036685
0	0	14	-0.00027747	0.0227873	-0.00032941
0	0	16	-0.00025874	0.0257257	-0.00029051
0	0	18	-0.00024022	0.0285386	-0.00025076
0	0	20	-0.00022144	0.0312128	-0.00021034
0	0	22	-0.00020361	0.0337353	-0.00016854
0	0	24	-0.00018692	0.0360919	-0.00012569
0	0	26	-0.00017085	0.0382731	-8.31e-05
0	0	28	-0.00015446	0.0402689	-4.057e-05
0	0	30	-0.00013921	0.042067	1.76e-06
0	0	32	-0.00012457	0.0436592	4.377e-05
0	0	34	-0.00011089	0.0450385	8.594e-05
0	0	36	-9.867e-05	0.0461974	0.00012724
0	0	38	-8.7e-05	0.0471307	0.00016752
0	0	40	-7.562e-05	0.0478334	0.00020678
0	0	42	-6.589e-05	0.0483029	0.00024521
0	0	44	-5.756e-05	0.0485357	0.00028201
0	0	46	-4.959e-05	0.0485314	0.00031668
0	0	48	-4.354e-05	0.0482895	0.00034993
0	0	50	-3.8e-05	0.0478114	0.00038115
0	0	52	-3.399e-05	0.0470995	0.00041045
0	0	54	-3.095e-05	0.0461581	0.00043751
0	0	56	-2.905e-05	0.0449914	0.00046177
0	0	58	-2.815e-05	0.0436041	0.00048341
0	0	60	-2.828e-05	0.0420045	0.00050229
0	0	62	-2.948e-05	0.0401998	0.00051873
0	0	64	-3.185e-05	0.0381995	0.00053301
0	0	66	-3.499e-05	0.0360135	0.0005441
0	0	68	-3.925e-05	0.0336513	0.00055252
0	0	70	-4.463e-05	0.0311254	0.00055794
0	0	72	-5.007e-05	0.0284487	0.0005603
0	0	74	-5.617e-05	0.0256339	0.00056072
0	0	76	-6.341e-05	0.022694	0.00055815
0	0	78	-7.089e-05	0.0196435	0.00055245
0	0	80	-7.946e-05	0.0164981	0.00054405
0	0	82	-8.843e-05	0.0132724	0.00053288
0	0	84	-9.691e-05	0.00998163	0.00051916
0	0	86	-0.00010632	0.00664271	0.00050322
0	0	88	-0.00011626	0.00327194	0.00048472
0	0	90	-0.00012616	-0.00011465	0.00046361
0	0	92	-0.00013572	-0.00350228	0.00044128
0	0	94	-0.00014494	-0.00687345	0.00041635
0	0	96	-0.00015444	-0.0102106	0.00038903
0	0	98	-0.00016409	-0.0134984	0.00035994
0	0	100	-0.00017325	-0.0167221	0.00032949
0	0	102	-0.00018187	-0.0198652	0.00029791
0	0	104	-0.00018967	-0.0229117	0.00026488
0	0	106	-0.00019776	-0.0258478	0.00023048
0	0	108	-0.00020484	-0.0286586	0.00019551
0	0	110	-0.00021149	-0.0313311	0.00015961
0	0	112	-0.0002174	-0.0338512	0.0001227
0	0	114	-0.00022246	-0.036207	8.538e-05
0	0	116	-0.00022631	-0.0383875	4.844e-05
0	0	118	-0.00022873	-0.0403808	1.141e-05
0	0	120	-0.00023101	-0.0421779	-2.637e-05
0	0	122	-0.00023236	-0.0437702	-6.343e-05
0	0	124	-0.00023273	-0.0451488	-9.954e-05
0	0	126	-0.0002321	-0.0463076	-0.0001353
0	0	128	-0.00022977	-0.0472403	-0.00017059
0	0	130	-0.00022653	-0.0479432	-0.00020504
0	0	132	-0.00022218	-0.0484119	-0.00023742
0	0	134	-0.00021711	-0.0486437	-0.00026885
0	0	136	-0.00021094	-0.0486375	-0.00029856
0	0	138	-0.0002029	-0.0483951	-0.00032679
0	0	140	-0.00019407	-0.0479165	-0.00035339
0	0	142	-0.0001845	-0.0472033	-0.00037786
0	0	144	-0.0001736	-0.046259	-0.00040013
0	0	146	-0.00016182	-0.0450903	-0.00042025
0	0	148	-0.00014868	-0.0437016	-0.00043857
0	0	150	-0.00013462	-0.0420981	-0.00045492
0	0	152	-0.0001199	-0.0402909	-0.00046855
0	0	154	-0.00010382	-0.0382872	-0.00047964
0	0	156	-8.711e-05	-0.0360971	-0.00048821
0	0	158	-6.983e-05	-0.0337316	-0.00049471
0	0	160	-5.184e-05	-0.0312017	-0.00049864
0	0	162	-3.284e-05	-0.0285203	-0.00049991
0	0	164	-1.333e-05	-0.0257001	-0.00049909
0	0	166	6.9e-06	-0.0227548	-0.00049532
0	0	168	2.736e-05	-0.0196997	-0.00048876
0	0	170	4.787e-05	-0.0165487	-0.00048068
0	0	172	6.895e-05	-0.0133174	-0.00046963
0	0	174	9.051e-05	-0.0100213	-0.00045654
0	0	176	0.00011181	-0.00667696	-0.00044093
0	0	178	0.00013312	-0.00329977	-0.00042315
0	0	180	0.00015355	9.341e-05	-0.00040317
0	0	182	0.00017489	0.00348704	-0.00038095
0	0	184	0.0001965	0.00686358	-0.00035669
0	0	186	0.00021667	0.0102065	-0.00033115
0	0	188	0.00023718	0.0135003	-0.00030379
0	0	190	0.00025649	0.0167293	-0.0002743
0	0	192	0.00027489	0.0198774	-0.00024352
0	0	194	0.00029371	0.0229295	-0.00021178
0	0	196	0.00031172	0.0258712	-0.00017835
0	0	198	0.0003285	0.0286867	-0.00014383
0	0	200	0.00034462	0.0313632	-0.00010899
0	0	202	0.00036011	0.0338882	-7.278e-05
0	0	204	0.00037417	0.0362488	-3.657e-05
0	0	206	0.0003869	0.0384333	-3.4e-07
0	0	208	0.00039889	0.0404311	3.651e-05
0	0	210	0.00040913	0.0422318	7.326e-05
0	0	212	0.00041851	0.0438279	0.00010962
0	0	214	0.00042697	0.0452102	0.0001456
0	0	216	0.00043409	0.0463725	0.00018152
0	0	218	0.00044016	0.0473086	0.00021685
0	0	220	0.00044458	0.0480138	0.00025048
0	0	222	0.00044708	0.0484854	0.00028335
0	0	224	0.00044907	0.0487205	0.00031459
0	0	226	0.00044987	0.0487179	0.00034369
0	0	228	0.00044857	0.0484778	0.00037222
0	0	230	0.00044585	0.0480008	0.00039864
0	0	232	0.00044241	0.0472901	0.00042284
0	0	234	0.00043816	0.0463486	0.00044599
0	0	236	0.00043225	0.0451815	0.00046668
0	0	238	0.0004243	0.0437939	0.00048411
0	0	240	0.00041594	0.0421934	0.00049916
0	0	242	0.0004066	0.0403876	0.00051229
0	0	244	0.00039568	0.0383857	0.00052332
0	0	246	0.0003839	0.0361965	0.00053125
0	0	248	0.00037127	0.0338308	0.00053656
0	0	250	0.0003572	0.0313018	0.00053869
0	0	252	0.00034282	0.028621	0.00053777
0	0	254	0.00032793	0.025801	0.00053466
0	0	256	0.00031249	0.0228558	0.00052949
0	0	258	0.00029592	0.0198004	0.00052152
0	0	260	0.00027944	0.0166489	0.00051082
0	0	262	0.00026213	0.0134158	0.00049728
0	0	264	0.00024422	0.0101181	0.00048138
0	0	266	0.00022605	0.00677166	0.00046259
0	0	268	0.00020806	0.00339174	0.0004426
0	0	270	0.0001901	-3.97e-06	0.00041943
0	0	272	0.00017183	-0.00340014	0.00039402
0	0	274	0.00015399	-0.00678045	0.0003666
0	0	276	0.0001363	-0.0101281	0.00033742
0	0	278	0.00011884	-0.013427	0.00030639
0	0	280	0.0001017	-0.0166618	0.00027388
0	0	282	8.435e-05	-0.019816	0.00024035
0	0	284	6.821e-05	-0.0228737	0.00020514
0	0	286	5.295e-05	-0.0258214	0.00016902
0	0	288	3.844e-05	-0.0286442	0.0001318
0	0	290	2.442e-05	-0.0313289	9.43e-05
0	0	292	1.096e-05	-0.0338619	5.647e-05
0	0	294	-1.47e-06	-0.0362303	1.841e-05
0	0	296	-1.312e-05	-0.0384231	-2.008e-05
0	0	298	-2.382e-05	-0.0404291	-5.801e-05
0	0	300	-3.299e-05	-0.0422391	-9.525e-05
0	0	302	-4.154e-05	-0.0438445	-0.00013193
0	0	304	-4.823e-05	-0.0452362	-0.00016809
0	0	306	-5.405e-05	-0.0464084	-0.00020252
0	0	308	-5.945e-05	-0.047354	-0.00023555
0	0	310	-6.3e-05	-0.0480695	-0.00026773
0	0	312	-6.508e-05	-0.0485503	-0.00029826
0	0	314	-6.59e-05	-0.0487952	-0.00032606
0	0	316	-6.601e-05	-0.048802	-0.00035203
0	0	318	-6.397e-05	-0.0485714	-0.00037565
0	0	320	-6.136e-05	-0.0481047	-0.00039668
0	0	322	-5.695e-05	-0.0474027	-0.0004151
0	0	324	-5.183e-05	-0.0464704	-0.00043164
0	0	326	-4.57e-05	-0.0453126	-0.00044466
0	0	328	-3.785e-05	-0.0439343	-0.00045412
0	0	330	-2.936e-05	-0.0423415	-0.00046182
0	0	332	-2.021e-05	-0.0405434	-0.00046618
0	0	334	-9.15e-06	-0.0385488	-0.00046717
0	0	336	3.17e-06	-0.036367	-0.00046533
0	0	338	1.568e-05	-0.0340097	-0.00046014
0	0	340	2.812e-05	-0.0314873	-0.00045186
0	0	342	4.272e-05	-0.0288127	-0.00044096
0	0	344	5.722e-05	-0.025998	-0.0004274
0	0	346	7.285e-05	-0.023058	-0.0004105
0	0	348	8.913e-05	-0.0200068	-0.00039047
0	0	350	0.00010606	-0.0168589	-0.00036785
0	0	352	0.00012292	-0.0136301	-0.00034281
0	0	354	0.00013966	-0.0103351	-0.00031553
0	0	356	0.00015655	-0.00699085	-0.00028561
0	0	358	0.0001736	-0.00361257	-0.00025344
0	0	360	0.00019122	-0.00021731	-0.0002188
0	0	362	0.00020838	0.00317911	-0.00018286
0	0	364	0.000225	0.00656031	-0.00014566
0	0	366	0.00024217	0.00990944	-0.00010643
0	0	368	0.00025884	0.0132111	-6.577e-05
0	0	370	0.00027475	0.0164491	-2.434e-05
0	0	372	0.00029014	0.0196068	1.707e-05
0	0	374	0.00030474	0.0226706	5.997e-05
0	0	376	0.00031898	0.0256246	0.00010359
0	0	378	0.00033251	0.0284547	0.0001473
0	0	380	0.00034465	0.0311472	0.00019052
0	0	382	0.00035664	0.0336889	0.00023387
0	0	384	0.00036749	0.0360683	0.00027701
0	0	386	0.00037709	0.0382732	0.00031923
0	0	388	0.00038583	0.0402924	0.00036003
0	0	390	0.00039359	0.0421163	0.00039916
0	0	392	0.00039962	0.0437363	0.00043737
0	0	394	0.00040475	0.0451442	0.00047391
0	0	396	0.00040899	0.0463332	0.0005092
0	0	398	0.00041192	0.0472968	0.00054191
0	0	400	0.00041315	0.0480317	0.00057181
0	0	402	0.00041314	0.0485333	0.00059921
0	0	404	0.00041249	0.0487989	0.00062506
0	0	406	0.00041031	0.0488279	0.00064751
0	0	408	0.00040613	0.0486206	0.00066742
0	0	410	0.00040086	0.0481773	0.0006842
0	0	412	0.00039496	0.0475005	0.00069752
0	0	414	0.00038831	0.0465936	0.00070761
0	0	416	0.0003796	0.0454605	0.00071478
0	0	418	0.00036958	0.0441079	0.00071862
0	0	420	0.00035883	0.0425425	0.00071871
0	0	422	0.00034672	0.0407716	0.00071578
0	0	424	0.00033427	0.0388032	0.00070935
0	0	426	0.00032076	0.0366481	0.00069945
0	0	428	0.00030615	0.0343173	0.0006866
0	0	430	0.00029006	0.0318217	0.00067026
0	0	432	0.00027406	0.0291731	0.00065082
0	0	434	0.00025787	0.0263851	0.00062816
0	0	436	0.00024008	0.0234704	0.00060235
0	0	438	0.00022185	0.0204449	0.00057366
0	0	440	0.00020324	0.0173219	0.00054228
0	0	442	0.000185	0.014117	0.00050838
0	0	444	0.00016624	0.0108463	0.00047161
0	0	446	0.0001466	0.00752475	0.00043329
0	0	448	0.00012718	0.00416933	0.00039256
0	0	450	0.00010811	0.00079559	0.00034994
0	0	452	8.903e-05	-0.00258001	0.00030446
0	0	454	7.011e-05	-0.00594037	0.00025884
0	0	456	5.118e-05	-0.00926954	0.00021141
0	0	458	3.312e-05	-0.0125519	0.00016266
0	0	460	1.493e-05	-0.0157721	0.00011362
0	0	462	-2.55e-06	-0.0189132	6.361e-05
0	0	464	-1.906e-05	-0.0219585	1.285e-05
0	0	466	-3.597e-05	-0.0248961	-3.788e-05
0	0	468	-5.162e-05	-0.0277104	-8.851e-05
0	0	470	-6.575e-05	-0.030387	-0.0001389
0	0	472	-7.948e-05	-0.0329132	-0.00018881
0	0	474	-9.268e-05	-0.0352784	-0.00023799
0	0	476	-0.00010449	-0.0374689	-0.00028591
0	0	478	-0.00011534	-0.0394734	-0.00033231
0	0	480	-0.00012567	-0.0412828	-0.00037752
0	0	482	-0.00013412	-0.0428897	-0.00042166
0	0	484	-0.00014106	-0.0442837	-0.00046375
0	0	486	-0.00014734	-0.0454588	-0.00050322
0	0	488	-0.00015264	-0.0464091	-0.00054049
0	0	490	-0.00015625	-0.0471304	-0.00057545
0	0	492	-0.00015837	-0.0476188	-0.00060747
0	0	494	-0.00015922	-0.0478714	-0.00063707
0	0	496	-0.00015925	-0.0478873	-0.00066315
0	0	498	-0.00015837	-0.0476664	-0.00068627
0	0	500	-0.00015606	-0.0472105	-0.00070652
0	0	502	-0.00015172	-0.0465203	-0.0007227
0	0	504	-0.00014626	-0.0456003	-0.0007355
0	0	506	-0.00014004	-0.0444555	-0.00074517
0	0	508	-0.00013268	-0.0430913	-0.00075124
0	0	510	-0.00012427	-0.0415128	-0.00075404
0	0	512	-0.00011397	-0.03973	-0.00075236
0	0	514	-0.00010378	-0.0377516	-0.00074736
0	0	516	-9.22e-05	-0.0355868	-0.00073886
0	0	518	-7.962e-05	-0.0332457	-0.00072737
0	0	520	-6.585e-05	-0.0307401	-0.00071205
0	0	522	-5.125e-05	-0.0280832	-0.00069326
0	0	524	-3.633e-05	-0.0252877	-0.00067072
0	0	526	-2.024e-05	-0.0223663	-0.00064456
0	0	528	-3.73e-06	-0.0193342	-0.00061587
0	0	530	1.267e-05	-0.0162063	-0.00058395
0	0	532	2.974e-05	-0.0129974	-0.00054918
0	0	534	4.714e-05	-0.00972297	-0.00051223
0	0	536	6.461e-05	-0.00639912	-0.00047266
0	0	538	8.274e-05	-0.00304231	-0.00043021
0	0	540	0.00010026	0.00033278	-0.00038566
0	0	542	0.00011811	0.00370854	-0.00033924
0	0	544	0.00013554	0.00706722	-0.00029105
0	0	546	0.00015306	0.0103934	-0.00024081
0	0	548	0.00017038	0.0136738	-0.00018946
0	0	550	0.00018711	0.01689	-0.00013731
0	0	552	0.00020305	0.0200247	-8.435e-05
0	0	554	0.00021862	0.0230659	-3.017e-05
0	0	556	0.0002339	0.0259982	2.391e-05
0	0	558	0.00024815	0.0288051	7.794e-05
0	0	560	0.00026134	0.031474	0.00013246
0	0	562	0.00027457	0.0339935	0.00018674
0	0	564	0.0002858	0.0363497	0.0002396
0	0	566	0.00029641	0.0385306	0.0002922
0	0	568	0.00030621	0.0405257	0.00034473
0	0	570	0.00031513	0.0423264	0.00039515
0	0	572	0.00032211	0.0439221	0.0004437
0	0	574	0.0003283	0.0453061	0.00049076
0	0	576	0.00033331	0.046471	0.00053586
0	0	578	0.00033681	0.0474109	0.00057917
0	0	580	0.00033919	0.0481208	0.00061992
0	0	582	0.0003399	0.0485978	0.00065778
0	0	584	0.00033937	0.0488397	0.00069332
0	0	586	0.00033832	0.0488441	0.00072613
0	0	588	0.00033588	0.048612	0.00075604
0	0	590	0.00033156	0.0481436	0.0007831
0	0	592	0.00032606	0.047442	0.00080699
0	0	594	0.00031944	0.046511	0.0008275
0	0	596	0.00031119	0.0453547	0.0008444
0	0	598	0.00030167	0.0439785	0.00085785
0	0	600	0.00029048	0.0423892	0.00086822
0	0	602	0.0002788	0.0405945	0.00087516
0	0	604	0.00026633	0.0386039	0.00087863
0	0	606	0.00025199	0.0364266	0.00087882
0	0	608	0.00023694	0.0340733	0.00087549
0	0	610	0.00022119	0.0315565	0.00086873
0	0	612	0.00020436	0.028887	0.00085888
0	0	614	0.00018661	0.0260782	0.00084581
0	0	616	0.00016794	0.0231448	0.00082939
0	0	618	0.00014816	0.0201005	0.00081028
0	0	620	0.00012767	0.0169591	0.00078782
0	0	622	0.00010709	0.0137367	0.00076274
0	0	624	8.637e-05	0.0104498	0.00073528
0	0	626	6.458e-05	0.00711312	0.00070544
0	0	628	4.242e-05	0.0037426	0.00067354
0	0	630	2.029e-05	0.0003545	0.00063922
0	0	632	-2.43e-06	-0.00303397	0.00060262
0	0	634	-2.494e-05	-0.00640635	0.00056432
0	0	636	-4.767e-05	-0.00974774	0.00052479
0	0	638	-7.029e-05	-0.0130406	0.00048386
0	0	640	-9.28e-05	-0.0162692	0.00044173
0	0	642	-0.00011515	-0.0194181	0.00039926
0	0	644	-0.00013694	-0.0224734	0.00035539
0	0	646	-0.00015865	-0.0254186	0.00031118
0	0	648	-0.00017989	-0.0282388	0.00026723
0	0	650	-0.00020044	-0.0309219	0.00022345
0	0	652	-0.00022041	-0.0334544	0.00017938
0	0	654	-0.0002391	-0.0358232	0.00013503
0	0	656	-0.00025786	-0.038017	9.245e-05
0	0	658	-0.00027568	-0.0400252	5.075e-05
0	0	660	-0.00029266	-0.0418383	9.82e-06
0	0	662	-0.0003086	-0.0434478	-3.016e-05
0	0	664	-0.00032416	-0.0448441	-6.876e-05
0	0	666	-0.00033814	-0.0460216	-0.00010477
0	0	668	-0.00035089	-0.046974	-0.00013894
0	0	670	-0.00036265	-0.047697	-0.00017151
0	0	672	-0.00037381	-0.0481861	-0.00020226
0	0	674	-0.000384	-0.04844	-0.00023031
0	0	676	-0.00039308	-0.0484569	-0.00025575
0	0	678	-0.0004001	-0.0482375	-0.00027921
0	0	680	-0.00040689	-0.0477819	-0.00029909
0	0	682	-0.00041215	-0.0470926	-0.00031607
0	0	684	-0.00041606	-0.0461735	-0.00033034
0	0	686	-0.00041859	-0.0450286	-0.00034195
0	0	688	-0.00042057	-0.0436645	-0.00035047
0	0	690	-0.00042072	-0.0420867	-0.0003558
0	0	692	-0.00042063	-0.0403042	-0.00035808
0	0	694	-0.00041873	-0.0383262	-0.00035738
0	0	696	-0.00041609	-0.0361616	-0.00035342
0	0	698	-0.000412	-0.0338209	-0.00034694
0	0	700	-0.00040697	-0.031316	-0.00033739
0	0	702	-0.00040141	-0.0286588	-0.0003244
0	0	704	-0.00039496	-0.0258632	-0.00030933
0	0	706	-0.00038769	-0.0229421	-0.0002916
0	0	708	-0.00037929	-0.01991	-0.00027068
0	0	710	-0.00037003	-0.0167819	-0.00024712
0	0	712	-0.00036022	-0.0135726	-0.00022119
0	0	714	-0.00034973	-0.0102986	-0.00019329
0	0	716	-0.00033838	-0.0069752	-0.00016304
0	0	718	-0.00032636	-0.00361775	-0.00013036
0	0	720	-0.0003145	-0.00024358	-9.635e-05
0	0	722	-0.00030249	0.00313035	-6.049e-05
0	0	724	-0.00029047	0.00648862	-2.338e-05
0	0	726	-0.00027708	0.00981576	1.479e-05
0	0	728	-0.00026399	0.0130949	5.458e-05
0	0	730	-0.000251	0.0163091	9.543e-05
0	0	732	-0.00023764	0.0194435	0.00013758
0	0	734	-0.00022487	0.022484	0.00017914
0	0	736	-0.00021235	0.0254136	0.00022146
0	0	738	-0.00019938	0.0282187	0.00026457
0	0	740	-0.00018682	0.0308867	0.00030694
0	0	742	-0.00017472	0.0334036	0.00034898
0	0	744	-0.000163	0.0357574	0.00039055
0	0	746	-0.00015188	0.0379358	0.00043155
0	0	748	-0.00014163	0.0399291	0.00047161
0	0	750	-0.00013171	0.0417271	0.00051088
0	0	752	-0.00012233	0.0433206	0.00054826
0	0	754	-0.00011398	0.0447018	0.00058428
0	0	756	-0.0001055	0.0458636	0.00061811
0	0	758	-9.829e-05	0.0468011	0.00065002
0	0	760	-9.227e-05	0.047509	0.00067982
0	0	762	-8.755e-05	0.0479846	0.00070741
0	0	764	-8.367e-05	0.0482242	0.00073262
0	0	766	-8.044e-05	0.0482273	0.00075468
0	0	768	-7.754e-05	0.0479942	0.00077419
0	0	770	-7.577e-05	0.0475256	0.00079075
0	0	772	-7.509e-05	0.0468245	0.00080482
0	0	774	-7.587e-05	0.0458935	0.00081447
0	0	776	-7.694e-05	0.0447375	0.00082145
0	0	778	-7.948e-05	0.0433626	0.00082534
0	0	780	-8.297e-05	0.0417752	0.00082544
0	0	782	-8.66e-05	0.0399834	0.0008224
0	0	784	-9.127e-05	0.0379962	0.00081604
0	0	786	-9.69e-05	0.035824	0.00080601
0	0	788	-0.00010318	0.0334765	0.00079266
0	0	790	-0.00011015	0.0309647	0.00077651
0	0	792	-0.00011798	0.0283019	0.00075625
0	0	794	-0.00012632	0.0255015	0.00073376
0	0	796	-0.00013537	0.0225764	0.00070748
0	0	798	-0.00014503	0.0195406	0.00067751
0	0	800	-0.00015435	0.0164095	0.00064574
0	0	802	-0.00016531	0.0131983	0.00061143
0	0	804	-0.00017625	0.00992319	0.00057453
0	0	806	-0.00018767	0.00659871	0.00053509
0	0	808	-0.0001989	0.00324144	0.00049298
0	0	810	-0.00020955	-0.00013245	0.0004492
0	0	812	-0.00022113	-0.00350563	0.00040345
0	0	814	-0.00023268	-0.00686337	0.00035602
0	0	816	-0.00024409	-0.0101886	0.0003073
0	0	818	-0.00025493	-0.0134652	0.00025705
0	0	820	-0.00026607	-0.0166774	0.0002065
0	0	822	-0.00027727	-0.0198097	0.00015432
0	0	824	-0.00028747	-0.022846	0.00010196
0	0	826	-0.00029745	-0.0257727	4.899e-05
0	0	828	-0.000307	-0.0285753	-3.55e-06
0	0	830	-0.00031605	-0.0312399	-5.656e-05
0	0	832	-0.0003247	-0.0337525	-0.00010891
0	0	834	-0.00033261	-0.0361027	-0.00016053
0	0	836	-0.00033998	-0.0382778	-0.00021186
0	0	838	-0.00034638	-0.0402669	-0.0002624
0	0	840	-0.00035224	-0.0420608	-0.00031129
0	0	842	-0.00035704	-0.0436512	-0.00035909
0	0	844	-0.00036158	-0.0450278	-0.00040466
0	0	846	-0.00036471	-0.0461861	-0.00044916
0	0	848	-0.00036685	-0.0471191	-0.00049199
0	0	850	-0.00036829	-0.0478225	-0.0005313
0	0	852	-0.00036852	-0.0482926	-0.00056921
0	0	854	-0.00036815	-0.0485275	-0.00060505
0	0	856	-0.00036651	-0.0485254	-0.00063838
0	0	858	-0.00036397	-0.0482863	-0.0006685
0	0	860	-0.00036057	-0.0478121	-0.00069574
0	0	862	-0.00035549	-0.0471047	-0.00072045
0	0	864	-0.00035049	-0.0461675	-0.00074226
0	0	866	-0.00034389	-0.0450044	-0.00076083
0	0	868	-0.00033602	-0.0436219	-0.0007765
0	0	870	-0.00032712	-0.0420261	-0.00078908
0	0	872	-0.00031773	-0.0402259	-0.00079864
0	0	874	-0.00030737	-0.0382298	-0.00080461
0	0	876	-0.00029602	-0.0360481	-0.00080792
0	0	878	-0.00028354	-0.0336903	-0.00080712
0	0	880	-0.00027101	-0.0311679	-0.00080405
0	0	882	-0.00025726	-0.0284936	-0.00079766
0	0	884	-0.00024303	-0.0256813	-0.00078787
0	0	886	-0.00022808	-0.0227436	-0.00077593
0	0	888	-0.00021313	-0.0196953	-0.00076051
0	0	890	-0.00019686	-0.0165511	-0.00074182
0	0	892	-0.00018035	-0.0133263	-0.00072062
0	0	894	-0.00016415	-0.0100362	-0.00069699
0	0	896	-0.00014727	-0.00669652	-0.00067085
0	0	898	-0.00012995	-0.0033231	-0.00064202
0	0	900	-0.00011216	6.657e-05	-0.00061039
0	0	902	-9.433e-05	0.00345555	-0.00057683
0	0	904	-7.732e-05	0.00682962	-0.00054092
0	0	906	-5.965e-05	0.0101717	-0.00050352
0	0	908	-4.154e-05	0.0134652	-0.00046421
0	0	910	-2.459e-05	0.0166941	-0.00042362
0	0	912	-8.01e-06	0.0198435	-0.00038103
0	0	914	8.9e-06	0.0228976	-0.00033714
0	0	916	2.541e-05	0.0258414	-0.00029314
0	0	918	4.046e-05	0.0286607	-0.00024803
0	0	920	5.621e-05	0.0313422	-0.00020154
0	0	922	7.111e-05	0.0338733	-0.00015511
0	0	924	8.507e-05	0.0362409	-0.00010835
0	0	926	9.865e-05	0.0384328	-6.141e-05
0	0	928	0.00011101	0.0404385	-1.511e-05
0	0	930	0.00012275	0.042249	3.047e-05
0	0	932	0.0001341	0.0438548	7.515e-05
0	0	934	0.00014393	0.0452481	0.00011872
0	0	936	0.00015388	0.0464224	0.00016147
0	0	938	0.0001619	0.0473718	0.00020278
0	0	940	0.00016871	0.0480911	0.00024224
0	0	942	0.0001756	0.0485776	0.00028077
0	0	944	0.00018121	0.0488287	0.00031661
0	0	946	0.00018567	0.048843	0.00034983
0	0	948	0.00018943	0.04862	0.00038049
0	0	950	0.00019204	0.0481613	0.00040855
0	0	952	0.00019323	0.0474699	0.00043384
0	0	954	0.00019394	0.0465483	0.00045644
0	0	956	0.0001933	0.0454019	0.00047587
0	0	958	0.00019143	0.0440361	0.00049238
0	0	960	0.00018931	0.0424577	0.00050522
0	0	962	0.00018644	0.0406748	0.00051514
0	0	964	0.00018282	0.0386966	0.00052246
0	0	966	0.00017779	0.0365325	0.00052594
0	0	968	0.00017186	0.0341929	0.00052567
0	0	970	0.0001659	0.0316892	0.00052245
0	0	972	0.00015931	0.0290348	0.00051634
0	0	974	0.00015153	0.0262426	0.00050698
0	0	976	0.00014347	0.0233259	0.00049413
0	0	978	0.00013509	0.0202995	0.00047837
0	0	980	0.00012586	0.0171777	0.00045965
0	0	982	0.00011662	0.013976	0.0004384
0	0	984	0.00010681	0.0107091	0.0004146
0	0	986	9.694e-05	0.00739417	0.00038837
0	0	988	8.76e-05	0.00404715	0.00035958
0	0	990	7.808e-05	0.00068378	0.00032791
0	0	992	6.847e-05	-0.00267902	0.00029457
0	0	994	5.843e-05	-0.00602481	0.00026015
0	0	996	4.842e-05	-0.00933773	0.0002237
0	0	998	3.917e-05	-0.0126008	0.00018597
0	0	1000	2.982e-05	-0.0157994	0.00014704
0	0	1002	2.084e-05	-0.0189172	0.0001073
0	0	1004	1.217e-05	-0.0219384	6.633e-05
0	0	1006	3.75e-06	-0.0248485	2.508e-05
0	0	1008	-3.72e-06	-0.0276334	-1.62e-05
0	0	1010	-9.27e-06	-0.0302795	-5.807e-05
0	0	1012	-1.584e-05	-0.0327735	-9.917e-05
0	0	1014	-2.116e-05	-0.0351026	-0.00013961
0	0	1016	-2.625e-05	-0.0372562	-0.00018002
0	0	1018	-3.025e-05	-0.039223	-0.00021924
0	0	1020	-3.35e-05	-0.0409924	-0.00025738
0	0	1022	-3.577e-05	-0.042557	-0.00029345
0	0	1024	-3.724e-05	-0.0439086	-0.00032872
0	0	1026	-3.724e-05	-0.0450393	-0.000363
0	0	1028	-3.758e-05	-0.0459434	-0.00039387
0	0	1030	-3.642e-05	-0.0466163	-0.00042308
0	0	1032	-3.402e-05	-0.0470555	-0.00045103
0	0	1034	-3.081e-05	-0.0472574	-0.00047579
0	0	1036	-2.65e-05	-0.0472213	-0.00049782
0	0	1038	-2.146e-05	-0.0469473	-0.00051761
0	0	1040	-1.517e-05	-0.046436	-0.0005339
0	0	1042	-8.12e-06	-0.0456898	-0.00054762
0	0	1044	-4.8e-07	-0.0447123	-0.00055858
0	0	1046	7.79e-06	-0.0435087	-0.00056653
0	0	1048	1.77e-05	-0.0420833	-0.00057116
0	0	1050	2.826e-05	-0.0404441	-0.00057314
0	0	1052	3.905e-05	-0.0385989	-0.00057177
0	0	1054	5.047e-05	-0.0365559	-0.0005676
0	0	1056	6.235e-05	-0.0343252	-0.00055986
0	0	1058	7.518e-05	-0.0319174	-0.00054943
0	0	1060	8.824e-05	-0.0293439	-0.00053585
0	0	1062	0.00010219	-0.0266167	-0.00051954
0	0	1064	0.00011641	-0.0237498	-0.0005006
0	0	1066	0.00013083	-0.0207557	-0.00047865
0	0	1068	0.00014551	-0.0176485	-0.00045411
0	0	1070	0.00016012	-0.0144446	-0.00042702
0	0	1072	0.00017567	-0.0111583	-0.00039811
0	0	1074	0.00019113	-0.00780513	-0.00036568
0	0	1076	0.0002063	-0.00440071	-0.00033197
0	0	1078	0.00022135	-0.00096115	-0.00029621
0	0	1080	0.00023667	0.00249653	-0.00025938
0	0	1082	0.000251	0.00595667	-0.00022052
0	0	1084	0.0002656	0.0094025	-0.00018041
0	0	1086	0.00027997	0.0128179	-0.00013891
0	0	1088	0.00029403	0.016187	-9.647e-05
0	0	1090	0.00030769	0.0194932	-5.317e-05
0	0	1092	0.00032054	0.0227223	-8.91e-06
0	0	1094	0.00033276	0.0258571	3.528e-05
0	0	1096	0.00034424	0.0288836	7.964e-05
0	0	1098	0.00035475	0.0317881	0.00012395
0	0	1100	0.00036523	0.0345566	0.00016717
0	0	1102	0.00037525	0.0371752	0.00021062
0	0	1104	0.00038353	0.0396318	0.00025346
0	0	1106	0.00039072	0.0419152	0.0002951
0	0	1108	0.00039761	0.0440146	0.00033545
0	0	1110	0.00040312	0.0459195	0.00037438
0	0	1112	0.00040827	0.0476207	0.00041151
0	0	1114	0.00041287	0.0491108	0.0004458
0	0	1116	0.00041575	0.0503838	0.00047862
0	0	1118	0.0004175	0.051432	0.00050928
0	0	1120	0.00041819	0.0522507	0.00053718
0	0	1122	0.00041826	0.0528367	0.00056252
0	0	1124	0.00041703	0.0531879	0.0005847
0	0	1126	0.00041441	0.0533031	0.00060381
0	0	1128	0.00041157	0.0531811	0.00062035
0	0	1130	0.00040742	0.0528228	0.00063296
0	0	1132	0.00040209	0.0522307	0.00064184
0	0	1134	0.0003957	0.0514082	0.00064735
0	0	1136	0.00038826	0.0503595	0.0006499
0	0	1138	0.00037966	0.04909	0.00064827
0	0	1140	0.00037078	0.0476062	0.00064278
0	0	1142	0.00036069	0.0459153	0.00063356
0	0	1144	0.0003492	0.044026	0.00062103
0	0	1146	0.00033687	0.0419484	0.00060456
0	0	1148	0.00032427	0.039691	0.00058436
0	0	1150	0.00031134	0.0372654	0.00056066
0	0	1152	0.00029658	0.0346854	0.0005343
0	0	1154	0.00028179	0.0319618	0.00050364
0	0	1156	0.00026622	0.0291069	0.00047033
0	0	1158	0.00024989	0.0261363	0.00043386
0	0	1160	0.00023297	0.0230635	0.00039415
0	0	1162	0.00021589	0.0199026	0.0003517
0	0	1164	0.00019896	0.0166682	0.00030665
0	0	1166	0.00018114	0.0133757	0.00025932
0	0	1168	0.00016293	0.0100418	0.00021031
0	0	1170	0.0001447	0.00668042	0.00015937
0	0	1172	0.00012643	0.00330668	0.00010651
0	0	1174	0.0001079	-6.284e-05	5.251e-05
0	0	1176	8.927e-05	-0.00341275	-2.64e-06
0	0	1178	7.046e-05	-0.0067282	-5.826e-05
0	0	1180	5.218e-05	-0.009995	-0.00011452
0	0	1182	3.377e-05	-0.013198	-0.00017231
0	0	1184	1.534e-05	-0.0163235	-0.00022951
0	0	1186	-2.81e-06	-0.0193576	-0.00028649
0	0	1188	-2.05e-05	-0.022287	-0.00034368
0	0	1190	-3.763e-05	-0.0251	-0.00039947
0	0	1192	-5.431e-05	-0.027784	-0.0004547
0	0	1194	-7.126e-05	-0.0303279	-0.00050833
0	0	1196	-8.719e-05	-0.0327224	-0.00056159
0	0	1198	-0.00010281	-0.034958	-0.00061289
0	0	1200	-0.00011818	-0.0370254	-0.00066209
0	0	1202	-0.00013252	-0.0389181	-0.0007102
0	0	1204	-0.00014623	-0.0406292	-0.00075655
0	0	1206	-0.00015907	-0.0421534	-0.00079994
0	0	1208	-0.00017179	-0.0434863	-0.00084179
0	0	1210	-0.00018392	-0.0446254	-0.00088081
0	0	1212	-0.00019503	-0.0455678	-0.00091694
0	0	1214	-0.00020569	-0.0463121	-0.00095122
0	0	1216	-0.00021574	-0.0468594	-0.0009831
0	0	1218	-0.00022495	-0.0472105	-0.00101199
0	0	1220	-0.0002327	-0.0473677	-0.00103884
0	0	1222	-0.00024037	-0.0473345	-0.00106329
0	0	1224	-0.00024747	-0.0471146	-0.00108463
0	0	1226	-0.00025382	-0.0467148	-0.00110359
0	0	1228	-0.00025899	-0.0461406	-0.00112075
0	0	1230	-0.00026376	-0.0453989	-0.00113499
0	0	1232	-0.00026842	-0.0444988	-0.0011467
0	0	1234	-0.00027183	-0.0434491	-0.0011572
0	0	1236	-0.00027475	-0.0422582	-0.00116616
0	0	1238	-0.00027665	-0.0409374	-0.00117292
0	0	1240	-0.00027797	-0.0394978	-0.00117783
0	0	1242	-0.0002788	-0.037949	-0.00118146
0	0	1244	-0.00027959	-0.0363028	-0.00118332
0	0	1246	-0.00027944	-0.034571	-0.00118367
0	0	1248	-0.00027999	-0.0327658	-0.00118321
0	0	1250	-0.00027952	-0.0308984	-0.00118163
0	0	1252	-0.00027801	-0.0289818	-0.00117922
0	0	1254	-0.00027622	-0.0270265	-0.00117548
0	0	1256	-0.00027453	-0.0250444	-0.00117105
0	0	1258	-0.00027211	-0.0230475	-0.001166
0	0	1260	-0.0002695	-0.021046	-0.00116013
0	0	1262	-0.00026665	-0.0190506	-0.00115287
0	0	1264	-0.00026348	-0.0170715	-0.0011449
0	0	1266	-0.00026	-0.0151178	-0.0011363
0	0	1268	-0.00025689	-0.0131989	-0.00112761
0	0	1270	-0.00025289	-0.0113231	-0.00111741
0	0	1272	-0.00024856	-0.00949765	-0.00110608
0	0	1274	-0.00024456	-0.00772887	-0.00109466
0	0	1276	-0.00024016	-0.00602426	-0.00108087
0	0	1278	-0.0002352	-0.0043886	-0.00106578
0	0	1280	-0.00023076	-0.00282628	-0.00104986
0	0	1282	-0.00022611	-0.00134251	-0.00103222
0	0	1284	-0.00022095	5.932e-05	-0.00101351
0	0	1286	-0.00021613	0.00137705	-0.000993
0	0	1288	-0.00021147	0.00260884	-0.00097122
0	0	1290	-0.00020631	0.0037532	-0.0009467
0	0	1292	-0.00020093	0.00480853	-0.00092076
0	0	1294	-0.00019583	0.00577486	-0.00089376
0	0	1296	-0.00019043	0.00665301	-0.00086501
0	0	1298	-0.00018486	0.00744321	-0.00083362
0	0	1300	-0.00017961	0.0081461	-0.00080074
0	0	1302	-0.00017457	0.00876501	-0.00076633
0	0	1304	-0.00016864	0.00930018	-0.00073033
0	0	1306	-0.00016268	0.00975452	-0.00069305
0	0	1308	-0.00015719	0.0101309	-0.00065463
0	0	1310	-0.00015159	0.0104315	-0.00061526
0	0	1312	-0.00014544	0.0106602	-0.00057406
0	0	1314	-0.00013937	0.0108198	-0.00053218
0	0	1316	-0.00013346	0.0109132	-0.00048995
0	0	1318	-0.00012794	0.0109455	-0.00044774
0	0	1320	-0.00012189	0.0109197	-0.00040537
0	0	1322	-0.00011607	0.0108395	-0.00036301
0	0	1324	-0.00011013	0.0107098	-0.00032078
0	0	1326	-0.00010344	0.0105336	-0.00027911
0	0	1328	-9.7e-05	0.0103161	-0.00023856
0	0	1330	-9.1e-05	0.0100623	-0.00019864
0	0	1332	-8.519e-05	0.00977689	-0.00016051
0	0	1334	-7.882e-05	0.00946402	-0.00012422
0	0	1336	-7.267e-05	0.00913014	-8.979e-05
0	0	1338	-6.666e-05	0.00878149	-5.775e-05
0	0	1340	-6.081e-05	0.00842382	-2.825e-05
0	0	1342	-5.437e-05	0.00806534	-1.64e-06
0	0	1344	-4.811e-05	0.00771469	2.086e-05
0	0	1346	-4.201e-05	0.0073802	3.942e-05
0	0	1348	-3.579e-05	0.00707216	5.394e-05
0	0	1350	-2.992e-05	0.00680113	6.311e-05
0	0	1352	-2.424e-05	0.00657627	6.736e-05
0	0	1354	-1.898e-05	0.00640446	6.587e-05
0	0	1356	-1.421e-05	0.00628901	5.87e-05
0	0	1358	-9.49e-06	0.00622388	4.79e-05
0	0	1360	-4.83e-06	0.00619875	3.493e-05
0	0	1362	-1.69e-06	0.00619933	2.123e-05
0	0	1364	1.03e-06	0.00621297	8.52e-06
0	0	1366	3.08e-06	0.00623029	-1.97e-06
0	0	1368	4.49e-06	0.00624635	-1.093e-05
0	0	1370	5.87e-06	0.00625972	-1.769e-05
0	0	1372	6.97e-06	0.00626997	-2.286e-05
0	0	1374	7.78e-06	0.00627712	-2.674e-05
0	0	1376	7.86e-06	0.00628213	-2.895e-05
0	0	1378	8.38e-06	0.0062854	-3.026e-05
0	0	1380	8.81e-06	0.00628718	-3.054e-05
0	0	1382	8.77e-06	0.00628699	-2.985e-05
0	0	1384	8.59e-06	0.00628468	-2.826e-05
0	0	1386	7.97e-06	0.00628185	-2.58e-05
0	0	1388	8e-06	0.00627644	-2.132e-05
0	0	1390	7.89e-06	0.00626746	-1.555e-05
0	0	1392	7.15e-06	0.00625455	-8.07e-06
0	0	1394	6.54e-06	0.00623602	1.62e-06
0	0	1396	6.43e-06	0.00620892	1.435e-05
0	0	1398	6.58e-06	0.00616778	2.973e-05
0	0	1400	6.25e-06	0.00610593	4.947e-05
0	0	1402	5.89e-06	0.00601389	7.491e-05
0	0	1404	5.93e-06	0.00587939	0.00010531
0	0	1406	6.4e-06	0.00569171	0.00014049
0	0	1408	6.26e-06	0.00544452	0.00017942
0	0	1410	6.19e-06	0.00514052	0.00022005
0	0	1412	6.99e-06	0.00479529	0.00025842
0	0	1414	7.27e-06	0.0044316	0.00029134
0	0	1416	8.08e-06	0.00407238	0.00031812
0	0	1418	9.23e-06	0.00373558	0.00033826
0	0	1420	9.83e-06	0.00343101	0.00035311
0	0	1422	1.115e-05	0.00316189	0.00036336
0	0	1424	1.242e-05	0.00292812	0.00037016
0	0	1426	1.368e-05	0.00272574	0.00037443
0	0	1428	1.429e-05	0.00255125	0.00037657
0	0	1430	1.546e-05	0.00240067	0.00037817
0	0	1432	1.626e-05	0.00226996	0.00037812
0	0	1434	1.676e-05	0.00215664	0.00037679
0	0	1436	1.785e-05	0.00205803	0.00037599
0	0	1438	1.91e-05	0.00197168	0.0003742
0	0	1440	2.013e-05	0.00189487	0.00037162
0	0	1442	2.094e-05	0.00182671	0.00036928
0	0	1444	2.127e-05	0.00176594	0.0003666
0	0	1446	2.225e-05	0.00171178	0.00036327
0	0	1448	2.318e-05	0.0016626	0.00035998
0	0	1450	2.356e-05	0.00161747	0.00035688
0	0	1452	2.421e-05	0.00157621	0.00035334
0	0	1454	2.432e-05	0.00153843	0.0003495
0	0	1456	2.469e-05	0.00150396	0.00034594
0	0	1458	2.571e-05	0.00147167	0.00034203
0	0	1460	2.603e-05	0.00144123	0.00033843
0	0	1462	2.662e-05	0.00141214	0.00033431
0	0	1464	2.718e-05	0.00138535	0.00033037
0	0	1466	2.722e-05	0.00135971	0.00032641
0	0	1468	2.72e-05	0.00133486	0.00032198
0	0	1470	2.749e-05	0.00131147	0.00031853
0	0	1472	2.734e-05	0.00128861	0.00031521
0	0	1474	2.748e-05	0.00126676	0.0003107
0	0	1476	2.783e-05	0.00124561	0.00030649
0	0	1478	2.814e-05	0.00122475	0.00030283
0	0	1480	2.789e-05	0.00120485	0.00029787
0	0	1482	2.753e-05	0.001185	0.00029384
0	0	1484	2.741e-05	0.00116534	0.00029044
0	0	1486	2.698e-05	0.00114701	0.00028686
0	0	1488	2.669e-05	0.0011285	0.0002827
0	0	1490	2.695e-05	0.00111045	0.00027876
0	0	1492	2.694e-05	0.00109211	0.00027479
0	0	1494	2.699e-05	0.00107445	0.00027083
0	0	1496	2.64e-05	0.00105702	0.0002669
0	0	1498	2.628e-05	0.00103973	0.00026363
0	0	1500	2.597e-05	0.00102284	0.00026004
0	0	1502	2.571e-05	0.00100628	0.00025588
0	0	1504	2.531e-05	0.00098932	0.00025244
0	0	1506	2.501e-05	0.00097384	0.00024878
0	0	1508	2.484e-05	0.00095773	0.0002449
0	0	1510	2.516e-05	0.00094155	0.00024124
0	0	1512	2.446e-05	0.00092552	0.00023781
0	0	1514	2.369e-05	0.00091005	0.00023464
0	0	1516	2.393e-05	0.00089496	0.00023127
0	0	1518	2.38e-05	0.00088029	0.00022761
0	0	1520	2.321e-05	0.000865	0.00022412
0	0	1522	2.307e-05	0.00084986	0.00022094
0	0	1524	2.244e-05	0.00083535	0.00021824
0	0	1526	2.226e-05	0.00082103	0.00021526
0	0	1528	2.244e-05	0.00080679	0.00021219
0	0	1530	2.213e-05	0.00079271	0.00020906
0	0	1532	2.146e-05	0.00077876	0.00020585
0	0	1534	2.118e-05	0.0007653	0.00020334
0	0	1536	2.047e-05	0.00075208	0.00019982
0	0	1538	2.042e-05	0.00073886	0.00019744
0	0	1540	2.032e-05	0.00072618	0.00019452
0	0	1542	1.964e-05	0.0007137	0.00019197
0	0	1544	1.919e-05	0.00070036	0.00018919
0	0	1546	1.962e-05	0.00068778	0.00018647
0	0	1548	1.899e-05	0.00067568	0.00018408
0	0	1550	1.844e-05	0.00066367	0.00018172
0	0	1552	1.86e-05	0.00065166	0.00017898
0	0	1554	1.849e-05	0.0006396	0.00017669
0	0	1556	1.813e-05	0.00062801	0.00017416
0	0	1558	1.725e-05	0.00061679	0.00017067
0	0	1560	1.639e-05	0.0006057	0.00016901
0	0	1562	1.612e-05	0.00059503	0.0001667
0	0	1564	1.58e-05	0.00058403	0.0001643
0	0	1566	1.596e-05	0.0005737	0.00016258
0	0	1568	1.547e-05	0.00056305	0.00016
0	0	1570	1.526e-05	0.00055312	0.00015767
0	0	1572	1.531e-05	0.00054317	0.00015587
0	0	1574	1.485e-05	0.00053314	0.00015368
0	0	1576	1.481e-05	0.00052322	0.00015168
0	0	1578	1.414e-05	0.00051362	0.00014962
0	0	1580	1.41e-05	0.0005046	0.00014791
0	0	1582	1.343e-05	0.00049532	0.00014612
0	0	1584	1.291e-05	0.00048634	0.00014376
0	0	1586	1.228e-05	0.00047762	0.00014196
0	0	1588	1.244e-05	0.00046894	0.00013997
0	0	1590	1.247e-05	0.00046023	0.00013845
0	0	1592	1.195e-05	0.00045182	0.00013666
0	0	1594	1.17e-05	0.00044348	0.00013443
0	0	1596	1.141e-05	0.0004354	0.00013287
0	0	1598	1.105e-05	0.00042724	0.00013134
0	0	1600	1.064e-05	0.00041968	0.00012944
0	0	1602	1.023e-05	0.00041205	0.00012762
0	0	1604	9.89e-06	0.00040418	0.00012577
0	0	1606	9.45e-06	0.00039684	0.00012419
0	0	1608	9.22e-06	0.00038992	0.00012283
0	0	1610	9.24e-06	0.00038308	0.00012155
0	0	1612	9e-06	0.00037587	0.00011982
0	0	1614	9.06e-06	0.00036863	0.00011802
0	0	1616	8.42e-06	0.00036207	0.00011658
0	0	1618	7.49e-06	0.0003557	0.00011481
0	0	1620	7.14e-06	0.00034898	0.00011367
0	0	1622	6.52e-06	0.00034306	0.00011288
0	0	1624	6.64e-06	0.00033734	0.00011142
0	0	1626	6.25e-06	0.00033112	0.00010964
0	0	1628	5.48e-06	0.00032475	0.00010787
0	0	1630	5.05e-06	0.00031867	0.00010673
0	0	1632	5.09e-06	0.0003132	0.00010552
0	0	1634	4.59e-06	0.00030749	0.00010426
0	0	1636	3.45e-06	0.00030196	0.00010343
0	0	1638	3.75e-06	0.00029628	0.0001023
0	0	1640	3.96e-06	0.00029103	0.00010071
0	0	1642	2.95e-06	0.00028609	9.915e-05
0	0	1644	2.6e-06	0.0002812	9.794e-05
0	0	1646	2.34e-06	0.00027648	9.651e-05
0	0	1648	1.78e-06	0.00027133	9.579e-05
0	0	1650	1.71e-06	0.0002661	9.424e-05
