-4.500  +100.56     +0.19
-4.400  +101.66     +0.21
-4.300  +102.63     +0.18
-4.200  +103.32     +0.23
-4.100  +103.98     +0.22
-4.000  +104.49     +0.19
-3.900  +104.83     +0.18
-3.800  +105.07     +0.27
-3.700  +105.12     +0.20
-3.600  +104.96     +0.21
-3.500  +104.63     +0.19
-3.400  +104.34     +0.26
-3.300  +104.04     +0.23
-3.200  +103.76     +0.20
-3.100  +103.55     +0.23
-3.000  +103.33     +0.22
-2.900  +103.17     +0.24
-2.800  +102.97     +0.25
-2.700  +102.73     +0.20
-2.600  +102.53     +0.21
-2.500  +102.38     +0.25
-2.400  +102.04     +0.24
-2.300  +101.68     +0.18
-2.200  +101.27     +0.23
-2.100  +100.90     +0.20
-2.000  +100.57     +0.25
-1.900  +100.47     +0.23
-1.800  +100.36     +0.23
-1.700  +100.37     +0.26
-1.600  +100.03     +0.27
-1.500   +99.48     +0.24
-1.400   +98.78     +0.27
-1.300   +98.31     +0.26
-1.200   +98.18     +0.26
-1.100   +98.26     +0.23
-1.000   +97.82     +0.24
-0.900   +96.65     +0.26
-0.800   +96.96     +0.26
-0.700   +95.09     +0.21
-0.600   +95.26     +0.26
-0.500   +94.07     +0.20
-0.400   +94.87     +0.20
-0.300   +94.71     +0.29
-0.200   +92.95     +0.24
-0.100   +92.99     +0.22
+0.000   +93.08     +0.24
+0.100   +92.27     +0.27
+0.200   +91.08     +0.23
+0.300   +90.44     +0.26
+0.400   +92.23     +0.26
+0.500   +90.17     +0.25
+0.600   +89.68     +0.26
+0.700   +89.25     +0.24
+0.800   +88.07     +0.27
+0.900   +87.91     +0.20
+1.000   +88.16     +0.22
+1.100   +87.49     +0.24
+1.200   +87.08     +0.24
+1.300   +86.90     +0.21
+1.400   +86.00     +0.25
+1.500   +84.22     +0.24
+1.600   +81.26     +0.22
+1.700   +79.35     +0.21
+1.800   +80.72     +0.21
+1.900   +85.38     +0.31
+2.000   +93.80     +0.24
+2.100  +100.15     +0.19
+2.200   +97.27     +0.27
+2.300   +83.74     +0.20
+2.400   +60.47     +0.24
+2.500   +30.79     +0.24
+2.600   +10.26     +0.17
+2.700   +10.13     +0.25
+2.800   +27.19     +0.27
+2.900   +55.75     +0.22
+3.000   +87.66     +0.27
+3.100  +114.94     +0.20
+3.200  +130.02     +0.25
+3.300  +127.74     +0.26
+3.400  +106.26     +0.24
+3.500   +68.71     +0.19
