
Curva de Excitacao - Bobina Girante (Dados Brutos)

Arquivo..............: C:\Arq\Wiggler\Medidas Wiggler - Corretoras\Bobina Tungstenio\Gap100\Translado100_X=17_#002.dat
Data.................: 26/01/2005
Hora.................: 15:47:40
Ganho................: 20
N. de Coletas........: 1
N. de Voltas.........: 10
Intervalo de Análise.: 4 - 8

-15000
-14125
-14475
-11475
-11300
-12075
-13975
-13025
-12800
-11200
-7650
-7975
-9850
-11225
-10800
-10000
-7900
-6000
-5675
-7775
-6875
-6925
-6725
-6025
-4750
-5425
-4350
-4750
-2150
-4100
-4050
-6000
-5400
-3925
-1500
-1425
-2450
-6325
-6375
-6800
-4150
-3425
-4250
-6675
-8325
-10025
-7575
-8000
-8600
-11600
-13675
-14225
-12975
-11225
-14850
-18750
-19925
-21300
-19100
-17425
-19275
-23650
-27675
-26775
-25700
-23775
-23850
-26575
-32775
-32500
-29925
-26650
-27850
-29450
-34000
-35125
-33050
-28150
-28725
-29600
-33350
-34175
-33125
-28875
-26400
-27250
-31550
-31125
-30925
-26150
-23525
-24725
-26825
-27975
-26525
-23250
-25
-41925
-22850
-24750
-23050
-21650
-18175
-18525
-20125
-22250
-21775
-19150
-16975
-17050
-17325
-20925
-19775
-18200
-17025
-16075
-16250
-17925
-18025
-17775
-14950
-15400
-15500
-15925
-16175
-15700
-12975
-12725

-13575
-14700
-13725
-13800
-12650
-9375
-10600
-12025
-12075
-11775
-10300
-8750
-8100
-8200
-10450
-8875
-7850
-6700
-6375
-6025
-7450
-6525
-6050
-3200
-4400
-3975
-5600
-5650
-4425
-2000
-1675
-2175
-5150
-4050
-4775
-2475
-1450
-2400
-4800
-5650
-6175
-3600
-4075
-4500
-7525
-9125
-9775
-7625
-6350
-9275
-12850
-14025
-15475
-13700
-12150
-14100
-17825
-21600
-20975
-20175
-19150
-19475
-22875
-27225
-28150
-25725
-23800
-24525
-27275
-31375
-32300
-30300
-26700
-27975
-29275
-33500
-33550
-33225
-28450
-27125
-29500
-32925
-32750
-32675
-27975
-25350
-26500
-29900
-31200
-29000
-25575
-23225
-22925
-25175
-26875
-26125
-22650
-19675
-20150
-21550
-23600
-23125
-20525
-17700
-17575
-18525
-21800
-20725
-18775
-17525
-16425
-16975
-19175
-19400
-18400
-15525
-15925
-15775
-17050
-17700
-17400
-14400
-13425
-14850
-15825
-14800
-15475
-13925

-11300
-12075
-13700
-13450
-12825
-11800
-10075
-9525
-10025
-12725
-10450
-9125
-8475
-7675
-7500
-9525
-8650
-7550
-4825
-5875
-5125
-6675
-6950
-5975
-3150
-2675
-3100
-5675
-4450
-5000
-2325
-975
-2050
-3875
-4725
-4700
-2250
-1875
-1825
-4650
-6200
-6375
-4975
-3275
-5200
-7825
-9500
-10600
-8975
-7325
-9100
-12275
-16300
-15525
-15225
-13650
-14500
-17900
-22275
-22925
-20750
-20250
-20650
-22850
-27600
-29075
-27000
-24000
-25925
-27650
-31150
-32175
-31725
-27850
-26850
-29450
-33275
-33400
-33125
-29450
-27125
-28300
-31875
-33575
-31350
-27850
-25575
-25925
-28525
-30100
-28750
-25175
-22625
-22550
-23925
-26025
-25350
-22300
-19500
-19400
-20300
-23425
-22275
-20325
-17875
-16900
-18500
-20475
-20400
-19475
-16575
-16575
-16575
-18125
-19050
-18300
-16100
-14775
-15875
-16850
-16275
-17150
-14900
-13100
-14025
-15275
-14625
-14450

-13400
-12250
-10900
-12150
-13850
-12075
-10900
-10500
-9225
-9250
-10900
-10675
-9125
-7350
-7950
-6775
-7825
-8425
-7375
-4750
-4550
-5175
-6450
-5150
-6075
-2900
-1800
-3500
-4550
-4550
-3950
-2450
-1075
-1125
-4175
-4575
-4825
-2875
-1650
-2200
-4900
-6575
-7000
-4950
-4225
-5475
-7800
-10975
-10475
-9800
-9225
-9625
-12950
-16450
-17375
-15650
-14700
-16250
-17925
-22325
-24225
-22925
-20125
-21175
-24200
-27500
-28975
-28225
-25875
-25050
-27900
-31500
-31700
-32225
-28825
-27350
-28525
-32650
-33700
-32250
-29700
-27275
-27375
-31100
-32525
-30625
-27550
-25150
-25550
-26225
-29100
-28300
-25025
-21900
-21600
-22850
-25225
-24700
-22050
-19275
-18550
-19925
-22050
-21400
-20550
-17150
-17300
-17450
-19125
-20400
-19325
-17125
-14775
-16950
-17775
-17900
-18125
-16075
-14525
-15100
-16475
-16375
-15750
-14850
-13950
-12700
-13950
-15425

-13850
-12375
-11825
-11125
-11475
-12800
-12875
-10750
-8675
-9750
-8700
-9800
-10375
-9550
-7100
-6250
-7100
-7625
-6975
-7675
-5100
-3550
-5150
-5475
-5400
-4475
-3275
-2425
-1575
-4750
-4675
-4025
-2525
-675
-1575
-3275
-5200
-5050
-2900
-1650
-2250
-4950
-7225
-7150
-6450
-5275
-5375
-8350
-11300
-11950
-11375
-9875
-11000
-12575
-17300
-18875
-17125
-15675
-16850
-19325
-22550
-25125
-24125
-21600
-21725
-25600
-27700
-28650
-30025
-26900
-25350
-27375
-31875
-32325
-31600
-30000
-27825
-27850
-32100
-33700
-32300
-28675
-27600
-27850
-29175
-31575
-30975
-27175
-24875
-24600
-25625
-28125
-27300
-24675
-21150
-21025
-22375
-24100
-23525
-22150
-18825
-18550
-19125
-20800
-21175
-19875
-17525
-16525
-17200
-19525
-19050
-19075
-16250
-15625
-16450
-17400
-17600
-17025
-16275
-14675
-13975
-15425
-16550
-15550
-14100
-13675
-12225
-13125

-14675
-13875
-11375
-10925
-11550
-10250
-11600
-12000
-10550
-8275
-8225
-9075
-9325
-9075
-9775
-5750
-4975
-6550
-7100
-7050
-6450
-4850
-3350
-3000
-5150
-5025
-4425
-3600
-1350
-1875
-3125
-4400
-3800
-1900
-900
-1225
-3325
-5375
-4225
-3400
-1600
-2400
-4950
-7700
-7575
-6700
-5325
-5925
-7975
-12275
-13350
-11350
-10500
-11400
-13975
-17200
-19500
-19075
-16200
-17100
-20125
-23525
-24900
-25350
-23050
-21900
-24750
-28700
-30025
-29375
-27550
-25850
-26950
-31575
-33175
-31850
-28950
-27800
-28225
-30750
-33625
-32300
-28475
-26925
-26900
-28250
-30700
-30400
-27500
-23050
-23350
-25150
-27150
-26675
-24025
-20825
-19950
-20975
-23375
-23175
-21325
-18450
-17475
-18300
-20200
-20900
-19900
-17075
-15350
-17525
-18300
-18975
-17825
-16850
-15225
-14850
-17150
-17600
-16275
-15250
-14500
-13700
-14500
-16225
-15775
-12850
-12200
-12350

-12025
-13000
-13775
-12250
-9975
-9700
-10725
-10850
-10550
-11425
-7875
-6925
-8350
-8850
-8325
-7725
-6650
-5000
-4925
-7025
-6725
-5000
-4175
-2850
-3025
-3600
-5475
-4500
-1575
-1425
-1100
-2225
-4400
-4100
-2300
-600
-625
-3000
-4575
-4775
-4050
-2425
-2575
-4600
-7450
-8725
-7075
-6525
-6550
-8875
-12175
-13700
-13600
-11025
-12125
-14750
-17900
-20000
-20300
-18050
-17300
-20600
-24400
-25525
-25825
-24450
-22900
-23875
-29225
-30700
-29900
-27675
-26850
-27450
-30050
-33225
-32450
-28925
-27875
-28050
-30300
-32050
-32250
-29550
-25725
-25900
-28050
-29825
-29275
-26750
-23650
-22900
-24350
-25975
-25350
-23750
-20450
-19800
-20050
-22125
-22225
-21500
-18300
-16850
-18175
-19450
-20175
-19200
-17425
-16200
-15675
-18550
-18250
-17800
-16600
-15400
-14950
-15225
-17425
-16925
-14475
-14175
-14125
-13750
-14825
-15500
-13250
-11450

-12125
-12550
-12300
-12550
-13025
-9425
-8800
-10425
-10850
-10225
-10075
-8650
-6550
-6700
-8950
-8200
-7000
-6675
-4950
-4450
-5425
-6500
-5625
-3300
-3350
-2575
-3500
-4825
-4075
-2275
-750
-1150
-2750
-3900
-4100
-2525
-350
-925
-2525
-5250
-5425
-4475
-3075
-2700
-5100
-8100
-9600
-8550
-6400
-7500
-10025
-12800
-14650
-14650
-12800
-12500
-15625
-19425
-20550
-21150
-19500
-18750
-20325
-25000
-27275
-26375
-24925
-23775
-25225
-28150
-31425
-30800
-27975
-27325
-27625
-30150
-32450
-33000
-29850
-27300
-27775
-29750
-31450
-31800
-29400
-25750
-25100
-27325
-29325
-28100
-26650
-23725
-21875
-23050
-24850
-25275
-23325
-20375
-19225
-19750
-20925
-22025
-20825
-18625
-16825
-17100
-19325
-19675
-18675
-17675
-15900
-15725
-16600
-18725
-17725
-15825
-15275
-14700
-15175
-16450
-16950
-14600
-13100
-13500
-14100
-13975
-14400
-14300

