
Curva de Excitacao - Bobina Girante (Dados Brutos)

Arquivo..............: C:\Arq\Wiggler\Medidas Wiggler - Corretoras\Bobina Tungstenio\Gap100\Translado100_X=1_#006.dat
Data.................: 26/01/2005
Hora.................: 15:11:46
Ganho................: 20
N. de Coletas........: 1
N. de Voltas.........: 10
Intervalo de Análise.: 4 - 8

-15575
-14300
-13700
-12375
-12675
-13925
-14100
-11800
-10900
-11875
-10925
-12475
-12675
-11475
-9400
-9600
-10675
-11925
-11625
-11925
-9150
-8200
-9925
-10700
-11175
-10475
-9350
-8000
-7825
-10325
-10375
-9650
-7925
-6575
-7400
-9425
-10600
-10450
-6825
-5500
-6575
-9975
-12425
-11525
-8425
-6500
-6950
-11200
-14400
-14575
-11825
-8850
-9625
-12925
-18250
-18850
-15300
-11950
-12500
-17325
-21475
-23150
-19875
-15075
-15175
-19775
-24975
-25600
-24125
-18700
-17150
-20525
-26675
-28000
-25400
-20725
-18850
-20375
-26375
-28050
-25850
-20925
-19275
-20825
-24350
-26550
-25675
-21525
-19700
-20075
-23125
-25800
-24550
-22850
-19750
-20875
-22425
-24475
-24875
-22950
-21125
-21925
-22525
-23500
-24625
-23625
-22275
-21300
-21925
-23050
-22850
-23375
-21275
-19900
-20400
-21375
-20850
-20525
-20150
-17675
-16900
-18075
-19175
-17675
-16975
-15400
-13875
-14325

-16200
-15700
-13400
-12700
-12575
-11475
-13175
-14100
-12425
-10400
-10500
-10900
-11525
-12075
-12500
-9900
-8550
-10375
-11000
-11250
-11300
-9900
-8575
-8225
-10800
-10625
-10200
-9825
-7300
-7575
-8675
-10300
-10400
-8150
-6850
-6450
-8075
-10900
-10150
-8275
-6400
-5825
-8625
-11800
-12250
-10025
-7275
-6975
-9100
-14100
-15850
-13425
-9875
-9125
-12350
-17025
-19775
-18175
-13350
-12350
-16075
-20650
-23050
-22475
-17625
-15025
-17850
-23675
-26900
-25225
-21175
-17450
-18925
-24775
-28075
-26575
-22050
-19275
-19525
-23625
-27575
-26250
-22725
-20075
-19500
-22050
-25900
-25825
-23450
-19025
-19550
-22150
-24025
-24950
-23475
-20600
-20525
-21650
-23650
-24275
-24025
-22425
-21300
-21750
-23400
-23725
-24100
-22450
-20750
-21950
-22500
-23025
-22100
-21950
-19925
-18500
-20200
-21050
-19800
-19650
-17800
-16000
-16275
-18125
-18125
-16125
-14800
-14100

-13300
-14200
-15600
-13825
-12100
-11650
-11675
-11675
-12900
-13650
-10675
-9150
-10375
-11100
-11750
-12000
-11050
-8975
-8100
-10800
-10925
-11000
-10825
-8550
-7675
-8750
-10550
-11025
-8800
-8225
-6850
-7650
-9900
-10200
-9150
-6600
-5975
-7100
-9500
-10750
-9550
-6575
-5750
-6850
-11025
-13200
-11500
-8800
-6825
-8675
-12900
-16200
-15800
-11225
-9900
-11750
-15875
-19375
-19975
-15950
-12675
-14925
-19450
-22975
-23625
-20675
-16050
-16250
-22150
-26200
-25500
-22975
-18900
-18425
-21725
-27600
-27175
-23525
-20500
-19725
-21400
-25350
-26975
-24950
-20125
-19150
-21325
-23775
-25850
-23825
-20525
-19825
-20750
-23400
-24250
-24025
-22100
-20400
-20900
-22500
-24000
-24275
-22825
-21100
-21250
-22550
-23750
-23500
-22475
-21700
-20050
-21925
-21875
-21725
-21675
-20100
-18600
-18350
-20175
-19725
-18700
-17450
-16350
-15125
-16425
-18025
-15575
-14075

-13775
-12875
-12850
-14650
-14850
-11725
-10550
-11500
-10950
-12375
-12600
-11775
-9075
-8725
-11450
-10900
-10975
-11525
-8925
-8300
-9350
-10875
-11000
-9775
-9225
-7225
-7675
-10375
-10050
-9575
-7475
-7000
-6875
-8325
-10425
-9550
-6725
-6125
-5900
-8450
-11100
-10150
-7675
-5675
-6475
-9525
-12625
-12900
-9700
-7600
-8800
-11700
-16125
-16525
-13800
-10575
-11225
-15475
-18850
-20600
-18475
-14575
-13725
-18400
-23125
-23775
-21825
-17900
-16675
-19800
-25175
-26625
-23450
-20600
-18475
-20550
-24575
-27450
-25350
-20725
-19525
-20250
-23325
-26325
-24700
-20975
-19450
-20200
-22800
-24225
-24175
-22125
-19775
-20150
-21925
-23825
-24125
-22575
-20875
-20825
-21650
-23700
-23725
-23450
-21300
-20775
-22125
-23175
-22425
-23275
-21250
-20350
-19700
-21750
-22100
-20025
-19800
-18700
-17075
-18325
-20100
-17925
-16500
-16275
-15125
-14600
-16250
-16575

-13675
-12275
-12725
-12300
-12900
-13750
-12875
-10150
-9675
-11550
-11225
-11500
-11650
-9825
-8300
-9625
-11175
-11225
-10175
-9750
-8275
-7800
-10450
-11000
-10000
-8250
-7925
-7125
-8350
-10550
-9425
-7825
-6575
-5925
-7825
-9725
-9400
-7725
-5725
-5700
-7325
-10350
-11050
-8150
-6400
-6650
-8600
-12125
-13475
-11275
-8125
-8325
-11500
-14900
-17450
-16075
-11775
-11175
-14100
-18925
-20625
-20075
-16600
-14400
-16625
-22325
-24250
-22225
-20275
-17875
-18275
-23125
-26725
-25125
-21125
-19275
-19700
-22725
-26550
-26275
-22250
-18750
-20000
-22900
-24300
-25275
-22800
-19325
-19675
-21650
-23425
-24400
-22800
-20225
-19500
-21225
-23125
-23925
-22950
-21250
-20200
-21575
-23025
-23350
-23075
-21675
-21225
-20775
-22450
-23000
-22075
-21725
-20250
-18875
-20450
-21075
-20650
-18700
-18325
-17250
-16850
-18475
-18475
-16225
-14475
-14825
-14025
-14725

-15900
-14525
-11525
-11275
-12450
-12300
-12625
-12950
-10775
-9000
-9825
-11475
-11775
-10525
-11025
-8375
-7925
-10575
-11150
-10500
-9175
-8600
-8125
-8575
-10875
-10100
-8125
-7725
-6950
-7925
-9225
-9875
-8250
-5750
-5800
-6750
-9050
-10350
-8075
-5850
-5225
-6300
-10000
-11200
-9900
-7275
-6475
-8100
-10775
-14075
-13350
-9775
-8575
-10550
-14650
-17200
-17300
-14475
-11450
-13200
-18350
-21350
-20600
-18725
-15900
-15575
-20450
-24125
-24450
-21250
-18575
-18375
-20725
-25950
-26225
-23000
-19275
-19525
-21550
-24300
-26375
-23550
-19550
-19500
-21125
-23300
-24775
-23600
-20975
-18400
-20100
-22800
-23575
-22975
-21325
-19800
-20200
-22325
-23700
-23100
-21725
-20750
-21025
-21950
-23500
-23075
-22575
-20600
-20450
-21550
-22400
-22350
-20450
-20025
-19225
-18700
-20425
-20350
-18600
-17650
-16600
-15775
-16600
-18050
-16675
-14175
-13250
-13675

-13650
-14525
-14425
-12375
-10150
-10925
-11975
-12450
-11850
-11575
-8950
-8550
-10750
-11450
-11075
-10075
-8825
-8125
-8925
-11100
-10750
-9050
-8725
-7425
-7725
-8950
-10700
-9025
-6900
-6825
-6950
-8225
-10150
-8325
-6675
-5150
-6075
-8275
-10050
-8975
-6925
-5250
-6050
-8100
-11625
-11300
-8550
-6325
-7075
-10325
-13800
-14100
-12475
-9350
-10025
-13750
-17175
-18275
-16025
-13600
-12775
-16750
-20850
-22075
-19825
-17600
-16150
-18225
-23575
-25475
-22675
-19100
-18725
-19975
-23700
-26275
-24600
-20325
-19550
-20275
-23425
-25275
-24425
-21650
-18625
-20025
-22250
-24125
-23850
-21325
-18825
-19700
-21825
-23400
-22975
-22100
-20050
-19850
-21400
-22875
-23250
-22900
-21250
-20150
-21175
-22925
-23375
-22000
-21175
-20825
-19775
-21625
-22475
-20700
-19600
-18600
-18475
-18675
-20325
-19425
-16775
-15550
-16000
-15450
-16475
-16900
-14525
-12325

-12825
-13300
-13750
-13500
-13025
-10475
-9300
-11300
-11900
-11875
-10975
-10175
-8625
-8750
-11375
-11100
-9625
-9550
-8275
-8225
-9125
-11325
-10025
-7800
-7725
-7800
-8200
-10375
-9600
-7775
-5900
-6275
-7975
-8950
-9400
-7575
-4975
-5700
-6675
-9600
-9450
-7975
-5950
-5725
-7650
-10875
-11875
-10450
-7250
-7100
-10050
-13300
-15450
-13675
-11125
-9400
-13050
-16875
-19150
-17700
-15425
-13775
-15400
-20050
-23150
-21325
-18900
-16700
-18475
-21675
-25375
-24125
-20675
-19375
-19575
-22550
-25325
-25500
-22475
-18550
-20125
-22000
-24325
-25075
-22875
-19425
-19075
-21625
-23625
-23075
-22675
-20425
-19425
-20525
-22600
-23450
-22275
-21825
-20200
-20925
-22000
-23925
-22875
-21500
-20900
-20775
-22475
-22975
-22300
-22025
-20275
-20000
-20250
-22025
-21150
-19525
-18750
-17700
-17700
-19150
-19350
-17000
-15125
-15275
-15225
-15125
-16200
-15325

