
Curva de Excitacao - Bobina Girante (Dados Brutos)

Arquivo..............: C:\Arq\Wiggler\Medidas Wiggler - Corretoras\Bobina Tungstenio\Gap100\Translado100_X=4_#009.dat
Data.................: 26/01/2005
Hora.................: 15:18:05
Ganho................: 20
N. de Coletas........: 1
N. de Voltas.........: 10
Intervalo de Análise.: 4 - 8

-14675
-13275
-14850
-14800
-14075
-13225
-13975
-12775
-12800
-14225
-12050
-10650
-10550
-11475
-12050
-12875
-13175
-10925
-8275
-8875
-9550
-10800
-12750
-11900
-8875
-7525
-7500
-9775
-8975
-10325
-8725
-6775
-8025
-8875
-9100
-8150
-6850
-5825
-6500
-10350
-11275
-9900
-7925
-5400
-5675
-10600
-13650
-13550
-11050
-8950
-9075
-12025
-16650
-16575
-14275
-12875
-13575
-16350
-20725
-21075
-18875
-15325
-16725
-20700
-24050
-26000
-23600
-18175
-19350
-22475
-27150
-27450
-26100
-22550
-19800
-23075
-27750
-28675
-26650
-22575
-21200
-21750
-26400
-28900
-25375
-21775
-20400
-20600
-24400
-26700
-25100
-22450
-19650
-19825
-22300
-24475
-24675
-22700
-20750
-20600
-21675
-23750
-23650
-22450
-21050
-21200
-22100
-22575
-23025
-22750
-20400
-20300
-20775
-21600
-21850
-21225
-19850
-18125
-18075
-20100
-19300
-17875
-18575
-16225
-15375
-16875
-16775
-16150

-14800
-14775
-12950
-13425
-15550
-14075
-12750
-11550
-11875
-11625
-12600
-13700
-11825
-9750
-10950
-9950
-10700
-11975
-11500
-9425
-8400
-9325
-10700
-10075
-10250
-8525
-7225
-7825
-9275
-10125
-8700
-7500
-6400
-5650
-8450
-9700
-9100
-7575
-5375
-5750
-7650
-10850
-10600
-9000
-6700
-6825
-9125
-13075
-13150
-11325
-9925
-9550
-11950
-16600
-17575
-15875
-12775
-13300
-15100
-19775
-22850
-21375
-16450
-16700
-19000
-23125
-25625
-25075
-22000
-18375
-21600
-25200
-27775
-26700
-23725
-20875
-21225
-25825
-28625
-26650
-24225
-20800
-20700
-24075
-27250
-26050
-23475
-20275
-20850
-21750
-24725
-25525
-22850
-20450
-20100
-21200
-23625
-24150
-22800
-20700
-20300
-21575
-22675
-23825
-23100
-21125
-20775
-21100
-21550
-23150
-22400
-21300
-19525
-20050
-21075
-20525
-20550
-20375
-17975
-17400
-18625
-18900
-17800
-17225
-16500
-14700
-14325
-17600

-15850
-14200
-13700
-12925
-12575
-13150
-15350
-12800
-10925
-11750
-10775
-11000
-12775
-12300
-10700
-8850
-10225
-10875
-10600
-11300
-9725
-8050
-8725
-9950
-10400
-9100
-8750
-7550
-6300
-8375
-9750
-8975
-7975
-5750
-5825
-6625
-9450
-9550
-8350
-6075
-5750
-6750
-10325
-10800
-9475
-8150
-7000
-8650
-12000
-14575
-13000
-10425
-10150
-11525
-15175
-18950
-17725
-14625
-13450
-15075
-19350
-22650
-22550
-19875
-16075
-19025
-22350
-25075
-25950
-23650
-19700
-19850
-24050
-28025
-26400
-25325
-21525
-21050
-23350
-27575
-27675
-23975
-21900
-21050
-21875
-24925
-26750
-24050
-21300
-20075
-20925
-23625
-24750
-23525
-21400
-19425
-21425
-22050
-23875
-22975
-21625
-20250
-21225
-21900
-23250
-23000
-22150
-19750
-20600
-21725
-22150
-22475
-21300
-19625
-19150
-19775
-20925
-19850
-19425
-18875
-16575
-16975
-18775
-18000
-16275
-16075
-14525
-14450

-14725
-16525
-14100
-12600
-12900
-12150
-12475
-13750
-13450
-11300
-9975
-11400
-10975
-11425
-12400
-10525
-9025
-9700
-10250
-11150
-9675
-9850
-9000
-7625
-8900
-10025
-9525
-8900
-7175
-6825
-6625
-9100
-9675
-8000
-6300
-5325
-5725
-8625
-9525
-8600
-6900
-5675
-6400
-8975
-11250
-10775
-8625
-7950
-8075
-10975
-15475
-14325
-11925
-10225
-12100
-14375
-18500
-19225
-16800
-13775
-15900
-18500
-21525
-23100
-21800
-18050
-17700
-21050
-25900
-25550
-24500
-21575
-19800
-22475
-26525
-27850
-24950
-22675
-21450
-21750
-25400
-27300
-25300
-22550
-20525
-21425
-23225
-25525
-24825
-21675
-19600
-21025
-21875
-24100
-23525
-21825
-20375
-20275
-21125
-23400
-23225
-22300
-19900
-20550
-21400
-22425
-23075
-22025
-20075
-19725
-21175
-21950
-20700
-21300
-19925
-18275
-18550
-20225
-19625
-18175
-17925
-16800
-15575
-16550
-18550
-15800
-13950
-15125

-13950
-12700
-15250
-14975
-12525
-10800
-12675
-11750
-12025
-13325
-12125
-9650
-9875
-11325
-11200
-10625
-11125
-9775
-7900
-9475
-10600
-9825
-9550
-8800
-7375
-7050
-9025
-10200
-7975
-7350
-6375
-6075
-7725
-8900
-8450
-6000
-5300
-6000
-7125
-9475
-9050
-6975
-5750
-6450
-7725
-11725
-11500
-9375
-7875
-8600
-10450
-14250
-15575
-13725
-10950
-11900
-14525
-17475
-19425
-18800
-15750
-15025
-17800
-21700
-23075
-22975
-20100
-17475
-20425
-24375
-26325
-24425
-22875
-20875
-20650
-24725
-27825
-25850
-23150
-21175
-21575
-22925
-26550
-26225
-22650
-20000
-20675
-22200
-24325
-24275
-22150
-20000
-19800
-21250
-22725
-23275
-22225
-19575
-20075
-20975
-22100
-23150
-21925
-20475
-19975
-20750
-22325
-21925
-21650
-21200
-19425
-19825
-21150
-21175
-20275
-19700
-18750
-17575
-18475
-19900
-18125
-16350
-16700
-15825
-14875
-16875
-16400
-14550

-12650
-14050
-12625
-12950
-14675
-13000
-10875
-11000
-11250
-11975
-11400
-12175
-10375
-8400
-10150
-11025
-10550
-10275
-9700
-8175
-8100
-9225
-11000
-8800
-8325
-7225
-7050
-7700
-9300
-9025
-6650
-5600
-6325
-6000
-8850
-8625
-6450
-5325
-5275
-6125
-9075
-9350
-8450
-6175
-6150
-7575
-10450
-12125
-10900
-8750
-8650
-10475
-13400
-15675
-15400
-12775
-11700
-14100
-17075
-19550
-20075
-17900
-15100
-17175
-20975
-23950
-22950
-21475
-19725
-19475
-22900
-26250
-25625
-23650
-21100
-21325
-22525
-26525
-26775
-23975
-21200
-20875
-22225
-25000
-25650
-23650
-19425
-20000
-21550
-22650
-23675
-23150
-20525
-19475
-20525
-21975
-22900
-22300
-21100
-19575
-20300
-21700
-22575
-22250
-21425
-19650
-20550
-20900
-21750
-21725
-21100
-19775
-19025
-19700
-21000
-20200
-18900
-18600
-17050
-17125
-18725
-18575
-16575
-15700
-15400
-14175
-14425
-16575

-14950
-12550
-12300
-12900
-12525
-13000
-13725
-11150
-9350
-11350
-11225
-11525
-11500
-10625
-9225
-8250
-10175
-11125
-9875
-9575
-8500
-7275
-8325
-10200
-9450
-8150
-7300
-6975
-6300
-8975
-8400
-7325
-5850
-5325
-6025
-7300
-8825
-7725
-5425
-4900
-5800
-7800
-10100
-9300
-6875
-6550
-7300
-9450
-12225
-12725
-10200
-9000
-10325
-12975
-15700
-16550
-15275
-12275
-13675
-16775
-20300
-20300
-19525
-17125
-16625
-20100
-23725
-23775
-22925
-20575
-19750
-21175
-25350
-27100
-23875
-21950
-21075
-21975
-24375
-26625
-25050
-21650
-20600
-21825
-23225
-24225
-24625
-21600
-19875
-20275
-21875
-23350
-22825
-21350
-19375
-19625
-21050
-22275
-22625
-21425
-19800
-19975
-20725
-21900
-22150
-21400
-20525
-19250
-20175
-21625
-21075
-20575
-19725
-18725
-18425
-20025
-20350
-18550
-17800
-17550
-16500
-16325
-18500
-16875
-14850
-14700
-14050
-13825

-14750
-15325
-12725
-11225
-12450
-11875
-12500
-12375
-11475
-10050
-9225
-10975
-11150
-10475
-10800
-9100
-8100
-8750
-10500
-10400
-8600
-8350
-7875
-7050
-8950
-9425
-8375
-6800
-6275
-6225
-6850
-8550
-8275
-5625
-5175
-4950
-6675
-8825
-7575
-6550
-5075
-5450
-7025
-9900
-9575
-8425
-6600
-7775
-8900
-12175
-13300
-11800
-9700
-10475
-12575
-15700
-17100
-16475
-14125
-13650
-16550
-20050
-20875
-20475
-18750
-17550
-18625
-22500
-25325
-22925
-21725
-20100
-20850
-23625
-26175
-25350
-22400
-21250
-21850
-23125
-25525
-25250
-22775
-20625
-20950
-22000
-23625
-24150
-22525
-19675
-19600
-21225
-22350
-22775
-21725
-19900
-19375
-20400
-21750
-22125
-21500
-20800
-19400
-20375
-21650
-21725
-21525
-20500
-19325
-19700
-20600
-21625
-20450
-19675
-18850
-18175
-18450
-20075
-18725
-17125
-16600
-16150
-15775
-16700
-17400
-14525
-13250
-14000

