
Curva de Excitacao - Bobina Girante (Dados Brutos)

Arquivo..............: C:\Arq\Wiggler\Medidas Wiggler - Corretoras\Bobina Tungstenio\Gap100\Translado100_X=2_#007.dat
Data.................: 26/01/2005
Hora.................: 15:14:55
Ganho................: 20
N. de Coletas........: 1
N. de Voltas.........: 10
Intervalo de Análise.: 4 - 8

-14675
-12700
-13600
-13275
-14225
-15550
-14450
-11275
-11800
-12800
-11375
-11750
-12100
-11175
-10700
-12425
-12850
-11550
-9325
-9775
-8150
-9725
-13750
-13125
-10275
-8000
-6650
-8000
-9625
-12600
-11125
-7850
-6775
-6900
-9050
-10050
-10100
-7675
-5500
-8200
-10825
-11650
-10750
-6400
-4900
-8300
-12750
-16050
-14625
-9525
-7075
-8475
-15025
-18150
-19075
-14775
-10575
-12200
-18100
-22500
-22050
-18500
-14775
-15100
-21275
-27100
-26100
-20425
-17775
-17800
-22475
-28325
-29475
-24050
-18525
-18875
-23325
-27450
-29875
-25150
-20125
-18475
-22350
-27500
-27025
-24750
-20775
-18800
-21600
-25425
-25925
-24725
-20625
-19050
-20050
-23950
-25650
-25250
-22300
-20350
-20225
-23025
-24500
-24175
-23950
-21900
-20875
-21475
-23650
-23750
-22175
-22025
-20250
-19925
-22450
-21975
-21250
-18675
-18200
-17850
-18375
-19700
-19575
-16275
-15550
-15050
-14925
-16025

-16725
-15175
-12375
-12475
-13775
-13350
-13575
-13300
-11425
-10175
-11550
-13200
-12300
-11250
-11200
-8625
-9350
-12750
-12250
-11125
-9625
-7900
-8800
-9850
-12175
-10775
-8200
-8150
-7275
-9475
-10200
-10125
-8000
-5450
-7050
-9175
-10350
-10775
-6800
-5025
-5950
-9200
-12500
-12250
-8800
-6250
-6100
-11025
-14000
-15625
-12450
-8225
-8725
-13425
-18400
-19175
-16200
-12250
-10925
-16575
-23100
-23625
-19850
-15675
-14750
-18975
-25700
-27475
-24075
-18600
-17475
-20400
-25950
-29700
-26400
-20325
-18550
-20975
-26275
-28350
-27350
-21425
-18200
-20775
-24625
-26750
-26425
-22000
-19025
-18800
-23200
-26075
-25025
-22650
-19750
-19325
-22275
-24850
-24775
-23075
-21425
-20575
-21600
-23800
-24375
-22925
-22525
-20700
-20375
-23250
-23650
-22700
-20875
-20225
-19550
-19725
-21625
-21650
-18925
-17875
-17400
-17350
-17950
-19225
-17350
-14000
-51000
-15200

-15075
-15750
-15350
-12400
-10925
-12425
-13925
-13250
-12800
-12150
-9175
-9900
-12750
-12650
-11650
-10725
-9325
-9025
-9675
-12725
-10975
-9000
-9175
-8025
-9275
-10450
-11300
-9075
-6700
-7125
-8550
-9675
-10700
-7975
-5900
-5350
-7625
-10600
-10525
-8375
-5675
-4575
-7875
-11400
-12800
-10875
-6875
-6200
-9075
-14075
-15775
-13825
-10500
-7850
-12300
-17825
-19825
-17875
-13975
-11900
-14500
-21450
-23800
-21975
-17300
-16050
-17350
-22475
-28225
-26925
-19775
-17550
-19275
-24150
-27900
-28375
-22950
-18025
-19925
-24250
-27350
-26675
-23975
-19300
-18350
-22675
-26675
-25725
-23350
-19550
-18450
-21575
-24525
-25400
-22725
-20650
-19750
-20700
-23700
-24250
-23800
-22175
-20850
-20600
-22725
-24025
-23650
-21975
-20750
-20700
-21325
-23475
-22350
-20450
-19850
-19050
-19250
-20375
-21050
-19450
-16700
-16525
-16750
-17150
-17550
-17475
-14125
-13475

-13925
-14925
-14475
-14750
-13250
-10625
-10450
-13400
-13200
-12400
-11425
-10400
-9025
-10550
-13250
-11700
-9975
-9775
-8450
-9150
-11025
-11700
-10250
-7900
-8025
-8025
-9650
-11450
-9350
-7150
-6075
-7425
-9400
-10000
-8825
-6575
-4825
-7000
-9175
-10700
-9825
-6450
-5000
-6275
-10950
-13150
-12050
-9075
-5825
-8025
-13600
-16050
-15425
-12150
-9725
-10375
-16375
-21000
-19500
-15725
-13700
-13675
-18825
-24550
-24850
-19425
-16375
-16775
-21725
-26500
-27975
-23075
-17675
-18750
-22750
-26775
-27750
-25050
-19975
-18225
-21975
-26300
-26575
-25050
-20650
-18525
-20525
-24525
-26175
-23750
-20700
-19325
-19600
-22825
-24900
-23825
-21900
-20025
-20125
-22250
-24400
-24225
-22125
-20825
-20350
-21450
-23925
-23775
-21675
-21325
-20275
-20500
-21350
-22450
-21625
-18975
-18700
-18575
-18900
-20000
-19475
-16800
-15175
-15800
-16500
-16400
-16450
-15650

-12675
-11625
-14150
-14500
-13900
-12725
-11275
-9700
-10900
-13525
-12575
-10675
-10250
-9225
-9550
-11500
-12350
-10425
-8625
-8825
-8725
-9625
-11850
-10425
-8300
-6850
-7700
-9425
-9850
-9950
-7525
-5525
-6325
-8475
-10250
-9325
-6575
-5375
-4875
-8475
-11125
-10575
-7850
-4975
-5625
-9800
-12625
-13575
-9825
-7000
-7500
-12000
-16775
-16500
-14100
-10800
-10425
-14625
-20050
-21125
-18100
-14850
-14200
-17100
-22875
-25700
-22100
-17325
-17300
-20125
-24025
-27475
-25300
-20325
-17725
-20925
-25250
-27050
-26575
-21500
-18475
-20075
-24500
-26900
-25175
-21700
-19025
-19200
-22900
-24900
-24050
-22175
-19500
-19475
-21425
-24100
-23350
-22125
-20625
-19850
-20725
-23450
-24250
-22300
-21200
-20750
-20775
-22050
-23300
-22825
-20350
-20175
-19925
-20250
-21725
-21475
-19150
-17350
-17875
-18550
-18200
-18525
-17300
-15075
-13975
-15800
-16075
-15675

-14800
-13050
-10800
-11975
-14325
-13500
-12125
-11625
-9725
-10075
-11925
-12850
-11175
-9125
-9700
-8750
-9975
-11350
-10900
-8375
-8025
-8175
-9800
-10350
-10675
-7825
-6350
-7450
-8400
-10100
-9400
-7950
-5275
-4875
-7750
-9650
-9800
-8275
-4775
-4325
-7500
-10225
-11400
-8800
-6025
-5275
-8200
-13125
-13125
-11625
-8775
-7400
-10750
-15825
-18175
-15300
-11875
-11050
-13000
-18750
-23150
-20050
-15850
-14250
-17100
-21275
-25675
-24050
-19800
-16675
-19150
-23350
-26325
-26825
-22250
-18250
-18675
-23900
-26650
-26150
-23150
-19300
-18350
-22675
-25975
-25375
-22650
-19250
-18900
-20500
-24075
-25075
-22450
-20050
-19125
-20250
-23050
-24325
-22375
-20650
-20025
-20875
-22375
-23725
-23075
-21075
-20725
-20425
-21100
-23550
-22800
-20825
-18975
-19325
-20025
-20375
-21375
-19400
-16925
-16200
-17350
-18175
-17825
-17350
-15075
-13175
-13825
-16000

-15375
-13625
-12775
-11150
-10825
-12975
-14125
-12175
-10225
-10425
-9200
-10150
-12750
-11825
-9500
-8275
-8500
-9800
-10675
-12000
-9050
-7000
-7650
-8650
-10250
-10400
-8825
-6950
-5375
-7750
-9550
-9475
-8325
-5125
-5250
-5825
-9050
-10375
-8225
-5525
-4450
-6075
-9900
-11500
-10075
-7300
-5100
-7400
-11550
-14675
-13475
-10325
-8400
-8900
-14475
-18600
-17875
-13925
-12025
-12875
-17275
-22425
-22175
-17975
-15000
-16375
-20225
-24425
-25850
-22300
-17600
-17725
-21875
-25900
-26300
-24225
-19925
-18175
-21850
-25725
-26600
-23700
-20400
-19100
-20025
-23650
-25775
-23525
-20550
-18575
-19425
-22625
-24450
-23450
-20650
-19150
-19500
-22050
-23925
-23025
-21225
-20775
-20000
-21175
-23200
-23250
-21725
-20075
-20200
-20925
-21625
-22725
-21175
-18675
-18950
-18950
-19475
-19825
-19875
-17600
-15225
-16050
-17425
-17250
-16425
-15625
-12650
-11975

-14275
-15550
-13600
-12475
-11850
-9950
-10950
-13900
-12550
-10450
-9850
-9375
-9400
-10925
-12700
-9875
-7850
-8475
-8850
-10025
-11175
-9850
-8025
-6000
-8200
-9350
-10100
-9625
-7050
-5500
-5650
-8400
-10200
-8400
-6675
-4775
-5000
-7950
-9700
-9375
-6900
-4225
-5800
-8125
-11750
-11350
-9025
-6475
-6025
-10450
-14575
-14425
-12150
-9650
-9250
-12700
-18350
-19450
-15750
-13225
-13200
-15825
-20825
-23625
-20600
-16525
-16175
-18850
-23500
-25975
-24325
-19425
-17250
-21000
-24300
-26550
-24975
-21700
-18625
-19650
-24225
-25950
-24250
-22225
-19025
-18775
-22025
-25300
-24050
-20850
-19250
-19275
-19975
-23700
-23775
-21550
-19575
-19775
-21100
-22325
-23350
-22450
-20075
-19925
-21100
-22175
-23575
-22175
-19975
-20000
-20000
-20775
-21625
-21325
-19500
-18050
-18075
-19075
-19275
-19275
-17650
-15525
-14400
-15950
-17050
-15775
-14900
-13775

