
Curva de Excitacao - Bobina Girante (Dados Brutos)

Arquivo..............: C:\Arq\Wiggler\Medidas Wiggler - Corretoras\Bobina Tungstenio\Gap100\Translado100_X=-1_#004.dat
Data.................: 26/01/2005
Hora.................: 15:07:34
Ganho................: 20
N. de Coletas........: 1
N. de Voltas.........: 10
Intervalo de Análise.: 4 - 8

-15050
-13300
-13500
-12575
-12700
-13625
-14425
-12200
-11100
-12475
-10800
-10675
-11650
-11750
-11075
-11900
-12250
-11425
-9475
-10525
-9400
-10250
-12400
-12850
-11400
-9425
-8800
-9425
-8950
-11750
-11500
-10500
-9225
-8225
-8900
-9450
-10425
-9825
-8425
-9025
-10100
-11000
-11325
-9000
-7775
-8950
-10650
-13350
-14700
-12150
-10475
-9250
-12725
-14575
-17925
-16825
-14500
-12825
-15625
-17950
-20425
-19375
-18500
-15950
-18350
-22250
-24025
-21600
-20950
-18800
-19950
-22975
-26200
-25025
-21650
-20650
-20925
-23075
-25650
-25825
-23125
-20375
-21700
-23750
-23950
-24525
-23100
-21025
-21400
-23575
-23975
-25100
-23025
-22300
-21025
-23025
-24725
-25125
-24300
-23475
-22050
-23300
-23925
-24275
-24550
-24375
-23500
-22775
-23325
-23800
-23025
-23350
-21725
-21275
-21900
-21900
-21275
-19950
-19225
-18825
-17725
-18275
-19500
-16975
-15775
-15675
-14800
-14700

-15375
-15550
-12800
-11775
-13675
-12350
-12175
-12825
-12025
-10275
-10500
-12450
-11575
-10475
-11700
-9775
-9175
-11475
-11900
-11075
-10025
-10125
-9725
-9475
-11000
-11400
-9975
-9300
-9225
-9825
-9300
-10350
-9950
-8175
-7750
-9500
-9825
-10875
-9225
-8000
-6775
-8700
-10600
-12075
-10650
-9650
-8025
-9675
-11200
-13875
-14300
-11650
-10225
-12575
-14275
-16975
-17100
-16075
-12950
-14600
-18500
-21000
-20175
-19450
-17075
-16675
-20325
-23325
-24600
-21250
-20325
-18875
-21225
-24775
-26125
-23300
-20450
-20850
-22550
-23675
-25950
-23825
-21300
-20500
-22500
-23450
-24475
-24175
-22525
-20175
-21450
-24100
-24275
-23875
-22925
-21725
-22050
-23425
-24275
-24375
-23375
-23350
-22825
-23575
-24275
-24200
-24625
-22725
-21800
-23525
-23225
-23350
-21950
-21925
-20725
-19975
-21225
-21300
-19750
-18625
-18400
-17025
-17175
-17975
-17625
-15550
-13700
-15450

-13850
-14200
-14550
-13500
-11325
-11100
-13150
-12000
-11500
-12300
-10850
-9150
-11300
-11700
-11275
-10100
-10625
-9725
-9400
-11150
-11375
-10050
-9875
-9525
-9475
-9600
-11025
-10700
-9000
-8675
-9175
-9250
-10150
-9525
-8775
-7400
-7950
-9550
-10075
-10000
-8875
-7675
-7600
-9300
-11425
-12150
-10250
-8525
-9150
-11075
-13025
-14675
-13950
-11125
-11125
-14650
-16525
-17750
-17225
-15500
-14025
-17150
-20475
-21625
-19825
-19800
-17050
-18325
-22800
-25000
-22825
-20450
-19775
-20950
-22000
-26000
-24975
-21925
-20125
-21500
-23250
-23725
-24975
-23250
-20000
-20650
-23275
-23875
-24125
-22550
-21725
-21000
-22600
-24000
-24150
-22850
-22875
-21775
-22975
-23600
-24425
-23925
-23375
-22375
-23700
-23725
-23950
-23425
-22950
-22575
-21600
-22950
-22650
-21500
-21425
-20650
-19650
-19300
-20150
-20050
-17925
-17175
-17225
-16150
-16350
-17025
-15425
-13725

-13350
-14700
-12825
-13325
-13925
-11700
-9900
-12075
-12075
-11625
-10950
-11725
-9425
-9325
-11600
-11550
-10250
-10725
-9875
-9300
-9325
-11200
-11300
-9500
-9725
-9050
-8975
-10200
-10600
-9550
-8100
-8350
-9500
-9200
-9975
-9075
-7825
-7025
-8775
-9600
-10725
-9375
-8450
-7400
-8775
-10575
-12150
-11925
-9700
-8700
-11075
-12650
-14675
-14900
-13450
-11375
-13275
-16775
-18125
-17775
-17250
-15175
-15225
-19375
-22400
-21675
-19625
-18250
-18875
-20375
-24175
-24650
-21275
-20225
-20050
-22175
-23075
-25600
-23450
-20500
-20350
-22175
-23275
-24625
-23400
-21275
-19925
-21750
-23775
-23225
-22875
-22875
-21150
-21900
-23100
-23625
-23550
-22625
-22400
-22300
-23150
-24000
-23925
-23275
-22750
-22025
-23775
-23375
-22850
-22950
-22225
-21500
-21100
-22300
-22000
-20025
-19950
-19175
-18125
-18925
-19425
-17950
-16125
-15900
-16250
-15175
-14950
-16300

-13700
-11950
-12800
-12900
-12700
-12200
-12425
-10150
-9500
-11700
-11650
-10825
-10625
-10350
-9275
-9400
-11350
-10900
-9450
-9825
-9300
-8825
-10550
-10725
-10275
-8350
-8325
-9500
-8900
-10200
-9425
-8650
-7475
-7800
-8975
-9500
-9075
-8350
-7025
-7350
-8750
-10325
-10275
-8025
-7850
-8675
-9775
-11925
-12275
-11075
-9050
-10225
-12600
-14500
-15550
-15225
-12425
-12125
-15600
-18300
-18875
-18025
-17075
-15350
-17775
-21500
-23125
-19750
-19850
-18700
-19775
-21700
-25100
-23525
-20250
-20100
-21100
-22425
-24525
-24250
-22025
-19250
-21050
-23425
-22975
-23550
-22300
-20450
-20600
-22275
-22950
-23400
-22475
-21875
-21050
-22275
-23350
-23900
-23075
-22250
-21600
-23225
-23300
-23750
-22950
-23100
-22050
-22225
-22875
-23300
-22000
-22025
-21025
-20175
-20975
-21175
-20700
-18500
-18725
-18325
-17250
-17325
-18400
-15800
-14975
-14925
-14625
-13925

-14600
-14075
-11750
-10875
-12725
-12275
-11850
-11700
-10900
-9175
-9450
-11800
-10900
-9975
-10500
-9225
-8600
-10425
-10875
-9950
-9225
-9225
-9350
-8875
-10225
-9875
-8625
-8375
-8325
-9150
-8850
-9850
-8625
-6950
-7425
-8150
-9000
-9325
-8575
-7250
-6900
-8125
-9975
-10200
-9800
-8000
-7975
-9475
-11150
-12600
-12700
-10775
-9700
-12000
-14350
-15700
-15500
-15075
-12975
-13975
-18075
-19900
-18775
-18050
-16550
-17225
-19625
-22775
-22675
-19775
-19675
-19350
-20900
-23475
-24225
-22325
-19500
-20525
-22250
-22975
-24250
-22750
-20450
-20100
-21750
-23000
-23325
-22775
-21625
-19725
-20950
-23300
-23250
-22475
-22325
-21400
-21600
-22775
-23600
-22950
-22575
-22525
-22175
-22900
-23500
-23175
-23150
-21750
-21550
-22150
-22900
-22500
-21075
-20600
-19975
-19725
-20275
-20500
-18550
-17675
-17350
-16725
-16750
-16925
-16175
-14500
-13100
-14300

-13850
-13575
-13500
-12200
-10650
-10400
-12175
-11450
-10900
-11100
-9875
-8725
-10525
-10900
-10450
-9375
-9625
-9250
-8700
-10650
-10375
-8975
-8975
-8975
-8700
-9275
-10300
-9675
-7550
-7850
-8500
-8875
-9425
-8350
-8025
-6300
-7400
-8825
-9275
-8725
-8150
-6850
-7325
-8650
-10500
-10525
-9100
-8350
-9050
-10475
-12525
-13275
-12350
-10775
-11000
-13950
-15825
-16500
-15800
-14450
-14325
-16425
-19600
-20100
-18850
-18350
-17025
-18125
-21950
-23400
-21500
-19625
-19150
-20825
-21675
-24500
-23100
-20925
-19950
-21100
-22650
-23000
-23450
-21825
-19800
-20275
-22225
-23025
-22900
-21775
-20700
-20625
-21825
-23175
-23000
-21950
-22075
-21025
-22450
-22725
-23475
-23150
-22425
-21450
-22450
-23225
-23400
-22475
-22025
-21700
-21100
-22250
-22050
-20850
-20200
-19850
-18925
-18625
-19700
-18850
-16875
-16350
-16475
-15375
-15500
-16375
-14375
-12425

-12600
-13275
-12325
-12675
-13050
-10500
-9275
-11100
-11250
-10700
-9975
-10500
-8500
-8650
-10925
-10575
-9075
-9325
-9425
-8225
-8900
-10625
-10125
-8075
-8650
-8325
-8375
-9575
-9800
-8550
-7000
-7525
-8600
-8450
-9075
-8075
-6625
-6975
-7700
-8800
-9375
-8350
-7475
-6900
-8275
-10150
-11050
-10100
-8875
-8525
-10700
-12025
-13800
-13650
-12300
-10900
-12875
-16050
-16825
-17025
-16250
-14975
-14900
-18925
-21050
-20250
-18675
-17825
-18750
-19700
-23925
-22450
-20675
-19475
-20100
-21275
-22950
-24400
-22225
-19625
-20100
-21625
-22500
-23225
-22725
-20600
-19475
-21450
-22700
-22150
-22075
-21825
-20300
-21300
-22525
-23000
-22300
-22075
-21425
-21700
-22500
-23575
-22950
-22300
-22125
-22125
-22475
-22700
-22425
-22250
-21550
-20475
-20500
-21550
-21000
-19700
-19200
-18600
-17675
-18325
-18500
-17050
-15600
-15200
-15550
-14275
-14675
-15300

