
Curva de Excitacao - Bobina Girante (Dados Brutos)

Arquivo..............: C:\Arq\Wiggler\Medidas Wiggler - Corretoras\Bobina Tungstenio\Gap100\Translado100_X=-5_#016.dat
Data.................: 26/01/2005
Hora.................: 14:50:36
Ganho................: 20
N. de Coletas........: 1
N. de Voltas.........: 10
Intervalo de Análise.: 4 - 8

-13225
-14325
-12300
-10550
-12300
-11675
-10725
-10100
-11425
-9750
-9100
-11400
-10725
-9250
-9500
-9700
-9075
-10450
-11050
-10750
-9125
-9400
-10700
-10000
-10550
-11150
-9950
-9775
-10050
-10900
-10175
-10025
-10800
-9200
-9575
-10450
-10500
-10875
-9525
-9225
-8925
-10125
-11400
-11575
-10525
-10425
-9425
-10775
-12025
-12900
-13975
-12275
-11500
-12450
-14625
-16000
-15225
-15850
-14600
-14425
-17725
-18850
-19050
-17650
-17700
-18050
-18700
-21275
-22650
-20100
-19500
-19200
-21000
-21975
-23800
-22525
-20700
-20075
-22325
-22550
-23200
-23075
-22200
-21375
-22000
-23275
-23625
-22925
-23475
-22150
-22675
-24375
-24350
-24350
-23200
-23800
-24175
-24625
-25000
-25300
-24300
-24750
-24225
-25150
-24800
-24925
-24725
-24050
-23175
-24150
-23675
-23650
-21825
-21975
-21275
-20925
-20550
-20925
-19100
-18175
-17625
-17200
-16750
-16200
-16575
-14350
-13175
-14050

-13700
-12775
-12400
-12050
-10700
-9725
-11725
-10900
-10250
-10075
-9675
-9025
-9300
-10575
-10125
-9050
-9125
-9625
-9325
-9925
-10800
-9900
-9275
-9775
-10575
-10225
-10250
-10750
-9475
-9250
-9675
-10575
-10600
-9675
-9450
-9300
-8800
-10575
-10275
-10075
-9175
-9125
-9650
-10325
-10725
-12200
-10550
-9575
-10225
-11625
-13175
-13275
-13750
-12000
-11700
-14575
-15600
-16625
-15450
-15925
-14850
-16150
-18925
-19925
-18375
-18350
-17675
-18425
-20425
-22400
-22025
-19175
-19500
-20750
-21475
-22675
-23100
-21650
-20225
-21150
-22900
-22375
-23025
-22875
-21650
-20725
-23100
-23575
-23550
-22575
-22725
-22925
-23100
-24450
-24250
-23825
-23875
-23750
-24575
-24525
-24825
-25025
-24250
-23875
-24550
-24800
-24875
-23925
-23275
-23425
-22775
-23325
-22875
-22150
-21050
-20275
-20300
-19875
-18950
-19925
-17500
-16075
-16500
-16375
-15650
-14925
-51000
-13100

-11900
-13125
-12575
-11575
-12025
-10950
-9550
-9400
-11175
-10925
-9300
-9475
-9325
-8600
-9825
-10775
-9725
-8925
-9225
-9775
-9375
-10175
-11175
-9775
-8625
-9775
-10450
-10400
-10325
-10350
-9200
-8850
-10475
-10375
-10250
-9650
-9250
-9000
-9425
-10300
-11150
-9525
-9225
-9125
-9975
-11150
-11850
-11850
-10450
-9675
-11950
-13075
-14100
-13950
-13675
-12375
-12750
-16425
-16900
-16575
-16525
-15900
-15325
-17975
-20250
-20700
-18050
-18075
-19100
-19600
-21325
-22625
-20975
-19300
-20350
-21625
-21750
-23000
-22725
-20975
-19850
-21850
-23025
-23250
-22350
-22475
-21175
-21600
-24000
-23325
-22625
-23250
-22925
-23200
-23675
-24275
-24550
-23425
-23850
-24325
-24700
-24600
-24850
-24250
-23975
-23725
-24725
-24275
-23575
-23450
-23125
-22375
-21600
-22225
-22300
-20425
-19625
-19500
-18650
-18925
-17800
-17875
-15875
-14550
-15725
-15100
-13700
-14225

-13150
-11125
-11050
-12550
-11800
-10350
-11100
-9750
-8875
-9450
-11275
-9725
-8725
-9275
-9350
-8575
-9800
-11125
-9125
-8675
-9375
-10075
-9800
-10450
-10375
-8850
-8525
-10525
-10550
-9925
-10125
-9575
-9025
-8750
-10175
-10625
-9525
-9500
-8975
-8600
-9625
-10850
-10925
-9375
-8650
-10350
-10550
-11700
-12200
-11375
-10925
-10200
-13700
-13675
-14400
-14600
-13525
-13325
-14875
-17175
-18075
-16675
-16575
-16600
-16950
-19575
-20800
-20075
-18300
-19300
-19825
-20425
-21900
-22525
-20375
-19625
-20750
-22275
-22200
-22550
-22175
-20200
-20550
-23275
-22925
-22425
-22500
-21825
-21950
-22025
-23550
-24050
-22900
-22875
-23075
-23675
-24050
-24625
-24300
-23775
-23200
-24600
-25050
-24375
-24200
-24000
-23625
-23075
-23925
-24300
-22775
-21825
-21675
-21425
-21175
-20650
-21000
-19000
-17350
-19000
-17500
-16725
-16775
-16025
-13825
-13475
-14725
-13875

-12350
-12700
-11450
-9825
-10675
-12325
-10675
-9275
-9825
-9225
-8350
-9750
-10800
-8825
-8550
-8850
-9100
-8975
-9900
-10575
-8500
-8175
-10500
-9875
-9325
-10050
-9650
-9000
-9075
-10325
-10200
-9450
-9550
-8675
-8500
-9300
-10275
-10450
-8825
-8525
-8800
-9150
-10375
-10525
-10200
-9850
-8650
-11000
-11175
-11775
-12450
-11675
-11000
-11875
-14600
-14875
-14325
-14525
-14350
-14025
-16750
-18400
-18375
-16250
-17375
-17950
-18000
-19925
-21625
-19550
-18425
-19575
-20600
-21225
-22000
-22150
-19750
-19775
-21925
-22525
-21800
-21925
-21650
-20800
-21400
-22850
-22950
-22150
-22475
-21675
-21675
-23225
-23775
-23525
-22725
-22850
-23825
-23925
-24375
-24050
-23775
-24025
-23975
-24400
-24500
-23900
-23775
-23100
-22925
-22975
-23425
-22775
-21275
-20700
-21125
-20175
-19800
-19925
-18850
-17275
-16525
-16975
-16525
-15250
-15525
-14425
-12175
-12925

-13550
-12425
-11250
-11525
-10275
-9550
-10275
-11150
-9200
-8750
-9025
-8900
-8675
-9750
-10025
-7975
-7900
-9350
-9000
-9425
-9850
-9325
-8800
-8675
-9775
-9775
-9225
-10125
-9250
-8525
-9050
-9950
-9925
-9000
-8875
-8800
-8725
-9925
-9600
-9300
-8650
-8150
-9675
-9525
-10225
-10975
-9950
-9400
-9400
-11500
-12775
-12225
-12575
-11875
-11650
-13450
-15375
-15925
-14375
-15275
-15225
-15775
-17675
-18850
-18250
-17175
-17600
-18700
-19150
-21075
-20950
-19175
-18650
-20650
-21275
-21300
-22275
-21125
-20000
-20225
-22275
-22250
-21575
-22000
-21525
-20650
-21975
-23050
-22775
-21350
-22200
-22625
-22750
-23475
-23525
-23250
-22925
-23200
-24275
-24100
-24150
-24250
-23575
-23325
-23825
-23975
-24500
-23175
-22450
-22925
-22525
-22200
-22450
-21350
-20200
-19275
-19825
-19500
-18575
-18725
-16875
-15725
-15175
-16250
-15025
-14275
-13650
-12775

-11325
-12075
-12400
-11050
-10625
-10225
-9375
-9225
-9950
-10525
-8475
-8275
-8825
-8525
-8900
-9725
-9025
-8025
-8425
-9325
-9125
-9200
-9950
-8850
-8400
-9150
-9875
-10000
-9225
-9500
-8650
-8200
-9800
-9475
-9600
-8900
-8225
-8750
-8800
-9400
-9775
-8975
-8750
-8450
-9525
-10950
-10050
-10875
-9600
-9725
-10950
-12825
-13225
-12150
-12675
-12550
-13000
-14950
-16425
-15850
-15250
-15575
-16225
-16725
-18975
-19925
-17800
-17375
-18675
-19975
-19775
-21250
-20725
-19325
-19100
-21525
-21525
-21375
-21525
-20975
-19850
-21100
-22500
-22225
-21525
-21350
-21300
-21200
-22900
-22575
-22425
-22250
-22175
-22775
-22975
-23725
-23675
-22950
-23125
-23550
-24000
-24475
-23825
-23275
-23350
-23400
-23850
-23725
-23025
-22625
-21775
-22125
-21350
-21275
-21250
-20200
-18800
-18300
-18750
-17925
-17200
-16850
-15650
-14050
-14975
-14575
-13400
-12775

-12375
-11125
-10525
-11325
-11625
-9950
-9075
-9700
-8450
-9000
-10125
-9475
-8200
-8000
-8875
-8525
-8650
-10075
-8975
-8125
-8425
-9625
-9475
-9200
-9650
-8925
-8075
-9775
-9800
-9675
-8750
-9025
-8650
-8275
-9425
-10125
-8675
-8500
-8450
-8725
-9175
-9800
-10400
-8525
-8275
-9675
-10400
-11175
-10650
-11350
-10450
-10350
-12550
-13525
-13400
-13600
-13625
-13325
-13975
-16525
-17300
-16125
-16125
-16450
-17100
-18425
-20300
-19000
-18450
-18475
-19750
-19925
-21000
-21800
-20300
-18950
-20375
-21575
-21575
-21575
-21625
-20425
-19950
-22525
-22275
-21700
-21425
-22025
-21450
-21600
-22950
-23650
-21925
-22725
-22600
-23075
-23450
-24075
-23450
-23150
-23175
-24075
-24325
-23875
-23525
-23475
-23325
-22975
-22900
-23525
-22375
-21500
-21225
-21125
-20550
-20350
-20300
-18450
-17575
-17625
-17700
-16125
-16250
-15300
-14300
-12925
-13800
-13725

