
Curva de Excitacao - Bobina Girante (Dados Brutos)

Arquivo..............: C:\Arq\Wiggler\Medidas Wiggler - Corretoras\Bobina Tungstenio\Gap100\Translado100_X=9_#014.dat
Data.................: 26/01/2005
Hora.................: 15:27:30
Ganho................: 20
N. de Coletas........: 1
N. de Voltas.........: 10
Intervalo de Análise.: 4 - 8

-13775
-13700
-14550
-14875
-14950
-15650
-13500
-11475
-13550
-14400
-12475
-11675
-10875
-2193725
-9600
-8275
-9975
-13050
-11600
-8725
-7350
-6975
-8575
-9325
-10900
-7700
-4575
-5525
-6950
-9125
-9025
-7225
-3350
-2225
-6075
-9975
-9325
-7875
-2675
-2350
-5325
-10500
-12425
-9825
-4700
-4075
-6775
-12900
-15100
-14400
-8800
-6400
-10800
-17625
-19850
-19225
-13600
-11325
-13200
-22250
-26475
-24425
-18175
-15725
-17425
-24875
-30850
-29675
-23075
-18725
-20950
-26425
-32650
-33225
-26850
-19700
-21350
-27350
-32875
-32300
-28200
-20525
-19700
-25325
-31650
-30350
-26975
-20050
-19025
-21250
-27775
-29200
-25125
-19475
-17425
-19425
-24300
-26400
-24600
-19700
-17175
-18900
-22200
-24075
-23400
-20650
-18325
-18050
-20450
-24050
-22400
-20375
-17750
-17800
-18500
-21225
-21975
-19875
-16400
-16775
-17075
-18025
-18650
-19300
-15475
-13725
-14700
-16650

-16325
-16675
-14550
-11600
-12075
-14150
-15075
-13625
-12625
-11300
-9250
-10325
-14025
-12625
-11100
-9000
-8225
-8750
-10600
-11975
-9900
-6775
-7200
-7075
-9200
-9350
-8700
-5825
-3600
-5950
-8825
-8375
-8250
-3925
-2950
-3775
-8300
-10200
-8475
-4200
-3200
-3700
-9100
-11700
-11500
-7050
-3975
-7000
-11425
-15500
-15575
-11325
-8100
-9200
-16500
-21325
-19925
-16600
-12350
-13275
-19700
-27125
-26475
-21025
-17000
-18075
-22375
-29500
-31650
-27075
-19025
-20225
-24925
-31525
-32500
-29650
-21925
-20075
-24800
-31400
-32350
-28775
-23000
-20100
-21725
-27975
-31700
-27425
-22350
-18300
-19875
-24725
-28175
-26400
-21100
-17225
-19025
-22050
-25200
-24150
-21375
-18000
-18150
-20150
-24150
-23000
-21500
-18325
-17775
-19375
-21850
-23275
-20500
-17975
-18000
-17675
-19500
-20950
-20350
-17525
-15400
-16650
-17125
-17875
-18425
-16525
-13250
-13550

-15600
-16250
-14625
-14275
-12725
-10925
-12200
-14850
-13525
-12000
-10775
-10075
-9275
-12150
-13225
-10775
-8300
-9050
-8000
-9450
-10800
-10350
-7650
-5400
-6975
-7850
-8525
-9400
-6025
-4050
-4125
-7250
-9275
-7550
-5000
-3300
-3250
-6450
-9750
-9525
-5800
-2875
-4375
-7050
-11725
-12725
-9325
-4925
-6225
-10450
-16200
-15875
-13975
-9500
-9300
-14275
-21600
-21900
-18350
-14125
-14600
-17625
-25725
-27200
-24450
-17950
-18325
-21525
-28275
-31100
-29225
-21400
-19600
-23750
-29675
-32000
-30525
-24550
-20250
-22425
-28775
-32175
-29200
-25025
-19775
-20500
-25150
-30200
-28200
-22550
-18525
-19525
-22050
-26400
-25550
-22500
-17450
-18050
-20350
-23625
-24000
-22275
-18375
-17100
-19600
-22150
-23300
-21275
-18825
-18225
-18400
-20625
-21750
-21125
-18400
-16675
-17900
-18525
-19525
-19675
-17925
-14750
-15225
-16425
-17675
-16550
-16225
-13775

-12750
-13400
-15675
-14150
-14000
-12150
-11375
-10875
-13075
-13750
-11700
-9400
-10000
-9475
-10425
-11950
-10775
-8825
-6925
-8000
-8700
-9550
-10225
-7350
-5025
-5375
-6900
-9075
-7700
-6875
-3825
-3300
-5975
-8175
-7950
-5475
-2525
-3500
-4800
-9200
-9550
-7175
-3175
-3950
-6600
-12125
-11600
-11025
-6050
-5925
-9775
-15550
-17500
-14300
-11625
-9925
-12950
-19925
-22750
-20625
-16075
-14925
-17750
-22950
-27950
-26550
-20400
-17325
-21225
-26700
-30425
-29600
-24600
-19875
-21700
-27700
-32375
-29950
-26425
-20775
-21275
-25425
-31325
-30150
-24700
-20275
-19975
-22850
-28000
-27950
-23800
-19125
-18125
-20975
-24475
-25600
-23150
-18675
-16875
-19400
-22250
-24075
-21850
-18825
-17325
-18325
-21175
-22925
-21375
-19400
-17475
-18550
-19075
-20925
-21325
-18300
-16650
-16375
-18125
-19100
-18775
-17575
-14975
-14150
-15750
-16850
-16325
-15150

-14175
-12225
-12125
-14600
-15475
-13125
-11075
-11400
-10200
-11125
-13625
-12250
-9750
-8400
-9575
-9350
-10825
-11150
-8850
-6250
-6825
-8000
-9925
-8575
-8000
-4600
-4450
-6200
-8525
-7925
-6275
-3700
-3425
-4025
-7825
-8800
-6175
-3050
-2375
-4350
-8300
-9725
-8800
-4400
-3250
-6150
-11025
-12975
-11575
-8600
-6725
-8350
-14900
-18575
-16325
-12825
-11050
-13275
-17900
-23700
-23050
-17700
-15000
-17625
-22275
-27575
-27850
-23200
-18250
-20400
-25225
-29800
-29875
-27275
-20875
-20725
-25000
-31350
-30900
-27275
-22175
-20575
-22825
-29575
-30175
-26025
-20975
-19625
-21700
-25025
-27450
-25100
-20050
-17375
-19750
-22475
-24625
-23650
-19925
-17050
-18000
-20700
-23600
-22325
-19825
-17475
-18125
-19450
-21575
-22550
-19625
-17300
-17675
-18650
-20425
-20075
-19800
-16550
-15150
-17200
-18600
-18250
-17050
-15950
-13825
-13550
-15950
-17050

-14900
-13125
-12625
-11500
-12500
-14825
-13925
-11075
-10025
-11075
-10150
-11850
-12625
-10225
-7425
-8225
-9275
-10675
-9800
-9850
-6300
-5125
-7375
-9275
-8800
-7600
-5150
-4250
-3875
-7725
-8450
-6325
-4250
-2575
-3450
-6025
-8875
-7500
-3725
-2125
-4200
-6950
-10625
-9250
-6275
-3700
-5200
-10025
-13575
-13575
-10250
-7325
-8850
-12600
-19050
-18500
-15525
-12000
-13225
-17075
-22825
-24725
-21325
-16050
-16975
-21475
-26825
-27925
-26425
-20550
-19150
-23025
-29550
-30900
-27925
-23500
-20800
-22825
-28950
-31350
-28350
-23075
-20425
-22175
-25725
-29275
-27725
-22525
-18600
-19875
-23050
-26475
-25325
-21700
-17400
-18275
-20675
-24250
-23550
-20825
-17575
-18000
-19075
-22175
-22775
-20950
-18150
-17350
-18400
-21075
-21500
-20975
-17575
-16300
-18275
-18925
-20025
-18975
-18100
-15175
-15225
-17075
-18575
-16975
-15525
-14175
-12800
-13400

-16500
-15550
-12800
-12000
-12025
-10925
-13175
-14250
-11800
-9575
-9600
-10200
-11075
-11300
-11700
-8100
-6550
-8725
-9525
-9950
-9200
-7400
-5275
-5250
-8000
-8775
-7275
-5850
-3550
-4275
-5450
-8550
-7250
-4425
-2725
-3650
-4625
-8500
-7725
-5750
-2775
-3175
-6175
-10250
-9975
-8375
-5400
-5025
-8125
-13950
-14850
-12050
-9525
-8875
-12175
-17625
-20475
-18125
-13150
-13750
-16900
-21900
-24950
-23850
-19375
-16750
-20650
-25450
-28875
-27225
-23700
-19750
-21725
-27625
-31300
-28625
-25225
-21600
-22225
-25675
-30825
-29175
-24425
-21100
-21400
-23575
-27725
-27600
-24250
-18900
-19150
-21900
-24450
-25000
-22625
-18725
-18000
-19700
-22550
-23125
-21350
-19175
-17575
-18750
-20475
-22175
-21600
-18950
-17000
-18650
-19225
-21325
-20300
-19325
-16675
-16750
-18250
-19350
-18850
-17775
-16075
-14700
-15250
-17725
-17225
-15125
-14225
-13375

-12650
-14500
-15675
-13425
-11550
-11350
-11050
-11775
-12700
-13100
-10075
-8350
-9950
-9900
-10975
-10950
-9350
-7000
-6700
-9075
-9700
-8650
-7975
-5375
-4975
-5975
-8825
-8150
-5500
-4700
-3500
-3775
-7825
-7250
-5900
-3025
-2775
-3975
-7450
-8475
-6750
-3925
-3250
-5525
-9750
-11025
-9575
-6525
-5775
-8425
-12675
-15475
-14275
-10700
-9750
-12425
-16450
-20575
-20000
-16325
-13750
-17025
-21300
-25125
-24425
-22075
-18075
-19325
-24775
-29100
-27775
-24825
-21625
-21775
-24975
-30325
-29925
-26025
-22275
-22150
-24775
-28400
-29325
-26625
-21075
-20600
-22775
-25775
-26850
-24400
-20425
-18700
-20425
-23300
-24425
-22950
-19700
-17800
-19000
-20950
-22775
-22050
-19600
-17400
-18375
-19975
-21950
-21175
-19250
-17975
-17550
-19100
-20075
-20075
-19475
-17200
-16500
-16900
-19025
-18925
-17200
-15825
-15075
-14925
-16275
-17275
-14950
-13475

