
Curva de Excitacao - Bobina Girante (Dados Brutos)

Arquivo..............: C:\Arq\Wiggler\Medidas Wiggler - Corretoras\Bobina Tungstenio\Gap100\Translado100_X=7_#012.dat
Data.................: 26/01/2005
Hora.................: 15:24:24
Ganho................: 20
N. de Coletas........: 1
N. de Voltas.........: 10
Intervalo de Análise.: 4 - 8

-13850
-12650
-14200
-14500
-14850
-15625
-13975
-11100
-11450
-13775
-12350
-12025
-12100
-11025
-10225
-12100
-12525
-10875
-8425
-9025
-8125
-9400
-12775
-11500
-8025
-5725
-5175
-7525
-8700
-11575
-9275
-4650
-4550
-5300
-8000
-9075
-8950
-5700
-3550
-2040
-9850
-10400
-9475
-4875
-4825
-7475
-12550
-15300
-12925
-7875
-6600
-9575
-15825
-19100
-18850
-13700
-10275
-12725
-19800
-23800
-22925
-18750
-15525
-16425
-23200
-29225
-27100
-21600
-19275
-19800
-25075
-31000
-31075
-25300
-19800
-21225
-25725
-30500
-32025
-26975
-20350
-19725
-24300
-30050
-29150
-26350
-20525
-18300
-22100
-26825
-27375
-25175
-19800
-18200
-19000
-24350
-26075
-24075
-19900
-17800
-18650
-22500
-24775
-23675
-20950
-18775
-19075
-20425
-23250
-23275
-21025
-19425
-18300
-18975
-21825
-21325
-20350
-17300
-17375
-17475
-18825
-19500
-18850
-15525
-14650
-15400
-15850
-16775

-17100
-14475
-12175
-12050
-14375
-14150
-13775
-13375
-10950
-9825
-11900
-13200
-12300
-10350
-10550
-8725
-9450
-12150
-11550
-9300
-7600
-7025
-8700
-9250
-10950
-8850
-5750
-5600
-5925
-8450
-9100
-8750
-5500
-3050
-4825
-8000
-9075
-9275
-4800
-3475
-4675
-8450
-11700
-10250
-6500
-4750
-6000
-11125
-14300
-14675
-10775
-6925
-8750
-14625
-19250
-19100
-15650
-12200
-11600
-17875
-24200
-24550
-20400
-16675
-16350
-20725
-27750
-29025
-25225
-19325
-19350
-22975
-28775
-31775
-28050
-21000
-19750
-23525
-29025
-30875
-28825
-22300
-18825
-22200
-27000
-28850
-26875
-22000
-18775
-19150
-24225
-27225
-25275
-21175
-18300
-18025
-21900
-25175
-24375
-21275
-17750
-18975
-20400
-23300
-23625
-21625
-19450
-18225
-19550
-22175
-22450
-21475
-18575
-18325
-18600
-19500
-21225
-20500
-17450
-16500
-16725
-17450
-18450
-18875
-16375
-13800
-13775
-15675

-16025
-15525
-15000
-11900
-11325
-12550
-14350
-13475
-12575
-11450
-9750
-9725
-12525
-12425
-11225
-9375
-8750
-8575
-9925
-11625
-10275
-6950
-7600
-7000
-8725
-9625
-9625
-6625
-3800
-5700
-7500
-8800
-9125
-5400
-3475
-3625
-6750
-9575
-9125
-6050
-3950
-3300
-7650
-10575
-11625
-9025
-5025
-5800
-9175
-14675
-15450
-13050
-8850
-7925
-13050
-19350
-20325
-18050
-13275
-12775
-16075
-23275
-25975
-22725
-17625
-16800
-19775
-25050
-30250
-27400
-21150
-18800
-21650
-27300
-30650
-29625
-23950
-19250
-21800
-27150
-30175
-28600
-24275
-20225
-19575
-24275
-28550
-27175
-23425
-18650
-18550
-22175
-25275
-25800
-22425
-18325
-18350
-20075
-23525
-24000
-22325
-19550
-18400
-19100
-22425
-23425
-22500
-19175
-18900
-19025
-20625
-22775
-21600
-18875
-18325
-17800
-18825
-19725
-20650
-18525
-15525
-16000
-17000
-17375
-17575
-17450
-13725
-12750

-14475
-15675
-14725
-14200
-13125
-10900
-10950
-13825
-13725
-12150
-10825
-10075
-9225
-10550
-13250
-11275
-8450
-8925
-7800
-9150
-10575
-10875
-8125
-5775
-6950
-7450
-8925
-9550
-7175
-4775
-4325
-6100
-9025
-8225
-7050
-3825
-3300
-5375
-8825
-9825
-7725
-3975
-3600
-5825
-10500
-12775
-10775
-6725
-5275
-8275
-14375
-15700
-15400
-10950
-9300
-11325
-18025
-21900
-19525
-15600
-13950
-15550
-21100
-26425
-25650
-20050
-17275
-19075
-24000
-29075
-29175
-23675
-19150
-21225
-25425
-29900
-29675
-26425
-20650
-20025
-24975
-28900
-28625
-26100
-20750
-19150
-21825
-26775
-27650
-23825
-19700
-18875
-19875
-23750
-25150
-23225
-19550
-18150
-19100
-21850
-23475
-23100
-20125
-18200
-18925
-20575
-23500
-22075
-20250
-18800
-18600
-19400
-21100
-21950
-20150
-16975
-17725
-17775
-19050
-19675
-19125
-15525
-15150
-15800
-17125
-16900
-16325
-14625

-12200
-12625
-14625
-14950
-13875
-12450
-11300
-9950
-11700
-14250
-12250
-10250
-9850
-9175
-9550
-11975
-11700
-9900
-7125
-8225
-7825
-9575
-11075
-8750
-5675
-5525
-6700
-8675
-8650
-8125
-4950
-3575
-5000
-7625
-8875
-7375
-4000
-3275
-4025
-8075
-10375
-8450
-5575
-3300
-5450
-9800
-12550
-12275
-8450
-5975
-7800
-12775
-17375
-15925
-13450
-10475
-10925
-16475
-21950
-21975
-17975
-14775
-15750
-19425
-25575
-27200
-22925
-17750
-19100
-22950
-27525
-29225
-26700
-21250
-19450
-23750
-28800
-29400
-27725
-22500
-19675
-22025
-27525
-29325
-26175
-21800
-19500
-19975
-24400
-26875
-24775
-20975
-18250
-19200
-21625
-24450
-23850
-20525
-18100
-18350
-20425
-23350
-22750
-21000
-18500
-18275
-20275
-21625
-22175
-21150
-18350
-18550
-18350
-20250
-21500
-20125
-17250
-16500
-17275
-18100
-18875
-18325
-16375
-14200
-14625
-16250
-16450
-15575

-14625
-12725
-11300
-13150
-15075
-13475
-11900
-11275
-9875
-10075
-12600
-12575
-10950
-8625
-9375
-8725
-9950
-11550
-9775
-7200
-6825
-7475
-9225
-9175
-8925
-6025
-4375
-5575
-8050
-8975
-7325
-4800
-3500
-3100
-6475
-9250
-7550
-5250
-2450
-3625
-6175
-9650
-9825
-6825
-3800
-5400
-8450
-12225
-12075
-10375
-7450
-7275
-11975
-16500
-17325
-14575
-11925
-11775
-14650
-21000
-22975
-19625
-15725
-15925
-19050
-24000
-27325
-24500
-19800
-18625
-21925
-26025
-28750
-27925
-22825
-19500
-21875
-27225
-29225
-27400
-23800
-19975
-20275
-25325
-28225
-26025
-22525
-19150
-20000
-21600
-25200
-25275
-21325
-18300
-18525
-20425
-23150
-23625
-21650
-18300
-17950
-19750
-22150
-22225
-21025
-18925
-18800
-18825
-20700
-22475
-20900
-18525
-17200
-18675
-19025
-20450
-20375
-17675
-15125
-16700
-17750
-17775
-17450
-16800
-14400
-13350
-14825
-16275

-14950
-13825
-12725
-11150
-11600
-13950
-14175
-11375
-10000
-10500
-9700
-10900
-13300
-11075
-8100
-8100
-8825
-9700
-10375
-10775
-7650
-5525
-6825
-7950
-8975
-8675
-6725
-4875
-4200
-6750
-8125
-7325
-5875
-3250
-3650
-5425
-7975
-8450
-5525
-2950
-3800
-5825
-9775
-10050
-8075
-5300
-4375
-8025
-11875
-13850
-12200
-8825
-8325
-10300
-16350
-18725
-16475
-13750
-12725
-14650
-19650
-23850
-22125
-18000
-16325
-18975
-22900
-26425
-26950
-22550
-18450
-20675
-25425
-28475
-28225
-25200
-20775
-20500
-25225
-28875
-28175
-24400
-20975
-20650
-22525
-26525
-27175
-23375
-20200
-18975
-20800
-23900
-24775
-22450
-19200
-18175
-19525
-22000
-23675
-22000
-19250
-18275
-18875
-20475
-22650
-22000
-19925
-18100
-18450
-20300
-20800
-22175
-19200
-17425
-17825
-18775
-19425
-19500
-18725
-16400
-15100
-16350
-17775
-17375
-16075
-14900
-13050
-12900

-15550
-15900
-13175
-12350
-12250
-10500
-12175
-14200
-12425
-10025
-9675
-9800
-10025
-11375
-12150
-9125
-6850
-8550
-8950
-10075
-9925
-8575
-5975
-5525
-7825
-8700
-8425
-7475
-4900
-4225
-5100
-7925
-8425
-5850
-4025
-3225
-3975
-7825
-8625
-7075
-4350
-3400
-5025
-8675
-10325
-9925
-6500
-5575
-6600
-11575
-14950
-13000
-10875
-8750
-10925
-14225
-19625
-19125
-15100
-13375
-15200
-18575
-23050
-23925
-21100
-16925
-18425
-21950
-26200
-27050
-25275
-20150
-19650
-24325
-28175
-28475
-26050
-22375
-20625
-22775
-27350
-28375
-25100
-22250
-20275
-20975
-24350
-26875
-24625
-20275
-18975
-20075
-22075
-23950
-23300
-20225
-17975
-19025
-20850
-22100
-22200
-20700
-18175
-18700
-20050
-21325
-22150
-20025
-18175
-18925
-19125
-20475
-21000
-20000
-17650
-17025
-17825
-18775
-19025
-18575
-16725
-14950
-14775
-16725
-17225
-15400
-14700
-13450

