
Curva de Excitacao - Bobina Girante (Dados Brutos)

Arquivo..............: C:\Arq\Wiggler\Medidas Wiggler - Corretoras\Bobina Tungstenio\Gap100\Translado100_X=-3_#002.dat
Data.................: 26/01/2005
Hora.................: 15:04:26
Ganho................: 20
N. de Coletas........: 1
N. de Voltas.........: 10
Intervalo de Análise.: 4 - 8

-13525
-11725
-12175
-12575
-13675
-14575
-12825
-10425
-10375
-12125
-11125
-11025
-11075
-10100
-10050
-12225
-12650
-11550
-9575
-9250
-8775
-9900
-14600
-13450
-10975
-8850
-7775
-9350
-10425
-13350
-12550
-9925
-8725
-8125
-10225
-11150
-10875
-9925
-7875
-9050
-11850
-12450
-11700
-8000
-7025
-9150
-12525
-15975
-14875
-10750
-8425
-9600
-13975
-17025
-18075
-15875
-11325
-12350
-16825
-20200
-20500
-18325
-15625
-14900
-19575
-24675
-23675
-19825
-18400
-17150
-20275
-25575
-27000
-23175
-19125
-18800
-21050
-24375
-26925
-24925
-20550
-19350
-21825
-25050
-24950
-24300
-22025
-20150
-22300
-24150
-25025
-24975
-23025
-21675
-21525
-24050
-26450
-25400
-24825
-23075
-22725
-23875
-25375
-25175
-25550
-24050
-23225
-22875
-24350
-24725
-23575
-23125
-21300
-21000
-22550
-22500
-21575
-19650
-18775
-17650
-17975
-19625
-19000
-16275
-14875
-14500
-14100
-15500

-16100
-14275
-11325
-11125
-12775
-12225
-12650
-12350
-10375
-8875
-10500
-12350
-11575
-10275
-10725
-8175
-8600
-12050
-12100
-11125
-9800
-8900
-9000
-9950
-12300
-11650
-9525
-9350
-8650
-9750
-11075
-11450
-10050
-7000
-8300
-9950
-11050
-11725
-8850
-7450
-6725
-9475
-12650
-12775
-10225
-8425
-7300
-10250
-13350
-15450
-13550
-9900
-9350
-12375
-16150
-17925
-16550
-13650
-11375
-14600
-19950
-21525
-19725
-16825
-14725
-16350
-21850
-24700
-23025
-19025
-17475
-18100
-21975
-26350
-25450
-20725
-18800
-19625
-22800
-25100
-25625
-22325
-19125
-20300
-22600
-24625
-24800
-23275
-21225
-19650
-22200
-25200
-24800
-23850
-22200
-21650
-22750
-24425
-25125
-24800
-23450
-23275
-22875
-24275
-24925
-24725
-23950
-22700
-21650
-23525
-23800
-23650
-22375
-21300
-19700
-19825
-22125
-21350
-19250
-18375
-16675
-15900
-17700
-18525
-16825
-13575
-13625
-13725

-13550
-14700
-14725
-11550
-9750
-10825
-12100
-12050
-11850
-11325
-8100
-8250
-11150
-11550
-11150
-10175
-9075
-8075
-9375
-12175
-11450
-9725
-9650
-8225
-9375
-10975
-11725
-10350
-8175
-8550
-8625
-10625
-11650
-9925
-8150
-6750
-8025
-10975
-11925
-10425
-8300
-6075
-8100
-10600
-13150
-12825
-9000
-7750
-8525
-12300
-15350
-15400
-11950
-9150
-10925
-15700
-17950
-18550
-15550
-12625
-12750
-18250
-22150
-21425
-18800
-16325
-15200
-18575
-25075
-24950
-20800
-18275
-17825
-20625
-23800
-26325
-23375
-19100
-19150
-21325
-23775
-24925
-24450
-21200
-18750
-21025
-23800
-24825
-24400
-22100
-20175
-21350
-23150
-25525
-24150
-23450
-22225
-21850
-23400
-25225
-25050
-24525
-23150
-22250
-23625
-24525
-25025
-24000
-22550
-21850
-21700
-23850
-23250
-21975
-21350
-19250
-19075
-19650
-21550
-19550
-17375
-16225
-15775
-15725
-17450
-17050
-14150
-12400

-12500
-13175
-13475
-13875
-13100
-9450
-9050
-11450
-12075
-11850
-11225
-9600
-7800
-9000
-12200
-11400
-10025
-9775
-8575
-8300
-10800
-12025
-11200
-8775
-8750
-8525
-9725
-12350
-10825
-9375
-7050
-8225
-10250
-10825
-11050
-9075
-6675
-7475
-9250
-11400
-11850
-9100
-7425
-6750
-9400
-13025
-13425
-10825
-7950
-8300
-11225
-14750
-16175
-14250
-10975
-10175
-13425
-18625
-18925
-17725
-15200
-12675
-15550
-21125
-23275
-20550
-17650
-15850
-17775
-21975
-25625
-23450
-19200
-18350
-19275
-22100
-25200
-25350
-21200
-18450
-20175
-22325
-24450
-24975
-22650
-19750
-19775
-22600
-24750
-23650
-22850
-22200
-20150
-22525
-24150
-25050
-23825
-22850
-22325
-22775
-23900
-25625
-24825
-23325
-22325
-22450
-24175
-24450
-23825
-23275
-21675
-20675
-21525
-23525
-22300
-20050
-19825
-17775
-17950
-20050
-19975
-17075
-15600
-14950
-14875
-15225
-16550
-15575

-11800
-10875
-12175
-12375
-13175
-12750
-10825
-8425
-9150
-12025
-11650
-10925
-10175
-8600
-7725
-10350
-12050
-11025
-9025
-9025
-8000
-9075
-11900
-11475
-9825
-8275
-8225
-9450
-10175
-11375
-10175
-7825
-7700
-8375
-10625
-10775
-9550
-8000
-6575
-7575
-11000
-12025
-10875
-7350
-7275
-8150
-11450
-14125
-13175
-9375
-8625
-9875
-13900
-15675
-16400
-13950
-10225
-12350
-16650
-19500
-18975
-17575
-14500
-14175
-18625
-23125
-21925
-18900
-18200
-17400
-19700
-23800
-25100
-21475
-18675
-19150
-20850
-23475
-25700
-23225
-19675
-18550
-21225
-23950
-24000
-23550
-21625
-19175
-21500
-23200
-24000
-23900
-22425
-21350
-21400
-23400
-24850
-24700
-23150
-22400
-22200
-23600
-25200
-24525
-23875
-22750
-22200
-22275
-23950
-24400
-22750
-22025
-20125
-20075
-21725
-22300
-20500
-18500
-17800
-17325
-17650
-18925
-18250
-14975
-13875
-13725
-13925
-15350

-15075
-12775
-10250
-10325
-11875
-12475
-12000
-11575
-9175
-8025
-9775
-11925
-10925
-9575
-9450
-7475
-8200
-11575
-11525
-9800
-8375
-7750
-8850
-10175
-12000
-10600
-8125
-7550
-8025
-10175
-10900
-10500
-8375
-6250
-7225
-9550
-11025
-10800
-8125
-6475
-6550
-8900
-12250
-11375
-8900
-7625
-7650
-10025
-13100
-13725
-12400
-8475
-9325
-12450
-16025
-16850
-15475
-12400
-10900
-14775
-19600
-20375
-18175
-15975
-14725
-16800
-21425
-23525
-21550
-18525
-17475
-18425
-21775
-25175
-23800
-19775
-18475
-19825
-22700
-24375
-24350
-21400
-18850
-20125
-22275
-23800
-23900
-22250
-20700
-19650
-21975
-24175
-23875
-23000
-21725
-21350
-22425
-24400
-24625
-23625
-22700
-22050
-22675
-24225
-24800
-23650
-23300
-21450
-21175
-23275
-23775
-22825
-21000
-20450
-19300
-19425
-21625
-20475
-18125
-17175
-16375
-15850
-17675
-17875
-15575
-12800
-12575
-13250

-13850
-14125
-13350
-10600
-9025
-10650
-12150
-11725
-10825
-10000
-7375
-8025
-11125
-11350
-10275
-9125
-8225
-7750
-9125
-11825
-10500
-8500
-9050
-7725
-8925
-11325
-10750
-9125
-7050
-8300
-8600
-10600
-10825
-8900
-6975
-6525
-7900
-11075
-10475
-9250
-7225
-6025
-8000
-10775
-12175
-11150
-7750
-7250
-8750
-11800
-14875
-13500
-11175
-8750
-11275
-15250
-17150
-16850
-14450
-12600
-13125
-18025
-21100
-19550
-17450
-16075
-15825
-18800
-23900
-23125
-19800
-17675
-18675
-20200
-23525
-24650
-22175
-18375
-19525
-21150
-23100
-23900
-23000
-20475
-19050
-20900
-23425
-23500
-23100
-21175
-20125
-21125
-23450
-24325
-23025
-22350
-21825
-21750
-22925
-24900
-24225
-23625
-21975
-21925
-23350
-24000
-24375
-23075
-22000
-21175
-21450
-23450
-22725
-20950
-20200
-18950
-18400
-19850
-20650
-18300
-16350
-15750
-15200
-15675
-17075
-16125
-12825
-11450

-12375
-12925
-12825
-13375
-11775
-8825
-8800
-11200
-11525
-10725
-10425
-8300
-7600
-8850
-11750
-10350
-8575
-8875
-7825
-8075
-10525
-11225
-9725
-7575
-8350
-8300
-9400
-11225
-10225
-7600
-7250
-7750
-9775
-9850
-9625
-7850
-6025
-7525
-9175
-11025
-9950
-7925
-6575
-6950
-8875
-12725
-11900
-9875
-7525
-8650
-10975
-13825
-15075
-12875
-10475
-10525
-13800
-16875
-17325
-16575
-14500
-12950
-16150
-20325
-21175
-19300
-17275
-16250
-17900
-21850
-23850
-21525
-18775
-18650
-19300
-21700
-24175
-23300
-20425
-18450
-20500
-21750
-23425
-23675
-21700
-19200
-19850
-22450
-23925
-22475
-22175
-20950
-20650
-22100
-24150
-23600
-22700
-21750
-21850
-22500
-23775
-24925
-23500
-22350
-22050
-21950
-23725
-24025
-22975
-22325
-20750
-20500
-21700
-22625
-21150
-19350
-19250
-17425
-18050
-19725
-18725
-15950
-14625
-14975
-14550
-15225
-15800
-14075

