
Curva de Excitacao - Bobina Girante (Dados Brutos)

Arquivo..............: C:\Arq\Wiggler\Medidas Wiggler - Corretoras\Bobina Tungstenio\Gap100\Translado100_X=16_#001.dat
Data.................: 26/01/2005
Hora.................: 15:46:05
Ganho................: 20
N. de Coletas........: 1
N. de Voltas.........: 10
Intervalo de Análise.: 4 - 8

-16825
-15575
-13100
-12525
-11525
-11375
-14850
-13600
-10950
-10450
-9750
-10125
-11275
-11900
-9600
-7075
-7100
-8425
-9125
-9125
-8100
-5025
-3900
-5250
-7425
-7300
-5675
-4400
-1800
-2900
-6075
-6900
-5350
-2625
-1675
-2475
-5500
-8100
-6400
-3250
-2175
-3725
-7500
-9900
-9400
-7550
-5550
-6025
-10725
-14775
-15325
-11475
-11050
-11300
-15075
-20800
-21125
-18625
-16325
-17075
-21350
-25475
-27800
-25250
-21725
-22125
-25725
-29950
-32525
-30750
-26850
-24100
-28625
-33475
-34300
-33050
-28850
-26800
-27700
-32900
-35675
-32725
-28750
-26475
-26650
-29550
-33325
-31125
-26750
-23400
-23625
-26450
-28700
-27900
-24125
-20300
-20650
-22400
-25650
-24400
-22075
-18700
-18075
-19875
-22275
-22775
-20825
-17625
-16475
-19200
-20025
-21200
-19700
-17250
-15625
-16875
-18800
-19825
-17775
-16900
-14500
-14400
-16925
-18075
-17000
-14525
-13975
-13100

-13575
-16325
-15100
-12350
-12000
-11150
-11500
-12925
-13475
-11375
-8700
-8825
-9875
-10200
-11100
-9625
-6825
-6150
-7250
-8725
-8350
-7300
-5825
-3500
-4525
-6575
-6950
-5850
-3200
-2400
-2575
-4700
-7275
-5050
-2800
-1550
-2400
-5050
-7150
-6725
-4725
-2525
-3625
-6875
-10425
-10150
-7725
-6750
-7150
-9975
-15375
-15050
-13250
-11425
-12675
-15625
-19875
-22675
-20000
-17075
-18150
-21975
-25175
-27725
-26550
-23825
-21675
-25975
-30875
-32075
-30800
-27450
-25500
-27925
-32475
-35125
-32150
-29250
-27150
-28175
-31375
-34600
-32825
-28775
-26000
-25950
-28750
-31475
-30950
-26550
-22900
-22925
-25550
-27625
-26875
-23500
-20925
-19350
-22025
-23975
-23900
-21875
-18700
-17575
-19300
-20925
-22375
-20575
-17525
-16775
-18175
-19550
-20025
-19450
-17675
-15225
-16250
-18500
-18900
-17525
-16275
-14850
-14200
-15125
-18350
-15825
-13700
-13900

-12550
-13425
-14550
-14950
-12550
-10000
-11150
-11250
-11650
-12975
-10825
-8725
-7225
-9850
-10100
-9600
-9000
-7125
-5075
-6225
-8200
-8300
-6375
-4700
-3900
-3150
-5400
-7975
-5150
-2650
-2200
-2250
-4225
-5900
-5900
-2875
-1700
-2275
-4850
-7050
-7275
-5025
-3275
-3450
-7225
-10975
-10625
-8575
-7375
-7350
-11100
-15100
-16700
-14775
-12350
-13800
-16275
-20750
-22700
-21250
-18650
-18625
-22375
-26175
-28125
-27725
-24450
-22700
-26200
-30225
-32975
-30125
-28600
-26975
-27475
-31600
-34425
-32975
-29050
-27450
-27850
-30150
-33450
-33100
-28200
-25075
-25775
-28475
-30125
-29325
-26075
-22800
-21850
-24325
-26350
-26150
-23675
-20125
-18975
-20750
-22550
-23775
-21175
-18325
-17250
-18800
-20825
-20975
-19950
-17675
-16100
-17400
-19100
-19775
-18750
-17150
-15250
-15525
-17100
-19325
-17100
-15325
-14875
-13525
-14825
-16600
-16075
-13700

-12050
-12700
-12450
-13475
-14850
-11900
-10400
-9450
-11050
-11525
-11325
-10875
-8350
-6800
-8475
-9450
-9400
-8150
-6300
-4775
-4850
-7150
-8600
-5750
-4375
-2800
-2750
-4825
-6275
-5450
-2200
-1675
-1925
-3800
-5875
-5200
-2850
-1400
-1725
-4325
-7550
-7350
-5025
-3675
-3850
-7000
-10525
-11825
-9525
-7525
-8700
-11650
-15025
-17300
-16025
-13625
-13300
-17300
-21525
-22425
-22825
-20150
-18850
-22175
-26675
-29500
-26950
-25300
-24775
-25275
-30125
-32925
-31325
-28225
-26650
-28350
-30175
-34425
-33000
-29325
-26575
-27175
-30300
-32275
-31800
-28325
-24875
-24150
-27700
-28900
-28425
-26175
-22375
-21150
-22875
-25425
-25775
-22725
-19650
-18625
-20075
-21750
-22850
-21175
-18100
-16550
-18200
-19900
-20500
-20050
-18150
-16000
-15775
-18950
-19900
-18150
-16375
-16175
-14675
-16350
-18050
-17100
-14775
-13800
-14075
-14175
-14525
-16800

-13675
-11475
-11250
-12650
-13050
-13100
-12675
-10125
-8275
-10325
-10850
-11225
-9875
-8975
-6475
-6100
-8750
-9725
-7350
-6275
-4675
-4050
-6100
-7775
-6125
-3050
-2775
-3150
-3675
-5975
-5600
-2600
-875
-1100
-3400
-5525
-6000
-3650
-1325
-1350
-4100
-7300
-8050
-5925
-4075
-4600
-7275
-10400
-12575
-10700
-8750
-8175
-12400
-15925
-18100
-17425
-14825
-13875
-17525
-22225
-24075
-23300
-21375
-19950
-21750
-27450
-29900
-28050
-26200
-24775
-25650
-28800
-33325
-32625
-28150
-26950
-27425
-30300
-33150
-33700
-29925
-25900
-26500
-29725
-31425
-30875
-28575
-24975
-23400
-25950
-27950
-28325
-25075
-22425
-20450
-22075
-24125
-24700
-22875
-19700
-18075
-19150
-21075
-21950
-20700
-18475
-17000
-16925
-19325
-20625
-19400
-17750
-16075
-15750
-17100
-19275
-18450
-16200
-15200
-14825
-15550
-16550
-17725
-14925
-12875
-13125
-13875
-14625

-14925
-14025
-11150
-10050
-12525
-12675
-12925
-11300
-10075
-8300
-7975
-11150
-11200
-9025
-8175
-6175
-5675
-7625
-9625
-7700
-5175
-4125
-3975
-4825
-7075
-6225
-3350
-1900
-1925
-3775
-4925
-5275
-3125
-775
-775
-3375
-5225
-5975
-3650
-1725
-1575
-4075
-7475
-9025
-6550
-4900
-4500
-7875
-10850
-13075
-12100
-9700
-9450
-12725
-16900
-18775
-17850
-16600
-15575
-17325
-22600
-25375
-23775
-21875
-21250
-23000
-26650
-29825
-30100
-25850
-25575
-26075
-29325
-32500
-32675
-29400
-26450
-27450
-30550
-32375
-32950
-29475
-26500
-25850
-28600
-30825
-30375
-27950
-24850
-22700
-24625
-27500
-27550
-24650
-21525
-20175
-21000
-23350
-23950
-22100
-18975
-18075
-18250
-20300
-21475
-20350
-18600
-16525
-16500
-18925
-19925
-19350
-16900
-16200
-15800
-16825
-18150
-18300
-16225
-14675
-14450
-15150
-16225
-16500
-15500
-12875
-11825
-13675

-14100
-14400
-13375
-11350
-10575
-10225
-12450
-12475
-10550
-9850
-8500
-7900
-9625
-10700
-8900
-6725
-6375
-5875
-6525
-8450
-7375
-4800
-3575
-3425
-5125
-5725
-5950
-3950
-1350
-1550
-3175
-4725
-5125
-2800
-1250
-825
-2550
-5650
-5925
-4125
-2250
-2400
-4200
-6975
-8900
-7625
-5925
-5500
-8050
-11625
-13600
-12725
-11350
-10550
-12725
-17525
-19800
-18675
-17600
-17000
-18225
-22650
-25850
-25325
-22725
-22900
-23725
-26425
-30000
-30650
-27500
-25150
-26975
-30000
-31400
-32825
-30125
-27175
-26750
-30275
-32325
-31575
-29750
-27300
-25350
-26925
-30075
-29975
-27450
-24175
-23000
-23475
-26025
-26575
-24325
-21100
-20100
-20400
-22475
-23050
-21800
-19575
-17375
-17950
-19975
-20775
-20275
-17950
-16550
-16800
-17825
-19350
-18750
-17250
-15825
-15775
-16625
-16975
-17800
-16350
-14525
-13750
-15500
-15450
-15425
-14825
-13000
-11925

-12450
-14000
-13425
-12225
-11975
-9925
-9650
-11550
-11800
-10675
-8825
-8700
-7650
-8175
-9925
-8900
-6600
-6100
-5700
-6375
-6625
-6825
-5100
-3250
-3400
-4475
-5075
-4900
-3150
-2050
-1000
-2750
-4925
-4675
-2850
-1375
-1350
-2625
-4775
-6025
-4700
-3025
-3025
-4650
-7150
-8725
-8650
-6600
-6675
-8600
-12475
-13575
-13500
-12625
-12450
-13550
-17800
-20450
-19675
-18500
-18250
-19850
-22100
-26125
-26125
-24150
-23075
-24150
-27400
-29425
-30975
-28175
-26025
-26925
-29475
-31800
-32125
-30625
-28150
-26650
-29275
-31250
-31375
-29650
-26975
-25550
-26300
-28825
-29275
-26525
-24025
-23100
-23125
-24675
-25125
-23875
-21575
-19650
-20025
-21550
-21975
-21350
-19275
-17725
-17850
-18975
-20325
-19550
-17575
-16925
-16750
-17675
-18150
-18975
-17350
-14975
-15875
-16200
-16725
-16925
-16775
-14425
-13125
-14525
-15600
-14925
-13850
-13775

