
Curva de Excitacao - Bobina Girante (Dados Brutos)

Arquivo..............: C:\Arq\Wiggler\Medidas Wiggler - Corretoras\Bobina Tungstenio\Gap100\Translado100_X=14_#019.dat
Data.................: 26/01/2005
Hora.................: 15:36:31
Ganho................: 20
N. de Coletas........: 1
N. de Voltas.........: 10
Intervalo de Análise.: 4 - 8

-12625
-12950
-13975
-15075
-13400
-11750
-12125
-12275
-12225
-13800
-11225
-8800
-7675
-9725
-11550
-12000
-10625
-7750
-4350
-5250
-7650
-9625
-10300
-7625
-3975
-2650
-4275
-7575
-7375
-5575
-3550
-2675
-4400
-6225
-7000
-3825
-2050
-1925
-5225
-8850
-9275
-6300
-3175
-1900
-5900
-11525
-13225
-10600
-7600
-5900
-10175
-14300
-18275
-15425
-12500
-12225
-15525
-20425
-23925
-21225
-18125
-16425
-20975
-26325
-28900
-28100
-22725
-20050
-24425
-29900
-33975
-31075
-26825
-23575
-25250
-31475
-35275
-33600
-28100
-24075
-24875
-29900
-34525
-33850
-27175
-22275
-22400
-26800
-30825
-30975
-25450
-21050
-18825
-23125
-26250
-27250
-24075
-19200
-17450
-19900
-22675
-25100
-22025
-18225
-16450
-18400
-21650
-21925
-20975
-18450
-15300
-16925
-19675
-20625
-20575
-18050
-15575
-14725
-16850
-19875
-18850
-16200
-15275
-13600
-14775
-16925
-17100
-15000

-12500
-13025
-12525
-13775
-15800
-13050
-10900
-9125
-10975
-12200
-12625
-12325
-9325
-6475
-8025
-9700
-10475
-10250
-8125
-5525
-4425
-6900
-8675
-8050
-5925
-3425
-2900
-5000
-7175
-7550
-4150
-1675
-1575
-3750
-6725
-7975
-4625
-2075
-300
-3450
-8000
-9775
-7425
-4125
-2525
-5900
-10675
-13675
-10900
-8050
-7325
-9675
-15175
-18850
-17075
-13550
-11425
-15600
-20825
-24150
-24200
-19300
-16500
-19925
-25875
-30000
-28675
-24700
-21875
-22725
-29225
-33350
-32600
-27850
-24175
-24950
-29100
-34825
-34575
-28375
-24600
-23700
-28300
-32725
-33425
-27625
-23075
-21100
-25300
-28750
-30125
-26375
-20950
-18425
-21725
-25175
-26750
-23850
-19400
-16775
-18775
-22450
-23825
-22225
-18900
-16000
-17450
-20250
-21650
-21725
-18650
-16400
-15300
-18425
-21000
-19900
-17250
-16500
-14500
-15925
-18450
-19025
-16450
-14100
-14225
-13650
-15000
-17650

-15350
-12175
-11125
-12175
-13375
-13775
-14300
-10975
-8225
-9900
-11275
-12150
-11475
-10125
-7000
-6075
-8725
-10600
-9525
-7675
-5325
-3925
-5325
-8225
-8575
-5300
-3600
-2525
-3225
-6350
-7825
-4550
-2350
-575
-2900
-6025
-8050
-5525
-2650
-550
-3325
-7450
-10425
-7775
-4875
-3750
-5850
-10425
-13950
-13225
-9525
-7325
-10350
-15350
-18675
-19400
-15400
-12600
-14975
-20850
-24975
-25050
-21500
-18750
-19075
-25500
-30000
-29650
-26200
-23200
-23350
-26800
-33275
-34000
-28400
-25275
-24325
-28375
-32775
-35050
-30150
-24450
-23000
-27350
-30800
-31900
-29200
-23725
-20800
-23575
-27175
-29250
-26225
-21700
-18325
-20225
-23775
-25625
-24125
-19550
-16925
-18150
-20750
-22725
-22750
-19275
-16950
-16025
-18825
-21825
-21175
-18550
-16825
-15475
-17200
-19650
-20275
-17675
-15850
-15175
-14900
-16750
-18825
-16800
-14675
-13125
-13275
-14525

-15425
-16125
-12850
-10250
-11875
-12175
-13250
-13150
-11400
-9275
-7825
-10925
-11500
-11075
-9575
-7600
-5400
-7375
-9875
-9550
-6575
-5600
-4300
-4750
-7225
-8075
-5400
-3500
-1875
-3400
-5375
-7375
-5300
-2475
-400
-2550
-5200
-8075
-6175
-2925
-1175
-3325
-7250
-9900
-8975
-6175
-3825
-5900
-10450
-13775
-14625
-11075
-8600
-9975
-15650
-19725
-19675
-17250
-14725
-14600
-20875
-25450
-26075
-22275
-20300
-20225
-23950
-29825
-31700
-26875
-24025
-23050
-27050
-31750
-33725
-30625
-25150
-24150
-27500
-31700
-33525
-30275
-25950
-22725
-25600
-29125
-31400
-28575
-24000
-20675
-21925
-26150
-27375
-26150
-21750
-18450
-19050
-22200
-24500
-23625
-19675
-18175
-16600
-19700
-22025
-21775
-19325
-17125
-16025
-17525
-20600
-21000
-18100
-16425
-16125
-16400
-18050
-19375
-18100
-15350
-14425
-15000
-16150
-16600
-17300
-14275
-12050
-12775

-14275
-14700
-14325
-12525
-11025
-9600
-12225
-13150
-12075
-11225
-9100
-7900
-8275
-11375
-11325
-8000
-7325
-5875
-6250
-8375
-9325
-7050
-4725
-3275
-4575
-5775
-7350
-6250
-2900
-1425
-2425
-4950
-6425
-4925
-2975
-575
-1600
-4775
-7650
-6300
-3400
-1850
-3125
-6400
-10025
-10450
-6675
-4725
-6075
-10575
-14300
-14850
-12725
-10050
-10050
-15700
-20150
-20550
-18175
-16200
-15950
-19800
-25775
-27200
-23125
-21575
-20500
-23625
-29225
-31800
-28575
-23600
-23825
-26900
-30425
-33450
-30900
-26425
-23600
-26875
-30650
-31875
-30650
-26500
-22950
-23500
-28075
-30325
-28225
-23750
-20775
-21100
-23675
-26600
-25600
-21225
-19025
-18100
-20950
-22900
-23100
-20400
-17325
-16425
-18950
-20800
-21675
-19000
-17175
-16025
-17175
-19025
-20325
-18750
-16325
-15425
-16025
-17200
-18350
-18650
-14975
-13650
-14350
-15425
-16225
-16450
-14075
-12350

-11125
-14150
-14000
-13650
-12500
-10650
-9250
-10200
-12825
-11825
-9525
-9050
-7475
-7900
-9925
-10750
-8050
-6450
-5225
-6000
-6900
-8600
-7450
-4025
-2700
-3525
-5075
-6850
-5575
-3400
-800
-1400
-4400
-6100
-5200
-2550
-1175
-1125
-4525
-7475
-7500
-3825
-2650
-2725
-6625
-10000
-10675
-7900
-5950
-5850
-10950
-14375
-15700
-13475
-11100
-11250
-15375
-20250
-21900
-19250
-17275
-16725
-20050
-25350
-27575
-25775
-21175
-21300
-24400
-28775
-31675
-29275
-25575
-23875
-25900
-30575
-32050
-31575
-26925
-24225
-25550
-29150
-31825
-30675
-26325
-22725
-23175
-26500
-28950
-27900
-23900
-21175
-19875
-22925
-25125
-24975
-21550
-18800
-17700
-19775
-22050
-22975
-20075
-17700
-16350
-17550
-20575
-21175
-19175
-17125
-15900
-16925
-17825
-19825
-19350
-15950
-14875
-15800
-16875
-17625
-17875
-15300
-13425
-13100
-15375
-15775
-14900
-14675

-12100
-11075
-11900
-14500
-13200
-11250
-11200
-9000
-9300
-11675
-11875
-9850
-8125
-7575
-7625
-8575
-9825
-8650
-5950
-5000
-5050
-6525
-7750
-6900
-4475
-2300
-2700
-5050
-6025
-5675
-2700
-1475
-900
-3350
-6025
-5750
-2925
-1600
-1000
-4200
-7000
-7700
-5325
-3075
-2450
-6775
-10125
-10925
-9275
-7400
-6650
-10025
-15275
-16825
-14575
-13025
-12050
-15350
-19900
-23150
-21150
-18225
-17725
-20375
-24425
-28300
-26850
-22675
-22025
-24175
-28750
-30150
-30500
-27050
-23825
-25450
-29750
-32525
-31050
-27775
-25100
-24050
-28125
-31450
-30175
-25675
-23450
-22450
-25025
-27525
-27350
-24475
-20450
-19700
-21350
-24125
-24325
-22075
-18775
-17050
-18450
-21500
-22150
-20400
-17425
-16725
-17275
-18725
-20500
-20225
-16700
-15725
-16275
-17750
-18725
-19225
-16525
-14650
-14175
-17075
-16800
-16850
-15850
-13725
-12150
-13900
-15675
-14925

-13250
-12675
-10500
-10625
-13450
-13500
-11650
-9525
-9625
-8700
-9850
-11500
-10475
-7425
-7025
-7225
-7575
-8825
-8775
-6050
-3925
-4475
-6350
-6875
-6475
-4200
-2150
-1800
-3875
-6350
-5450
-3200
-1175
-325
-2400
-6175
-5825
-3950
-1475
-975
-3500
-6950
-8050
-6175
-3775
-3400
-6025
-10575
-11850
-10225
-8375
-7825
-10150
-15100
-17750
-16325
-13625
-13500
-15700
-19500
-23750
-22925
-19575
-18100
-20800
-24950
-27450
-27825
-25375
-22225
-23625
-28075
-30825
-30750
-27600
-25275
-24425
-28600
-32025
-30950
-28125
-24850
-24150
-26775
-29975
-29850
-26525
-22975
-21925
-23475
-25850
-27325
-24350
-20375
-19050
-20225
-22825
-23225
-22225
-18800
-16850
-18175
-19700
-21575
-20300
-17600
-16425
-16575
-18150
-20000
-20025
-17350
-15325
-15525
-17450
-18175
-17975
-17125
-14900
-13525
-15625
-16900
-16375
-14875
-14525
-11875
-12325
-15225

