
Curva de Excitacao - Bobina Girante (Dados Brutos)

Arquivo..............: C:\Arq\Wiggler\Medidas Wiggler - Corretoras\Bobina Tungstenio\Gap100\Translado100_X=-12_#009.dat
Data.................: 26/01/2005
Hora.................: 14:39:46
Ganho................: 20
N. de Coletas........: 1
N. de Voltas.........: 10
Intervalo de Análise.: 4 - 8

-11675
-11100
-9925
-7850
-8400
-9850
-10175
-8525
-7825
-7050
-5450
-6725
-8600
-7475
-7750
-7825
-7825
-7450
-7875
-8500
-7225
-8300
-10750
-10425
-10675
-10125
-9175
-9675
-9850
-11975
-12675
-12250
-11975
-10400
-10600
-11175
-12200
-12925
-12275
-51000
-11900
-11875
-12575
-12225
-12000
-13000
-11700
-13475
-14200
-13975
-13800
-13175
-13175
-13175
-16025
-17050
-15600
-15825
-15650
-15350
-16750
-18275
-19150
-17725
-18025
-18950
-18550
-19600
-21050
-20025
-19650
-20075
-21450
-21675
-21975
-22075
-21350
-20925
-22975
-23450
-23525
-23675
-23475
-23525
-23275
-24600
-24950
-24450
-26025
-25100
-25500
-26925
-26400
-26450
-26200
-26950
-27375
-27925
-28175
-27450
-26525
-27600
-26875
-26875
-27950
-27425
-26025
-25400
-25100
-25025
-24800
-25125
-22950
-21550
-21825
-20950
-20750
-20225
-19225
-17500
-15900
-16200
-16475
-15025
-14875
-13175
-11050
-10825

-12025
-11500
-9750
-9350
-8675
-6725
-8000
-8950
-7950
-6900
-6625
-6575
-6425
-7425
-8375
-6400
-6000
-7450
-7275
-8500
-8875
-8700
-8475
-8075
-9300
-10025
-9925
-10975
-9975
-9725
-10575
-11225
-11800
-10625
-11225
-11075
-11100
-12150
-12000
-11750
-11550
-10900
-12075
-12375
-12550
-13200
-12150
-11875
-11525
-13450
-14250
-13775
-13950
-13875
-13100
-14400
-16350
-16300
-15100
-16100
-16225
-15825
-18200
-18825
-17775
-17900
-18150
-18500
-19675
-20825
-21000
-19225
-19100
-21200
-21425
-21400
-22500
-22125
-21375
-21425
-23225
-23375
-23125
-23875
-23925
-23150
-24325
-25325
-25400
-24200
-25450
-25950
-25175
-27375
-26450
-26475
-26750
-26575
-26900
-27625
-27350
-27425
-27100
-26350
-26225
-26475
-27300
-25550
-23950
-25225
-23800
-23700
-23475
-23225
-20900
-19800
-20700
-19275
-18700
-18950
-17200
-14900
-14500
-15000
-14475
-12775
-12875
-11625

-8925
-10200
-10650
-9425
-8200
-8650
-6900
-6000
-7750
-8700
-6400
-6000
-6950
-5675
-6350
-7975
-7900
-6475
-6625
-7700
-7775
-8200
-10150
-8650
-8150
-9125
-9800
-10875
-10225
-10825
-10200
-9825
-10925
-11550
-11725
-11300
-10950
-11125
-10975
-11775
-12450
-11325
-11750
-10950
-11500
-13050
-12875
-12725
-11750
-11500
-13150
-13925
-14525
-14075
-14350
-14225
-13325
-15725
-16875
-16475
-16325
-16550
-16875
-16500
-19050
-19650
-17900
-18000
-19325
-19475
-20100
-21175
-20825
-19850
-19850
-21400
-21875
-22275
-22575
-22050
-21225
-22150
-23675
-24025
-23450
-23975
-24050
-23550
-25450
-25375
-25125
-25725
-25925
-26225
-26025
-27200
-27400
-26200
-26725
-26600
-26775
-28050
-27425
-26250
-26550
-25875
-25450
-26175
-25625
-24425
-23650
-23650
-22400
-21950
-22850
-20950
-19275
-18525
-18675
-17600
-17100
-17075
-15225
-12775
-13450
-13225
-12425
-11900

-11250
-9400
-7700
-8950
-9800
-8200
-7500
-7450
-5575
-5925
-7675
-7650
-5950
-6300
-6625
-5825
-7075
-8625
-7150
-6625
-7550
-7975
-8750
-9275
-9875
-8475
-8575
-10075
-10075
-10925
-11100
-10600
-10350
-10275
-11000
-11775
-11800
-11500
-10650
-10550
-11875
-11400
-12600
-11400
-11250
-11025
-12500
-13125
-12650
-12350
-13125
-11525
-13325
-14825
-15000
-14325
-14575
-15000
-13950
-16625
-18100
-16925
-16075
-17250
-17050
-18075
-19600
-19775
-18300
-18525
-20000
-19800
-20300
-22075
-20875
-19725
-21050
-22125
-22175
-22450
-22500
-22100
-21875
-23675
-24275
-23775
-23800
-24400
-24700
-23950
-25550
-26600
-25250
-26000
-25975
-26200
-27125
-26900
-27325
-26150
-26700
-26950
-27200
-26950
-26725
-25925
-25750
-25025
-24400
-25525
-24575
-23050
-22350
-21975
-20650
-21000
-21350
-19200
-17200
-17775
-16200
-16000
-15725
-15200
-12725
-11550
-11975
-12150

-10600
-10900
-9350
-7325
-7850
-8425
-8300
-7075
-7100
-6275
-5300
-6150
-8075
-6575
-5675
-6175
-6200
-6375
-8200
-8525
-7075
-7050
-8300
-8125
-9150
-10050
-9600
-9375
-8925
-10475
-10475
-10950
-11100
-10350
-10375
-10700
-11100
-11825
-11325
-10775
-10700
-11100
-11950
-11850
-12400
-11825
-10550
-12050
-12525
-13050
-13475
-12775
-12675
-12450
-14075
-15800
-14375
-15225
-15175
-14625
-15850
-17850
-17975
-16500
-17525
-17675
-17425
-19075
-20400
-19375
-18625
-19350
-20075
-20500
-21575
-21850
-20375
-20350
-21950
-22500
-22525
-22875
-22725
-22525
-22625
-24075
-24625
-24200
-24825
-24250
-24250
-25525
-26200
-26275
-25425
-26400
-26500
-26075
-27450
-27075
-26450
-26475
-26600
-25825
-26700
-26550
-25850
-25050
-24125
-24075
-24000
-24050
-22800
-21250
-21200
-19775
-19825
-19525
-18850
-16925
-15625
-15700
-15075
-14150
-14725
-12450
-10800
-10275

-10800
-10375
-9425
-9150
-7750
-6200
-6850
-8250
-6825
-6475
-6350
-5500
-5325
-7050
-7525
-6050
-6100
-6575
-5875
-7325
-8600
-8200
-7675
-7550
-8575
-8725
-9450
-10650
-9300
-9700
-9850
-9775
-10925
-10825
-10700
-10975
-10225
-11000
-11100
-11350
-11375
-10675
-11575
-10850
-12025
-11950
-12075
-11250
-11300
-12350
-14000
-12700
-13950
-13175
-12650
-13850
-15275
-15875
-14825
-15800
-15875
-15250
-16750
-18200
-17775
-17175
-18175
-18125
-18500
-20275
-20700
-18700
-19500
-20575
-20675
-21025
-21800
-21600
-20800
-21275
-22625
-22525
-22525
-23925
-22900
-22525
-23825
-24400
-24875
-24225
-24775
-25500
-25100
-26300
-26325
-26175
-25875
-26700
-26325
-26475
-26900
-27050
-26375
-26125
-25800
-25675
-26200
-25275
-24075
-24700
-23450
-22525
-22850
-22350
-20875
-19800
-19775
-18575
-17675
-18125
-17300
-14350
-14400
-14000
-13500
-12325
-12725
-10875

-8975
-9550
-9800
-8275
-8450
-7825
-6700
-5525
-6825
-7150
-6100
-5900
-6575
-5100
-5425
-6775
-7150
-6650
-6325
-7200
-6575
-7550
-9375
-8300
-8075
-8450
-9050
-9975
-9600
-10325
-9550
-9575
-10175
-10925
-10825
-11550
-10275
-10475
-10175
-10875
-11575
-11575
-11325
-10600
-10950
-11725
-11450
-13000
-11725
-11800
-12450
-12550
-13800
-13450
-14225
-14000
-13100
-14575
-16200
-15750
-16150
-16125
-16075
-15700
-18500
-18825
-17825
-17925
-18825
-18600
-19325
-20525
-20575
-19450
-19950
-20900
-20625
-21450
-22425
-21300
-21125
-22000
-22475
-23350
-23200
-23150
-23625
-23250
-24700
-24950
-24525
-25375
-25425
-25350
-25475
-26700
-26125
-26400
-26550
-25875
-26225
-27150
-26350
-26100
-25900
-25600
-25025
-25125
-24775
-24475
-23200
-23575
-21550
-20875
-21900
-20900
-18900
-18425
-17650
-16700
-16500
-16525
-15300
-12375
-13075
-12125
-11525
-11025

-11525
-9025
-7500
-8350
-8925
-7000
-7650
-7050
-5450
-5075
-6775
-7000
-5875
-5800
-5825
-5075
-5600
-8200
-7100
-6575
-6750
-7200
-7625
-8575
-9550
-8275
-8325
-9250
-9375
-10000
-10375
-10375
-10150
-9475
-10425
-10975
-10900
-10775
-10550
-9975
-10650
-11200
-11950
-11225
-10550
-11225
-10950
-11925
-12350
-12775
-12650
-11600
-12825
-13425
-14200
-14075
-14550
-14100
-13875
-15725
-17000
-16300
-16275
-16625
-15925
-17325
-19125
-19100
-18025
-18775
-19250
-18425
-20100
-21550
-20450
-19500
-20600
-20950
-21650
-22050
-22725
-21325
-21525
-22775
-23375
-23050
-23600
-24000
-23950
-23250
-24575
-25975
-25175
-25350
-25475
-25375
-25950
-26875
-27000
-26075
-25800
-25950
-26150
-26375
-26125
-25700
-25425
-24050
-23450
-25325
-23950
-22700
-22050
-21150
-20175
-19825
-20875
-18850
-16950
-16925
-15675
-14950
-15300
-15125
-12450
-11050
-11250
-11000

