
Curva de Excitacao - Bobina Girante (Dados Brutos)

Arquivo..............: C:\Arq\Wiggler\Medidas Wiggler - Corretoras\Bobina Tungstenio\Gap100\Translado100_X=-13_#008.dat
Data.................: 26/01/2005
Hora.................: 14:38:13
Ganho................: 20
N. de Coletas........: 1
N. de Voltas.........: 10
Intervalo de Análise.: 4 - 8

-10800
-12300
-10825
-7375
-6650
-7725
-7950
-7825
-8325
-6925
-4375
-5425
-7300
-7250
-6750
-6950
-5725
-5725
-7725
-9475
-8275
-6950
-8275
-7550
-8825
-11050
-11050
-10425
-9250
-10025
-10525
-11550
-12875
-11325
-10800
-11125
-11000
-13025
-12550
-2040
-11250
-11325
-12050
-12975
-13450
-13725
-11225
-11850
-12350
-13550
-15350
-14725
-14050
-12150
-13900
-15450
-16200
-16850
-16350
-15050
-15550
-17675
-18950
-18175
-18350
-18550
-17125
-18575
-21550
-21000
-19925
-19550
-19700
-20425
-22125
-23500
-21750
-20875
-21925
-22100
-23350
-24075
-24200
-23525
-22975
-23925
-25000
-25375
-26075
-25075
-24950
-25950
-26625
-27700
-27175
-26650
-26800
-26425
-27750
-28275
-28075
-27450
-26625
-25800
-27075
-27425
-27000
-25950
-24700
-24275
-23600
-24875
-23825
-22300
-21625
-19725
-19000
-19700
-20125
-18250
-15775
-15375
-14225
-13700
-15375
-14050
-11100
-10075

-9850
-9475
-10200
-10025
-8675
-5800
-6400
-7050
-7300
-7400
-6975
-5425
-4325
-5950
-7475
-6650
-6850
-6800
-5450
-6575
-8375
-8975
-8850
-7925
-8325
-8075
-9425
-11775
-10500
-10350
-9825
-10000
-11500
-12000
-11825
-10725
-11125
-11175
-11400
-12875
-12750
-11375
-11450
-11275
-11575
-13725
-13700
-12875
-11075
-12250
-13700
-13550
-15275
-14875
-13350
-13375
-15125
-16350
-16525
-17025
-16750
-15025
-16575
-18625
-19100
-18800
-18300
-18250
-17775
-20350
-22175
-20200
-19950
-20875
-20300
-20600
-23275
-23125
-21775
-21700
-22600
-22450
-23775
-25575
-23975
-22725
-24250
-24775
-25925
-25650
-26175
-25950
-25325
-26700
-26950
-27775
-27200
-27025
-26675
-26850
-27550
-28425
-27525
-26500
-26250
-25350
-26675
-26500
-25725
-24650
-23600
-22550
-22600
-23575
-22650
-20375
-19625
-18175
-17400
-18825
-17950
-15525
-14300
-13600
-12650
-12525
-13375
-12200

-9000
-9050
-8650
-8625
-9050
-9100
-6825
-4925
-6050
-6825
-6950
-6675
-6825
-4525
-4900
-6375
-7725
-7450
-7100
-6750
-6125
-6700
-9850
-9825
-8375
-8700
-8600
-9400
-10400
-11875
-10875
-9625
-10575
-10475
-11975
-12100
-12000
-11050
-10675
-10925
-12525
-12750
-12475
-12000
-10725
-12275
-11675
-14550
-12775
-12775
-12550
-13025
-13450
-15150
-15600
-14975
-13475
-14950
-15600
-16450
-18150
-17100
-16600
-15925
-17900
-19475
-19275
-19050
-19075
-18400
-19125
-21075
-21525
-20775
-20475
-20875
-20475
-22025
-23800
-22900
-21825
-22300
-22675
-23300
-24650
-24900
-23850
-23875
-25050
-24725
-25900
-27175
-26025
-25975
-26175
-26625
-27450
-27950
-27450
-26625
-26300
-27325
-27325
-27375
-27025
-25700
-25100
-25225
-25475
-25625
-24225
-23575
-21675
-20775
-21925
-21625
-20350
-18650
-17850
-16175
-15800
-17125
-16025
-13075
-12950
-11950
-10700
-11525

-12050
-9575
-7500
-7575
-7950
-7250
-8425
-8000
-5150
-4400
-5700
-6575
-6450
-6575
-6225
-4275
-5075
-7575
-7600
-7500
-7125
-7000
-7225
-8250
-10275
-9300
-8525
-9475
-9000
-9700
-11100
-11575
-11000
-9850
-10075
-10925
-11550
-13100
-11375
-10800
-10725
-11050
-12900
-12600
-12000
-11975
-11250
-12350
-12400
-14150
-13900
-12275
-13125
-13525
-14225
-15500
-16050
-15025
-13900
-15300
-17125
-17100
-17725
-17450
-16550
-17225
-18450
-19950
-19425
-19425
-19650
-18700
-19500
-22175
-21925
-20675
-21175
-21400
-21300
-22500
-23650
-22675
-22200
-23600
-23350
-23800
-24800
-25250
-24700
-24025
-24975
-26350
-26350
-27150
-25925
-26150
-26225
-26725
-27950
-27750
-26625
-26850
-26400
-26300
-26825
-26950
-25900
-24850
-23425
-24900
-24650
-23675
-22925
-21725
-20075
-19525
-20975
-19625
-17925
-17500
-15350
-14075
-14950
-15525
-13475
-11300
-11125
-10200

-9175
-11075
-10375
-7300
-6725
-6725
-6525
-6775
-7625
-6525
-4325
-4725
-6150
-6050
-6300
-6675
-5550
-4575
-6200
-8100
-7400
-7300
-8125
-6900
-7575
-9400
-10000
-9700
-9075
-9900
-9075
-10200
-12200
-11275
-10375
-10275
-10425
-11125
-12300
-11700
-11550
-10600
-11025
-11300
-12300
-13350
-11425
-12200
-11075
-12325
-13900
-14225
-13650
-12350
-13350
-14250
-14600
-16275
-16025
-14825
-15200
-16150
-17475
-17500
-18775
-18075
-16800
-17350
-19750
-20275
-19925
-19925
-19725
-19475
-20475
-22850
-21050
-21225
-21575
-21775
-21550
-23725
-23725
-23050
-22700
-23350
-23675
-24875
-25825
-25025
-24350
-25425
-25325
-26500
-26675
-26925
-26575
-26250
-26525
-26875
-27525
-27550
-26275
-25800
-26075
-25725
-26475
-25950
-24450
-23500
-22875
-23350
-22850
-22300
-21450
-19850
-18175
-18450
-18900
-17450
-15925
-15325
-13600
-12250
-14000
-13425
-10975
-10050

-9625
-8375
-8100
-9800
-8725
-5600
-5875
-6175
-5200
-6400
-7325
-5100
-3800
-5100
-5975
-5825
-6350
-6900
-5550
-5525
-7400
-7975
-8325
-8025
-8250
-7550
-8250
-10850
-10000
-9600
-9725
-9450
-10125
-10875
-11500
-11425
-9850
-10450
-10550
-11275
-12325
-11575
-11475
-10575
-10750
-12050
-12900
-12825
-11400
-12100
-12725
-12125
-14650
-14575
-13175
-13525
-14125
-15225
-15250
-17075
-16350
-14900
-15750
-17275
-18150
-18425
-18700
-17775
-17150
-19225
-20450
-19800
-20150
-20575
-19825
-19950
-21700
-22550
-21725
-21225
-22275
-21975
-22250
-24425
-24075
-22675
-23600
-24500
-24625
-25350
-25525
-25900
-24875
-25475
-26075
-27075
-26775
-26950
-26525
-26225
-26300
-27025
-27475
-26575
-25700
-25150
-25675
-25000
-24950
-25275
-23150
-21750
-21925
-22425
-21475
-20425
-19975
-17550
-16450
-17275
-17375
-15275
-14725
-13425
-11625
-11125
-12600
-11650

-9100
-9100
-7975
-7075
-8000
-8300
-6675
-5025
-5325
-5875
-5550
-6450
-6400
-4500
-3775
-5650
-6100
-6675
-7175
-6650
-5425
-6000
-8250
-8475
-8600
-8800
-8000
-8425
-8975
-10625
-10125
-9900
-10350
-9650
-10525
-11425
-11125
-11300
-10225
-9975
-10925
-11875
-12400
-11200
-11125
-10950
-10850
-12900
-13275
-12350
-12125
-12075
-12400
-13200
-15150
-15200
-13250
-14375
-14825
-15250
-16800
-17275
-16475
-15050
-17225
-18375
-18300
-18800
-19300
-18325
-17850
-19700
-21050
-20250
-20750
-20900
-19575
-20450
-22575
-22525
-21975
-22050
-22025
-22575
-23325
-24350
-23850
-23550
-24525
-24175
-24625
-26550
-25700
-25650
-25575
-25900
-26475
-27125
-27350
-26400
-26025
-26150
-26100
-26825
-26775
-25675
-24625
-24525
-23825
-24500
-24075
-23300
-21500
-20300
-20825
-20450
-20000
-18875
-17350
-15675
-14950
-16025
-15525
-13100
-12825
-11300
-9650
-10400

-11425
-9175
-7775
-7475
-6875
-5800
-7700
-7500
-5225
-4550
-5300
-5025
-5300
-6675
-5650
-4225
-4600
-6400
-6725
-6850
-7175
-6775
-6575
-7375
-9050
-8950
-8825
-9125
-8600
-8825
-10050
-11225
-10750
-9975
-9775
-10525
-10300
-11900
-11225
-10725
-10725
-10400
-11675
-12075
-12075
-11575
-10875
-11200
-11825
-13250
-13625
-12325
-12925
-12800
-12975
-14925
-15875
-14700
-14100
-15250
-15825
-16175
-17925
-17550
-16500
-16775
-18075
-18525
-19400
-19950
-19100
-18450
-19325
-20775
-21425
-21100
-21175
-20550
-20675
-21975
-23200
-22425
-22275
-23050
-22850
-22775
-24900
-24850
-24250
-24050
-24600
-25425
-25900
-27075
-25850
-25650
-26300
-26325
-26925
-27450
-26925
-26325
-25950
-25950
-25875
-26600
-26425
-24325
-23650
-24075
-23625
-23375
-23100
-21400
-19950
-19200
-19575
-19050
-18100
-17425
-15400
-13650
-14250
-14600
-13400
-11650
-11100
-9375

