
Curva de Excitacao - Bobina Girante (Dados Brutos)

Arquivo..............: C:\Arq\Wiggler\Medidas Wiggler - Corretoras\Bobina Tungstenio\Gap100\Translado100_X=6_#011.dat
Data.................: 26/01/2005
Hora.................: 15:22:49
Ganho................: 20
N. de Coletas........: 1
N. de Voltas.........: 10
Intervalo de Análise.: 4 - 8

-14575
-14825
-14125
-13850
-15950
-16225
-13925
-12825
-13500
-13050
-12225
-13200
-12225
-10775
-11650
-13450
-12875
-11750
-10100
-8950
-7700
-10275
-13650
-12450
-9775
-7475
-6025
-7475
-9750
-11350
-9925
-7225
-6075
-6400
-8825
-9600
-8500
-6050
-4975
-7625
-11825
-11250
-9725
-5225
-5125
-7750
-13600
-16150
-13775
-8525
-7900
-9975
-15725
-19150
-19125
-14350
-10700
-14525
-20375
-22875
-23575
-18775
-15325
-16875
-24850
-29350
-26350
-22450
-19125
-19525
-25700
-31675
-30550
-25125
-20550
-21475
-24925
-31500
-31875
-26575
-20425
-20925
-24700
-29700
-29775
-26100
-20000
-19000
-23125
-27075
-27500
-25850
-19875
-18450
-20575
-24250
-26775
-25125
-21100
-18950
-19775
-23125
-24500
-24375
-22000
-20275
-20300
-22125
-23275
-23325
-21875
-20425
-19175
-20450
-23025
-21475
-20725
-19200
-17775
-18000
-19775
-20175
-19325
-16475
-16375
-15575
-15250
-17850

-17250
-14625
-13425
-14025
-14200
-14125
-15175
-13250
-10975
-12000
-12500
-13350
-12750
-12225
-10175
-8925
-10625
-13075
-11700
-11000
-8900
-7400
-8375
-10575
-11375
-9600
-7350
-7150
-6700
-8900
-9950
-8900
-6175
-4325
-6325
-9025
-9775
-9925
-5200
-4075
-5050
-9875
-12275
-11225
-7000
-5600
-6125
-11000
-15100
-15225
-11425
-7575
-9600
-14675
-19225
-19950
-15700
-11850
-12900
-18750
-24275
-24125
-20825
-16350
-15900
-21800
-28000
-28375
-25025
-19700
-19275
-22525
-30000
-31600
-27250
-21400
-20075
-23500
-28775
-31450
-28675
-21400
-19775
-22550
-27075
-29075
-27625
-21775
-18500
-20325
-24575
-27525
-25375
-21950
-18700
-19125
-22825
-25025
-24900
-21675
-19450
-19875
-21375
-23825
-23750
-23150
-20000
-19325
-20450
-23500
-22650
-22000
-20325
-18550
-19075
-21350
-21275
-20725
-18250
-18075
-16325
-17800
-19750
-18950
-16600
-15075
-14975
-14950

-16275
-17275
-14650
-12100
-13150
-13000
-14275
-13875
-14075
-11300
-9750
-11700
-12875
-12100
-12550
-10450
-8400
-9350
-11325
-11675
-10525
-9100
-8525
-6950
-9500
-10375
-9975
-7475
-5875
-6425
-8100
-9700
-9675
-6125
-4375
-4750
-7325
-10450
-10000
-6675
-4325
-4500
-8025
-11750
-11925
-9250
-6175
-6350
-10000
-14575
-16175
-13650
-8850
-9450
-13400
-19700
-20100
-18975
-13200
-12525
-17300
-24050
-25175
-23150
-18425
-16775
-19125
-26575
-30250
-26825
-21700
-19075
-21525
-27650
-31650
-29325
-23000
-20175
-22150
-26500
-30700
-29050
-23900
-19550
-20825
-24325
-28225
-27700
-24300
-18600
-18825
-22975
-25500
-25875
-23200
-18975
-18800
-20700
-24625
-24075
-22875
-20400
-19125
-20000
-23200
-23775
-22925
-20525
-19450
-19750
-21900
-23050
-21950
-20100
-19300
-18300
-19025
-21175
-20500
-18750
-16975
-16875
-16775
-17725
-19275
-16875
-14025
-14425

-14675
-15275
-15725
-15525
-12825
-11300
-12450
-13800
-13225
-13750
-11800
-9550
-9750
-12275
-12900
-11375
-10400
-9400
-8100
-10000
-11575
-10675
-9200
-7400
-7100
-7775
-10125
-10450
-7300
-5350
-5650
-6575
-9525
-9275
-7625
-4425
-4000
-5900
-9475
-10275
-8625
-4875
-4475
-6475
-10950
-13425
-11075
-7250
-5900
-8950
-14500
-16150
-16050
-11150
-9150
-12500
-18350
-21325
-20450
-16175
-13800
-15075
-22300
-26450
-24600
-21100
-17150
-18500
-24025
-30025
-28925
-23100
-20125
-21275
-24400
-30575
-30150
-25875
-20150
-21025
-24800
-28475
-29200
-26250
-20075
-19050
-23150
-26575
-27000
-24700
-19975
-18600
-20700
-24625
-25175
-23350
-20525
-18475
-20125
-22500
-24350
-23575
-20950
-19075
-19700
-21525
-24000
-22450
-21150
-20225
-19075
-20350
-22400
-21725
-20500
-18775
-18075
-18375
-19575
-21150
-18750
-16300
-16425
-16150
-17050
-18000
-17150
-14600

-12725
-14525
-14650
-14550
-15550
-13250
-10900
-10825
-12850
-13625
-12475
-12275
-9950
-9200
-10950
-12625
-11200
-10400
-8975
-8200
-8150
-10875
-11150
-9175
-6900
-6975
-6925
-9450
-9875
-8950
-5375
-4625
-5575
-8350
-9275
-8800
-5150
-3900
-4750
-8700
-10625
-9525
-6175
-4225
-6100
-10325
-13050
-12675
-9100
-6250
-8750
-13250
-17050
-16750
-14025
-10575
-11250
-17200
-22100
-21125
-18775
-15250
-15175
-19875
-26375
-26700
-22050
-18625
-19175
-22200
-28325
-29350
-25825
-20800
-20350
-23800
-27950
-30075
-27975
-21800
-19700
-22500
-27075
-28700
-26725
-21800
-19100
-20600
-24850
-26575
-24400
-22325
-18475
-19450
-22000
-24825
-23850
-21550
-19250
-18875
-20950
-24175
-22775
-21875
-19775
-19125
-20475
-22600
-22750
-21900
-19550
-18900
-18850
-21025
-22575
-20400
-18175
-17900
-17500
-18225
-19625
-19175
-16900
-14750
-15500
-15800
-16600
-17000

-15025
-12825
-11900
-14200
-14800
-13575
-13700
-11075
-9925
-11800
-13325
-12700
-11400
-10350
-8725
-8950
-11275
-12475
-10275
-8425
-7825
-7275
-9650
-10475
-9850
-7050
-5900
-6550
-7775
-9475
-9075
-5950
-4225
-4100
-7325
-9175
-8975
-6400
-3525
-4025
-6900
-10025
-10575
-8150
-4450
-6000
-8725
-12575
-13100
-11300
-8000
-7700
-12225
-16925
-17325
-15875
-12475
-11650
-15050
-21575
-23275
-20175
-16900
-16200
-18125
-24800
-27525
-24450
-20225
-19000
-21700
-25200
-29850
-28400
-22850
-19950
-22225
-26525
-28875
-28700
-24075
-19425
-20775
-25325
-27875
-26225
-23750
-19475
-19650
-22075
-25700
-25450
-22200
-19600
-18600
-20750
-23900
-23600
-22425
-19375
-18600
-20350
-22625
-23150
-22225
-20250
-19750
-18875
-21500
-23150
-21825
-19650
-19075
-18950
-19275
-21275
-20950
-18675
-16425
-17925
-17275
-18375
-18775
-17325
-14300
-14050
-15150
-16525

-15325
-15625
-12800
-10975
-12950
-14125
-13750
-12550
-11650
-10175
-9475
-12225
-13050
-11500
-10150
-8875
-8325
-10050
-11800
-10925
-8125
-7025
-7850
-7925
-10000
-9900
-7600
-5725
-5075
-7225
-8425
-8875
-7050
-4250
-3850
-5875
-8375
-9375
-6675
-4400
-3875
-5925
-9475
-10750
-9475
-5875
-4975
-8350
-12225
-13700
-13375
-9800
-8125
-10650
-16200
-19125
-16800
-14900
-12525
-13875
-20025
-24000
-22225
-18700
-16850
-18350
-21925
-27250
-27225
-22375
-19075
-20850
-24225
-28375
-28550
-25550
-19975
-21175
-24850
-28025
-27900
-25450
-20975
-19850
-22825
-26175
-26950
-23925
-20800
-18700
-20025
-24325
-24925
-23125
-20125
-18425
-19750
-22000
-23800
-22500
-20475
-19100
-19175
-21250
-22600
-22225
-21000
-19100
-18950
-20275
-22225
-21750
-19725
-18525
-18600
-18400
-20150
-20525
-18725
-16450
-16425
-16500
-17500
-17525
-17725
-14825
-12725
-14600

-14925
-15425
-14425
-13575
-11150
-10800
-13150
-13650
-12400
-11750
-10325
-9100
-10300
-12700
-11775
-9225
-8925
-8375
-8325
-10875
-11050
-8750
-6850
-6550
-7375
-8875
-9375
-8725
-5175
-4575
-5675
-8175
-8725
-7175
-5150
-3100
-4600
-7900
-9400
-8000
-5375
-3650
-5100
-8100
-11400
-11200
-7475
-5550
-6750
-11125
-14700
-14500
-11725
-9575
-9925
-14875
-19425
-18800
-16675
-13850
-14475
-18150
-23925
-23775
-20550
-18025
-17975
-20950
-26400
-27700
-25025
-19750
-20350
-23675
-26750
-29075
-26500
-22050
-19925
-23150
-26500
-27575
-26125
-22325
-19575
-20800
-24750
-26350
-24250
-21225
-18975
-19525
-22325
-24575
-23400
-20650
-18925
-18725
-21025
-22750
-22650
-21475
-18975
-18800
-20075
-22100
-22900
-20725
-19075
-19400
-19225
-20800
-21750
-20200
-18400
-18100
-18075
-18525
-19725
-19625
-16650
-15125
-15950
-16700
-16975
-16925
-15750
-13125

