
Curva de Excitacao - Bobina Girante (Dados Brutos)

Arquivo..............: C:\Arq\Wiggler\Medidas Wiggler - Corretoras\Bobina Tungstenio\Gap100\Translado100_X=-6_#015.dat
Data.................: 26/01/2005
Hora.................: 14:49:03
Ganho................: 20
N. de Coletas........: 1
N. de Voltas.........: 10
Intervalo de Análise.: 4 - 8

-12825
-11575
-12200
-11925
-12000
-11775
-11825
-10200
-9875
-11725
-9925
-9025
-9575
-9800
-10150
-10725
-11525
-10075
-8475
-9050
-9275
-10650
-13000
-12225
-10500
-8900
-9250
-10725
-10775
-12250
-11575
-10825
-10025
-10100
-10675
-10875
-10450
-10475
-9950
-10775
-11850
-11825
-11225
-9325
-9325
-10925
-12425
-13600
-13250
-11825
-11025
-11450
-13975
-14175
-16100
-15775
-14175
-14425
-16225
-17450
-17275
-17725
-17650
-17250
-18125
-21050
-20450
-18950
-20150
-19650
-20225
-21575
-23050
-22400
-20400
-21100
-21375
-21800
-23125
-23575
-22325
-21225
-22400
-24150
-22525
-22900
-23100
-22500
-23275
-24400
-24350
-24625
-23350
-23725
-23600
-24650
-26175
-25675
-25125
-24750
-24225
-25500
-26000
-25650
-25725
-25000
-24300
-24300
-25225
-24925
-23500
-23250
-22200
-21750
-22600
-22200
-20700
-18975
-18875
-18725
-17800
-18350
-18100
-15300
-14475
-14750
-14100
-14000

-13925
-13250
-11250
-10175
-12475
-11100
-10550
-10300
-10125
-8800
-9650
-10875
-10100
-8500
-9750
-8575
-8800
-11050
-11000
-9825
-8650
-9625
-9825
-10175
-11450
-11075
-9400
-10100
-9925
-11100
-10550
-11025
-10475
-9025
-9950
-10750
-11350
-10750
-9975
-9200
-9325
-10075
-12050
-11650
-10425
-10400
-9875
-11125
-12000
-13175
-13375
-11850
-11875
-13050
-14300
-15100
-15550
-15300
-14050
-15300
-18125
-17975
-17850
-17875
-17550
-17650
-19300
-20850
-20775
-19825
-20325
-19625
-20075
-22575
-22675
-21275
-20700
-21225
-22050
-21875
-23425
-22150
-21525
-21725
-22750
-22875
-23125
-23450
-23075
-21975
-23100
-24750
-24275
-24200
-23725
-23750
-24300
-25100
-25825
-25075
-24425
-24925
-25000
-25200
-25675
-24700
-24725
-23500
-23550
-24675
-24150
-23225
-22100
-21850
-20875
-20600
-21525
-20725
-18525
-18025
-17575
-16975
-16650
-17175
-15450
-13725
-13025
-14125

-12825
-12650
-12750
-10650
-9800
-10350
-11500
-9875
-9925
-10350
-8225
-8075
-10325
-10125
-9575
-8650
-9275
-8825
-8950
-11125
-10150
-8875
-9675
-9575
-10125
-10000
-10775
-10375
-8850
-10125
-10450
-10600
-10975
-9900
-9450
-8825
-10025
-11200
-10350
-10300
-9450
-9450
-9575
-10625
-11200
-11775
-10200
-10550
-10725
-11950
-12725
-13525
-13100
-11700
-13175
-14775
-15200
-15775
-16150
-15450
-14775
-17125
-18450
-18525
-18000
-18775
-17750
-18200
-21075
-21350
-20350
-19750
-20300
-20450
-21000
-23100
-22475
-20475
-21250
-21900
-22250
-22000
-23275
-22575
-21150
-22100
-23550
-23200
-23525
-22825
-22950
-23100
-24150
-25075
-23925
-23950
-24200
-24350
-24900
-25075
-25175
-25400
-24325
-24425
-25225
-25325
-24850
-24025
-23775
-23250
-23325
-24000
-23100
-21500
-21300
-20525
-19750
-19650
-20325
-18800
-16975
-16500
-16725
-15475
-15575
-15700
-13375
-12200

-12525
-13075
-11400
-11800
-11925
-9525
-9225
-10650
-10700
-9550
-9325
-9325
-7875
-8475
-10850
-9500
-8725
-9375
-8875
-8850
-9675
-10775
-10225
-8850
-9825
-9675
-10150
-11000
-10300
-9675
-9325
-10200
-10525
-10375
-10550
-9775
-9200
-9575
-10050
-10600
-10900
-9800
-9650
-9400
-10375
-11550
-12025
-11350
-10150
-10525
-12525
-12625
-13325
-14250
-13600
-12350
-14425
-16450
-15650
-16125
-17100
-15775
-15675
-18650
-19700
-18700
-18600
-18800
-18800
-19475
-21800
-21375
-19575
-20700
-20675
-21000
-21350
-23100
-22025
-20275
-21450
-22050
-22250
-22750
-22550
-21800
-21425
-22675
-24375
-22750
-22900
-23550
-22800
-23650
-24225
-24775
-24350
-24075
-24125
-24475
-24850
-25450
-25375
-23875
-24200
-23850
-25200
-24550
-23750
-23625
-23075
-22150
-21900
-22925
-21850
-19850
-20250
-18825
-18575
-18500
-18925
-16750
-15325
-15200
-15175
-14150
-14250
-14250

-11625
-10975
-11800
-11500
-10850
-11225
-9975
-8850
-8500
-10525
-9550
-8825
-9150
-8675
-8175
-8825
-10375
-9575
-8575
-9225
-8600
-9125
-10900
-10400
-9325
-8675
-9350
-10525
-9975
-10900
-10175
-8825
-9225
-9450
-10425
-10275
-10025
-9750
-8500
-9325
-10100
-10750
-10700
-9325
-9125
-10650
-10725
-11850
-11550
-11225
-10825
-11475
-13550
-13325
-14525
-14275
-13300
-13375
-15775
-16850
-16800
-17000
-16900
-15800
-17225
-19900
-19700
-18775
-19375
-19350
-19150
-20600
-21850
-21200
-19825
-20825
-20900
-21475
-22475
-22525
-21175
-20400
-21500
-23075
-22250
-23125
-22525
-21750
-22300
-22700
-23450
-24000
-23200
-23550
-23150
-23800
-24950
-24475
-24350
-24025
-23850
-25100
-25375
-25125
-24475
-24075
-23575
-23850
-23850
-24300
-23200
-22400
-21400
-21325
-21625
-21525
-20375
-18675
-18175
-17825
-17425
-17675
-17225
-14525
-13925
-14150
-13475
-13575

-13775
-11850
-10200
-9925
-11150
-10575
-10225
-10275
-8700
-7950
-8775
-9900
-9175
-8725
-9150
-7650
-8275
-9875
-9725
-9000
-8725
-8700
-9475
-9425
-10450
-9825
-8550
-9675
-9100
-10300
-10250
-10200
-9450
-8275
-9250
-9700
-10475
-10400
-9275
-8700
-8825
-9700
-10950
-10325
-9900
-9675
-9750
-10950
-11025
-12225
-12275
-10925
-11350
-12625
-14125
-14200
-15000
-14425
-13525
-14700
-17225
-17375
-17400
-17125
-16950
-16800
-18750
-20175
-20075
-19125
-19525
-18850
-19550
-22275
-21975
-20775
-20050
-20850
-21000
-21250
-22800
-21950
-20500
-21550
-22125
-22350
-22525
-23075
-22125
-21200
-22775
-24300
-23375
-23825
-23300
-23000
-23225
-25000
-24800
-24675
-23675
-24000
-24175
-24325
-25175
-24800
-24300
-22900
-22750
-23675
-23550
-22825
-21700
-21025
-20375
-19975
-21300
-19450
-18175
-17525
-16925
-15700
-16750
-16300
-15225
-12425
-12900
-12800

-12150
-12350
-12500
-10050
-9200
-9950
-10200
-9650
-9300
-9925
-7275
-7975
-9425
-9525
-8650
-8300
-8550
-7675
-8350
-10825
-9750
-8025
-9375
-8300
-9100
-9975
-10800
-9800
-8325
-9025
-9500
-9575
-10525
-10000
-8875
-8175
-9075
-10225
-9700
-9850
-9050
-8600
-9425
-10075
-10700
-10875
-9225
-10025
-10050
-11400
-12625
-12975
-12325
-11050
-12375
-13975
-14825
-15425
-15600
-14650
-14125
-16500
-17700
-17825
-17875
-18350
-16900
-17875
-20375
-20725
-19500
-19325
-19700
-19700
-20550
-22550
-21575
-19775
-20775
-21200
-21300
-21800
-22650
-21875
-20525
-21400
-22550
-22475
-23050
-22675
-21825
-22375
-23525
-24400
-23425
-23350
-23625
-23350
-24525
-24475
-24950
-24550
-23700
-23250
-24675
-24400
-24750
-23950
-22825
-22175
-22150
-23250
-22525
-21300
-21025
-19450
-18750
-19175
-20100
-18350
-16200
-15825
-15525
-14950
-15550
-15400
-12550
-10925

-11800
-12300
-11150
-11700
-11500
-8375
-8075
-9975
-9650
-9225
-9175
-8500
-7175
-7850
-9625
-8900
-8150
-8675
-8450
-8175
-9375
-10075
-9475
-7950
-8875
-9125
-9500
-10750
-9975
-8875
-7825
-8925
-10475
-9950
-10050
-9375
-8125
-8225
-9425
-10450
-10175
-9000
-9325
-8250
-9225
-11000
-11350
-10550
-9425
-10500
-11525
-12175
-13075
-13375
-11600
-12075
-14100
-15600
-15125
-16275
-15850
-14500
-15750
-17950
-19000
-18275
-18500
-17600
-17850
-19350
-21375
-20100
-19525
-20175
-20000
-19975
-21550
-22025
-20775
-20225
-20975
-21675
-21525
-22825
-22175
-20825
-20900
-22675
-23250
-22500
-22825
-22950
-21950
-23300
-23750
-24350
-23975
-23425
-23675
-23225
-24650
-25175
-24775
-23675
-23350
-23125
-24900
-24200
-23300
-23300
-21900
-21350
-21950
-22800
-21125
-19675
-19375
-17950
-18000
-18750
-18400
-16050
-14625
-14925
-14475
-13700
-14475
-13375

