
Curva de Excitacao - Bobina Girante (Dados Brutos)

Arquivo..............: C:\Arq\Wiggler\Medidas Wiggler - Corretoras\Bobina Tungstenio\Gap100\Translado100_X=-19_#002.dat
Data.................: 26/01/2005
Hora.................: 14:28:40
Ganho................: 20
N. de Coletas........: 1
N. de Voltas.........: 10
Intervalo de Análise.: 4 - 8

-10175
-7175
-5475
-6625
-7025
-4800
-6075
-5400
-2975
-3875
-3850
-2800
-1925
-2875
-4100
-3650
-4825
-4550
-2900
-2200
-4025
-5925
-7625
-7925
-8450
-5975
-6050
-8375
-8950
-9900
-11625
-11725
-11050
-10625
-11650
-11675
-12325
-13600
-13100
-13325
-14000
-13775
-14475
-13625
-12900
-14075
-14200
-16050
-15450
-15950
-15600
-13150
-14875
-16075
-16225
-18000
-17825
-16425
-15925
-17525
-18750
-17975
-18800
-19325
-19075
-19700
-20175
-20750
-19875
-20500
-21675
-21200
-21675
-24150
-23375
-22350
-22800
-23475
-23775
-24825
-26775
-25825
-24425
-26250
-26350
-26025
-28300
-28675
-27925
-27400
-28225
-29800
-29675
-30225
-28775
-28775
-30000
-29800
-31300
-30350
-28675
-28750
-28975
-28375
-29250
-28875
-27650
-25325
-25775
-26400
-25300
-24750
-23400
-21500
-21250
-20500
-21275
-19150
-17025
-16700
-15900
-14550
-14800
-14250
-11700
-9600
-10275
-10125

-7800
-8775
-7350
-4825
-5175
-6100
-5000
-3100
-3825
-3100
-1875
-3475
-4300
-2325
-1675
-2225
-2825
-3525
-4900
-5100
-3775
-3450
-5650
-5875
-7075
-7375
-8100
-7950
-7900
-9725
-10125
-9950
-11250
-10700
-11300
-11900
-12500
-13000
-12625
-12200
-12575
-12875
-13975
-13925
-14525
-14400
-13025
-13925
-14400
-14400
-15850
-15850
-15625
-14100
-16225
-16675
-15650
-17250
-17225
-16200
-17550
-18950
-18425
-17900
-19050
-19675
-18675
-19675
-21600
-21075
-20625
-20825
-21500
-21750
-22275
-24350
-23375
-22750
-24050
-24125
-24050
-25275
-26500
-26250
-25150
-26550
-27300
-26950
-29100
-28150
-27300
-28475
-28975
-29275
-30025
-29825
-29200
-28825
-29575
-29325
-30200
-29800
-28200
-27925
-28450
-27475
-28100
-27050
-25450
-24475
-24700
-24600
-23200
-22050
-22000
-19175
-19275
-19125
-18550
-16725
-14725
-14450
-13850
-12575
-12850
-11325
-8750
-8150

-8750
-7975
-6325
-6800
-5075
-2875
-4300
-5325
-3225
-2750
-2450
-1800
-1400
-3550
-3825
-1950
-1875
-3100
-2625
-4075
-5375
-4925
-5000
-4975
-6200
-6550
-7500
-8950
-8350
-8650
-8875
-9875
-11000
-10925
-11475
-11250
-11100
-12100
-12650
-12700
-13050
-12550
-13550
-12775
-13000
-14400
-14350
-13875
-13325
-14175
-15025
-14375
-15900
-15475
-14525
-15525
-16475
-16750
-16225
-17600
-17675
-16375
-18050
-19275
-18550
-18950
-19675
-19150
-19125
-21250
-21775
-20600
-21200
-22025
-21725
-21825
-23550
-24100
-23425
-23500
-24625
-24125
-24625
-27275
-26650
-25250
-26500
-27225
-27425
-27625
-29225
-29050
-27375
-28900
-29050
-29275
-30175
-29600
-28425
-28925
-29150
-29275
-29500
-28325
-27050
-27300
-27625
-26400
-25725
-25725
-23575
-23100
-23425
-22375
-21550
-19875
-19475
-17475
-17275
-17650
-15900
-13925
-13050
-12400
-11850
-10975
-10650
-9450

-6325
-7025
-7325
-5900
-5425
-5150
-3125
-1975
-3900
-4300
-1925
-2275
-2150
-1375
-2000
-3725
-3300
-2475
-2450
-3525
-3800
-4875
-6750
-5650
-5275
-6125
-6975
-8450
-8375
-9750
-9300
-9025
-10200
-11125
-11150
-11600
-11650
-12375
-11725
-12350
-13025
-13150
-13275
-12825
-12775
-13825
-13550
-15050
-14275
-13375
-14400
-14600
-15325
-15000
-16200
-16275
-14425
-16400
-17125
-16475
-17725
-18200
-17650
-16700
-19625
-19750
-18625
-19500
-20275
-19650
-20475
-21575
-22025
-21100
-21825
-22600
-22275
-23075
-24350
-24725
-23975
-24125
-25100
-25525
-25700
-26975
-27375
-26000
-27575
-27150
-27575
-29175
-29250
-28850
-28200
-29175
-29300
-29475
-30100
-28725
-28075
-29025
-28600
-28200
-29025
-27275
-25350
-26450
-26125
-25075
-24375
-24050
-21450
-21325
-22075
-20450
-18900
-18325
-16600
-16200
-15475
-15800
-13550
-11375
-11050
-10650
-9450
-9725

-8675
-6725
-4825
-5250
-6325
-4425
-4275
-3900
-1800
-1125
-3525
-3150
-1725
-2000
-1975
-600
-2725
-4250
-3350
-2825
-3350
-3875
-5025
-6200
-6925
-6200
-5975
-7575
-7925
-9150
-9825
-10175
-9925
-9850
-10525
-11700
-11425
-12275
-12475
-12050
-11700
-12775
-13525
-12900
-12875
-13675
-13125
-13800
-14000
-14575
-14975
-13325
-14800
-14900
-15300
-16000
-16300
-16000
-15425
-16825
-17650
-17075
-17750
-18475
-17775
-18350
-19650
-19325
-19400
-20525
-20900
-19725
-21300
-22400
-21550
-21975
-22550
-22725
-23100
-24125
-24925
-24475
-24550
-25350
-25375
-25550
-26925
-27600
-27450
-26600
-27300
-28525
-28100
-29400
-28925
-28600
-28500
-29225
-28975
-29150
-29075
-28575
-27525
-28100
-27700
-27575
-27350
-25425
-24175
-25325
-24575
-23200
-23050
-21250
-20050
-19550
-20400
-18075
-16625
-16300
-14400
-13400
-14425
-13150
-10825
-9175
-9450
-8375

-7650
-8150
-6800
-4075
-3525
-4225
-4000
-3425
-3725
-2525
-400
-1300
-3150
-2225
-1850
-2525
-1650
-1000
-3625
-4825
-3375
-3350
-4825
-4450
-5775
-7225
-7350
-7175
-6900
-8675
-8800
-9650
-11025
-10350
-9875
-10425
-11100
-12025
-12400
-12350
-12300
-11675
-12400
-12975
-13500
-13325
-13250
-13775
-12925
-13450
-15000
-14550
-14525
-14150
-14825
-15750
-15175
-16875
-16550
-15550
-16075
-17700
-17550
-17775
-19075
-18700
-17625
-18625
-20700
-19800
-20350
-20950
-20900
-20200
-22150
-22925
-22050
-22600
-23650
-22775
-23800
-24425
-24975
-25725
-24900
-25650
-26225
-26325
-27750
-27725
-27150
-27550
-28025
-28450
-28550
-29325
-29225
-28225
-28525
-28600
-28650
-29025
-28425
-27050
-27050
-26600
-26700
-26450
-25525
-24100
-23125
-23800
-22225
-21500
-21800
-18925
-17450
-18650
-17650
-15875
-14750
-14450
-12100
-11450
-12375
-11025
-8525
-7875

-7225
-6275
-6225
-6450
-5175
-2525
-3250
-3200
-2925
-2550
-2900
-1175
0
-1825
-3275
-1875
-2175
-2775
-1225
-2225
-4450
-5200
-4525
-4925
-5350
-5300
-6600
-8625
-7950
-8100
-8475
-8825
-9975
-10250
-11175
-10750
-10625
-11150
-11725
-12050
-12500
-12375
-12625
-11925
-12125
-13875
-13775
-13700
-13150
-13575
-13675
-13775
-15450
-15075
-14275
-14875
-15075
-15925
-15825
-17275
-17450
-15825
-16850
-18350
-18050
-18925
-19300
-18750
-17850
-20425
-21000
-19800
-21125
-21650
-20800
-21100
-23100
-23250
-22900
-23625
-24150
-22850
-24575
-25850
-25950
-25350
-26550
-25725
-27250
-26850
-27625
-28850
-27650
-27750
-28300
-28775
-29125
-29225
-28850
-27750
-28225
-28650
-28625
-27975
-27250
-26250
-26350
-25725
-25125
-25375
-23775
-22175
-21975
-22225
-20500
-19925
-19575
-16975
-15550
-17275
-15650
-13925
-13350
-11775
-9825
-9950
-10850
-9050

-6500
-6550
-5250
-4800
-5550
-5325
-3100
-1550
-2175
-2400
-2300
-2625
-2100
-525
-600
-2225
-2800
-2650
-3275
-3075
-2050
-3175
-6075
-5575
-5350
-6025
-6175
-6525
-8300
-9500
-9200
-8575
-9875
-9375
-10450
-11650
-11650
-11800
-11050
-11400
-11950
-12700
-12850
-13125
-12500
-12750
-12450
-14250
-13800
-13450
-14125
-13675
-14025
-14700
-16000
-15625
-14575
-15850
-15550
-16050
-17575
-17800
-17050
-16575
-17950
-19075
-18450
-19350
-20325
-19150
-19125
-20700
-21525
-21000
-22075
-22375
-20975
-22325
-23650
-23800
-23650
-24525
-24125
-24200
-25450
-26050
-26225
-26550
-27275
-26225
-26850
-28575
-28525
-28500
-28125
-27775
-28775
-28775
-29200
-28925
-27900
-27900
-27600
-27875
-27850
-27025
-26100
-25175
-24675
-24650
-24675
-23225
-21675
-20425
-20575
-19700
-19150
-18500
-16500
-14550
-14000
-15075
-13300
-11825
-11425
-9300
-7850
-9175

