
Curva de Excitacao - Bobina Girante (Dados Brutos)

Arquivo..............: C:\Arq\Wiggler\Medidas Wiggler - Corretoras\Bobina Tungstenio\Gap100\Translado100_X=10_#015.dat
Data.................: 26/01/2005
Hora.................: 15:29:03
Ganho................: 20
N. de Coletas........: 1
N. de Voltas.........: 10
Intervalo de Análise.: 4 - 8

-15575
-15450
-13175
-12750
-14375
-14175
-13075
-14150
-13825
-12150
-10475
-11575
-10500
-10625
-12275
-12400
-10650
-9425
-8825
-8025
-7200
-9550
-10725
-8975
-8300
-7100
-5025
-6450
-6675
-7875
-6525
-7050
-6200
-5600
-5775
-5875
-5250
-5775
-6100
-7625
-8150
-7300
-6700
-6150
-6575
-8900
-10650
-11400
-10550
-10025
-11200
-12025
-13650
-14925
-15400
-15125
-16100
-18075
-19400
-18700
-20375
-19525
-20525
-22325
-25125
-24750
-23475
-23125
-25225
-25025
-28500
-28275
-26750
-25150
-26500
-27800
-28250
-29375
-28125
-25375
-25550
-26675
-28325
-28250
-26900
-24450
-23525
-24100
-26300
-25975
-24275
-23525
-21300
-21600
-22850
-23725
-23050
-21600
-20975
-20275
-20775
-22150
-21150
-20850
-19775
-20525
-20900
-20875
-20025
-20350
-19200
-19750
-19100
-20275
-20625
-18700
-18825
-18525
-17525
-18225
-18200
-17575
-17075
-16600
-16450
-15625
-14850
-15925

-15100
-14325
-14350
-14175
-13775
-12375
-13475
-12050
-11275
-12650
-12050
-11150
-10975
-10625
-10275
-9050
-10275
-10350
-9250
-9025
-8525
-7375
-7700
-8200
-7800
-6300
-6850
-6725
-6525
-6300
-6175
-5350
-5275
-4875
-6000
-6575
-6025
-6050
-4575
-4925
-6250
-8000
-7450
-7450
-6675
-8350
-8425
-10125
-10475
-10975
-10450
-11625
-13200
-14950
-14600
-16050
-14525
-16250
-17750
-20375
-20700
-20150
-20100
-20675
-21375
-25200
-25125
-24250
-24050
-24650
-25800
-26525
-28400
-27675
-25500
-25550
-27250
-28000
-28450
-27675
-26425
-24100
-25675
-27700
-27325
-25525
-24900
-23375
-23250
-24000
-25275
-24250
-22375
-21450
-21175
-21600
-23125
-22600
-21225
-19500
-20200
-21450
-21350
-21200
-20550
-19850
-19600
-19550
-20625
-21100
-19800
-19600
-19200
-18375
-19250
-19875
-18525
-18275
-17575
-18325
-16975
-17225
-17550
-16325
-15675
-16000
-15150
-15100

-14300
-15350
-13225
-12725
-13975
-13175
-12600
-12475
-12125
-11275
-10475
-11900
-11100
-10200
-10325
-10175
-8800
-9125
-9800
-8625
-7725
-8025
-8175
-7200
-7625
-6950
-6225
-5925
-5750
-6100
-6450
-6075
-5725
-4325
-4150
-5800
-5950
-6675
-5625
-4750
-5425
-6025
-7900
-7675
-7900
-7100
-8050
-9125
-11050
-10850
-11800
-10800
-11675
-13475
-15700
-16500
-15700
-16325
-16625
-17425
-20900
-21825
-21275
-20300
-21125
-22975
-24000
-25975
-26150
-23975
-24200
-25450
-27025
-28300
-27750
-26900
-24625
-26575
-27675
-28775
-27700
-26075
-24475
-25175
-25975
-26750
-25925
-24575
-22800
-22500
-23200
-24875
-23225
-22750
-20850
-20700
-21300
-22500
-22050
-20625
-19875
-20275
-19800
-20975
-21675
-20275
-19675
-19025
-19525
-19575
-20800
-19975
-18950
-18025
-19500
-18125
-18750
-18875
-18300
-16475
-17000
-17350
-16975
-15675
-17200
-15125
-14025
-15275

-15075
-14125
-13475
-13750
-12850
-12100
-13025
-12875
-11375
-11500
-11325
-10350
-10050
-11350
-10525
-9175
-9075
-9500
-8025
-8925
-8775
-7925
-7125
-7050
-7525
-7025
-6050
-6750
-5350
-5425
-5850
-6225
-5750
-5250
-4050
-4975
-4900
-6600
-6325
-5650
-4750
-5325
-6700
-7275
-7675
-9125
-7625
-7850
-9350
-11250
-12150
-11425
-12500
-12425
-12975
-16450
-17125
-16825
-16650
-17550
-18550
-20000
-23075
-22100
-21100
-21575
-22950
-24250
-26050
-26600
-25550
-23025
-25525
-27850
-27725
-27625
-27025
-25350
-24975
-27275
-28550
-26800
-25525
-25200
-24175
-24475
-26650
-25875
-23525
-22100
-22150
-22975
-23025
-23850
-22150
-20350
-20175
-20900
-21625
-21100
-20675
-20325
-19175
-19475
-20200
-20850
-20200
-19150
-18575
-19600
-19275
-19850
-19900
-18425
-17925
-18325
-18625
-17950
-17425
-18425
-16300
-15650
-16875
-16725
-15600
-15275
-15200
-13950

-13425
-14825
-13800
-12425
-12950
-12650
-11700
-11375
-12550
-11600
-9900
-10700
-10450
-9550
-10100
-10200
-8825
-7950
-8425
-8525
-7800
-7750
-8275
-6050
-5725
-6675
-6900
-5950
-5950
-5250
-4775
-4675
-5675
-5225
-4950
-4525
-4400
-4800
-5625
-6175
-6325
-4800
-5300
-6100
-8050
-9050
-8150
-8500
-7725
-9175
-11575
-13200
-12600
-12600
-12650
-14150
-15575
-18750
-17875
-17450
-17575
-19125
-20625
-22400
-23400
-22900
-20700
-22800
-24975
-26475
-26125
-25750
-24350
-24525
-26550
-28400
-27375
-26625
-25475
-24925
-25650
-27300
-27575
-25550
-24150
-23425
-24025
-24650
-25925
-23400
-21850
-21350
-21875
-22600
-22250
-21650
-20775
-19575
-20250
-20600
-21250
-20575
-20100
-18600
-19600
-19550
-20550
-20100
-19375
-18850
-18725
-19275
-18825
-19225
-19050
-17650
-17175
-17925
-17675
-17500
-16500
-16950
-15225
-15200
-16175
-15775
-14075
-14525

-14075
-13175
-12775
-13925
-13075
-11500
-11900
-11800
-10700
-11425
-11300
-10375
-8925
-10300
-9625
-9175
-8925
-9425
-7550
-7150
-7850
-7725
-7325
-7200
-6175
-5350
-5300
-6550
-5975
-5125
-4975
-4100
-4750
-4875
-5525
-4925
-4275
-3950
-5000
-5425
-6775
-5500
-5800
-5375
-6075
-8400
-9175
-8950
-8575
-8625
-10175
-10725
-14350
-13825
-13075
-13175
-14600
-16425
-17925
-19475
-18875
-17475
-19425
-21875
-22825
-23425
-23625
-22075
-22200
-25300
-26725
-26125
-25675
-25550
-24350
-25650
-28125
-28400
-25975
-25150
-25150
-24950
-26100
-27750
-25575
-23275
-23100
-23525
-24400
-24200
-23675
-22125
-20375
-21150
-22050
-22125
-21475
-20650
-19125
-19350
-20400
-20825
-20600
-19550
-18625
-19075
-19650
-19625
-19575
-20050
-18100
-18075
-18550
-19025
-18925
-17800
-18275
-16525
-16425
-18050
-17500
-15950
-16150
-15500
-14675
-14700
-15600
-14750

-13025
-13325
-13125
-12275
-12850
-13075
-11675
-10100
-11425
-11225
-10350
-10750
-10850
-8625
-8525
-9200
-9275
-9050
-8300
-8150
-6450
-6375
-8225
-7225
-6275
-6000
-5325
-5275
-5225
-6525
-4975
-4550
-3825
-4475
-4600
-5850
-4675
-4925
-3250
-4450
-6075
-6725
-6725
-5975
-5550
-6775
-7850
-10275
-9675
-8825
-9725
-10225
-12225
-14000
-14950
-14625
-13025
-15425
-17375
-18925
-19600
-19775
-19225
-18475
-22175
-24075
-23775
-23350
-23825
-22850
-24400
-26375
-27575
-25875
-25100
-24975
-25450
-26650
-28825
-27025
-24650
-24075
-24800
-25925
-26200
-25025
-24000
-22125
-23025
-23300
-23725
-23100
-21925
-20425
-20025
-21225
-21625
-21200
-20550
-19100
-19100
-20100
-20175
-20250
-19625
-18925
-18650
-19050
-19175
-19875
-18525
-18925
-17775
-17700
-18475
-18800
-17500
-17575
-16775
-16350
-16150
-17100
-16425
-15225
-15150
-14575
-14025
-14075

-14900
-13425
-12075
-12750
-12875
-11450
-12150
-12075
-10225
-10025
-10725
-10525
-10350
-9525
-9875
-7900
-7875
-9425
-8675
-7425
-7525
-6625
-6375
-6175
-7525
-6125
-5125
-5400
-4875
-4650
-5650
-5200
-5000
-2825
-4100
-4775
-5250
-5375
-4850
-3800
-4425
-5425
-7050
-6825
-6300
-6800
-6600
-8625
-9550
-11350
-10500
-9650
-11125
-12950
-14275
-15650
-15650
-15400
-15125
-17850
-19725
-20475
-20450
-20150
-20075
-21550
-23975
-25175
-24100
-24175
-23950
-23875
-25800
-27925
-26875
-25025
-24800
-25600
-26425
-27475
-27150
-25375
-23350
-24700
-25225
-25150
-25150
-24025
-22325
-21350
-23125
-23300
-22750
-22025
-20300
-19975
-20250
-21125
-21300
-20100
-19300
-18950
-19325
-19750
-20600
-19350
-19575
-18125
-18225
-19475
-19600
-18775
-18625
-17850
-17475
-17625
-18625
-17775
-16800
-16975
-16000
-15925
-15950
-16725
-15150
-14000
-14425
-14150

