
Curva de Excitacao - Bobina Girante (Dados Brutos)

Arquivo..............: C:\Arq\Wiggler\Medidas Wiggler - Corretoras\Bobina Tungstenio\Gap100\Translado100_X=5_#010.dat
Data.................: 26/01/2005
Hora.................: 15:21:07
Ganho................: 20
N. de Coletas........: 1
N. de Voltas.........: 10
Intervalo de Análise.: 4 - 8

-15975
-13925
-12750
-14675
-16250
-14975
-14100
-13575
-12200
-12550
-13425
-13150
-11525
-10875
-12100
-12400
-12750
-12825
-9700
-8525
-8575
-10225
-12950
-12600
-11000
-7175
-5950
-8000
-9825
-11325
-10925
-7025
-6225
-6625
-9500
-9825
-9150
-6325
-4750
-7300
-11600
-11850
-10725
-5925
-4525
-7100
-12950
-16925
-13950
-9300
-7525
-8550
-15425
-19975
-19375
-13925
-11225
-13675
-19100
-23900
-24425
-18125
-14525
-16775
-23300
-28550
-27775
-22600
-17375
-18450
-25025
-30925
-30275
-25975
-19800
-19350
-24375
-31150
-31375
-26600
-20550
-19425
-23225
-29950
-29950
-25650
-20500
-18350
-22000
-26275
-28300
-26000
-19925
-18350
-19650
-23675
-27200
-25350
-21300
-18900
-19700
-22525
-24925
-24800
-22400
-20050
-21000
-21350
-23000
-24450
-21950
-20425
-19150
-21025
-22225
-21375
-22000
-19175
-16875
-18075
-20175
-19575
-18950
-17775
-15775
-14500
-16075
-18200

-16750
-14750
-14175
-12975
-13100
-15250
-14875
-12475
-11450
-12050
-11550
-12650
-14325
-11475
-9725
-9825
-10675
-11775
-11650
-12050
-8875
-7100
-9350
-10150
-10750
-10325
-8150
-6825
-6200
-9325
-10075
-9475
-6875
-4825
-5525
-8925
-9950
-10150
-5900
-3925
-5200
-8750
-13300
-10950
-8150
-5175
-5875
-10625
-15575
-15350
-11550
-7575
-9075
-13150
-19325
-20750
-15675
-11825
-12225
-17550
-23325
-25650
-21400
-15100
-15125
-21275
-27075
-28025
-26475
-19250
-17250
-21500
-29325
-31125
-27475
-21700
-18975
-21400
-28775
-31300
-28150
-21500
-19125
-21125
-25800
-29450
-27450
-21800
-18300
-19750
-23225
-27450
-26050
-22625
-18100
-18725
-22150
-24850
-25100
-22500
-19275
-19950
-21100
-23625
-24200
-23275
-20525
-19325
-20725
-22625
-22800
-23100
-20300
-18475
-19500
-20975
-21175
-20625
-19475
-17550
-16225
-18200
-19775
-18175
-16875
-15925
-13750
-14575

-16850
-16975
-14025
-12975
-13125
-11700
-13375
-15025
-13325
-10525
-10775
-11325
-11850
-12150
-13225
-9950
-8000
-10050
-11075
-11225
-11150
-9750
-7650
-6850
-9850
-10600
-9800
-8900
-6150
-5550
-7900
-9950
-10475
-6375
-5250
-4900
-6975
-10575
-10350
-7200
-4675
-4425
-7775
-11725
-12500
-10450
-5900
-6025
-8575
-15075
-16900
-13950
-9150
-8500
-12650
-18475
-21150
-19600
-13350
-12025
-16225
-22575
-25650
-24175
-18175
-15225
-18575
-25675
-29800
-27575
-22000
-18250
-19050
-27175
-30975
-29300
-23700
-19800
-20150
-25000
-30925
-29050
-24075
-19350
-19725
-23000
-27775
-27875
-24650
-18225
-18800
-22150
-25050
-26050
-24050
-18975
-18775
-20625
-24025
-24275
-23425
-21200
-19025
-20075
-22850
-24075
-23425
-21275
-19550
-20150
-21175
-22900
-22175
-21300
-18975
-18200
-19700
-21100
-20400
-19050
-17625
-16275
-16475
-18400
-18625
-16600
-13975
-15150

-13475
-15300
-16100
-15150
-12450
-11875
-12200
-12600
-13475
-14025
-11575
-9700
-10250
-11625
-12150
-11950
-10925
-9175
-7825
-10500
-11250
-10900
-9850
-7600
-6875
-7600
-10550
-10600
-8175
-6500
-5600
-6250
-9475
-9850
-8200
-5025
-4475
-6250
-8900
-11150
-8850
-5600
-4350
-5975
-10900
-13525
-11775
-7325
-5975
-8250
-13925
-16850
-16650
-11275
-8850
-11650
-17500
-21500
-20950
-16675
-12525
-14925
-20975
-25950
-25075
-21500
-16800
-16800
-23700
-29300
-28925
-23575
-19650
-19625
-23250
-29975
-30600
-25650
-20100
-19800
-23175
-27500
-29675
-26600
-19675
-18600
-21875
-25550
-27325
-25275
-20425
-18450
-20025
-24125
-25150
-23750
-21200
-18775
-19775
-22050
-24350
-24150
-21550
-19300
-19800
-21675
-23250
-23025
-21975
-20250
-19300
-20475
-22150
-21875
-20850
-19350
-18025
-17900
-20200
-20400
-18925
-16650
-16850
-15225
-17125
-17975
-17000
-14400

-13600
-13700
-13800
-14925
-16025
-12800
-10825
-11300
-12300
-13275
-12825
-12425
-9800
-9225
-11000
-11775
-11525
-11100
-9225
-8100
-8475
-11275
-11300
-9350
-7275
-6700
-6925
-9600
-10100
-9025
-5950
-5000
-5875
-8125
-9775
-8900
-5650
-4425
-4400
-8275
-10675
-9875
-6950
-4700
-5600
-9675
-13175
-13425
-8925
-6500
-8350
-12150
-16925
-17925
-14100
-9900
-10725
-16450
-21475
-22100
-19525
-14750
-14150
-18950
-25875
-26450
-23325
-18200
-17750
-20850
-27850
-29275
-26100
-21050
-19400
-21850
-27025
-30300
-27775
-21450
-19375
-21475
-25675
-28900
-26875
-22025
-18500
-20075
-23800
-26250
-25350
-21700
-18750
-19100
-22000
-24475
-24400
-21900
-18950
-18925
-20975
-24075
-23275
-22450
-19950
-18925
-21075
-22475
-23000
-21675
-20575
-19175
-19000
-21325
-22225
-20050
-18775
-18300
-17200
-18125
-20425
-18750
-16200
-15250
-15800
-15425
-16425
-17575

-14675
-12275
-12575
-13625
-14325
-14000
-13625
-10725
-9900
-11700
-13025
-12400
-11550
-10175
-8700
-9275
-11775
-12075
-9875
-9125
-7400
-7675
-10050
-11475
-9625
-7025
-6300
-6300
-8050
-10550
-9075
-5900
-4675
-4525
-7050
-9900
-9425
-6275
-3950
-4125
-6825
-10725
-11475
-7700
-4500
-5450
-8875
-12750
-14275
-11425
-7350
-6925
-12125
-16825
-17975
-16675
-11800
-10500
-14550
-21400
-23275
-20675
-16375
-15000
-16825
-24650
-27775
-24525
-20075
-18400
-20125
-24550
-30150
-28200
-21975
-19400
-20900
-25500
-28875
-28775
-23925
-18450
-20075
-24550
-27550
-26525
-23675
-19100
-18825
-21700
-25100
-25725
-22575
-19175
-18100
-20325
-23750
-24200
-22700
-19725
-18375
-19950
-23100
-23475
-22325
-20425
-19475
-19300
-21675
-23400
-21900
-20175
-18575
-19050
-19200
-21375
-21225
-18500
-16750
-17350
-17200
-18100
-19350
-17050
-14225
-14425
-14875
-15925

-15700
-15950
-12300
-10725
-12500
-13925
-13875
-12725
-11700
-9825
-9275
-12325
-12850
-11300
-9975
-8800
-8400
-9850
-11875
-11200
-8400
-7350
-7150
-8525
-10150
-10325
-7225
-5850
-5250
-6975
-9450
-9500
-7425
-3825
-3875
-5900
-9075
-10200
-7300
-3975
-4000
-5850
-9800
-11825
-9550
-6150
-4125
-8350
-11700
-14875
-13750
-9450
-6850
-10500
-16275
-19175
-17625
-14200
-12075
-12675
-20025
-24500
-22275
-18350
-15875
-17650
-21200
-27350
-27100
-21700
-18450
-19350
-23650
-28300
-29150
-25200
-18900
-19900
-23900
-27475
-28525
-25400
-20275
-18750
-22225
-25975
-26575
-24125
-20525
-18025
-19775
-24175
-25325
-22775
-20225
-18125
-19475
-21775
-24500
-22575
-20250
-19125
-18975
-21275
-23025
-22750
-21300
-19150
-18850
-20225
-22200
-22450
-19900
-18475
-18300
-18550
-19650
-21275
-18950
-16675
-15925
-16450
-17300
-18100
-17325
-14950
-12400
-13925

-15100
-15400
-14350
-13150
-11225
-10150
-13100
-13775
-12750
-11625
-9875
-8825
-10050
-12650
-12275
-9425
-8425
-8500
-8225
-10700
-11575
-9000
-6475
-6375
-7525
-9175
-10150
-8800
-5225
-4400
-6100
-8175
-9525
-7675
-5300
-3450
-4225
-8175
-9850
-8500
-5650
-3525
-4875
-8625
-11500
-11275
-7675
-5375
-6475
-11175
-15450
-14350
-11925
-8775
-9575
-14500
-19650
-19575
-16050
-12975
-13950
-17450
-23675
-24525
-20725
-17175
-16925
-20250
-25700
-28000
-25300
-18900
-19225
-22600
-26500
-28800
-26650
-21625
-19125
-21800
-26700
-27725
-25650
-22325
-19000
-19950
-24150
-26925
-24475
-21425
-18300
-19300
-21525
-24800
-23575
-21125
-18800
-18625
-20975
-22675
-23325
-21800
-19150
-18825
-20225
-22375
-23175
-21025
-19525
-19375
-19425
-20725
-22650
-20575
-18500
-17900
-18075
-18400
-19800
-20175
-16775
-14850
-15850
-16425
-17100
-16800
-15725
-12875

