
Curva de Excitacao - Bobina Girante (Dados Brutos)

Arquivo..............: C:\Arq\Wiggler\Medidas Wiggler - Corretoras\Bobina Tungstenio\Gap100\Translado100_X=18_#003.dat
Data.................: 26/01/2005
Hora.................: 15:49:13
Ganho................: 20
N. de Coletas........: 1
N. de Voltas.........: 10
Intervalo de Análise.: 4 - 8

-15750
-11000
-10075
-11800
-14325
-14300
-14275
-11575
-8975
-9825
-10700
-11500
-9700
-9075
-8400
-8075
-9125
-10450
-6900
-4800
-3675
-5400
-7550
-9625
-7525
-2975
-50
-2225
-3950
-7300
-7225
-4150
-650
-375
-3375
-6050
-6050
-4550
-1625
-2300
-5225
-8475
-8875
-6050
-2950
-4675
-8575
-13125
-14150
-11400
-9075
-7900
-13325
-17750
-20800
-18975
-15575
-15175
-18200
-23300
-27325
-24600
-22475
-21325
-23975
-28575
-32325
-30025
-27325
-25700
-28800
-31225
-35375
-34600
-30575
-27500
-29725
-33400
-35925
-34725
-31525
-27150
-28525
-32800
-34725
-32975
-29925
-25650
-25375
-28300
-31175
-31225
-26250
-22750
-21250
-23900
-26675
-27550
-23450
-20175
-18175
-20700
-22575
-24000
-21450
-18625
-17350
-17550
-19950
-22100
-20000
-17500
-15600
-16250
-18675
-20200
-19325
-16775
-13225
-15525
-16200
-17800
-17900
-16350
-13175
-11800
-14225
-15925

-15350
-14550
-12175
-10000
-11625
-13300
-14150
-11225
-10025
-9275
-8675
-10325
-12250
-9450
-7150
-6400
-6550
-7600
-9500
-8450
-5025
-2475
-4825
-5250
-7025
-6250
-3750
-1375
-1325
-4500
-5950
-4850
-3200
75
-925
-3825
-6350
-6875
-3400
-750
-1800
-4700
-8825
-9625
-7375
-4300
-4250
-8275
-12125
-14375
-13125
-9950
-10000
-13425
-18225
-21425
-18150
-16775
-15925
-19175
-24050
-27650
-25925
-22075
-21950
-25000
-28425
-32125
-31900
-27975
-25275
-27975
-32250
-35150
-33800
-31625
-27350
-28600
-32950
-36025
-34500
-31075
-27775
-27825
-30300
-33225
-33350
-28875
-25550
-24650
-26625
-29775
-29750
-26100
-21900
-21125
-23225
-25150
-26150
-22850
-20100
-18400
-19275
-21575
-23350
-20725
-18300
-16575
-17150
-19750
-20725
-20125
-17275
-14700
-16500
-17175
-19075
-18550
-17000
-14000
-13725
-16000
-17125
-16325
-16075
-13175
-11750
-13350

-15325
-15175
-12425
-11625
-10925
-10250
-12625
-14100
-10900
-8600
-8250
-8600
-9400
-11525
-10275
-6525
-4525
-6750
-6725
-8275
-7800
-5525
-2975
-3025
-5350
-6125
-4875
-4400
-675
-1250
-3825
-5825
-5200
-2275
-200
-700
-2800
-6725
-6625
-4400
-1375
-1600
-5000
-7950
-9875
-8575
-5225
-5475
-8225
-12725
-15450
-12875
-11575
-10975
-14250
-18725
-21425
-20375
-17125
-17325
-20350
-24475
-27975
-26600
-23850
-22050
-25175
-29050
-32650
-31575
-29400
-25425
-27850
-32425
-35000
-33700
-31525
-27975
-28550
-31875
-35525
-34325
-30450
-28025
-27125
-29250
-32800
-32725
-28850
-24600
-24075
-26150
-28100
-29250
-25375
-21950
-20775
-21800
-24425
-25050
-22375
-19725
-18000
-19075
-21200
-22125
-21325
-17825
-15525
-17325
-19000
-20425
-19400
-17650
-14975
-14900
-17650
-18600
-17850
-17075
-14500
-13550
-14550
-17025
-16775
-14300
-13025
-12700

-12375
-14350
-15300
-12075
-10675
-10125
-10950
-11275
-12900
-11850
-8275
-7075
-8200
-9250
-10250
-9425
-7325
-4500
-4925
-6700
-7750
-6625
-5875
-2825
-2800
-4000
-5825
-5800
-2675
-1175
-1250
-2825
-5325
-4675
-3150
-125
-900
-3200
-5850
-6475
-5225
-2200
-2075
-4675
-8925
-10700
-8075
-6800
-6275
-8625
-13500
-15900
-14750
-11600
-12725
-15250
-18500
-22625
-21475
-18525
-18000
-21700
-25150
-27200
-28000
-25700
-22700
-25025
-30300
-32950
-31175
-29675
-27125
-27875
-31125
-35450
-34225
-30800
-28550
-28650
-31000
-34025
-34500
-30850
-26925
-26625
-29175
-31025
-31975
-28175
-24200
-23600
-24975
-27425
-27375
-25050
-21450
-19775
-20975
-23325
-24050
-22100
-19425
-16950
-18625
-20100
-21450
-20200
-17800
-16300
-16125
-19150
-18900
-18525
-17300
-15225
-14825
-16275
-18475
-17550
-15450
-13975
-13875
-13625
-16250
-16575
-13575
-11775

-12250
-12100
-12700
-14400
-13300
-9650
-8675
-10700
-10700
-11575
-10725
-9050
-6225
-7050
-9400
-9075
-7650
-7300
-4250
-4275
-5825
-7450
-6550
-3675
-2775
-2225
-2925
-6275
-4950
-2950
-450
-825
-2575
-4175
-5425
-3275
-500
-900
-2550
-5750
-6525
-5000
-2875
-3075
-4925
-9025
-10650
-9325
-6950
-7300
-10400
-13050
-16775
-15350
-13375
-12800
-16050
-20050
-22350
-22225
-20675
-18725
-21450
-26025
-28500
-28050
-26225
-24200
-25775
-29675
-33150
-31975
-29675
-27800
-28325
-30950
-34400
-34550
-31075
-28150
-28650
-30600
-32750
-33925
-30775
-26500
-26125
-28150
-30325
-30050
-27775
-24675
-22500
-24100
-25825
-26800
-24350
-21550
-19075
-20450
-22100
-23350
-21450
-19025
-17200
-17400
-19975
-20450
-19400
-18275
-15925
-16050
-16875
-19575
-18900
-16200
-15325
-14700
-15500
-17325
-17675
-15200
-13225
-13700
-13975
-14250
-15675
-14675

-11750
-10575
-12075
-12500
-13100
-12300
-10375
-8375
-8675
-11225
-10700
-9475
-8675
-6425
-6050
-7775
-9275
-7825
-5025
-4750
-3350
-4725
-7300
-6200
-3375
-1500
-2000
-3125
-4275
-5625
-2850
-200
-375
-1900
-4575
-5225
-3500
-650
-25
-2525
-5575
-7625
-6275
-3225
-3100
-5275
-8725
-11350
-10900
-8250
-7675
-10175
-14750
-16650
-16500
-15150
-13275
-16100
-20525
-23900
-22575
-21850
-20350
-21300
-25575
-29950
-28900
-26050
-25500
-26550
-28725
-32500
-33625
-30225
-27000
-28475
-31075
-33200
-34450
-32275
-27600
-27225
-30225
-33075
-32575
-30025
-27200
-24950
-26950
-29275
-29400
-27075
-24100
-22125
-22650
-24850
-26025
-23650
-20850
-18575
-19325
-21500
-22750
-20700
-19175
-16350
-17425
-18375
-19800
-19850
-17075
-16225
-15700
-16325
-18575
-18400
-16300
-14300
-14650
-15150
-16175
-17025
-15525
-12900
-12225
-13550
-14275
-14550

-14125
-12050
-9475
-10725
-12975
-12275
-11300
-10350
-8275
-8100
-9550
-10900
-9225
-7050
-6950
-5625
-6250
-8875
-7900
-5000
-2975
-3725
-4275
-5575
-6425
-3600
-600
-1325
-2450
-4550
-4325
-3175
-725
825
-1675
-4225
-4750
-3800
-1450
-550
-2575
-5625
-7675
-5975
-4150
-3800
-6250
-9875
-11200
-11225
-9450
-8225
-11400
-14925
-18150
-17300
-16200
-15075
-16775
-20800
-24875
-24300
-21925
-21125
-22700
-25650
-29750
-29775
-27425
-25450
-26700
-29400
-32100
-33675
-30800
-27825
-27700
-30950
-33300
-33400
-32000
-28100
-27125
-29550
-31950
-31575
-29325
-26800
-24875
-25100
-28150
-29150
-26375
-23200
-21350
-21950
-23750
-25275
-22825
-20200
-18075
-19025
-20150
-21350
-20850
-18075
-16675
-16550
-17575
-19925
-19375
-17400
-14750
-15650
-16450
-17200
-18075
-16350
-14075
-13800
-15075
-15775
-15775
-14850
-13300
-11725
-12250
-14500

-14175
-12650
-11650
-9700
-10150
-11450
-12875
-10975
-8800
-8450
-7625
-8300
-10550
-9250
-7025
-4700
-5675
-6250
-6950
-7650
-5125
-2475
-3075
-3750
-5775
-4675
-3575
-1200
0
-2425
-4175
-4250
-2475
-150
50
-1500
-3900
-5525
-3325
-1475
-900
-3175
-6125
-7300
-6800
-5200
-4200
-6750
-9800
-12675
-11550
-10800
-9700
-11800
-15700
-19175
-18200
-16725
-16325
-18300
-20775
-25525
-25425
-23050
-21300
-24000
-26850
-28700
-31175
-28500
-25775
-26350
-30450
-32800
-32350
-31550
-28450
-27675
-30350
-33700
-33275
-30250
-28525
-27475
-28200
-30650
-32275
-28675
-25975
-24025
-25325
-26900
-28050
-26050
-22575
-20375
-21675
-22825
-24250
-22475
-19775
-18325
-17975
-19625
-21075
-20250
-18100
-15900
-16550
-17925
-18700
-19225
-16575
-14925
-14800
-16475
-17150
-17000
-16275
-14500
-12750
-14225
-15875
-15525
-14075
-13375
-11250
-11850

