
Curva de Excitacao - Bobina Girante (Dados Brutos)

Arquivo..............: C:\Arq\Wiggler\Medidas Wiggler - Corretoras\Bobina Tungstenio\Gap100\Translado100_X=3_#008.dat
Data.................: 26/01/2005
Hora.................: 15:16:30
Ganho................: 20
N. de Coletas........: 1
N. de Voltas.........: 10
Intervalo de Análise.: 4 - 8

-15300
-14375
-13175
-12875
-15575
-14750
-13400
-13300
-12650
-12550
-11250
-12900
-11600
-10475
-12175
-12475
-11700
-11800
-10250
-8825
-8125
-10625
-13050
-11825
-10875
-8250
-6750
-8000
-9500
-11425
-10550
-8350
-7125
-6600
-8775
-9500
-9100
-7475
-5850
-7900
-11200
-10950
-10100
-6550
-5900
-7550
-12525
-16075
-13400
-9425
-8200
-9025
-14250
-18600
-18900
-13725
-10975
-14050
-18400
-21375
-23025
-18125
-13700
-16250
-23025
-26625
-25525
-21925
-18200
-17200
-24250
-29400
-28150
-24600
-19850
-19550
-22775
-29525
-30075
-24725
-20300
-19725
-22575
-27400
-28300
-24725
-19925
-19075
-22375
-25100
-26200
-25150
-20475
-18800
-20850
-23850
-25900
-24450
-22025
-20100
-20550
-23125
-24150
-24125
-22975
-21350
-21450
-22050
-23025
-23400
-22500
-21525
-19600
-21200
-22450
-20950
-20850
-19975
-17850
-17900
-19500
-19175
-18325
-17275
-16250
-15050
-14975
-17300

-16175
-14025
-13725
-13250
-13175
-13100
-14850
-12500
-11225
-11800
-11800
-12050
-12475
-11700
-10550
-8750
-11100
-11675
-11000
-11350
-9500
-8400
-9325
-10575
-10650
-9450
-8725
-7975
-7650
-9375
-9725
-9125
-6925
-6075
-6675
-8775
-10500
-10000
-6625
-4925
-5625
-9025
-12125
-11575
-7950
-6200
-6775
-10550
-14075
-14800
-11275
-8300
-9575
-13550
-17975
-18900
-15675
-11350
-12400
-17425
-22775
-23075
-20350
-15675
-14325
-20350
-25850
-26575
-24275
-19125
-17450
-20750
-27300
-29875
-25650
-21000
-18775
-21400
-26650
-29525
-27050
-20550
-18900
-20975
-24725
-27225
-26225
-21400
-18700
-19500
-23025
-25700
-25125
-22275
-19100
-19500
-22350
-23900
-24550
-22550
-20150
-20825
-21750
-23400
-23600
-22725
-21525
-20175
-21125
-23200
-22500
-22375
-20450
-19725
-19325
-20775
-21300
-20525
-19025
-18000
-16975
-17250
-19050
-18150
-16375
-15525
-14375
-14775

-15250
-16325
-14075
-11950
-12825
-12000
-13350
-13675
-13025
-10825
-9625
-11175
-11625
-11825
-12300
-10325
-8850
-9375
-11075
-10800
-10775
-9525
-9025
-7700
-9675
-10125
-9525
-8550
-7525
-6975
-8125
-9625
-9775
-7050
-5800
-5600
-7300
-10375
-9875
-7550
-5600
-5025
-7800
-11175
-12175
-9775
-6675
-6550
-9375
-13550
-15925
-13825
-9375
-9150
-12975
-17575
-19275
-18675
-13625
-11700
-16300
-21900
-23650
-22450
-18225
-15525
-17525
-23825
-28600
-25050
-21375
-18175
-19350
-24650
-29400
-28000
-22000
-19450
-20025
-24250
-28175
-27450
-23425
-19100
-19675
-22950
-25875
-26700
-23650
-18975
-18525
-22225
-23825
-25500
-23425
-19900
-19375
-20850
-23325
-24375
-23275
-21750
-19800
-20900
-23025
-23500
-23275
-21875
-20325
-20125
-22300
-22825
-21475
-21350
-20125
-18550
-19075
-21075
-20425
-18350
-17875
-16375
-16375
-17050
-18850
-16125
-13775
-14550

-14175
-13800
-15450
-14575
-12800
-10325
-12825
-12500
-12600
-13375
-11500
-9575
-9600
-11625
-12050
-11025
-11125
-9575
-8075
-10250
-11100
-10550
-9800
-8825
-7775
-7925
-9925
-10475
-8475
-7200
-6600
-6875
-8950
-9425
-8725
-5950
-5225
-6650
-9100
-10475
-8925
-6125
-5275
-6450
-10225
-12725
-11375
-8300
-6525
-8475
-12675
-16100
-15575
-11850
-9100
-11775
-16750
-19725
-20050
-16425
-13400
-14075
-19900
-24450
-23500
-21075
-16775
-16700
-22150
-27625
-27325
-22600
-19625
-19275
-21825
-27950
-28650
-24775
-19975
-19700
-22375
-25275
-27950
-25600
-20275
-18425
-21475
-24425
-25825
-24400
-20350
-19225
-19850
-23450
-24500
-23325
-21875
-19475
-20050
-22125
-23825
-23825
-21950
-20600
-20325
-21825
-23300
-22675
-22225
-20875
-20100
-20775
-21900
-21900
-20900
-19425
-18700
-17975
-19225
-20450
-18675
-16775
-16800
-15450
-16050
-17450
-16050
-14600

-13525
-13500
-13300
-13825
-14850
-12650
-10850
-11275
-11950
-12150
-11975
-12175
-10425
-9100
-10875
-11375
-11150
-10475
-9625
-8200
-8725
-10375
-11525
-9425
-8650
-7250
-7175
-9050
-10050
-9225
-7025
-6325
-6200
-7700
-9550
-9150
-6525
-5450
-5425
-7750
-10750
-9975
-7575
-5275
-6050
-9350
-12475
-12975
-10175
-6650
-8700
-11950
-15350
-16900
-14250
-11300
-10800
-15325
-19950
-20325
-19100
-15100
-14125
-18225
-23775
-25350
-22000
-18650
-17975
-19700
-25775
-27875
-25400
-20850
-18900
-21425
-25150
-28500
-26825
-21625
-19175
-20700
-24150
-26775
-25925
-21750
-18925
-19725
-23025
-24350
-24625
-22225
-19150
-19350
-21575
-23825
-23850
-22200
-20150
-19800
-21200
-23175
-23425
-22500
-21125
-19850
-21350
-22400
-22650
-22150
-20900
-20000
-19200
-20900
-22300
-20275
-19050
-18525
-17375
-17650
-19750
-18575
-16875
-14975
-15875
-14625
-15650
-16725

-14975
-12300
-12500
-13275
-13450
-13000
-13600
-11150
-9450
-11700
-11700
-11775
-11150
-10425
-9075
-8825
-10875
-11875
-9775
-9475
-8350
-7975
-9350
-10700
-9925
-7500
-7475
-7225
-7725
-9600
-9075
-7350
-5875
-5450
-7275
-9225
-9175
-7050
-4800
-4975
-6975
-10100
-10950
-8375
-5425
-6100
-8150
-11875
-13650
-12000
-8475
-7575
-11550
-14775
-17200
-16500
-12900
-10875
-14050
-19500
-21625
-19825
-17325
-15650
-16100
-22850
-25800
-23300
-20475
-18450
-19300
-22625
-27925
-27225
-21900
-19275
-20475
-23275
-27050
-27275
-24150
-18675
-19650
-23075
-25250
-25550
-23725
-19925
-18700
-21100
-24025
-24600
-22500
-20350
-18950
-20275
-23150
-23900
-22900
-20950
-19575
-20725
-22325
-22925
-22825
-21375
-20500
-19775
-21250
-23375
-21575
-20925
-19725
-19325
-19300
-21025
-21200
-18125
-17800
-17675
-17175
-17250
-19150
-16725
-14500
-14450
-14875
-14775

-15100
-15325
-12725
-10575
-12700
-12950
-13050
-12475
-11875
-9875
-8900
-11750
-12300
-10850
-10575
-9275
-8425
-9350
-11525
-10750
-8450
-8325
-8325
-8050
-9950
-10075
-8275
-6700
-6300
-7075
-8525
-9500
-8075
-5850
-4725
-6000
-7875
-9850
-8150
-5550
-4950
-6200
-8750
-10900
-9800
-7350
-5675
-7700
-10950
-13975
-13575
-10275
-8100
-9925
-14675
-17975
-17225
-15200
-12300
-12425
-18075
-22650
-21525
-18875
-16500
-16600
-19325
-25025
-26250
-21750
-18950
-18700
-21700
-25950
-27525
-24700
-19400
-19825
-22200
-25250
-27025
-24725
-20325
-18900
-21225
-23975
-25525
-23875
-21200
-18225
-19400
-23275
-24150
-23175
-20850
-19500
-19400
-21350
-23650
-22975
-21150
-20600
-19700
-21025
-23125
-23000
-21675
-20175
-19750
-20350
-21725
-22900
-20350
-19075
-19200
-18475
-19450
-20525
-19175
-16850
-16725
-16175
-16850
-17250
-17450
-15100
-12850
-14050

-14375
-14525
-14250
-13075
-11400
-10350
-12425
-13050
-11975
-11725
-9575
-9425
-9700
-12175
-11700
-9425
-8750
-8750
-8200
-10625
-11250
-9125
-7850
-7750
-7350
-8575
-9925
-9325
-6600
-5975
-6375
-7625
-9225
-8625
-6600
-4525
-5525
-7450
-9175
-8775
-6900
-4550
-5575
-8200
-10500
-11575
-8825
-6325
-6925
-10400
-14150
-14075
-12550
-10200
-9175
-13600
-18000
-18925
-16625
-14150
-13500
-16075
-21600
-23700
-20200
-18300
-16625
-18825
-23625
-26750
-24675
-19600
-18925
-21300
-23950
-27050
-26225
-21850
-19125
-21125
-24250
-25850
-25275
-22700
-19225
-19375
-22800
-24975
-24025
-21725
-19425
-19275
-21250
-23500
-23525
-21875
-20050
-19475
-20950
-22525
-23200
-22400
-20450
-19875
-20875
-21850
-23525
-21325
-20425
-20500
-19850
-20700
-22275
-20550
-19550
-18550
-18450
-18550
-18925
-20150
-17050
-15750
-15700
-16050
-15950
-16925
-15550
-13325

