
Curva de Excitacao - Bobina Girante (Dados Brutos)

Arquivo..............: C:\Arq\Wiggler\Medidas Wiggler - Corretoras\Bobina Tungstenio\Gap100\Translado100_X=-2_#003.dat
Data.................: 26/01/2005
Hora.................: 15:06:01
Ganho................: 20
N. de Coletas........: 1
N. de Voltas.........: 10
Intervalo de Análise.: 4 - 8

-15350
-14575
-12225
-12350
-12850
-11750
-11900
-12500
-11275
-9825
-11075
-11800
-10775
-10475
-11500
-9050
-9150
-11650
-11400
-10475
-10500
-9800
-9625
-9800
-11200
-11000
-9225
-10375
-8975
-10150
-9450
-10825
-9650
-8025
-8400
-9400
-9925
-10800
-9300
-8075
-7325
-8800
-10825
-11675
-10600
-9875
-8325
-9875
-11000
-14050
-13750
-12025
-10450
-12125
-14175
-16575
-16875
-15775
-12950
-14800
-18125
-19650
-20275
-19050
-17150
-16600
-20250
-22550
-23425
-21425
-20175
-18775
-20725
-24525
-25000
-22575
-21025
-20250
-21900
-23075
-25650
-23450
-21475
-20775
-22000
-22575
-24575
-23775
-22600
-20375
-22200
-23875
-24000
-23925
-22825
-21775
-22450
-23825
-24925
-24375
-23625
-23075
-23100
-23800
-24350
-24500
-24250
-22800
-21975
-23575
-23325
-22775
-22325
-21700
-20675
-20025
-21550
-21050
-18900
-19025
-17650
-16650
-16875
-18525
-16725
-14650
-14175
-14350

-13425
-14175
-14800
-12275
-11100
-11300
-12150
-11125
-12100
-12175
-9325
-9400
-11325
-11050
-10600
-10475
-9875
-9275
-9900
-11625
-10675
-9275
-10200
-9025
-9425
-10225
-11600
-10300
-8725
-8750
-8850
-9075
-10950
-9825
-8900
-7875
-8050
-9450
-9775
-9900
-9250
-7825
-8450
-9750
-11400
-11950
-9600
-8975
-9175
-11300
-13725
-15025
-13125
-10850
-11450
-14550
-15775
-18425
-17000
-14925
-13775
-17475
-19550
-21000
-19850
-19250
-16675
-18600
-22825
-24025
-21925
-20575
-19800
-20225
-22375
-25400
-24200
-20950
-20875
-21225
-22425
-23650
-24800
-22700
-20225
-21125
-22725
-23100
-24250
-22450
-21300
-21650
-22900
-24025
-23775
-23150
-22700
-22125
-23325
-23750
-24725
-24125
-23275
-22675
-23625
-23450
-24425
-23600
-23350
-22100
-21925
-23150
-22125
-21675
-21750
-20300
-19450
-19650
-20300
-19300
-17600
-17325
-16425
-15975
-16675
-16900
-14500
-13375

-13400
-13375
-12600
-13800
-13400
-10475
-10175
-11750
-11275
-11300
-11400
-10500
-9100
-9625
-11475
-10575
-9725
-10800
-9200
-9000
-10400
-11075
-10575
-9500
-9425
-8725
-9375
-10900
-10375
-9400
-8200
-8350
-9425
-9300
-10225
-9475
-7600
-8050
-8525
-9825
-10600
-9500
-8625
-7725
-8700
-11125
-12500
-11350
-9400
-9125
-11275
-12400
-15375
-14400
-13150
-11200
-13575
-16475
-17275
-17925
-17450
-14550
-15650
-19100
-21450
-20750
-19925
-18250
-17825
-20825
-23525
-23625
-20725
-20675
-19975
-21225
-23250
-25125
-22550
-20625
-20600
-21450
-22475
-24650
-23125
-20975
-20350
-21800
-23650
-22775
-22975
-22575
-21075
-21975
-23025
-23725
-23400
-23050
-22550
-22400
-23525
-24200
-24250
-23175
-22800
-22425
-23825
-23300
-23225
-23200
-22225
-21175
-21300
-22325
-21825
-20050
-20250
-18925
-17725
-19350
-19275
-17075
-16225
-15850
-15450
-14600
-15800
-15325

-12800
-11775
-12725
-12225
-12150
-12525
-11750
-9550
-9675
-11700
-10700
-10475
-10600
-9750
-8800
-9925
-10750
-10675
-9400
-9825
-8775
-8825
-10950
-10875
-9325
-8625
-8600
-9450
-9000
-10525
-9500
-8200
-8050
-8125
-9025
-9625
-9000
-8900
-7350
-7550
-8975
-10350
-9950
-8525
-7850
-9000
-9775
-12200
-12225
-10625
-9250
-10525
-12900
-13300
-15800
-14425
-12525
-12300
-15900
-17450
-18725
-18025
-16575
-15075
-17875
-21225
-21800
-19700
-20100
-18375
-19175
-22075
-24325
-22325
-20100
-20300
-20725
-21575
-24625
-23750
-21225
-19500
-21025
-22775
-22625
-23475
-22425
-20200
-20925
-22075
-22850
-23450
-22450
-21825
-21175
-22725
-23450
-23700
-23075
-22625
-22250
-23050
-23725
-23725
-23675
-22775
-22575
-22325
-22800
-23150
-22400
-22175
-20800
-20250
-21425
-21100
-20150
-19075
-18025
-17925
-17050
-18125
-17625
-15500
-14650
-14725
-13825
-14025

-15150
-13150
-11125
-11350
-12050
-11400
-11650
-11825
-9975
-8825
-10275
-10800
-10300
-9950
-10450
-8475
-8450
-10575
-10375
-10050
-9175
-8850
-8975
-9200
-10675
-10175
-8550
-8850
-8075
-9250
-9400
-10000
-8825
-7050
-7775
-8375
-9450
-9825
-8300
-7125
-7150
-8250
-10075
-10575
-9225
-8525
-7950
-10025
-10575
-12825
-12350
-10425
-10050
-11950
-13925
-15200
-16050
-14525
-12475
-14300
-17800
-18825
-18475
-17975
-16725
-16600
-19975
-22050
-21750
-19900
-19400
-18875
-20275
-23725
-23900
-21325
-19800
-20275
-21400
-22575
-24450
-22250
-19825
-20650
-21650
-22325
-23200
-22775
-21425
-19875
-21550
-23325
-23050
-22750
-22175
-21275
-22050
-23225
-23625
-23250
-22875
-22425
-22350
-23350
-23900
-23200
-23350
-21650
-21675
-22625
-22775
-22475
-20725
-20775
-20000
-19525
-20400
-20375
-18275
-17450
-17200
-16125
-16800
-17025
-16025
-13675
-13400
-13600

-13125
-13225
-13575
-11550
-9975
-10975
-11475
-10950
-10800
-10925
-8675
-8700
-10500
-10550
-9900
-9700
-9025
-8600
-8900
-10900
-10150
-8375
-9225
-8325
-8850
-9550
-10475
-8950
-7675
-8050
-8575
-8650
-10000
-8700
-7850
-6725
-7475
-8975
-9400
-8950
-8075
-7125
-7550
-9000
-10375
-10900
-8650
-8600
-8800
-10825
-12675
-13525
-12025
-9925
-11525
-13950
-15450
-16300
-15650
-14200
-13600
-16925
-18950
-19675
-18475
-18175
-16425
-18050
-21975
-22950
-20575
-19475
-19150
-19900
-21850
-24050
-22850
-19925
-20350
-20675
-21875
-23000
-23250
-21600
-19075
-20900
-22025
-22775
-23025
-21675
-20450
-20575
-22300
-23075
-22950
-22450
-21950
-21375
-22300
-23125
-23675
-23350
-22175
-21975
-22700
-23150
-23675
-22650
-22050
-21475
-21225
-22225
-22050
-21000
-20475
-19525
-18400
-18925
-19875
-18650
-16425
-16250
-16025
-14800
-15975
-16200
-13750
-12050

-12800
-12875
-11875
-12850
-12500
-9450
-9300
-10975
-10850
-10375
-10425
-9750
-8175
-8625
-10900
-10225
-8825
-9450
-8800
-7975
-9250
-10875
-9675
-8350
-8500
-8300
-8425
-10025
-9925
-8375
-6925
-7800
-8700
-8550
-9325
-8450
-6925
-6875
-7800
-8925
-9775
-8075
-7900
-7050
-8200
-10175
-11550
-10175
-8375
-9075
-10475
-11725
-14125
-13575
-12000
-10925
-13350
-15400
-16500
-16800
-16400
-14175
-15425
-19000
-20175
-19250
-18625
-17675
-18050
-20200
-22825
-22125
-19925
-20025
-19750
-20700
-22525
-23900
-21450
-19525
-20775
-21150
-21650
-23500
-22150
-20275
-19725
-21500
-22475
-21850
-22125
-21750
-20300
-21300
-22675
-22950
-22775
-22100
-21675
-21950
-22825
-23525
-23675
-22025
-22375
-21900
-23150
-22450
-22575
-22300
-21175
-20425
-20950
-21800
-20800
-19575
-19400
-18175
-17600
-18475
-18550
-16375
-15325
-15200
-14825
-14225
-14800
-14600

-11900
-11425
-12100
-11700
-11550
-12100
-11025
-8925
-8875
-11050
-10250
-9500
-10175
-8775
-8000
-9450
-10600
-9675
-8550
-9275
-8450
-8300
-10575
-9975
-9250
-7925
-8100
-8875
-8775
-10300
-8525
-7700
-7350
-7750
-8425
-9400
-8425
-7775
-6675
-7275
-8550
-9750
-9550
-7825
-7400
-8600
-9525
-10925
-11450
-10075
-9225
-10025
-12700
-13250
-14400
-14050
-12075
-12550
-15325
-17325
-17000
-17250
-16225
-15325
-17400
-20750
-21175
-18625
-19425
-18625
-19175
-20925
-23325
-21850
-19375
-20025
-20900
-21225
-23225
-23025
-20925
-19300
-20700
-22525
-22025
-22500
-21725
-20325
-20600
-21975
-22575
-22400
-21800
-21600
-21050
-22100
-23000
-23575
-22550
-22225
-21825
-22825
-23400
-23300
-23150
-22575
-21775
-22050
-22650
-23075
-21700
-21625
-20450
-20100
-20475
-20950
-19875
-18100
-18125
-17625
-16425
-17575
-17550
-15025
-14100
-14500
-13950
-13650

