
Curva de Excitacao - Bobina Girante (Dados Brutos)

Arquivo..............: C:\Arq\Wiggler\Medidas Wiggler - Corretoras\Bobina Tungstenio\Gap100\Translado100_X=12_#017.dat
Data.................: 26/01/2005
Hora.................: 15:33:23
Ganho................: 20
N. de Coletas........: 1
N. de Voltas.........: 10
Intervalo de Análise.: 4 - 8

-13775
-13875
-14200
-14550
-15550
-12850
-11775
-12825
-13450
-13350
-11825
-10825
-8600
-8900
-12425
-13400
-11225
-9500
-6125
-5900
-7025
-10875
-11975
-8300
-5625
-4350
-4200
-7875
-8725
-7350
-4500
-4025
-5300
-6600
-8175
-5750
-3025
-2925
-4875
-51000
-10725
-7550
-4200
-2675
-5600
-11200
-14500
-12525
-8025
-6350
-9850
-14250
-18075
-17050
-13925
-11125
-14450
-21025
-23475
-21975
-18875
-16150
-18200
-25350
-30400
-28075
-22650
-20200
-22775
-27600
-33850
-32575
-26000
-22625
-24025
-29675
-34100
-34275
-28500
-22300
-23400
-28525
-33025
-33500
-27675
-21875
-20700
-24900
-30500
-30200
-26000
-20850
-18575
-21525
-26075
-27100
-24800
-19975
-17400
-19375
-22800
-24800
-22725
-19300
-17300
-18075
-21700
-22900
-21700
-19625
-16875
-17525
-19000
-21825
-21875
-18575
-16925
-16275
-16575
-19150
-20075
-17875
-15550
-14800
-15450
-16125
-16875
-16850

-13825
-12325
-13625
-14250
-14875
-14300
-12650
-10000
-10400
-13175
-12950
-12250
-11150
-8400
-8075
-9025
-11500
-11075
-8725
-7375
-6350
-6250
-9825
-9025
-7225
-4275
-4475
-5725
-7225
-8875
-5750
-2900
-2500
-3650
-7525
-8875
-6525
-3125
-1650
-3600
-7800
-10300
-9150
-5000
-3650
-6350
-10150
-13525
-12550
-9275
-6775
-9875
-15725
-18325
-17375
-14600
-11600
-14050
-20400
-25175
-23575
-19600
-16925
-18400
-23800
-30100
-29550
-23625
-21225
-22700
-27225
-32025
-32975
-28250
-22475
-23700
-28150
-32700
-33975
-29200
-23450
-21850
-26500
-32250
-31975
-27825
-22825
-20100
-23650
-27825
-29575
-26100
-21400
-18200
-20250
-24450
-26700
-23900
-20150
-17300
-17975
-21975
-24000
-22725
-19475
-17400
-17475
-19625
-22200
-22550
-18975
-17325
-16800
-18400
-20175
-21050
-19175
-16350
-16125
-16925
-17825
-18600
-18200
-15325
-13750
-14925
-15425
-16675

-15625
-14350
-11650
-11575
-14350
-14175
-13525
-12550
-10375
-10150
-10650
-12825
-12350
-9700
-9275
-7675
-8300
-10850
-10600
-8775
-6100
-6025
-6475
-7650
-9550
-6875
-4600
-3825
-4175
-6825
-8225
-6000
-4100
-1425
-3300
-6175
-8850
-7025
-3650
-2200
-3750
-7350
-10650
-9150
-6050
-3925
-6175
-10800
-13775
-13325
-11025
-7500
-9775
-15000
-19675
-18775
-15725
-13350
-14000
-19450
-25325
-25450
-20675
-18375
-19375
-23400
-29000
-30225
-26675
-21675
-22500
-26350
-30975
-33550
-29325
-24225
-22475
-27225
-32200
-33150
-30275
-24325
-21825
-25575
-29775
-31325
-28450
-23600
-20050
-21825
-26100
-28975
-26175
-21850
-18100
-19300
-23175
-25550
-24350
-20350
-17550
-18375
-20200
-23200
-22975
-19725
-17775
-17425
-18425
-21850
-22125
-19950
-16925
-16875
-18175
-18875
-20625
-19525
-16325
-15050
-16600
-17025
-18000
-17575
-16375
-12950
-13525
-15650

-15825
-15075
-14175
-12125
-11500
-12300
-14475
-13275
-11200
-10950
-9450
-9800
-11900
-12300
-10150
-7850
-8100
-7800
-8900
-10675
-8875
-6200
-5500
-5525
-7250
-8250
-7150
-5700
-2750
-4250
-6000
-7625
-6325
-3525
-2400
-3250
-5625
-8275
-7200
-4525
-2275
-3700
-7100
-10200
-10175
-8000
-4175
-6050
-10050
-14400
-14550
-12025
-9350
-9575
-14550
-19775
-20325
-17250
-14975
-14800
-18850
-24925
-26800
-22500
-19275
-19700
-23075
-27600
-31825
-28000
-23200
-21600
-26025
-30900
-32400
-30700
-25575
-22300
-25775
-30575
-32875
-29850
-25725
-22325
-23175
-27750
-30925
-28275
-23775
-20275
-20750
-24425
-27375
-26250
-21750
-18375
-18600
-21350
-23975
-23950
-20500
-18200
-17175
-19225
-22000
-22525
-20250
-17525
-17100
-18600
-19575
-21725
-19625
-17200
-16125
-17350
-18475
-18900
-19475
-17125
-14225
-15100
-17225
-16950
-16975
-15725
-13250
-12400

-14400
-15650
-14525
-12800
-12750
-10600
-11025
-13200
-13475
-11075
-9725
-9350
-8925
-10125
-12275
-9875
-7400
-7400
-7225
-8350
-8825
-8725
-6525
-3725
-5575
-6350
-7300
-7300
-4750
-2775
-2750
-5075
-7625
-5825
-4300
-1775
-2275
-5350
-7700
-7775
-5025
-2700
-3525
-6300
-10250
-11000
-8450
-5525
-5825
-9575
-14675
-15325
-12975
-10600
-10725
-13875
-19300
-21750
-18600
-15600
-15600
-19100
-23575
-27300
-24425
-20775
-19225
-22875
-27900
-30825
-28975
-24725
-21325
-25075
-29750
-32575
-30200
-26475
-23050
-24025
-29200
-31900
-30250
-25875
-22175
-22225
-25825
-29625
-28475
-23625
-19925
-20275
-22750
-25800
-25825
-21950
-18875
-17650
-20275
-22650
-23500
-21375
-17800
-16900
-18825
-20600
-22200
-20375
-17725
-16550
-18075
-19175
-20300
-19900
-18100
-15325
-16500
-18075
-18575
-18325
-17025
-14675
-14100
-15425
-17250
-16350
-14550
-14025

-12075
-12425
-14675
-14750
-13025
-11300
-10900
-10400
-11025
-13400
-11400
-9300
-8275
-8875
-9475
-10350
-10150
-8075
-5700
-6975
-7575
-8400
-8375
-6250
-4250
-3725
-5750
-7750
-6325
-5150
-2750
-2450
-4325
-6525
-6850
-4275
-2100
-1900
-4175
-7550
-8025
-6025
-3800
-2975
-5950
-10325
-11500
-9350
-6925
-6675
-9275
-14000
-17100
-14375
-11550
-11000
-14425
-18475
-22725
-20625
-17150
-15750
-19275
-23525
-27025
-26450
-22600
-19075
-22725
-27600
-30525
-29125
-26175
-23175
-23150
-28825
-32100
-31150
-26825
-23725
-23450
-26875
-31125
-30850
-25525
-22075
-22050
-24675
-27475
-28125
-24125
-20375
-19225
-21650
-23900
-25125
-22600
-18925
-17400
-19175
-21750
-23025
-21050
-18575
-16525
-17725
-20300
-20850
-20675
-18550
-16125
-17000
-18675
-19850
-19625
-18050
-16075
-15100
-16925
-18425
-18125
-16025
-15375
-13450
-14175
-16250
-16625
-14350

-13175
-12050
-11825
-12900
-15050
-12800
-10875
-9825
-10125
-11050
-11925
-11850
-9475
-6950
-8125
-9125
-9825
-10025
-7850
-5750
-5375
-6750
-8675
-7425
-6250
-4125
-2975
-4825
-6950
-7050
-4125
-2625
-2125
-3300
-6575
-7000
-4375
-2975
-1300
-4100
-7050
-8850
-6650
-4125
-3400
-5975
-9900
-12450
-10375
-8000
-7250
-9775
-13800
-17625
-16450
-12675
-11525
-14700
-18875
-22425
-22325
-19225
-16250
-18925
-24175
-27625
-26700
-23725
-21650
-21600
-27125
-30750
-30000
-26925
-23825
-23425
-27225
-31675
-31750
-26875
-24100
-23175
-25775
-29600
-30350
-26475
-22350
-21125
-23775
-25900
-27100
-25025
-20375
-18875
-20400
-23150
-24325
-22625
-19575
-17075
-18250
-20900
-22250
-21150
-19175
-16500
-17550
-18750
-20750
-20875
-18725
-16775
-15725
-18050
-19425
-19250
-17575
-16300
-15025
-15875
-17800
-17775
-16075
-14500
-13850
-13500
-14825
-16575

-14450
-12650
-11200
-11750
-12400
-13425
-13450
-10800
-8675
-10125
-10500
-11350
-11400
-9450
-7300
-6650
-8575
-9575
-9150
-7725
-5625
-4650
-6100
-7950
-8050
-5350
-3925
-3125
-3525
-6650
-7125
-4725
-2600
-1400
-3325
-5475
-7150
-5550
-2750
-1800
-3325
-7400
-9025
-7650
-4950
-4000
-6000
-9625
-13200
-11975
-9275
-7275
-10375
-13950
-18050
-17650
-14725
-12500
-14675
-19450
-23000
-23525
-20650
-17750
-18550
-24125
-28000
-27425
-25075
-22600
-22175
-25600
-30575
-31600
-27200
-24250
-23825
-26325
-30250
-31875
-28225
-23950
-22725
-25450
-27950
-29475
-27250
-22875
-20475
-22225
-24875
-26750
-24825
-21000
-18500
-19450
-22250
-23900
-22850
-19475
-17275
-18125
-20225
-21325
-21350
-19125
-17300
-16450
-18750
-20600
-20200
-18925
-16900
-15750
-17225
-19000
-19575
-16825
-16075
-15125
-15175
-16750
-18000
-16025
-14150
-13225
-13500
-14075

