
Curva de Excitacao - Bobina Girante (Dados Brutos)

Arquivo..............: C:\Arq\Wiggler\Medidas Wiggler - Corretoras\Bobina Tungstenio\Gap100\Translado100_X=8_#013.dat
Data.................: 26/01/2005
Hora.................: 15:25:57
Ganho................: 20
N. de Coletas........: 1
N. de Voltas.........: 10
Intervalo de Análise.: 4 - 8

-15075
-12500
-12900
-14000
-15500
-15800
-15475
-11675
-10550
-13075
-13175
-12800
-11975
-11175
-9450
-10625
-13450
-12525
-9100
-8275
-6525
-8275
-11800
-13300
-10200
-5600
-3675
-6075
-7975
-11875
-10575
-6400
-3075
-3775
-7475
-9875
-9625
-6650
-3025
-4875
-8325
-11950
-11500
-6925
-3325
-5475
-10475
-15950
-16025
-10650
-6625
-6925
-13875
-18475
-21150
-17450
-11925
-11025
-17075
-23075
-25325
-21825
-17825
-15750
-20475
-27675
-29650
-25150
-21675
-19175
-23175
-28450
-32825
-29475
-22975
-20950
-23900
-28800
-32275
-30650
-24475
-19450
-23075
-28300
-30050
-28000
-24250
-19200
-20275
-25025
-28075
-27200
-21950
-18875
-18350
-22025
-25800
-25775
-22300
-18950
-17350
-21050
-23525
-24175
-22725
-20075
-18100
-19225
-22150
-23875
-21250
-20500
-17875
-18700
-21000
-22725
-20800
-18050
-16275
-17425
-18100
-19750
-20175
-17075
-13950
-14475
-15675
-16825

-17350
-16725
-12550
-11050
-14100
-14725
-14600
-13575
-12325
-9550
-10675
-14150
-13700
-11075
-10600
-8050
-8400
-11575
-13550
-10925
-7925
-6175
-7100
-8525
-11975
-10900
-7100
-4175
-4975
-7725
-9600
-9450
-6850
-2600
-3475
-7250
-10075
-10275
-6200
-2725
-2850
-7075
-12325
-12700
-8900
-4700
-4175
-9150
-14175
-16500
-13425
-8750
-6925
-12625
-18350
-21175
-18175
-14425
-11200
-15625
-23450
-26975
-22300
-19250
-16075
-19500
-25475
-30575
-28875
-22125
-19625
-21575
-26850
-32125
-31075
-25450
-19825
-22400
-27650
-31000
-30875
-25975
-20750
-20500
-25600
-29075
-28875
-24350
-21000
-18450
-21850
-26975
-27275
-23250
-19675
-17800
-20625
-23775
-25750
-22500
-19825
-18350
-19075
-22350
-24450
-22500
-20650
-18100
-18275
-21275
-23225
-22625
-19325
-17950
-18225
-19050
-21675
-21775
-18625
-16325
-16200
-17200
-18450
-19450
-18100
-14525
-12475
-15425

-16575
-16575
-15775
-13375
-11000
-11150
-14975
-14900
-12725
-12375
-9450
-9175
-12025
-14100
-12375
-9050
-8125
-8500
-9050
-12375
-11750
-8275
-5975
-6425
-8100
-9675
-10375
-7825
-4125
-3625
-6700
-9225
-9750
-6275
-4050
-2200
-5550
-9625
-10650
-7350
-4050
-2675
-5975
-10350
-12875
-10925
-6550
-4550
-8275
-13475
-16750
-14300
-11375
-7800
-11525
-18025
-21825
-19625
-15925
-13175
-15400
-21175
-26800
-25825
-19750
-17950
-18900
-23675
-29625
-30425
-24425
-19725
-21175
-26850
-29750
-31525
-27025
-21800
-20475
-25900
-30300
-29775
-26725
-22925
-19625
-22725
-27750
-28825
-25225
-21100
-18750
-21125
-24075
-26575
-24375
-19800
-18500
-19575
-22500
-24100
-23175
-21225
-17825
-18850
-21275
-23625
-23025
-20300
-18750
-18600
-19800
-22475
-22275
-20150
-17725
-17725
-18375
-20075
-20750
-19925
-15900
-14625
-17250
-17425
-18750
-17675
-14950
-12525

-13150
-16375
-16350
-14425
-14100
-10600
-10425
-13100
-15050
-13675
-10650
-10275
-8750
-10400
-13375
-12775
-9625
-7725
-7675
-9025
-10525
-11675
-9700
-5450
-5000
-6975
-9250
-10450
-7925
-5275
-2375
-5200
-8775
-9550
-7150
-4650
-2075
-4450
-8350
-11000
-8625
-5200
-3125
-5025
-9650
-13625
-12275
-8250
-4975
-6925
-13225
-17050
-16250
-13475
-9675
-10800
-16425
-21725
-22000
-17400
-15475
-15200
-19875
-25475
-27175
-22800
-18475
-18800
-24250
-27900
-30500
-26100
-21675
-20225
-24500
-29850
-30700
-28300
-23675
-20250
-23650
-28275
-30175
-27475
-23175
-19875
-21350
-25650
-28275
-25575
-21200
-19375
-19650
-22900
-25550
-24325
-21300
-18125
-18450
-21150
-23800
-23875
-20725
-18950
-18125
-19925
-22575
-23025
-20500
-19400
-17975
-19600
-20550
-22200
-20675
-17650
-16975
-18025
-19100
-20125
-19100
-16600
-14400
-14875
-17875
-17850
-16525
-15400

-13000
-11500
-14525
-16500
-15150
-12050
-11675
-10075
-10575
-14700
-14025
-10825
-9425
-8825
-9625
-10875
-12825
-10625
-7350
-6775
-8150
-9725
-10900
-9125
-6550
-3800
-5900
-8800
-9650
-7900
-5100
-2700
-4050
-7075
-10050
-7850
-4775
-2750
-3025
-7000
-10425
-9775
-6475
-3600
-3675
-9475
-12775
-13100
-9725
-6825
-7075
-11550
-17200
-17650
-13925
-11575
-11275
-15350
-21250
-23300
-19475
-15650
-15575
-19775
-23975
-28600
-24350
-19950
-18850
-22950
-27300
-29325
-28350
-23675
-20075
-22950
-28275
-30650
-28575
-24500
-21525
-21350
-26700
-29600
-27725
-23075
-20600
-20425
-23625
-26725
-25900
-22350
-18825
-18900
-21375
-24075
-24600
-21350
-19125
-17950
-20275
-22700
-23125
-21125
-19125
-17850
-19850
-21050
-22500
-21450
-18675
-17700
-18750
-20175
-21475
-20350
-18375
-16050
-16550
-18725
-19500
-18475
-17100
-14525
-13525
-15900
-17400
-16925

-13850
-13550
-11100
-12150
-15950
-15025
-12425
-10650
-9700
-10625
-12200
-14500
-11850
-8275
-8250
-8800
-10275
-11850
-11550
-7650
-5150
-7050
-9125
-9775
-9425
-6775
-4225
-4150
-7000
-9700
-7875
-5825
-3525
-2700
-6125
-8900
-8600
-5200
-3125
-2625
-6525
-10100
-10700
-7250
-4300
-3750
-7975
-13025
-13875
-11300
-8225
-6900
-11125
-16150
-19000
-16150
-12600
-11625
-15150
-19875
-24250
-21975
-17400
-15775
-19100
-24400
-27200
-26175
-22550
-19100
-21175
-26175
-29650
-28500
-24825
-21700
-21075
-26850
-30150
-28975
-25300
-21525
-20875
-25050
-28175
-27825
-23775
-20725
-19975
-22075
-24725
-26475
-22900
-19700
-18125
-19875
-22925
-24075
-22200
-19100
-17900
-19275
-21400
-23150
-21650
-19225
-18225
-18675
-20650
-21750
-21450
-19250
-17375
-17300
-20025
-20275
-20175
-18700
-16025
-15400
-17450
-18650
-18375
-16175
-15350
-12800
-13650
-16775

-17100
-14050
-12525
-11325
-11625
-13050
-15500
-12950
-9900
-9525
-9650
-11225
-13125
-12450
-9075
-6375
-7650
-10175
-11200
-11175
-8250
-5300
-5050
-8275
-9925
-8975
-7000
-5025
-3175
-5950
-8700
-8800
-5775
-3300
-2400
-5075
-8050
-9600
-6150
-3325
-2125
-5175
-9275
-11550
-8600
-5900
-4025
-6650
-11875
-15275
-13200
-9525
-8225
-10200
-15125
-19425
-18600
-14100
-12750
-14850
-19675
-23575
-23625
-19950
-16300
-18850
-23675
-26900
-27300
-24225
-20850
-19475
-25550
-29525
-29025
-25800
-22650
-21150
-24650
-28600
-29750
-25375
-22300
-21225
-22800
-25650
-27975
-25300
-20750
-19375
-20800
-23650
-24875
-23775
-20100
-18125
-19075
-21900
-23475
-22325
-19900
-18675
-17875
-20300
-22200
-22275
-20125
-18050
-17925
-20075
-21025
-21500
-19750
-17200
-17050
-18625
-19675
-19625
-18325
-16800
-14800
-15275
-18175
-18400
-15925
-14825
-13150
-13075

-14300
-17125
-14175
-11850
-11650
-10925
-12200
-13750
-13700
-10650
-8250
-9300
-11050
-11425
-12425
-9575
-6950
-6450
-9400
-10800
-10250
-8275
-6325
-4300
-6500
-9150
-9625
-7000
-4525
-3775
-4075
-7400
-9050
-6375
-3750
-2550
-3750
-7400
-8775
-7400
-4600
-2750
-4550
-8800
-11275
-9625
-7075
-4975
-6600
-10950
-15600
-14600
-10575
-9400
-10175
-14925
-18900
-20350
-16225
-13550
-14875
-19575
-22950
-24450
-21800
-18725
-17650
-22550
-27225
-27250
-25425
-21850
-20450
-23800
-28350
-29525
-26100
-23625
-21800
-23500
-26725
-29025
-26650
-22525
-21075
-21700
-24575
-26450
-25750
-21425
-19075
-19950
-22450
-23900
-23225
-20700
-18750
-18225
-21125
-22275
-22125
-20900
-18150
-17800
-19550
-21425
-22700
-20250
-17825
-17725
-19150
-20500
-20975
-20025
-17975
-16150
-17150
-19125
-19950
-17650
-17050
-15100
-14625
-16400
-18425
-16275
-13550
-13350

