
Curva de Excitacao - Bobina Girante (Dados Brutos)

Arquivo..............: C:\Arq\Wiggler\Medidas Wiggler - Corretoras\Bobina Tungstenio\Gap100\Translado100_X=-11_#010.dat
Data.................: 26/01/2005
Hora.................: 14:41:18
Ganho................: 20
N. de Coletas........: 1
N. de Voltas.........: 10
Intervalo de Análise.: 4 - 8

-11300
-11000
-9450
-8600
-11075
-11025
-9275
-8175
-8475
-8000
-7450
-8625
-7900
-6550
-8125
-9350
-9400
-9200
-8200
-7400
-6650
-9050
-12675
-11575
-11325
-10000
-8025
-9200
-11150
-13025
-12850
-11725
-11175
-10300
-11700
-12125
-12700
-11600
-11075
-11525
-12975
-13325
-13100
-11300
-10650
-11625
-12425
-15250
-15100
-12875
-12950
-12025
-13250
-15000
-17100
-16125
-14500
-15725
-15750
-16175
-18475
-17775
-17100
-17050
-18875
-20450
-19300
-20000
-19650
-18425
-20100
-21625
-22275
-21875
-21775
-20975
-20550
-22125
-23850
-23450
-22775
-22875
-22825
-23475
-24550
-24825
-24075
-23775
-25125
-25025
-26025
-27625
-25800
-25500
-25175
-26325
-27600
-28550
-28400
-26325
-25875
-26875
-27275
-28125
-28225
-26225
-25200
-25225
-25250
-26275
-25450
-24225
-21775
-21700
-22875
-22300
-21425
-20350
-17875
-16975
-17200
-18350
-17250
-14975
-14475
-12150
-11425
-13525

-13300
-11300
-9350
-9350
-9050
-8450
-10275
-9025
-6825
-6900
-7600
-7850
-7975
-8400
-7450
-5800
-7300
-9025
-8900
-9375
-8750
-7850
-7875
-9700
-11075
-10850
-10150
-10250
-9475
-10575
-11675
-12050
-11775
-10300
-10525
-11575
-11900
-13025
-11875
-10975
-10350
-11150
-13175
-13400
-12275
-12325
-10925
-11475
-12900
-14625
-14350
-12675
-13500
-13475
-13925
-16275
-16500
-14875
-14400
-16225
-17275
-17250
-18875
-18375
-16450
-18025
-19500
-19750
-20525
-20550
-20025
-18375
-20775
-22575
-21900
-21375
-21775
-21375
-21175
-23125
-24100
-22525
-22500
-23700
-23300
-23550
-25425
-25150
-24650
-23675
-24775
-26175
-26425
-27175
-26000
-25450
-26200
-26450
-27975
-28075
-26750
-26525
-26050
-26250
-27150
-27700
-26775
-24525
-23525
-25275
-24525
-24675
-23650
-22125
-20200
-20200
-21475
-20450
-18775
-18550
-16125
-14825
-16275
-16400
-14825
-12675
-12325
-11175

-10175
-12250
-11625
-8950
-8250
-8275
-8025
-8125
-8950
-8125
-5425
-6550
-7900
-7650
-8000
-7825
-6725
-6150
-7700
-9400
-8850
-9125
-9150
-7900
-8325
-10175
-10950
-11200
-9825
-10050
-10100
-10400
-12050
-11575
-10500
-10400
-11000
-11575
-12075
-12000
-11475
-10075
-10775
-11575
-13075
-13375
-11600
-11825
-11250
-11850
-14400
-14700
-13325
-13175
-13600
-14625
-14450
-17050
-16175
-14800
-15925
-17300
-17675
-17950
-18800
-18325
-16800
-19000
-20550
-20450
-20625
-20025
-19750
-19650
-21375
-22800
-21750
-21600
-22075
-21325
-22075
-23275
-23925
-23150
-22650
-23375
-23900
-24625
-25825
-24875
-23900
-25325
-25175
-26325
-27075
-26625
-26025
-25575
-26725
-26575
-27900
-27675
-25950
-25325
-26250
-26275
-26750
-26650
-24850
-23575
-23425
-24225
-23400
-22825
-22375
-19925
-18700
-19575
-19875
-18675
-17000
-16100
-14625
-13600
-15400
-14800
-11925
-11650

-11050
-9975
-9850
-11125
-9900
-7075
-7850
-7775
-7425
-7975
-8500
-6475
-5775
-7025
-8100
-7600
-8275
-8075
-6600
-6950
-9100
-9250
-9575
-9200
-9125
-8225
-9675
-11325
-10900
-10625
-10300
-9775
-10600
-11525
-11925
-11500
-10400
-10525
-10675
-11725
-12525
-11550
-11200
-10700
-10675
-12600
-13200
-12900
-11600
-11450
-12950
-12800
-15075
-14825
-13525
-13350
-14675
-15625
-15850
-16975
-17175
-15175
-16775
-18300
-18400
-18925
-18850
-18200
-17950
-19900
-21300
-20225
-20325
-20775
-19950
-20625
-22150
-22725
-21975
-21550
-22075
-22075
-22525
-24450
-23850
-22725
-23075
-23900
-24850
-24800
-25450
-25500
-24275
-25275
-25875
-26625
-27275
-26150
-26200
-25550
-26425
-27500
-27825
-26625
-25250
-25400
-25725
-25450
-25575
-25625
-23475
-22125
-22650
-22725
-22125
-21325
-20175
-18125
-17225
-18875
-17925
-16250
-15200
-14450
-12550
-12975
-13750
-12600

-9975
-10250
-9475
-8300
-10150
-9700
-7700
-6400
-7025
-7500
-6800
-8350
-7850
-5950
-6075
-7250
-7350
-8050
-8325
-8125
-6450
-7925
-9850
-9275
-9500
-9550
-8850
-9200
-10375
-11450
-10925
-10150
-10225
-9650
-11000
-12050
-11475
-11075
-10350
-10150
-11225
-12000
-12275
-11100
-11225
-11000
-11275
-13125
-13250
-12000
-12425
-12125
-13150
-13800
-15200
-15175
-13225
-14500
-15550
-15575
-17325
-17675
-16425
-15750
-17975
-19125
-18100
-19250
-19675
-18525
-18600
-20400
-21100
-20525
-20925
-21050
-20025
-21275
-22975
-22575
-21525
-22150
-22175
-22775
-23350
-24575
-23750
-23250
-24300
-23850
-24575
-26475
-25925
-25225
-24500
-25850
-26600
-26725
-27350
-25950
-25675
-25900
-26600
-26625
-27175
-25400
-25125
-24225
-24775
-25050
-24825
-23425
-21625
-20900
-21800
-20925
-20750
-19400
-17800
-16450
-16325
-17025
-16075
-13975
-14025
-12375
-10825
-12375

-11925
-10525
-8675
-8975
-8650
-7850
-9150
-8400
-6100
-5975
-7100
-6825
-7025
-8125
-6925
-5175
-6625
-8050
-7750
-8425
-8250
-7525
-7900
-8700
-9875
-9700
-9700
-10050
-8950
-10075
-10525
-11000
-11075
-10050
-9800
-10850
-11100
-11600
-11350
-10400
-10175
-10550
-11900
-11775
-11600
-11450
-10775
-11175
-12025
-13275
-13975
-11625
-13125
-13125
-13475
-14750
-15725
-14725
-13950
-15700
-16725
-15975
-17850
-17725
-16800
-16975
-18875
-18800
-18900
-20250
-19475
-18225
-20175
-21525
-20525
-20600
-21275
-20900
-20975
-22025
-23125
-21950
-21875
-22975
-22575
-22475
-24400
-24450
-24075
-23250
-24275
-25250
-25075
-26225
-25975
-25275
-25550
-26125
-26575
-27000
-26675
-26100
-25625
-25850
-25875
-26425
-26150
-24700
-23025
-24575
-23875
-23625
-23125
-22050
-20000
-19475
-20800
-19400
-18100
-18100
-16325
-14475
-15475
-15175
-14025
-12375
-12250
-11050

-9975
-11100
-10575
-8425
-7950
-7925
-7650
-7300
-7950
-7700
-5550
-6100
-7150
-6650
-6875
-7500
-6850
-6025
-7325
-8275
-8125
-8125
-9100
-7750
-8175
-9350
-9875
-10250
-9550
-9575
-9600
-10350
-11125
-11000
-10050
-10200
-9850
-10900
-11225
-11275
-11075
-10350
-10475
-10525
-12025
-12550
-11275
-11750
-10825
-11600
-12975
-13525
-13025
-12800
-13300
-14175
-13850
-15725
-16175
-14675
-15175
-16425
-17175
-16950
-18475
-18175
-16650
-17725
-19700
-19575
-19700
-19600
-19975
-19250
-20600
-21725
-21075
-21075
-21650
-21250
-21425
-22575
-22800
-22975
-22375
-22450
-23325
-23850
-25225
-24275
-23800
-24375
-24725
-25375
-26100
-26325
-25500
-25350
-25675
-26100
-26625
-27375
-25850
-25075
-25200
-25450
-25775
-25775
-24425
-23375
-22650
-23400
-22425
-22025
-21700
-20175
-18125
-18900
-18650
-17700
-16350
-15975
-14150
-12825
-14325
-13625
-11700
-10900

-10750
-9175
-8700
-10100
-9050
-7100
-7175
-7625
-6175
-6900
-7800
-6550
-5375
-6375
-7175
-6550
-7150
-8000
-6250
-6575
-7775
-8425
-8850
-8625
-8875
-7825
-8625
-10575
-10450
-9825
-9775
-9475
-9950
-10175
-11375
-10800
-10050
-10150
-10175
-10750
-11500
-10950
-11100
-10050
-10275
-11775
-11800
-12225
-11125
-11450
-12075
-11675
-13675
-14050
-13175
-13275
-14025
-14800
-14675
-16400
-16250
-15025
-16025
-17400
-17150
-18175
-18225
-18125
-17700
-19200
-20200
-19225
-20125
-20350
-19750
-19800
-21500
-21525
-21475
-21000
-21575
-21325
-21650
-23425
-23400
-22300
-22700
-23650
-23975
-23350
-25125
-25100
-24175
-24975
-25050
-25675
-26175
-26275
-25600
-25475
-25450
-26400
-26200
-26300
-25125
-24725
-25250
-24775
-24025
-25225
-23175
-21950
-21900
-21900
-21000
-20325
-20125
-17975
-16925
-17875
-16900
-15725
-14750
-14200
-12425
-12000
-12700
-11925

