
Curva de Excitacao - Bobina Girante (Dados Brutos)

Arquivo..............: C:\Arq\Wiggler\Medidas Wiggler - Corretoras\Bobina Tungstenio\Gap100\Translado100_X=-7_#014.dat
Data.................: 26/01/2005
Hora.................: 14:47:30
Ganho................: 20
N. de Coletas........: 1
N. de Voltas.........: 10
Intervalo de Análise.: 4 - 8

-13425
-12750
-11000
-10275
-12600
-13575
-11850
-9875
-9575
-10025
-9300
-10850
-11025
-8875
-8950
-10550
-11100
-10950
-10875
-9550
-8275
-9625
-13200
-12275
-11750
-10775
-9275
-9975
-10900
-13525
-12650
-11525
-11075
-9325
-10700
-12425
-12550
-12175
-9850
-9675
-10950
-12650
-13650
-11325
-10200
-10000
-11225
-14300
-14575
-13425
-12475
-10975
-12725
-14800
-17825
-17375
-13675
-13800
-15125
-17100
-20050
-19850
-17775
-15275
-17675
-20750
-21750
-21350
-21075
-18075
-18425
-21650
-24375
-23350
-21775
-20925
-19550
-21850
-24725
-24825
-22625
-21875
-21750
-23150
-23800
-24875
-24200
-22250
-23500
-23725
-24675
-26500
-25150
-24575
-23925
-24900
-26425
-26625
-26675
-25600
-24900
-25425
-26075
-26900
-26825
-26075
-25025
-24125
-24525
-25675
-25025
-24400
-22400
-21400
-22450
-22275
-21875
-20800
-19200
-17625
-17050
-19050
-18350
-16425
-15250
-13525
-12725
-14175

-15350
-13225
-11225
-10200
-10675
-10200
-12350
-11775
-9625
-8000
-8775
-9525
-10100
-10975
-10175
-7550
-7650
-10525
-10350
-10975
-10275
-9450
-8950
-9875
-12100
-11525
-10475
-10525
-9525
-10075
-11500
-12300
-12050
-9325
-9775
-9750
-10975
-12075
-11625
-10300
-9150
-9850
-11975
-12750
-11775
-11900
-9350
-10150
-12100
-14725
-15000
-12250
-11775
-11850
-13750
-17275
-17500
-15650
-13275
-14150
-17000
-18550
-20575
-19025
-16475
-16325
-18775
-21075
-21975
-21775
-19800
-17600
-19525
-23225
-23725
-21950
-21525
-19725
-20850
-22775
-24950
-23025
-21625
-22250
-21800
-22625
-24750
-24875
-23575
-22150
-23175
-24825
-24800
-25775
-24650
-24425
-24375
-25450
-26150
-26150
-25500
-25625
-24850
-25225
-25825
-26175
-25975
-24100
-23325
-24125
-24150
-23875
-23525
-22375
-20350
-19650
-21425
-21475
-19175
-19300
-16925
-15500
-16550
-17625
-16325
-13975
-13400
-12350

-11825
-13675
-13725
-11075
-9400
-9450
-9800
-9875
-11500
-11125
-7650
-7400
-9275
-9475
-9975
-10225
-9100
-7500
-8725
-10675
-10275
-9450
-10525
-8950
-9000
-10725
-11850
-11125
-9550
-10175
-9275
-10125
-12125
-11750
-10425
-9025
-9350
-10375
-11150
-12050
-11175
-9125
-9275
-10200
-12125
-13100
-11600
-10575
-9700
-10700
-14325
-15025
-14150
-11975
-11800
-13700
-15250
-18050
-17150
-15075
-14025
-15750
-18375
-19475
-20175
-19000
-16125
-17075
-20975
-22550
-21700
-20675
-19300
-18825
-20850
-23775
-23000
-21500
-21000
-20625
-21425
-23350
-24475
-23125
-21325
-21550
-23050
-23400
-25100
-24025
-22825
-23275
-23650
-25125
-25150
-25325
-24900
-24425
-24225
-25350
-26425
-26600
-24850
-24725
-24825
-25125
-25725
-25875
-24250
-23700
-22700
-23675
-23075
-22525
-22625
-20050
-18925
-19525
-20575
-19375
-17950
-17025
-15300
-14025
-16450
-16325
-13800
-12400

-12025
-11025
-11000
-13125
-12300
-9175
-8350
-9225
-9300
-10300
-10575
-9100
-7025
-7800
-9550
-9650
-9600
-10325
-8100
-7700
-9525
-10750
-10575
-9650
-9350
-8550
-9325
-11875
-11475
-10825
-9850
-9325
-9825
-10625
-11850
-11125
-9500
-8975
-9400
-10650
-12225
-10875
-10650
-8350
-9425
-11725
-13500
-12750
-10725
-10575
-11000
-12300
-15050
-15675
-13525
-12225
-13100
-15525
-16550
-18375
-17825
-14450
-14925
-17750
-19975
-20400
-20000
-18050
-17050
-18975
-22150
-22450
-20750
-20700
-19425
-19300
-22200
-24400
-22575
-20550
-20875
-21175
-22100
-24475
-24000
-22300
-21675
-22250
-24000
-23650
-24450
-24500
-23000
-23800
-24150
-25775
-25400
-25150
-24675
-24675
-24875
-26075
-26575
-24925
-24350
-24275
-24975
-24700
-24675
-25150
-23175
-21875
-21875
-22850
-22325
-21225
-20925
-18625
-17375
-18775
-19250
-17350
-15875
-14900
-13950
-13150
-14925
-14750

-11650
-11000
-11050
-10275
-11075
-12050
-10675
-7775
-7950
-9275
-9425
-9950
-10025
-8175
-6875
-8375
-9975
-10550
-9500
-9325
-7875
-8375
-10550
-11225
-10600
-9575
-9225
-9575
-9725
-11525
-11275
-9950
-9425
-9225
-10100
-11575
-11175
-10725
-8725
-8625
-10325
-11750
-12050
-10325
-9450
-9475
-10025
-12450
-13575
-12150
-11475
-10325
-12825
-13350
-16550
-15750
-13000
-13150
-14700
-16675
-18425
-18800
-16575
-14925
-16600
-19800
-20775
-20225
-19750
-18450
-17750
-20575
-22925
-22175
-20825
-20050
-19625
-21050
-23375
-23650
-21950
-20425
-21325
-22525
-22875
-24025
-23400
-21950
-22400
-22625
-23625
-25100
-24375
-24000
-23425
-24275
-24925
-25950
-25625
-24875
-24150
-25050
-25175
-25800
-25825
-25100
-23900
-23625
-23775
-24550
-24150
-23275
-21425
-20375
-21325
-21475
-21150
-19475
-18625
-17350
-16675
-17450
-18025
-15175
-14500
-13200
-12500
-13000

-14500
-12375
-10550
-9600
-9850
-9925
-10700
-11150
-8700
-7475
-7900
-9050
-9575
-9825
-9375
-6975
-7375
-9125
-10150
-10125
-9600
-8575
-8650
-8700
-10800
-11050
-9700
-9775
-8800
-9675
-10150
-11200
-10500
-8950
-9075
-9750
-10450
-11500
-10150
-9450
-8475
-9225
-10975
-11725
-11575
-10625
-8950
-9825
-10675
-13625
-14075
-12175
-11075
-11475
-13175
-15150
-16500
-15325
-12925
-13700
-16250
-18000
-18800
-18175
-16575
-15525
-18175
-20400
-21350
-20500
-19325
-17450
-19225
-21925
-22850
-21425
-20450
-19825
-20400
-21800
-23625
-22950
-21075
-21250
-21425
-22000
-23500
-24275
-23100
-21625
-22325
-24050
-24350
-24825
-24225
-23650
-23500
-24800
-25625
-25600
-25025
-24750
-24175
-24525
-25225
-25425
-25450
-23625
-22975
-23400
-23275
-23700
-23150
-21625
-20125
-19275
-20625
-20525
-19200
-18025
-16825
-14525
-15875
-16650
-15675
-13550
-12925
-11675

-11375
-12725
-13075
-10625
-9450
-9000
-9100
-9275
-10475
-9900
-7275
-7100
-8650
-8975
-9750
-9100
-8525
-7375
-7625
-10175
-9800
-9325
-9850
-8175
-8425
-9500
-11100
-10425
-9150
-9325
-9050
-9550
-11100
-10600
-9850
-8725
-8700
-10000
-10350
-11050
-9825
-9000
-8700
-9500
-11450
-12100
-10825
-10425
-9525
-10225
-12725
-14450
-13425
-11675
-11700
-12925
-14575
-16725
-16400
-15250
-13400
-15825
-17375
-18725
-18975
-18550
-16200
-16650
-19800
-21450
-20450
-19600
-19350
-18750
-20050
-22775
-22625
-20425
-20750
-20350
-20825
-22325
-23600
-22475
-21225
-21100
-22025
-22725
-24150
-23200
-22775
-22325
-23300
-24500
-24350
-24725
-24275
-23800
-24200
-24525
-25925
-25625
-24650
-23825
-24750
-24125
-25275
-24950
-23700
-22825
-22175
-22700
-23025
-21950
-21575
-20125
-18275
-18475
-19725
-19000
-16775
-16325
-14750
-13950
-15100
-15925
-13150
-11625

-11400
-11000
-10300
-12000
-12000
-8750
-7725
-8875
-8750
-9275
-9875
-8850
-7075
-6825
-9275
-8925
-8825
-9275
-8375
-7175
-8650
-10450
-10275
-8725
-9450
-8200
-8575
-10475
-11175
-9825
-8700
-8675
-9725
-9475
-11200
-10400
-9050
-8300
-9050
-10075
-11000
-10425
-10150
-8475
-8525
-10775
-12300
-11675
-10125
-10475
-10525
-11850
-13900
-14600
-12850
-11925
-13025
-14525
-15500
-17175
-17075
-14250
-14725
-17250
-19000
-19375
-19175
-17850
-17000
-18650
-21100
-21350
-20000
-20425
-19050
-19350
-21150
-23325
-21775
-20750
-20550
-20775
-21550
-23300
-23300
-21500
-20850
-22150
-23400
-22800
-24200
-23575
-22500
-22750
-23900
-24650
-24875
-24350
-24050
-23800
-24175
-25100
-25750
-24275
-24000
-23225
-24350
-23950
-24225
-24475
-22700
-21225
-21025
-22650
-21825
-20775
-20200
-18225
-17000
-17900
-18825
-16775
-15325
-14575
-13450
-12575
-14425
-14300

