
Curva de Excitacao - Bobina Girante (Dados Brutos)

Arquivo..............: C:\Arq\Wiggler\Medidas Wiggler - Corretoras\Bobina Tungstenio\Gap100\Translado100_X=-4_#001.dat
Data.................: 26/01/2005
Hora.................: 15:02:42
Ganho................: 20
N. de Coletas........: 1
N. de Voltas.........: 10
Intervalo de Análise.: 4 - 8

-14600
-14150
-13725
-12700
-13625
-14475
-13600
-12000
-12500
-12650
-10875
-11550
-11975
-11050
-11375
-13025
-12500
-11225
-10875
-10975
-9825
-11650
-14225
-12600
-11650
-10950
-10550
-10800
-11150
-12625
-12250
-11900
-10850
-10500
-10975
-11600
-11050
-11350
-10375
-10825
-11950
-12225
-12300
-10050
-10325
-10925
-12700
-14600
-14600
-13100
-12025
-12200
-14450
-15400
-17675
-17150
-14600
-15550
-16750
-18425
-19850
-19925
-18650
-17400
-19800
-22550
-22400
-20925
-22125
-19425
-20725
-23575
-24925
-23900
-22125
-21900
-21700
-22975
-25500
-24925
-23150
-22350
-22675
-24325
-24050
-24850
-23575
-22550
-23800
-24800
-24600
-26275
-23875
-24050
-23475
-25325
-26125
-26400
-25775
-25075
-24275
-25875
-25725
-25800
-25750
-25625
-24375
-25075
-24850
-25325
-24075
-24375
-22775
-22400
-23750
-22500
-21875
-20575
-20175
-19300
-18925
-19625
-19000
-17025
-16850
-15875
-14950
-15075

-15900
-14500
-12450
-12700
-13250
-12250
-12250
-12725
-10850
-10375
-11600
-11950
-11325
-11650
-11400
-9875
-10275
-12725
-11700
-11000
-11350
-10725
-10925
-11425
-12450
-11200
-10425
-11300
-10550
-11375
-11800
-11775
-10950
-9600
-9900
-11275
-11225
-12200
-10775
-9650
-8925
-10350
-12050
-12175
-11500
-11000
-10100
-11600
-12625
-14375
-14325
-12075
-12025
-13950
-15225
-17125
-16950
-16200
-13775
-16250
-18775
-19900
-20025
-19175
-18075
-17850
-21175
-22175
-23200
-21525
-20925
-19350
-21925
-24550
-24750
-22250
-21875
-21350
-23050
-23375
-25475
-23525
-22000
-22525
-23175
-23475
-24750
-24225
-23325
-21900
-23650
-25025
-24725
-24800
-24125
-23900
-24225
-25225
-25825
-25025
-25125
-24825
-24375
-25675
-25500
-25375
-25400
-24300
-23100
-25175
-24075
-23925
-23025
-22650
-21475
-21050
-21900
-21275
-19725
-19275
-18600
-17375
-17675
-18725
-17300
-15050
-14625
-14875

-13800
-14600
-14850
-12525
-11575
-11400
-12600
-11300
-12000
-12275
-9775
-9850
-11375
-11150
-10725
-10975
-10375
-9575
-10350
-12175
-10975
-10500
-11425
-10075
-10600
-11400
-11675
-11375
-9800
-10300
-10225
-10800
-11975
-10975
-9975
-9675
-9450
-11425
-10775
-11025
-10475
-9400
-10075
-10550
-12150
-12700
-11125
-10800
-10775
-12175
-14100
-15100
-14325
-11975
-12800
-15300
-16325
-18150
-17175
-16475
-14625
-18175
-19825
-20575
-20075
-19550
-17750
-19050
-22675
-23550
-22000
-21175
-20475
-20700
-22700
-24900
-23975
-21450
-21925
-21675
-23000
-23975
-24550
-23650
-21550
-22200
-23775
-23350
-24625
-23300
-22875
-23200
-24525
-24850
-24625
-24975
-24450
-23900
-25225
-25350
-25775
-25600
-25100
-24025
-24825
-25100
-25550
-24775
-24375
-23800
-22900
-24275
-23675
-22750
-22425
-21700
-19825
-20725
-20875
-20200
-18100
-18075
-16950
-16550
-16625
-17350
-14975
-13800

-14025
-13975
-13150
-13650
-13825
-11150
-10550
-12025
-11575
-11575
-11525
-10900
-9625
-9350
-12125
-11000
-10500
-11250
-10150
-9950
-10975
-11875
-11350
-10375
-11025
-9875
-10725
-11575
-11275
-10675
-9475
-10100
-10725
-10575
-11475
-10450
-9350
-9750
-10125
-10800
-11500
-10300
-10400
-9100
-10400
-11775
-13100
-12350
-11000
-10900
-12400
-13600
-14975
-14950
-14250
-12325
-14425
-17250
-17525
-18575
-17975
-16250
-15975
-19900
-21025
-21200
-19975
-19175
-18800
-20775
-23325
-23350
-21025
-21525
-20825
-21825
-23125
-25075
-23350
-21650
-21975
-22650
-23000
-24700
-24025
-22350
-21825
-22950
-24575
-23225
-24300
-23425
-23275
-23625
-24825
-24925
-24925
-24450
-24175
-24650
-25125
-25375
-25425
-24900
-24800
-23850
-25450
-24600
-24050
-24600
-23825
-22575
-22575
-23600
-22725
-20925
-21050
-19975
-18675
-19675
-19900
-17850
-16575
-16775
-16300
-15000
-15850
-15775

-13525
-12225
-13375
-13225
-12275
-12725
-12300
-10025
-9725
-11825
-11475
-10600
-11250
-9975
-9450
-10100
-11350
-11150
-10000
-10750
-9500
-9900
-11425
-11925
-10500
-9850
-9825
-10425
-10925
-11750
-10450
-10125
-9600
-9600
-10575
-11125
-10525
-10300
-9100
-9200
-10500
-11700
-11050
-10300
-9300
-10525
-11125
-12825
-12975
-12025
-10700
-11500
-14275
-14550
-16125
-15450
-13750
-13450
-16725
-17900
-18825
-18375
-17750
-16600
-17900
-21200
-21725
-20225
-20650
-19800
-19725
-22075
-24325
-22600
-20725
-21575
-21500
-22500
-24275
-24325
-22150
-20900
-21725
-23750
-23100
-24250
-23225
-21700
-22500
-23150
-23950
-24625
-23825
-23200
-23250
-24150
-25075
-25100
-24750
-24425
-23975
-24800
-25850
-24825
-25175
-24275
-24000
-23900
-24575
-24625
-23100
-23125
-22150
-21650
-22350
-22175
-21175
-19800
-19200
-18825
-18225
-18625
-18650
-15925
-15175
-15775
-14825
-14375

-15125
-14100
-11700
-11150
-12725
-12100
-11250
-11975
-10600
-9550
-10050
-11375
-10975
-10400
-10525
-9550
-8875
-11200
-11325
-10725
-9975
-10025
-10050
-10400
-11350
-11000
-10125
-10275
-9725
-10050
-10500
-10825
-10325
-8950
-9600
-9750
-10350
-10775
-9800
-8850
-9275
-9625
-10850
-11250
-10550
-9650
-9625
-11450
-11650
-13225
-13225
-11850
-11275
-13275
-15000
-15275
-16075
-15525
-14225
-14850
-18150
-19250
-18425
-18375
-17675
-17675
-19750
-21750
-21975
-20075
-20225
-19800
-20575
-23100
-23450
-22150
-20500
-21375
-22200
-22575
-23925
-23075
-21100
-21600
-22350
-22850
-23475
-23650
-22925
-21475
-22350
-24075
-24050
-23800
-23850
-23025
-23500
-24500
-24825
-24450
-24225
-24450
-23825
-24750
-25075
-24450
-24900
-23375
-23250
-23725
-23975
-23300
-21900
-21975
-21575
-20425
-21200
-20850
-18875
-18550
-18325
-16850
-16950
-17375
-16375
-14775
-13625
-14350

-13525
-13075
-13275
-12475
-10500
-11125
-12175
-11125
-10475
-11225
-9600
-8700
-10775
-10875
-10525
-9400
-10025
-9125
-8975
-10975
-10875
-9375
-10375
-10025
-9825
-9550
-11075
-10375
-9225
-9525
-9700
-10350
-10500
-9825
-9225
-8425
-9100
-10450
-10325
-10300
-9600
-8725
-9075
-9950
-10825
-12200
-10625
-10325
-10250
-11625
-12600
-13625
-13250
-12200
-12500
-14450
-15625
-16475
-16400
-15825
-15200
-16800
-18900
-19425
-18775
-19325
-17825
-18375
-21500
-22625
-21425
-20125
-20300
-20600
-21225
-23775
-22925
-21175
-21175
-21200
-22275
-22475
-23525
-22550
-21025
-21575
-23100
-23350
-23625
-22900
-22450
-22325
-23250
-24100
-23575
-23525
-23825
-23450
-24000
-24350
-24450
-24900
-24100
-23550
-24100
-24425
-24725
-23750
-23700
-23050
-22300
-23000
-22825
-21400
-21425
-20725
-19550
-19250
-19900
-19525
-17550
-16850
-16825
-15400
-15450
-16500
-14575
-13075

-12800
-12875
-11925
-12400
-12925
-10950
-9200
-11025
-10725
-10550
-9775
-10525
-8850
-8400
-10850
-10350
-9225
-9775
-9800
-8725
-9775
-11125
-10725
-9425
-9850
-9650
-8875
-10325
-10600
-10025
-8675
-9175
-9525
-9425
-10700
-9800
-8750
-8300
-9075
-9725
-10675
-9550
-9125
-8875
-9100
-11025
-11650
-11650
-10250
-9625
-11325
-12725
-13850
-14350
-13350
-12325
-13150
-15700
-16550
-16875
-17225
-15750
-15375
-18575
-20150
-20100
-19200
-18400
-18850
-19450
-22575
-22550
-20650
-20600
-20175
-21050
-21700
-24200
-22225
-20800
-21025
-21850
-22125
-23050
-23200
-21925
-20750
-22425
-23250
-22650
-23000
-23700
-21600
-22875
-23525
-24250
-23850
-23800
-23500
-23200
-23850
-25125
-24475
-23700
-24075
-23150
-24075
-23975
-23875
-22900
-23150
-21800
-21450
-22025
-21825
-20600
-19900
-19500
-18175
-18725
-18900
-17300
-16200
-15150
-16000
-14450
-14375
-14900

