
Curva de Excitacao - Bobina Girante (Dados Brutos)

Arquivo..............: C:\Arq\Wiggler\Medidas Wiggler - Corretoras\Bobina Tungstenio\Gap100\Translado100_X=-14_#007.dat
Data.................: 26/01/2005
Hora.................: 14:36:40
Ganho................: 20
N. de Coletas........: 1
N. de Voltas.........: 10
Intervalo de Análise.: 4 - 8

-11600
-11325
-8350
-6125
-8450
-9075
-9075
-8175
-7250
-5300
-4275
-6925
-7250
-6400
-7150
-6900
-6450
-7150
-7775
-7275
-6175
-7600
-10075
-10050
-11025
-10050
-8375
-8750
-9650
-11800
-13200
-13075
-12550
-10950
-10900
-11700
-12775
-12925
-13200
-13200
-12450
-12925
-13325
-12800
-12325
-13375
-12500
-14550
-15475
-14275
-14575
-13000
-13350
-13875
-16775
-17600
-16650
-16725
-15050
-14775
-17975
-18800
-18850
-18125
-18625
-19225
-18200
-20750
-21150
-19700
-20075
-21075
-21600
-22475
-22975
-22150
-20900
-21875
-23450
-24050
-24500
-24450
-23900
-23625
-24500
-25375
-26000
-25500
-27100
-26075
-26125
-28275
-27500
-27325
-27200
-27975
-28250
-28625
-29025
-28550
-27650
-28400
-27300
-27575
-28300
-27700
-26925
-26175
-25000
-25375
-25625
-24825
-23150
-22200
-21875
-20350
-21050
-20975
-18775
-17125
-16425
-15675
-15875
-15100
-14750
-12125
-9900
-11250

-11025
-11000
-9975
-8975
-6750
-5450
-7500
-8150
-6825
-6925
-5550
-4550
-5350
-7000
-6975
-5225
-5950
-5925
-6125
-8225
-8550
-7300
-7200
-7675
-8500
-9900
-10850
-10850
-9050
-9675
-10250
-11325
-12125
-11875
-11500
-11250
-11225
-12325
-12575
-12325
-12075
-11700
-12825
-12600
-12600
-13750
-12600
-12075
-12400
-13900
-14900
-14575
-14625
-13600
-12900
-15275
-16850
-16450
-16225
-16100
-15925
-15875
-18700
-19350
-17700
-18400
-18425
-17850
-20325
-21250
-21100
-18550
-20300
-21350
-21225
-22700
-22400
-22225
-21400
-22625
-23550
-23600
-24300
-24550
-23650
-24050
-25450
-26125
-26050
-25675
-26225
-26475
-26525
-28275
-27350
-27100
-27775
-27450
-28025
-28475
-27925
-27900
-27675
-26825
-26550
-27500
-28075
-25625
-25200
-24900
-23800
-23925
-24325
-22850
-21050
-20500
-20000
-18700
-18925
-19425
-16150
-14175
-14775
-14250
-13825
-13700
-51000
-9875

-7950
-10250
-9775
-8900
-8575
-6750
-5075
-5375
-7625
-7250
-5225
-5625
-4750
-4175
-6050
-7525
-6375
-5250
-5950
-6475
-6300
-8750
-9175
-7475
-7475
-8850
-9300
-10750
-10475
-10675
-9325
-10075
-11350
-12050
-11675
-11800
-11150
-11025
-11475
-12400
-13200
-12275
-11925
-11800
-12100
-13225
-13675
-13450
-12150
-12075
-13700
-14225
-15075
-14800
-14525
-13900
-13850
-16150
-17625
-16225
-17000
-16475
-15950
-17600
-19825
-19450
-17900
-18700
-18950
-19350
-21225
-21225
-20450
-19900
-21025
-21800
-21700
-23200
-23325
-21450
-22425
-23100
-24150
-24825
-24475
-24175
-24600
-24925
-26450
-26250
-25850
-26625
-26975
-26750
-27425
-28275
-27925
-27400
-27550
-27475
-27550
-28950
-27750
-27100
-26650
-26175
-26325
-26825
-25850
-24625
-24175
-23275
-22125
-22975
-23125
-20350
-19025
-19100
-17625
-17475
-18125
-16325
-13800
-12725
-13125
-12300
-12175
-12125

-10025
-7475
-7400
-8675
-8675
-7300
-7175
-5475
-4150
-5975
-6800
-5975
-5075
-5375
-4400
-4550
-6925
-7575
-5825
-5850
-6625
-6450
-8150
-9550
-8900
-7400
-8300
-9650
-10225
-11275
-10950
-9950
-10000
-10625
-11400
-12525
-11925
-11950
-10675
-10900
-11850
-12650
-13175
-12025
-11200
-12100
-12900
-13450
-13650
-12900
-13100
-12275
-14100
-15050
-15100
-15100
-14325
-14225
-15225
-17400
-18075
-16525
-16700
-17050
-16625
-19350
-19925
-19175
-18575
-19125
-19775
-19300
-21750
-21625
-20450
-20675
-21400
-22050
-22925
-23250
-22850
-21825
-22925
-24450
-24925
-24150
-24825
-24575
-25225
-25100
-26625
-27200
-26225
-26850
-26725
-26750
-27875
-28150
-27850
-27325
-26800
-27750
-27700
-27900
-27075
-26625
-26100
-24550
-25425
-26400
-24500
-22925
-22775
-21200
-20825
-21950
-21050
-18500
-17075
-17250
-15825
-15825
-16600
-14200
-11675
-11525
-11350
-11200

-10350
-10575
-7950
-6000
-7725
-7375
-7650
-6325
-5900
-4525
-3850
-6300
-6900
-5450
-5550
-4525
-4475
-5800
-7900
-7550
-6075
-6875
-7025
-7175
-9325
-9900
-8875
-8875
-9250
-10175
-10700
-11400
-11150
-10000
-10550
-11150
-11900
-12425
-11700
-10800
-11050
-11525
-12525
-13050
-12750
-11975
-11175
-12525
-12850
-13425
-14550
-13450
-12350
-13225
-14650
-15975
-15350
-15575
-15050
-14200
-17075
-18150
-17450
-17200
-17450
-17475
-17375
-20125
-20725
-18700
-19200
-19500
-19625
-21325
-22300
-21800
-19900
-21325
-22225
-22300
-23675
-23775
-22775
-22750
-23825
-24550
-25175
-25075
-25600
-24600
-24975
-26950
-27350
-27025
-26600
-26725
-26875
-27100
-28600
-27575
-27575
-26900
-27150
-26500
-27450
-27275
-26650
-25100
-24025
-24175
-24800
-24700
-22700
-21575
-20800
-19175
-19675
-20775
-18425
-16675
-15475
-14875
-13800
-14925
-14750
-11475
-9525
-10400

-9475
-9625
-9700
-8425
-5925
-5150
-7050
-6775
-6125
-6475
-4725
-3500
-4325
-6650
-6300
-5125
-5600
-4925
-4675
-6975
-8500
-7200
-6775
-7350
-7375
-8100
-10450
-10575
-8750
-9325
-9625
-10475
-11375
-11425
-10850
-10400
-10875
-11450
-12425
-12025
-11875
-10475
-11200
-11750
-12950
-13350
-12550
-11325
-11800
-12600
-13975
-14075
-14325
-13375
-12550
-14875
-15450
-16075
-15750
-15800
-15225
-15675
-17600
-19050
-17375
-18025
-17725
-17275
-19075
-21275
-20650
-18450
-20150
-20300
-20225
-22175
-22700
-21100
-21025
-21925
-23100
-22600
-24200
-24150
-22950
-23150
-24600
-25325
-25950
-25450
-25425
-25650
-26025
-27300
-27750
-26650
-26725
-26925
-27100
-27325
-28325
-27825
-26550
-26100
-26250
-26350
-27000
-25975
-24475
-24025
-23200
-23100
-23725
-22475
-20875
-19750
-18950
-17850
-18125
-18775
-16025
-14125
-14150
-13025
-12575
-13575
-11875
-9050

-8350
-8850
-8400
-8075
-8900
-6100
-4650
-4850
-6150
-6250
-5325
-5375
-4275
-3175
-5575
-6225
-5900
-5525
-5300
-5350
-5600
-8075
-8525
-7500
-7375
-7875
-8275
-9825
-10475
-10225
-9125
-9525
-10275
-11050
-11675
-11125
-10500
-10700
-10900
-11525
-12625
-11800
-11225
-11000
-11400
-12225
-13025
-13375
-11775
-11550
-12750
-13500
-14075
-14625
-14400
-13175
-13700
-15350
-16175
-15775
-17050
-16025
-15200
-16800
-18650
-19125
-17850
-18300
-18475
-17700
-20300
-21075
-20050
-19725
-20150
-20825
-20625
-22950
-22500
-21450
-21800
-22300
-22925
-23975
-24550
-23475
-23450
-24400
-25450
-25275
-25850
-26225
-25375
-26125
-26425
-27450
-27625
-27100
-26725
-26475
-26850
-27950
-27625
-26775
-25825
-25475
-25600
-25700
-25350
-24775
-23475
-22825
-21250
-21825
-22500
-20400
-18700
-18325
-16750
-16175
-17250
-16375
-13850
-12150
-12600
-10900
-11175
-11900

-9850
-7450
-6825
-7750
-7300
-7225
-7225
-5175
-3375
-5025
-5650
-5625
-5325
-5125
-3675
-3475
-5900
-7025
-5900
-5975
-5850
-5650
-6775
-8800
-8975
-7375
-8075
-8775
-8825
-10325
-10750
-10100
-9325
-9725
-10750
-11325
-11725
-11350
-10725
-10025
-11000
-12075
-12900
-11725
-10925
-11675
-11400
-12575
-13700
-12825
-12150
-12300
-13275
-13675
-14475
-15200
-14575
-13650
-14425
-16250
-16725
-16750
-17000
-16350
-15875
-18500
-19450
-18625
-18775
-18875
-18925
-18400
-21350
-21750
-19925
-20475
-20700
-21150
-22000
-23550
-22575
-21325
-22650
-23450
-23825
-24400
-24650
-24175
-24550
-24800
-25675
-26850
-26275
-26300
-25825
-26300
-26975
-27650
-28050
-26725
-26200
-27100
-26875
-27025
-27050
-26000
-25300
-24125
-24250
-25675
-24250
-22975
-22000
-20700
-19950
-20975
-20575
-18325
-16950
-16825
-14800
-14450
-15925
-14050
-11175
-11150
-10400
-9675

