Total Power: 0.121713 Watts
distance  0.05
-100  0
-98  0
-96  0
-94  0
-92  0
-90  0
-88  0
-86  0
-84  0
-82  0
-80  0
-78  0
-76  0
-74  0
-72  0
-70  0
-68  0
-66  0
-64  0
-62  0
-60  0
-58  0
-56  0
-54  2.48986e-316
-52  5.58032e-294
-50  1.80747e-272
-48  8.46203e-252
-46  5.72736e-232
-44  5.60561e-213
-42  7.93647e-195
-40  1.62613e-177
-38  4.82439e-161
-36  2.07395e-145
-34  1.29305e-130
-32  1.17057e-116
-30  1.54103e-103
-28  2.9563e-091
-26  8.28763e-080
-24  3.40863e-069
-22  2.0689e-059
-20  1.87021e-050
-18  2.55757e-042
-16  5.4543e-035
-14  1.94391e-028
-12  1.36909e-022
-10  2.5579e-017
-8  1.43145e-012
-6  1.54128e-008
-4  2.01329e-005
-2  0.00300586
0  0.0833907
2  0.00378127
4  3.26712e-005
6  2.53836e-008
8  1.52279e-012
10  1.69679e-017
12  1.08504e-022
14  1.76786e-028
16  5.18837e-035
18  2.47396e-042
20  1.82377e-050
22  2.02709e-059
24  3.35016e-069
26  8.16355e-080
28  2.9169e-091
30  1.52247e-103
32  1.15768e-116
34  1.27992e-130
36  2.05439e-145
38  4.78186e-161
40  1.61266e-177
42  7.87446e-195
44  5.56414e-213
46  5.68711e-232
48  8.40538e-252
50  1.79592e-272
52  5.54618e-294
54  2.47525e-316
56  0
58  0
60  0
62  0
64  0
66  0
68  0
70  0
72  0
74  0
76  0
78  0
80  0
82  0
84  0
86  0
88  0
90  0
92  0
94  0
96  0
98  0
100  0

distance  0.1
-100  0
-98  0
-96  0
-94  0
-92  0
-90  0
-88  0
-86  0
-84  0
-82  0
-80  0
-78  0
-76  0
-74  0
-72  0
-70  0
-68  0
-66  0
-64  0
-62  0
-60  0
-58  0
-56  0
-54  1.69135e-308
-52  1.02432e-286
-50  9.41859e-266
-48  1.31509e-245
-46  2.78891e-226
-44  8.98545e-208
-42  4.39972e-190
-40  3.27554e-173
-38  3.7099e-157
-36  6.39702e-142
-34  1.68086e-127
-32  6.73824e-114
-30  4.12771e-101
-28  3.87205e-089
-26  5.57829e-078
-24  1.23932e-067
-22  4.27208e-058
-20  2.30707e-049
-18  1.9847e-041
-16  2.81092e-034
-14  7.07054e-028
-12  3.77633e-022
-10  5.69575e-017
-8  2.57983e-012
-6  2.21692e-008
-4  2.40589e-005
-2  0.00318608
0  0.0800751
2  0.00398957
4  3.8812e-005
6  3.70804e-008
8  2.90913e-012
10  3.82573e-017
12  2.90732e-022
14  6.35245e-028
16  2.66139e-034
18  1.91543e-041
20  2.24664e-049
22  4.18165e-058
24  1.21716e-067
26  5.4915e-078
28  3.81854e-089
30  4.07626e-101
32  6.66157e-114
34  1.66324e-127
36  6.33477e-142
38  3.67619e-157
40  3.24759e-173
42  4.36432e-190
44  8.91702e-208
46  2.76874e-226
48  1.30603e-245
50  9.35665e-266
52  1.01787e-286
54  1.68115e-308
56  0
58  0
60  0
62  0
64  0
66  0
68  0
70  0
72  0
74  0
76  0
78  0
80  0
82  0
84  0
86  0
88  0
90  0
92  0
94  0
96  0
98  0
100  0

distance  0.3
-100  0
-98  0
-96  0
-94  0
-92  0
-90  0
-88  0
-86  0
-84  0
-82  0
-80  0
-78  0
-76  0
-74  0
-72  0
-70  0
-68  0
-66  0
-64  0
-62  0
-60  0
-58  1.25493e-321
-56  1.96538e-300
-54  5.58804e-280
-52  2.88648e-260
-50  2.7092e-241
-48  4.62126e-223
-46  1.43297e-205
-44  8.08002e-189
-42  8.28821e-173
-40  1.5474e-157
-38  5.26162e-143
-36  3.2611e-129
-34  3.68798e-116
-32  7.62048e-104
-30  2.88218e-092
-28  2.00011e-081
-26  2.55524e-071
-24  6.03888e-062
-22  2.65964e-053
-20  2.20942e-045
-18  3.53938e-038
-16  1.14539e-031
-14  8.33148e-026
-12  1.67799e-020
-10  1.14029e-015
-8  2.23841e-011
-6  8.27615e-008
-4  4.58809e-005
-2  0.00394256
0  0.0694662
2  0.00485838
4  7.21153e-005
6  1.44082e-007
8  3.06206e-011
10  8.94316e-016
12  1.15274e-020
14  6.99195e-026
16  1.05616e-031
18  3.37501e-038
20  2.13685e-045
22  2.59143e-053
24  5.9108e-062
26  2.50876e-071
28  1.96813e-081
30  2.84094e-092
32  7.52154e-104
34  3.64407e-116
36  3.22519e-129
38  5.20768e-143
40  1.53255e-157
42  8.21332e-173
44  8.01104e-189
46  1.42137e-205
48  4.58567e-223
50  2.6893e-241
52  2.86621e-260
54  5.55044e-280
56  1.95269e-300
58  1.24999e-321
60  0
62  0
64  0
66  0
68  0
70  0
72  0
74  0
76  0
78  0
80  0
82  0
84  0
86  0
88  0
90  0
92  0
94  0
96  0
98  0
100  0

distance  0.5
-100  0
-98  0
-96  0
-94  0
-92  0
-90  0
-88  0
-86  0
-84  0
-82  0
-80  0
-78  0
-76  0
-74  0
-72  0
-70  0
-68  0
-66  0
-64  0
-62  0
-60  3.69632e-313
-58  3.26427e-293
-56  6.11473e-274
-54  2.42991e-255
-52  2.04874e-237
-50  3.66565e-220
-48  1.39214e-203
-46  1.12257e-187
-44  1.92264e-172
-42  6.99743e-158
-40  5.41483e-144
-38  8.91558e-131
-36  3.12629e-118
-34  2.3374e-106
-32  3.73184e-095
-30  1.27492e-084
-28  9.34571e-075
-26  1.47573e-065
-24  5.0486e-057
-22  3.77615e-049
-20  6.27251e-042
-18  2.38539e-035
-16  2.21824e-029
-14  5.7902e-024
-12  5.16766e-019
-10  1.66068e-014
-8  1.4595e-010
-6  2.55916e-007
-4  7.9857e-005
-2  0.00474671
0  0.0616641
2  0.00577877
4  0.000122114
6  4.52008e-007
8  2.27885e-010
10  1.64341e-014
12  3.43038e-019
14  4.39378e-024
16  1.95494e-029
18  2.23131e-035
20  6.007e-042
22  3.65697e-049
24  4.92046e-057
26  1.44419e-065
28  9.17231e-075
30  1.25394e-084
32  3.67653e-095
34  2.30581e-106
36  3.08739e-118
38  8.81264e-131
40  5.35645e-144
42  6.9266e-158
44  1.90429e-172
46  1.11242e-187
48  1.38019e-203
50  3.63568e-220
52  2.03275e-237
54  2.41174e-255
56  6.07088e-274
58  3.24178e-293
60  3.6718e-313
62  0
64  0
66  0
68  0
70  0
72  0
74  0
76  0
78  0
80  0
82  0
84  0
86  0
88  0
90  0
92  0
94  0
96  0
98  0
100  0

distance  1
-100  0
-98  0
-96  0
-94  0
-92  0
-90  0
-88  0
-86  0
-84  0
-82  0
-80  0
-78  0
-76  0
-74  0
-72  0
-70  0
-68  1.58101e-322
-66  2.39768e-304
-64  1.03687e-286
-62  1.29195e-269
-60  4.63874e-253
-58  4.79996e-237
-56  1.4316e-221
-54  1.23091e-206
-52  3.05178e-192
-50  2.18231e-178
-48  4.50253e-165
-46  2.68133e-152
-44  4.61116e-140
-42  2.2914e-128
-40  3.29268e-117
-38  1.36953e-106
-36  1.65081e-096
-34  5.77584e-087
-32  5.87816e-078
-30  1.74515e-069
-28  1.51768e-061
-26  3.89023e-054
-24  2.96868e-047
-22  6.86457e-041
-20  4.97701e-035
-18  1.2109e-029
-16  1.10991e-024
-14  4.30576e-020
-12  6.91768e-016
-10  3.79105e-012
-8  5.84158e-009
-6  2.32122e-006
-4  0.000237367
-2  0.00689744
0  0.0486397
2  0.00829329
4  0.000340217
6  4.00628e-006
8  1.0612e-008
10  5.81515e-012
12  7.04968e-016
14  2.94155e-020
16  7.82269e-025
18  1.0048e-029
20  4.50729e-035
22  6.45649e-041
24  2.84214e-047
26  3.7604e-054
28  1.47576e-061
30  1.70381e-069
32  5.75574e-078
34  5.66817e-087
36  1.62289e-096
38  1.34829e-106
40  3.24544e-117
42  2.26078e-128
44  4.55344e-140
46  2.64973e-152
48  4.45237e-165
50  2.15924e-178
52  3.02107e-192
54  1.21909e-206
56  1.41844e-221
58  4.75767e-237
60  4.59947e-253
62  1.28142e-269
64  1.02872e-286
66  2.3795e-304
68  1.58101e-322
70  0
72  0
74  0
76  0
78  0
80  0
82  0
84  0
86  0
88  0
90  0
92  0
94  0
96  0
98  0
100  0

distance  2
-100  0
-98  0
-96  0
-94  0
-92  0
-90  0
-88  0
-86  0
-84  0
-82  3.01874e-321
-80  3.38805e-306
-78  1.62281e-291
-76  3.31494e-277
-74  2.88802e-263
-72  1.07317e-249
-70  1.70105e-236
-68  1.15024e-223
-66  3.3184e-211
-64  4.08508e-199
-62  2.14621e-187
-60  4.8131e-176
-58  4.60848e-165
-56  1.88445e-154
-54  3.2919e-144
-52  2.45757e-134
-50  7.84446e-125
-48  1.07117e-115
-46  6.26167e-107
-44  1.56829e-098
-42  1.68476e-090
-40  7.77355e-083
-38  1.54336e-075
-36  1.3218e-068
-34  4.90055e-062
-32  7.90656e-056
-30  5.59758e-050
-28  1.76327e-044
-26  2.53163e-039
-24  1.7251e-034
-22  5.91252e-030
-20  1.07672e-025
-18  1.04773e-021
-16  5.10441e-018
-14  1.13133e-014
-12  1.0578e-011
-10  4.01276e-009
-8  6.10639e-007
-6  3.7529e-005
-4  0.000962165
-2  0.0109358
0  0.034696
2  0.013039
4  0.00126508
6  5.78492e-005
8  1.09271e-006
10  7.75289e-009
12  1.97108e-011
14  1.7741e-014
16  5.86517e-018
18  8.32494e-022
20  7.07636e-026
22  4.18178e-030
24  1.38978e-034
26  2.22026e-039
28  1.61797e-044
30  5.2615e-050
32  7.53498e-056
34  4.71066e-062
36  1.27802e-068
38  1.49854e-075
40  7.57188e-083
42  1.64516e-090
44  1.53454e-098
46  6.13714e-107
48  1.05135e-115
50  7.70853e-125
52  2.4175e-134
54  3.24117e-144
56  1.8569e-154
58  4.54435e-165
60  4.74916e-176
62  2.11892e-187
64  4.03527e-199
66  3.27952e-211
68  1.13726e-223
70  1.68254e-236
72  1.06189e-249
74  2.85866e-263
76  3.28231e-277
78  1.60732e-291
80  3.35666e-306
82  2.9891e-321
84  0
86  0
88  0
90  0
92  0
94  0
96  0
98  0
100  0

distance  5
-100  1.26612e-210
-98  1.2666e-202
-96  8.75471e-195
-94  4.18135e-187
-92  1.38006e-179
-90  3.14794e-172
-88  4.96306e-165
-86  5.40898e-158
-84  4.07554e-151
-82  2.12337e-144
-80  7.65089e-138
-78  1.90693e-131
-76  3.28849e-125
-74  3.9248e-119
-72  3.24297e-113
-70  1.85584e-107
-68  7.35899e-102
-66  2.02316e-096
-64  3.85914e-091
-62  5.11216e-086
-60  4.70858e-081
-58  3.02022e-076
-56  1.35203e-071
-54  4.23656e-067
-52  9.33054e-063
-50  1.45256e-058
-48  1.61074e-054
-46  1.28471e-050
-44  7.45236e-047
-42  3.1767e-043
-40  1.00131e-039
-38  2.33184e-036
-36  3.97753e-033
-34  4.89983e-030
-32  4.29042e-027
-30  2.63163e-024
-28  1.11758e-021
-26  3.25883e-019
-24  6.49131e-017
-22  8.81024e-015
-20  8.14243e-013
-18  5.1273e-011
-16  2.20271e-009
-14  6.46816e-008
-12  1.30197e-006
-10  1.80443e-005
-8  0.000173069
-6  0.00114279
-4  0.00497718
-2  0.0130892
0  0.0190008
2  0.014597
4  0.00608309
6  0.0015
8  0.00024377
10  2.77588e-005
12  2.21669e-006
14  1.21676e-007
16  4.51264e-009
18  1.1172e-010
20  1.83085e-012
22  1.97481e-014
24  1.39723e-016
26  6.47658e-019
28  1.96947e-021
30  3.9502e-024
32  5.29192e-027
34  4.85823e-030
36  3.19981e-033
38  1.61096e-036
40  6.52362e-040
42  2.12562e-043
44  5.3449e-047
46  9.9231e-051
48  1.32284e-054
50  1.24838e-058
52  8.28085e-063
54  3.84563e-067
56  1.24705e-071
58  2.81822e-076
60  4.43186e-081
62  4.84379e-086
64  3.67575e-091
66  1.93518e-096
68  7.06353e-102
70  1.78654e-107
72  3.12966e-113
74  3.79582e-119
76  3.18638e-125
78  1.85077e-131
80  7.43649e-138
82  2.06658e-144
84  3.97123e-151
86  5.27619e-158
88  4.84594e-165
90  3.07641e-172
92  1.34981e-179
94  4.09278e-187
96  8.57527e-195
98  1.24144e-202
100  1.24173e-210

distance  8
-100  8.25621e-121
-98  2.41423e-116
-96  5.76046e-112
-94  1.12197e-107
-92  1.78464e-103
-90  2.31959e-099
-88  2.46528e-095
-86  2.14435e-091
-84  1.52819e-087
-82  8.93541e-084
-80  4.29392e-080
-78  1.6995e-076
-76  5.55433e-073
-74  1.5034e-069
-72  3.38115e-066
-70  6.33897e-063
-68  9.9354e-060
-66  1.30444e-056
-64  1.43552e-053
-62  1.32287e-050
-60  1.01826e-047
-58  6.52252e-045
-56  3.46155e-042
-54  1.51506e-039
-52  5.44495e-037
-50  1.60057e-034
-48  3.83576e-032
-46  7.47442e-030
-44  1.1819e-027
-42  1.51439e-025
-40  1.5709e-023
-38  1.3186e-021
-36  8.95561e-020
-34  4.92252e-018
-32  2.19069e-016
-30  7.89816e-015
-28  2.30835e-013
-26  5.47265e-012
-24  1.05319e-010
-22  1.64637e-009
-20  2.09218e-008
-18  2.16318e-007
-16  1.82118e-006
-14  1.2485e-005
-12  6.95357e-005
-10  0.000312485
-8  0.00111856
-6  0.00313252
-4  0.00672971
-2  0.0108999
0  0.013149
2  0.0117495
4  0.00779113
6  0.00387014
8  0.00146424
10  0.000431296
12  0.000101193
14  1.92558e-005
16  2.99927e-006
18  3.82729e-007
20  3.98582e-008
22  3.37031e-009
24  2.30313e-010
26  1.26712e-011
28  5.59589e-013
30  1.97898e-014
32  5.59406e-016
34  1.26212e-017
36  2.27034e-019
38  3.25366e-021
40  3.71322e-023
42  3.37428e-025
44  2.44223e-027
46  1.40905e-029
48  6.49056e-032
50  2.39357e-034
52  7.09863e-037
54  1.70517e-039
56  3.35362e-042
58  5.48233e-045
60  7.58815e-048
62  9.05405e-051
64  9.41932e-054
66  8.54565e-057
68  6.69478e-060
70  4.46463e-063
72  2.50077e-066
74  1.16472e-069
76  4.48044e-073
78  1.41763e-076
80  3.67989e-080
82  7.82428e-084
84  1.36121e-087
86  1.93619e-091
88  2.25039e-095
90  2.13621e-099
92  1.65553e-103
94  1.0471e-107
96  5.40345e-112
98  2.27442e-116
100  7.8071e-121

distance  10
-100  2.40646e-090
-98  4.72025e-087
-96  8.0476e-084
-94  1.19453e-080
-92  1.54634e-077
-90  1.74873e-074
-88  1.73021e-071
-86  1.49944e-068
-84  1.13885e-065
-82  7.58055e-063
-80  4.41882e-060
-78  2.25262e-057
-76  1.00236e-054
-74  3.88465e-052
-72  1.3081e-049
-70  3.81825e-047
-68  9.63948e-045
-66  2.10053e-042
-64  3.94387e-040
-62  6.37061e-038
-60  8.84226e-036
-58  1.05351e-033
-56  1.07667e-031
-54  9.43304e-030
-52  7.08271e-028
-50  4.55672e-026
-48  2.5119e-024
-46  1.1866e-022
-44  4.80465e-021
-42  1.66806e-019
-40  4.96731e-018
-38  1.26932e-016
-36  2.78449e-015
-34  5.24599e-014
-32  8.49162e-013
-30  1.18141e-011
-28  1.41324e-010
-26  1.45412e-009
-24  1.28737e-008
-22  9.80937e-008
-20  6.43323e-007
-18  3.62925e-006
-16  1.7582e-005
-14  7.28975e-005
-12  0.000257277
-10  0.000767317
-8  0.0019176
-6  0.00398109
-4  0.00681255
-2  0.00954905
0  0.0109171
2  0.0101596
4  0.00769916
6  0.00476475
8  0.002421
10  0.00101779
12  0.000357428
14  0.000105956
16  2.67742e-005
18  5.81122e-006
20  1.08817e-006
22  1.76022e-007
24  2.45717e-008
26  2.95363e-009
28  3.0496e-010
30  2.69825e-011
32  2.04173e-012
34  1.31905e-013
36  7.26549e-015
38  3.4081e-016
40  1.36016e-017
42  4.61484e-019
44  1.33026e-020
46  3.25621e-022
48  6.76573e-024
50  1.19296e-025
52  1.78473e-027
54  2.26538e-029
56  2.43991e-031
58  2.23043e-033
60  1.73144e-035
62  1.14232e-037
64  6.41321e-040
66  3.06973e-042
68  1.25623e-044
70  4.41286e-047
72  1.33801e-049
74  3.52756e-052
76  8.15948e-055
78  1.67215e-057
80  3.06307e-060
82  5.04431e-063
84  7.47588e-066
86  9.93501e-069
88  1.17604e-071
90  1.2306e-074
92  1.13043e-077
94  9.06554e-081
96  6.32148e-084
98  3.8221e-087
100  1.99998e-090

distance  15
-100  1.18972e-050
-98  8.16194e-049
-96  5.15574e-047
-94  2.99825e-045
-92  1.60497e-043
-90  7.90757e-042
-88  3.58566e-040
-86  1.49633e-038
-84  5.74658e-037
-82  2.03106e-035
-80  6.6067e-034
-78  1.97796e-032
-76  5.45081e-031
-74  1.38279e-029
-72  3.22966e-028
-70  6.94575e-027
-68  1.37565e-025
-66  2.50953e-024
-64  4.21737e-023
-62  6.53026e-022
-60  9.31813e-021
-58  1.22549e-019
-56  1.48573e-018
-54  1.66069e-017
-52  1.71164e-016
-50  1.62693e-015
-48  1.42629e-014
-46  1.15339e-013
-44  8.60414e-013
-42  5.92156e-012
-40  3.75994e-011
-38  2.20267e-010
-36  1.19048e-009
-34  5.93542e-009
-32  2.72924e-008
-30  1.15699e-007
-28  4.51936e-007
-26  1.62534e-006
-24  5.37629e-006
-22  1.6336e-005
-20  4.5528e-005
-18  0.000116187
-16  0.000271025
-14  0.000576814
-12  0.00111804
-10  0.00197035
-8  0.00315225
-6  0.00457205
-4  0.00600529
-2  0.00713701
0  0.00767012
2  0.00745169
4  0.00654426
6  0.00519675
8  0.00373348
10  0.00242875
12  0.00143236
14  0.000766944
16  0.000373498
18  0.000165768
20  6.71979e-005
22  2.49368e-005
24  8.4904e-006
26  2.65778e-006
28  7.66269e-007
30  2.03757e-007
32  5.00165e-008
34  1.13394e-008
36  2.37454e-009
38  4.59174e-010
40  8.19581e-011
42  1.3495e-011
44  2.04858e-012
46  2.86524e-013
48  3.69014e-014
50  4.37384e-015
52  4.76885e-016
54  4.78087e-017
56  4.4053e-018
58  3.72971e-019
60  2.90051e-020
62  2.07138e-021
64  1.35809e-022
66  8.1732e-024
68  4.51409e-025
70  2.28767e-026
72  1.06366e-027
74  4.53672e-029
76  1.77487e-030
78  6.36854e-032
80  2.09568e-033
82  6.32411e-035
84  1.75001e-036
86  4.44054e-038
88  1.03318e-039
90  2.20427e-041
92  4.31227e-043
94  7.73602e-045
96  1.27271e-046
98  1.92034e-048
100  2.65781e-050

distance  20
-100  7.44019e-033
-98  1.03481e-031
-96  1.36744e-030
-94  1.71696e-029
-92  2.04853e-028
-90  2.32271e-027
-88  2.50292e-026
-86  2.56349e-025
-84  2.49566e-024
-82  2.3096e-023
-80  2.03197e-022
-78  1.69964e-021
-76  1.35172e-020
-74  1.02218e-019
-72  7.35036e-019
-70  5.02631e-018
-68  3.26867e-017
-66  2.02157e-016
-64  1.1891e-015
-62  6.65221e-015
-60  3.53951e-014
-58  1.79122e-013
-56  8.62149e-013
-54  3.94666e-012
-52  1.7182e-011
-50  7.11351e-011
-48  2.80039e-010
-46  1.04815e-009
-44  3.72924e-009
-42  1.26101e-008
-40  4.05139e-008
-38  1.23634e-007
-36  3.5823e-007
-34  9.85133e-007
-32  2.57e-006
-30  6.35709e-006
-28  1.49017e-005
-26  3.30843e-005
-24  6.95289e-005
-22  0.000138234
-20  0.000259851
-18  0.000461586
-16  0.000774409
-14  0.00122649
-12  0.00183288
-10  0.00258348
-8  0.00343336
-6  0.00430073
-4  0.00507649
-2  0.00564541
0  0.00591393
2  0.00583535
4  0.00542323
6  0.00474748
8  0.00391494
10  0.00304168
12  0.00222703
14  0.00153705
16  0.00100036
18  0.00061421
20  0.000355945
22  0.000194803
24  0.000100745
26  4.92667e-005
28  2.27978e-005
30  9.98993e-006
32  4.14841e-006
34  1.63369e-006
36  6.10567e-007
38  2.16697e-007
40  7.30765e-008
42  2.34274e-008
44  7.14263e-009
46  2.0716e-009
48  5.7167e-010
50  1.50111e-010
52  3.75061e-011
54  8.91626e-012
56  2.01648e-012
58  4.3377e-013
60  8.8734e-014
62  1.72579e-014
64  3.1905e-015
66  5.60537e-016
68  9.35687e-017
70  1.48372e-017
72  2.23451e-018
74  3.19557e-019
76  4.3389e-020
78  5.59256e-021
80  6.84199e-022
82  7.94402e-023
84  8.75257e-024
86  9.15004e-025
88  9.0753e-026
90  8.53908e-027
92  7.62148e-028
94  6.45228e-029
96  5.18089e-030
98  3.94536e-031
100  2.84927e-032

